[0, 0, 0, 0, 0, 0, 0, 0, 0, 0, 0, 0, 0, 0, 0, 0, 0, 0, 0, 0, 0, 0, 0, 0, 0, 0, 0, 0, 0, 0, 0, 0, 0, 0, 0, 0, 0, 0, 0, 0, 0, 0, 0, 0, 0, 0, 0, 0, 0, 0, 0, 0, 0, 0, 0, 0, 0, 0, 0, 0, 0]
[0, 530, 525, 521, 518, 515, 511, 508, 505, 502, 500, 498, 496, 493, 491, 489, 487, 486, 485, 484, 483, 482, 481, 481, 480, 479, 479, 479, 479, 479, 480, 480, 481, 482, 482, 482, 484, 485, 488, 489, 490, 492, 497, 497, 500, 503, 506, 509, 516, 517, 520, 524, 529, 533, 544, 545, 549, 553, 558, 564, 571]
[0, 530, 525, 521, 518, 515, 511, 508, 505, 502, 500, 498, 496, 493, 491, 489, 487, 486, 485, 484, 483, 482, 482, 481, 481, 480, 479, 479, 479, 480, 480, 480, 481, 481, 482, 483, 484, 485, 487, 489, 491, 493, 494, 496, 500, 503, 506, 510, 513, 516, 520, 525, 530, 536, 540, 544, 550, 555, 560, 566, 572]
[0, 528, 523, 520, 517, 513, 511, 507, 505, 501, 500, 499, 497, 495, 493, 491, 489, 487, 486, 484, 483, 482, 482, 481, 481, 480, 479, 479, 479, 479, 480, 480, 481, 481, 482, 483, 484, 485, 487, 489, 491, 493, 494, 496, 500, 503, 506, 510, 513, 517, 521, 525, 530, 535, 540, 545, 550, 555, 560, 566, 572]
[0, 531, 527, 523, 519, 515, 512, 509, 506, 503, 500, 498, 496, 494, 492, 490, 487, 486, 485, 484, 483, 482, 481, 481, 480, 480, 480, 479, 479, 480, 480, 480, 481, 482, 482, 483, 484, 486, 487, 489, 492, 494, 496, 499, 502, 505, 508, 511, 514, 518, 522, 527, 531, 536, 541, 546, 552, 557, 563, 569, 575]
[0, 528, 524, 520, 519, 515, 512, 510, 506, 504, 501, 499, 496, 494, 492, 490, 488, 486, 485, 484, 483, 482, 482, 481, 480, 479, 479, 479, 479, 479, 480, 480, 481, 482, 483, 483, 484, 485, 487, 490, 492, 494, 495, 498, 500, 503, 505, 509, 512, 516, 520, 525, 528, 533, 538, 543, 549, 554, 558, 564, 571]
[0, 529, 524, 521, 517, 514, 511, 508, 505, 502, 500, 498, 496, 495, 493, 491, 489, 487, 486, 485, 484, 483, 482, 481, 480, 480, 479, 479, 479, 479, 480, 481, 481, 482, 482, 483, 485, 485, 486, 488, 489, 494, 497, 500, 500, 505, 505, 511, 515, 516, 523, 527, 532, 533, 542, 547, 553, 554, 563, 570, 577]
[0, 529, 525, 522, 517, 514, 511, 508, 505, 502, 500, 500, 497, 495, 493, 491, 489, 487, 486, 484, 484, 483, 482, 481, 480, 480, 480, 479, 479, 480, 480, 480, 481, 481, 482, 483, 484, 485, 487, 489, 491, 493, 495, 497, 500, 503, 506, 510, 513, 517, 521, 525, 529, 535, 541, 545, 551, 556, 561, 567, 573]
[0, 533, 529, 525, 521, 518, 514, 511, 509, 506, 500, 504, 501, 500, 498, 496, 494, 493, 491, 489, 488, 487, 486, 485, 480, 480, 480, 479, 479, 480, 480, 480, 481, 482, 482, 483, 485, 486, 487, 489, 491, 494, 496, 499, 501, 503, 506, 510, 514, 517, 521, 525, 530, 536, 541, 545, 551, 556, 561, 567, 573]
[0, 536, 531, 528, 525, 521, 518, 514, 512, 509, 506, 504, 502, 499, 498, 496, 494, 493, 491, 489, 488, 488, 486, 485, 485, 484, 484, 484, 484, 484, 484, 484, 485, 486, 487, 488, 490, 492, 493, 495, 498, 500, 502, 505, 507, 510, 513, 517, 521, 524, 529, 533, 537, 542, 547, 552, 557, 563, 569, 575, 582]
[0, 534, 531, 526, 522, 519, 516, 513, 510, 508, 505, 503, 501, 498, 497, 495, 494, 494, 490, 488, 488, 487, 486, 486, 485, 485, 484, 484, 485, 485, 485, 485, 486, 487, 488, 489, 491, 492, 494, 496, 498, 501, 503, 505, 508, 511, 514, 518, 521, 525, 530, 534, 538, 544, 549, 554, 559, 564, 570, 576, 583]
[0, 533, 529, 525, 522, 518, 516, 512, 510, 509, 507, 504, 502, 500, 498, 496, 494, 493, 491, 489, 488, 487, 486, 485, 485, 485, 484, 485, 485, 485, 486, 486, 485, 486, 488, 488, 490, 493, 495, 497, 499, 501, 502, 504, 507, 509, 512, 516, 519, 523, 532, 534, 536, 541, 546, 551, 556, 566, 572, 576, 586]
[0, 533, 536, 533, 525, 518, 519, 512, 516, 514, 511, 509, 506, 504, 502, 501, 499, 497, 496, 495, 494, 492, 491, 490, 485, 485, 484, 484, 484, 484, 484, 485, 485, 487, 488, 488, 490, 492, 494, 496, 498, 500, 502, 505, 507, 510, 513, 517, 520, 524, 528, 532, 536, 541, 546, 551, 561, 566, 573, 579, 586]
[0, 539, 534, 531, 527, 524, 521, 518, 515, 513, 510, 507, 505, 503, 501, 500, 498, 497, 496, 495, 494, 492, 491, 490, 490, 490, 489, 489, 489, 489, 490, 491, 492, 493, 494, 495, 496, 497, 499, 501, 504, 506, 508, 510, 513, 517, 520, 523, 527, 531, 536, 539, 543, 548, 554, 558, 563, 569, 576, 582, 588]
[0, 536, 534, 533, 525, 524, 519, 516, 515, 514, 511, 509, 506, 504, 502, 501, 499, 497, 496, 496, 494, 493, 491, 490, 490, 489, 489, 489, 489, 490, 490, 491, 491, 492, 494, 495, 497, 498, 500, 502, 504, 506, 509, 511, 514, 517, 521, 524, 528, 531, 536, 540, 545, 550, 554, 560, 564, 570, 576, 583, 589]
[0, 536, 537, 533, 530, 526, 522, 519, 516, 514, 511, 509, 506, 504, 502, 501, 499, 498, 496, 496, 494, 494, 492, 491, 490, 489, 489, 489, 489, 489, 490, 490, 491, 492, 493, 494, 495, 497, 499, 502, 505, 506, 508, 510, 512, 518, 522, 525, 529, 533, 537, 542, 546, 551, 556, 561, 566, 572, 579, 585, 591]
[0, 542, 537, 533, 529, 525, 522, 520, 517, 514, 511, 509, 507, 505, 503, 501, 499, 498, 497, 496, 495, 494, 493, 492, 490, 490, 491, 491, 491, 490, 491, 493, 493, 494, 494, 495, 497, 499, 502, 502, 505, 509, 508, 513, 512, 520, 522, 524, 532, 533, 539, 544, 549, 554, 558, 563, 569, 575, 581, 587, 594]
[0, 539, 537, 532, 528, 525, 525, 522, 518, 515, 514, 511, 509, 507, 504, 502, 501, 500, 499, 498, 497, 496, 495, 494, 491, 490, 490, 490, 491, 491, 491, 491, 492, 493, 495, 497, 498, 499, 501, 502, 505, 507, 509, 511, 515, 518, 521, 525, 528, 532, 536, 541, 545, 551, 556, 560, 566, 572, 578, 584, 591]
[0, 539, 535, 532, 532, 528, 525, 523, 519, 516, 513, 509, 509, 507, 505, 503, 501, 499, 498, 498, 497, 496, 495, 494, 494, 492, 492, 493, 493, 494, 494, 494, 494, 495, 497, 497, 498, 501, 504, 506, 508, 510, 512, 513, 515, 520, 524, 527, 532, 536, 540, 544, 549, 553, 558, 564, 570, 576, 582, 589, 595]
[0, 541, 538, 534, 530, 527, 523, 520, 518, 514, 512, 511, 508, 506, 504, 503, 501, 500, 498, 498, 497, 496, 495, 494, 494, 494, 493, 493, 493, 493, 493, 493, 495, 495, 496, 498, 500, 500, 502, 504, 506, 510, 512, 513, 519, 522, 524, 528, 532, 537, 542, 547, 552, 556, 561, 565, 571, 578, 584, 590, 595]
[0, 541, 537, 533, 530, 526, 523, 520, 517, 514, 512, 510, 508, 506, 504, 502, 501, 500, 498, 498, 497, 495, 495, 495, 493, 493, 493, 493, 493, 493, 494, 494, 494, 495, 497, 497, 498, 501, 503, 506, 508, 510, 512, 514, 517, 521, 524, 527, 531, 535, 539, 543, 548, 553, 558, 563, 568, 573, 579, 592, 598]
[0, 543, 538, 536, 532, 529, 526, 523, 520, 517, 514, 512, 510, 508, 506, 504, 502, 501, 500, 498, 497, 496, 496, 495, 494, 493, 493, 493, 492, 493, 494, 494, 495, 496, 497, 498, 500, 502, 503, 506, 508, 510, 512, 514, 517, 521, 524, 527, 531, 535, 539, 543, 548, 558, 563, 563, 568, 579, 586, 592, 598]
[0, 552, 548, 544, 540, 537, 534, 531, 528, 526, 523, 521, 519, 517, 514, 512, 511, 510, 509, 508, 507, 506, 505, 495, 495, 495, 495, 495, 495, 495, 496, 497, 498, 498, 499, 500, 502, 504, 505, 507, 509, 511, 514, 516, 519, 522, 525, 529, 537, 535, 541, 548, 554, 559, 564, 569, 575, 581, 587, 594, 600]
[0, 552, 548, 544, 540, 540, 537, 534, 531, 528, 526, 524, 521, 519, 517, 514, 512, 512, 510, 509, 509, 508, 507, 505, 505, 504, 504, 504, 505, 505, 506, 506, 507, 508, 510, 511, 513, 515, 517, 519, 521, 524, 527, 529, 532, 535, 539, 544, 548, 552, 557, 561, 565, 570, 577, 583, 588, 595, 601, 607, 614]
[0, 555, 551, 547, 543, 540, 537, 534, 530, 528, 526, 525, 521, 519, 517, 516, 513, 512, 512, 511, 510, 510, 509, 508, 505, 505, 505, 505, 506, 505, 506, 507, 507, 509, 510, 511, 513, 515, 517, 520, 521, 524, 527, 529, 530, 537, 539, 544, 548, 553, 557, 558, 562, 567, 578, 583, 584, 590, 602, 609, 614]
[0, 556, 552, 548, 545, 541, 537, 534, 531, 528, 526, 524, 521, 519, 517, 515, 514, 511, 511, 511, 509, 510, 508, 508, 507, 507, 506, 506, 507, 508, 508, 508, 510, 511, 511, 513, 514, 516, 518, 520, 522, 524, 527, 530, 533, 535, 539, 544, 548, 552, 557, 561, 565, 570, 577, 584, 590, 595, 602, 608, 615]
[0, 569, 564, 560, 557, 553, 550, 547, 544, 541, 538, 536, 534, 532, 530, 528, 526, 525, 523, 522, 521, 521, 521, 507, 507, 506, 506, 506, 507, 507, 508, 508, 509, 510, 511, 512, 514, 515, 517, 519, 521, 524, 526, 530, 534, 536, 539, 543, 547, 551, 556, 560, 564, 570, 576, 582, 588, 594, 600, 607, 614]
[0, 571, 566, 562, 559, 555, 552, 549, 546, 544, 541, 539, 537, 535, 533, 528, 529, 525, 527, 526, 525, 524, 523, 523, 519, 506, 519, 519, 519, 519, 520, 521, 522, 522, 523, 524, 526, 528, 530, 532, 534, 536, 539, 543, 545, 550, 553, 556, 560, 564, 569, 574, 580, 584, 589, 596, 602, 608, 615, 622, 628]
[0, 570, 565, 562, 559, 555, 552, 549, 546, 543, 541, 538, 537, 536, 534, 532, 530, 529, 527, 526, 525, 524, 523, 523, 522, 522, 522, 522, 522, 522, 522, 523, 524, 525, 525, 527, 530, 532, 534, 536, 539, 541, 544, 547, 550, 554, 557, 561, 564, 569, 574, 580, 585, 590, 595, 603, 609, 615, 621, 628, 635]
[0, 571, 566, 563, 559, 555, 552, 549, 546, 544, 541, 539, 537, 536, 534, 532, 531, 529, 527, 526, 525, 524, 523, 523, 523, 523, 522, 522, 522, 523, 523, 524, 524, 525, 527, 529, 530, 532, 534, 537, 539, 542, 545, 548, 551, 554, 557, 561, 564, 570, 574, 575, 586, 590, 597, 603, 609, 615, 621, 629, 637]
[0, 573, 568, 564, 561, 557, 553, 550, 547, 545, 542, 540, 538, 535, 533, 531, 529, 528, 526, 525, 525, 523, 522, 523, 522, 522, 522, 522, 522, 522, 522, 523, 524, 525, 525, 527, 530, 532, 534, 536, 539, 541, 544, 547, 550, 554, 557, 560, 564, 569, 574, 580, 585, 590, 595, 602, 609, 615, 621, 628, 635]
[0, 581, 576, 571, 568, 564, 561, 550, 555, 545, 553, 550, 548, 546, 544, 542, 540, 538, 537, 536, 535, 533, 533, 523, 522, 522, 522, 522, 522, 522, 523, 523, 525, 525, 526, 528, 530, 532, 534, 536, 538, 541, 543, 546, 550, 553, 556, 560, 564, 569, 573, 579, 584, 589, 595, 602, 607, 614, 620, 628, 635]
[0, 596, 592, 588, 584, 580, 576, 572, 568, 565, 563, 561, 559, 557, 555, 542, 551, 550, 537, 548, 547, 547, 546, 545, 533, 532, 532, 532, 532, 532, 533, 534, 535, 536, 538, 540, 530, 541, 543, 547, 538, 549, 553, 556, 559, 562, 565, 570, 574, 579, 584, 589, 594, 599, 604, 610, 616, 622, 629, 636, 645]
[0, 601, 597, 592, 589, 585, 581, 577, 574, 571, 568, 566, 564, 562, 555, 558, 556, 550, 555, 554, 553, 551, 551, 550, 544, 545, 545, 545, 545, 545, 545, 546, 547, 548, 550, 552, 554, 556, 556, 559, 561, 564, 567, 570, 575, 579, 582, 586, 591, 596, 601, 606, 611, 617, 623, 629, 616, 644, 651, 658, 666]
[0, 601, 597, 592, 589, 585, 581, 577, 574, 571, 568, 566, 564, 562, 560, 558, 556, 556, 555, 554, 552, 551, 551, 550, 549, 549, 549, 550, 551, 551, 551, 552, 553, 554, 556, 557, 558, 560, 562, 564, 567, 570, 574, 578, 581, 585, 588, 593, 591, 597, 602, 612, 618, 623, 623, 637, 616, 644, 658, 658, 665]
[0, 599, 595, 591, 588, 585, 583, 579, 576, 572, 570, 567, 565, 563, 562, 560, 558, 556, 555, 554, 552, 551, 550, 550, 549, 549, 549, 550, 551, 551, 551, 552, 553, 554, 556, 557, 558, 560, 562, 564, 567, 570, 574, 578, 581, 585, 589, 593, 591, 602, 602, 612, 618, 617, 624, 631, 637, 644, 651, 658, 665]
[0, 611, 607, 603, 598, 595, 592, 589, 586, 583, 581, 567, 578, 573, 562, 571, 568, 567, 566, 564, 563, 562, 561, 550, 549, 550, 551, 551, 551, 551, 552, 552, 554, 554, 555, 556, 558, 560, 561, 563, 566, 569, 572, 575, 578, 582, 587, 591, 596, 600, 605, 610, 614, 620, 626, 634, 641, 648, 654, 661, 670]
[0, 616, 612, 608, 604, 600, 597, 593, 591, 588, 586, 583, 580, 578, 562, 576, 574, 572, 570, 569, 568, 566, 565, 564, 560, 560, 560, 560, 561, 562, 562, 563, 564, 565, 566, 568, 570, 572, 574, 577, 580, 583, 572, 586, 594, 582, 601, 591, 606, 611, 615, 620, 625, 632, 639, 645, 651, 658, 666, 674, 682]
[0, 629, 623, 618, 615, 611, 608, 605, 601, 598, 595, 593, 591, 588, 562, 587, 585, 584, 582, 580, 580, 578, 577, 564, 564, 564, 564, 565, 565, 566, 566, 567, 568, 569, 571, 573, 575, 577, 580, 582, 585, 588, 591, 594, 598, 602, 606, 610, 614, 611, 625, 631, 625, 637, 644, 650, 656, 663, 671, 678, 687]
[0, 628, 623, 619, 615, 611, 609, 605, 602, 599, 596, 594, 592, 590, 588, 586, 584, 583, 582, 581, 579, 578, 577, 576, 576, 576, 576, 576, 576, 577, 578, 579, 580, 581, 584, 585, 587, 590, 580, 593, 596, 588, 599, 603, 606, 609, 614, 618, 622, 627, 632, 639, 645, 650, 656, 663, 669, 677, 684, 692, 701]
[0, 626, 621, 616, 613, 609, 609, 606, 603, 600, 597, 594, 592, 590, 588, 587, 585, 584, 582, 580, 579, 578, 577, 576, 576, 576, 576, 578, 578, 578, 579, 579, 580, 582, 583, 585, 587, 589, 590, 593, 596, 599, 602, 605, 609, 613, 617, 621, 626, 632, 637, 643, 649, 654, 660, 663, 675, 683, 684, 700, 701]
[0, 632, 627, 622, 618, 614, 611, 609, 603, 606, 602, 599, 597, 595, 593, 591, 589, 588, 587, 586, 585, 583, 582, 576, 576, 576, 576, 576, 576, 576, 577, 579, 580, 581, 582, 584, 586, 588, 590, 593, 596, 598, 600, 603, 608, 612, 615, 620, 624, 630, 636, 642, 647, 652, 660, 666, 673, 681, 689, 697, 705]
[0, 632, 627, 622, 618, 618, 614, 611, 609, 606, 602, 599, 597, 595, 593, 591, 589, 587, 587, 585, 584, 583, 582, 581, 581, 581, 582, 582, 582, 583, 577, 584, 584, 586, 587, 591, 586, 592, 594, 597, 599, 601, 605, 608, 612, 616, 620, 624, 630, 635, 640, 646, 651, 657, 663, 670, 678, 686, 694, 703, 710]
[0, 644, 640, 634, 630, 625, 621, 618, 616, 614, 602, 611, 608, 605, 603, 601, 600, 598, 596, 595, 594, 594, 593, 581, 581, 581, 582, 582, 582, 583, 577, 584, 584, 586, 587, 589, 591, 592, 594, 596, 599, 601, 605, 608, 612, 616, 620, 624, 629, 635, 640, 645, 651, 657, 663, 670, 678, 686, 694, 703, 710]
[0, 644, 639, 635, 630, 625, 621, 618, 616, 613, 611, 611, 608, 605, 603, 601, 600, 598, 596, 595, 594, 594, 593, 592, 591, 592, 592, 592, 592, 592, 593, 594, 596, 597, 598, 601, 602, 592, 606, 596, 609, 611, 615, 619, 622, 627, 631, 635, 640, 645, 651, 657, 662, 668, 675, 681, 690, 698, 706, 713, 721]
[0, 649, 645, 641, 630, 633, 621, 628, 625, 623, 619, 617, 615, 612, 610, 608, 606, 605, 604, 602, 602, 601, 600, 592, 591, 592, 592, 592, 592, 592, 593, 594, 596, 597, 598, 600, 602, 592, 606, 596, 609, 611, 615, 619, 622, 627, 631, 635, 640, 645, 651, 657, 662, 668, 675, 681, 689, 698, 706, 713, 721]
[0, 662, 658, 653, 648, 644, 640, 637, 633, 630, 626, 624, 621, 618, 617, 615, 613, 612, 611, 602, 608, 601, 607, 600, 599, 599, 599, 599, 600, 592, 601, 602, 604, 597, 605, 607, 609, 611, 613, 615, 617, 620, 625, 629, 633, 637, 642, 647, 651, 657, 662, 668, 674, 680, 688, 695, 703, 711, 719, 727, 736]
[0, 664, 659, 655, 651, 647, 643, 641, 638, 633, 630, 627, 625, 622, 617, 618, 616, 615, 611, 614, 614, 613, 611, 600, 607, 606, 606, 606, 607, 607, 608, 609, 610, 611, 613, 614, 616, 618, 620, 623, 626, 630, 633, 637, 642, 646, 650, 654, 659, 665, 671, 677, 682, 690, 698, 705, 712, 720, 728, 736, 746]
[0, 669, 663, 659, 655, 651, 648, 645, 642, 638, 635, 632, 629, 627, 625, 622, 616, 620, 619, 618, 616, 615, 615, 610, 611, 611, 610, 611, 611, 612, 612, 614, 616, 617, 618, 620, 622, 624, 627, 630, 633, 638, 642, 645, 648, 652, 657, 661, 666, 672, 678, 677, 685, 691, 706, 705, 713, 720, 738, 736, 746]
[0, 667, 663, 658, 654, 650, 647, 645, 644, 640, 637, 634, 631, 629, 626, 623, 621, 620, 619, 618, 616, 615, 614, 614, 613, 613, 613, 613, 613, 613, 616, 617, 617, 619, 621, 623, 625, 627, 630, 633, 636, 639, 643, 647, 649, 652, 657, 664, 668, 672, 672, 679, 693, 691, 701, 709, 715, 723, 730, 739, 749]
[0, 667, 677, 673, 669, 664, 660, 657, 654, 651, 648, 646, 644, 642, 639, 636, 634, 633, 631, 631, 629, 628, 614, 628, 614, 614, 613, 614, 614, 615, 616, 617, 617, 619, 621, 623, 623, 626, 628, 630, 633, 638, 642, 645, 648, 652, 656, 661, 666, 671, 677, 683, 689, 696, 704, 711, 718, 726, 734, 743, 753]
[0, 685, 679, 675, 671, 668, 665, 661, 657, 654, 651, 649, 644, 646, 644, 642, 640, 639, 637, 636, 634, 633, 632, 628, 627, 626, 626, 626, 627, 628, 629, 630, 631, 632, 634, 637, 639, 641, 643, 646, 649, 652, 656, 659, 663, 668, 672, 677, 682, 688, 695, 702, 708, 715, 722, 731, 738, 747, 756, 764, 753]
[0, 692, 686, 681, 677, 674, 670, 667, 657, 660, 658, 649, 655, 653, 650, 649, 647, 646, 644, 643, 642, 641, 640, 631, 631, 631, 631, 632, 634, 634, 635, 636, 637, 639, 640, 642, 644, 646, 648, 651, 655, 659, 656, 662, 665, 669, 674, 679, 684, 691, 697, 703, 710, 715, 722, 730, 737, 745, 755, 763, 772]
[0, 694, 689, 684, 680, 676, 673, 667, 670, 666, 663, 661, 659, 657, 655, 652, 651, 650, 649, 647, 646, 646, 645, 639, 639, 639, 639, 640, 641, 642, 642, 644, 645, 646, 648, 642, 651, 646, 653, 657, 660, 662, 665, 669, 673, 678, 683, 688, 693, 700, 705, 710, 717, 725, 732, 739, 748, 757, 765, 773, 783]
[0, 699, 693, 688, 684, 680, 677, 673, 670, 666, 663, 663, 661, 659, 657, 655, 653, 652, 650, 649, 647, 647, 646, 645, 645, 645, 646, 646, 646, 642, 647, 649, 651, 646, 652, 654, 655, 658, 660, 663, 666, 668, 672, 676, 680, 685, 691, 697, 701, 707, 713, 718, 725, 733, 740, 748, 757, 765, 772, 782, 793]
[0, 702, 693, 696, 692, 688, 684, 680, 677, 674, 671, 669, 666, 665, 662, 660, 659, 657, 656, 655, 654, 653, 652, 645, 645, 645, 645, 645, 646, 647, 648, 649, 650, 651, 652, 654, 657, 659, 662, 663, 668, 671, 672, 675, 678, 683, 689, 695, 701, 707, 711, 717, 723, 731, 739, 746, 753, 761, 771, 780, 790]
[0, 719, 714, 710, 706, 702, 698, 694, 690, 686, 684, 681, 679, 677, 674, 673, 672, 670, 668, 667, 654, 666, 665, 652, 652, 652, 645, 652, 646, 654, 655, 656, 657, 658, 659, 661, 664, 666, 668, 670, 674, 677, 681, 685, 690, 695, 701, 706, 711, 716, 721, 729, 736, 744, 751, 759, 766, 775, 785, 795, 805]
[0, 719, 714, 710, 706, 702, 697, 693, 689, 686, 683, 680, 678, 676, 675, 673, 672, 669, 668, 668, 667, 666, 664, 652, 664, 652, 665, 664, 665, 665, 665, 667, 669, 671, 673, 674, 676, 679, 681, 683, 687, 690, 694, 699, 704, 709, 713, 718, 724, 730, 736, 743, 750, 757, 765, 772, 781, 791, 801, 810, 820]
[0, 735, 730, 725, 719, 715, 712, 707, 704, 702, 699, 697, 695, 691, 688, 687, 685, 683, 682, 681, 680, 666, 678, 664, 664, 664, 664, 663, 665, 665, 665, 667, 669, 670, 672, 674, 676, 679, 681, 684, 687, 690, 695, 700, 704, 709, 713, 718, 724, 731, 737, 743, 751, 759, 766, 773, 782, 792, 802, 811, 821]
[0, 733, 729, 724, 719, 714, 711, 708, 705, 701, 698, 695, 693, 691, 688, 687, 685, 683, 682, 681, 680, 679, 678, 678, 678, 677, 664, 663, 665, 665, 665, 679, 682, 684, 686, 688, 691, 694, 697, 700, 702, 706, 710, 714, 717, 723, 729, 734, 740, 746, 752, 759, 767, 775, 783, 791, 799, 809, 818, 827, 836]
[0, 742, 736, 731, 726, 720, 716, 714, 711, 708, 706, 703, 700, 698, 697, 694, 692, 690, 689, 688, 680, 687, 685, 678, 678, 679, 680, 663, 665, 665, 665, 682, 683, 685, 687, 689, 692, 694, 697, 699, 702, 706, 710, 714, 718, 723, 730, 735, 740, 747, 754, 761, 768, 775, 783, 791, 800, 810, 819, 827, 838]
[0, 738, 734, 730, 724, 719, 715, 712, 709, 707, 704, 701, 700, 699, 698, 695, 693, 692, 691, 689, 687, 686, 684, 685, 685, 685, 687, 663, 665, 665, 665, 689, 690, 692, 694, 695, 697, 700, 703, 706, 709, 713, 717, 721, 725, 732, 737, 742, 748, 754, 761, 768, 775, 782, 790, 799, 808, 816, 825, 834, 845]
[0, 757, 751, 746, 740, 736, 732, 728, 723, 720, 718, 715, 713, 711, 708, 708, 706, 704, 703, 702, 701, 700, 699, 684, 684, 685, 687, 663, 665, 665, 665, 687, 690, 692, 694, 696, 699, 701, 704, 707, 709, 712, 717, 722, 727, 732, 737, 743, 749, 755, 761, 768, 775, 782, 790, 799, 808, 817, 826, 834, 845]
[0, 757, 753, 746, 741, 736, 732, 728, 724, 721, 718, 716, 714, 712, 709, 708, 706, 705, 704, 702, 701, 701, 700, 700, 700, 685, 687, 663, 665, 665, 665, 703, 0, 707, 0, 711, 714, 701, 716, 719, 722, 730, 735, 739, 727, 751, 756, 743, 761, 767, 780, 768, 795, 804, 812, 799, 828, 836, 826, 857, 867]
[0, 775, 769, 765, 760, 756, 732, 749, 724, 741, 718, 738, 736, 734, 731, 730, 728, 726, 724, 721, 720, 720, 720, 700, 700, 700, 687, 663, 665, 665, 665, 702, 705, 707, 708, 710, 712, 714, 716, 720, 724, 728, 733, 738, 742, 748, 753, 759, 765, 770, 777, 784, 792, 800, 808, 816, 824, 832, 843, 854, 863]
[0, 775, 769, 765, 760, 756, 752, 749, 724, 745, 741, 738, 736, 734, 731, 730, 728, 725, 723, 721, 720, 720, 720, 719, 719, 721, 687, 663, 665, 665, 665, 702, 724, 728, 730, 733, 735, 737, 740, 744, 749, 753, 758, 762, 767, 772, 777, 784, 790, 797, 803, 810, 819, 827, 833, 841, 852, 863, 870, 878, 889]
[0, 786, 781, 775, 769, 764, 761, 757, 754, 751, 748, 745, 743, 739, 737, 734, 733, 733, 731, 721, 730, 729, 728, 719, 719, 721, 687, 663, 665, 665, 665, 0, 724, 729, 730, 733, 735, 738, 742, 745, 749, 754, 758, 763, 768, 774, 780, 786, 792, 798, 806, 814, 822, 829, 837, 846, 856, 866, 874, 882, 892]
[0, 786, 779, 774, 770, 766, 762, 758, 754, 751, 748, 746, 743, 743, 740, 737, 736, 734, 732, 731, 730, 729, 729, 729, 729, 728, 687, 663, 665, 665, 665, 0, 732, 737, 738, 740, 743, 746, 749, 752, 757, 762, 767, 772, 776, 782, 789, 794, 801, 807, 813, 822, 830, 837, 845, 856, 865, 873, 882, 892, 903]
[0, 795, 789, 784, 778, 774, 770, 767, 754, 764, 760, 758, 755, 752, 748, 746, 745, 743, 741, 739, 739, 738, 738, 729, 729, 728, 687, 663, 665, 665, 665, 0, 732, 737, 739, 741, 744, 747, 750, 754, 759, 763, 768, 772, 778, 784, 790, 794, 803, 810, 813, 817, 824, 831, 839, 848, 858, 868, 876, 884, 894]
[0, 814, 807, 784, 802, 797, 792, 787, 784, 782, 777, 774, 771, 769, 767, 765, 763, 762, 761, 760, 759, 759, 738, 739, 738, 728, 687, 663, 665, 665, 665, 739, 744, 0, 748, 753, 0, 755, 759, 762, 767, 770, 774, 780, 785, 791, 797, 804, 810, 815, 823, 829, 835, 845, 855, 864, 872, 881, 889, 899, 910]
[0, 818, 812, 806, 800, 795, 791, 787, 783, 780, 777, 774, 771, 768, 766, 764, 763, 762, 763, 762, 760, 759, 758, 756, 756, 728, 687, 663, 665, 665, 665, 760, 0, 766, 767, 768, 771, 775, 778, 781, 786, 790, 797, 801, 806, 813, 819, 825, 830, 836, 845, 854, 862, 869, 876, 885, 894, 904, 914, 924, 936]
[0, 832, 826, 806, 820, 815, 812, 807, 803, 800, 797, 794, 791, 788, 786, 784, 781, 781, 780, 778, 778, 777, 758, 759, 758, 728, 687, 663, 665, 665, 665, 0, 762, 767, 768, 770, 774, 777, 780, 784, 789, 794, 800, 805, 810, 816, 822, 828, 834, 842, 850, 854, 867, 874, 876, 890, 894, 899, 909, 921, 932]
[0, 832, 826, 806, 820, 815, 812, 807, 803, 800, 797, 794, 791, 788, 785, 783, 781, 781, 780, 778, 778, 777, 776, 775, 775, 728, 687, 663, 665, 665, 665, 0, 779, 785, 788, 790, 792, 796, 800, 805, 808, 812, 818, 824, 829, 834, 840, 847, 854, 862, 869, 876, 883, 892, 900, 910, 921, 932, 941, 950, 962]
[0, 854, 847, 840, 835, 831, 828, 825, 821, 817, 815, 794, 812, 808, 806, 804, 802, 800, 798, 798, 797, 796, 796, 775, 775, 728, 687, 663, 665, 665, 665, 0, 779, 785, 788, 790, 792, 796, 800, 804, 808, 812, 817, 823, 829, 833, 840, 846, 853, 861, 869, 875, 883, 891, 900, 910, 921, 932, 940, 950, 961]
[0, 859, 853, 846, 835, 839, 832, 825, 829, 825, 822, 820, 817, 814, 813, 810, 809, 807, 806, 805, 804, 803, 796, 795, 794, 728, 687, 663, 665, 665, 665, 0, 800, 807, 810, 813, 815, 819, 823, 827, 831, 812, 835, 840, 847, 853, 861, 866, 872, 878, 885, 894, 901, 909, 919, 930, 939, 949, 959, 972, 986]
[0, 859, 853, 847, 840, 839, 832, 825, 829, 825, 822, 820, 817, 815, 813, 810, 808, 807, 806, 805, 804, 803, 802, 802, 802, 728, 687, 663, 665, 665, 665, 806, 811, 814, 0, 818, 822, 825, 828, 830, 834, 839, 845, 851, 856, 863, 869, 874, 880, 888, 895, 903, 913, 922, 931, 940, 949, 959, 971, 984, 996]
[0, 873, 868, 862, 857, 851, 845, 839, 837, 834, 831, 829, 828, 826, 823, 821, 819, 817, 816, 816, 815, 815, 802, 802, 802, 728, 687, 663, 665, 665, 665, 0, 809, 0, 818, 822, 0, 825, 827, 830, 834, 838, 844, 851, 856, 862, 868, 874, 880, 887, 894, 903, 913, 922, 931, 939, 949, 959, 971, 984, 995]
[0, 870, 865, 859, 857, 849, 845, 845, 840, 835, 833, 831, 828, 826, 824, 822, 820, 818, 817, 817, 816, 814, 814, 802, 814, 728, 687, 663, 665, 665, 665, 0, 819, 826, 828, 830, 834, 837, 839, 844, 850, 856, 861, 867, 872, 877, 882, 888, 895, 902, 912, 922, 931, 940, 948, 957, 968, 981, 992, 1003, 1015]
[0, 889, 883, 878, 873, 870, 866, 862, 857, 853, 850, 848, 845, 841, 824, 837, 820, 836, 835, 833, 833, 833, 833, 813, 814, 728, 687, 663, 665, 665, 665, 0, 0, 827, 829, 832, 0, 835, 838, 843, 848, 853, 858, 863, 869, 874, 879, 885, 892, 900, 908, 917, 926, 935, 944, 952, 961, 975, 989, 999, 1010]
[0, 889, 884, 880, 875, 870, 867, 864, 861, 857, 853, 849, 846, 843, 841, 839, 837, 835, 835, 833, 834, 833, 833, 832, 832, 728, 687, 663, 665, 665, 665, 0, 838, 845, 848, 851, 855, 859, 864, 868, 872, 877, 881, 886, 893, 898, 904, 910, 918, 928, 937, 945, 926, 962, 944, 973, 985, 1006, 989, 1018, 1031]
[0, 887, 884, 881, 876, 872, 869, 865, 862, 858, 854, 850, 848, 845, 841, 839, 838, 836, 835, 834, 834, 834, 833, 833, 833, 728, 687, 663, 665, 665, 665, 0, 838, 845, 849, 853, 857, 861, 866, 869, 873, 877, 882, 887, 893, 898, 905, 914, 921, 928, 937, 945, 954, 963, 974, 985, 995, 1006, 989, 1018, 1030]
[0, 901, 896, 889, 884, 879, 876, 872, 870, 868, 865, 862, 859, 856, 841, 854, 852, 851, 849, 847, 847, 846, 846, 834, 837, 728, 687, 663, 665, 665, 665, 0, 840, 843, 848, 852, 855, 860, 864, 868, 872, 876, 881, 885, 891, 897, 903, 911, 918, 925, 933, 942, 951, 959, 971, 983, 993, 1003, 1014, 1026, 1039]
[0, 911, 896, 906, 900, 893, 889, 885, 882, 879, 876, 874, 872, 870, 868, 867, 865, 864, 863, 863, 861, 861, 846, 846, 846, 728, 687, 663, 665, 665, 665, 0, 852, 860, 864, 866, 869, 873, 877, 881, 886, 890, 896, 902, 907, 914, 921, 928, 935, 943, 951, 942, 960, 970, 981, 991, 1000, 1011, 1024, 1036, 1049]
[0, 948, 943, 937, 931, 927, 923, 919, 914, 911, 908, 904, 902, 900, 898, 896, 895, 864, 893, 892, 861, 892, 891, 862, 865, 728, 687, 663, 665, 665, 665, 0, 0, 871, 875, 877, 881, 884, 887, 892, 898, 902, 909, 915, 921, 927, 933, 939, 946, 955, 962, 973, 985, 994, 1002, 1013, 1024, 1034, 1049, 1062, 1075]
[0, 949, 943, 937, 931, 927, 923, 919, 914, 911, 908, 905, 902, 900, 898, 896, 895, 894, 893, 893, 893, 892, 891, 891, 892, 728, 687, 663, 665, 665, 665, 0, 898, 905, 909, 912, 916, 922, 927, 932, 936, 941, 947, 952, 958, 966, 975, 983, 991, 998, 1006, 1016, 1026, 1036, 1046, 1057, 1070, 1083, 1096, 1112, 1126]
[0, 963, 957, 951, 946, 942, 938, 935, 931, 927, 924, 922, 919, 917, 915, 896, 914, 913, 911, 910, 911, 910, 909, 891, 892, 728, 687, 663, 665, 665, 665, 0, 898, 906, 909, 912, 917, 922, 927, 933, 937, 941, 948, 953, 958, 966, 975, 984, 991, 998, 1008, 1017, 1026, 1038, 1050, 1062, 1073, 1084, 1100, 1116, 1132]
[0, 972, 964, 951, 958, 953, 949, 945, 943, 940, 936, 933, 931, 928, 925, 924, 922, 921, 920, 918, 917, 918, 909, 909, 910, 728, 687, 663, 665, 665, 665, 0, 917, 926, 929, 933, 937, 940, 945, 950, 955, 959, 965, 974, 982, 990, 997, 1003, 1011, 1020, 1029, 1039, 1050, 1061, 1072, 1084, 1096, 1084, 1110, 1124, 1141]
[0, 977, 968, 960, 954, 951, 947, 944, 941, 936, 936, 933, 931, 929, 926, 924, 923, 922, 920, 920, 920, 919, 918, 920, 910, 728, 687, 663, 665, 665, 665, 0, 927, 935, 938, 0, 941, 945, 949, 955, 960, 965, 971, 979, 987, 994, 1000, 1007, 1015, 1024, 1032, 1041, 1052, 1063, 1073, 1084, 1096, 1109, 1123, 1140, 1155]
[0, 1021, 1014, 1009, 1003, 997, 991, 987, 983, 979, 974, 970, 967, 965, 962, 959, 961, 960, 958, 959, 958, 958, 919, 919, 920, 728, 687, 663, 665, 665, 665, 0, 926, 934, 939, 941, 945, 949, 953, 958, 964, 971, 977, 985, 992, 998, 1005, 1007, 1013, 1021, 1030, 1039, 1050, 1061, 1071, 1082, 1094, 1107, 1121, 1137, 1153]
[0, 1021, 1014, 1009, 1003, 997, 991, 987, 983, 980, 974, 970, 967, 965, 962, 960, 961, 960, 959, 959, 959, 958, 958, 959, 920, 728, 687, 663, 665, 665, 665, 0, 0, 968, 979, 984, 988, 993, 997, 1001, 1005, 1011, 1018, 1025, 1032, 1040, 1045, 1054, 1064, 1073, 1082, 1091, 1103, 1115, 1128, 1143, 1157, 1169, 1182, 1196, 1210]
[0, 1021, 1052, 1044, 1037, 1031, 1027, 1021, 1016, 1012, 1010, 1007, 1004, 1003, 1000, 999, 998, 997, 996, 996, 996, 996, 958, 959, 920, 728, 687, 663, 665, 665, 665, 0, 0, 968, 979, 984, 988, 993, 997, 1000, 1005, 1011, 1018, 1024, 1031, 1039, 1045, 1054, 1064, 1072, 1082, 1091, 1103, 1115, 1128, 1143, 1156, 1169, 1181, 1195, 1209]
[0, 1076, 1069, 1061, 1054, 1048, 1043, 1039, 1034, 1030, 1028, 1025, 1021, 1020, 1000, 1018, 1016, 1015, 1014, 1015, 1014, 1014, 1015, 997, 920, 728, 687, 663, 665, 665, 665, 0, 0, 1014, 0, 1018, 1023, 1028, 1034, 1039, 1044, 1051, 1059, 1066, 1073, 1081, 1089, 1098, 1108, 1118, 1128, 1139, 1152, 1165, 1176, 1189, 1203, 1216, 1231, 1248, 1266]
[0, 1077, 1069, 1061, 1054, 1048, 1043, 1039, 1035, 1031, 1028, 1025, 1022, 1020, 1018, 1017, 1016, 1016, 1014, 1015, 1014, 1015, 1016, 1016, 1016, 728, 687, 663, 665, 665, 665, 0, 0, 1026, 1037, 1041, 1045, 1051, 1057, 1063, 1070, 1076, 1082, 1089, 1096, 1104, 1113, 1122, 1132, 1142, 1155, 1166, 1176, 1188, 1201, 1214, 1228, 1243, 1259, 1248, 1276]
[0, 1092, 1085, 1080, 1075, 1068, 1061, 1057, 1053, 1047, 1044, 1044, 1040, 1037, 1036, 1035, 1033, 1033, 1033, 1032, 1032, 1032, 1016, 1017, 1016, 728, 687, 663, 665, 665, 665, 0, 0, 1026, 1038, 1040, 1047, 1053, 1057, 1063, 1070, 1076, 1082, 1090, 1096, 1105, 1114, 1123, 1132, 1143, 1155, 1168, 1177, 1188, 1202, 1215, 1228, 1243, 1259, 1276, 1295]
[0, 1091, 1085, 1078, 1072, 1066, 1061, 1057, 1052, 1048, 1046, 1042, 1039, 1037, 1035, 1035, 1034, 1033, 1032, 1032, 1032, 1031, 1033, 1032, 1016, 728, 687, 663, 665, 665, 665, 0, 0, 1041, 1054, 1059, 1064, 1069, 1074, 1080, 1085, 1091, 1099, 1108, 1117, 1124, 1131, 1139, 1151, 1161, 1170, 1181, 1192, 1205, 1219, 1233, 1246, 1261, 1277, 1294, 1295]
[0, 1111, 1103, 1096, 1090, 1084, 1079, 1075, 1069, 1065, 1062, 1060, 1057, 1056, 1055, 1052, 1052, 1051, 1050, 1049, 1048, 1050, 1033, 1033, 1033, 728, 687, 663, 665, 665, 665, 0, 0, 1044, 1057, 1060, 1064, 1069, 1076, 1082, 1087, 1094, 1102, 1109, 1116, 1124, 1133, 1143, 1154, 1163, 1174, 1184, 1196, 1210, 1224, 1238, 1251, 1266, 1281, 1299, 1295]
[0, 1111, 1107, 1099, 1093, 1087, 1082, 1077, 1073, 1069, 1064, 1061, 1059, 1056, 1055, 1054, 1050, 1048, 1051, 1051, 1050, 1052, 1052, 1052, 1033, 728, 687, 663, 665, 665, 665, 0, 0, 1062, 1074, 1079, 1082, 1086, 1093, 1100, 1105, 1112, 1120, 1128, 1137, 1144, 1152, 1162, 1171, 1180, 1192, 1204, 1218, 1230, 1243, 1256, 1270, 1285, 1301, 1299, 1328]
[0, 1164, 1157, 1150, 1144, 1137, 1131, 1125, 1120, 1116, 1112, 1108, 1104, 1101, 1101, 1101, 1100, 1098, 1097, 1097, 1097, 1098, 1053, 1053, 1033, 728, 687, 663, 665, 665, 665, 0, 1061, 1073, 1077, 1081, 1086, 1091, 1096, 1103, 1110, 1116, 1124, 1133, 1141, 1151, 1159, 1167, 1176, 1188, 1200, 1212, 1223, 1230, 1250, 1256, 1262, 1295, 1301, 1299, 1328]
[0, 1158, 1157, 1151, 1144, 1135, 1129, 1124, 1119, 1116, 1113, 1109, 1105, 1102, 1101, 1101, 1099, 1099, 1097, 1095, 1098, 1099, 1098, 1098, 1033, 728, 687, 663, 665, 665, 665, 0, 1112, 1128, 1132, 1136, 1142, 1150, 1156, 1161, 1166, 1172, 1124, 1188, 1141, 1205, 1159, 1216, 1227, 1241, 1259, 1270, 1277, 1289, 1305, 1324, 1339, 1352, 1370, 1392, 1417]
[0, 1162, 1155, 1148, 1141, 1136, 1129, 1123, 1119, 1116, 1113, 1110, 1108, 1106, 1101, 1104, 1099, 1104, 1103, 1101, 1101, 1101, 1098, 1101, 1033, 728, 687, 663, 665, 665, 665, 0, 0, 1116, 1131, 1135, 1139, 1146, 1155, 1160, 1164, 1171, 1178, 1185, 1193, 1202, 1212, 1223, 1235, 1255, 1274, 1278, 1284, 1299, 1320, 1343, 1356, 1367, 1388, 1408, 1423]
[0, 1179, 1170, 1163, 1157, 1152, 1147, 1141, 1135, 1131, 1128, 1126, 1123, 1121, 1119, 1119, 1119, 1117, 1103, 1116, 1117, 1116, 1118, 1104, 1107, 728, 687, 663, 665, 665, 665, 0, 0, 1121, 1134, 1140, 1145, 1152, 1159, 1164, 1169, 1175, 1182, 1190, 1199, 1211, 1221, 1231, 1242, 1254, 1268, 1281, 1292, 1311, 1333, 1346, 1363, 1383, 1400, 1415, 1423]
[0, 1204, 1197, 1191, 1185, 1152, 1174, 1171, 1135, 1169, 1163, 1160, 1160, 1156, 1155, 1155, 1154, 1153, 1152, 1152, 1155, 1156, 1118, 1119, 1120, 728, 687, 663, 665, 665, 665, 0, 0, 1132, 1146, 1152, 1158, 1164, 1168, 1173, 1180, 1186, 1194, 1203, 1211, 1221, 1232, 1242, 1253, 1266, 1280, 1290, 1302, 1318, 1337, 1353, 1367, 1383, 1402, 1425, 1423]
[0, 1209, 1200, 1192, 1185, 1180, 1175, 1171, 1172, 1169, 1163, 1160, 1161, 1157, 1155, 1155, 1155, 1154, 1154, 1154, 1154, 1156, 1156, 1157, 1120, 728, 687, 663, 665, 665, 665, 0, 0, 1168, 1180, 1186, 1194, 1201, 1210, 1218, 1232, 1243, 1247, 1254, 1260, 1269, 1279, 1287, 1299, 1314, 1327, 1340, 1352, 1365, 1380, 1395, 1413, 1383, 1447, 1476, 1495]
[0, 1235, 1200, 1225, 1217, 1211, 1206, 1200, 1196, 1191, 1187, 1186, 1183, 1181, 1179, 1177, 1177, 1176, 1175, 1174, 1175, 1177, 1157, 1158, 1120, 728, 687, 663, 665, 665, 665, 0, 0, 1168, 1180, 1185, 1192, 1201, 1210, 1222, 1232, 1243, 1251, 1253, 1259, 1268, 1279, 1286, 1298, 1313, 1326, 1342, 1352, 1362, 1378, 1395, 1413, 1383, 1446, 1473, 1490]
[0, 1237, 1229, 1221, 1213, 1208, 1203, 1199, 1195, 1191, 1187, 1188, 1183, 1181, 1181, 1179, 1178, 1178, 1178, 1177, 1177, 1179, 1178, 1179, 1120, 728, 687, 663, 665, 665, 665, 0, 0, 1193, 1214, 1222, 1229, 1237, 1243, 1248, 1253, 1261, 1273, 1282, 1287, 1298, 1308, 1320, 1335, 1347, 1355, 1367, 1380, 1395, 1413, 1432, 1453, 1471, 1487, 1506, 1519]
[0, 1254, 1245, 1238, 1232, 1226, 1220, 1216, 1213, 1207, 1203, 1199, 1195, 1194, 1192, 1192, 1191, 1190, 1190, 1189, 1191, 1192, 1181, 1183, 1120, 728, 687, 663, 665, 665, 665, 0, 0, 1199, 1221, 1228, 1234, 1243, 1249, 1258, 1269, 1276, 1279, 1287, 1297, 1307, 1322, 1338, 1348, 1357, 1369, 1383, 1396, 1413, 1428, 1439, 1454, 1469, 1485, 1502, 1513]
[0, 1298, 1289, 1281, 1273, 1268, 1263, 1258, 1254, 1250, 1246, 1242, 1240, 1241, 1241, 1239, 1241, 1245, 1245, 1241, 1237, 1192, 1195, 1196, 1120, 728, 687, 663, 665, 665, 665, 0, 0, 1209, 1227, 1231, 1236, 1247, 1257, 1265, 1273, 1279, 1281, 1289, 1300, 1310, 1325, 1337, 1347, 1358, 1370, 1382, 1395, 1409, 1424, 1439, 1445, 1466, 1483, 1498, 1510]
[0, 1297, 1287, 1279, 1273, 1267, 1260, 1256, 1254, 1252, 1250, 1246, 1242, 1239, 1238, 1240, 1242, 1242, 1243, 1243, 1242, 1240, 1195, 1239, 1246, 728, 687, 663, 665, 0, 665, 0, 0, 0, 0, 1276, 1282, 1288, 1294, 1303, 1311, 1319, 1329, 1335, 1340, 1347, 1353, 1360, 1368, 1376, 1385, 1394, 1404, 1413, 1424, 1438, 1453, 1467, 1480, 1497, 1513]
[0, 1374, 1369, 1363, 1353, 1346, 1260, 1338, 1330, 1323, 1319, 1317, 1313, 1311, 1309, 1306, 1304, 1303, 1304, 1304, 1242, 1303, 1239, 1241, 1246, 728, 687, 663, 665, 0, 665, 0, 0, 1257, 1274, 1279, 1285, 1291, 1299, 1307, 1314, 1324, 1330, 1335, 1342, 1347, 1355, 1364, 1371, 1379, 1385, 1389, 1399, 1408, 1418, 1432, 1445, 1460, 1476, 1491, 1504]
[0, 1374, 1369, 1363, 1353, 1345, 1260, 1337, 1328, 1321, 1318, 1315, 1311, 1311, 1309, 1305, 1303, 1303, 1304, 1304, 1305, 1304, 1301, 1298, 1246, 728, 687, 663, 0, 627, 0, 0, 0, 1257, 0, 1294, 1298, 1303, 1305, 1307, 1313, 1318, 1321, 1329, 1336, 1340, 1346, 1354, 1365, 1375, 1383, 1391, 1401, 1414, 1427, 1437, 1451, 1465, 1480, 1498, 1512]
[0, 1417, 1405, 1395, 1390, 1386, 1380, 1374, 1369, 1365, 1358, 1352, 1350, 1311, 1344, 1333, 1323, 1318, 1315, 1311, 1307, 1304, 1303, 1300, 1246, 728, 687, 663, 0, 627, 0, 0, 0, 0, 0, 1298, 1300, 1301, 1303, 1306, 1311, 1317, 1324, 1329, 1334, 1342, 1349, 1357, 1367, 1376, 1383, 1394, 1406, 1415, 1426, 1439, 1451, 1470, 1480, 1487, 1503]
[0, 1423, 1412, 1399, 1391, 1386, 1382, 1377, 1372, 1367, 1362, 1357, 1352, 1349, 1342, 1333, 1326, 1318, 1314, 1311, 1307, 1301, 1301, 1297, 1246, 728, 687, 663, 0, 628, 0, 0, 0, 0, 0, 1296, 1299, 1302, 1304, 1308, 1314, 1319, 1322, 1331, 1340, 1344, 1348, 1359, 1370, 1378, 1388, 1394, 1395, 1404, 1417, 1428, 1438, 1453, 1467, 1482, 1499]
[0, 1423, 1444, 1421, 1391, 1404, 0, 1398, 1392, 1384, 1373, 1362, 1353, 1346, 1340, 1332, 1325, 1320, 1315, 1309, 1305, 1301, 1297, 1302, 1246, 728, 687, 663, 0, 627, 0, 0, 0, 0, 0, 0, 1298, 1302, 1304, 1307, 1312, 1316, 1318, 1326, 1335, 1343, 1350, 1354, 1362, 1371, 1381, 1392, 1399, 1409, 1423, 1437, 1451, 1465, 1478, 1492, 1505]
[0, 1423, 1444, 0, 1420, 1411, 1403, 1395, 1392, 1383, 1367, 1358, 1352, 1345, 1338, 1332, 1325, 1318, 1314, 1310, 1306, 1302, 1299, 1296, 1246, 728, 687, 663, 0, 627, 0, 0, 0, 0, 0, 1298, 1302, 1302, 0, 1307, 1310, 1313, 1318, 1323, 1331, 1339, 1345, 1352, 1359, 1368, 1377, 1386, 1398, 1409, 1417, 1428, 1443, 1458, 1474, 1491, 1502]
[0, 1466, 1452, 1437, 1422, 1411, 1400, 1390, 1380, 1370, 1367, 1355, 1352, 1347, 1340, 1332, 1323, 1318, 1314, 1310, 1305, 1301, 1298, 1299, 1246, 728, 687, 663, 0, 630, 0, 0, 0, 0, 0, 0, 1297, 1301, 1303, 1306, 1312, 1315, 1318, 1326, 1335, 1342, 1349, 1355, 1363, 1373, 1383, 1391, 1399, 1409, 1422, 1436, 1448, 1461, 1478, 1492, 1507]
[0, 1462, 1452, 1445, 1431, 1418, 1406, 1395, 1386, 1376, 1367, 1359, 1353, 1345, 1337, 1329, 1321, 1317, 1313, 1310, 1306, 1301, 1297, 1294, 1246, 728, 687, 663, 0, 630, 0, 0, 0, 1292, 1293, 1295, 1297, 1301, 1305, 1307, 1311, 1315, 1316, 1321, 1326, 1334, 1345, 1350, 1355, 1365, 1377, 1383, 1391, 1404, 1416, 1427, 1442, 1457, 1474, 1489, 1501]
[0, 1463, 1447, 1431, 1431, 1416, 1405, 1398, 1387, 1376, 1369, 1361, 1352, 1345, 1339, 1330, 1321, 1320, 1316, 1310, 1306, 1301, 1297, 1302, 1246, 728, 687, 663, 0, 630, 0, 0, 0, 1303, 1294, 1293, 1297, 1302, 1304, 1306, 1309, 1314, 1319, 1324, 1329, 1336, 1347, 1355, 1364, 1373, 1382, 1391, 1400, 1411, 1421, 1433, 1448, 1462, 1474, 1479, 1496]
[0, 1463, 1461, 1445, 1431, 1418, 1406, 1395, 1385, 1375, 1366, 1358, 1350, 1343, 1337, 1329, 1320, 1315, 1312, 1306, 1301, 1300, 1297, 1296, 1246, 728, 687, 663, 0, 630, 0, 0, 0, 0, 1294, 1293, 1297, 1298, 1301, 1306, 1308, 1312, 1319, 1327, 1331, 1336, 1345, 1353, 1359, 1367, 1379, 1390, 1398, 1408, 1419, 1433, 1447, 1461, 1479, 1493, 1507]
[0, 1468, 1454, 1440, 1425, 1413, 1402, 1392, 1380, 1369, 1361, 1355, 1347, 1340, 1337, 1332, 1324, 1318, 1314, 1309, 1305, 1300, 1297, 1299, 1246, 728, 687, 663, 0, 630, 0, 0, 0, 1300, 1295, 1294, 1297, 1300, 1303, 1306, 1309, 1314, 1319, 1324, 1329, 1336, 1343, 1352, 1363, 1372, 1381, 1390, 1399, 1410, 1421, 1433, 1448, 1461, 1478, 1495, 1507]
[0, 1465, 1450, 1434, 1421, 1410, 1397, 1386, 1380, 1377, 1369, 1360, 1352, 1345, 1337, 1330, 1324, 1318, 1312, 1308, 1305, 1301, 1295, 1292, 1246, 728, 687, 663, 0, 630, 0, 0, 0, 1290, 1292, 1295, 1298, 1301, 1304, 1307, 1312, 1316, 1319, 1326, 1333, 1336, 1339, 1346, 1354, 1364, 1374, 1381, 1391, 1401, 1411, 1425, 1438, 1451, 1467, 1484, 1497]
[0, 1467, 1451, 1438, 1425, 1412, 1400, 1390, 1380, 1369, 1362, 1356, 1347, 1345, 1339, 1331, 1323, 1318, 1314, 1310, 1306, 1300, 1296, 1292, 1246, 728, 687, 0, 0, 630, 0, 0, 0, 1290, 0, 1293, 0, 1296, 1301, 1305, 1309, 1312, 1314, 1320, 1327, 1334, 1341, 1349, 1356, 1366, 1375, 1383, 1395, 1404, 1413, 1426, 1440, 1454, 1469, 1486, 1502]
[0, 1469, 1453, 1439, 1425, 1413, 1402, 1393, 1381, 1370, 1362, 1355, 1347, 1338, 1332, 1325, 1317, 1313, 1308, 1310, 1304, 1302, 1295, 1291, 1246, 728, 687, 0, 0, 630, 0, 0, 0, 0, 0, 1291, 1293, 1296, 1303, 1306, 1309, 1313, 1314, 1319, 1325, 1331, 1339, 1346, 1355, 1362, 1371, 1381, 1390, 1401, 1413, 1425, 1438, 1449, 1466, 1484, 1500]
[0, 1461, 1453, 1444, 1430, 1418, 1406, 1394, 1384, 1375, 1366, 1358, 1351, 1343, 1337, 1328, 1321, 1316, 1312, 1306, 1298, 1297, 1298, 1293, 1246, 728, 687, 0, 0, 630, 0, 0, 0, 0, 0, 1292, 1294, 1297, 1303, 1305, 1309, 1313, 1318, 1326, 1332, 1340, 1347, 1353, 1355, 1372, 1371, 1379, 1389, 1400, 1409, 1422, 1437, 1450, 1461, 1478, 1495]
[0, 1467, 1449, 1436, 1424, 1412, 1401, 1391, 1379, 1370, 1362, 1354, 1346, 1338, 1331, 1328, 1324, 1318, 1313, 1308, 1304, 1300, 1296, 1293, 1246, 728, 687, 0, 0, 0, 0, 0, 0, 0, 0, 0, 1293, 1295, 1298, 1300, 1305, 1313, 1316, 1319, 1326, 1335, 1344, 1352, 1359, 1366, 1375, 1384, 1395, 1407, 1417, 1431, 1446, 1461, 1477, 1494, 1509]
[0, 1464, 1449, 1434, 1421, 1409, 1396, 1387, 1378, 1368, 1362, 1360, 1353, 1342, 1333, 1327, 1320, 1316, 1311, 1307, 1304, 1300, 1295, 1293, 1246, 728, 687, 0, 0, 624, 0, 0, 0, 0, 0, 1291, 1293, 1296, 1302, 1304, 1308, 1313, 1319, 1325, 1331, 1338, 1345, 1352, 1352, 1360, 1370, 1379, 1389, 1399, 1411, 1424, 1436, 1449, 1465, 1482, 1495]
[0, 1467, 1453, 1441, 1430, 1414, 1399, 1389, 1382, 1373, 1364, 1357, 1349, 1338, 1328, 1323, 1319, 1313, 1309, 1305, 1301, 1299, 1296, 1292, 1246, 728, 687, 0, 0, 624, 0, 0, 0, 1290, 1290, 1292, 1292, 1297, 0, 1305, 1306, 1310, 1317, 1327, 1339, 1346, 1349, 1358, 1370, 1380, 1391, 1402, 1413, 1423, 1432, 1444, 1457, 1470, 1485, 1502, 1509]
[0, 1462, 1447, 1433, 1417, 1405, 1399, 1395, 1385, 1376, 1365, 1357, 1351, 1342, 1333, 1326, 1320, 1316, 1311, 1307, 1303, 1300, 1295, 1303, 1246, 728, 687, 0, 0, 624, 0, 0, 0, 0, 1302, 1291, 1292, 1294, 1297, 1300, 1306, 1315, 1325, 1332, 1339, 1347, 1355, 1361, 1374, 1387, 1395, 1406, 1414, 1424, 1438, 1449, 1462, 1475, 1491, 1494, 1500]
[0, 1468, 1453, 1437, 1422, 1411, 1400, 1390, 1381, 1372, 1363, 1356, 1348, 1341, 1332, 1323, 1319, 1314, 1310, 1304, 1298, 1296, 1295, 1292, 1246, 728, 687, 0, 0, 624, 0, 0, 0, 0, 0, 1291, 1292, 1295, 1301, 1305, 1311, 1320, 1332, 1332, 1340, 1346, 1352, 1361, 1370, 1379, 1388, 1397, 1411, 1422, 1432, 1443, 1456, 1469, 1482, 1500, 1505]
[0, 1456, 1443, 1430, 1422, 1416, 1404, 1394, 1383, 1375, 1364, 1353, 1347, 1341, 1330, 1323, 1320, 1315, 1308, 1305, 1303, 1297, 1295, 1290, 1246, 728, 687, 0, 0, 627, 0, 0, 0, 0, 0, 0, 1297, 1302, 1309, 1313, 1317, 1321, 1325, 1329, 1337, 1346, 1354, 1362, 1371, 1382, 1391, 1404, 1415, 1424, 1436, 1447, 1459, 1473, 1487, 1502, 1509]
[0, 1466, 1449, 1435, 1423, 1411, 1398, 1385, 1376, 1369, 1361, 1350, 1341, 1335, 1330, 1324, 1317, 1315, 1308, 1305, 1304, 1302, 1292, 1291, 1246, 728, 687, 0, 0, 626, 0, 0, 0, 0, 0, 1306, 1307, 1309, 1314, 0, 1319, 1324, 1327, 1331, 1338, 1345, 1353, 1362, 1369, 1379, 1391, 1402, 1412, 1422, 1432, 1444, 1457, 1470, 1485, 1501, 1508]
[0, 1467, 1452, 1437, 1423, 1414, 1402, 1389, 1380, 1373, 1365, 1355, 1348, 1342, 1332, 1321, 1315, 1313, 1309, 1304, 1299, 1296, 1298, 1294, 1246, 728, 687, 0, 0, 625, 0, 0, 0, 0, 0, 0, 1306, 1312, 1314, 1317, 1317, 1320, 1329, 1335, 1343, 1348, 1354, 1364, 1376, 1387, 1394, 1405, 1416, 1426, 1438, 1450, 1463, 1478, 1493, 1501, 1501]
[0, 1464, 1447, 1435, 1422, 1410, 1397, 1385, 1377, 1369, 1360, 1349, 1341, 1335, 1330, 1324, 1317, 1312, 1308, 1304, 1299, 1301, 1295, 1299, 1246, 728, 687, 0, 0, 626, 628, 0, 0, 0, 0, 0, 1306, 1309, 1310, 1313, 1317, 1321, 1325, 1329, 1337, 1346, 1354, 1362, 1371, 1382, 1391, 1401, 1413, 1424, 1433, 1445, 1458, 1472, 1486, 1502, 1509]
[0, 1464, 1454, 1438, 1426, 1414, 1402, 1393, 1383, 1374, 1365, 1354, 1347, 1342, 1338, 1336, 1332, 1325, 1320, 1317, 1313, 1309, 1297, 1295, 1246, 728, 687, 0, 0, 626, 0, 0, 0, 0, 0, 0, 1306, 1310, 1312, 1316, 1319, 1323, 1328, 1333, 1342, 1349, 1354, 1362, 1371, 1384, 1394, 1405, 1416, 1425, 1438, 1451, 1463, 1476, 1491, 1488, 1495]
[0, 1456, 1442, 1438, 1416, 1414, 1405, 1397, 1387, 1379, 1379, 1375, 1363, 1355, 1350, 1344, 1335, 1326, 1322, 1320, 1314, 1310, 1306, 1308, 1246, 728, 687, 0, 0, 626, 626, 0, 0, 0, 0, 1305, 1309, 0, 1312, 1314, 1318, 1322, 1326, 1331, 1337, 1346, 1353, 1358, 1368, 1381, 1390, 1401, 1412, 1422, 1432, 1444, 1457, 1470, 1485, 1500, 1506]
[0, 1487, 1475, 1461, 1446, 1433, 1423, 1411, 1401, 1394, 1385, 1373, 1363, 1356, 1348, 1342, 1334, 1328, 1323, 1317, 1313, 1309, 1309, 1306, 1246, 728, 687, 0, 625, 627, 626, 0, 0, 0, 0, 1305, 1307, 1309, 1315, 1317, 1320, 1326, 1331, 1331, 1339, 1345, 1351, 1356, 1365, 1379, 1388, 1397, 1412, 1423, 1431, 1443, 1454, 1466, 1479, 1496, 1505]
[0, 1487, 1474, 1460, 1445, 1433, 1424, 1413, 1401, 1393, 1383, 1372, 1363, 1356, 1348, 1341, 1334, 1328, 1323, 1318, 1313, 1309, 1306, 1308, 1246, 728, 687, 0, 625, 627, 626, 0, 0, 1306, 1302, 0, 1304, 1308, 1311, 1314, 1318, 1321, 1324, 1330, 1338, 1346, 1353, 1359, 1368, 1380, 1390, 1401, 1413, 1422, 1432, 1444, 1457, 1469, 1485, 1500, 1506]
[0, 1475, 1474, 1460, 1448, 1438, 1428, 1416, 1403, 1393, 1385, 1374, 1363, 1355, 1349, 1341, 1332, 1326, 1321, 1317, 1314, 1309, 1305, 1307, 1246, 728, 687, 0, 625, 627, 626, 0, 0, 0, 1306, 1302, 1305, 1309, 1310, 1313, 1317, 1321, 1324, 1329, 1338, 1346, 1354, 1360, 1369, 1380, 1390, 1401, 1413, 1423, 1433, 1445, 1458, 1470, 1484, 1501, 1507]
[0, 1486, 1473, 1460, 1446, 1434, 1425, 1413, 1401, 1389, 1380, 1372, 1363, 1355, 1348, 1341, 1334, 1328, 1323, 1318, 1313, 1309, 1306, 1305, 1246, 728, 687, 0, 625, 627, 626, 0, 0, 1304, 1303, 1305, 1306, 1309, 1313, 1316, 1320, 1321, 1326, 1330, 1337, 1345, 1352, 1357, 1364, 1378, 1389, 1398, 1409, 1421, 1431, 1443, 1455, 1467, 1479, 1495, 1505]
[0, 1480, 1465, 1454, 1443, 1432, 1421, 1408, 1398, 1390, 1381, 1368, 1357, 1349, 1343, 1337, 1331, 1325, 1318, 1315, 1313, 1309, 1306, 1304, 1303, 728, 687, 0, 625, 627, 1300, 1298, 0, 1297, 1298, 1301, 1304, 1309, 1310, 1313, 1317, 1320, 1323, 1329, 1337, 1345, 1352, 1358, 1369, 1380, 1389, 1400, 1412, 1422, 1432, 1445, 1456, 1468, 1484, 1499, 1505]
[0, 1486, 1472, 1459, 1446, 1434, 1424, 1413, 1401, 1393, 1381, 1369, 1362, 1354, 1347, 1341, 1332, 1327, 1323, 1318, 1314, 1310, 1311, 1308, 1303, 1301, 1300, 1299, 1288, 1287, 1299, 1300, 1299, 1298, 1298, 1301, 1305, 1308, 1311, 1314, 1317, 1322, 1327, 1332, 1339, 1347, 1355, 1362, 1370, 1382, 1393, 1401, 1411, 1423, 1436, 1448, 1461, 1473, 1486, 1502, 1508]
