[0, 0, 0, 0, 0, 0, 0, 0, 0, 0, 0, 0, 0, 0, 0, 0, 0, 0, 0, 0, 0, 0, 0, 0, 0, 0, 0, 0, 0, 0, 0, 0, 0, 0, 0, 0, 0, 0, 0, 0, 0, 0, 0, 0, 0, 0, 0, 0, 0, 0, 0, 0, 0, 0, 0, 0, 0, 0, 0, 0, 0]
[0, 527, 526, 519, 516, 514, 513, 509, 506, 503, 501, 498, 496, 494, 491, 489, 487, 486, 485, 484, 483, 482, 481, 480, 480, 480, 479, 479, 479, 479, 480, 480, 481, 481, 482, 483, 485, 486, 487, 489, 491, 494, 496, 498, 501, 504, 507, 510, 514, 518, 522, 526, 531, 536, 541, 546, 552, 556, 562, 568, 575]
[0, 528, 523, 520, 517, 514, 513, 510, 507, 504, 501, 499, 497, 495, 492, 490, 489, 487, 485, 485, 483, 482, 481, 481, 480, 479, 479, 478, 479, 480, 480, 480, 481, 481, 482, 483, 484, 485, 486, 488, 490, 493, 494, 496, 500, 503, 507, 510, 513, 517, 521, 525, 530, 535, 540, 545, 550, 555, 561, 567, 574]
[0, 530, 525, 521, 518, 515, 511, 508, 505, 503, 501, 498, 496, 493, 492, 491, 489, 487, 486, 485, 484, 483, 482, 482, 480, 480, 479, 479, 479, 479, 480, 481, 481, 482, 482, 482, 484, 485, 487, 488, 490, 493, 498, 496, 500, 503, 506, 509, 512, 516, 520, 524, 529, 534, 539, 544, 550, 555, 560, 566, 572]
[0, 530, 524, 520, 518, 514, 511, 508, 505, 502, 501, 500, 497, 493, 492, 491, 489, 487, 486, 484, 483, 483, 482, 481, 481, 480, 480, 479, 479, 480, 480, 480, 481, 482, 482, 484, 485, 486, 488, 489, 492, 494, 497, 499, 502, 505, 506, 508, 512, 515, 519, 524, 528, 533, 543, 544, 554, 555, 558, 564, 571]
[0, 530, 525, 521, 518, 514, 511, 508, 505, 502, 501, 500, 495, 493, 492, 491, 489, 487, 486, 484, 483, 483, 482, 481, 480, 480, 480, 479, 479, 480, 480, 480, 481, 482, 482, 484, 485, 486, 488, 489, 492, 494, 497, 499, 502, 505, 508, 512, 512, 516, 520, 524, 529, 533, 538, 543, 549, 554, 558, 564, 572]
[0, 529, 524, 520, 517, 513, 510, 507, 505, 504, 501, 499, 497, 495, 493, 491, 489, 487, 485, 484, 483, 482, 482, 481, 480, 480, 480, 479, 479, 480, 480, 480, 481, 482, 482, 484, 485, 486, 487, 489, 492, 494, 496, 499, 499, 502, 508, 512, 512, 516, 520, 524, 529, 534, 538, 543, 549, 555, 559, 564, 571]
[0, 528, 524, 520, 517, 513, 510, 510, 507, 504, 501, 499, 497, 495, 493, 491, 489, 487, 485, 484, 483, 482, 481, 481, 480, 480, 479, 479, 479, 479, 480, 480, 481, 482, 482, 482, 484, 485, 486, 488, 490, 493, 495, 498, 500, 503, 507, 509, 512, 517, 521, 524, 529, 536, 540, 544, 550, 555, 561, 567, 573]
[0, 535, 531, 526, 522, 519, 515, 512, 509, 507, 504, 502, 497, 500, 498, 496, 495, 493, 491, 489, 488, 487, 486, 486, 480, 479, 479, 479, 479, 479, 480, 481, 481, 482, 482, 483, 484, 485, 486, 488, 490, 493, 494, 497, 500, 503, 506, 509, 512, 516, 521, 525, 530, 535, 540, 544, 550, 555, 561, 567, 573]
[0, 534, 530, 526, 522, 519, 516, 512, 512, 507, 505, 502, 500, 500, 499, 496, 494, 493, 491, 489, 488, 487, 486, 485, 485, 484, 484, 484, 484, 485, 485, 485, 486, 487, 487, 489, 490, 492, 486, 496, 498, 500, 503, 505, 508, 503, 514, 518, 512, 522, 526, 535, 530, 545, 550, 544, 556, 561, 566, 572, 579]
[0, 534, 529, 526, 525, 522, 518, 514, 511, 509, 506, 503, 501, 499, 497, 495, 494, 492, 490, 489, 488, 487, 486, 485, 485, 484, 484, 484, 484, 485, 485, 485, 486, 487, 487, 489, 490, 492, 494, 496, 498, 500, 503, 503, 508, 503, 514, 518, 522, 526, 531, 536, 530, 540, 550, 544, 561, 566, 566, 579, 579]
[0, 534, 531, 526, 522, 519, 515, 512, 510, 507, 505, 502, 501, 500, 496, 495, 495, 491, 490, 489, 488, 487, 487, 486, 485, 485, 484, 485, 484, 485, 485, 485, 486, 487, 487, 488, 490, 491, 493, 495, 497, 499, 502, 504, 507, 510, 512, 516, 520, 524, 528, 532, 537, 542, 547, 553, 557, 562, 568, 574, 581]
[0, 538, 534, 529, 526, 522, 519, 516, 513, 510, 508, 505, 503, 501, 499, 498, 496, 491, 493, 492, 488, 491, 490, 489, 485, 485, 485, 484, 484, 485, 485, 485, 486, 486, 487, 489, 491, 493, 494, 496, 498, 501, 503, 505, 508, 511, 514, 518, 522, 526, 530, 535, 540, 545, 550, 555, 560, 565, 572, 579, 585]
[0, 538, 534, 531, 527, 522, 520, 518, 514, 512, 510, 507, 505, 503, 500, 498, 497, 496, 493, 495, 488, 494, 492, 490, 488, 487, 487, 487, 487, 487, 488, 489, 489, 490, 491, 492, 494, 495, 497, 499, 501, 504, 507, 509, 512, 514, 518, 522, 525, 530, 534, 538, 543, 548, 554, 558, 563, 569, 576, 582, 589]
[0, 538, 534, 531, 527, 524, 520, 517, 514, 511, 509, 507, 507, 504, 502, 500, 499, 497, 495, 495, 494, 492, 491, 491, 489, 489, 488, 489, 489, 489, 489, 491, 492, 493, 494, 495, 496, 498, 500, 502, 504, 507, 508, 511, 514, 517, 521, 525, 529, 533, 537, 542, 546, 551, 556, 561, 567, 573, 579, 586, 593]
[0, 538, 533, 531, 528, 524, 521, 519, 515, 512, 510, 508, 505, 503, 501, 500, 498, 497, 496, 495, 494, 492, 491, 491, 490, 489, 489, 489, 489, 489, 491, 491, 492, 492, 494, 496, 497, 498, 500, 502, 505, 508, 510, 513, 514, 518, 521, 525, 530, 533, 534, 538, 543, 552, 556, 558, 563, 569, 576, 583, 589]
[0, 539, 535, 532, 528, 525, 522, 519, 519, 516, 513, 511, 509, 506, 504, 502, 501, 500, 498, 497, 496, 496, 495, 490, 490, 489, 489, 489, 489, 489, 489, 490, 491, 493, 494, 495, 496, 497, 499, 502, 504, 506, 508, 510, 513, 517, 520, 524, 527, 530, 535, 541, 545, 550, 555, 561, 566, 572, 579, 585, 592]
[0, 543, 538, 534, 530, 527, 524, 521, 518, 515, 512, 510, 508, 506, 504, 502, 500, 498, 497, 497, 496, 495, 495, 494, 493, 492, 492, 489, 493, 493, 489, 494, 495, 495, 496, 497, 499, 500, 502, 504, 506, 509, 511, 514, 517, 520, 523, 526, 531, 535, 539, 543, 548, 554, 559, 564, 570, 576, 582, 589, 596]
[0, 542, 538, 533, 530, 526, 521, 520, 517, 514, 512, 510, 508, 505, 503, 502, 500, 498, 499, 498, 497, 496, 495, 494, 494, 493, 492, 492, 492, 492, 493, 494, 494, 496, 496, 498, 499, 500, 502, 505, 507, 510, 512, 515, 517, 521, 524, 528, 532, 536, 540, 545, 550, 555, 560, 565, 571, 578, 585, 591, 597]
[0, 542, 534, 533, 528, 526, 525, 522, 519, 516, 513, 511, 508, 506, 504, 502, 501, 499, 497, 496, 496, 495, 495, 494, 494, 492, 492, 492, 493, 493, 494, 494, 495, 495, 496, 498, 499, 501, 503, 505, 508, 510, 512, 515, 514, 518, 525, 529, 532, 533, 542, 545, 547, 557, 560, 563, 567, 580, 585, 587, 593]
[0, 543, 538, 533, 530, 526, 522, 520, 517, 514, 512, 510, 508, 504, 502, 502, 501, 500, 497, 496, 497, 496, 495, 495, 493, 492, 492, 492, 492, 492, 494, 494, 495, 495, 496, 498, 499, 500, 502, 504, 507, 509, 512, 514, 517, 520, 524, 528, 532, 535, 540, 545, 549, 554, 560, 565, 570, 577, 584, 590, 596]
[0, 543, 539, 535, 532, 526, 525, 520, 522, 520, 517, 514, 512, 510, 508, 507, 505, 504, 502, 501, 501, 500, 499, 495, 494, 492, 492, 493, 493, 493, 494, 494, 495, 495, 496, 498, 499, 501, 503, 505, 508, 510, 512, 515, 518, 520, 521, 525, 528, 533, 542, 545, 551, 557, 560, 562, 567, 573, 586, 590, 593]
[0, 543, 549, 541, 532, 537, 534, 532, 528, 525, 523, 520, 518, 516, 513, 512, 510, 509, 508, 507, 507, 505, 504, 498, 498, 497, 497, 497, 498, 493, 499, 494, 499, 501, 496, 503, 504, 506, 508, 510, 512, 514, 517, 520, 523, 526, 530, 534, 538, 542, 546, 551, 556, 561, 567, 573, 579, 586, 592, 597, 604]
[0, 549, 545, 541, 537, 537, 534, 532, 528, 525, 523, 520, 518, 516, 514, 512, 510, 509, 508, 507, 506, 505, 504, 498, 503, 503, 497, 503, 502, 503, 504, 504, 506, 507, 507, 508, 509, 511, 513, 515, 517, 519, 521, 524, 527, 531, 534, 538, 542, 546, 551, 556, 560, 566, 571, 577, 583, 590, 595, 601, 608]
[0, 563, 558, 554, 550, 547, 543, 540, 537, 534, 532, 529, 527, 525, 524, 521, 520, 518, 517, 516, 515, 514, 513, 503, 503, 502, 502, 502, 503, 503, 504, 504, 506, 507, 507, 508, 509, 511, 513, 515, 517, 519, 521, 524, 527, 531, 534, 538, 542, 546, 551, 555, 560, 565, 570, 577, 583, 589, 595, 601, 608]
[0, 562, 558, 555, 551, 547, 544, 541, 538, 535, 533, 531, 528, 525, 524, 521, 523, 521, 520, 518, 517, 517, 516, 515, 503, 512, 502, 512, 513, 503, 513, 513, 515, 516, 517, 518, 520, 522, 523, 525, 528, 530, 533, 536, 539, 543, 546, 550, 554, 559, 563, 567, 573, 579, 585, 590, 597, 603, 609, 615, 623]
[0, 565, 558, 561, 557, 554, 550, 547, 545, 541, 538, 536, 534, 532, 529, 528, 526, 524, 524, 522, 521, 521, 520, 515, 514, 514, 513, 514, 514, 514, 515, 515, 516, 517, 518, 520, 521, 523, 525, 527, 530, 532, 536, 539, 542, 543, 549, 553, 557, 561, 566, 570, 573, 583, 585, 588, 594, 606, 609, 613, 619]
[0, 567, 563, 558, 554, 551, 548, 547, 546, 542, 540, 535, 534, 532, 530, 529, 527, 525, 524, 523, 522, 520, 520, 520, 514, 519, 519, 518, 518, 519, 519, 520, 521, 522, 523, 524, 526, 528, 530, 532, 534, 537, 540, 543, 546, 549, 553, 557, 561, 565, 570, 575, 581, 586, 591, 597, 603, 610, 617, 623, 631]
[0, 568, 564, 560, 556, 553, 549, 546, 543, 540, 538, 535, 533, 531, 530, 527, 526, 525, 524, 523, 522, 522, 521, 520, 519, 519, 518, 519, 519, 519, 520, 521, 521, 523, 523, 524, 525, 527, 529, 533, 534, 536, 539, 542, 545, 548, 551, 555, 559, 563, 568, 573, 579, 584, 589, 596, 601, 607, 614, 622, 628]
[0, 570, 566, 562, 556, 558, 555, 552, 549, 546, 543, 540, 538, 537, 535, 533, 531, 529, 527, 527, 526, 525, 524, 520, 519, 519, 519, 519, 519, 519, 520, 520, 521, 522, 523, 525, 526, 529, 531, 532, 534, 538, 541, 544, 547, 550, 554, 558, 562, 563, 572, 573, 582, 589, 589, 594, 599, 612, 614, 626, 628]
[0, 574, 569, 565, 560, 557, 554, 551, 548, 545, 542, 540, 538, 535, 533, 532, 530, 529, 527, 526, 526, 525, 525, 524, 523, 523, 523, 519, 523, 523, 523, 524, 525, 526, 527, 528, 530, 532, 534, 536, 539, 541, 544, 547, 551, 554, 557, 560, 564, 569, 574, 579, 585, 589, 595, 602, 608, 614, 620, 627, 635]
[0, 588, 569, 584, 579, 576, 571, 567, 565, 562, 559, 557, 556, 553, 552, 550, 548, 546, 545, 543, 539, 538, 537, 524, 523, 523, 523, 523, 523, 523, 524, 525, 525, 526, 528, 530, 530, 532, 534, 536, 539, 541, 544, 548, 551, 554, 557, 561, 566, 571, 576, 581, 586, 591, 596, 604, 610, 616, 622, 629, 637]
[0, 592, 589, 584, 579, 576, 571, 568, 564, 562, 560, 558, 556, 553, 551, 550, 548, 546, 545, 543, 539, 539, 538, 538, 523, 541, 541, 523, 541, 541, 524, 542, 543, 544, 545, 547, 549, 551, 552, 554, 556, 558, 561, 564, 568, 572, 575, 579, 585, 589, 594, 599, 604, 609, 615, 622, 629, 635, 642, 649, 657]
[0, 591, 587, 583, 579, 575, 571, 567, 564, 561, 560, 558, 555, 553, 553, 551, 548, 546, 546, 544, 543, 539, 533, 535, 541, 541, 541, 541, 541, 541, 541, 542, 543, 544, 546, 547, 549, 551, 552, 554, 556, 559, 561, 564, 568, 572, 575, 579, 585, 590, 594, 599, 604, 609, 615, 622, 628, 635, 642, 649, 657]
[0, 594, 590, 586, 583, 575, 578, 574, 568, 561, 566, 563, 561, 559, 557, 555, 553, 552, 550, 548, 540, 533, 530, 535, 539, 541, 541, 541, 541, 541, 542, 542, 544, 545, 546, 547, 549, 551, 554, 556, 558, 561, 563, 566, 569, 574, 579, 583, 588, 592, 597, 602, 607, 612, 618, 624, 631, 639, 646, 652, 660]
[0, 604, 599, 595, 583, 592, 588, 585, 582, 578, 575, 572, 570, 568, 566, 563, 562, 561, 560, 0, 533, 528, 527, 533, 541, 545, 545, 546, 546, 546, 547, 547, 544, 550, 551, 547, 555, 551, 557, 559, 560, 563, 566, 569, 573, 577, 581, 585, 590, 595, 599, 603, 608, 613, 620, 626, 632, 640, 647, 654, 661]
[0, 605, 600, 597, 593, 590, 586, 583, 579, 578, 574, 572, 571, 566, 566, 565, 563, 561, 560, 553, 538, 529, 527, 529, 537, 548, 554, 555, 556, 556, 557, 557, 558, 560, 551, 561, 562, 566, 557, 568, 571, 574, 577, 580, 584, 588, 592, 596, 600, 604, 609, 614, 619, 625, 631, 637, 645, 652, 659, 666, 674]
[0, 609, 600, 605, 601, 597, 594, 590, 587, 584, 581, 579, 576, 574, 572, 569, 567, 566, 564, 0, 531, 526, 527, 526, 534, 547, 555, 555, 555, 556, 557, 557, 558, 559, 561, 562, 563, 566, 568, 570, 573, 576, 579, 583, 587, 591, 595, 599, 603, 608, 613, 614, 617, 630, 637, 643, 650, 652, 664, 666, 680]
[0, 609, 605, 601, 601, 598, 595, 591, 587, 585, 582, 579, 576, 574, 571, 569, 567, 566, 564, 0, 531, 527, 526, 528, 535, 0, 560, 555, 560, 560, 560, 561, 563, 564, 565, 566, 568, 570, 572, 575, 577, 581, 584, 587, 589, 594, 598, 602, 606, 611, 615, 620, 626, 632, 639, 646, 652, 659, 666, 674, 682]
[0, 623, 605, 619, 615, 612, 608, 605, 601, 598, 596, 593, 591, 588, 587, 585, 583, 583, 0, 538, 531, 524, 525, 528, 535, 0, 0, 560, 561, 561, 561, 563, 564, 564, 565, 566, 570, 572, 572, 574, 577, 580, 584, 587, 590, 594, 598, 601, 606, 611, 615, 620, 626, 632, 638, 645, 652, 658, 666, 674, 681]
[0, 627, 622, 618, 614, 610, 607, 604, 600, 597, 595, 592, 590, 588, 587, 586, 584, 582, 580, 0, 532, 526, 524, 524, 527, 0, 0, 574, 561, 575, 576, 577, 578, 579, 581, 583, 584, 586, 588, 591, 594, 596, 599, 603, 606, 609, 614, 618, 622, 628, 634, 639, 646, 651, 657, 664, 670, 677, 685, 694, 703]
[0, 631, 626, 621, 618, 614, 611, 609, 605, 602, 595, 599, 594, 588, 593, 591, 589, 588, 587, 0, 530, 524, 522, 524, 527, 0, 0, 0, 576, 576, 578, 578, 579, 580, 581, 583, 586, 587, 589, 592, 595, 597, 601, 603, 607, 612, 616, 619, 624, 629, 635, 641, 646, 652, 659, 665, 672, 679, 687, 696, 704]
[0, 630, 625, 621, 621, 617, 614, 611, 608, 604, 601, 598, 596, 594, 592, 590, 588, 587, 0, 0, 528, 524, 523, 525, 527, 0, 0, 0, 580, 581, 583, 584, 585, 586, 587, 589, 591, 592, 595, 597, 600, 603, 606, 610, 614, 617, 621, 625, 631, 637, 643, 648, 653, 659, 666, 672, 679, 687, 695, 704, 711]
[0, 646, 641, 636, 632, 628, 624, 620, 618, 615, 612, 609, 607, 605, 603, 601, 599, 598, 0, 0, 533, 525, 522, 522, 527, 0, 0, 580, 581, 582, 583, 584, 584, 586, 588, 589, 591, 593, 596, 598, 601, 604, 606, 609, 614, 617, 621, 625, 631, 636, 642, 648, 653, 660, 666, 673, 680, 687, 695, 704, 712]
[0, 646, 642, 636, 632, 628, 624, 621, 618, 615, 612, 609, 607, 605, 603, 601, 599, 598, 0, 0, 534, 525, 522, 523, 526, 0, 0, 592, 592, 582, 593, 0, 596, 597, 588, 599, 601, 603, 604, 607, 610, 612, 615, 618, 622, 626, 631, 636, 641, 645, 650, 656, 661, 667, 674, 681, 688, 697, 705, 712, 719]
[0, 661, 656, 651, 647, 643, 639, 636, 633, 629, 627, 624, 621, 619, 617, 615, 613, 612, 0, 0, 527, 522, 520, 526, 526, 0, 0, 592, 592, 592, 592, 593, 595, 597, 588, 599, 601, 602, 604, 607, 609, 612, 615, 618, 622, 626, 631, 636, 641, 646, 652, 657, 661, 668, 675, 681, 689, 698, 706, 713, 721]
[0, 658, 653, 649, 647, 645, 641, 637, 634, 631, 628, 625, 622, 620, 618, 617, 614, 612, 0, 0, 525, 522, 521, 521, 526, 0, 0, 0, 607, 608, 609, 611, 611, 612, 614, 615, 617, 619, 621, 624, 627, 630, 633, 638, 642, 646, 650, 654, 660, 665, 671, 677, 683, 690, 698, 706, 712, 719, 728, 737, 746]
[0, 661, 656, 651, 647, 644, 640, 636, 633, 630, 627, 624, 621, 619, 617, 615, 614, 613, 612, 0, 527, 523, 520, 521, 524, 0, 0, 607, 608, 608, 608, 0, 611, 613, 614, 614, 616, 618, 620, 622, 626, 630, 633, 637, 641, 645, 648, 653, 658, 663, 669, 676, 681, 687, 695, 702, 710, 718, 726, 734, 743]
[0, 666, 662, 657, 653, 649, 647, 636, 644, 640, 636, 633, 631, 629, 626, 623, 621, 620, 0, 533, 527, 524, 520, 520, 526, 0, 0, 0, 607, 608, 610, 611, 612, 613, 614, 615, 617, 619, 621, 624, 628, 631, 634, 639, 643, 647, 650, 655, 661, 666, 671, 678, 684, 691, 699, 706, 713, 721, 729, 737, 748]
[0, 665, 662, 657, 653, 649, 647, 646, 643, 640, 636, 633, 630, 628, 626, 623, 621, 620, 0, 533, 524, 524, 520, 520, 523, 530, 0, 0, 614, 615, 616, 617, 619, 621, 621, 623, 617, 625, 630, 624, 638, 631, 641, 645, 647, 651, 655, 660, 664, 670, 676, 682, 688, 695, 702, 709, 716, 724, 732, 741, 751]
[0, 678, 673, 668, 665, 661, 647, 658, 654, 651, 648, 646, 643, 641, 640, 637, 634, 632, 0, 532, 524, 519, 519, 520, 523, 529, 0, 0, 614, 615, 616, 617, 0, 619, 622, 623, 617, 625, 630, 624, 634, 638, 641, 645, 648, 651, 655, 660, 664, 670, 675, 682, 688, 695, 702, 709, 716, 724, 732, 741, 751]
[0, 687, 682, 677, 673, 669, 665, 662, 658, 655, 653, 651, 648, 646, 644, 641, 639, 639, 0, 0, 527, 520, 518, 519, 523, 528, 0, 0, 627, 627, 629, 630, 631, 632, 634, 635, 637, 640, 643, 646, 649, 652, 655, 659, 663, 667, 655, 672, 682, 670, 694, 701, 707, 714, 702, 728, 737, 745, 753, 763, 772]
[0, 683, 678, 675, 673, 671, 666, 663, 659, 656, 653, 651, 648, 647, 645, 642, 641, 639, 0, 0, 530, 523, 519, 519, 523, 531, 630, 0, 633, 627, 634, 637, 631, 638, 640, 642, 643, 645, 647, 650, 653, 657, 660, 662, 666, 671, 675, 681, 686, 692, 698, 704, 710, 716, 723, 731, 738, 746, 756, 765, 773]
[0, 700, 695, 689, 685, 681, 678, 675, 671, 668, 666, 664, 661, 658, 645, 656, 654, 653, 0, 532, 523, 518, 517, 519, 522, 529, 630, 0, 633, 634, 635, 636, 638, 639, 641, 642, 645, 647, 649, 650, 655, 657, 659, 662, 669, 671, 674, 678, 684, 691, 697, 703, 709, 715, 722, 730, 737, 745, 754, 763, 771]
[0, 706, 701, 696, 691, 687, 683, 679, 676, 673, 671, 668, 666, 663, 645, 659, 658, 653, 0, 532, 523, 518, 517, 519, 522, 529, 0, 646, 647, 648, 648, 649, 650, 652, 654, 656, 658, 661, 664, 666, 668, 671, 674, 679, 683, 688, 693, 699, 705, 710, 715, 722, 729, 736, 743, 751, 760, 768, 776, 786, 795]
[0, 708, 704, 699, 696, 687, 687, 682, 676, 679, 676, 674, 672, 670, 668, 665, 664, 663, 0, 528, 520, 518, 516, 517, 522, 529, 0, 651, 652, 653, 653, 654, 656, 657, 659, 661, 662, 664, 667, 670, 672, 676, 680, 684, 689, 694, 699, 704, 709, 714, 720, 727, 735, 741, 749, 757, 765, 773, 782, 792, 802]
[0, 718, 713, 709, 705, 701, 697, 693, 689, 685, 683, 674, 679, 670, 676, 674, 673, 671, 0, 528, 520, 517, 516, 517, 521, 528, 0, 0, 657, 658, 659, 660, 661, 663, 665, 667, 669, 672, 667, 674, 680, 676, 687, 692, 689, 697, 702, 708, 712, 716, 723, 730, 737, 744, 752, 759, 767, 775, 785, 795, 804]
[0, 717, 712, 708, 704, 700, 696, 692, 689, 686, 683, 674, 681, 679, 676, 674, 673, 671, 0, 528, 528, 517, 516, 517, 521, 527, 0, 0, 666, 667, 667, 667, 669, 671, 673, 675, 678, 681, 683, 685, 688, 692, 697, 692, 702, 711, 716, 721, 712, 727, 733, 740, 747, 754, 761, 769, 777, 786, 794, 804, 815]
[0, 730, 712, 724, 718, 714, 712, 708, 704, 701, 698, 696, 692, 690, 688, 686, 683, 682, 0, 0, 522, 517, 516, 518, 520, 527, 0, 0, 666, 666, 667, 667, 668, 671, 673, 675, 678, 680, 683, 683, 686, 689, 693, 697, 702, 707, 712, 716, 721, 728, 734, 741, 748, 754, 762, 770, 778, 787, 797, 806, 816]
[0, 734, 729, 723, 717, 714, 710, 707, 703, 700, 697, 695, 692, 690, 688, 685, 683, 682, 0, 530, 521, 517, 516, 518, 522, 531, 0, 0, 0, 678, 679, 680, 681, 683, 685, 687, 690, 692, 695, 697, 701, 705, 708, 713, 717, 721, 727, 733, 738, 745, 752, 759, 766, 773, 780, 787, 798, 807, 816, 825, 835]
[0, 740, 734, 729, 725, 720, 716, 712, 709, 700, 704, 701, 692, 699, 697, 694, 693, 692, 0, 530, 527, 518, 515, 516, 522, 531, 0, 678, 678, 679, 679, 680, 681, 683, 685, 687, 689, 693, 696, 698, 702, 705, 709, 713, 718, 724, 729, 734, 740, 747, 753, 761, 768, 775, 783, 792, 801, 810, 819, 828, 838]
[0, 737, 732, 729, 726, 722, 718, 714, 711, 708, 705, 702, 701, 699, 697, 694, 692, 689, 0, 0, 522, 517, 516, 517, 518, 525, 0, 685, 685, 686, 687, 689, 691, 693, 695, 697, 699, 701, 704, 707, 711, 705, 714, 723, 729, 724, 739, 734, 744, 751, 758, 764, 771, 778, 786, 795, 804, 813, 821, 830, 840]
[0, 752, 747, 741, 736, 732, 727, 723, 719, 716, 715, 713, 710, 707, 706, 705, 703, 689, 0, 528, 519, 515, 515, 517, 520, 531, 0, 0, 686, 686, 686, 687, 689, 691, 693, 696, 698, 701, 703, 705, 708, 712, 716, 720, 725, 730, 735, 741, 748, 754, 761, 768, 774, 782, 790, 798, 807, 816, 825, 833, 844]
[0, 758, 752, 746, 741, 737, 733, 728, 724, 720, 717, 715, 714, 711, 708, 707, 706, 689, 0, 528, 520, 516, 515, 517, 522, 531, 0, 698, 700, 700, 701, 702, 704, 705, 707, 710, 711, 713, 716, 719, 723, 727, 732, 737, 742, 748, 754, 759, 764, 771, 779, 785, 793, 801, 810, 818, 827, 836, 846, 857, 867]
[0, 771, 766, 761, 756, 752, 748, 743, 740, 737, 735, 733, 714, 731, 728, 725, 722, 721, 0, 0, 524, 517, 514, 515, 522, 531, 0, 698, 699, 701, 702, 703, 705, 706, 707, 709, 711, 714, 716, 719, 723, 728, 732, 736, 741, 747, 753, 759, 764, 770, 777, 784, 792, 800, 808, 817, 825, 833, 843, 855, 865]
[0, 778, 772, 767, 762, 758, 755, 743, 747, 737, 743, 741, 738, 735, 734, 731, 729, 727, 0, 0, 522, 516, 514, 514, 518, 525, 0, 716, 718, 719, 720, 721, 722, 724, 727, 729, 731, 734, 737, 742, 746, 750, 755, 760, 741, 770, 753, 775, 781, 787, 795, 802, 810, 818, 826, 834, 843, 854, 863, 871, 880]
[0, 778, 785, 778, 773, 769, 764, 760, 757, 754, 751, 749, 746, 743, 740, 737, 736, 734, 0, 0, 521, 516, 513, 514, 518, 524, 0, 721, 722, 723, 725, 726, 728, 729, 731, 733, 735, 739, 743, 747, 751, 755, 760, 765, 769, 774, 780, 787, 794, 799, 806, 814, 822, 829, 837, 847, 857, 867, 875, 884, 893]
[0, 785, 785, 778, 773, 769, 765, 761, 758, 756, 753, 749, 746, 743, 740, 737, 735, 734, 0, 0, 521, 516, 513, 514, 520, 529, 0, 731, 731, 731, 732, 734, 737, 738, 740, 743, 746, 749, 752, 756, 761, 765, 769, 765, 780, 774, 792, 787, 804, 811, 806, 825, 822, 841, 837, 859, 857, 869, 886, 884, 895]
[0, 800, 795, 788, 782, 778, 773, 769, 766, 763, 760, 758, 755, 751, 749, 746, 744, 734, 0, 527, 517, 513, 512, 514, 520, 528, 0, 731, 731, 731, 733, 736, 737, 739, 741, 743, 746, 749, 752, 753, 762, 765, 766, 770, 775, 781, 787, 793, 801, 807, 813, 819, 828, 835, 843, 853, 862, 871, 879, 888, 899]
[0, 799, 792, 786, 781, 776, 772, 768, 765, 762, 760, 757, 754, 750, 748, 745, 743, 734, 0, 525, 517, 513, 513, 515, 520, 528, 0, 0, 740, 740, 742, 744, 746, 747, 749, 751, 754, 756, 760, 764, 767, 771, 777, 782, 787, 794, 800, 805, 811, 819, 826, 832, 839, 848, 858, 866, 876, 884, 892, 902, 914]
[0, 799, 804, 798, 792, 787, 782, 778, 775, 771, 768, 766, 763, 760, 757, 755, 754, 734, 0, 0, 520, 514, 511, 0, 521, 528, 0, 738, 739, 741, 741, 744, 746, 747, 750, 751, 754, 757, 761, 765, 769, 774, 778, 783, 789, 794, 800, 807, 813, 820, 827, 834, 842, 851, 860, 869, 877, 886, 892, 906, 918]
[0, 832, 828, 821, 815, 811, 782, 804, 775, 801, 797, 794, 791, 788, 785, 782, 782, 780, 0, 0, 518, 513, 511, 512, 520, 531, 0, 750, 739, 751, 741, 753, 754, 755, 756, 759, 762, 765, 768, 771, 775, 780, 785, 790, 796, 802, 808, 815, 822, 827, 833, 841, 849, 857, 867, 875, 883, 892, 901, 912, 924]
[0, 833, 828, 823, 819, 814, 810, 806, 802, 799, 796, 792, 789, 786, 785, 783, 782, 781, 0, 522, 518, 514, 511, 512, 517, 527, 0, 775, 778, 779, 781, 782, 783, 787, 789, 791, 794, 765, 799, 803, 807, 811, 815, 821, 827, 832, 837, 844, 851, 859, 867, 874, 881, 889, 897, 906, 918, 928, 937, 947, 957]
[0, 843, 836, 831, 827, 823, 818, 814, 811, 808, 804, 801, 799, 796, 793, 783, 791, 790, 0, 522, 522, 514, 511, 511, 516, 524, 0, 777, 778, 779, 780, 781, 784, 786, 787, 790, 794, 798, 801, 805, 810, 815, 819, 824, 830, 835, 842, 849, 856, 859, 864, 878, 886, 889, 893, 903, 914, 924, 934, 943, 955]
[0, 845, 837, 833, 828, 824, 820, 816, 812, 809, 805, 802, 800, 798, 795, 793, 791, 790, 0, 523, 515, 514, 511, 511, 515, 523, 0, 785, 786, 788, 790, 792, 793, 795, 798, 801, 803, 807, 810, 815, 819, 823, 828, 833, 838, 845, 853, 860, 866, 873, 880, 878, 887, 895, 903, 924, 914, 934, 944, 954, 965]
[0, 865, 859, 853, 846, 840, 837, 833, 830, 826, 824, 822, 819, 817, 815, 813, 791, 810, 0, 0, 520, 514, 511, 511, 515, 521, 0, 0, 786, 787, 790, 792, 793, 795, 798, 801, 804, 808, 811, 815, 819, 823, 828, 833, 839, 845, 853, 860, 866, 872, 880, 887, 895, 904, 914, 924, 924, 945, 954, 954, 965]
[0, 862, 856, 851, 845, 839, 837, 835, 832, 829, 825, 823, 821, 819, 816, 813, 811, 810, 0, 0, 516, 511, 510, 0, 515, 523, 0, 806, 809, 810, 811, 813, 815, 817, 820, 823, 827, 830, 832, 836, 840, 845, 853, 859, 864, 870, 875, 881, 887, 895, 880, 913, 895, 923, 931, 939, 949, 959, 971, 984, 996]
[0, 890, 884, 879, 874, 870, 866, 863, 859, 855, 851, 848, 844, 840, 839, 837, 836, 810, 0, 521, 516, 510, 510, 512, 515, 523, 0, 808, 808, 810, 812, 814, 817, 819, 823, 826, 827, 828, 831, 834, 838, 844, 851, 857, 862, 867, 874, 880, 887, 894, 901, 911, 921, 930, 938, 947, 957, 968, 980, 993, 1004]
[0, 893, 881, 876, 874, 872, 868, 865, 861, 857, 854, 852, 849, 845, 842, 839, 838, 810, 0, 0, 515, 510, 509, 512, 520, 523, 0, 0, 833, 834, 836, 838, 840, 843, 846, 850, 854, 858, 863, 867, 870, 873, 879, 885, 889, 895, 901, 909, 916, 924, 932, 940, 949, 957, 968, 979, 989, 1000, 1012, 1023, 1036]
[0, 898, 893, 887, 881, 878, 874, 871, 867, 864, 862, 859, 856, 854, 851, 850, 849, 810, 0, 521, 513, 509, 509, 509, 516, 524, 0, 834, 835, 836, 838, 840, 843, 847, 849, 853, 857, 861, 865, 869, 873, 877, 881, 886, 892, 897, 904, 912, 919, 926, 935, 944, 951, 959, 971, 982, 992, 1002, 1012, 1025, 1038]
[0, 903, 897, 890, 884, 880, 876, 873, 870, 867, 864, 861, 858, 856, 853, 852, 850, 810, 0, 523, 513, 509, 509, 509, 518, 524, 0, 844, 846, 848, 850, 852, 855, 858, 860, 864, 868, 871, 874, 878, 883, 888, 892, 897, 904, 911, 917, 924, 932, 939, 946, 955, 964, 974, 985, 995, 1005, 1017, 1029, 1041, 1054]
[0, 899, 894, 889, 883, 879, 875, 872, 869, 866, 863, 861, 858, 855, 853, 851, 849, 810, 0, 520, 513, 513, 510, 510, 518, 524, 0, 845, 847, 850, 852, 855, 857, 859, 862, 865, 868, 872, 877, 880, 884, 888, 894, 899, 904, 911, 919, 927, 932, 939, 947, 955, 967, 979, 987, 997, 1006, 1017, 1029, 1041, 1055]
[0, 899, 894, 888, 883, 879, 875, 872, 868, 865, 863, 861, 858, 855, 853, 850, 849, 810, 0, 520, 520, 513, 510, 509, 513, 520, 0, 0, 846, 848, 850, 853, 856, 859, 861, 864, 867, 870, 875, 878, 882, 886, 891, 896, 902, 908, 915, 922, 930, 937, 944, 952, 961, 971, 982, 992, 1002, 1013, 1024, 1036, 1049]
[0, 960, 954, 949, 883, 940, 875, 936, 933, 929, 925, 922, 919, 917, 915, 913, 912, 810, 0, 523, 513, 509, 508, 509, 513, 520, 0, 0, 846, 848, 850, 853, 856, 859, 862, 864, 867, 870, 875, 878, 882, 886, 891, 897, 903, 908, 916, 923, 930, 938, 944, 953, 962, 972, 984, 994, 1003, 1015, 1025, 1037, 1052]
[0, 960, 955, 949, 944, 940, 936, 933, 929, 924, 921, 922, 917, 914, 915, 913, 911, 810, 0, 0, 514, 510, 508, 509, 514, 526, 0, 907, 910, 913, 913, 914, 916, 920, 925, 928, 932, 936, 940, 945, 950, 955, 961, 969, 976, 983, 991, 998, 1005, 1014, 1021, 1031, 1041, 1050, 1063, 1075, 1087, 1099, 1113, 1129, 1144]
[0, 960, 955, 953, 948, 944, 940, 936, 933, 928, 923, 921, 918, 914, 913, 912, 911, 810, 0, 521, 513, 509, 509, 509, 514, 524, 0, 908, 910, 912, 913, 914, 916, 920, 925, 929, 932, 936, 940, 945, 950, 955, 961, 968, 976, 983, 992, 999, 1006, 1015, 1023, 1033, 1043, 1053, 1064, 1076, 1088, 1101, 1116, 1131, 1147]
[0, 960, 974, 965, 959, 953, 950, 947, 944, 940, 937, 933, 931, 928, 925, 924, 923, 810, 0, 521, 513, 509, 509, 511, 518, 524, 0, 911, 912, 914, 914, 916, 918, 922, 927, 929, 935, 938, 943, 945, 949, 953, 956, 963, 972, 980, 987, 994, 1000, 1008, 1018, 1028, 1037, 1046, 1057, 1070, 1082, 1092, 1107, 1123, 1139]
[0, 977, 968, 961, 956, 951, 947, 944, 942, 940, 937, 934, 932, 930, 928, 926, 924, 810, 0, 523, 513, 509, 508, 511, 518, 524, 0, 925, 926, 928, 930, 0, 931, 934, 937, 940, 943, 947, 952, 957, 962, 967, 974, 982, 988, 995, 1002, 1009, 1017, 1025, 1034, 1043, 1053, 1065, 1075, 1086, 1098, 1113, 1128, 1143, 1158]
[0, 1017, 1011, 1005, 999, 994, 990, 986, 983, 979, 937, 975, 971, 968, 966, 965, 961, 810, 0, 522, 513, 509, 508, 509, 515, 0, 0, 924, 927, 927, 928, 931, 933, 935, 939, 943, 946, 950, 954, 959, 965, 972, 979, 986, 993, 999, 1006, 1009, 1013, 1022, 1031, 1040, 1051, 1063, 1072, 1083, 1095, 1109, 1123, 1139, 1155]
[0, 1020, 1014, 1008, 1002, 997, 991, 987, 984, 980, 977, 972, 968, 966, 965, 964, 962, 810, 0, 0, 516, 510, 507, 508, 515, 0, 0, 967, 965, 967, 969, 972, 974, 979, 984, 988, 992, 996, 1000, 1005, 1010, 1017, 1024, 1030, 1036, 1043, 1052, 1060, 1069, 1080, 1031, 1099, 1051, 1124, 1137, 1083, 1152, 1166, 1178, 1191, 1204]
[0, 1019, 1012, 1005, 1001, 995, 991, 987, 983, 980, 974, 970, 968, 967, 965, 964, 961, 810, 0, 0, 514, 509, 508, 509, 512, 520, 0, 0, 965, 966, 967, 969, 972, 977, 981, 986, 990, 993, 998, 1002, 1008, 1013, 1020, 1027, 1034, 1040, 1047, 1056, 1067, 1075, 1083, 1093, 1104, 1118, 1131, 1145, 1158, 1172, 1185, 1198, 1213]
[0, 1080, 1073, 1066, 1060, 1054, 1048, 1042, 1039, 1035, 1031, 1029, 1026, 1023, 1022, 1021, 1020, 810, 0, 0, 514, 509, 507, 509, 514, 524, 0, 0, 965, 966, 969, 971, 975, 979, 983, 988, 992, 995, 999, 1004, 1009, 1016, 1023, 1029, 1036, 1042, 1050, 1059, 1068, 1079, 1087, 1096, 1107, 1120, 1133, 1147, 1162, 1176, 1188, 1200, 1213]
[0, 1096, 1089, 1082, 1077, 1071, 1065, 1060, 1056, 1052, 1047, 1044, 1041, 1039, 1038, 1036, 1035, 810, 0, 517, 514, 510, 507, 508, 512, 521, 0, 0, 1024, 1026, 1028, 1032, 1035, 1038, 1041, 1044, 1047, 1053, 1060, 1066, 1073, 1078, 1083, 1090, 1100, 1108, 1116, 1126, 1135, 1145, 1157, 1167, 1177, 1189, 1202, 1218, 1231, 1243, 1258, 1277, 1297]
[0, 1096, 1089, 1082, 1077, 1070, 1065, 1060, 1056, 1052, 1047, 1044, 1041, 1039, 1038, 1035, 1034, 810, 0, 517, 514, 510, 507, 508, 511, 518, 0, 1039, 1040, 1042, 1044, 1048, 1051, 1055, 1059, 1063, 1068, 1073, 1060, 1078, 1084, 1090, 1097, 1105, 1112, 1122, 1130, 1139, 1151, 1160, 1168, 1179, 1191, 1203, 1217, 1231, 1245, 1258, 1273, 1290, 1297]
[0, 1108, 1099, 1092, 1086, 1082, 1077, 1071, 1066, 1062, 1059, 1057, 1055, 1053, 1052, 1048, 1049, 810, 0, 0, 513, 507, 506, 508, 511, 517, 0, 1038, 1039, 1041, 1044, 1048, 1052, 1056, 1059, 1064, 1068, 1068, 1073, 1078, 1084, 1090, 1097, 1105, 1112, 1122, 1130, 1140, 1150, 1160, 1169, 1179, 1191, 1204, 1217, 1231, 1245, 1259, 1273, 1291, 1297]
[0, 1107, 1099, 1092, 1086, 1080, 1073, 1068, 1065, 1062, 1059, 1057, 1057, 1054, 1051, 1049, 1048, 810, 0, 521, 512, 508, 507, 508, 513, 523, 0, 0, 1053, 1056, 1058, 1060, 1063, 1067, 1071, 1076, 1080, 1084, 1090, 1096, 1101, 1109, 1116, 1123, 1132, 1141, 1151, 1160, 1168, 1177, 1189, 1202, 1214, 1226, 1240, 1255, 1268, 1284, 1301, 1291, 1328]
[0, 1151, 1144, 1135, 1128, 1122, 1116, 1109, 1104, 1100, 1097, 1094, 1090, 1088, 1086, 1086, 1086, 810, 0, 521, 515, 509, 507, 507, 513, 523, 0, 0, 1054, 1057, 1059, 1061, 1064, 1069, 1074, 1076, 1080, 1086, 1091, 1097, 1104, 1111, 1119, 1128, 1137, 1144, 1153, 1162, 1171, 1181, 1193, 1206, 1218, 1233, 1240, 1246, 1260, 1274, 1291, 1291, 1328]
[0, 1147, 1139, 1130, 1124, 1119, 1113, 1107, 1103, 1099, 1094, 1094, 1091, 1089, 1087, 1087, 1086, 810, 0, 519, 511, 506, 507, 506, 511, 520, 0, 1092, 1095, 1097, 1059, 1100, 1103, 1106, 1110, 1116, 1122, 1126, 1132, 1139, 1146, 1154, 1160, 1166, 1173, 1180, 1189, 1199, 1212, 1225, 1237, 1250, 1262, 1276, 1292, 1312, 1327, 1340, 1357, 1373, 1391]
[0, 1179, 1171, 1165, 1159, 1154, 1148, 1140, 1136, 1133, 1129, 1125, 1122, 1120, 1119, 1118, 1086, 810, 0, 520, 513, 507, 506, 508, 516, 520, 0, 0, 1095, 1098, 1100, 1103, 1106, 1109, 1114, 1119, 1125, 1131, 1137, 1143, 1150, 1158, 1164, 1170, 1178, 1186, 1195, 1199, 1206, 1219, 1232, 1244, 1257, 1271, 1287, 1300, 1327, 1325, 1350, 1366, 1383]
[0, 1175, 1168, 1161, 1155, 1150, 1143, 1138, 1134, 1133, 1131, 1128, 1123, 1120, 1118, 1118, 1117, 810, 0, 520, 510, 507, 506, 506, 513, 523, 0, 0, 1130, 1131, 1134, 1136, 1139, 1142, 1145, 1151, 1158, 1163, 1167, 1172, 1178, 1185, 1194, 1203, 1212, 1222, 1232, 1242, 1253, 1268, 1280, 1292, 1306, 1323, 1340, 1355, 1371, 1386, 1405, 1425, 1383]
[0, 1211, 1206, 1198, 1192, 1187, 1143, 1182, 1178, 1174, 1171, 1168, 1165, 1163, 1162, 1162, 1161, 810, 0, 517, 509, 507, 507, 507, 517, 523, 0, 0, 1131, 1133, 1136, 1137, 1139, 1142, 1147, 1155, 1159, 1164, 1170, 1175, 1182, 1190, 1196, 1205, 1218, 1227, 1237, 1242, 1261, 1274, 1280, 1285, 1298, 1315, 1330, 1345, 1360, 1379, 1396, 1413, 1383]
[0, 1212, 1205, 1198, 1198, 1192, 1187, 1182, 1178, 1174, 1171, 1168, 1165, 1163, 1162, 1162, 1161, 810, 0, 516, 509, 507, 506, 507, 510, 517, 0, 1172, 1170, 1172, 1174, 1177, 1179, 1183, 1190, 1197, 1206, 1218, 1225, 1232, 1244, 1255, 1259, 1262, 1269, 1276, 1237, 1286, 1300, 1313, 1325, 1339, 1353, 1367, 1381, 1394, 1411, 1431, 1453, 1474, 1493]
[0, 1230, 1225, 1216, 1206, 1200, 1196, 1192, 1187, 1183, 1171, 1177, 1165, 1175, 1172, 1171, 1170, 810, 0, 518, 511, 507, 506, 507, 510, 517, 0, 1172, 1169, 1172, 1174, 1176, 1178, 1182, 1190, 1196, 1206, 1217, 1224, 1232, 1244, 1255, 1259, 1262, 1269, 1276, 1286, 1300, 1314, 1326, 1325, 1339, 1353, 1366, 1381, 1394, 1411, 1431, 1453, 1476, 1495]
[0, 1230, 1232, 1222, 1214, 1208, 1201, 1195, 1191, 1188, 1184, 1180, 1179, 1177, 1174, 1173, 1173, 810, 0, 0, 515, 509, 507, 507, 515, 517, 0, 0, 1180, 1182, 1184, 1187, 1190, 1196, 1207, 1215, 1221, 1227, 1234, 1244, 1252, 1259, 1264, 1271, 1281, 1289, 1301, 1316, 1329, 1341, 1351, 1363, 1377, 1389, 1403, 1423, 1447, 1468, 1485, 1501, 1517]
[0, 1237, 1230, 1222, 1213, 1206, 1200, 1196, 1191, 1187, 1184, 1180, 1178, 1177, 1175, 1174, 1173, 810, 0, 0, 513, 508, 507, 507, 511, 519, 0, 1182, 1185, 1186, 1190, 1195, 1197, 1202, 1212, 1222, 1228, 1234, 1239, 1247, 1254, 1259, 1261, 1270, 1278, 1289, 1297, 1307, 1321, 1335, 1346, 1357, 1370, 1382, 1396, 1412, 1431, 1456, 1478, 1495, 1507]
[0, 1232, 1224, 1216, 1207, 1206, 1201, 1196, 1193, 1189, 1186, 1182, 1179, 1177, 1175, 1173, 1173, 810, 0, 0, 515, 509, 507, 507, 511, 520, 0, 1181, 1185, 1189, 1190, 1194, 0, 1197, 1204, 1217, 1223, 1226, 1236, 1244, 1250, 1254, 1260, 1272, 1279, 1286, 1296, 1309, 1325, 1338, 1348, 1358, 1370, 1384, 1400, 1416, 1438, 1461, 1479, 1498, 1513]
[0, 1328, 1312, 1305, 1298, 1290, 1285, 0, 1277, 1189, 1273, 1269, 1265, 1263, 1263, 1264, 1262, 810, 0, 0, 509, 509, 507, 507, 510, 517, 0, 1183, 1182, 1187, 1190, 1194, 1196, 1201, 1211, 1221, 1229, 1235, 1243, 1251, 1257, 1264, 1271, 1279, 1286, 1295, 1306, 1309, 1335, 1338, 1347, 1355, 1367, 1381, 1396, 1414, 1433, 1454, 1473, 1488, 1500]
[0, 1334, 1312, 1320, 1307, 1302, 1296, 1291, 1287, 1283, 1280, 1279, 1278, 1279, 1278, 1276, 1262, 810, 0, 519, 511, 507, 506, 507, 516, 517, 0, 0, 1275, 1277, 1279, 1283, 1288, 1291, 1292, 1296, 1301, 1301, 1305, 1312, 1316, 1320, 1324, 1331, 1338, 1346, 1353, 1361, 1368, 1377, 1385, 1394, 1403, 1415, 1428, 1440, 1453, 1469, 1485, 1488, 1516]
[0, 1378, 1373, 1369, 1360, 1349, 1342, 1340, 1287, 1283, 1331, 1323, 1322, 1319, 1316, 1314, 1313, 810, 0, 0, 513, 508, 506, 507, 516, 517, 0, 0, 1288, 1289, 1292, 1294, 1294, 1292, 1295, 1297, 1299, 1303, 1306, 1310, 1313, 1317, 1323, 1328, 1336, 1343, 1350, 1359, 1366, 1375, 1384, 1393, 1401, 1411, 1424, 1437, 1450, 1464, 1481, 1496, 1510]
[0, 1387, 0, 1376, 1360, 1370, 1364, 1359, 1356, 1350, 1345, 1340, 1322, 1335, 1332, 1326, 1322, 810, 0, 0, 515, 509, 507, 507, 511, 520, 0, 1290, 1290, 1291, 1291, 1291, 1292, 1295, 1296, 1297, 1300, 1303, 1306, 1310, 1314, 1320, 1323, 1325, 1331, 1339, 1345, 1351, 1361, 1371, 1379, 1387, 1395, 1406, 1416, 1430, 1444, 1457, 1472, 1488, 1500]
[0, 1422, 1410, 1400, 1394, 1390, 1385, 1379, 1373, 1367, 1362, 1357, 1353, 1347, 1337, 1328, 1322, 810, 0, 521, 512, 507, 506, 507, 511, 519, 0, 1294, 1289, 1287, 1288, 1289, 1290, 1292, 1295, 1297, 1299, 1301, 1306, 1312, 1316, 1319, 1323, 1331, 1337, 1343, 1352, 1351, 1370, 1371, 1378, 1386, 1395, 1404, 1414, 1429, 1441, 1455, 1472, 1487, 1499]
[0, 1422, 1410, 1400, 1395, 1390, 1385, 1380, 1374, 1367, 1362, 1357, 1353, 1346, 1337, 1328, 1322, 810, 0, 521, 512, 507, 506, 509, 511, 519, 0, 0, 1288, 1289, 1291, 1291, 1290, 1292, 1295, 1297, 1298, 1302, 1305, 1309, 1312, 1316, 1322, 1328, 1334, 1341, 1349, 1356, 1363, 1373, 1383, 1392, 1400, 1410, 1421, 1435, 1450, 1462, 1478, 1494, 1508]
[0, 1422, 1410, 0, 1419, 1409, 1403, 1396, 1387, 1373, 1363, 1355, 1347, 1343, 1337, 1329, 1322, 810, 0, 521, 512, 507, 506, 509, 514, 519, 0, 0, 1288, 1288, 1290, 1288, 1288, 1292, 1295, 1296, 1298, 1301, 1304, 1307, 1312, 1316, 1320, 1326, 1334, 1341, 1349, 1356, 1363, 1372, 1383, 1392, 1402, 1411, 1421, 1433, 1448, 1462, 1478, 1495, 1509]
[0, 1471, 1451, 1438, 1424, 1412, 1400, 1391, 1382, 1371, 1363, 1355, 1347, 1348, 1340, 1332, 1325, 810, 0, 519, 510, 507, 506, 507, 515, 519, 0, 0, 1288, 1287, 1288, 1288, 1286, 1289, 1293, 1296, 1297, 1300, 1304, 1307, 1312, 1316, 1320, 1326, 1334, 1341, 1348, 1355, 1363, 1372, 1380, 1390, 1401, 1413, 1423, 1434, 1447, 1461, 1478, 1495, 1509]
[0, 1464, 1450, 1437, 1423, 1412, 1399, 1388, 1379, 1371, 1370, 1363, 1355, 1348, 1339, 1329, 1322, 810, 0, 519, 517, 509, 507, 507, 517, 519, 0, 0, 1287, 1286, 1288, 1288, 1288, 1291, 1291, 1293, 1297, 1300, 1305, 1308, 1312, 1319, 1321, 1325, 1335, 1341, 1349, 1359, 1365, 1373, 1382, 1391, 1401, 1403, 1422, 1434, 1435, 1451, 1466, 1484, 1499]
[0, 1475, 1459, 1444, 1431, 1417, 1404, 1393, 1384, 1375, 1367, 1359, 1350, 1343, 1336, 1329, 1322, 810, 0, 0, 512, 507, 507, 509, 511, 519, 0, 1291, 1286, 1286, 1285, 1287, 1290, 1291, 1293, 1297, 1299, 1302, 1306, 1310, 1313, 1318, 1322, 1328, 1335, 1343, 1349, 1350, 1357, 1364, 1372, 1383, 1395, 1405, 1416, 1428, 1443, 1455, 1471, 1487, 1499]
[0, 1475, 1459, 1444, 1430, 1416, 1404, 1393, 1384, 1374, 1366, 1359, 1350, 1343, 1336, 1328, 1322, 810, 0, 0, 515, 509, 507, 509, 511, 519, 0, 0, 1288, 1288, 1287, 1287, 1289, 1291, 1293, 1294, 1297, 1299, 1303, 1308, 1312, 1316, 1321, 1327, 1334, 1341, 1349, 1355, 1363, 1373, 1382, 1391, 1399, 1409, 1421, 1432, 1447, 1461, 1477, 1493, 1507]
[0, 1468, 1452, 1437, 1422, 1411, 1400, 1390, 1379, 1370, 1363, 1355, 1347, 1339, 1331, 1328, 1325, 810, 0, 521, 512, 509, 507, 509, 511, 519, 0, 0, 1287, 1287, 1288, 1289, 1288, 1290, 1293, 1295, 1296, 1300, 1303, 1305, 1308, 1315, 1319, 1323, 1331, 1340, 1348, 1354, 1362, 1371, 1381, 1390, 1400, 1412, 1423, 1434, 1447, 1461, 1477, 1494, 1508]
[0, 1458, 1445, 1437, 1430, 1417, 1405, 1394, 1385, 1374, 1366, 1358, 1349, 1343, 1336, 1327, 1321, 810, 0, 0, 518, 511, 509, 511, 519, 519, 0, 1294, 1286, 1286, 1286, 1287, 1288, 1290, 1291, 1293, 1296, 1300, 1305, 1307, 1311, 1317, 1319, 1322, 1328, 1339, 1348, 1347, 1353, 1363, 1372, 1379, 1390, 1403, 1414, 1427, 1442, 1454, 1470, 1486, 1498]
[0, 1474, 1458, 1443, 1429, 1415, 1404, 1393, 1383, 1374, 1365, 1356, 1347, 1339, 1333, 1327, 1321, 810, 0, 0, 515, 510, 509, 511, 519, 519, 0, 1287, 1286, 1289, 1287, 0, 1286, 1287, 1289, 1290, 1293, 1295, 1297, 1302, 1307, 1311, 1314, 1320, 1327, 1335, 1341, 1348, 1356, 1368, 1376, 1382, 1395, 1406, 1416, 1429, 1443, 1456, 1472, 1490, 1506]
[0, 1468, 1452, 1437, 1423, 1411, 1402, 1392, 1382, 1372, 1363, 1355, 1347, 1339, 1331, 1325, 1321, 810, 0, 0, 513, 508, 508, 0, 517, 519, 0, 0, 1287, 1287, 1285, 1284, 1286, 1289, 1292, 1294, 1294, 1296, 1302, 1306, 1311, 1314, 1319, 1323, 1327, 1336, 1344, 1348, 1358, 1371, 1379, 1388, 1399, 1408, 1419, 1433, 1446, 1460, 1477, 1493, 1508]
[0, 1465, 1450, 1436, 1422, 1411, 1398, 1392, 1379, 1372, 1370, 1361, 1351, 1344, 1338, 1329, 1322, 810, 0, 0, 513, 508, 510, 511, 519, 519, 0, 0, 1287, 1286, 1286, 1287, 1287, 1289, 1290, 1292, 1293, 1296, 1303, 1307, 1310, 1314, 1317, 1325, 1334, 1340, 1344, 1352, 1361, 1370, 1378, 1386, 1399, 1412, 1419, 1422, 1435, 1450, 1463, 1479, 1495]
[0, 1461, 1450, 1437, 1423, 1411, 1399, 1390, 1381, 1371, 1363, 1354, 1346, 1344, 1339, 1332, 1325, 810, 0, 522, 514, 510, 510, 511, 514, 522, 0, 1283, 1283, 1286, 1285, 1286, 1289, 1290, 1292, 1296, 1298, 1298, 1298, 1302, 1310, 1314, 1316, 1318, 1325, 1333, 1340, 1345, 1353, 1362, 1370, 1378, 1387, 1400, 1413, 1424, 1436, 1449, 1467, 1484, 1497]
[0, 1469, 1454, 1442, 1428, 1413, 1402, 1392, 1382, 1373, 1364, 1355, 1346, 1339, 1330, 1324, 1320, 810, 0, 0, 515, 510, 509, 512, 514, 519, 0, 1292, 1285, 1286, 1286, 1286, 1284, 1284, 1288, 1291, 1295, 1298, 1303, 1306, 1309, 1314, 1317, 1322, 1328, 1337, 1344, 1352, 1361, 1370, 1378, 1387, 1387, 1398, 1411, 1421, 1434, 1448, 1461, 1477, 1494]
[0, 1460, 1446, 1432, 1428, 1408, 1402, 1395, 1386, 1378, 1368, 1359, 1350, 1340, 1332, 1327, 1321, 810, 0, 0, 521, 513, 511, 512, 517, 519, 0, 0, 1287, 1287, 1285, 1285, 1287, 1289, 1291, 1293, 1295, 1298, 1299, 1302, 1308, 1311, 1314, 1320, 1327, 1334, 1344, 1350, 1356, 1368, 1379, 1388, 1397, 1408, 1420, 1431, 1443, 1458, 1476, 1491, 1505]
[0, 1468, 1451, 1436, 1423, 1411, 1401, 1391, 1380, 1371, 1362, 1352, 1344, 1335, 1327, 1322, 1316, 810, 0, 0, 516, 511, 511, 512, 516, 527, 0, 1287, 1284, 1282, 1285, 1285, 1287, 1289, 1288, 1289, 1291, 1295, 1299, 1303, 1308, 1306, 1311, 1321, 1330, 1339, 1347, 1354, 1363, 1374, 1385, 1398, 1411, 1422, 1433, 1444, 1458, 1470, 1484, 1499, 1505]
[0, 1456, 1442, 1429, 1418, 1407, 1401, 1394, 1382, 1374, 1367, 1356, 1348, 1339, 1332, 1325, 1320, 810, 0, 0, 522, 515, 512, 513, 519, 527, 0, 1289, 1285, 1285, 1285, 1285, 1285, 1288, 1291, 1293, 1293, 1296, 1300, 1303, 1308, 1313, 1318, 1326, 1335, 1344, 1353, 1363, 1374, 1385, 1397, 1408, 1420, 1429, 1438, 1451, 1458, 1463, 1477, 1491, 0]
[0, 1473, 1457, 1439, 1423, 1413, 1403, 1391, 1382, 1373, 1364, 1355, 1346, 1339, 1332, 1323, 1317, 810, 0, 0, 520, 514, 513, 514, 519, 527, 0, 1285, 1281, 1280, 1282, 1285, 1287, 1289, 1292, 1296, 1293, 1301, 1307, 1311, 1315, 1319, 1324, 1331, 1338, 1345, 1351, 1357, 1370, 1381, 1390, 1401, 1413, 1422, 1433, 1446, 1457, 1471, 1484, 1498, 1505]
[0, 1461, 1446, 1430, 1419, 1410, 1398, 1385, 1376, 1369, 1364, 1356, 1346, 1343, 1337, 1328, 1321, 810, 0, 0, 517, 514, 514, 514, 0, 527, 0, 0, 1282, 1285, 1285, 1286, 1287, 1288, 1290, 1293, 1296, 1302, 1310, 1312, 1317, 1322, 1325, 1331, 1341, 1349, 1354, 1361, 1373, 1386, 1392, 1403, 1413, 1425, 1437, 1448, 1463, 1476, 1492, 1494, 1499]
[0, 1470, 1454, 1442, 1426, 1413, 1403, 1392, 1381, 1373, 1362, 1353, 1346, 1337, 1329, 1323, 1317, 810, 0, 0, 522, 515, 513, 515, 517, 526, 0, 1286, 1286, 1286, 1288, 1289, 1294, 1299, 1301, 1304, 1305, 1308, 1311, 1312, 1318, 1324, 1329, 1335, 1343, 1352, 1359, 1369, 1373, 1380, 1389, 1398, 1410, 1422, 1433, 1443, 1452, 1465, 1479, 1493, 1503]
[0, 1460, 1445, 1431, 1420, 1409, 1397, 1384, 1375, 1373, 1368, 1357, 1346, 1342, 1333, 1325, 1321, 810, 0, 0, 522, 517, 513, 514, 0, 526, 0, 1286, 1286, 1289, 0, 1291, 1294, 1298, 1301, 1305, 1306, 1307, 1310, 1315, 1317, 1320, 1324, 1332, 1342, 1349, 1355, 1362, 1371, 1381, 1392, 1403, 1413, 1423, 1436, 1449, 1461, 1473, 1487, 1503, 1508]
[0, 1466, 1453, 1438, 1423, 1412, 1402, 1391, 1381, 1372, 1366, 1361, 1356, 1350, 1343, 1338, 1336, 810, 0, 0, 522, 517, 514, 516, 517, 528, 0, 1286, 1287, 1289, 1290, 1293, 1298, 1299, 1301, 1304, 1308, 1311, 1314, 1316, 1320, 1324, 1324, 1326, 1335, 1346, 1352, 1359, 1370, 1380, 1388, 1397, 1411, 1422, 1432, 1444, 1456, 1469, 1483, 1499, 1505]
[0, 1472, 1456, 1442, 1428, 1416, 1404, 1393, 1384, 1374, 1365, 1360, 1357, 1351, 1344, 1341, 1337, 810, 0, 0, 0, 518, 515, 516, 0, 0, 1310, 1301, 1287, 1298, 0, 1300, 1299, 1298, 1301, 1304, 1306, 1307, 1310, 1314, 1318, 1321, 1325, 1332, 1338, 1345, 1353, 1361, 1371, 1382, 1392, 1402, 1412, 1423, 1435, 1448, 1457, 1470, 1487, 1499, 1504]
[0, 1462, 1452, 1442, 1441, 1435, 1430, 1421, 1407, 1393, 1385, 1375, 1364, 1357, 1351, 1342, 1334, 1333, 0, 0, 0, 519, 516, 516, 521, 0, 0, 1299, 1298, 1297, 1298, 1297, 1304, 1307, 1303, 1305, 1308, 1310, 1313, 1316, 1320, 1324, 1327, 1332, 1335, 1351, 1353, 1358, 1365, 1375, 1387, 1397, 1406, 1415, 1430, 1443, 1452, 1466, 1481, 1494, 1502]
[0, 1467, 1457, 1450, 1439, 1431, 1430, 1421, 1408, 1395, 1386, 1374, 1363, 1356, 1352, 1346, 1337, 1331, 0, 0, 0, 521, 517, 517, 521, 0, 0, 1299, 1300, 1299, 1298, 1298, 1298, 1300, 1302, 1304, 1307, 1310, 1313, 1316, 1319, 1324, 1329, 1336, 1343, 1351, 1357, 1364, 1375, 1388, 1394, 1397, 1403, 1417, 1428, 1438, 1452, 1464, 1478, 1492, 1517]
[0, 1478, 1464, 1451, 1440, 1431, 1430, 1420, 1408, 1395, 1386, 1374, 1363, 1356, 1351, 1345, 1337, 1331, 0, 0, 0, 521, 517, 517, 521, 0, 0, 1299, 1299, 1298, 1296, 1297, 1299, 1300, 1301, 1304, 1305, 1308, 1311, 1313, 1317, 1323, 1328, 1334, 1342, 1351, 1358, 1365, 1374, 1385, 1396, 1407, 1419, 1428, 1438, 1451, 1462, 1476, 1492, 1494, 1501]
[0, 1478, 1462, 1450, 1439, 1429, 1417, 1405, 1396, 1395, 1387, 1375, 1364, 1355, 1350, 1346, 1337, 1331, 0, 0, 0, 518, 517, 518, 521, 0, 0, 1299, 1299, 1298, 1296, 1297, 1298, 1300, 1301, 1303, 1305, 1308, 1311, 1313, 1318, 1323, 1328, 1334, 1342, 1351, 1358, 1364, 1373, 1385, 1393, 1407, 1404, 1417, 1427, 1438, 1451, 1460, 1474, 1490, 1513]
[0, 1479, 1466, 1453, 1445, 1434, 1421, 1409, 1399, 1392, 1380, 1368, 1361, 1354, 1347, 1339, 1331, 1331, 0, 0, 526, 520, 518, 518, 523, 0, 0, 1300, 1297, 1296, 1297, 1297, 1297, 1299, 1300, 1302, 1305, 1308, 1312, 1315, 1321, 1325, 1328, 1333, 1341, 1349, 1354, 1363, 1374, 1386, 1395, 1405, 1416, 1427, 1439, 1451, 1459, 1472, 1488, 1488, 1493]
[0, 1477, 1462, 1452, 1442, 1430, 1418, 1405, 1395, 1387, 1378, 1368, 1367, 1355, 1349, 1345, 1337, 1331, 0, 0, 524, 519, 519, 521, 531, 0, 0, 1298, 1298, 1297, 1297, 1299, 1298, 1304, 1307, 1302, 1303, 1306, 1310, 1312, 1313, 1318, 1325, 1331, 1336, 1345, 1354, 1362, 1371, 1382, 1392, 1401, 1412, 1422, 1434, 1448, 1461, 1474, 1486, 1502, 1507]
[0, 1486, 1471, 1457, 1446, 1435, 1424, 1410, 1397, 1390, 1382, 1371, 1361, 1353, 1346, 1338, 1332, 1328, 0, 0, 0, 524, 520, 522, 531, 0, 0, 1300, 1297, 1296, 1297, 1297, 1298, 1300, 1300, 1302, 1305, 1308, 1312, 1314, 1321, 1325, 1327, 1333, 1341, 1346, 1352, 1363, 1373, 1384, 1394, 1405, 1417, 1427, 1438, 1450, 1459, 1472, 1490, 1502, 1490]
