[0, 0, 0, 0, 0, 0, 0, 0, 0, 0, 0, 0, 0, 0, 0, 0, 0, 0, 0, 0, 0, 0, 0, 0, 0, 0, 0, 0, 0, 0, 0, 0, 0, 0, 0, 0, 0, 0, 0, 0, 0, 0, 0, 0, 0, 0, 0, 0, 0, 0, 0, 0, 0, 0, 0, 0, 0, 0, 0, 0, 0]
[0, 533, 528, 525, 521, 517, 513, 510, 508, 504, 502, 500, 498, 496, 494, 492, 490, 489, 487, 486, 484, 483, 483, 483, 483, 482, 482, 482, 482, 482, 482, 482, 483, 483, 483, 484, 485, 486, 487, 489, 494, 496, 497, 499, 506, 0, 0, 388, 381, 378, 375, 374, 375, 377, 380, 386, 0, 0, 556, 566, 573]
[0, 533, 529, 525, 521, 518, 514, 511, 508, 506, 503, 500, 498, 496, 494, 492, 490, 489, 488, 486, 485, 485, 484, 483, 483, 482, 482, 482, 482, 482, 482, 482, 482, 483, 483, 484, 485, 486, 489, 491, 493, 495, 497, 499, 504, 0, 0, 388, 381, 378, 375, 374, 375, 377, 380, 386, 0, 0, 560, 566, 572]
[0, 536, 530, 526, 523, 520, 516, 513, 510, 507, 503, 500, 498, 496, 494, 492, 490, 488, 487, 485, 485, 484, 483, 483, 483, 483, 482, 482, 482, 482, 482, 482, 483, 484, 484, 485, 486, 487, 489, 491, 491, 493, 497, 499, 500, 0, 0, 391, 384, 379, 376, 375, 375, 380, 385, 386, 0, 554, 559, 564, 570]
[0, 534, 530, 524, 521, 518, 514, 511, 508, 506, 503, 500, 498, 496, 494, 492, 490, 489, 488, 486, 485, 484, 484, 483, 483, 482, 482, 482, 482, 482, 482, 483, 483, 483, 483, 484, 485, 486, 487, 489, 491, 496, 497, 499, 506, 0, 0, 387, 381, 377, 375, 374, 375, 377, 381, 386, 0, 0, 555, 566, 573]
[0, 536, 532, 524, 521, 518, 513, 510, 508, 507, 504, 500, 498, 496, 494, 492, 490, 488, 487, 485, 485, 484, 483, 483, 483, 482, 482, 482, 482, 482, 482, 483, 483, 483, 484, 485, 486, 487, 489, 491, 493, 495, 497, 499, 501, 0, 0, 392, 384, 379, 375, 375, 375, 376, 378, 386, 0, 553, 558, 563, 569]
[0, 534, 529, 525, 521, 518, 514, 511, 508, 505, 503, 500, 498, 496, 494, 492, 490, 489, 488, 486, 485, 484, 484, 483, 483, 482, 482, 482, 482, 482, 482, 483, 483, 483, 483, 484, 485, 486, 487, 489, 494, 495, 497, 499, 506, 0, 0, 387, 381, 377, 375, 374, 375, 377, 382, 388, 0, 0, 555, 560, 573]
[0, 536, 532, 528, 524, 520, 517, 513, 510, 507, 502, 500, 498, 496, 494, 492, 490, 488, 487, 486, 485, 484, 483, 483, 483, 482, 482, 482, 482, 482, 482, 483, 483, 484, 483, 485, 485, 487, 488, 491, 493, 495, 496, 498, 500, 0, 0, 391, 384, 379, 376, 375, 375, 376, 379, 388, 0, 553, 558, 564, 570]
[0, 533, 529, 525, 521, 517, 514, 511, 508, 505, 502, 500, 498, 497, 495, 493, 491, 489, 487, 486, 485, 484, 484, 483, 483, 482, 482, 482, 482, 482, 482, 483, 483, 483, 483, 484, 485, 486, 488, 491, 493, 496, 497, 499, 506, 0, 0, 387, 381, 377, 375, 374, 375, 377, 381, 388, 0, 0, 560, 564, 573]
[0, 542, 538, 534, 530, 527, 523, 520, 516, 513, 511, 509, 507, 505, 501, 500, 491, 498, 495, 494, 493, 492, 491, 483, 483, 483, 482, 482, 482, 482, 483, 482, 483, 484, 485, 485, 485, 488, 489, 492, 493, 494, 497, 499, 501, 0, 0, 390, 383, 378, 376, 374, 374, 376, 385, 388, 0, 555, 559, 565, 572]
[0, 539, 538, 534, 531, 523, 520, 517, 513, 513, 509, 506, 504, 502, 501, 499, 498, 497, 495, 494, 492, 491, 491, 490, 490, 489, 490, 490, 489, 490, 490, 490, 491, 491, 493, 494, 495, 496, 497, 499, 500, 503, 505, 509, 501, 0, 392, 390, 383, 376, 376, 374, 375, 378, 383, 388, 0, 563, 567, 574, 580]
[0, 540, 536, 532, 528, 525, 521, 518, 514, 511, 510, 508, 506, 503, 501, 500, 498, 497, 496, 494, 493, 492, 492, 491, 489, 489, 489, 489, 489, 489, 490, 490, 490, 490, 492, 493, 494, 496, 497, 499, 502, 503, 507, 509, 501, 0, 0, 384, 383, 375, 374, 374, 375, 377, 381, 389, 0, 0, 566, 579, 586]
[0, 540, 539, 535, 528, 524, 520, 517, 514, 512, 509, 506, 505, 503, 501, 499, 498, 497, 496, 494, 493, 491, 491, 490, 490, 490, 489, 489, 489, 489, 490, 490, 491, 492, 493, 494, 496, 497, 498, 500, 502, 504, 507, 509, 513, 0, 0, 387, 381, 376, 375, 374, 375, 376, 379, 386, 0, 565, 571, 577, 584]
[0, 542, 538, 534, 530, 527, 523, 520, 516, 513, 509, 506, 507, 504, 503, 499, 498, 496, 495, 494, 493, 492, 491, 490, 489, 489, 489, 489, 489, 489, 490, 490, 490, 491, 492, 493, 496, 497, 498, 500, 502, 504, 507, 509, 515, 0, 0, 386, 381, 376, 374, 374, 375, 376, 380, 386, 0, 565, 571, 577, 584]
[0, 541, 537, 533, 529, 524, 522, 519, 516, 513, 510, 509, 507, 504, 502, 502, 499, 497, 497, 497, 496, 494, 493, 494, 490, 489, 490, 490, 489, 489, 489, 490, 490, 490, 492, 493, 494, 496, 497, 498, 502, 504, 505, 509, 515, 0, 0, 384, 381, 378, 375, 373, 375, 377, 380, 386, 0, 0, 572, 579, 586]
[0, 543, 539, 536, 532, 528, 525, 521, 518, 515, 512, 510, 508, 507, 504, 503, 502, 501, 499, 498, 496, 495, 494, 494, 494, 493, 492, 492, 492, 492, 493, 493, 494, 495, 496, 493, 498, 500, 501, 503, 505, 506, 508, 510, 515, 0, 0, 386, 380, 376, 374, 373, 374, 376, 379, 385, 0, 568, 574, 581, 588]
[0, 543, 539, 535, 532, 528, 525, 521, 518, 515, 512, 510, 508, 507, 504, 503, 502, 501, 499, 496, 496, 496, 495, 494, 494, 493, 492, 492, 493, 493, 494, 494, 495, 495, 496, 497, 498, 499, 501, 503, 505, 507, 509, 511, 514, 0, 0, 390, 382, 377, 375, 374, 374, 378, 383, 385, 0, 567, 573, 580, 587]
[0, 541, 537, 533, 530, 525, 522, 520, 517, 513, 511, 509, 508, 505, 504, 502, 501, 500, 499, 497, 496, 496, 495, 495, 493, 493, 493, 492, 493, 493, 494, 494, 495, 496, 496, 497, 498, 499, 501, 503, 505, 507, 509, 512, 514, 0, 0, 391, 377, 374, 373, 373, 375, 378, 383, 385, 0, 569, 573, 579, 587]
[0, 542, 537, 534, 531, 528, 524, 521, 517, 514, 512, 510, 508, 506, 504, 502, 501, 500, 499, 497, 496, 496, 495, 494, 494, 493, 493, 493, 492, 493, 493, 494, 495, 496, 496, 497, 498, 500, 501, 504, 505, 507, 510, 512, 514, 0, 0, 388, 380, 376, 374, 374, 374, 378, 383, 385, 0, 568, 574, 580, 587]
[0, 544, 541, 537, 533, 530, 527, 523, 520, 518, 515, 513, 511, 509, 508, 506, 505, 503, 502, 501, 500, 498, 498, 497, 494, 493, 493, 492, 493, 493, 494, 494, 495, 495, 496, 498, 498, 499, 501, 503, 505, 507, 509, 511, 514, 0, 0, 382, 380, 377, 374, 373, 373, 377, 383, 385, 0, 567, 573, 579, 586]
[0, 544, 540, 537, 533, 529, 527, 523, 520, 517, 515, 513, 511, 509, 508, 506, 504, 503, 501, 500, 499, 498, 498, 497, 497, 496, 496, 496, 497, 497, 497, 498, 498, 499, 500, 501, 502, 505, 506, 508, 509, 511, 513, 515, 518, 0, 0, 387, 380, 376, 373, 373, 373, 375, 383, 385, 0, 573, 579, 586, 592]
[0, 546, 542, 537, 534, 532, 528, 524, 521, 519, 516, 514, 511, 510, 508, 506, 504, 503, 501, 500, 499, 498, 498, 498, 497, 497, 497, 496, 496, 497, 497, 497, 498, 499, 500, 501, 502, 504, 506, 508, 510, 511, 514, 516, 520, 0, 0, 386, 380, 376, 373, 372, 373, 379, 383, 384, 0, 573, 580, 588, 593]
[0, 549, 544, 541, 537, 533, 530, 527, 524, 522, 519, 516, 514, 513, 511, 510, 509, 508, 506, 504, 503, 502, 500, 497, 497, 496, 496, 497, 496, 496, 497, 497, 498, 499, 500, 500, 502, 503, 505, 507, 508, 511, 513, 517, 520, 0, 391, 382, 378, 376, 373, 372, 374, 377, 383, 384, 0, 573, 583, 589, 595]
[0, 555, 552, 548, 544, 541, 537, 534, 531, 528, 525, 523, 521, 519, 518, 514, 509, 511, 506, 509, 503, 508, 507, 497, 499, 500, 500, 499, 500, 500, 500, 501, 501, 502, 503, 504, 505, 507, 508, 510, 511, 513, 519, 521, 520, 0, 391, 383, 378, 375, 373, 372, 374, 376, 383, 384, 0, 581, 588, 594, 600]
[0, 555, 551, 547, 544, 540, 537, 534, 531, 527, 525, 523, 521, 519, 518, 516, 514, 513, 510, 509, 509, 508, 507, 506, 505, 506, 506, 506, 506, 506, 507, 508, 508, 508, 510, 511, 512, 513, 514, 518, 520, 522, 524, 527, 520, 0, 0, 383, 378, 375, 373, 372, 372, 375, 383, 384, 0, 588, 594, 600, 606]
[0, 564, 560, 557, 553, 549, 546, 543, 540, 535, 525, 530, 527, 519, 526, 523, 522, 520, 519, 518, 517, 516, 515, 515, 505, 506, 506, 506, 506, 506, 507, 508, 508, 509, 510, 512, 512, 513, 514, 518, 520, 522, 524, 527, 520, 0, 391, 382, 378, 374, 372, 372, 372, 375, 383, 384, 0, 588, 594, 600, 606]
[0, 568, 563, 561, 557, 553, 549, 546, 543, 540, 538, 536, 534, 530, 528, 523, 525, 523, 522, 522, 521, 520, 519, 518, 514, 514, 514, 514, 514, 515, 515, 515, 515, 516, 517, 521, 512, 523, 524, 526, 529, 531, 533, 536, 520, 0, 0, 383, 378, 375, 373, 371, 372, 374, 383, 384, 0, 596, 603, 608, 615]
[0, 568, 563, 561, 557, 553, 549, 546, 543, 540, 538, 534, 532, 530, 528, 527, 525, 523, 522, 522, 521, 520, 519, 518, 518, 518, 517, 517, 518, 519, 519, 519, 519, 520, 521, 521, 522, 526, 528, 530, 532, 535, 537, 540, 547, 0, 0, 383, 377, 374, 371, 371, 372, 374, 383, 384, 0, 600, 606, 612, 618]
[0, 566, 562, 558, 554, 552, 548, 546, 543, 540, 538, 535, 533, 532, 530, 528, 526, 524, 522, 522, 522, 520, 519, 518, 518, 517, 517, 517, 518, 518, 519, 519, 519, 520, 521, 523, 524, 526, 528, 530, 532, 534, 537, 540, 545, 0, 0, 384, 377, 374, 371, 371, 371, 373, 383, 384, 0, 603, 606, 612, 618]
[0, 571, 565, 563, 560, 556, 552, 549, 543, 540, 538, 535, 534, 533, 531, 529, 528, 526, 524, 523, 522, 522, 522, 521, 518, 517, 518, 517, 518, 518, 519, 519, 519, 520, 522, 521, 525, 527, 528, 530, 533, 535, 537, 540, 545, 0, 0, 383, 377, 374, 371, 371, 372, 374, 377, 383, 0, 600, 606, 612, 618]
[0, 571, 567, 565, 561, 557, 553, 549, 544, 542, 538, 537, 535, 533, 531, 530, 528, 526, 526, 525, 524, 523, 522, 522, 521, 520, 520, 520, 521, 521, 521, 522, 522, 524, 524, 525, 527, 529, 531, 533, 534, 537, 540, 542, 544, 0, 0, 386, 379, 374, 371, 371, 371, 376, 377, 383, 0, 0, 607, 613, 627]
[0, 571, 567, 562, 559, 556, 552, 550, 546, 543, 542, 540, 536, 534, 531, 532, 528, 527, 526, 524, 523, 523, 523, 523, 521, 520, 521, 521, 521, 521, 521, 522, 522, 524, 524, 526, 528, 529, 531, 533, 535, 537, 540, 543, 545, 0, 0, 385, 374, 374, 371, 371, 372, 375, 377, 383, 0, 0, 607, 620, 627]
[0, 592, 588, 584, 579, 576, 571, 567, 564, 562, 559, 557, 555, 553, 550, 548, 547, 545, 544, 544, 543, 542, 542, 523, 521, 521, 521, 522, 522, 522, 522, 522, 524, 524, 526, 526, 528, 530, 532, 534, 536, 538, 540, 543, 548, 0, 0, 384, 377, 374, 371, 371, 371, 373, 381, 383, 0, 0, 609, 615, 622]
[0, 592, 587, 582, 578, 574, 571, 567, 565, 562, 560, 557, 556, 554, 551, 549, 547, 545, 545, 544, 543, 542, 541, 540, 540, 540, 540, 540, 540, 540, 540, 541, 542, 543, 544, 546, 547, 549, 551, 553, 555, 557, 560, 562, 566, 0, 0, 383, 377, 373, 370, 370, 369, 371, 381, 383, 0, 0, 632, 639, 653]
[0, 593, 590, 585, 580, 576, 572, 568, 565, 559, 557, 556, 556, 552, 551, 549, 547, 546, 545, 544, 543, 542, 541, 540, 540, 540, 540, 540, 540, 540, 541, 541, 542, 543, 543, 546, 548, 549, 551, 554, 556, 558, 560, 562, 568, 0, 0, 383, 377, 373, 370, 369, 369, 371, 381, 383, 0, 0, 632, 639, 646]
[0, 601, 596, 593, 590, 586, 582, 578, 572, 569, 566, 564, 562, 560, 559, 557, 555, 554, 553, 553, 552, 551, 550, 549, 540, 540, 540, 540, 541, 541, 542, 542, 542, 543, 544, 546, 548, 549, 550, 552, 555, 557, 561, 564, 568, 0, 0, 379, 377, 374, 371, 369, 371, 371, 373, 383, 0, 630, 636, 643, 649]
[0, 599, 596, 592, 588, 584, 580, 577, 573, 570, 568, 566, 563, 561, 560, 558, 556, 554, 552, 552, 551, 551, 551, 549, 549, 549, 549, 540, 549, 549, 549, 550, 551, 552, 553, 554, 556, 557, 559, 561, 564, 565, 570, 573, 568, 0, 0, 385, 378, 371, 370, 369, 370, 372, 376, 383, 0, 642, 646, 652, 660]
[0, 604, 600, 596, 592, 589, 586, 582, 579, 574, 572, 569, 567, 565, 563, 562, 561, 560, 557, 557, 557, 556, 555, 555, 549, 549, 549, 548, 548, 549, 550, 550, 550, 552, 554, 555, 557, 558, 559, 561, 563, 566, 568, 570, 573, 0, 0, 383, 377, 373, 371, 369, 369, 372, 376, 383, 0, 0, 647, 653, 660]
[0, 605, 602, 595, 592, 589, 586, 583, 579, 576, 572, 570, 567, 565, 563, 562, 561, 559, 558, 556, 556, 555, 555, 555, 554, 554, 554, 554, 554, 554, 554, 555, 556, 556, 558, 559, 560, 562, 564, 565, 570, 572, 575, 578, 583, 0, 0, 382, 377, 372, 370, 369, 370, 371, 376, 383, 0, 0, 654, 660, 667]
[0, 604, 600, 596, 593, 589, 586, 583, 577, 575, 572, 569, 568, 564, 563, 562, 561, 559, 558, 557, 556, 556, 555, 555, 555, 554, 554, 554, 554, 555, 555, 555, 555, 556, 558, 559, 560, 562, 564, 567, 570, 572, 574, 577, 580, 0, 0, 378, 373, 370, 369, 368, 369, 371, 373, 383, 0, 0, 650, 656, 669]
[0, 614, 611, 607, 604, 600, 597, 591, 589, 586, 584, 583, 578, 576, 573, 572, 570, 568, 567, 567, 566, 565, 565, 564, 554, 554, 554, 554, 554, 555, 555, 555, 556, 557, 558, 559, 562, 563, 565, 567, 569, 570, 575, 578, 584, 0, 0, 382, 377, 373, 370, 369, 369, 370, 373, 383, 0, 0, 651, 657, 670]
[0, 621, 617, 613, 609, 602, 600, 597, 595, 590, 588, 585, 583, 582, 578, 576, 575, 574, 572, 571, 570, 569, 569, 569, 564, 564, 564, 564, 563, 564, 564, 565, 566, 567, 568, 570, 571, 573, 575, 579, 581, 583, 587, 590, 584, 0, 0, 382, 376, 372, 369, 369, 369, 370, 376, 383, 0, 661, 666, 672, 678]
[0, 621, 615, 611, 608, 605, 602, 599, 593, 591, 588, 587, 582, 580, 579, 577, 576, 574, 572, 572, 571, 570, 570, 569, 568, 568, 568, 568, 569, 568, 569, 570, 571, 572, 573, 575, 576, 580, 582, 584, 585, 589, 591, 594, 596, 0, 0, 383, 376, 372, 368, 368, 368, 369, 375, 381, 0, 669, 672, 677, 683]
[0, 626, 622, 618, 611, 608, 605, 602, 599, 597, 592, 590, 589, 587, 583, 582, 581, 580, 578, 577, 575, 574, 573, 574, 568, 568, 568, 568, 568, 569, 569, 570, 571, 572, 573, 576, 578, 579, 583, 584, 586, 588, 593, 595, 596, 0, 388, 380, 375, 371, 370, 369, 368, 370, 373, 381, 0, 0, 674, 680, 686]
[0, 631, 623, 620, 616, 612, 610, 607, 604, 599, 596, 594, 592, 589, 588, 586, 584, 584, 582, 582, 580, 579, 578, 574, 573, 573, 574, 574, 574, 574, 574, 575, 576, 577, 580, 581, 582, 584, 588, 589, 591, 595, 597, 600, 596, 0, 0, 380, 375, 371, 369, 368, 368, 369, 377, 383, 0, 0, 674, 686, 694]
[0, 630, 626, 622, 619, 615, 612, 606, 604, 602, 599, 596, 593, 591, 590, 588, 586, 585, 585, 584, 582, 581, 580, 578, 577, 578, 578, 578, 577, 577, 578, 580, 580, 581, 582, 584, 586, 588, 590, 591, 595, 597, 599, 602, 605, 0, 0, 383, 376, 369, 368, 367, 369, 372, 374, 383, 0, 0, 680, 686, 701]
[0, 634, 626, 622, 618, 614, 612, 606, 604, 601, 599, 596, 593, 591, 589, 587, 587, 585, 584, 584, 582, 581, 580, 579, 578, 579, 578, 578, 579, 579, 580, 581, 582, 581, 582, 585, 588, 589, 590, 592, 596, 598, 602, 604, 605, 0, 0, 383, 372, 369, 368, 367, 367, 371, 374, 380, 0, 0, 684, 690, 697]
[0, 639, 635, 630, 626, 619, 616, 614, 610, 607, 604, 602, 600, 598, 595, 594, 593, 592, 591, 588, 588, 589, 588, 588, 578, 579, 579, 579, 579, 579, 579, 580, 581, 583, 584, 587, 588, 590, 592, 595, 597, 599, 602, 604, 606, 0, 385, 383, 373, 369, 368, 368, 368, 371, 374, 378, 0, 0, 682, 689, 703]
[0, 656, 650, 647, 643, 639, 636, 630, 626, 622, 620, 616, 614, 613, 611, 609, 607, 606, 605, 603, 603, 602, 600, 600, 587, 587, 587, 587, 588, 588, 588, 589, 591, 592, 593, 595, 597, 599, 600, 602, 604, 608, 611, 613, 616, 0, 0, 382, 372, 370, 368, 368, 368, 371, 374, 380, 0, 0, 695, 702, 709]
[0, 660, 656, 649, 645, 643, 639, 632, 629, 626, 624, 622, 620, 616, 614, 613, 612, 609, 610, 609, 607, 605, 605, 601, 601, 600, 600, 600, 601, 601, 601, 604, 604, 605, 607, 608, 610, 612, 614, 616, 618, 621, 623, 629, 616, 0, 0, 377, 373, 369, 367, 366, 368, 369, 371, 380, 0, 0, 714, 720, 726]
[0, 660, 656, 649, 645, 642, 639, 635, 629, 626, 623, 622, 620, 616, 614, 613, 612, 609, 609, 608, 607, 605, 605, 604, 604, 605, 604, 604, 604, 605, 606, 606, 608, 610, 611, 612, 613, 615, 618, 620, 622, 627, 630, 632, 616, 0, 0, 378, 373, 370, 368, 368, 367, 368, 371, 380, 0, 0, 716, 723, 732]
[0, 660, 655, 651, 647, 642, 639, 635, 631, 625, 623, 622, 620, 617, 614, 613, 611, 610, 609, 608, 607, 605, 605, 605, 604, 604, 604, 604, 605, 605, 606, 607, 608, 609, 611, 613, 614, 615, 616, 621, 623, 625, 628, 631, 634, 0, 0, 383, 376, 372, 368, 367, 368, 370, 373, 380, 0, 0, 714, 727, 734]
[0, 673, 669, 666, 662, 654, 651, 648, 646, 641, 638, 635, 633, 629, 628, 627, 625, 622, 621, 620, 619, 618, 618, 604, 604, 604, 604, 604, 605, 605, 606, 606, 609, 610, 611, 612, 614, 615, 617, 622, 624, 626, 629, 631, 634, 0, 0, 381, 371, 372, 368, 367, 367, 370, 373, 379, 0, 0, 715, 721, 735]
[0, 674, 671, 663, 660, 657, 653, 647, 645, 642, 639, 635, 633, 630, 629, 626, 625, 623, 622, 620, 619, 618, 618, 617, 617, 617, 617, 617, 617, 618, 619, 619, 620, 623, 624, 625, 626, 630, 632, 634, 636, 641, 644, 647, 651, 0, 0, 381, 375, 371, 366, 366, 367, 369, 373, 379, 0, 0, 731, 742, 750]
[0, 674, 672, 667, 664, 662, 655, 652, 649, 647, 644, 639, 637, 636, 634, 631, 630, 629, 628, 626, 625, 624, 623, 616, 616, 616, 616, 616, 616, 617, 617, 619, 620, 622, 622, 625, 627, 629, 633, 635, 637, 640, 645, 646, 655, 0, 0, 379, 373, 369, 368, 367, 367, 368, 372, 379, 0, 0, 730, 744, 751]
[0, 696, 688, 684, 680, 677, 671, 667, 664, 661, 659, 654, 652, 650, 649, 648, 645, 644, 643, 642, 640, 639, 639, 639, 623, 623, 623, 623, 623, 625, 625, 626, 628, 630, 631, 632, 634, 636, 640, 643, 645, 647, 651, 655, 655, 0, 0, 385, 377, 369, 367, 367, 366, 368, 371, 379, 0, 0, 745, 752, 760]
[0, 699, 695, 691, 683, 679, 675, 673, 669, 663, 661, 658, 656, 654, 653, 650, 649, 648, 647, 645, 644, 643, 642, 638, 638, 637, 638, 638, 639, 639, 640, 641, 643, 643, 644, 646, 648, 650, 652, 654, 656, 661, 664, 666, 668, 0, 0, 382, 376, 368, 366, 365, 367, 368, 371, 379, 0, 0, 0, 768, 774]
[0, 706, 702, 697, 693, 686, 681, 679, 676, 673, 670, 665, 663, 661, 660, 656, 655, 654, 653, 651, 650, 649, 649, 642, 642, 642, 641, 642, 643, 644, 645, 646, 647, 647, 649, 650, 651, 654, 658, 660, 662, 664, 667, 672, 668, 0, 0, 383, 375, 368, 366, 365, 366, 369, 371, 379, 0, 0, 762, 768, 784]
[0, 706, 701, 697, 694, 686, 681, 678, 676, 673, 667, 665, 664, 662, 659, 658, 656, 655, 654, 651, 650, 650, 650, 649, 648, 648, 648, 648, 648, 650, 651, 651, 652, 653, 655, 657, 659, 661, 663, 667, 670, 672, 674, 679, 668, 0, 0, 383, 375, 368, 366, 365, 365, 369, 371, 379, 0, 0, 770, 776, 792]
[0, 713, 709, 705, 702, 692, 689, 686, 682, 679, 675, 673, 672, 669, 667, 665, 663, 662, 660, 659, 657, 656, 655, 649, 648, 648, 649, 648, 649, 650, 651, 652, 654, 655, 656, 657, 661, 663, 664, 667, 671, 673, 676, 678, 687, 0, 0, 383, 373, 369, 366, 365, 366, 367, 369, 379, 0, 0, 775, 783, 791]
[0, 715, 707, 704, 700, 696, 693, 684, 681, 679, 676, 674, 670, 669, 667, 665, 663, 660, 659, 658, 658, 657, 655, 655, 654, 655, 655, 655, 656, 658, 659, 660, 661, 663, 664, 666, 668, 668, 673, 674, 677, 679, 684, 687, 687, 0, 385, 383, 371, 369, 366, 365, 366, 367, 370, 379, 0, 0, 0, 792, 800]
[0, 738, 728, 724, 719, 716, 713, 709, 706, 699, 696, 694, 691, 689, 685, 683, 682, 681, 679, 677, 675, 674, 675, 655, 655, 655, 655, 656, 657, 657, 658, 660, 661, 662, 664, 667, 668, 669, 671, 673, 678, 679, 681, 688, 687, 0, 0, 381, 374, 370, 368, 365, 366, 367, 371, 379, 0, 0, 780, 786, 803]
[0, 738, 728, 724, 719, 716, 713, 706, 702, 700, 698, 696, 690, 688, 686, 684, 683, 680, 679, 678, 677, 676, 675, 674, 674, 675, 675, 675, 676, 676, 676, 678, 679, 680, 682, 683, 688, 690, 691, 694, 697, 700, 707, 709, 687, 0, 0, 375, 374, 371, 366, 365, 365, 368, 371, 379, 0, 0, 808, 814, 822]
[0, 735, 730, 726, 722, 716, 712, 708, 706, 699, 696, 694, 693, 688, 687, 685, 682, 680, 679, 678, 677, 676, 675, 674, 675, 675, 675, 675, 676, 676, 677, 677, 678, 680, 683, 685, 687, 689, 691, 697, 700, 702, 707, 708, 687, 0, 0, 375, 374, 370, 366, 365, 365, 368, 370, 379, 0, 0, 811, 819, 826]
[0, 741, 737, 732, 724, 720, 718, 715, 709, 706, 704, 701, 696, 695, 693, 692, 688, 686, 686, 683, 682, 682, 681, 681, 675, 676, 676, 676, 677, 677, 677, 677, 679, 681, 682, 687, 688, 690, 692, 697, 700, 702, 705, 708, 687, 0, 0, 383, 370, 368, 366, 365, 366, 367, 369, 379, 0, 0, 808, 815, 829]
[0, 740, 736, 732, 728, 719, 717, 714, 710, 704, 702, 700, 698, 694, 693, 692, 689, 688, 686, 684, 683, 683, 682, 681, 681, 680, 681, 681, 681, 682, 682, 683, 684, 687, 688, 689, 695, 697, 699, 704, 706, 708, 711, 716, 687, 0, 0, 382, 375, 367, 365, 365, 364, 366, 369, 379, 0, 0, 817, 828, 834]
[0, 740, 736, 732, 728, 719, 716, 713, 710, 704, 702, 700, 698, 694, 693, 692, 689, 688, 685, 684, 683, 682, 682, 681, 681, 680, 680, 682, 683, 682, 683, 684, 685, 687, 691, 693, 694, 696, 697, 702, 705, 707, 713, 715, 687, 0, 383, 382, 370, 367, 365, 364, 365, 366, 369, 379, 0, 0, 816, 823, 836]
[0, 766, 762, 758, 749, 745, 742, 735, 731, 728, 725, 721, 720, 718, 716, 713, 712, 711, 709, 706, 707, 706, 704, 704, 681, 681, 681, 683, 682, 681, 683, 684, 685, 687, 690, 693, 695, 696, 699, 704, 706, 708, 711, 716, 687, 0, 0, 380, 373, 369, 365, 364, 365, 366, 370, 379, 0, 0, 0, 828, 833]
[0, 771, 768, 763, 756, 752, 747, 743, 737, 734, 732, 730, 725, 723, 720, 719, 717, 716, 715, 713, 714, 711, 711, 704, 704, 704, 704, 705, 705, 705, 707, 708, 709, 711, 713, 715, 715, 717, 722, 724, 726, 732, 735, 739, 744, 0, 0, 378, 373, 367, 365, 364, 364, 367, 370, 379, 0, 0, 842, 850, 857]
[0, 814, 809, 804, 795, 790, 787, 784, 780, 772, 770, 768, 766, 763, 762, 760, 758, 756, 756, 754, 754, 753, 752, 710, 710, 710, 711, 711, 712, 713, 714, 715, 717, 717, 718, 721, 724, 726, 729, 733, 735, 739, 742, 749, 744, 0, 0, 380, 370, 367, 365, 364, 364, 367, 370, 379, 0, 0, 853, 861, 867]
[0, 815, 812, 807, 802, 797, 792, 788, 784, 777, 774, 771, 768, 767, 765, 764, 762, 758, 756, 756, 756, 754, 752, 753, 753, 753, 753, 753, 755, 756, 758, 759, 761, 764, 765, 767, 769, 771, 777, 781, 784, 786, 790, 798, 744, 0, 0, 378, 372, 368, 365, 364, 364, 366, 368, 371, 377, 0, 905, 912, 923]
[0, 816, 811, 806, 800, 795, 790, 784, 782, 780, 776, 771, 768, 766, 765, 762, 759, 758, 757, 755, 755, 754, 752, 753, 753, 753, 753, 754, 755, 755, 757, 759, 761, 763, 765, 767, 769, 770, 773, 776, 783, 787, 790, 794, 744, 0, 0, 379, 372, 368, 365, 364, 364, 364, 369, 371, 377, 0, 907, 911, 922]
[0, 816, 810, 805, 801, 797, 792, 788, 780, 777, 775, 771, 767, 767, 765, 763, 762, 758, 756, 756, 755, 755, 754, 754, 754, 753, 753, 753, 754, 755, 758, 759, 760, 761, 763, 766, 769, 770, 772, 779, 782, 786, 790, 794, 744, 0, 0, 380, 373, 368, 365, 363, 364, 365, 369, 371, 377, 0, 907, 911, 922]
[0, 833, 829, 824, 820, 817, 812, 807, 801, 797, 793, 791, 788, 785, 784, 781, 778, 778, 776, 774, 775, 774, 773, 754, 754, 753, 753, 754, 755, 756, 757, 759, 760, 761, 762, 766, 768, 770, 774, 777, 781, 786, 790, 794, 799, 0, 0, 380, 370, 368, 366, 364, 364, 365, 367, 371, 377, 0, 0, 916, 928]
[0, 833, 829, 825, 820, 816, 812, 805, 801, 797, 794, 791, 788, 784, 782, 781, 780, 779, 777, 775, 773, 773, 773, 773, 772, 772, 773, 774, 774, 775, 777, 778, 780, 781, 782, 785, 789, 791, 794, 797, 800, 809, 812, 815, 799, 0, 0, 378, 372, 368, 365, 362, 364, 366, 368, 372, 377, 0, 0, 932, 942]
[0, 833, 829, 825, 821, 817, 809, 806, 803, 799, 793, 790, 788, 786, 784, 782, 778, 778, 777, 775, 774, 773, 773, 772, 772, 773, 774, 774, 774, 775, 777, 779, 780, 782, 784, 786, 788, 791, 793, 799, 803, 807, 810, 814, 822, 0, 0, 378, 370, 367, 365, 364, 364, 366, 368, 372, 377, 0, 0, 932, 942]
[0, 835, 830, 824, 820, 816, 809, 806, 803, 799, 795, 790, 788, 786, 784, 782, 779, 779, 778, 776, 774, 773, 773, 773, 773, 774, 774, 774, 774, 775, 778, 780, 781, 781, 782, 787, 790, 792, 795, 799, 803, 807, 811, 819, 822, 0, 0, 377, 371, 368, 365, 363, 363, 365, 368, 371, 376, 0, 0, 933, 943]
[0, 859, 850, 844, 838, 834, 827, 824, 820, 818, 816, 811, 808, 807, 805, 802, 800, 798, 798, 797, 795, 794, 793, 773, 773, 774, 774, 774, 774, 776, 778, 779, 781, 782, 784, 786, 788, 794, 796, 798, 801, 810, 813, 816, 822, 0, 0, 383, 369, 366, 364, 364, 363, 365, 368, 372, 377, 0, 0, 936, 943]
[0, 877, 868, 865, 861, 856, 851, 842, 838, 836, 834, 831, 827, 826, 823, 820, 819, 817, 815, 814, 814, 814, 813, 793, 793, 793, 793, 794, 796, 797, 798, 799, 802, 803, 806, 808, 811, 813, 816, 818, 821, 828, 831, 834, 822, 0, 0, 383, 375, 366, 364, 363, 363, 365, 368, 372, 377, 0, 0, 957, 977]
[0, 881, 877, 872, 869, 861, 856, 852, 848, 844, 838, 837, 834, 833, 831, 828, 827, 825, 824, 823, 822, 821, 821, 813, 813, 813, 813, 815, 816, 817, 818, 821, 822, 824, 826, 829, 831, 833, 835, 838, 843, 848, 853, 859, 822, 0, 0, 375, 375, 369, 363, 363, 364, 365, 367, 371, 377, 0, 0, 987, 997]
[0, 882, 878, 874, 867, 862, 857, 852, 849, 841, 839, 837, 835, 833, 830, 828, 827, 826, 825, 823, 823, 823, 823, 822, 822, 822, 822, 823, 824, 825, 826, 828, 829, 830, 835, 836, 839, 841, 845, 847, 852, 857, 866, 870, 822, 0, 0, 0, 370, 367, 363, 363, 363, 365, 367, 370, 377, 0, 0, 992, 1012]
[0, 886, 881, 873, 868, 864, 861, 857, 849, 846, 842, 838, 835, 834, 832, 830, 829, 827, 826, 823, 822, 823, 823, 822, 822, 822, 822, 823, 826, 825, 826, 828, 829, 832, 834, 836, 838, 841, 844, 848, 852, 860, 864, 867, 822, 0, 0, 380, 372, 365, 364, 364, 364, 364, 369, 373, 377, 0, 996, 997, 1006]
[0, 884, 879, 875, 867, 864, 860, 856, 852, 845, 842, 838, 837, 834, 832, 830, 829, 827, 826, 824, 822, 823, 822, 823, 823, 824, 825, 825, 826, 827, 828, 830, 830, 832, 835, 837, 839, 842, 846, 849, 853, 858, 862, 870, 822, 0, 0, 378, 371, 367, 364, 363, 363, 364, 366, 373, 377, 0, 0, 1000, 1010]
[0, 906, 901, 895, 890, 882, 880, 876, 872, 869, 863, 861, 860, 858, 853, 852, 850, 849, 848, 845, 845, 843, 843, 823, 824, 824, 825, 826, 827, 827, 827, 829, 829, 831, 835, 837, 839, 841, 845, 849, 853, 862, 866, 869, 822, 0, 0, 380, 372, 368, 364, 363, 363, 365, 367, 373, 377, 0, 0, 996, 1004]
[0, 923, 917, 911, 900, 896, 892, 889, 882, 878, 875, 872, 870, 867, 866, 865, 863, 861, 859, 858, 857, 857, 856, 842, 844, 844, 845, 848, 849, 849, 851, 853, 856, 858, 859, 862, 865, 867, 870, 872, 878, 882, 885, 888, 822, 0, 0, 0, 372, 365, 364, 363, 363, 365, 368, 371, 377, 0, 0, 1023, 1033]
[0, 960, 948, 944, 939, 934, 925, 921, 916, 913, 908, 906, 903, 899, 897, 894, 893, 891, 890, 890, 888, 887, 887, 856, 857, 857, 858, 860, 861, 862, 863, 865, 868, 869, 870, 872, 876, 879, 880, 882, 889, 892, 895, 899, 822, 0, 0, 0, 368, 365, 364, 363, 363, 365, 368, 371, 377, 0, 0, 1038, 1050]
[0, 953, 948, 944, 939, 934, 926, 921, 916, 913, 910, 906, 902, 899, 897, 894, 893, 891, 890, 890, 888, 887, 887, 889, 889, 889, 890, 891, 892, 893, 895, 896, 897, 903, 904, 906, 909, 911, 918, 922, 927, 930, 939, 944, 822, 0, 0, 0, 370, 366, 363, 362, 363, 364, 366, 370, 377, 0, 0, 1078, 1100]
[0, 955, 949, 944, 939, 934, 930, 925, 921, 913, 910, 906, 904, 903, 898, 897, 896, 895, 894, 894, 894, 894, 893, 889, 889, 889, 890, 891, 892, 893, 894, 897, 897, 902, 904, 905, 908, 911, 917, 922, 926, 930, 937, 942, 822, 0, 0, 377, 371, 366, 363, 363, 363, 364, 366, 375, 377, 0, 0, 1086, 1098]
[0, 976, 970, 956, 951, 947, 943, 936, 932, 929, 926, 919, 915, 914, 912, 910, 908, 905, 903, 904, 904, 902, 901, 894, 894, 894, 895, 897, 898, 899, 900, 903, 905, 907, 909, 915, 917, 919, 923, 926, 936, 940, 944, 962, 822, 0, 0, 0, 369, 365, 363, 362, 363, 364, 366, 371, 376, 0, 0, 1108, 1121]
[0, 982, 976, 971, 959, 954, 951, 946, 940, 936, 933, 930, 928, 922, 919, 918, 917, 916, 914, 913, 912, 911, 910, 903, 903, 903, 904, 905, 908, 910, 910, 910, 914, 915, 918, 921, 926, 929, 932, 935, 942, 945, 949, 953, 822, 0, 0, 0, 368, 365, 363, 362, 363, 364, 367, 371, 376, 0, 0, 1098, 1121]
[0, 986, 973, 967, 962, 957, 948, 944, 940, 938, 936, 928, 926, 923, 921, 918, 916, 915, 914, 913, 912, 912, 912, 912, 913, 913, 914, 914, 918, 919, 920, 921, 923, 926, 928, 931, 936, 939, 941, 943, 951, 955, 958, 962, 822, 0, 0, 0, 373, 365, 363, 362, 363, 364, 366, 369, 376, 0, 0, 1119, 1131]
[0, 997, 992, 986, 982, 969, 966, 962, 953, 950, 947, 944, 943, 938, 937, 936, 932, 931, 930, 929, 928, 928, 928, 913, 912, 913, 915, 916, 916, 917, 919, 920, 922, 924, 930, 932, 934, 937, 941, 945, 949, 952, 961, 966, 822, 0, 0, 377, 371, 367, 363, 362, 362, 365, 366, 373, 376, 0, 0, 1113, 1137]
[0, 1010, 1004, 995, 991, 987, 981, 971, 967, 963, 959, 953, 950, 949, 946, 945, 944, 941, 939, 940, 939, 939, 939, 929, 930, 930, 932, 932, 934, 934, 936, 938, 940, 941, 943, 949, 951, 954, 958, 961, 971, 976, 980, 996, 822, 0, 0, 375, 369, 365, 363, 362, 362, 364, 366, 373, 376, 0, 0, 1148, 1159]
[0, 1065, 1051, 1047, 1042, 1033, 1027, 1023, 1020, 1011, 1008, 1004, 1002, 999, 998, 996, 994, 991, 991, 991, 991, 991, 939, 939, 940, 940, 940, 942, 944, 944, 947, 949, 951, 952, 955, 957, 960, 968, 971, 976, 981, 985, 994, 998, 822, 0, 0, 0, 372, 367, 365, 362, 363, 365, 368, 373, 376, 0, 0, 1160, 1171]
[0, 1057, 1051, 1046, 1042, 1033, 1027, 1023, 1020, 1011, 1008, 1004, 1002, 999, 998, 996, 994, 991, 991, 992, 991, 991, 991, 990, 990, 994, 994, 994, 997, 998, 1000, 1004, 1004, 1006, 1009, 1013, 1019, 1023, 1026, 1028, 1038, 1041, 1045, 1051, 822, 0, 0, 0, 373, 367, 365, 364, 364, 365, 367, 373, 376, 0, 0, 1218, 1231]
[0, 1081, 1070, 1064, 1058, 1052, 1043, 1039, 1035, 1031, 1025, 1023, 1020, 1015, 1013, 1012, 1011, 1008, 1008, 1007, 1007, 1008, 1008, 989, 990, 994, 994, 993, 995, 999, 1001, 1003, 1003, 1007, 1012, 1015, 1018, 1023, 1025, 1029, 1039, 1043, 1046, 1051, 822, 0, 0, 0, 372, 368, 364, 363, 363, 364, 368, 373, 376, 0, 0, 1223, 1234]
[0, 1095, 1083, 1078, 1073, 1069, 1056, 1051, 1047, 1043, 1038, 1035, 1031, 1029, 1025, 1023, 1021, 1020, 1018, 1017, 1018, 1019, 1019, 1008, 1008, 1009, 1010, 1012, 1013, 1018, 1020, 1022, 1024, 1028, 1031, 1034, 1037, 1042, 1045, 1049, 1058, 1063, 1068, 1073, 822, 0, 0, 0, 368, 366, 365, 364, 364, 365, 368, 373, 376, 0, 0, 1252, 1263]
[0, 1090, 1086, 1081, 1075, 1065, 1059, 1053, 1050, 1042, 1039, 1037, 1033, 1030, 1027, 1024, 1023, 1021, 1020, 1020, 1020, 1019, 1020, 1019, 1020, 1021, 1022, 1023, 1025, 1029, 1033, 1034, 1036, 1038, 1045, 1047, 1050, 1054, 1058, 1062, 1065, 1076, 1081, 1085, 822, 0, 0, 377, 372, 368, 366, 365, 364, 366, 368, 376, 376, 0, 0, 1257, 1280]
[0, 1113, 1101, 1094, 1088, 1083, 1079, 1069, 1065, 1063, 1055, 1053, 1053, 1049, 1045, 1039, 1038, 1037, 1037, 1035, 1034, 1036, 1037, 1020, 1020, 1021, 1021, 1023, 1028, 1029, 1031, 1033, 1037, 1042, 1045, 1045, 1052, 1055, 1058, 1060, 1070, 1074, 1078, 1083, 822, 0, 0, 0, 373, 366, 365, 364, 366, 367, 369, 374, 376, 0, 1257, 1265, 1277]
[0, 1149, 1136, 1130, 1124, 1117, 1108, 1103, 1098, 1094, 1088, 1085, 1081, 1080, 1077, 1075, 1074, 1073, 1070, 1069, 1069, 1070, 1071, 1036, 1037, 1039, 1039, 1041, 1043, 1045, 1048, 1052, 1054, 1057, 1063, 1065, 1068, 1070, 1076, 1078, 1084, 1089, 1099, 1109, 822, 0, 0, 0, 372, 369, 366, 366, 367, 368, 370, 374, 376, 0, 0, 1283, 1295]
[0, 1151, 1136, 1130, 1124, 1118, 1108, 1103, 1098, 1095, 1088, 1085, 1081, 1080, 1077, 1075, 1074, 1073, 1069, 1069, 1069, 1070, 1071, 1070, 1070, 1072, 1074, 1078, 1077, 1078, 1079, 1083, 1086, 1089, 1093, 1098, 1101, 1103, 1111, 1116, 1121, 1128, 1135, 1156, 822, 0, 0, 0, 373, 369, 367, 367, 367, 368, 372, 377, 376, 0, 1320, 1333, 1344]
[0, 1146, 1141, 1133, 1125, 1114, 1109, 1104, 1100, 1092, 1089, 1086, 1083, 1079, 1078, 1076, 1074, 1070, 1071, 1071, 1069, 1071, 1071, 1070, 1071, 1072, 1075, 1078, 1077, 1078, 1080, 1084, 1086, 1089, 1093, 1098, 1101, 1103, 1113, 1116, 1121, 1127, 1140, 1151, 822, 0, 0, 0, 378, 370, 369, 367, 368, 369, 372, 376, 376, 0, 0, 1329, 1343]
[0, 1176, 1170, 1165, 1160, 1151, 1145, 1139, 1132, 1127, 1122, 1120, 1115, 1113, 1111, 1108, 1104, 1103, 1102, 1101, 1100, 1102, 1072, 1071, 1071, 1072, 1074, 1075, 1078, 1079, 1079, 1083, 1087, 1090, 1093, 1096, 1099, 1106, 1109, 1114, 1124, 1130, 1137, 1143, 822, 0, 0, 0, 376, 371, 369, 368, 368, 368, 371, 376, 376, 0, 0, 1339, 1348]
[0, 1189, 1182, 1176, 1172, 1164, 1160, 1155, 1149, 1141, 1137, 1133, 1130, 1126, 1124, 1121, 1118, 1118, 1120, 1122, 1120, 1118, 1109, 1112, 1109, 1110, 1109, 1110, 1111, 1122, 1127, 1128, 1129, 1133, 1135, 1137, 1139, 1144, 1148, 1153, 1163, 1167, 1171, 1176, 822, 0, 0, 0, 378, 371, 0, 368, 369, 373, 371, 376, 376, 0, 0, 1377, 1389]
[0, 1192, 1183, 1177, 1172, 1164, 1160, 1156, 1153, 1146, 1140, 1135, 1133, 1129, 1127, 1124, 1121, 1118, 1120, 1123, 1125, 1123, 1119, 1122, 1122, 1125, 1124, 1127, 1132, 1131, 1138, 1144, 1143, 1142, 1146, 1149, 1153, 1159, 1162, 1166, 1171, 1176, 1189, 1197, 822, 0, 0, 0, 377, 372, 370, 369, 370, 371, 371, 376, 376, 0, 1373, 1383, 1395]
[0, 1231, 1225, 1217, 1212, 1207, 1193, 1189, 1185, 1181, 1173, 1170, 1168, 1166, 1163, 1161, 1160, 1160, 1162, 1162, 1160, 1159, 1157, 1124, 1129, 1130, 1127, 1131, 1138, 1138, 1141, 1145, 1143, 1146, 1149, 1152, 1158, 1161, 1164, 1169, 1176, 1183, 1191, 1199, 822, 0, 0, 0, 379, 374, 371, 369, 370, 371, 373, 376, 376, 0, 0, 1393, 1407]
[0, 1238, 1222, 1215, 1211, 1206, 1198, 1188, 1183, 1179, 1175, 1170, 1168, 1166, 1165, 1162, 1162, 1161, 1161, 1160, 1159, 1158, 1157, 1162, 1165, 1164, 1165, 1166, 1168, 1168, 1169, 1174, 1177, 1179, 1180, 1187, 1189, 1193, 1198, 1210, 1215, 1220, 1224, 1239, 822, 0, 0, 0, 377, 374, 372, 371, 371, 372, 377, 376, 376, 0, 1376, 1393, 1403]
[0, 1274, 1267, 1256, 1252, 1246, 1239, 1232, 1219, 1216, 1216, 1213, 1203, 1202, 1199, 1199, 1195, 1194, 1192, 1190, 1192, 1190, 1159, 1160, 1166, 1165, 1165, 1165, 1168, 1167, 1171, 1173, 1176, 1180, 1182, 1185, 1190, 1197, 1201, 1204, 1210, 1222, 1227, 1235, 822, 0, 0, 0, 378, 375, 372, 371, 371, 373, 376, 382, 376, 0, 1379, 1390, 1400]
[0, 1273, 1266, 1259, 1253, 1244, 1239, 1231, 1224, 1216, 1215, 1211, 1208, 1205, 1200, 1198, 1196, 1195, 1191, 1192, 1192, 1192, 1189, 1192, 1194, 1196, 1198, 1200, 1202, 1199, 1206, 1206, 1206, 1209, 1207, 1210, 1210, 1213, 1218, 1224, 1227, 1230, 1235, 1244, 822, 0, 0, 0, 0, 376, 373, 372, 372, 376, 380, 382, 376, 0, 1370, 1382, 1403]
[0, 1274, 1266, 1261, 1255, 1243, 1238, 1231, 1223, 1219, 1216, 1211, 1206, 1204, 1201, 1199, 1197, 1196, 1193, 1193, 1193, 1192, 1192, 1193, 1195, 1196, 1197, 1197, 1200, 1201, 1203, 1205, 1209, 1210, 1211, 1208, 1211, 1215, 1219, 1222, 1224, 1231, 1234, 1238, 1245, 0, 0, 0, 0, 378, 375, 373, 373, 375, 383, 382, 376, 1372, 1375, 1385, 1396]
[0, 1324, 1317, 1311, 1296, 1288, 1283, 1280, 1274, 1263, 1261, 1259, 1254, 1246, 1243, 1240, 1238, 1231, 1225, 1220, 1218, 1213, 1192, 1193, 1195, 1196, 1197, 1196, 1200, 1201, 1203, 1205, 1209, 1209, 1211, 1208, 1211, 1215, 1219, 1222, 1227, 1231, 1234, 1238, 1245, 0, 0, 0, 0, 378, 373, 372, 373, 375, 383, 382, 376, 1373, 1375, 1385, 1396]
[0, 1337, 1317, 1311, 1324, 1312, 1300, 1293, 1287, 1281, 1275, 1269, 1260, 1252, 1245, 1240, 1236, 1233, 1230, 1220, 1218, 1214, 1211, 1210, 1209, 1206, 1204, 1203, 1201, 1199, 1202, 1203, 1206, 1206, 1207, 1209, 1210, 1213, 1219, 1221, 1225, 1231, 1236, 1241, 1246, 0, 0, 0, 384, 379, 376, 375, 375, 378, 382, 382, 376, 0, 1367, 1391, 1401]
[0, 1363, 1352, 1342, 1330, 1312, 1303, 1293, 1287, 1281, 1270, 1264, 1259, 1252, 1243, 1240, 1235, 1232, 1229, 1220, 1217, 1214, 1211, 1209, 1207, 1206, 1202, 1200, 1201, 1201, 1200, 1201, 1203, 1203, 1204, 1206, 1211, 1214, 1218, 1221, 1223, 1230, 1235, 1239, 1242, 0, 0, 0, 0, 381, 378, 376, 374, 377, 381, 382, 376, 1365, 1376, 1387, 1398]
[0, 1363, 1354, 1336, 1326, 1315, 1305, 1298, 1283, 1277, 1270, 1266, 1254, 1247, 1244, 1241, 1234, 1228, 1223, 1220, 1217, 1210, 1210, 1209, 1207, 1205, 1202, 1201, 1201, 1202, 1200, 1202, 1203, 1203, 1203, 1205, 1211, 1214, 1217, 1220, 1225, 1227, 1232, 1238, 1242, 1251, 0, 0, 0, 384, 377, 377, 379, 377, 381, 382, 376, 0, 1375, 1386, 1395]
[0, 1366, 1347, 1338, 1328, 1318, 1309, 1292, 1285, 1279, 1273, 1260, 1255, 1252, 1247, 1239, 1234, 1229, 1226, 1220, 1217, 1214, 1208, 1210, 1208, 1202, 1202, 1201, 1201, 1199, 1200, 1201, 1201, 1205, 1204, 1206, 1209, 1210, 1214, 1217, 1224, 1228, 1235, 1240, 1245, 1251, 0, 0, 0, 384, 0, 376, 378, 0, 381, 382, 0, 1358, 1362, 1387, 1398]
[0, 1363, 1354, 1336, 1327, 1316, 1307, 1290, 1284, 1277, 1271, 1260, 1254, 1250, 1246, 1236, 1233, 1230, 1226, 1222, 1212, 1210, 1210, 1208, 1206, 1204, 1202, 1201, 1200, 1201, 1200, 1199, 1201, 1202, 1203, 1208, 1209, 1212, 1214, 1218, 1222, 1227, 1232, 1241, 1243, 1251, 0, 0, 0, 384, 0, 377, 378, 0, 0, 382, 0, 1357, 1363, 1386, 1398]
[0, 1362, 1352, 1341, 1330, 1311, 1302, 1293, 1286, 1279, 1267, 1262, 1258, 1247, 1243, 1239, 1236, 1231, 1224, 1218, 1216, 1214, 1211, 1207, 1205, 1203, 1202, 1201, 1201, 1201, 1199, 1198, 1202, 1202, 1204, 1205, 1210, 1210, 1214, 1220, 1225, 1228, 1232, 1236, 1245, 1251, 0, 0, 0, 384, 0, 378, 380, 0, 0, 382, 0, 1355, 1364, 1375, 1399]
[0, 1361, 1351, 1341, 1330, 1311, 1302, 1293, 1286, 1273, 1267, 1262, 1258, 1247, 1242, 1239, 1235, 1232, 1224, 1218, 1216, 1214, 1211, 1204, 1203, 1203, 1203, 1202, 1200, 1199, 1199, 1201, 1201, 1202, 1204, 1206, 1208, 1210, 1214, 1217, 1220, 1225, 1233, 1238, 1243, 1246, 0, 0, 0, 384, 0, 379, 380, 0, 0, 382, 0, 1357, 1366, 1377, 1390]
[0, 1360, 1351, 1340, 1330, 1310, 1302, 1291, 1285, 1274, 1266, 1261, 1256, 1247, 1243, 1239, 1234, 1228, 1222, 1216, 1213, 1211, 1209, 1206, 1205, 1203, 1202, 1201, 1200, 1199, 1199, 1200, 1200, 1202, 1203, 1205, 1207, 1212, 1215, 1217, 1218, 1222, 1233, 1238, 1241, 1244, 0, 0, 0, 384, 0, 379, 380, 0, 0, 382, 0, 1357, 1366, 1377, 1390]
[0, 1360, 1351, 1340, 1320, 1310, 1302, 1292, 1285, 1275, 1267, 1263, 1258, 1247, 1243, 1239, 1234, 1224, 1222, 1216, 1214, 1211, 1206, 1202, 1204, 1203, 1201, 1198, 1198, 1199, 1199, 1200, 1200, 1203, 1204, 1204, 1206, 1212, 1215, 1217, 1218, 1228, 1233, 1237, 1240, 1244, 0, 0, 0, 384, 0, 379, 380, 0, 0, 382, 0, 1357, 1366, 1377, 1389]
[0, 1363, 1353, 1333, 1321, 1313, 1306, 1289, 1283, 1276, 1270, 1259, 1254, 1249, 1245, 1234, 1231, 1228, 1224, 1221, 1211, 1209, 1206, 1203, 1204, 1201, 1200, 1198, 1197, 1198, 1198, 1200, 1200, 1201, 1203, 1204, 1206, 1209, 1214, 1216, 1220, 1225, 1232, 1236, 1241, 1245, 0, 0, 0, 384, 0, 380, 382, 0, 0, 382, 0, 1348, 1370, 1378, 1390]
[0, 1352, 1333, 1324, 1317, 1310, 1299, 1292, 1286, 1273, 1267, 1262, 1256, 1246, 1242, 1238, 1234, 1228, 1225, 1216, 1212, 1210, 1207, 1206, 1205, 1203, 1200, 1200, 1199, 1200, 1200, 1198, 1200, 1201, 1201, 1207, 1208, 1208, 1210, 1218, 1219, 1222, 1226, 1233, 1240, 1245, 0, 0, 0, 384, 0, 383, 382, 0, 0, 382, 0, 1350, 1370, 1379, 1391]
[0, 1364, 1351, 1331, 1319, 1310, 1301, 1292, 1285, 1278, 1263, 1259, 1254, 1250, 1244, 1238, 1233, 1228, 1222, 1218, 1214, 1209, 1209, 1202, 1199, 1197, 1195, 1192, 1191, 1192, 1192, 1191, 1192, 1192, 1195, 1195, 1199, 1200, 1203, 1207, 1208, 1211, 1218, 1225, 1227, 1252, 0, 0, 0, 384, 0, 382, 383, 0, 0, 382, 0, 0, 1353, 1367, 1383]
[0, 1365, 1342, 1331, 1319, 1309, 1301, 1292, 1283, 1277, 1271, 1264, 1259, 1245, 1239, 1234, 1228, 1223, 1221, 1217, 1214, 1212, 1206, 1205, 1203, 1202, 1201, 1199, 1198, 1199, 1199, 1198, 1200, 1199, 1201, 1202, 1202, 1205, 1208, 1212, 1218, 1222, 1224, 1229, 1235, 1241, 0, 0, 0, 384, 0, 382, 383, 387, 0, 0, 1351, 1355, 1365, 1377, 1391]
[0, 1363, 1352, 1343, 1331, 1319, 1298, 1290, 1282, 1275, 1267, 1261, 1256, 1251, 1244, 1238, 1233, 1228, 1220, 1218, 1213, 1208, 1208, 1206, 1204, 1201, 1200, 1199, 1197, 1198, 1198, 1198, 1198, 1200, 1202, 1203, 1204, 1208, 1212, 1215, 1219, 1221, 1225, 1232, 1236, 1240, 1253, 0, 0, 384, 0, 381, 382, 386, 0, 0, 1350, 1357, 1370, 1383, 1395]
[0, 1363, 1352, 1342, 1329, 1317, 1298, 1289, 1281, 1274, 1267, 1261, 1256, 1250, 1245, 1239, 1232, 1228, 1220, 1217, 1212, 1208, 1206, 1204, 1203, 1203, 1201, 1199, 1199, 1198, 1198, 1200, 1201, 1200, 1202, 1202, 1204, 1207, 1207, 1215, 1218, 1224, 1227, 1230, 1235, 1241, 1253, 0, 0, 384, 0, 382, 384, 388, 0, 0, 0, 1348, 1360, 1373, 1403]
[0, 1357, 1344, 1334, 1322, 1310, 1304, 1297, 1284, 1276, 1263, 1259, 1253, 1247, 1242, 1237, 1231, 1223, 1221, 1218, 1214, 1210, 1207, 1204, 1203, 1203, 1200, 1199, 1199, 1198, 1198, 1199, 1200, 1200, 1201, 1202, 1203, 1207, 1212, 1215, 1218, 1223, 1226, 1230, 1235, 1241, 1253, 0, 0, 384, 0, 382, 384, 388, 0, 0, 0, 1348, 1360, 1387, 1403]
[0, 1352, 1340, 1329, 1319, 1312, 1302, 1292, 1282, 1274, 1268, 1263, 1256, 1245, 1239, 1233, 1228, 1223, 1221, 1217, 1210, 1209, 1206, 1202, 1202, 1203, 1201, 1197, 1194, 1193, 1196, 1199, 1200, 1204, 1212, 1215, 1218, 1222, 1225, 1227, 1231, 1235, 1242, 1250, 1254, 1241, 1253, 0, 0, 384, 0, 381, 382, 0, 0, 0, 0, 1369, 1382, 1392, 1406]
[0, 1356, 1343, 1329, 1319, 1311, 1301, 1292, 1284, 1277, 1269, 1256, 1256, 1245, 1239, 1234, 1228, 1222, 1220, 1216, 1210, 1209, 1208, 1206, 1203, 1202, 1200, 1199, 1200, 1200, 1199, 1199, 1200, 1205, 1210, 1211, 1213, 1225, 1227, 1230, 1234, 1236, 1238, 1244, 1250, 1256, 1253, 0, 0, 384, 0, 384, 385, 0, 0, 0, 0, 1367, 1377, 1387, 1400]
[0, 1363, 1351, 1338, 1316, 1309, 1298, 1288, 1281, 1273, 1268, 1260, 1254, 1250, 1245, 1239, 1231, 1227, 1222, 1218, 1218, 1219, 1208, 1205, 1203, 1201, 1199, 1198, 1197, 1198, 1199, 1199, 1201, 1205, 1209, 1211, 1214, 1225, 1227, 1230, 1234, 1238, 1243, 1247, 1250, 1255, 1253, 0, 0, 384, 387, 384, 385, 0, 0, 0, 0, 1365, 1374, 1400, 1414]
[0, 1356, 1344, 1330, 1319, 1310, 1301, 1291, 1283, 1276, 1269, 1262, 1255, 1245, 1239, 1234, 1230, 1225, 1221, 1219, 1219, 1219, 1217, 1215, 1212, 1210, 1211, 1213, 1212, 1213, 1213, 1213, 1215, 1217, 1216, 1215, 1220, 1223, 1224, 1229, 1234, 1236, 1239, 1244, 1250, 1255, 1253, 0, 0, 384, 387, 384, 387, 0, 385, 0, 0, 1368, 1376, 1386, 1414]
[0, 1352, 1338, 1326, 1316, 1309, 1300, 1290, 1280, 1273, 1267, 1260, 1254, 1250, 1245, 1240, 1232, 1227, 1225, 1225, 1222, 1219, 1217, 1215, 1212, 1213, 1214, 1215, 1216, 1214, 1214, 1215, 1214, 1216, 1217, 1217, 1218, 1225, 1227, 1230, 1233, 1237, 1242, 1246, 1250, 1254, 1253, 0, 0, 384, 382, 385, 386, 0, 385, 0, 0, 1371, 1386, 1399, 1412]
[0, 1362, 1351, 1337, 1325, 1317, 1297, 1288, 1280, 1273, 1266, 1259, 1254, 1249, 1243, 1237, 1235, 1231, 1227, 1226, 1224, 1222, 1217, 1218, 1219, 1218, 1215, 1213, 1212, 1213, 1213, 1213, 1215, 1216, 1217, 1216, 1219, 1223, 1225, 1228, 1231, 1235, 1245, 1248, 1252, 1254, 1253, 0, 0, 0, 0, 383, 0, 0, 0, 0, 0, 1368, 1380, 1391, 1406]
[0, 1366, 1356, 1345, 1334, 1324, 1315, 1307, 1300, 1290, 1283, 1278, 1271, 1261, 1255, 1250, 1245, 1241, 1237, 1234, 1230, 1227, 1219, 1218, 1217, 1217, 1216, 1214, 1214, 1215, 1214, 1214, 1215, 1216, 1215, 1218, 1221, 1223, 1225, 1228, 1232, 1236, 1240, 1244, 1249, 1253, 1253, 0, 0, 0, 380, 383, 385, 0, 0, 0, 0, 1370, 1386, 1398, 1413]
[0, 1366, 1358, 1350, 1339, 1328, 1320, 1303, 1294, 1290, 1283, 1276, 1270, 1263, 1257, 1252, 1248, 1243, 1238, 1235, 1232, 1225, 1224, 1221, 1219, 1215, 1213, 1213, 1212, 1213, 1212, 1212, 1212, 1214, 1215, 1215, 1219, 1223, 1225, 1230, 1233, 1235, 1240, 1247, 1251, 1253, 1253, 0, 0, 395, 0, 383, 385, 0, 0, 0, 0, 1369, 1379, 1391, 1405]
[0, 1374, 1360, 1349, 1339, 1326, 1315, 1307, 1300, 1294, 1287, 1266, 1260, 1261, 1255, 1250, 1247, 1242, 1237, 1233, 1231, 1227, 1225, 1221, 1216, 1217, 1216, 1214, 1213, 1214, 1214, 1211, 1212, 1215, 1215, 1215, 1219, 1224, 1226, 1227, 1231, 1235, 1239, 1244, 1249, 1253, 1253, 0, 0, 0, 0, 384, 385, 0, 0, 0, 0, 0, 1385, 1398, 1411]
[0, 1377, 1360, 1345, 1334, 1325, 1316, 1308, 1300, 1294, 1287, 1278, 1262, 1260, 1255, 1250, 1247, 1242, 1237, 1234, 1231, 1227, 1221, 1218, 1218, 1213, 1213, 1214, 1215, 1213, 1212, 1212, 1213, 1215, 1216, 1217, 1219, 1223, 1227, 1230, 1233, 1235, 1238, 1244, 1249, 1253, 1253, 0, 0, 0, 0, 386, 0, 0, 385, 0, 0, 1374, 1376, 1386, 1401]
[0, 1376, 1360, 1347, 1335, 1325, 1316, 1308, 1300, 1293, 1285, 1277, 1271, 1260, 1255, 1250, 1244, 1240, 1237, 1233, 1231, 1228, 1223, 1221, 1219, 1213, 1213, 1214, 1213, 1212, 1212, 1212, 1213, 1215, 1215, 1215, 1218, 1221, 1226, 1230, 1233, 1235, 1238, 1244, 1249, 1253, 1253, 0, 0, 0, 382, 386, 386, 0, 383, 0, 0, 1374, 1375, 1385, 1399]
[0, 1382, 1359, 1344, 1331, 1322, 1313, 1304, 1297, 1291, 1284, 1277, 1269, 1263, 1259, 1254, 1250, 1241, 1236, 1231, 1229, 1228, 1223, 1220, 1218, 1215, 1213, 1213, 1212, 1212, 1212, 1212, 1213, 1214, 1215, 1216, 1219, 1221, 1228, 1229, 1233, 1236, 1238, 1243, 1249, 1253, 1253, 0, 0, 0, 387, 386, 386, 0, 389, 0, 0, 1371, 1376, 1388, 1402]
[0, 1379, 1365, 1353, 1342, 1330, 1313, 1303, 1295, 1290, 1283, 1273, 1267, 1263, 1257, 1252, 1248, 1242, 1238, 1232, 1229, 1227, 1221, 1218, 1217, 1214, 1212, 1213, 1212, 1212, 1212, 1213, 1212, 1214, 1216, 1217, 1218, 1219, 1220, 1226, 1230, 1235, 1244, 1246, 1249, 1253, 1253, 0, 0, 395, 387, 0, 383, 0, 0, 0, 0, 1368, 1380, 1391, 1405]
