[0, 0, 0, 0, 0, 0, 0, 0, 0, 0, 0, 0, 0, 0, 0, 0, 0, 0, 0, 0, 0, 0, 0, 0, 0, 0, 0, 0, 0, 0, 0, 0, 0, 0, 0, 0, 0, 0, 0, 0, 0, 0, 0, 0, 0, 0, 0, 0, 0, 0, 0, 0, 0, 0, 0, 0, 0, 0, 0, 0, 0]
[0, 507, 502, 498, 495, 491, 488, 486, 483, 481, 481, 478, 476, 473, 472, 470, 468, 468, 467, 466, 464, 463, 463, 461, 460, 461, 461, 460, 460, 461, 461, 462, 462, 464, 465, 465, 466, 468, 469, 471, 473, 475, 478, 480, 483, 486, 486, 488, 496, 496, 500, 503, 508, 511, 516, 521, 527, 534, 539, 544, 550]
[0, 508, 505, 500, 495, 492, 489, 486, 483, 480, 478, 476, 476, 474, 472, 470, 468, 466, 466, 466, 464, 463, 463, 461, 461, 461, 460, 460, 459, 460, 461, 462, 463, 463, 464, 465, 466, 468, 469, 470, 471, 474, 478, 480, 483, 485, 486, 487, 491, 495, 503, 508, 511, 511, 516, 522, 528, 533, 539, 545, 552]
[0, 507, 504, 500, 495, 492, 489, 486, 483, 480, 478, 476, 476, 474, 472, 470, 469, 468, 467, 466, 464, 463, 463, 461, 461, 461, 460, 460, 459, 460, 461, 462, 462, 463, 464, 464, 466, 468, 469, 471, 472, 475, 478, 480, 483, 485, 486, 491, 491, 495, 499, 503, 507, 511, 516, 521, 527, 533, 539, 545, 552]
[0, 507, 505, 500, 496, 493, 490, 487, 483, 481, 479, 476, 474, 472, 470, 469, 469, 468, 467, 466, 465, 463, 462, 462, 461, 461, 460, 459, 459, 461, 461, 462, 462, 463, 464, 465, 466, 468, 469, 471, 472, 475, 478, 480, 483, 485, 487, 491, 491, 495, 503, 507, 507, 511, 516, 521, 527, 533, 539, 545, 552]
[0, 506, 502, 499, 496, 495, 491, 487, 484, 482, 479, 478, 477, 474, 471, 469, 468, 468, 466, 465, 464, 464, 462, 462, 462, 462, 461, 461, 461, 461, 462, 463, 462, 462, 465, 465, 467, 468, 469, 471, 472, 474, 477, 479, 481, 483, 486, 490, 493, 497, 501, 505, 509, 513, 518, 524, 530, 536, 542, 549, 555]
[0, 505, 502, 499, 499, 495, 491, 487, 484, 483, 480, 477, 476, 474, 471, 469, 468, 467, 466, 466, 464, 464, 463, 462, 461, 462, 461, 461, 460, 459, 461, 462, 462, 464, 465, 465, 466, 468, 469, 470, 472, 476, 477, 478, 483, 483, 487, 488, 491, 495, 500, 504, 508, 513, 517, 521, 527, 534, 539, 546, 553]
[0, 507, 504, 500, 495, 492, 489, 486, 483, 483, 481, 476, 476, 474, 472, 470, 469, 468, 467, 466, 464, 464, 463, 462, 461, 461, 461, 460, 460, 461, 462, 462, 463, 463, 464, 465, 466, 468, 469, 470, 472, 474, 475, 477, 480, 482, 486, 490, 493, 497, 501, 505, 509, 513, 517, 523, 530, 535, 539, 546, 553]
[0, 507, 503, 499, 496, 492, 489, 486, 482, 483, 480, 478, 477, 475, 472, 469, 469, 468, 466, 465, 464, 464, 463, 462, 461, 461, 461, 460, 460, 460, 461, 462, 462, 463, 464, 465, 466, 468, 469, 471, 472, 475, 478, 479, 482, 485, 487, 491, 495, 497, 499, 507, 509, 511, 516, 521, 527, 533, 539, 545, 552]
[0, 510, 507, 499, 503, 499, 496, 494, 490, 487, 485, 483, 481, 479, 478, 476, 475, 473, 472, 465, 469, 464, 468, 468, 462, 462, 461, 461, 461, 462, 462, 462, 462, 464, 465, 465, 466, 468, 470, 471, 473, 475, 478, 480, 482, 486, 488, 491, 495, 496, 500, 504, 509, 513, 517, 523, 529, 534, 541, 548, 553]
[0, 512, 509, 504, 501, 498, 495, 494, 489, 487, 486, 484, 482, 479, 478, 477, 476, 474, 473, 472, 471, 470, 470, 468, 467, 467, 467, 468, 467, 468, 468, 468, 469, 470, 471, 472, 473, 468, 477, 471, 479, 481, 483, 485, 488, 491, 494, 498, 501, 504, 509, 513, 517, 522, 527, 532, 539, 545, 552, 557, 563]
[0, 511, 509, 507, 503, 500, 496, 493, 490, 487, 485, 483, 481, 479, 478, 476, 475, 474, 473, 472, 471, 471, 470, 469, 469, 468, 468, 468, 468, 468, 469, 469, 470, 471, 472, 473, 474, 476, 477, 479, 482, 481, 483, 488, 491, 494, 494, 497, 501, 505, 509, 513, 517, 522, 527, 532, 538, 545, 551, 557, 563]
[0, 512, 509, 504, 501, 498, 496, 495, 491, 489, 486, 484, 482, 480, 478, 477, 476, 474, 473, 472, 471, 471, 470, 469, 468, 468, 468, 468, 468, 468, 469, 469, 470, 471, 472, 474, 474, 475, 476, 478, 480, 482, 484, 487, 490, 493, 496, 499, 503, 507, 510, 514, 519, 524, 529, 535, 541, 547, 551, 560, 563]
[0, 511, 507, 503, 500, 498, 496, 494, 492, 489, 485, 483, 481, 479, 478, 477, 476, 474, 472, 472, 471, 471, 470, 469, 469, 468, 468, 468, 468, 468, 469, 469, 470, 471, 473, 473, 474, 476, 477, 480, 482, 484, 484, 486, 492, 493, 494, 497, 501, 506, 510, 513, 517, 522, 527, 532, 538, 545, 551, 557, 563]
[0, 514, 510, 506, 502, 499, 496, 492, 489, 487, 484, 483, 483, 482, 479, 477, 476, 475, 474, 472, 471, 471, 470, 469, 470, 469, 469, 468, 468, 468, 468, 470, 471, 472, 473, 474, 474, 476, 477, 479, 482, 481, 484, 487, 489, 491, 494, 498, 502, 506, 509, 514, 519, 523, 528, 534, 539, 546, 553, 559, 566]
[0, 515, 511, 508, 504, 501, 498, 495, 489, 493, 490, 487, 485, 484, 482, 480, 479, 478, 477, 475, 475, 474, 473, 472, 469, 469, 469, 468, 469, 468, 469, 470, 470, 471, 473, 474, 474, 476, 478, 480, 481, 483, 486, 488, 491, 494, 498, 501, 504, 508, 512, 516, 521, 526, 531, 536, 543, 546, 549, 556, 561]
[0, 516, 512, 508, 504, 501, 498, 495, 489, 492, 486, 487, 485, 484, 482, 480, 479, 478, 476, 475, 475, 474, 473, 472, 472, 472, 472, 468, 472, 472, 472, 473, 474, 474, 476, 477, 478, 480, 481, 483, 484, 486, 489, 493, 495, 498, 501, 505, 508, 512, 517, 521, 526, 526, 531, 536, 542, 548, 554, 561, 567]
[0, 516, 512, 508, 504, 501, 498, 495, 489, 492, 489, 486, 485, 484, 482, 480, 479, 478, 476, 475, 475, 474, 473, 473, 472, 472, 471, 472, 472, 472, 472, 473, 474, 475, 476, 477, 478, 480, 481, 483, 484, 486, 489, 492, 495, 498, 502, 505, 508, 512, 517, 522, 526, 531, 536, 536, 542, 548, 555, 561, 567]
[0, 515, 511, 507, 503, 501, 500, 497, 495, 492, 489, 486, 485, 483, 481, 480, 478, 477, 476, 476, 475, 475, 474, 473, 472, 472, 471, 472, 472, 472, 472, 473, 474, 475, 476, 477, 478, 480, 481, 483, 484, 486, 489, 492, 495, 498, 502, 505, 508, 509, 513, 518, 522, 526, 531, 537, 543, 550, 556, 561, 569]
[0, 516, 511, 512, 509, 505, 501, 498, 496, 494, 491, 488, 486, 485, 483, 482, 478, 479, 476, 478, 477, 477, 475, 475, 472, 472, 472, 472, 472, 472, 473, 473, 474, 475, 475, 476, 478, 480, 482, 484, 484, 486, 488, 491, 493, 497, 500, 503, 507, 511, 515, 519, 524, 528, 532, 538, 545, 551, 558, 564, 571]
[0, 516, 521, 516, 512, 509, 506, 502, 499, 497, 495, 493, 490, 488, 487, 485, 478, 483, 476, 482, 481, 480, 480, 480, 475, 474, 474, 474, 474, 474, 475, 475, 476, 477, 479, 481, 478, 482, 485, 484, 486, 488, 491, 494, 496, 499, 503, 507, 510, 513, 518, 522, 527, 532, 537, 543, 549, 555, 561, 568, 575]
[0, 523, 519, 516, 512, 509, 505, 502, 499, 497, 495, 493, 490, 488, 488, 486, 485, 484, 483, 482, 481, 480, 479, 479, 479, 479, 479, 479, 479, 479, 479, 480, 481, 482, 479, 485, 486, 482, 487, 489, 491, 494, 497, 499, 502, 505, 508, 512, 516, 520, 524, 528, 533, 539, 545, 550, 556, 562, 568, 575, 582]
[0, 526, 522, 519, 515, 512, 509, 505, 503, 500, 498, 496, 490, 494, 493, 491, 488, 487, 486, 485, 485, 484, 483, 483, 479, 479, 479, 479, 479, 480, 480, 480, 481, 483, 479, 484, 485, 486, 488, 490, 492, 494, 497, 500, 502, 506, 510, 514, 517, 521, 525, 530, 535, 540, 546, 551, 557, 562, 570, 575, 578]
[0, 526, 522, 519, 515, 512, 509, 505, 503, 500, 498, 498, 496, 494, 493, 491, 488, 487, 486, 485, 484, 484, 483, 483, 483, 479, 483, 483, 483, 480, 484, 484, 484, 485, 486, 488, 489, 490, 493, 495, 497, 500, 502, 505, 508, 511, 514, 519, 522, 521, 531, 530, 535, 540, 546, 552, 557, 562, 570, 577, 584]
[0, 534, 529, 526, 522, 519, 515, 505, 512, 510, 507, 504, 503, 501, 500, 498, 496, 495, 494, 493, 492, 491, 491, 483, 483, 483, 483, 483, 483, 484, 484, 484, 484, 485, 486, 488, 489, 490, 493, 495, 497, 500, 502, 505, 508, 511, 514, 519, 522, 526, 531, 535, 540, 540, 546, 557, 557, 562, 569, 577, 584]
[0, 534, 532, 527, 524, 521, 517, 514, 511, 508, 506, 504, 502, 500, 499, 497, 496, 495, 493, 493, 492, 491, 491, 490, 490, 490, 483, 489, 483, 489, 490, 491, 491, 493, 494, 495, 497, 499, 500, 502, 505, 508, 510, 513, 516, 520, 523, 519, 527, 535, 531, 540, 544, 550, 555, 561, 566, 572, 579, 587, 595]
[0, 540, 536, 532, 524, 525, 517, 522, 519, 516, 514, 511, 509, 507, 506, 504, 503, 502, 501, 500, 499, 491, 498, 490, 489, 489, 490, 490, 489, 489, 490, 491, 492, 493, 494, 495, 497, 499, 500, 501, 506, 508, 508, 511, 514, 517, 520, 524, 528, 532, 536, 541, 546, 551, 556, 562, 568, 575, 583, 590, 596]
[0, 543, 539, 535, 532, 529, 517, 522, 519, 519, 516, 514, 512, 510, 508, 507, 506, 504, 503, 502, 501, 500, 500, 490, 497, 497, 497, 497, 497, 498, 498, 498, 492, 493, 494, 495, 493, 503, 509, 0, 513, 516, 519, 521, 514, 524, 531, 524, 536, 540, 544, 549, 554, 558, 564, 569, 576, 584, 590, 597, 605]
[0, 547, 543, 538, 534, 531, 527, 524, 522, 519, 516, 514, 512, 510, 509, 506, 504, 504, 504, 504, 502, 501, 500, 500, 500, 497, 500, 500, 500, 499, 500, 500, 492, 494, 487, 495, 493, 0, 511, 512, 514, 517, 521, 522, 525, 524, 533, 524, 541, 546, 544, 549, 554, 560, 566, 571, 578, 584, 590, 597, 605]
[0, 550, 546, 541, 538, 534, 530, 528, 525, 522, 519, 514, 516, 514, 509, 512, 512, 510, 509, 508, 506, 506, 505, 504, 500, 500, 500, 500, 500, 500, 501, 504, 492, 0, 487, 495, 493, 0, 511, 512, 513, 516, 519, 522, 525, 528, 532, 536, 540, 544, 548, 553, 558, 562, 568, 575, 582, 588, 595, 602, 609]
[0, 548, 543, 540, 538, 536, 533, 530, 527, 524, 521, 519, 517, 515, 513, 512, 510, 509, 508, 508, 507, 506, 505, 504, 504, 505, 505, 504, 505, 505, 505, 504, 492, 0, 0, 487, 493, 0, 0, 518, 519, 522, 524, 527, 531, 534, 538, 542, 546, 551, 556, 560, 564, 569, 576, 582, 588, 595, 602, 602, 617]
[0, 548, 551, 547, 543, 539, 536, 534, 531, 528, 525, 523, 521, 519, 518, 516, 510, 514, 513, 513, 511, 511, 510, 510, 504, 504, 504, 504, 504, 505, 505, 504, 492, 0, 485, 487, 0, 0, 516, 518, 521, 523, 524, 526, 529, 532, 537, 540, 544, 548, 553, 557, 562, 567, 572, 579, 586, 592, 599, 606, 613]
[0, 565, 561, 558, 555, 551, 547, 534, 544, 538, 525, 536, 534, 532, 530, 528, 527, 526, 524, 524, 523, 522, 522, 510, 509, 509, 510, 510, 510, 510, 512, 504, 492, 0, 486, 487, 0, 0, 0, 522, 525, 529, 531, 535, 538, 540, 544, 548, 552, 556, 560, 565, 571, 577, 583, 589, 596, 602, 610, 618, 625]
[0, 565, 561, 558, 555, 550, 547, 544, 541, 538, 525, 536, 534, 532, 530, 528, 527, 526, 525, 524, 523, 522, 522, 521, 521, 521, 510, 520, 510, 521, 522, 504, 492, 0, 484, 487, 0, 0, 0, 534, 537, 540, 542, 546, 550, 553, 556, 560, 564, 569, 574, 580, 571, 591, 597, 589, 604, 611, 616, 623, 633]
[0, 570, 565, 561, 558, 550, 555, 551, 548, 545, 543, 541, 539, 537, 535, 534, 532, 530, 529, 528, 523, 527, 522, 527, 520, 521, 521, 520, 510, 521, 522, 504, 492, 0, 484, 487, 0, 0, 0, 534, 537, 540, 542, 546, 549, 553, 557, 560, 564, 569, 574, 580, 586, 592, 597, 597, 603, 610, 623, 633, 633]
[0, 570, 565, 561, 558, 550, 555, 551, 548, 546, 543, 541, 539, 537, 535, 533, 531, 530, 529, 528, 528, 527, 526, 527, 526, 526, 526, 526, 526, 526, 527, 504, 492, 0, 484, 487, 0, 0, 0, 540, 543, 546, 549, 552, 555, 558, 562, 560, 567, 572, 583, 580, 588, 593, 598, 604, 611, 617, 624, 632, 640]
[0, 580, 576, 571, 567, 564, 560, 558, 555, 546, 553, 550, 548, 546, 544, 542, 541, 540, 539, 537, 536, 535, 535, 526, 526, 526, 526, 526, 526, 526, 524, 504, 492, 0, 483, 487, 0, 0, 0, 540, 542, 544, 548, 551, 555, 558, 562, 566, 571, 576, 582, 587, 588, 592, 597, 603, 610, 617, 624, 631, 640]
[0, 582, 578, 573, 569, 564, 561, 559, 556, 554, 551, 548, 546, 545, 544, 543, 542, 540, 540, 538, 537, 536, 535, 535, 535, 534, 534, 534, 526, 535, 536, 504, 492, 0, 483, 483, 0, 0, 0, 0, 552, 554, 556, 560, 563, 567, 572, 576, 580, 584, 590, 595, 601, 607, 612, 618, 610, 625, 642, 650, 640]
[0, 590, 586, 573, 581, 577, 573, 570, 567, 564, 562, 559, 557, 556, 554, 552, 551, 549, 540, 548, 547, 536, 546, 545, 535, 534, 534, 535, 535, 535, 536, 504, 492, 0, 482, 483, 0, 0, 0, 0, 552, 555, 558, 560, 563, 566, 570, 575, 580, 585, 590, 595, 601, 606, 611, 617, 624, 631, 640, 648, 655]
[0, 594, 590, 586, 582, 578, 573, 574, 571, 568, 565, 563, 561, 559, 557, 556, 554, 553, 552, 551, 549, 536, 548, 548, 545, 544, 545, 545, 545, 546, 536, 504, 0, 0, 480, 482, 0, 0, 0, 0, 552, 566, 570, 573, 0, 576, 581, 586, 590, 595, 599, 604, 609, 615, 621, 628, 635, 643, 650, 658, 667]
[0, 594, 590, 586, 582, 578, 578, 574, 571, 568, 565, 563, 561, 559, 557, 556, 554, 553, 552, 551, 549, 536, 548, 548, 548, 548, 548, 548, 548, 548, 553, 504, 0, 0, 481, 482, 0, 0, 0, 0, 566, 0, 573, 0, 576, 581, 585, 589, 593, 597, 602, 607, 613, 619, 625, 632, 639, 647, 653, 661, 668]
[0, 595, 591, 586, 583, 579, 575, 571, 569, 568, 566, 563, 561, 559, 557, 556, 555, 553, 552, 552, 551, 550, 549, 548, 548, 548, 548, 548, 548, 549, 551, 504, 0, 481, 481, 480, 0, 0, 0, 0, 566, 569, 573, 576, 581, 581, 588, 589, 593, 597, 601, 607, 613, 619, 625, 632, 639, 646, 653, 661, 668]
[0, 600, 595, 591, 587, 583, 580, 576, 573, 570, 566, 567, 565, 563, 562, 560, 559, 558, 556, 555, 554, 553, 552, 549, 548, 548, 548, 548, 548, 549, 549, 504, 0, 0, 481, 481, 0, 0, 0, 0, 566, 569, 572, 576, 580, 583, 588, 592, 596, 601, 606, 611, 617, 623, 625, 637, 644, 646, 659, 661, 668]
[0, 612, 608, 603, 599, 595, 592, 589, 587, 584, 581, 579, 576, 563, 574, 572, 570, 569, 568, 567, 566, 565, 565, 552, 552, 552, 548, 553, 548, 553, 553, 0, 0, 485, 478, 479, 0, 0, 0, 0, 571, 574, 578, 581, 584, 588, 592, 596, 600, 606, 611, 616, 623, 629, 635, 642, 649, 646, 656, 663, 671]
[0, 619, 614, 603, 609, 605, 602, 599, 596, 593, 590, 588, 586, 584, 582, 580, 579, 577, 576, 576, 574, 565, 573, 572, 564, 564, 564, 565, 565, 566, 553, 0, 0, 0, 478, 478, 0, 0, 0, 583, 586, 589, 592, 595, 598, 602, 606, 611, 616, 621, 627, 633, 639, 647, 653, 660, 667, 675, 683, 691, 700]
[0, 621, 616, 612, 608, 604, 601, 598, 595, 592, 590, 588, 586, 584, 582, 582, 580, 578, 577, 576, 575, 574, 574, 572, 564, 573, 572, 572, 573, 573, 577, 0, 0, 0, 477, 479, 0, 0, 0, 0, 594, 597, 600, 603, 607, 611, 606, 620, 625, 621, 629, 635, 642, 648, 653, 661, 668, 675, 683, 692, 702]
[0, 618, 614, 612, 610, 606, 602, 598, 596, 593, 591, 589, 587, 584, 582, 580, 578, 577, 576, 576, 575, 574, 574, 573, 572, 572, 573, 573, 573, 573, 577, 0, 0, 480, 477, 478, 0, 486, 0, 586, 592, 595, 598, 600, 604, 608, 612, 616, 621, 627, 633, 639, 644, 649, 656, 664, 671, 678, 687, 697, 705]
[0, 619, 615, 611, 607, 604, 600, 598, 594, 593, 593, 590, 588, 586, 583, 581, 579, 578, 577, 576, 576, 575, 575, 573, 573, 572, 572, 573, 573, 574, 577, 0, 0, 0, 479, 479, 0, 486, 0, 0, 594, 597, 0, 603, 0, 611, 612, 616, 620, 625, 629, 636, 643, 649, 655, 662, 668, 677, 685, 693, 702]
[0, 632, 615, 627, 622, 618, 614, 611, 609, 606, 603, 601, 599, 597, 596, 594, 592, 578, 590, 590, 589, 575, 588, 587, 573, 573, 573, 573, 574, 574, 575, 0, 0, 0, 478, 479, 0, 0, 0, 0, 594, 597, 600, 604, 608, 613, 617, 621, 626, 631, 637, 643, 649, 649, 661, 662, 669, 677, 684, 693, 702]
[0, 639, 634, 630, 625, 621, 617, 614, 611, 608, 606, 604, 601, 597, 600, 598, 596, 595, 593, 592, 592, 591, 591, 587, 588, 588, 588, 588, 588, 588, 575, 0, 0, 0, 476, 476, 0, 0, 0, 0, 609, 612, 615, 618, 0, 627, 617, 632, 637, 642, 648, 654, 660, 666, 671, 679, 687, 695, 704, 712, 721]
[0, 637, 633, 628, 624, 620, 616, 614, 613, 610, 607, 606, 604, 602, 600, 597, 596, 595, 594, 592, 592, 591, 590, 590, 590, 590, 590, 590, 591, 592, 575, 0, 0, 480, 477, 476, 0, 0, 0, 605, 610, 612, 616, 619, 623, 626, 631, 637, 642, 647, 652, 658, 664, 670, 677, 685, 693, 701, 710, 718, 728]
[0, 657, 651, 648, 644, 640, 636, 632, 629, 625, 622, 620, 618, 616, 615, 613, 612, 595, 610, 609, 608, 607, 607, 590, 590, 589, 590, 591, 592, 593, 575, 0, 0, 478, 478, 479, 0, 0, 0, 0, 611, 614, 617, 620, 624, 628, 634, 638, 643, 648, 654, 660, 665, 671, 677, 679, 695, 701, 704, 713, 722]
[0, 654, 650, 646, 642, 638, 634, 632, 630, 626, 623, 621, 619, 618, 616, 614, 612, 610, 609, 608, 607, 606, 606, 607, 606, 606, 607, 607, 606, 608, 575, 0, 0, 0, 475, 475, 0, 0, 0, 0, 629, 0, 632, 635, 640, 644, 649, 654, 658, 663, 668, 673, 681, 689, 696, 704, 711, 719, 728, 737, 746]
[0, 661, 657, 654, 649, 645, 641, 637, 633, 631, 628, 626, 623, 621, 619, 617, 612, 616, 615, 613, 613, 612, 611, 607, 606, 606, 607, 606, 606, 607, 612, 0, 0, 0, 474, 475, 478, 0, 0, 0, 628, 631, 635, 639, 643, 647, 652, 657, 662, 663, 672, 673, 678, 686, 694, 701, 708, 716, 724, 733, 743]
[0, 667, 662, 658, 653, 649, 647, 643, 640, 637, 634, 632, 630, 621, 627, 624, 624, 622, 620, 620, 618, 618, 618, 611, 611, 611, 611, 611, 611, 612, 612, 0, 0, 477, 475, 474, 0, 482, 0, 0, 631, 635, 639, 642, 646, 650, 654, 659, 664, 669, 673, 680, 688, 694, 702, 710, 717, 726, 735, 745, 755]
[0, 671, 668, 663, 653, 657, 653, 650, 648, 645, 643, 640, 638, 636, 633, 631, 630, 628, 627, 626, 625, 624, 618, 624, 617, 617, 617, 617, 617, 618, 612, 0, 0, 478, 474, 475, 0, 0, 0, 0, 638, 642, 646, 649, 652, 657, 662, 667, 672, 677, 682, 689, 696, 703, 710, 717, 725, 734, 744, 754, 764]
[0, 678, 674, 670, 665, 661, 657, 654, 652, 649, 647, 640, 643, 640, 633, 638, 636, 634, 633, 633, 631, 630, 630, 624, 623, 623, 623, 623, 624, 625, 612, 0, 0, 0, 474, 473, 477, 0, 0, 0, 647, 651, 654, 657, 661, 665, 671, 676, 681, 687, 682, 694, 701, 707, 714, 721, 730, 739, 748, 757, 766]
[0, 677, 670, 666, 663, 660, 657, 656, 652, 650, 647, 646, 643, 640, 639, 638, 636, 634, 633, 632, 630, 629, 629, 629, 630, 629, 629, 629, 629, 630, 612, 0, 0, 477, 474, 475, 0, 0, 0, 0, 0, 654, 658, 662, 665, 669, 674, 678, 684, 691, 697, 704, 710, 717, 724, 732, 742, 751, 759, 768, 778]
[0, 690, 685, 666, 679, 675, 671, 668, 665, 662, 659, 656, 654, 652, 650, 648, 647, 647, 646, 644, 644, 629, 644, 629, 629, 629, 629, 630, 630, 630, 612, 0, 0, 0, 474, 473, 475, 0, 0, 0, 653, 656, 660, 663, 668, 672, 677, 682, 687, 694, 701, 707, 710, 713, 719, 728, 737, 745, 754, 764, 773]
[0, 694, 689, 684, 678, 674, 671, 667, 664, 661, 658, 657, 655, 652, 651, 649, 647, 647, 646, 644, 645, 644, 645, 644, 643, 643, 643, 642, 643, 644, 612, 0, 0, 0, 473, 473, 476, 0, 0, 0, 666, 670, 675, 679, 0, 682, 687, 692, 698, 704, 710, 716, 722, 730, 739, 747, 756, 764, 772, 782, 793]
[0, 705, 700, 696, 690, 686, 682, 677, 674, 672, 669, 666, 664, 662, 661, 660, 658, 647, 657, 655, 655, 654, 654, 644, 643, 643, 643, 644, 644, 645, 612, 0, 0, 475, 473, 474, 0, 0, 0, 0, 668, 0, 672, 675, 678, 683, 687, 693, 700, 705, 710, 716, 724, 732, 740, 748, 757, 765, 775, 784, 795]
[0, 705, 700, 696, 690, 686, 682, 677, 674, 672, 669, 666, 664, 662, 661, 660, 658, 647, 657, 655, 654, 654, 653, 653, 653, 653, 653, 653, 654, 655, 612, 0, 0, 474, 473, 475, 0, 0, 0, 0, 0, 679, 684, 687, 691, 696, 702, 706, 711, 716, 724, 731, 738, 746, 755, 763, 771, 780, 790, 800, 811]
[0, 704, 699, 695, 690, 686, 682, 678, 674, 672, 669, 667, 664, 662, 663, 661, 660, 659, 657, 655, 655, 654, 655, 653, 653, 653, 653, 653, 654, 655, 612, 0, 0, 475, 473, 475, 0, 0, 0, 0, 0, 679, 684, 687, 691, 696, 702, 706, 711, 716, 723, 731, 737, 745, 755, 763, 771, 779, 789, 800, 811]
[0, 712, 708, 704, 700, 695, 690, 686, 682, 680, 678, 667, 672, 662, 670, 668, 667, 666, 664, 664, 663, 663, 663, 655, 653, 653, 653, 654, 655, 656, 612, 0, 0, 475, 472, 473, 0, 0, 0, 0, 0, 681, 684, 687, 693, 699, 702, 708, 712, 717, 725, 733, 740, 748, 756, 763, 772, 782, 792, 802, 811]
[0, 732, 726, 721, 717, 713, 710, 706, 703, 700, 678, 697, 694, 692, 689, 688, 686, 684, 684, 682, 681, 682, 681, 662, 662, 661, 661, 662, 663, 664, 612, 0, 0, 473, 472, 471, 472, 0, 0, 0, 0, 690, 694, 698, 702, 707, 711, 716, 722, 729, 737, 743, 750, 758, 766, 775, 784, 793, 803, 812, 823]
[0, 732, 726, 721, 717, 713, 710, 706, 703, 700, 700, 697, 694, 692, 689, 688, 686, 685, 684, 682, 681, 682, 681, 681, 681, 680, 680, 681, 682, 685, 612, 0, 0, 472, 472, 472, 473, 0, 0, 0, 0, 710, 714, 717, 722, 727, 733, 740, 747, 753, 760, 767, 775, 783, 791, 801, 810, 818, 828, 838, 850]
[0, 738, 734, 729, 723, 720, 715, 712, 709, 706, 704, 701, 694, 698, 696, 695, 693, 691, 690, 690, 689, 688, 686, 681, 681, 680, 680, 681, 682, 685, 612, 0, 0, 472, 472, 471, 473, 0, 0, 0, 0, 710, 713, 717, 722, 727, 733, 740, 746, 753, 760, 767, 775, 783, 791, 801, 810, 818, 828, 838, 850]
[0, 740, 735, 731, 725, 720, 716, 713, 710, 707, 704, 702, 699, 696, 693, 695, 693, 691, 690, 689, 688, 688, 688, 687, 688, 688, 687, 688, 690, 692, 612, 0, 0, 472, 472, 470, 0, 0, 0, 0, 0, 716, 720, 725, 730, 735, 740, 748, 756, 761, 767, 774, 782, 790, 799, 808, 817, 826, 837, 848, 858]
[0, 740, 751, 746, 741, 735, 731, 727, 724, 720, 716, 714, 713, 711, 710, 709, 707, 706, 705, 689, 704, 703, 703, 687, 686, 686, 688, 688, 689, 690, 612, 0, 0, 473, 471, 471, 0, 0, 0, 0, 0, 716, 719, 723, 728, 733, 740, 747, 753, 759, 766, 773, 780, 788, 797, 806, 815, 824, 834, 843, 855]
[0, 756, 751, 746, 742, 736, 731, 728, 725, 720, 717, 715, 713, 711, 710, 708, 707, 706, 705, 689, 703, 703, 703, 703, 702, 703, 703, 704, 705, 706, 612, 0, 0, 473, 471, 470, 474, 0, 0, 727, 731, 716, 740, 0, 745, 750, 756, 763, 768, 774, 782, 790, 797, 805, 814, 823, 832, 840, 851, 863, 873]
[0, 756, 751, 746, 742, 736, 731, 728, 726, 721, 717, 715, 713, 711, 710, 708, 706, 706, 705, 704, 703, 703, 702, 702, 702, 703, 703, 704, 705, 706, 612, 0, 0, 472, 470, 470, 473, 0, 0, 727, 731, 716, 740, 0, 745, 750, 763, 763, 768, 774, 782, 790, 798, 806, 813, 822, 832, 840, 850, 862, 872]
[0, 755, 749, 744, 739, 735, 731, 727, 723, 720, 717, 715, 712, 711, 711, 709, 708, 706, 706, 704, 703, 703, 702, 702, 702, 702, 703, 703, 704, 705, 612, 0, 0, 472, 471, 472, 472, 0, 0, 728, 731, 735, 739, 744, 750, 756, 762, 763, 768, 774, 782, 789, 797, 805, 812, 821, 831, 840, 852, 862, 872]
[0, 764, 758, 752, 739, 748, 743, 738, 735, 733, 730, 727, 724, 721, 719, 718, 717, 715, 715, 714, 715, 715, 702, 702, 702, 703, 703, 703, 705, 707, 612, 0, 0, 472, 471, 472, 472, 0, 0, 728, 0, 732, 735, 740, 746, 753, 759, 764, 769, 776, 784, 792, 800, 808, 817, 825, 833, 843, 855, 866, 875]
[0, 787, 782, 776, 771, 767, 762, 758, 755, 751, 748, 747, 745, 721, 743, 740, 738, 737, 736, 735, 734, 732, 732, 714, 702, 715, 715, 715, 717, 718, 612, 0, 0, 473, 470, 471, 472, 0, 0, 728, 0, 753, 757, 762, 769, 775, 781, 787, 795, 776, 809, 818, 826, 808, 833, 842, 854, 865, 873, 882, 893]
[0, 796, 790, 785, 780, 767, 774, 770, 767, 764, 760, 758, 755, 753, 751, 750, 748, 746, 745, 743, 742, 743, 732, 732, 733, 733, 733, 734, 735, 737, 612, 0, 0, 473, 472, 471, 0, 0, 0, 728, 0, 767, 772, 777, 782, 788, 795, 801, 808, 814, 822, 830, 836, 845, 856, 866, 874, 883, 894, 906, 917]
[0, 795, 790, 789, 784, 779, 775, 770, 766, 763, 760, 758, 756, 754, 751, 750, 747, 746, 745, 744, 742, 743, 743, 742, 743, 733, 744, 745, 746, 747, 612, 0, 0, 472, 469, 469, 470, 0, 0, 728, 0, 780, 784, 790, 797, 803, 808, 816, 823, 829, 835, 844, 854, 865, 872, 866, 880, 889, 900, 911, 923]
[0, 818, 812, 807, 803, 798, 792, 787, 783, 780, 777, 775, 772, 770, 768, 767, 765, 763, 763, 764, 742, 763, 764, 742, 743, 743, 744, 745, 746, 747, 612, 0, 0, 472, 469, 469, 471, 0, 0, 728, 0, 780, 784, 790, 797, 802, 808, 816, 823, 828, 835, 844, 854, 864, 872, 872, 880, 889, 900, 911, 923]
[0, 818, 818, 813, 808, 804, 799, 794, 790, 786, 783, 781, 780, 777, 775, 774, 772, 771, 769, 768, 768, 763, 767, 763, 761, 762, 762, 761, 763, 765, 612, 0, 0, 471, 469, 469, 472, 0, 0, 728, 0, 802, 807, 812, 818, 824, 830, 816, 844, 828, 853, 861, 868, 876, 884, 893, 904, 914, 925, 936, 947]
[0, 823, 817, 811, 808, 802, 799, 797, 793, 789, 786, 784, 781, 779, 777, 775, 773, 771, 770, 769, 769, 768, 767, 766, 768, 769, 769, 769, 769, 771, 612, 0, 0, 471, 468, 468, 470, 0, 0, 0, 802, 807, 813, 819, 825, 831, 835, 843, 844, 851, 859, 867, 873, 882, 891, 901, 911, 922, 934, 944, 956]
[0, 833, 829, 825, 819, 814, 809, 806, 801, 798, 794, 791, 788, 787, 786, 783, 773, 780, 778, 769, 778, 779, 778, 769, 769, 769, 769, 769, 770, 772, 612, 0, 0, 472, 469, 469, 470, 0, 0, 0, 803, 808, 813, 819, 825, 830, 836, 844, 852, 860, 867, 874, 882, 882, 891, 900, 910, 922, 933, 944, 955]
[0, 832, 827, 822, 818, 813, 809, 804, 799, 798, 796, 794, 791, 789, 787, 785, 783, 782, 780, 779, 779, 778, 778, 778, 778, 779, 779, 779, 780, 782, 612, 0, 0, 470, 468, 469, 471, 0, 0, 814, 803, 816, 820, 826, 830, 836, 843, 851, 858, 866, 873, 880, 888, 897, 906, 917, 928, 938, 948, 959, 973]
[0, 833, 828, 824, 819, 814, 810, 805, 800, 797, 794, 792, 790, 788, 787, 786, 784, 782, 780, 780, 779, 779, 777, 779, 779, 779, 779, 780, 781, 782, 612, 0, 0, 0, 470, 470, 470, 0, 0, 0, 813, 818, 824, 829, 834, 840, 847, 854, 863, 870, 876, 884, 892, 902, 913, 924, 934, 943, 948, 954, 967]
[0, 873, 828, 869, 865, 861, 856, 850, 846, 842, 838, 836, 835, 832, 830, 829, 828, 827, 826, 825, 825, 779, 825, 778, 779, 780, 779, 780, 781, 783, 612, 0, 0, 0, 469, 468, 470, 0, 0, 0, 812, 817, 823, 828, 832, 838, 845, 852, 860, 868, 875, 882, 890, 899, 909, 921, 931, 941, 952, 963, 977]
[0, 893, 886, 880, 876, 873, 868, 864, 861, 842, 854, 836, 851, 850, 848, 845, 844, 842, 839, 838, 839, 839, 825, 826, 826, 827, 828, 829, 829, 830, 612, 0, 0, 0, 466, 468, 468, 0, 0, 0, 0, 873, 879, 886, 891, 897, 0, 914, 860, 922, 930, 939, 946, 955, 966, 980, 992, 1004, 1015, 1027, 1040]
[0, 890, 885, 880, 876, 872, 868, 864, 865, 861, 857, 855, 853, 850, 847, 845, 843, 841, 839, 839, 839, 839, 838, 839, 838, 840, 842, 844, 846, 830, 612, 0, 0, 469, 468, 467, 467, 0, 0, 0, 881, 886, 892, 897, 903, 910, 918, 926, 933, 940, 948, 956, 965, 976, 990, 1001, 1012, 1023, 1035, 1049, 1064]
[0, 895, 889, 885, 880, 875, 871, 867, 864, 861, 857, 854, 851, 849, 847, 845, 844, 842, 839, 839, 839, 840, 838, 839, 840, 841, 842, 843, 844, 830, 612, 0, 0, 468, 467, 467, 469, 0, 0, 0, 881, 887, 892, 897, 904, 911, 919, 926, 933, 942, 950, 958, 968, 979, 990, 1003, 1014, 1026, 1037, 1051, 1064]
[0, 903, 896, 892, 887, 882, 878, 874, 870, 868, 866, 864, 862, 859, 857, 855, 853, 852, 851, 839, 851, 851, 851, 839, 840, 840, 842, 845, 846, 847, 612, 0, 0, 469, 467, 467, 470, 0, 0, 0, 883, 889, 895, 901, 909, 915, 922, 930, 938, 945, 950, 953, 962, 973, 985, 996, 1005, 1017, 1031, 1042, 1056]
[0, 903, 925, 919, 913, 908, 903, 899, 895, 891, 888, 885, 883, 882, 881, 880, 879, 878, 876, 875, 876, 851, 876, 851, 851, 852, 852, 854, 857, 858, 612, 0, 0, 468, 467, 468, 0, 470, 0, 0, 894, 901, 907, 0, 919, 0, 928, 935, 942, 949, 956, 964, 975, 987, 997, 1008, 1020, 1032, 1043, 1056, 1072]
[0, 928, 921, 914, 909, 904, 900, 896, 895, 893, 889, 885, 883, 882, 882, 881, 879, 877, 876, 875, 875, 876, 876, 851, 877, 877, 878, 880, 881, 881, 612, 0, 0, 468, 466, 468, 467, 470, 0, 0, 0, 929, 935, 940, 947, 954, 963, 971, 980, 990, 956, 998, 1007, 1016, 1028, 1039, 1051, 1065, 1077, 1090, 1105]
[0, 928, 925, 919, 913, 908, 903, 899, 895, 891, 888, 886, 883, 881, 881, 880, 879, 878, 876, 875, 876, 876, 876, 877, 877, 878, 880, 881, 882, 881, 612, 0, 0, 0, 467, 467, 469, 0, 0, 0, 920, 927, 933, 939, 945, 952, 959, 967, 977, 987, 995, 1003, 1013, 1025, 1035, 1046, 1059, 1073, 1086, 1100, 1105]
[0, 970, 964, 958, 953, 949, 945, 941, 895, 937, 935, 934, 932, 929, 925, 924, 924, 922, 920, 921, 921, 921, 876, 876, 877, 877, 878, 880, 880, 881, 612, 0, 0, 0, 467, 467, 467, 0, 0, 0, 0, 929, 935, 940, 947, 955, 963, 971, 977, 981, 990, 998, 1006, 1017, 1028, 1039, 1051, 1064, 1078, 1091, 1105]
[0, 978, 969, 962, 957, 953, 948, 943, 940, 938, 936, 934, 931, 929, 926, 924, 926, 924, 924, 924, 924, 925, 925, 924, 925, 927, 929, 931, 932, 881, 612, 0, 0, 468, 466, 467, 469, 0, 0, 0, 974, 979, 985, 991, 997, 1003, 1013, 1021, 1028, 1036, 1048, 1060, 1071, 1082, 1092, 1103, 1117, 1133, 1151, 1166, 1182]
[0, 1002, 969, 996, 990, 986, 982, 976, 969, 965, 962, 959, 957, 956, 953, 951, 950, 950, 949, 950, 949, 949, 925, 924, 925, 926, 928, 930, 932, 937, 612, 0, 0, 0, 466, 466, 468, 0, 0, 0, 0, 977, 984, 990, 996, 1003, 1011, 1020, 1028, 1036, 1046, 1058, 1069, 1079, 1090, 1104, 1118, 1132, 1146, 1162, 1177]
[0, 1005, 1000, 995, 990, 984, 979, 975, 969, 963, 960, 958, 956, 953, 951, 951, 950, 950, 950, 950, 949, 949, 951, 924, 953, 954, 955, 955, 956, 959, 612, 0, 0, 467, 466, 467, 0, 469, 0, 0, 1004, 1010, 1017, 1023, 1031, 1039, 1047, 1057, 1067, 1077, 1086, 1096, 1069, 1107, 1121, 1135, 1149, 1163, 1178, 1194, 1206]
[0, 1023, 1017, 1011, 1004, 999, 996, 992, 988, 983, 978, 974, 971, 968, 967, 967, 965, 964, 964, 965, 949, 965, 965, 952, 951, 952, 955, 956, 959, 959, 612, 0, 0, 469, 466, 466, 467, 469, 0, 0, 0, 1007, 1014, 1021, 1028, 1036, 1044, 1053, 1060, 1069, 1080, 1091, 1102, 1114, 1126, 1142, 1157, 1170, 1184, 1198, 1214]
[0, 1034, 1027, 1018, 1013, 1009, 996, 1005, 1001, 997, 994, 991, 988, 987, 985, 984, 985, 983, 980, 980, 981, 981, 965, 965, 967, 969, 971, 973, 976, 978, 612, 0, 0, 469, 465, 465, 467, 469, 0, 0, 1021, 1028, 1035, 1042, 1050, 1059, 1044, 1068, 1077, 1085, 1095, 1105, 1116, 1128, 1142, 1157, 1171, 1186, 1200, 1215, 1231]
[0, 1034, 1026, 1020, 1015, 1010, 1005, 1001, 997, 997, 994, 992, 990, 988, 985, 983, 983, 983, 981, 980, 980, 980, 982, 984, 986, 986, 987, 990, 992, 978, 612, 0, 0, 468, 466, 467, 468, 469, 0, 0, 1040, 1040, 1047, 1055, 1065, 1073, 1081, 1089, 1097, 1107, 1118, 1130, 1144, 1156, 1169, 1183, 1196, 1211, 1227, 1245, 1261]
[0, 1080, 1075, 1067, 1060, 1056, 1049, 1043, 1039, 1036, 1033, 1029, 1025, 1024, 1024, 1021, 1019, 1018, 1017, 1019, 1021, 1022, 981, 983, 985, 986, 987, 990, 992, 978, 612, 0, 0, 0, 465, 465, 467, 0, 0, 0, 0, 1038, 1045, 1053, 1062, 1070, 1080, 1088, 1096, 1106, 1115, 1126, 1140, 1153, 1166, 1180, 1194, 1207, 1223, 1240, 1256]
[0, 1079, 1072, 1066, 1059, 1054, 1047, 1041, 1039, 1035, 1031, 1028, 1025, 1024, 1023, 1021, 1022, 1020, 1019, 1020, 1021, 1021, 981, 1022, 1023, 1025, 1025, 1027, 1029, 1030, 612, 0, 0, 0, 467, 466, 466, 0, 0, 0, 1081, 1087, 1095, 1103, 1111, 1120, 1131, 1142, 1153, 1163, 1173, 1183, 1196, 1210, 1166, 1226, 1241, 1255, 1271, 1288, 1256]
[0, 1077, 1070, 1066, 1064, 1058, 1053, 1046, 1040, 1039, 1037, 1033, 1030, 1026, 1024, 1024, 1023, 1023, 1023, 1023, 1023, 1023, 1021, 1022, 1024, 1026, 1027, 1028, 1031, 1030, 612, 0, 0, 0, 465, 465, 467, 0, 0, 0, 1084, 1087, 1092, 1100, 1107, 1116, 1125, 1136, 1147, 1155, 1166, 1177, 1189, 1202, 1217, 1232, 1248, 1262, 1276, 1296, 1256]
[0, 1092, 1086, 1079, 1074, 1068, 1062, 1046, 1053, 1039, 1049, 1046, 1042, 1040, 1038, 1038, 1036, 1036, 1035, 1037, 1037, 1036, 1024, 1026, 1024, 1026, 1028, 1029, 1032, 1035, 612, 0, 0, 0, 467, 466, 467, 0, 0, 0, 1086, 1090, 1098, 1106, 1115, 1127, 1134, 1142, 1154, 1164, 1175, 1188, 1189, 1199, 1213, 1230, 1245, 1258, 1275, 1295, 1256]
[0, 1094, 1087, 1081, 1075, 1069, 1064, 1060, 1055, 1053, 1049, 1044, 1041, 1040, 1039, 1036, 1037, 1036, 1036, 1036, 1036, 1037, 1038, 1039, 1041, 1042, 1042, 1046, 1050, 1035, 612, 0, 0, 467, 465, 466, 0, 468, 0, 0, 0, 1105, 1114, 1122, 1130, 1141, 1151, 1159, 1167, 1177, 1188, 1199, 1214, 1230, 1245, 1259, 1274, 1292, 1275, 1317, 1256]
[0, 1138, 1129, 1123, 1118, 1113, 1107, 1102, 1096, 1091, 1049, 1086, 1041, 1085, 1083, 1080, 1082, 1082, 1082, 1084, 1083, 1083, 1038, 1038, 1039, 1041, 1043, 1044, 1046, 1035, 612, 0, 0, 469, 466, 465, 467, 468, 0, 0, 1101, 1109, 0, 1118, 1128, 1137, 1146, 1156, 1164, 1174, 1185, 1196, 1208, 1223, 1238, 1255, 1269, 1284, 1303, 1317, 1330]
[0, 1143, 1135, 1128, 1118, 1121, 1116, 1112, 1107, 1103, 1099, 1095, 1092, 1089, 1087, 1086, 1085, 1085, 1087, 1087, 1087, 1087, 1085, 1087, 1089, 1092, 1094, 1097, 1103, 1035, 612, 0, 0, 467, 465, 465, 467, 468, 0, 0, 0, 1165, 1170, 1178, 1187, 1195, 1206, 1217, 1226, 1238, 1252, 1267, 1284, 1299, 1313, 1333, 1352, 1366, 1384, 1405, 1330]
[0, 1142, 1135, 1128, 1128, 1122, 1116, 1112, 1107, 1103, 1099, 1095, 1091, 1089, 1087, 1085, 1085, 1086, 1087, 1087, 1087, 1087, 1087, 1090, 1092, 1093, 1095, 1100, 1103, 1104, 612, 0, 0, 466, 465, 466, 466, 468, 0, 0, 0, 1167, 1173, 1180, 1190, 1198, 1209, 1221, 1231, 1243, 1255, 1268, 1284, 1302, 1318, 1338, 1356, 1368, 1391, 1414, 1330]
[0, 1150, 1143, 1136, 1129, 1122, 1116, 1112, 1108, 1101, 1097, 1095, 1092, 1089, 1086, 1086, 1086, 1086, 1087, 1087, 1087, 1088, 1087, 1091, 1093, 1093, 1095, 1095, 1100, 1106, 612, 0, 0, 466, 465, 465, 465, 468, 0, 0, 1165, 1167, 1173, 1180, 1190, 1198, 1209, 1220, 1231, 1245, 1256, 1268, 1285, 1302, 1322, 1338, 1358, 1368, 1371, 1390, 1417]
[0, 1189, 1180, 1173, 1168, 1162, 1157, 1152, 1147, 1143, 1138, 1134, 1131, 1129, 1129, 1127, 1126, 1126, 1127, 1129, 1129, 1129, 1089, 1091, 1092, 1093, 1094, 1098, 1102, 1106, 612, 0, 0, 0, 465, 465, 468, 468, 0, 0, 1161, 1168, 1174, 1182, 1190, 1201, 1214, 1223, 1233, 1246, 1256, 1259, 1274, 1290, 1306, 1322, 1341, 1358, 1373, 1397, 1421]
[0, 1184, 1178, 1173, 1167, 1160, 1154, 1148, 1144, 1141, 1137, 1134, 1132, 1129, 1126, 1127, 1125, 1125, 1127, 1128, 1128, 1128, 1132, 1134, 1136, 1136, 1094, 1138, 1142, 1147, 612, 0, 0, 470, 465, 465, 466, 468, 0, 0, 1206, 1219, 1233, 1237, 1245, 1255, 1266, 1279, 1290, 1298, 1314, 1331, 1346, 1356, 1306, 1370, 1389, 1407, 1428, 1451, 1474]
[0, 1243, 1236, 1229, 1222, 1215, 1208, 1203, 1200, 1197, 1193, 1189, 1186, 1181, 1180, 1183, 1182, 1182, 1182, 1182, 1128, 1183, 1130, 1132, 1133, 1134, 1137, 1140, 1143, 1147, 612, 0, 0, 468, 465, 465, 466, 468, 0, 0, 1206, 1224, 1229, 0, 1230, 1243, 1259, 1268, 1278, 1290, 1301, 1318, 1336, 1348, 1363, 1381, 1396, 1411, 1428, 0, 1479]
[0, 1238, 1236, 1232, 1224, 1217, 1212, 1205, 1200, 1197, 1196, 1192, 1187, 1185, 1185, 1184, 1183, 1181, 1181, 1181, 1183, 1184, 1185, 1190, 1195, 1194, 1193, 1200, 1207, 1147, 612, 0, 0, 0, 465, 465, 466, 0, 0, 0, 1273, 1282, 1289, 1296, 1305, 1316, 1331, 1268, 1343, 1354, 1367, 1379, 1391, 1405, 1417, 1429, 1443, 1457, 1473, 1488, 1501]
[0, 1278, 1271, 1263, 1256, 1217, 1251, 1244, 1238, 1236, 1233, 1229, 1226, 1223, 1222, 1219, 1218, 1223, 1227, 1228, 1232, 1235, 1183, 1189, 1194, 1194, 1193, 1197, 1205, 1215, 612, 0, 0, 0, 465, 464, 466, 469, 0, 0, 0, 1281, 1287, 1294, 1304, 1316, 1329, 1342, 1354, 1366, 1379, 1391, 1404, 1415, 1425, 1440, 1455, 1457, 1469, 1484, 1499]
[0, 1285, 1277, 1269, 1262, 1256, 1250, 1245, 1241, 1235, 1231, 1230, 1227, 1224, 1223, 1221, 1219, 1225, 1229, 1230, 1232, 1233, 1234, 1229, 1229, 1236, 1238, 1241, 1247, 1215, 612, 0, 0, 0, 465, 464, 466, 469, 0, 0, 0, 1318, 1329, 1338, 1343, 1344, 1349, 1357, 1365, 1375, 1384, 1393, 1405, 1414, 1425, 1440, 1439, 1452, 1466, 1483, 1499]
[0, 1284, 1275, 1269, 1263, 1256, 1250, 1245, 1240, 1236, 1232, 1228, 1225, 1223, 1222, 1221, 1222, 1227, 1228, 1231, 1233, 1235, 1235, 1233, 1229, 1233, 1236, 1239, 1242, 1249, 612, 0, 0, 0, 465, 464, 465, 0, 0, 0, 0, 1316, 1329, 1339, 1342, 1343, 1351, 1360, 1369, 1377, 1384, 1392, 1403, 1414, 1414, 1427, 1440, 1454, 1468, 1482, 1500]
[0, 1303, 1295, 1288, 1281, 1276, 1268, 1263, 1259, 1255, 1251, 1251, 1248, 1243, 1245, 1245, 1245, 1247, 1254, 1231, 1258, 1251, 1236, 1233, 1229, 1234, 1236, 1239, 1243, 1250, 612, 0, 0, 0, 465, 464, 465, 0, 0, 0, 0, 1324, 1332, 1335, 1339, 1345, 1352, 1360, 1369, 1377, 1387, 1392, 1396, 1404, 1415, 1427, 1442, 1456, 1469, 1483, 1499]
[0, 1303, 1371, 1363, 1357, 1352, 1348, 1339, 1331, 1255, 1326, 1320, 1316, 1315, 1314, 1313, 1312, 1309, 1308, 1308, 1307, 1251, 1249, 1252, 1254, 1254, 1257, 1259, 1262, 1250, 612, 0, 0, 468, 465, 465, 466, 0, 0, 0, 1318, 1322, 1327, 1331, 1339, 1346, 1352, 1354, 1362, 1370, 1378, 1387, 1396, 1406, 1418, 1430, 1444, 1456, 1472, 1488, 1501]
[0, 1373, 1367, 1361, 1356, 1349, 1342, 1339, 1334, 1328, 1322, 1320, 1317, 1315, 1314, 1311, 1310, 1311, 1311, 1309, 1306, 1305, 1304, 1297, 1254, 1295, 1295, 1293, 1292, 1294, 612, 0, 0, 0, 465, 464, 466, 469, 0, 0, 1321, 1318, 1323, 1331, 1338, 1342, 1349, 1360, 1369, 1376, 1383, 1387, 1392, 1403, 1414, 1424, 1438, 1451, 1465, 1483, 1499]
[0, 1372, 1367, 1365, 1359, 1353, 1348, 1339, 1335, 1328, 1322, 1324, 1319, 1316, 1314, 1313, 1313, 1312, 1309, 1308, 1304, 1302, 1304, 1299, 1296, 1296, 1294, 1293, 1293, 1294, 612, 0, 0, 467, 465, 464, 467, 469, 0, 0, 0, 1315, 1319, 1324, 1331, 1339, 1343, 1350, 1360, 1369, 1378, 1386, 1396, 1407, 1417, 1429, 1444, 1459, 1475, 1491, 1505]
[0, 1424, 1414, 1408, 1402, 1395, 1390, 1385, 1380, 1376, 1372, 1365, 1357, 1316, 1348, 1339, 1333, 1328, 1321, 1315, 1312, 1308, 1302, 1297, 1295, 1296, 1296, 1294, 1293, 1294, 612, 0, 0, 0, 465, 464, 466, 469, 0, 0, 0, 1315, 1320, 1327, 1335, 1342, 1350, 1359, 1367, 1376, 1384, 1392, 1403, 1414, 1417, 1425, 1438, 1450, 1465, 1483, 1498]
[0, 1428, 1418, 1408, 1403, 1396, 1391, 1385, 1380, 1375, 1372, 1371, 1365, 1356, 1347, 1338, 1331, 1326, 1320, 1315, 1310, 1305, 1304, 1301, 1297, 1295, 1294, 1290, 1290, 1294, 612, 0, 0, 467, 465, 465, 467, 469, 0, 0, 0, 1314, 1317, 1322, 1331, 1337, 1344, 1351, 1359, 1368, 1378, 1385, 1394, 1403, 1414, 1427, 1440, 1453, 1468, 1484, 1499]
[0, 1428, 1421, 1413, 1407, 1399, 1391, 1387, 1382, 1376, 1372, 1365, 1355, 1346, 1339, 1338, 1333, 1329, 1321, 1315, 1313, 1309, 1302, 1300, 1296, 1293, 1292, 1292, 1291, 1294, 612, 0, 0, 466, 465, 465, 465, 467, 0, 0, 0, 1315, 1318, 1324, 1331, 1339, 1344, 1351, 1360, 1369, 1378, 1386, 1395, 1407, 1417, 1429, 1443, 1455, 1472, 1490, 1504]
[0, 1428, 1444, 1430, 1426, 1418, 1408, 1402, 1394, 1381, 1372, 1362, 1352, 1346, 1340, 1334, 1326, 1329, 1318, 1313, 1308, 1306, 1305, 1301, 1297, 1294, 1292, 1290, 1290, 1294, 612, 0, 0, 467, 465, 465, 467, 467, 0, 0, 1313, 1315, 1317, 1322, 1330, 1337, 1343, 1353, 1360, 1367, 1377, 1385, 1394, 1403, 1413, 1427, 1442, 1455, 1468, 1484, 1499]
[0, 1428, 1444, 1430, 1445, 1421, 1412, 1400, 1385, 1376, 1371, 1364, 1355, 1346, 1347, 1339, 1333, 1327, 1320, 1315, 1312, 1307, 1304, 1300, 1296, 1293, 1292, 1290, 1289, 1294, 612, 0, 0, 467, 465, 465, 466, 470, 0, 0, 1315, 1316, 1317, 1322, 1330, 1337, 1343, 1352, 1359, 1366, 1376, 1384, 1394, 1403, 1413, 1427, 1441, 1454, 1468, 1484, 1499]
[0, 1428, 1444, 1430, 1446, 1424, 1417, 1409, 1398, 1386, 1374, 1365, 1357, 1349, 1343, 1337, 1327, 1321, 1317, 1313, 1310, 1306, 1303, 1299, 1296, 1295, 1293, 1291, 1291, 1294, 612, 0, 0, 467, 465, 465, 467, 470, 0, 0, 0, 1314, 1318, 1324, 1328, 1336, 1343, 1350, 1359, 1368, 1377, 1385, 1395, 1406, 1417, 1429, 1443, 1458, 1474, 1489, 1503]
[0, 1478, 1460, 1446, 1431, 1420, 1409, 1397, 1388, 1379, 1368, 1361, 1357, 1354, 1346, 1338, 1330, 1323, 1319, 1314, 1310, 1307, 1303, 1297, 1295, 1295, 1293, 1293, 1292, 1293, 612, 0, 0, 0, 465, 464, 465, 469, 0, 0, 0, 1317, 1321, 1326, 1332, 1339, 1349, 1354, 1362, 1372, 1377, 1391, 1395, 1399, 1410, 1423, 1435, 1448, 1464, 1482, 1495]
[0, 1471, 1453, 1446, 1437, 1424, 1414, 1402, 1393, 1385, 1374, 1364, 1357, 1349, 1342, 1337, 1327, 1318, 1314, 1310, 1306, 1305, 1303, 1299, 1295, 1293, 1290, 1289, 1290, 1293, 612, 0, 0, 468, 465, 465, 0, 467, 0, 0, 0, 1313, 1317, 1323, 1327, 1335, 1342, 1349, 1358, 1367, 1376, 1384, 1394, 1403, 1413, 1428, 1442, 1457, 1469, 1484, 1502]
[0, 1481, 1463, 1446, 1433, 1419, 1408, 1399, 1387, 1376, 1370, 1361, 1352, 1345, 1338, 1333, 1327, 1325, 1318, 1313, 1308, 1303, 1302, 1297, 1295, 1295, 1291, 1288, 1289, 1287, 612, 0, 0, 0, 465, 464, 466, 469, 0, 0, 0, 1316, 1319, 1323, 1329, 1338, 1345, 1351, 1358, 1367, 1376, 1383, 1395, 1403, 1406, 1419, 1432, 1442, 1458, 1476, 1491]
[0, 1469, 1463, 1452, 1439, 1425, 1413, 1400, 1392, 1384, 1373, 1364, 1356, 1348, 1342, 1332, 1323, 1318, 1314, 1310, 1306, 1304, 1301, 1299, 1295, 1292, 1291, 1290, 1288, 1287, 612, 0, 0, 469, 465, 465, 467, 473, 0, 0, 1312, 1316, 1315, 1321, 1325, 1332, 1342, 1346, 1351, 1360, 1372, 1383, 1390, 1399, 1409, 1423, 1438, 1449, 1463, 1483, 1498]
[0, 1470, 1453, 1439, 1425, 1425, 1413, 1402, 1392, 1383, 1372, 1364, 1357, 1348, 1341, 1332, 1324, 1319, 1314, 1309, 1306, 1303, 1301, 1297, 1295, 1290, 1291, 1288, 1288, 1287, 612, 0, 0, 472, 466, 464, 466, 470, 477, 0, 0, 1314, 1318, 1322, 1325, 1335, 1345, 1351, 1358, 1366, 1376, 1384, 1395, 1399, 1406, 1419, 1432, 1442, 1458, 1472, 1487]
[0, 1478, 1460, 1445, 1430, 1418, 1408, 1396, 1387, 1378, 1368, 1357, 1357, 1348, 1342, 1338, 1329, 1322, 1318, 1314, 1310, 1302, 1299, 1291, 1290, 1291, 1289, 1286, 1288, 1287, 0, 479, 0, 468, 466, 465, 466, 469, 476, 0, 0, 1311, 1313, 1317, 1323, 1332, 1341, 1349, 1356, 1363, 1373, 1385, 1394, 1402, 1414, 1428, 1446, 1466, 1458, 1502, 1487]
[0, 1477, 1460, 1445, 1431, 1416, 1404, 1395, 1386, 1374, 1364, 1357, 1357, 1348, 1342, 1337, 1328, 1322, 1317, 1312, 1308, 1301, 1298, 1298, 1295, 1293, 1289, 1284, 1290, 1287, 0, 0, 476, 468, 465, 465, 470, 475, 476, 0, 0, 1313, 1317, 1319, 1321, 1331, 1341, 1345, 1351, 1360, 1372, 1383, 1390, 1399, 1412, 1427, 1441, 1460, 1480, 1495, 1513]
[0, 1478, 1462, 1445, 1430, 1417, 1408, 1397, 1386, 1373, 1367, 1360, 1351, 1344, 1338, 1329, 1328, 1321, 1317, 1310, 1305, 1303, 1298, 1297, 1294, 1292, 1289, 1287, 1290, 1287, 0, 0, 475, 468, 465, 466, 470, 475, 476, 0, 0, 1312, 1316, 1321, 1324, 1331, 1341, 1345, 1354, 1363, 1372, 1383, 1394, 1407, 1425, 1442, 1456, 1471, 1486, 1502, 1517]
[0, 1478, 1463, 1448, 1432, 1418, 1407, 1396, 1385, 1377, 1370, 1358, 1351, 1344, 1336, 1329, 1321, 1321, 1316, 1312, 1307, 1302, 1300, 1298, 1295, 1292, 1291, 1289, 1290, 1287, 0, 0, 476, 470, 466, 466, 468, 473, 476, 0, 0, 1309, 1310, 1314, 1320, 1329, 1335, 1342, 1351, 1361, 1372, 1383, 1393, 1403, 1419, 1436, 1451, 1467, 1482, 1498, 1513]
[0, 1481, 1463, 1450, 1437, 1422, 1408, 1396, 1387, 1379, 1368, 1357, 1349, 1342, 1335, 1328, 1321, 1315, 1312, 1306, 1307, 1301, 1299, 1298, 1295, 1292, 1289, 1285, 1285, 1287, 0, 0, 477, 471, 466, 465, 468, 473, 476, 0, 1309, 1315, 1323, 1332, 1340, 0, 1349, 1361, 1371, 1375, 1382, 1395, 1407, 1420, 1432, 1442, 1454, 1466, 1478, 1495, 1512]
[0, 1477, 1461, 1445, 1430, 1418, 1407, 1397, 1386, 1376, 1368, 1359, 1350, 1343, 1333, 1328, 1324, 1321, 1316, 1312, 1306, 1302, 1299, 1293, 1291, 1289, 1287, 1285, 1285, 1287, 0, 0, 479, 472, 468, 467, 467, 470, 476, 0, 1330, 1321, 1324, 1332, 1341, 1351, 1359, 1363, 1373, 1383, 1393, 1395, 1405, 1417, 1427, 1438, 1449, 1462, 1477, 1493, 1508]
[0, 1481, 1463, 1449, 1437, 1422, 1408, 1396, 1387, 1378, 1368, 1357, 1349, 1342, 1335, 1328, 1322, 1317, 1312, 1306, 1301, 1302, 1299, 1298, 1294, 1291, 1289, 1288, 1287, 1287, 0, 0, 476, 470, 466, 466, 469, 473, 476, 0, 1323, 1326, 1324, 1331, 1335, 1343, 1351, 1357, 1367, 1378, 1388, 1397, 1406, 1420, 1433, 1441, 1451, 1466, 1481, 1497, 1511]
[0, 1481, 1465, 1450, 1436, 1421, 1410, 1399, 1388, 1378, 1368, 1358, 1350, 1342, 1334, 1327, 1322, 1316, 1312, 1308, 1303, 1297, 1299, 1293, 1291, 1289, 1287, 1285, 1285, 1287, 0, 0, 479, 472, 467, 467, 468, 470, 476, 0, 1330, 1322, 1324, 1331, 1340, 1351, 1359, 1366, 1376, 1378, 1393, 1397, 1405, 1417, 1427, 1437, 1449, 1463, 1478, 1492, 1508]
[0, 1463, 1449, 1437, 1436, 1422, 1410, 1401, 1391, 1382, 1369, 1360, 1356, 1348, 1341, 1338, 1338, 1331, 1323, 1320, 1318, 1316, 1294, 1293, 1293, 1290, 1287, 1285, 1285, 1287, 0, 0, 479, 472, 467, 467, 468, 470, 476, 0, 1330, 1322, 1328, 1336, 1342, 1351, 1358, 1366, 1375, 1383, 1392, 1397, 1405, 1416, 1427, 1438, 1449, 1462, 1477, 1492, 1507]
[0, 1480, 1462, 1448, 1435, 1422, 1411, 1401, 1392, 1392, 1391, 1379, 1366, 1357, 1349, 1342, 1338, 1334, 1329, 1325, 1321, 1316, 1312, 1308, 1305, 1302, 1303, 1285, 1301, 1287, 0, 0, 481, 475, 469, 467, 467, 470, 478, 0, 0, 1324, 1328, 1332, 1337, 1347, 1357, 1363, 1368, 1377, 1388, 1400, 1412, 1423, 1435, 1446, 1458, 1470, 1483, 1502, 1507]
[0, 1479, 1461, 1446, 1431, 1419, 1411, 1403, 1398, 1395, 1391, 1376, 1361, 1356, 1349, 1342, 1336, 1330, 1327, 1324, 1321, 1319, 1312, 1312, 1308, 1305, 1305, 1304, 1301, 1287, 0, 0, 480, 476, 471, 470, 471, 470, 478, 0, 1324, 1322, 1326, 1333, 1342, 1351, 1358, 1365, 1372, 1380, 1388, 1392, 1404, 1416, 1426, 1438, 1449, 1462, 1476, 1492, 1507]
[0, 1476, 1460, 1444, 1429, 1417, 1407, 1400, 1389, 1387, 1388, 1374, 1363, 1357, 1350, 1343, 1336, 1337, 1330, 1323, 1319, 1317, 1314, 1311, 1308, 1305, 1304, 1301, 1300, 1287, 0, 0, 479, 475, 472, 470, 471, 470, 478, 0, 1321, 1321, 1326, 1332, 1339, 1349, 1358, 1365, 1373, 1380, 1382, 1392, 1404, 1416, 1427, 1439, 1449, 1462, 1476, 1491, 1506]
