[0, 0, 0, 0, 0, 0, 0, 0, 0, 0, 0, 0, 0, 0, 0, 0, 0, 0, 0, 0, 0, 0, 0, 0, 0, 0, 0, 0, 0, 0, 0, 0, 0, 0, 0, 0, 0, 0, 0, 0, 0, 0, 0, 0, 0, 0, 0, 0, 0, 0, 0, 0, 0, 0, 0, 0, 0, 0, 0, 0, 0]
[0, 529, 525, 522, 517, 513, 510, 507, 505, 502, 500, 496, 496, 495, 493, 490, 488, 487, 485, 485, 483, 482, 482, 481, 480, 479, 479, 479, 479, 479, 479, 480, 481, 481, 482, 484, 485, 486, 487, 488, 492, 493, 497, 499, 501, 502, 505, 508, 512, 515, 520, 524, 529, 534, 539, 543, 549, 554, 559, 565, 572]
[0, 528, 524, 520, 517, 513, 510, 507, 505, 504, 501, 498, 496, 494, 492, 489, 488, 486, 485, 484, 483, 482, 481, 481, 480, 479, 479, 479, 479, 479, 480, 481, 481, 481, 481, 483, 484, 485, 486, 488, 490, 492, 494, 497, 500, 503, 506, 509, 512, 517, 521, 525, 530, 534, 539, 545, 551, 556, 561, 567, 574]
[0, 529, 524, 520, 516, 513, 510, 507, 507, 504, 501, 499, 496, 494, 492, 490, 488, 486, 485, 484, 483, 482, 481, 480, 480, 479, 479, 479, 479, 479, 480, 480, 480, 481, 482, 483, 484, 485, 486, 488, 491, 493, 495, 498, 501, 504, 507, 510, 514, 517, 521, 526, 531, 536, 541, 546, 551, 557, 562, 568, 576]
[0, 528, 524, 520, 516, 513, 510, 509, 507, 504, 501, 498, 496, 494, 492, 489, 488, 486, 485, 484, 483, 482, 481, 480, 480, 479, 478, 478, 479, 479, 479, 480, 481, 481, 482, 483, 484, 485, 486, 488, 490, 493, 496, 498, 500, 503, 507, 510, 514, 517, 521, 526, 531, 535, 540, 545, 551, 557, 562, 568, 576]
[0, 528, 524, 519, 516, 513, 510, 509, 506, 503, 500, 498, 496, 494, 492, 489, 488, 486, 485, 484, 483, 482, 481, 480, 480, 480, 479, 479, 479, 479, 480, 480, 481, 481, 482, 483, 484, 485, 486, 488, 491, 493, 496, 498, 500, 503, 507, 510, 514, 517, 521, 526, 531, 536, 541, 545, 551, 557, 562, 568, 576]
[0, 528, 524, 520, 516, 513, 510, 509, 506, 503, 500, 498, 496, 494, 492, 489, 488, 486, 485, 484, 483, 482, 481, 480, 480, 480, 479, 479, 479, 479, 479, 480, 480, 481, 482, 483, 484, 485, 487, 488, 491, 493, 495, 498, 500, 504, 507, 510, 514, 517, 522, 527, 531, 536, 541, 546, 552, 557, 562, 569, 577]
[0, 528, 524, 520, 516, 513, 510, 507, 506, 504, 501, 499, 496, 494, 492, 490, 488, 486, 485, 484, 483, 482, 481, 480, 480, 479, 479, 479, 479, 479, 479, 480, 480, 481, 482, 483, 484, 485, 486, 488, 490, 493, 496, 498, 500, 504, 507, 510, 514, 517, 522, 526, 531, 536, 541, 546, 551, 557, 562, 569, 576]
[0, 529, 525, 522, 517, 513, 510, 507, 506, 502, 499, 499, 497, 495, 493, 490, 488, 487, 486, 485, 483, 482, 482, 481, 480, 479, 478, 478, 479, 479, 480, 480, 480, 481, 481, 483, 484, 485, 486, 488, 490, 493, 495, 497, 500, 503, 507, 510, 513, 517, 521, 526, 530, 535, 540, 545, 551, 556, 561, 568, 575]
[0, 535, 530, 526, 517, 523, 519, 516, 513, 510, 508, 505, 503, 501, 498, 497, 495, 494, 493, 491, 489, 488, 487, 481, 480, 479, 479, 479, 479, 479, 480, 480, 481, 482, 483, 483, 485, 486, 488, 488, 490, 492, 494, 497, 500, 503, 506, 509, 513, 516, 520, 524, 529, 535, 540, 544, 550, 556, 561, 566, 572]
[0, 536, 532, 528, 525, 521, 518, 515, 512, 509, 507, 505, 502, 501, 500, 498, 497, 495, 494, 493, 491, 490, 489, 488, 480, 486, 486, 479, 485, 485, 486, 487, 487, 488, 489, 490, 492, 494, 495, 497, 499, 501, 504, 507, 509, 512, 516, 519, 523, 527, 531, 535, 540, 545, 550, 556, 561, 567, 572, 579, 586]
[0, 537, 533, 529, 525, 521, 518, 515, 512, 510, 507, 505, 502, 502, 498, 498, 497, 496, 494, 493, 491, 490, 489, 488, 487, 487, 487, 487, 487, 487, 487, 488, 488, 490, 491, 492, 492, 496, 497, 497, 499, 502, 507, 509, 512, 514, 518, 519, 522, 526, 530, 540, 540, 545, 550, 555, 560, 566, 572, 578, 585]
[0, 538, 533, 529, 525, 522, 519, 515, 512, 510, 508, 505, 502, 500, 499, 498, 497, 496, 494, 493, 491, 490, 489, 488, 488, 487, 487, 487, 487, 487, 487, 488, 489, 489, 491, 493, 494, 495, 497, 499, 502, 504, 507, 509, 512, 514, 518, 522, 526, 526, 535, 540, 539, 544, 549, 559, 560, 572, 572, 578, 591]
[0, 538, 533, 529, 526, 522, 519, 516, 513, 510, 508, 505, 503, 501, 499, 498, 496, 495, 494, 492, 491, 490, 489, 488, 488, 487, 487, 487, 487, 487, 487, 488, 489, 489, 491, 492, 494, 495, 497, 499, 502, 504, 506, 509, 512, 514, 518, 522, 526, 526, 530, 539, 544, 549, 554, 559, 559, 565, 577, 578, 591]
[0, 538, 534, 530, 526, 522, 519, 516, 513, 511, 508, 506, 503, 501, 499, 498, 496, 494, 494, 492, 491, 491, 490, 488, 487, 487, 487, 487, 487, 487, 487, 488, 490, 490, 491, 492, 494, 495, 497, 499, 502, 504, 506, 509, 512, 515, 518, 522, 526, 530, 534, 539, 544, 549, 554, 559, 564, 570, 577, 584, 591]
[0, 538, 534, 530, 526, 526, 522, 517, 513, 514, 512, 509, 507, 505, 503, 501, 499, 498, 497, 496, 494, 493, 492, 487, 487, 487, 487, 487, 487, 487, 488, 489, 489, 490, 491, 492, 494, 496, 497, 499, 501, 504, 506, 509, 512, 515, 518, 521, 525, 530, 534, 539, 544, 550, 555, 558, 564, 570, 576, 583, 590]
[0, 540, 535, 531, 528, 525, 521, 518, 515, 512, 512, 508, 507, 505, 501, 501, 499, 498, 495, 494, 494, 493, 492, 492, 490, 490, 489, 489, 491, 491, 488, 492, 493, 490, 495, 492, 497, 499, 500, 502, 504, 507, 509, 511, 514, 517, 520, 524, 529, 532, 537, 541, 546, 551, 555, 561, 567, 572, 579, 586, 592]
[0, 538, 534, 531, 526, 525, 522, 520, 517, 514, 511, 509, 507, 505, 503, 501, 499, 498, 497, 496, 494, 493, 492, 492, 491, 490, 489, 490, 490, 491, 492, 492, 492, 494, 495, 496, 498, 499, 501, 503, 506, 508, 510, 513, 516, 517, 520, 523, 527, 531, 540, 541, 544, 549, 554, 560, 565, 571, 577, 583, 590]
[0, 542, 538, 534, 530, 527, 523, 521, 517, 514, 512, 510, 508, 505, 503, 502, 500, 499, 497, 498, 496, 495, 492, 494, 490, 490, 489, 489, 490, 491, 492, 492, 492, 493, 494, 495, 497, 499, 500, 502, 504, 507, 509, 511, 514, 517, 520, 524, 528, 532, 536, 541, 546, 551, 556, 561, 567, 572, 579, 586, 592]
[0, 539, 534, 531, 529, 525, 522, 521, 515, 514, 514, 511, 508, 506, 504, 502, 500, 498, 497, 497, 497, 496, 495, 494, 492, 492, 492, 492, 492, 493, 493, 493, 494, 495, 496, 498, 499, 500, 502, 505, 507, 509, 512, 514, 517, 520, 524, 527, 531, 536, 540, 545, 550, 555, 560, 565, 571, 577, 584, 590, 597]
[0, 542, 538, 534, 531, 527, 523, 521, 517, 514, 512, 510, 508, 505, 504, 502, 500, 500, 498, 497, 497, 495, 495, 494, 493, 492, 492, 492, 493, 493, 494, 493, 495, 495, 497, 498, 499, 500, 502, 503, 506, 509, 510, 513, 516, 520, 523, 527, 531, 535, 538, 542, 548, 554, 559, 564, 570, 576, 581, 587, 595]
[0, 552, 547, 543, 539, 536, 533, 529, 526, 524, 512, 521, 519, 517, 515, 512, 511, 509, 508, 507, 506, 506, 505, 504, 493, 492, 492, 492, 493, 493, 493, 494, 494, 495, 496, 498, 499, 500, 502, 505, 507, 510, 512, 514, 517, 521, 524, 528, 531, 536, 541, 545, 550, 556, 561, 565, 572, 579, 585, 591, 595]
[0, 552, 547, 543, 539, 536, 533, 529, 526, 524, 521, 519, 517, 517, 512, 512, 511, 509, 508, 507, 506, 505, 504, 503, 503, 503, 503, 503, 503, 503, 503, 504, 506, 507, 507, 509, 511, 512, 514, 516, 519, 521, 524, 527, 517, 533, 524, 536, 541, 545, 549, 553, 558, 563, 568, 575, 581, 587, 593, 599, 606]
[0, 559, 554, 550, 546, 543, 540, 537, 534, 531, 527, 524, 517, 523, 512, 520, 518, 516, 515, 513, 512, 512, 511, 510, 503, 503, 502, 502, 503, 503, 503, 504, 505, 507, 507, 509, 511, 512, 514, 516, 519, 521, 524, 527, 517, 530, 536, 536, 540, 545, 549, 554, 563, 563, 568, 575, 581, 587, 593, 599, 606]
[0, 561, 557, 553, 550, 546, 543, 539, 536, 535, 529, 521, 521, 524, 523, 521, 519, 517, 515, 515, 512, 513, 513, 512, 510, 510, 510, 509, 510, 510, 510, 511, 512, 513, 514, 516, 517, 519, 521, 523, 525, 528, 531, 527, 537, 540, 544, 536, 552, 545, 556, 561, 571, 563, 577, 588, 581, 594, 607, 599, 614]
[0, 560, 556, 552, 548, 544, 541, 538, 535, 535, 531, 525, 521, 522, 523, 521, 519, 518, 517, 516, 514, 514, 513, 512, 511, 511, 511, 511, 511, 512, 512, 512, 513, 514, 515, 517, 519, 521, 522, 525, 527, 530, 532, 535, 539, 542, 545, 550, 554, 558, 562, 567, 572, 578, 584, 590, 596, 601, 608, 615, 622]
[0, 560, 556, 557, 552, 548, 545, 542, 539, 536, 528, 521, 521, 525, 526, 522, 521, 520, 519, 518, 514, 517, 516, 515, 511, 511, 511, 512, 512, 512, 512, 513, 514, 515, 517, 517, 520, 521, 522, 527, 527, 529, 532, 535, 538, 540, 544, 548, 553, 557, 561, 566, 571, 578, 583, 589, 595, 601, 607, 614, 621]
[0, 560, 560, 556, 552, 548, 545, 542, 539, 536, 530, 521, 521, 525, 526, 524, 522, 520, 519, 518, 517, 517, 516, 515, 514, 514, 514, 514, 514, 514, 515, 515, 516, 518, 519, 520, 522, 523, 526, 528, 530, 533, 535, 539, 541, 544, 548, 552, 556, 560, 565, 570, 576, 582, 587, 589, 599, 606, 613, 620, 627]
[0, 574, 569, 565, 561, 558, 555, 551, 554, 536, 0, 519, 519, 521, 528, 533, 522, 529, 519, 526, 517, 525, 524, 524, 514, 514, 514, 514, 514, 514, 515, 515, 516, 518, 519, 520, 522, 523, 526, 528, 530, 533, 536, 539, 542, 545, 549, 553, 557, 561, 565, 571, 577, 582, 588, 594, 600, 606, 613, 620, 619]
[0, 573, 569, 568, 564, 561, 558, 555, 554, 536, 0, 517, 518, 521, 523, 529, 534, 533, 519, 531, 529, 528, 527, 524, 523, 523, 523, 523, 523, 523, 524, 525, 525, 527, 527, 529, 532, 533, 535, 537, 540, 542, 545, 549, 552, 555, 558, 562, 566, 571, 576, 581, 577, 592, 598, 594, 604, 610, 623, 620, 631]
[0, 586, 581, 576, 571, 567, 564, 561, 554, 536, 0, 515, 518, 517, 0, 0, 534, 541, 539, 538, 537, 536, 535, 534, 523, 527, 527, 527, 527, 526, 527, 528, 529, 530, 531, 533, 535, 536, 538, 541, 543, 545, 549, 552, 555, 558, 562, 565, 570, 575, 580, 585, 590, 596, 602, 608, 615, 621, 627, 635, 643]
[0, 592, 589, 584, 580, 575, 571, 568, 554, 536, 0, 517, 517, 519, 0, 0, 548, 546, 544, 543, 0, 542, 541, 534, 534, 535, 535, 535, 535, 535, 535, 536, 538, 538, 539, 540, 542, 545, 547, 549, 552, 545, 557, 560, 564, 567, 562, 576, 580, 575, 591, 585, 595, 600, 606, 612, 618, 625, 632, 639, 647]
[0, 596, 592, 588, 584, 580, 576, 572, 554, 536, 0, 514, 515, 0, 0, 0, 550, 550, 549, 548, 546, 542, 545, 544, 540, 540, 540, 540, 540, 541, 541, 542, 542, 544, 545, 546, 548, 550, 552, 555, 557, 559, 562, 565, 568, 573, 576, 581, 586, 591, 595, 600, 605, 611, 617, 623, 630, 638, 645, 652, 659]
[0, 595, 591, 588, 584, 580, 576, 572, 554, 536, 0, 514, 516, 0, 0, 0, 552, 550, 549, 0, 547, 546, 545, 545, 544, 544, 545, 544, 545, 545, 545, 546, 546, 548, 549, 551, 553, 555, 556, 558, 561, 564, 566, 569, 574, 578, 582, 586, 591, 595, 599, 605, 610, 615, 621, 628, 635, 642, 649, 657, 665]
[0, 601, 597, 593, 590, 585, 581, 581, 554, 536, 0, 0, 516, 519, 0, 0, 0, 559, 555, 554, 553, 552, 551, 545, 544, 544, 544, 544, 544, 544, 545, 546, 547, 548, 550, 551, 554, 556, 557, 559, 561, 564, 567, 571, 574, 579, 583, 587, 592, 596, 601, 606, 612, 617, 624, 630, 637, 642, 644, 651, 658]
[0, 608, 604, 600, 597, 593, 589, 581, 554, 536, 0, 512, 514, 517, 0, 0, 0, 565, 563, 562, 562, 560, 559, 550, 551, 551, 551, 552, 552, 552, 552, 553, 554, 555, 556, 558, 559, 561, 563, 566, 569, 571, 575, 571, 579, 586, 591, 595, 599, 604, 601, 609, 620, 617, 626, 633, 640, 646, 653, 660, 669]
[0, 610, 606, 602, 598, 594, 591, 588, 554, 0, 0, 515, 514, 515, 0, 0, 0, 0, 564, 563, 561, 560, 559, 558, 558, 558, 559, 560, 559, 559, 552, 561, 554, 564, 556, 565, 566, 568, 570, 573, 576, 579, 582, 585, 589, 593, 596, 600, 605, 610, 614, 619, 625, 632, 638, 644, 651, 658, 665, 673, 680]
[0, 609, 604, 600, 597, 594, 590, 588, 554, 0, 0, 0, 514, 517, 0, 0, 0, 565, 564, 562, 562, 560, 559, 558, 558, 558, 558, 558, 559, 559, 560, 560, 561, 563, 564, 566, 567, 570, 573, 575, 578, 580, 583, 588, 591, 593, 595, 602, 605, 607, 612, 617, 623, 629, 643, 644, 648, 655, 662, 670, 678]
[0, 612, 607, 603, 599, 596, 592, 589, 554, 0, 0, 512, 513, 0, 0, 0, 0, 565, 563, 562, 0, 560, 559, 559, 558, 558, 559, 560, 559, 559, 560, 561, 561, 562, 564, 565, 568, 570, 571, 574, 576, 579, 582, 585, 589, 593, 596, 600, 606, 610, 614, 619, 625, 631, 638, 644, 650, 656, 664, 672, 680]
[0, 626, 621, 617, 613, 610, 607, 604, 554, 0, 0, 514, 513, 514, 0, 0, 0, 579, 578, 0, 577, 576, 574, 559, 559, 559, 558, 558, 559, 560, 560, 560, 561, 562, 564, 565, 567, 569, 571, 575, 577, 579, 583, 586, 589, 593, 597, 601, 606, 611, 616, 621, 627, 633, 639, 646, 652, 659, 667, 675, 683]
[0, 624, 619, 615, 612, 608, 605, 604, 554, 0, 0, 512, 513, 515, 0, 0, 0, 0, 580, 579, 577, 576, 574, 559, 574, 573, 573, 573, 574, 575, 575, 576, 577, 579, 580, 582, 584, 586, 588, 590, 592, 596, 599, 602, 606, 610, 614, 618, 622, 627, 633, 639, 645, 651, 658, 664, 671, 679, 688, 696, 703]
[0, 633, 627, 622, 619, 615, 612, 604, 554, 0, 0, 0, 511, 514, 0, 0, 0, 0, 586, 584, 583, 581, 581, 574, 573, 573, 573, 573, 574, 575, 575, 577, 578, 579, 581, 583, 584, 586, 589, 590, 591, 594, 600, 602, 608, 610, 612, 615, 620, 626, 631, 636, 642, 648, 655, 660, 667, 675, 682, 691, 699]
[0, 630, 625, 621, 619, 617, 614, 611, 554, 0, 0, 511, 511, 0, 0, 0, 0, 0, 585, 584, 583, 582, 581, 580, 580, 580, 580, 580, 580, 581, 582, 583, 584, 585, 587, 588, 590, 592, 595, 598, 600, 602, 606, 609, 613, 617, 621, 615, 631, 626, 637, 648, 653, 660, 666, 672, 667, 688, 682, 696, 704]
[0, 633, 628, 623, 619, 615, 612, 610, 554, 0, 0, 513, 511, 514, 0, 0, 0, 586, 585, 585, 0, 584, 582, 580, 580, 580, 581, 580, 582, 581, 582, 584, 584, 585, 587, 589, 590, 592, 594, 596, 598, 601, 605, 608, 611, 615, 619, 623, 628, 634, 640, 645, 650, 655, 662, 669, 676, 684, 692, 700, 708]
[0, 649, 644, 641, 636, 632, 628, 610, 554, 0, 0, 509, 511, 0, 0, 0, 0, 0, 601, 601, 600, 598, 597, 580, 580, 580, 580, 580, 580, 581, 582, 583, 584, 585, 587, 589, 590, 592, 594, 597, 599, 602, 606, 609, 612, 617, 620, 625, 630, 636, 641, 647, 653, 658, 665, 672, 678, 686, 696, 704, 712]
[0, 649, 645, 641, 636, 632, 628, 610, 554, 0, 0, 509, 510, 513, 0, 0, 0, 0, 602, 601, 600, 599, 598, 598, 598, 597, 597, 597, 597, 599, 600, 601, 601, 603, 604, 606, 607, 610, 594, 615, 599, 621, 606, 625, 628, 632, 637, 641, 646, 651, 656, 662, 668, 674, 681, 687, 694, 703, 711, 718, 727]
[0, 662, 658, 654, 649, 645, 641, 641, 554, 0, 0, 0, 511, 513, 0, 0, 0, 0, 613, 612, 610, 609, 608, 597, 597, 598, 597, 597, 597, 598, 598, 599, 601, 603, 604, 606, 607, 609, 611, 614, 616, 620, 624, 627, 631, 636, 641, 645, 650, 655, 661, 666, 668, 678, 685, 693, 702, 709, 711, 724, 734]
[0, 661, 656, 651, 648, 644, 641, 641, 554, 0, 0, 509, 509, 512, 0, 0, 0, 0, 613, 612, 612, 610, 609, 597, 608, 608, 608, 608, 608, 608, 609, 611, 613, 614, 614, 616, 617, 619, 621, 624, 627, 631, 634, 638, 642, 646, 650, 654, 659, 664, 670, 676, 682, 689, 696, 703, 710, 718, 726, 734, 743]
[0, 674, 669, 664, 661, 657, 653, 650, 554, 0, 0, 509, 508, 509, 0, 0, 0, 0, 623, 622, 621, 619, 618, 608, 608, 608, 607, 608, 609, 609, 611, 612, 612, 613, 615, 616, 618, 620, 622, 624, 628, 632, 636, 639, 644, 648, 651, 656, 661, 666, 672, 677, 683, 691, 699, 706, 712, 720, 728, 737, 747]
[0, 673, 669, 664, 660, 656, 653, 654, 554, 0, 0, 0, 511, 512, 0, 0, 0, 0, 623, 621, 621, 620, 619, 619, 619, 618, 618, 618, 619, 620, 621, 622, 623, 625, 627, 629, 630, 632, 635, 638, 642, 646, 648, 651, 656, 660, 664, 669, 674, 680, 686, 693, 683, 706, 713, 706, 728, 736, 728, 743, 763]
[0, 673, 668, 664, 660, 656, 653, 654, 554, 0, 0, 509, 510, 512, 0, 0, 0, 0, 623, 621, 621, 620, 619, 619, 618, 618, 618, 619, 620, 620, 621, 623, 624, 625, 626, 629, 630, 632, 633, 636, 639, 642, 646, 649, 652, 656, 660, 665, 675, 680, 680, 686, 693, 700, 707, 713, 720, 736, 728, 745, 754]
[0, 689, 668, 684, 680, 676, 672, 669, 554, 0, 0, 507, 509, 0, 0, 0, 0, 0, 644, 643, 642, 641, 640, 618, 618, 618, 618, 619, 619, 620, 621, 623, 624, 624, 626, 628, 630, 633, 636, 636, 639, 642, 646, 652, 652, 656, 660, 665, 669, 675, 680, 686, 693, 700, 707, 713, 720, 727, 736, 745, 754]
[0, 689, 668, 684, 680, 676, 673, 669, 554, 0, 0, 507, 509, 508, 0, 0, 0, 0, 644, 643, 642, 641, 639, 639, 639, 639, 639, 639, 640, 641, 642, 643, 644, 645, 647, 648, 650, 652, 655, 658, 661, 664, 667, 671, 674, 679, 684, 689, 695, 700, 706, 712, 718, 724, 732, 740, 748, 756, 765, 773, 783]
[0, 689, 694, 684, 680, 680, 677, 674, 554, 0, 507, 507, 508, 0, 0, 0, 0, 0, 648, 647, 646, 645, 644, 639, 639, 638, 639, 639, 640, 641, 642, 643, 644, 645, 647, 648, 649, 652, 655, 658, 660, 663, 667, 670, 674, 678, 684, 689, 695, 700, 706, 712, 719, 725, 732, 740, 748, 756, 765, 773, 783]
[0, 704, 699, 695, 690, 686, 682, 674, 554, 0, 0, 504, 505, 509, 0, 0, 0, 0, 656, 654, 653, 653, 652, 643, 644, 643, 643, 644, 645, 646, 646, 646, 647, 649, 651, 653, 655, 657, 659, 662, 665, 668, 672, 675, 679, 684, 689, 695, 700, 705, 711, 717, 723, 732, 739, 746, 755, 763, 771, 779, 788]
[0, 707, 702, 697, 693, 688, 684, 684, 554, 0, 506, 504, 508, 509, 0, 0, 0, 0, 655, 654, 653, 651, 651, 651, 651, 651, 651, 651, 651, 653, 654, 654, 655, 656, 658, 660, 662, 664, 666, 668, 671, 675, 679, 683, 687, 692, 698, 703, 708, 713, 718, 725, 732, 738, 746, 753, 761, 770, 778, 787, 797]
[0, 710, 706, 701, 695, 691, 688, 684, 554, 0, 0, 504, 505, 509, 0, 0, 0, 0, 655, 659, 0, 657, 656, 650, 650, 650, 650, 651, 652, 653, 653, 654, 655, 657, 659, 660, 663, 665, 667, 670, 672, 676, 679, 683, 688, 693, 698, 704, 709, 713, 719, 726, 734, 740, 748, 756, 763, 772, 782, 790, 798]
[0, 710, 706, 701, 695, 692, 688, 684, 554, 0, 0, 504, 505, 508, 0, 0, 0, 0, 660, 0, 658, 657, 656, 656, 655, 650, 655, 656, 658, 658, 658, 659, 661, 662, 664, 665, 667, 669, 672, 674, 677, 680, 684, 688, 692, 698, 703, 708, 712, 717, 723, 730, 737, 751, 757, 764, 763, 773, 792, 802, 813]
[0, 731, 726, 720, 715, 712, 709, 684, 554, 0, 0, 505, 506, 0, 0, 0, 0, 0, 682, 680, 679, 678, 677, 656, 655, 655, 655, 656, 658, 658, 658, 659, 661, 664, 664, 666, 667, 669, 672, 674, 677, 680, 684, 688, 693, 698, 703, 708, 712, 717, 723, 730, 737, 744, 751, 758, 765, 773, 783, 793, 813]
[0, 739, 734, 729, 724, 719, 715, 684, 554, 0, 0, 503, 505, 0, 0, 0, 0, 0, 0, 688, 687, 684, 0, 677, 677, 678, 678, 678, 678, 679, 679, 681, 682, 683, 684, 687, 690, 692, 695, 698, 701, 705, 709, 713, 717, 721, 727, 733, 737, 743, 750, 757, 764, 770, 777, 785, 795, 803, 812, 821, 831]
[0, 739, 733, 727, 724, 722, 718, 716, 554, 0, 0, 0, 505, 507, 0, 0, 0, 0, 690, 687, 687, 686, 684, 684, 684, 684, 685, 685, 685, 686, 687, 688, 690, 692, 693, 695, 698, 700, 703, 705, 708, 711, 715, 718, 723, 729, 734, 744, 737, 757, 764, 770, 778, 770, 785, 802, 810, 819, 828, 837, 848]
[0, 750, 744, 739, 734, 729, 725, 716, 554, 0, 0, 502, 503, 507, 0, 0, 0, 0, 697, 695, 694, 694, 693, 684, 684, 684, 684, 684, 685, 686, 686, 688, 689, 691, 693, 694, 697, 701, 703, 705, 708, 711, 715, 719, 725, 730, 734, 739, 746, 752, 758, 764, 771, 777, 785, 794, 803, 811, 820, 838, 849]
[0, 750, 745, 739, 734, 729, 725, 716, 554, 0, 0, 503, 503, 506, 0, 0, 0, 0, 696, 695, 694, 693, 693, 692, 692, 693, 693, 693, 694, 695, 696, 698, 699, 701, 702, 704, 706, 709, 711, 714, 718, 722, 727, 731, 736, 740, 746, 753, 759, 764, 771, 778, 785, 793, 801, 809, 818, 826, 835, 845, 856]
[0, 764, 759, 755, 749, 743, 739, 716, 554, 0, 0, 502, 502, 0, 0, 0, 0, 0, 711, 710, 710, 709, 0, 693, 693, 692, 692, 693, 694, 695, 696, 698, 699, 701, 702, 704, 706, 708, 711, 714, 717, 722, 727, 731, 736, 740, 746, 753, 759, 764, 771, 777, 785, 793, 801, 810, 819, 827, 836, 846, 857]
[0, 770, 764, 759, 754, 749, 745, 716, 554, 0, 0, 504, 505, 0, 0, 0, 0, 0, 0, 715, 714, 714, 714, 709, 709, 709, 709, 693, 709, 712, 696, 713, 714, 715, 717, 719, 721, 724, 727, 730, 735, 739, 744, 748, 753, 759, 764, 769, 775, 782, 789, 796, 805, 813, 820, 828, 836, 846, 856, 866, 875]
[0, 776, 764, 767, 754, 761, 756, 716, 554, 0, 502, 503, 505, 504, 0, 0, 0, 0, 725, 723, 722, 722, 722, 714, 714, 713, 713, 713, 713, 714, 715, 716, 718, 719, 721, 723, 725, 729, 732, 735, 738, 743, 748, 752, 758, 763, 768, 774, 780, 787, 793, 800, 807, 816, 824, 831, 840, 850, 860, 868, 877]
[0, 782, 775, 769, 766, 761, 756, 716, 554, 0, 0, 502, 503, 507, 0, 0, 0, 0, 726, 724, 722, 722, 722, 721, 720, 720, 721, 720, 721, 724, 725, 726, 728, 730, 731, 733, 736, 738, 742, 746, 750, 756, 760, 764, 769, 774, 779, 785, 792, 799, 806, 813, 821, 828, 835, 844, 855, 864, 872, 881, 891]
[0, 795, 789, 784, 779, 773, 772, 716, 554, 0, 0, 503, 503, 505, 0, 0, 0, 0, 0, 739, 738, 737, 737, 0, 722, 721, 721, 722, 723, 724, 725, 727, 730, 730, 732, 735, 738, 738, 740, 743, 748, 753, 757, 766, 769, 772, 778, 784, 790, 796, 802, 810, 818, 825, 833, 841, 850, 860, 869, 877, 887]
[0, 808, 803, 797, 791, 785, 781, 716, 554, 0, 0, 500, 500, 0, 0, 0, 0, 0, 751, 749, 748, 748, 0, 738, 738, 737, 737, 738, 738, 739, 740, 743, 745, 746, 748, 750, 753, 756, 759, 763, 767, 771, 776, 780, 786, 793, 798, 804, 810, 818, 825, 832, 838, 847, 856, 865, 874, 882, 891, 901, 912]
[0, 808, 800, 793, 791, 788, 783, 716, 554, 0, 0, 502, 502, 504, 0, 0, 0, 0, 752, 750, 749, 748, 748, 748, 750, 750, 737, 750, 750, 751, 753, 755, 745, 756, 758, 760, 763, 765, 768, 771, 776, 780, 786, 791, 796, 801, 807, 814, 820, 827, 833, 840, 847, 857, 865, 873, 881, 890, 899, 910, 922]
[0, 808, 802, 796, 790, 785, 781, 716, 554, 0, 0, 499, 500, 0, 0, 0, 0, 0, 751, 749, 748, 748, 0, 748, 748, 750, 750, 750, 751, 751, 752, 754, 756, 757, 759, 762, 765, 767, 770, 775, 779, 783, 788, 794, 799, 805, 811, 817, 823, 830, 837, 845, 853, 862, 871, 879, 887, 896, 905, 917, 929]
[0, 833, 828, 823, 817, 812, 809, 716, 554, 0, 0, 499, 500, 0, 0, 0, 0, 0, 777, 776, 775, 773, 0, 748, 748, 750, 750, 750, 751, 751, 752, 753, 755, 756, 758, 760, 763, 765, 768, 771, 776, 780, 786, 791, 796, 801, 808, 814, 820, 827, 833, 840, 848, 858, 865, 873, 881, 890, 899, 910, 922]
[0, 833, 827, 823, 818, 813, 809, 716, 554, 0, 0, 502, 502, 0, 0, 0, 0, 0, 0, 778, 776, 773, 775, 0, 773, 773, 750, 775, 777, 778, 779, 753, 781, 784, 786, 788, 790, 793, 797, 801, 805, 809, 815, 820, 825, 831, 836, 841, 848, 857, 865, 871, 878, 886, 895, 904, 913, 923, 933, 943, 953]
[0, 842, 835, 831, 826, 821, 817, 716, 554, 0, 0, 499, 499, 0, 0, 0, 0, 0, 786, 785, 784, 783, 0, 774, 775, 774, 774, 776, 776, 776, 778, 781, 783, 786, 789, 790, 793, 796, 801, 804, 808, 813, 817, 822, 828, 833, 839, 845, 854, 863, 870, 876, 883, 891, 899, 909, 920, 930, 939, 949, 961]
[0, 842, 835, 830, 825, 821, 818, 716, 554, 0, 0, 502, 502, 0, 0, 0, 0, 0, 0, 786, 785, 783, 782, 0, 775, 781, 781, 782, 783, 784, 785, 787, 789, 792, 794, 797, 799, 802, 806, 809, 813, 820, 825, 829, 834, 840, 847, 854, 860, 867, 875, 882, 889, 896, 906, 916, 926, 936, 946, 955, 968]
[0, 867, 835, 862, 856, 850, 844, 716, 554, 0, 0, 498, 499, 0, 0, 0, 0, 0, 814, 814, 813, 813, 0, 782, 782, 783, 783, 783, 785, 786, 788, 790, 791, 794, 797, 798, 801, 804, 808, 812, 817, 822, 827, 832, 836, 841, 849, 856, 863, 870, 877, 884, 891, 900, 910, 920, 930, 939, 949, 960, 974]
[0, 868, 863, 858, 852, 846, 849, 716, 554, 0, 501, 498, 503, 0, 0, 0, 0, 0, 0, 813, 812, 812, 812, 0, 812, 812, 813, 813, 814, 817, 818, 819, 822, 825, 797, 829, 832, 804, 839, 812, 843, 849, 855, 860, 866, 872, 876, 881, 888, 897, 904, 912, 921, 931, 939, 948, 958, 970, 983, 993, 1004]
[0, 870, 865, 860, 854, 848, 849, 716, 554, 0, 501, 0, 499, 501, 0, 0, 0, 0, 817, 815, 814, 814, 813, 811, 812, 813, 813, 813, 813, 815, 817, 819, 821, 824, 827, 829, 831, 834, 838, 842, 847, 853, 859, 864, 869, 875, 881, 886, 893, 901, 910, 919, 929, 937, 945, 954, 958, 965, 977, 1001, 1004]
[0, 870, 868, 862, 857, 851, 846, 716, 554, 0, 0, 498, 498, 0, 0, 0, 0, 0, 814, 814, 813, 813, 0, 813, 813, 813, 813, 815, 816, 817, 820, 821, 824, 826, 828, 830, 834, 837, 841, 844, 850, 853, 856, 862, 868, 872, 877, 883, 889, 897, 905, 913, 922, 932, 940, 948, 959, 970, 982, 993, 1005]
[0, 891, 884, 879, 875, 871, 846, 716, 554, 0, 0, 499, 500, 502, 0, 0, 0, 0, 0, 835, 834, 834, 834, 0, 813, 813, 814, 815, 817, 818, 820, 821, 824, 823, 826, 829, 831, 833, 837, 842, 847, 852, 859, 864, 869, 873, 879, 886, 893, 899, 908, 918, 927, 935, 944, 952, 964, 976, 987, 999, 1010]
[0, 889, 883, 879, 878, 873, 870, 716, 554, 0, 0, 498, 498, 0, 0, 0, 0, 0, 836, 835, 835, 835, 0, 834, 834, 834, 835, 836, 836, 838, 840, 843, 846, 849, 852, 856, 860, 863, 867, 871, 875, 880, 885, 890, 895, 902, 910, 886, 922, 931, 908, 939, 948, 957, 967, 977, 988, 998, 1009, 1020, 1033]
[0, 902, 897, 892, 886, 880, 879, 716, 554, 0, 0, 500, 502, 0, 0, 0, 0, 0, 847, 0, 846, 846, 846, 0, 835, 835, 835, 836, 838, 839, 842, 843, 846, 849, 852, 856, 860, 860, 864, 868, 872, 876, 881, 885, 891, 897, 904, 910, 916, 924, 933, 942, 951, 960, 970, 981, 991, 1001, 1013, 1026, 1038]
[0, 915, 909, 903, 898, 892, 893, 716, 554, 0, 0, 500, 502, 0, 0, 0, 0, 0, 861, 0, 861, 859, 859, 0, 845, 844, 845, 845, 846, 849, 852, 854, 857, 860, 863, 866, 869, 872, 875, 881, 885, 890, 894, 900, 906, 912, 919, 926, 933, 940, 949, 957, 966, 977, 987, 998, 1008, 1018, 1031, 1043, 1057]
[0, 962, 954, 949, 945, 941, 937, 716, 554, 0, 0, 497, 500, 0, 0, 0, 0, 0, 907, 906, 905, 904, 0, 0, 860, 860, 859, 859, 861, 863, 864, 867, 869, 871, 874, 877, 880, 883, 888, 892, 897, 902, 908, 914, 920, 927, 933, 940, 948, 954, 962, 973, 985, 995, 1003, 1014, 1025, 1037, 1049, 1063, 1077]
[0, 962, 954, 948, 945, 941, 937, 716, 554, 0, 0, 498, 500, 0, 0, 0, 0, 0, 906, 905, 905, 904, 0, 0, 906, 906, 907, 908, 910, 863, 911, 914, 869, 917, 922, 925, 929, 933, 937, 941, 946, 951, 956, 963, 971, 978, 985, 993, 1000, 1008, 1017, 1028, 1037, 1046, 1057, 1070, 1083, 1095, 1109, 1124, 1139]
[0, 977, 968, 962, 956, 951, 948, 716, 554, 0, 0, 498, 498, 499, 0, 0, 0, 0, 918, 918, 917, 917, 0, 0, 905, 905, 907, 908, 910, 911, 911, 912, 915, 918, 922, 925, 929, 933, 937, 942, 947, 951, 957, 964, 972, 979, 985, 993, 1001, 1008, 1017, 1027, 1037, 1046, 1056, 1069, 1083, 1095, 1109, 1123, 1139]
[0, 977, 969, 962, 955, 949, 948, 716, 554, 0, 0, 498, 0, 501, 0, 0, 0, 0, 918, 918, 918, 918, 0, 0, 918, 919, 907, 923, 910, 924, 925, 927, 929, 932, 935, 938, 941, 945, 951, 955, 960, 966, 973, 980, 986, 993, 999, 1007, 1015, 1024, 1033, 1042, 1052, 1063, 1073, 1085, 1099, 1112, 1127, 1141, 1157]
[0, 977, 969, 962, 956, 950, 951, 716, 554, 0, 0, 499, 500, 0, 0, 0, 0, 0, 918, 918, 917, 917, 0, 0, 918, 919, 920, 920, 922, 925, 926, 927, 929, 932, 935, 938, 941, 946, 951, 955, 960, 967, 975, 981, 987, 993, 1000, 1008, 1016, 1024, 1034, 1043, 1053, 1065, 1075, 1086, 1098, 1112, 1127, 1141, 1157]
[0, 997, 991, 984, 977, 970, 965, 716, 554, 0, 0, 497, 498, 0, 0, 0, 0, 0, 938, 937, 937, 937, 917, 0, 918, 919, 919, 920, 923, 924, 925, 927, 929, 932, 935, 938, 941, 945, 951, 955, 960, 966, 973, 980, 986, 993, 1000, 1007, 1015, 1024, 1032, 1042, 1053, 1063, 1073, 1085, 1099, 1112, 1126, 1141, 1157]
[0, 1004, 999, 993, 988, 982, 965, 716, 554, 0, 0, 496, 496, 499, 0, 0, 0, 0, 0, 951, 951, 951, 950, 0, 939, 940, 941, 941, 943, 945, 947, 950, 953, 956, 935, 959, 964, 969, 975, 980, 987, 993, 999, 1005, 1012, 1019, 1026, 1034, 1043, 1052, 1063, 1073, 1082, 1093, 1105, 1118, 1132, 1146, 1159, 1174, 1189]
[0, 1064, 1056, 1048, 1042, 1038, 1040, 716, 554, 0, 0, 0, 500, 0, 0, 0, 0, 0, 1001, 1001, 1001, 1001, 0, 0, 952, 954, 954, 954, 954, 956, 957, 961, 965, 967, 972, 977, 980, 985, 991, 995, 1000, 1006, 1013, 1020, 1026, 1034, 1041, 1049, 1059, 1069, 1079, 1089, 1099, 1111, 1124, 1138, 1152, 1165, 1180, 1194, 1208]
[0, 1077, 1070, 1063, 1055, 1048, 1040, 716, 554, 0, 0, 0, 497, 499, 0, 0, 0, 0, 1015, 1016, 1015, 1014, 0, 0, 1002, 1003, 1005, 1005, 1006, 1009, 957, 1014, 965, 1018, 1021, 1025, 1029, 1034, 1039, 1045, 1051, 1057, 1063, 1071, 1078, 1085, 1092, 1100, 1110, 1121, 1133, 1144, 1155, 1166, 1179, 1193, 1205, 1219, 1234, 1249, 1266]
[0, 1076, 1070, 1063, 1055, 1050, 1040, 716, 554, 0, 0, 496, 496, 0, 0, 0, 0, 0, 0, 1016, 1016, 1015, 0, 0, 1015, 1017, 1018, 1018, 1006, 1020, 1024, 1026, 1028, 1032, 1036, 1040, 1044, 1049, 1055, 1060, 1066, 1073, 1079, 1085, 1093, 1101, 1109, 1119, 1128, 1140, 1150, 1161, 1172, 1183, 1195, 1207, 1220, 1236, 1251, 1267, 1285]
[0, 1091, 1084, 1078, 1072, 1066, 1040, 716, 554, 0, 0, 496, 496, 498, 0, 0, 0, 0, 0, 1033, 1031, 1030, 1032, 0, 1017, 1017, 1019, 1021, 1023, 1024, 1026, 1029, 1033, 1037, 1041, 1044, 1047, 1053, 1060, 1065, 1072, 1077, 1084, 1091, 1097, 1106, 1116, 1125, 1137, 1148, 1158, 1170, 1182, 1183, 1194, 1207, 1220, 1234, 1249, 1265, 1282]
[0, 1092, 1085, 1078, 1072, 1067, 1040, 716, 554, 0, 0, 495, 495, 0, 0, 0, 0, 0, 0, 1034, 1034, 1034, 0, 0, 1032, 1034, 1035, 1037, 1039, 1040, 1042, 1044, 1048, 1053, 1056, 1061, 1066, 1071, 1076, 1080, 1086, 1093, 1100, 1108, 1117, 1124, 1133, 1144, 1153, 1164, 1174, 1187, 1199, 1209, 1224, 1240, 1220, 1267, 1249, 1284, 1302]
[0, 1104, 1096, 1090, 1084, 1078, 1040, 716, 554, 0, 0, 494, 495, 0, 0, 0, 0, 0, 0, 1044, 1044, 1044, 0, 0, 1037, 1038, 1039, 1040, 1042, 1045, 1048, 1052, 1056, 1059, 1063, 1069, 1074, 1079, 1085, 1090, 1096, 1103, 1113, 1123, 1130, 1137, 1147, 1144, 1159, 1169, 1178, 1191, 1203, 1215, 1229, 1244, 1256, 1272, 1290, 1306, 1302]
[0, 1142, 1134, 1125, 1119, 1113, 1040, 716, 554, 0, 0, 494, 495, 499, 0, 0, 0, 0, 1081, 1080, 1080, 1081, 0, 1044, 1046, 1048, 1048, 1049, 1052, 1053, 1055, 1060, 1064, 1068, 1072, 1074, 1077, 1085, 1091, 1094, 1100, 1110, 1119, 1125, 1131, 1140, 1147, 1153, 1162, 1169, 1179, 1191, 1204, 1215, 1229, 1244, 1256, 1272, 1290, 1306, 1302]
[0, 1143, 1135, 1129, 1122, 1114, 1040, 716, 554, 0, 0, 0, 496, 498, 0, 0, 0, 1080, 1079, 1080, 0, 1079, 0, 1081, 1081, 1083, 1085, 1087, 1089, 1091, 1095, 1097, 1099, 1103, 1108, 1113, 1118, 1123, 1130, 1135, 1143, 1150, 1158, 1166, 1173, 1180, 1189, 1199, 1209, 1169, 1221, 1250, 1204, 1263, 1278, 1294, 1314, 1272, 1339, 1359, 1376]
[0, 1167, 1158, 1152, 1144, 1139, 1040, 716, 554, 0, 0, 496, 496, 498, 0, 0, 0, 1103, 1101, 1101, 1103, 1103, 0, 1080, 1081, 1083, 1085, 1085, 1086, 1090, 1093, 1096, 1099, 1103, 1107, 1113, 1118, 1123, 1128, 1134, 1142, 1149, 1157, 1164, 1171, 1178, 1187, 1196, 1209, 1222, 1234, 1246, 1260, 1275, 1289, 1304, 1314, 1329, 1354, 1371, 1387]
[0, 1178, 1170, 1162, 1156, 1151, 1040, 716, 554, 0, 0, 494, 494, 498, 0, 0, 0, 0, 1115, 1116, 1116, 1116, 0, 1105, 1109, 1083, 1110, 1115, 1117, 1090, 1120, 1123, 1125, 1129, 1134, 1137, 1143, 1152, 1157, 1162, 1167, 1173, 1180, 1189, 1198, 1208, 1219, 1228, 1240, 1255, 1267, 1278, 1290, 1307, 1289, 1333, 1358, 1378, 1398, 1413, 1387]
[0, 1209, 1203, 1196, 1187, 1179, 1040, 716, 554, 0, 0, 492, 495, 0, 0, 0, 0, 0, 0, 1157, 1157, 1158, 0, 1117, 0, 1123, 1125, 1126, 1128, 1130, 1133, 1136, 1138, 1142, 1147, 1152, 1158, 1163, 1168, 1173, 1180, 1188, 1196, 1205, 1213, 1222, 1233, 1243, 1257, 1271, 1281, 1294, 1310, 1327, 1342, 1333, 1377, 1378, 1398, 1410, 1424]
[0, 1213, 1205, 1197, 1190, 1184, 1040, 716, 554, 0, 0, 494, 494, 498, 0, 0, 0, 0, 1155, 0, 1157, 1157, 0, 1158, 1160, 1161, 1162, 1164, 1165, 1167, 1170, 1172, 1175, 1177, 1182, 1188, 1200, 1206, 1213, 1228, 1240, 1249, 1254, 1257, 1265, 1274, 1282, 1296, 1257, 1307, 1320, 1335, 1346, 1361, 1375, 1388, 1404, 1424, 1447, 1466, 1482]
[0, 1229, 1223, 1215, 1205, 1200, 1040, 716, 554, 0, 0, 492, 495, 0, 0, 0, 0, 0, 0, 1169, 1171, 1172, 0, 0, 1159, 1158, 1160, 1163, 1164, 1166, 1169, 1171, 1173, 1176, 1181, 1186, 1192, 1200, 1210, 1218, 1231, 1243, 1247, 1253, 1261, 1270, 1280, 1288, 1300, 1315, 1328, 1341, 1355, 1368, 1382, 1397, 1416, 1424, 0, 1480, 1496]
[0, 1230, 1223, 1214, 1205, 1200, 1040, 716, 554, 0, 0, 492, 494, 0, 0, 0, 0, 0, 0, 1169, 1171, 1172, 0, 0, 1174, 1174, 1176, 1177, 1180, 1183, 1184, 1188, 1192, 1197, 1206, 1215, 1223, 1228, 1235, 1244, 1252, 1260, 1266, 1271, 1280, 1290, 1302, 1316, 1329, 1341, 1351, 1364, 1377, 1390, 1382, 1405, 1448, 1424, 1469, 1486, 1502]
[0, 1230, 1224, 1216, 1206, 1201, 1040, 716, 554, 0, 0, 494, 494, 499, 0, 0, 0, 0, 1170, 1169, 1170, 1171, 0, 1174, 1174, 1174, 1176, 1177, 1180, 1182, 1184, 1188, 1191, 1197, 1205, 1212, 1219, 1227, 1235, 1244, 1252, 1260, 1266, 1271, 1281, 1290, 1303, 1317, 1329, 1341, 1351, 1363, 1377, 1390, 1406, 1405, 1424, 1448, 1469, 1486, 1502]
[0, 1261, 1253, 1245, 1238, 1234, 1040, 716, 554, 0, 0, 493, 494, 498, 0, 0, 0, 1206, 1210, 1213, 0, 1210, 0, 1174, 1174, 1174, 1176, 1177, 1180, 1182, 1186, 1189, 1190, 1196, 1205, 1212, 1219, 1226, 1233, 1243, 1251, 1258, 1264, 1270, 1280, 1288, 1301, 1318, 1330, 1340, 1350, 1362, 1375, 1390, 1403, 1422, 1445, 1466, 1486, 1502, 1517]
[0, 1268, 1260, 1252, 1245, 1240, 1040, 716, 554, 0, 0, 495, 496, 0, 0, 0, 0, 1206, 0, 1219, 1222, 1217, 0, 1206, 0, 1217, 1226, 1225, 1221, 1223, 1226, 1229, 1233, 1235, 1241, 1248, 1255, 1264, 1272, 1277, 1284, 1291, 1298, 1307, 1317, 1328, 1341, 1351, 1361, 1373, 1386, 1395, 1405, 1416, 1430, 1443, 1456, 1470, 1486, 1502, 1517]
[0, 1273, 1264, 1257, 1252, 1245, 1040, 716, 554, 0, 0, 495, 495, 498, 0, 0, 0, 1206, 0, 1220, 1215, 1210, 0, 0, 0, 1227, 1233, 1229, 1227, 1230, 1230, 1234, 1237, 1241, 1247, 1253, 1263, 1271, 1276, 1281, 1287, 1294, 1304, 1313, 1323, 1336, 1347, 1358, 1370, 1373, 1381, 1391, 1400, 1409, 1420, 1433, 1449, 1463, 1478, 1492, 1504]
[0, 1269, 1261, 1253, 1247, 1243, 1040, 716, 554, 0, 0, 493, 494, 0, 0, 0, 0, 1206, 0, 1220, 1223, 1221, 0, 0, 1223, 1227, 1229, 1232, 1229, 1228, 1230, 1233, 1233, 1236, 1243, 1250, 1258, 1267, 1273, 1278, 1284, 1291, 1300, 1310, 1320, 1331, 1341, 1353, 1364, 1375, 1386, 1394, 1405, 1418, 1430, 1442, 1455, 1470, 1484, 1498, 1514]
[0, 1417, 1405, 1395, 1388, 1383, 1040, 716, 554, 0, 0, 0, 495, 498, 0, 0, 0, 1206, 0, 1309, 1306, 1302, 0, 0, 0, 1228, 1235, 1230, 1229, 1230, 1230, 1235, 1237, 1241, 1248, 1254, 1263, 1269, 1274, 1280, 1286, 1295, 1305, 1314, 1324, 1337, 1348, 1358, 1369, 1380, 1391, 1401, 1410, 1418, 1420, 1433, 1448, 1463, 1477, 1490, 1503]
[0, 1414, 1402, 1392, 1386, 1382, 1040, 716, 554, 0, 0, 493, 494, 0, 0, 0, 0, 1206, 0, 1311, 1307, 1304, 0, 0, 1293, 1291, 1287, 1230, 1289, 1230, 1287, 1288, 1289, 1291, 1294, 1296, 1297, 1300, 1305, 1308, 1312, 1316, 1320, 1328, 1336, 1342, 1348, 1356, 1364, 1375, 1383, 1391, 1400, 1410, 1421, 1435, 1450, 1463, 1480, 1497, 1510]
[0, 1410, 1398, 0, 1390, 1386, 1387, 716, 554, 0, 0, 0, 498, 499, 0, 0, 0, 1206, 0, 1310, 1306, 1303, 0, 0, 0, 1291, 1289, 1289, 1289, 1287, 1288, 1290, 1291, 1291, 1295, 1298, 1298, 1300, 1306, 1310, 1315, 1318, 1324, 1331, 1336, 1343, 1351, 1357, 1368, 1379, 1387, 1393, 1403, 1414, 1427, 1440, 1453, 1463, 1469, 1486, 1502]
[0, 1410, 1398, 0, 1417, 1409, 0, 0, 0, 0, 0, 495, 495, 497, 0, 0, 0, 1206, 0, 1308, 1305, 0, 0, 0, 0, 1293, 1290, 1287, 1288, 1288, 1287, 1288, 1290, 1293, 1295, 1298, 1300, 1305, 1306, 1309, 1311, 1315, 1319, 1326, 1335, 1339, 1345, 1353, 1361, 1369, 1377, 1386, 1396, 1408, 1420, 1432, 1445, 1459, 1474, 1490, 1504]
[0, 1410, 1449, 1426, 1417, 1408, 0, 0, 0, 0, 0, 493, 493, 496, 0, 0, 0, 1324, 1312, 1307, 1302, 0, 0, 1293, 1291, 1293, 1291, 1289, 1288, 1288, 1287, 1288, 1288, 1291, 1294, 1296, 1299, 1301, 1304, 1308, 1312, 1316, 1321, 1328, 1335, 1342, 1346, 1352, 1361, 1373, 1385, 1394, 1404, 1412, 1421, 1437, 1451, 1465, 1482, 1495, 1507]
[0, 1476, 1461, 1447, 1432, 1419, 0, 0, 0, 0, 0, 0, 495, 498, 0, 0, 0, 1324, 0, 1309, 1306, 1302, 0, 0, 0, 1292, 1291, 1289, 1289, 1287, 1287, 1287, 1288, 1291, 1293, 1295, 1298, 1301, 1304, 1307, 1312, 1316, 1321, 1328, 1335, 1341, 1346, 1353, 1362, 1373, 1384, 1393, 1403, 1412, 1422, 1437, 1450, 1465, 1482, 1495, 1507]
[0, 1462, 1445, 1447, 1431, 1419, 1417, 0, 0, 0, 0, 0, 497, 499, 0, 0, 0, 1324, 0, 1308, 1305, 1302, 0, 0, 0, 1291, 1287, 1286, 1286, 1287, 1287, 1287, 1288, 1290, 1293, 1294, 1296, 1300, 1302, 1306, 1312, 1315, 1317, 1325, 1335, 1339, 1345, 1355, 1362, 1370, 1380, 1388, 1395, 1408, 1420, 1431, 1443, 1456, 1474, 1490, 1503]
[0, 1462, 1445, 1445, 1431, 1419, 1416, 0, 0, 0, 0, 0, 497, 499, 0, 0, 0, 1324, 0, 1308, 1305, 1302, 0, 0, 0, 1290, 1287, 1287, 1287, 1286, 1285, 1288, 1290, 1292, 1294, 1297, 1296, 1299, 1299, 1305, 1310, 1314, 1318, 1322, 1327, 1336, 1344, 1352, 1360, 1369, 1377, 1385, 1395, 1407, 1419, 1431, 1445, 1458, 1474, 1491, 1504]
[0, 1463, 1448, 1434, 1420, 1419, 1412, 0, 0, 0, 0, 497, 499, 0, 0, 0, 0, 1324, 0, 1310, 1305, 1301, 0, 0, 0, 1290, 1287, 1286, 1287, 1285, 1285, 1287, 1289, 1292, 1293, 1297, 1296, 1298, 1299, 1305, 1310, 1314, 1318, 1322, 1330, 1339, 1344, 1351, 1359, 1368, 1376, 1385, 1395, 1406, 1418, 1430, 1444, 1457, 1473, 1489, 1502]
[0, 1461, 1448, 1446, 1433, 1418, 1411, 0, 0, 0, 0, 497, 499, 499, 0, 0, 0, 1324, 0, 1308, 1304, 1300, 0, 0, 0, 1290, 1287, 1286, 1286, 1286, 1286, 1286, 1289, 1293, 1294, 1296, 1299, 1301, 1303, 1308, 1313, 1318, 1318, 1322, 1330, 1338, 1341, 1348, 1358, 1367, 1374, 1384, 1394, 1406, 1417, 1428, 1444, 1456, 1472, 1488, 1502]
[0, 1465, 1449, 1435, 1422, 1411, 1411, 0, 0, 0, 0, 492, 494, 0, 0, 0, 0, 1324, 0, 1308, 1304, 1302, 0, 0, 1289, 1287, 1287, 1286, 1286, 1285, 1284, 1287, 1289, 1291, 1294, 1293, 1293, 1295, 1299, 1304, 1309, 1313, 1317, 1320, 1326, 1335, 1343, 1351, 1359, 1369, 1377, 1385, 1394, 1406, 1418, 1430, 1442, 1456, 1473, 1489, 1501]
[0, 1461, 1447, 1432, 1422, 1419, 1413, 0, 0, 0, 0, 492, 498, 0, 0, 0, 0, 1324, 0, 1308, 1304, 1300, 0, 0, 0, 1291, 1289, 1286, 1286, 1288, 1287, 1287, 1287, 1289, 1292, 1294, 1297, 1299, 1303, 1306, 1310, 1313, 1316, 1322, 1331, 1341, 1345, 1353, 1363, 1370, 1381, 1392, 1399, 1410, 1422, 1432, 1444, 1457, 1476, 1494, 1509]
[0, 1465, 1449, 1435, 1422, 1411, 1413, 0, 0, 0, 0, 492, 493, 0, 0, 0, 0, 1324, 0, 1307, 1304, 1301, 0, 0, 1290, 1288, 1287, 1286, 1286, 1286, 1285, 1286, 1289, 1290, 1290, 1295, 1298, 1300, 1304, 1308, 1312, 1317, 1316, 1322, 1326, 1334, 1341, 1348, 1358, 1366, 1374, 1383, 1393, 1402, 1413, 1425, 1437, 1449, 1468, 1486, 1496]
[0, 1462, 1447, 1434, 1420, 1408, 1413, 0, 0, 0, 0, 493, 493, 0, 0, 0, 0, 0, 1315, 1308, 1302, 1300, 1298, 0, 1290, 1291, 1289, 1285, 1286, 1287, 1286, 1286, 1287, 1289, 1290, 1293, 1296, 1299, 1303, 1305, 1309, 1314, 1319, 1322, 1331, 1340, 1345, 1352, 1363, 1370, 1377, 1386, 1396, 1409, 1422, 1432, 1443, 1457, 1475, 1493, 1508]
[0, 1463, 1448, 1434, 1421, 1409, 1413, 0, 0, 0, 0, 492, 493, 0, 0, 0, 0, 0, 0, 1308, 1301, 1299, 0, 0, 1289, 1286, 1286, 1284, 1284, 1286, 1283, 1284, 1285, 1285, 1287, 1291, 1292, 1294, 1300, 1305, 1308, 1312, 1316, 1323, 1331, 1338, 1346, 1357, 1365, 1371, 1377, 1387, 1396, 1398, 1408, 1421, 1436, 1449, 1463, 1482, 1496]
[0, 1461, 1444, 1431, 1420, 1408, 1413, 0, 0, 0, 0, 492, 494, 0, 0, 0, 0, 0, 0, 1306, 1302, 1299, 0, 0, 0, 1287, 1285, 1285, 1285, 1285, 1285, 1285, 1285, 1287, 1290, 1292, 1294, 1296, 1299, 1304, 1308, 1312, 1316, 1322, 1330, 1338, 1343, 1352, 1362, 1370, 1378, 1389, 1396, 1408, 1420, 1421, 1435, 1448, 1462, 1481, 1496]
[0, 1456, 1442, 1431, 1419, 1407, 1413, 0, 0, 0, 0, 493, 494, 0, 0, 0, 0, 0, 0, 1304, 1300, 1298, 0, 0, 0, 1287, 1287, 1284, 1284, 1285, 1284, 1284, 1286, 1286, 1287, 1290, 1295, 1298, 1300, 1303, 1307, 1312, 1318, 1326, 1330, 1332, 1339, 1348, 1358, 1367, 1379, 1397, 1414, 1424, 1434, 1447, 1457, 1470, 1484, 1499, 1504]
[0, 1458, 1444, 1431, 1419, 1407, 1413, 0, 0, 0, 0, 493, 494, 0, 0, 0, 0, 0, 0, 1306, 1301, 1298, 0, 0, 0, 1287, 1287, 1284, 1284, 1285, 1284, 1283, 1285, 1286, 1287, 1290, 1294, 1297, 1300, 1303, 1306, 1311, 1318, 1326, 1330, 1332, 1340, 1349, 1359, 1370, 1383, 1398, 1414, 1424, 1434, 1446, 1457, 1470, 1484, 1499, 1504]
[0, 1453, 1442, 1430, 1418, 1406, 1413, 0, 0, 0, 0, 493, 494, 0, 0, 0, 0, 0, 0, 1304, 1300, 1297, 0, 0, 0, 1287, 1287, 1285, 1283, 1284, 1284, 1284, 1285, 1286, 1287, 1290, 1292, 1295, 1300, 1308, 1318, 1324, 1332, 1339, 1346, 1332, 1354, 1360, 1369, 1379, 1390, 1400, 1410, 1420, 1433, 1447, 1458, 1470, 1484, 1499, 1504]
[0, 1466, 1451, 1436, 1424, 1415, 1416, 0, 0, 0, 0, 0, 497, 500, 0, 0, 0, 0, 0, 1307, 1301, 1297, 0, 0, 0, 1287, 1286, 1284, 1283, 1284, 1284, 1284, 1285, 1287, 1288, 1290, 1295, 1302, 1309, 1313, 1319, 1326, 1331, 1339, 1346, 1332, 1354, 1360, 1369, 1379, 1389, 1399, 1413, 1423, 1432, 1446, 1457, 1469, 1485, 1500, 1505]
[0, 1463, 1447, 1433, 1419, 1408, 1416, 0, 0, 0, 0, 495, 495, 0, 0, 0, 0, 0, 0, 1303, 1299, 0, 0, 0, 0, 1293, 1293, 1292, 1292, 1296, 1299, 1301, 1302, 1287, 1305, 1290, 1306, 1308, 1311, 1312, 1315, 1323, 1327, 1330, 1337, 1347, 1354, 1363, 1371, 1380, 1392, 1402, 1411, 1421, 1433, 1446, 1456, 1470, 1487, 1501, 1506]
[0, 1463, 1448, 1434, 1421, 1409, 1416, 0, 0, 0, 0, 492, 494, 0, 0, 0, 0, 0, 0, 1303, 0, 1300, 0, 0, 1292, 1291, 1291, 1292, 1292, 1295, 1298, 1298, 1301, 1302, 1302, 1305, 1308, 1309, 1308, 1313, 1319, 1323, 1328, 1334, 1344, 1348, 1352, 1364, 1374, 1384, 1393, 1405, 1414, 1422, 1436, 1451, 1462, 1474, 1491, 1492, 1497]
[0, 1457, 1443, 1431, 1418, 1407, 1416, 0, 0, 0, 0, 493, 494, 494, 0, 0, 0, 0, 1325, 1319, 1316, 1312, 0, 0, 1292, 1291, 1292, 1293, 1295, 1298, 1298, 1299, 1300, 1301, 1301, 1304, 1307, 1310, 1312, 1315, 1320, 1324, 1329, 1335, 1343, 1351, 1357, 1364, 1373, 1383, 1393, 1405, 1414, 1422, 1436, 1450, 1461, 1474, 1491, 1491, 1496]
[0, 1454, 1442, 1430, 1418, 1406, 1416, 0, 0, 0, 0, 493, 495, 496, 0, 0, 0, 0, 1325, 1320, 1315, 1311, 0, 0, 1302, 1301, 1298, 1298, 1300, 1298, 1296, 1297, 1304, 1305, 1302, 1305, 1307, 1307, 1312, 1316, 1319, 1324, 1331, 1336, 1343, 1353, 1358, 1364, 1379, 1386, 1393, 1394, 1410, 1420, 1428, 1444, 1456, 1468, 1484, 1500, 1507]
[0, 1457, 1445, 1433, 1420, 1408, 1416, 0, 0, 0, 0, 493, 493, 0, 0, 0, 0, 0, 1334, 1322, 1317, 1313, 0, 1305, 1303, 1302, 1300, 1300, 1300, 1299, 1297, 1298, 1301, 1303, 1303, 1305, 1308, 1309, 1311, 1314, 1319, 1325, 1331, 1335, 1342, 1352, 1359, 1364, 1368, 1378, 1386, 1394, 1409, 1421, 1430, 1444, 1455, 1467, 1481, 1496, 1507]
[0, 1469, 1459, 1448, 1438, 1433, 1430, 0, 0, 0, 0, 0, 497, 499, 0, 0, 0, 0, 1325, 1319, 1314, 1311, 0, 0, 1305, 1304, 1301, 1299, 1299, 1298, 1300, 1301, 1299, 1300, 1300, 1303, 1307, 1309, 1312, 1315, 1320, 1325, 1329, 1335, 1345, 1351, 1356, 1365, 1375, 1385, 1395, 1407, 1416, 1425, 1438, 1451, 1465, 1477, 1490, 1511, 1520]
[0, 1475, 1465, 1451, 1439, 1428, 1430, 0, 0, 0, 0, 494, 494, 0, 0, 0, 0, 0, 1325, 1319, 1315, 1312, 0, 0, 1304, 1303, 1301, 1300, 1300, 1300, 1298, 1298, 1301, 1300, 1301, 1305, 1307, 1310, 1312, 1313, 1317, 1322, 1325, 1329, 1337, 1345, 1352, 1359, 1367, 1379, 1387, 1396, 1410, 1419, 1429, 1442, 1455, 1468, 1483, 1497, 1503]
[0, 1475, 1458, 1451, 1447, 1435, 1426, 0, 0, 0, 0, 0, 496, 497, 0, 0, 0, 0, 0, 1318, 1314, 1311, 0, 0, 0, 1302, 1299, 1299, 1299, 1299, 1298, 1298, 1301, 1302, 1302, 1304, 1307, 1312, 1315, 1314, 1319, 1324, 1330, 1335, 1343, 1352, 1357, 1359, 1366, 1378, 1386, 1394, 1406, 1417, 1425, 1439, 1454, 1466, 1480, 1495, 1504]
[0, 1470, 1458, 1458, 1447, 1435, 1425, 0, 0, 0, 0, 0, 496, 497, 0, 0, 0, 0, 0, 1319, 1315, 1311, 0, 0, 0, 1302, 1301, 1300, 1300, 1299, 1297, 1298, 1301, 1302, 1303, 1305, 1307, 1309, 1315, 1312, 1317, 1322, 1325, 1330, 1339, 1346, 1352, 1359, 1368, 1380, 1388, 1396, 1409, 1418, 1429, 1442, 1454, 1467, 1482, 1497, 1504]
[0, 1472, 1459, 1447, 1437, 1435, 1426, 0, 0, 0, 0, 0, 499, 497, 0, 0, 0, 0, 0, 1319, 1314, 1311, 0, 0, 0, 1302, 1301, 1300, 1299, 1298, 1297, 1298, 1301, 1302, 1302, 1305, 1307, 1309, 1312, 1314, 1317, 1319, 1325, 1330, 1339, 1346, 1351, 1359, 1368, 1378, 1387, 1397, 1408, 1418, 1429, 1442, 1454, 1467, 1481, 1494, 1501]
[0, 1482, 1466, 1453, 1444, 1431, 1426, 0, 0, 0, 0, 0, 501, 0, 0, 0, 0, 0, 1323, 1318, 0, 1312, 0, 0, 1304, 1302, 1301, 1300, 1298, 1298, 1298, 1298, 1298, 1299, 1302, 1304, 1307, 1309, 1312, 1314, 1319, 1324, 1329, 1338, 1345, 1351, 1359, 1367, 1368, 1377, 1386, 1395, 1406, 1418, 1430, 1443, 1454, 1466, 1479, 1493, 1505]
