[0, 0, 0, 0, 0, 0, 0, 0, 0, 0, 0, 0, 0, 0, 0, 0, 0, 0, 0, 0, 0, 0, 0, 0, 0, 0, 0, 0, 0, 0, 0, 0, 0, 0, 0, 0, 0, 0, 0, 0, 0, 0, 0, 0, 0, 0, 0, 0, 0, 0, 0, 0, 0, 0, 0, 0, 0, 0, 0, 0, 0]
[0, 526, 522, 518, 517, 514, 510, 506, 503, 500, 498, 495, 492, 490, 488, 486, 485, 484, 483, 482, 481, 480, 480, 480, 479, 479, 479, 479, 479, 479, 480, 480, 481, 482, 483, 484, 485, 486, 487, 489, 490, 493, 495, 498, 501, 504, 507, 510, 514, 517, 521, 525, 529, 533, 538, 543, 548, 554, 560, 566, 572]
[0, 526, 525, 517, 517, 513, 510, 506, 503, 500, 497, 495, 492, 490, 488, 486, 485, 484, 483, 482, 480, 480, 479, 480, 479, 479, 479, 479, 479, 479, 480, 480, 481, 482, 483, 484, 485, 486, 487, 488, 490, 493, 496, 498, 501, 504, 507, 510, 514, 517, 521, 525, 529, 534, 538, 543, 548, 554, 560, 566, 572]
[0, 528, 524, 520, 516, 512, 509, 506, 502, 499, 497, 494, 491, 490, 487, 486, 485, 485, 483, 482, 481, 481, 480, 479, 479, 479, 479, 479, 479, 479, 479, 480, 481, 482, 483, 484, 485, 486, 488, 490, 491, 493, 496, 498, 501, 504, 507, 510, 514, 518, 521, 525, 530, 534, 538, 544, 549, 554, 560, 566, 573]
[0, 528, 523, 519, 515, 512, 508, 505, 501, 498, 496, 493, 491, 491, 489, 487, 486, 485, 483, 482, 481, 481, 480, 480, 479, 479, 479, 479, 479, 479, 480, 480, 481, 482, 483, 484, 485, 486, 488, 490, 491, 494, 497, 499, 502, 505, 507, 511, 514, 515, 518, 527, 530, 531, 535, 540, 545, 550, 556, 562, 568]
[0, 526, 522, 518, 514, 512, 510, 507, 504, 501, 498, 495, 493, 491, 488, 486, 485, 484, 483, 482, 481, 480, 480, 480, 479, 479, 479, 479, 479, 479, 479, 480, 482, 483, 484, 484, 485, 487, 488, 488, 490, 492, 495, 497, 500, 503, 506, 509, 513, 516, 519, 523, 527, 532, 537, 542, 546, 551, 557, 563, 570]
[0, 530, 525, 520, 516, 513, 509, 506, 503, 500, 497, 495, 492, 490, 488, 486, 485, 484, 484, 483, 482, 481, 480, 480, 479, 479, 479, 479, 479, 480, 480, 481, 482, 483, 483, 484, 485, 486, 488, 488, 490, 493, 496, 498, 501, 504, 507, 510, 513, 517, 521, 525, 529, 533, 538, 543, 548, 554, 560, 565, 572]
[0, 526, 522, 518, 516, 510, 509, 507, 504, 501, 498, 495, 493, 491, 488, 486, 484, 484, 483, 482, 481, 480, 480, 480, 480, 480, 480, 479, 478, 480, 480, 481, 482, 483, 484, 484, 486, 487, 488, 489, 492, 494, 496, 498, 501, 505, 509, 511, 514, 519, 523, 526, 530, 535, 540, 543, 545, 551, 556, 561, 574]
[0, 525, 522, 517, 516, 513, 510, 507, 503, 500, 497, 495, 492, 490, 488, 486, 485, 484, 483, 481, 481, 480, 479, 479, 479, 479, 479, 479, 479, 479, 480, 480, 481, 482, 483, 484, 485, 486, 487, 488, 490, 493, 495, 498, 501, 504, 507, 510, 514, 517, 521, 525, 529, 533, 538, 543, 548, 554, 560, 566, 572]
[0, 526, 522, 518, 514, 511, 508, 504, 501, 500, 498, 496, 493, 491, 489, 487, 486, 485, 484, 482, 481, 480, 480, 480, 479, 479, 479, 479, 479, 479, 479, 480, 481, 482, 483, 484, 485, 486, 487, 489, 491, 493, 496, 498, 501, 504, 507, 510, 514, 518, 521, 525, 530, 534, 538, 543, 548, 554, 560, 566, 573]
[0, 533, 528, 525, 522, 511, 517, 513, 510, 508, 505, 502, 500, 498, 496, 494, 493, 491, 490, 488, 487, 487, 487, 480, 479, 479, 479, 480, 479, 480, 479, 483, 483, 483, 483, 485, 486, 487, 490, 489, 493, 495, 497, 501, 503, 505, 508, 513, 516, 520, 524, 528, 532, 537, 542, 547, 553, 558, 564, 570, 576]
[0, 533, 528, 525, 522, 511, 517, 513, 508, 508, 505, 502, 500, 498, 496, 494, 493, 491, 490, 489, 488, 488, 487, 486, 487, 486, 479, 486, 486, 487, 488, 483, 488, 489, 491, 492, 493, 495, 496, 498, 500, 502, 505, 507, 510, 512, 516, 520, 523, 526, 531, 535, 539, 543, 549, 554, 559, 564, 570, 577, 584]
[0, 534, 530, 526, 522, 519, 515, 512, 508, 509, 503, 502, 499, 498, 497, 495, 493, 492, 490, 489, 488, 488, 487, 487, 487, 487, 487, 486, 487, 488, 488, 489, 488, 491, 491, 492, 494, 495, 497, 499, 500, 502, 505, 508, 511, 513, 516, 519, 522, 526, 531, 535, 539, 544, 549, 553, 558, 564, 570, 576, 583]
[0, 534, 528, 526, 524, 521, 517, 514, 511, 508, 505, 502, 500, 498, 496, 494, 493, 491, 489, 488, 487, 486, 487, 487, 487, 487, 487, 486, 487, 487, 488, 489, 490, 491, 492, 493, 495, 495, 498, 500, 502, 502, 507, 509, 511, 512, 515, 519, 521, 525, 530, 534, 538, 542, 547, 552, 557, 563, 568, 575, 583]
[0, 534, 529, 525, 522, 519, 515, 511, 511, 508, 506, 503, 501, 498, 497, 495, 494, 492, 490, 489, 488, 488, 487, 487, 487, 487, 487, 486, 486, 487, 488, 488, 489, 491, 491, 492, 494, 496, 496, 498, 501, 503, 505, 508, 511, 514, 517, 520, 524, 528, 531, 535, 540, 545, 549, 555, 561, 566, 573, 579, 586]
[0, 535, 530, 526, 523, 520, 515, 512, 510, 507, 504, 501, 499, 498, 497, 495, 494, 492, 491, 489, 488, 488, 487, 487, 487, 487, 487, 487, 487, 487, 488, 489, 490, 491, 492, 492, 495, 496, 498, 500, 501, 502, 508, 508, 510, 512, 515, 519, 522, 526, 530, 535, 539, 543, 548, 553, 558, 563, 569, 576, 582]
[0, 535, 530, 527, 523, 520, 520, 516, 513, 511, 508, 506, 503, 500, 497, 496, 496, 494, 493, 491, 490, 490, 490, 487, 486, 487, 487, 487, 487, 487, 488, 489, 490, 491, 492, 493, 494, 496, 497, 499, 501, 504, 508, 509, 512, 515, 515, 519, 521, 525, 530, 533, 537, 547, 552, 553, 557, 562, 568, 575, 582]
[0, 537, 532, 528, 525, 520, 522, 518, 514, 512, 509, 506, 505, 503, 501, 499, 498, 495, 494, 494, 493, 492, 492, 492, 490, 489, 489, 490, 491, 491, 488, 492, 493, 495, 492, 495, 497, 498, 499, 501, 503, 506, 508, 511, 513, 516, 520, 524, 527, 530, 534, 539, 543, 548, 553, 557, 563, 568, 574, 581, 588]
[0, 537, 533, 531, 527, 523, 519, 515, 512, 512, 510, 508, 505, 503, 501, 499, 498, 496, 495, 494, 493, 493, 492, 491, 492, 492, 492, 492, 493, 493, 494, 495, 493, 496, 497, 495, 499, 500, 501, 503, 506, 508, 510, 513, 516, 519, 522, 525, 529, 533, 537, 541, 545, 549, 554, 559, 564, 571, 576, 583, 590]
[0, 537, 533, 531, 527, 523, 519, 515, 512, 512, 510, 508, 505, 503, 501, 499, 498, 496, 495, 494, 493, 493, 492, 491, 492, 491, 491, 491, 492, 493, 493, 494, 495, 496, 498, 499, 500, 500, 502, 503, 506, 510, 510, 513, 516, 519, 522, 525, 529, 533, 537, 541, 545, 550, 555, 559, 564, 571, 577, 584, 590]
[0, 540, 536, 531, 527, 524, 520, 517, 514, 511, 508, 507, 504, 502, 500, 499, 497, 496, 496, 495, 494, 493, 492, 492, 491, 491, 491, 491, 492, 493, 493, 494, 495, 497, 498, 499, 500, 501, 502, 503, 508, 510, 510, 513, 516, 519, 522, 525, 529, 532, 537, 541, 545, 549, 554, 559, 564, 571, 577, 584, 590]
[0, 549, 545, 541, 537, 533, 530, 526, 523, 521, 518, 516, 513, 502, 512, 510, 509, 507, 505, 505, 504, 503, 502, 502, 492, 492, 492, 492, 493, 492, 493, 494, 495, 496, 497, 498, 499, 501, 503, 505, 507, 510, 512, 514, 517, 521, 524, 528, 532, 536, 539, 544, 548, 553, 558, 563, 569, 575, 582, 588, 595]
[0, 548, 544, 540, 536, 532, 529, 526, 526, 520, 518, 518, 515, 513, 511, 510, 508, 507, 505, 504, 503, 502, 502, 502, 502, 502, 502, 503, 503, 503, 504, 505, 506, 507, 507, 509, 510, 512, 513, 515, 518, 521, 524, 527, 530, 533, 536, 539, 543, 547, 539, 556, 548, 565, 570, 577, 569, 583, 595, 588, 601]
[0, 555, 550, 546, 542, 539, 536, 532, 529, 525, 523, 520, 518, 516, 514, 512, 511, 510, 509, 508, 507, 502, 506, 502, 502, 502, 502, 503, 503, 503, 504, 505, 506, 507, 508, 509, 510, 512, 514, 516, 518, 519, 521, 524, 527, 531, 534, 537, 540, 544, 548, 552, 557, 561, 566, 572, 578, 584, 590, 596, 602]
[0, 562, 557, 553, 550, 546, 542, 539, 535, 533, 530, 528, 526, 523, 521, 519, 518, 516, 514, 514, 514, 502, 512, 502, 505, 506, 506, 506, 506, 507, 507, 508, 509, 510, 511, 512, 513, 515, 517, 519, 522, 524, 527, 530, 532, 535, 539, 542, 546, 550, 554, 559, 563, 567, 572, 578, 585, 591, 597, 604, 611]
[0, 562, 557, 554, 550, 546, 542, 539, 535, 533, 530, 527, 526, 523, 521, 519, 517, 516, 514, 514, 514, 513, 512, 502, 512, 512, 512, 512, 512, 513, 514, 515, 516, 517, 519, 520, 521, 522, 524, 526, 528, 531, 534, 536, 539, 542, 546, 549, 553, 557, 561, 565, 571, 576, 582, 587, 593, 599, 605, 611, 619]
[0, 562, 563, 555, 550, 551, 547, 544, 541, 538, 535, 533, 530, 528, 526, 524, 522, 521, 520, 520, 519, 518, 517, 502, 512, 512, 512, 512, 513, 514, 514, 514, 515, 517, 518, 520, 520, 522, 524, 526, 528, 531, 534, 536, 539, 542, 545, 549, 553, 557, 561, 566, 570, 576, 581, 587, 593, 598, 604, 610, 617]
[0, 564, 560, 556, 553, 549, 545, 544, 542, 539, 536, 533, 531, 529, 526, 525, 523, 521, 520, 520, 519, 518, 518, 518, 517, 517, 517, 517, 517, 514, 518, 519, 520, 523, 518, 525, 520, 527, 528, 531, 533, 535, 538, 542, 544, 547, 550, 553, 557, 561, 565, 569, 575, 580, 586, 592, 597, 603, 609, 615, 623]
[0, 570, 566, 562, 557, 554, 551, 547, 544, 541, 538, 535, 533, 531, 529, 527, 525, 524, 524, 523, 519, 522, 521, 521, 517, 517, 518, 518, 518, 518, 519, 520, 521, 522, 524, 525, 526, 528, 530, 531, 532, 535, 538, 540, 543, 550, 553, 553, 557, 561, 564, 569, 574, 579, 584, 590, 596, 602, 608, 614, 621]
[0, 570, 566, 562, 557, 554, 551, 547, 544, 541, 539, 535, 533, 531, 529, 527, 526, 524, 524, 523, 519, 522, 521, 521, 522, 521, 521, 521, 521, 521, 522, 523, 524, 525, 526, 528, 529, 531, 532, 535, 537, 540, 543, 546, 549, 552, 555, 559, 563, 566, 571, 577, 581, 586, 592, 597, 603, 609, 615, 623, 631]
[0, 572, 566, 568, 563, 559, 556, 552, 549, 546, 544, 541, 539, 536, 534, 533, 531, 529, 528, 528, 526, 526, 527, 521, 521, 521, 521, 521, 521, 521, 522, 523, 524, 525, 527, 528, 529, 531, 533, 535, 537, 540, 543, 546, 549, 552, 555, 559, 563, 566, 570, 576, 581, 586, 592, 597, 603, 608, 614, 622, 630]
[0, 589, 585, 580, 576, 571, 567, 564, 562, 559, 556, 541, 553, 551, 549, 547, 545, 543, 542, 542, 541, 540, 540, 540, 525, 525, 521, 525, 526, 526, 527, 528, 529, 529, 531, 533, 534, 535, 537, 540, 542, 545, 548, 551, 554, 556, 559, 563, 567, 571, 576, 581, 587, 591, 596, 600, 607, 613, 619, 627, 636]
[0, 588, 585, 583, 579, 574, 570, 567, 564, 561, 558, 555, 553, 551, 549, 546, 545, 544, 543, 542, 542, 542, 540, 540, 539, 539, 539, 539, 540, 540, 540, 541, 542, 544, 545, 546, 548, 550, 553, 556, 558, 560, 562, 564, 568, 572, 575, 580, 567, 589, 576, 594, 603, 591, 613, 600, 625, 633, 641, 649, 636]
[0, 591, 587, 582, 578, 574, 569, 566, 563, 560, 557, 555, 552, 550, 548, 546, 544, 543, 543, 542, 542, 539, 540, 540, 540, 539, 539, 539, 540, 541, 540, 543, 542, 544, 545, 546, 548, 550, 552, 554, 557, 559, 561, 564, 567, 571, 574, 578, 582, 587, 591, 595, 601, 606, 611, 616, 622, 629, 636, 644, 652]
[0, 599, 595, 591, 587, 583, 580, 576, 572, 569, 566, 564, 552, 559, 557, 556, 555, 543, 554, 552, 551, 551, 551, 550, 540, 540, 539, 539, 539, 540, 541, 542, 543, 544, 545, 547, 548, 551, 553, 555, 557, 559, 562, 565, 568, 571, 575, 579, 584, 588, 592, 597, 602, 607, 612, 618, 624, 632, 640, 647, 655]
[0, 601, 597, 593, 588, 585, 580, 581, 577, 574, 572, 570, 567, 564, 561, 560, 559, 557, 556, 555, 555, 555, 554, 550, 550, 549, 549, 549, 550, 551, 551, 552, 553, 554, 555, 556, 558, 561, 563, 566, 567, 569, 573, 577, 580, 584, 588, 592, 596, 600, 604, 610, 613, 618, 625, 631, 639, 646, 653, 661, 669]
[0, 601, 597, 593, 589, 585, 584, 581, 581, 577, 573, 570, 567, 565, 564, 561, 559, 558, 558, 556, 555, 555, 555, 554, 553, 553, 554, 554, 554, 555, 555, 556, 557, 558, 560, 561, 563, 565, 567, 569, 572, 575, 578, 581, 585, 589, 593, 597, 601, 606, 609, 614, 619, 624, 630, 638, 644, 651, 658, 666, 674]
[0, 611, 606, 602, 598, 594, 591, 588, 584, 581, 577, 574, 571, 569, 567, 565, 564, 563, 562, 561, 560, 560, 560, 554, 554, 554, 554, 554, 555, 556, 557, 557, 558, 559, 560, 561, 563, 565, 567, 570, 572, 575, 578, 581, 584, 588, 592, 596, 600, 604, 608, 613, 618, 623, 629, 636, 643, 649, 656, 664, 672]
[0, 609, 604, 600, 597, 593, 589, 588, 586, 579, 577, 576, 573, 570, 568, 566, 564, 563, 562, 561, 560, 560, 559, 559, 558, 559, 559, 559, 560, 560, 561, 562, 558, 564, 565, 561, 567, 569, 572, 574, 580, 575, 585, 581, 592, 588, 599, 596, 603, 608, 611, 615, 620, 626, 633, 639, 646, 653, 659, 667, 675]
[0, 625, 620, 616, 612, 608, 589, 604, 601, 598, 594, 591, 589, 587, 585, 583, 582, 580, 579, 578, 577, 576, 575, 559, 558, 558, 558, 559, 559, 560, 561, 561, 562, 563, 565, 567, 569, 572, 574, 576, 579, 575, 584, 587, 591, 595, 599, 602, 605, 608, 611, 620, 620, 632, 633, 646, 652, 653, 659, 667, 683]
[0, 632, 627, 622, 618, 614, 611, 607, 603, 600, 597, 594, 592, 589, 587, 586, 585, 583, 582, 581, 581, 580, 575, 579, 574, 574, 574, 574, 574, 575, 577, 577, 578, 580, 582, 584, 586, 572, 589, 576, 592, 598, 601, 587, 604, 608, 611, 615, 619, 624, 629, 635, 641, 646, 651, 657, 665, 673, 680, 687, 697]
[0, 631, 626, 621, 617, 613, 610, 607, 603, 602, 597, 594, 594, 592, 589, 587, 586, 585, 584, 582, 582, 581, 581, 579, 579, 579, 578, 578, 579, 580, 581, 581, 582, 584, 586, 587, 590, 592, 595, 597, 599, 602, 605, 608, 611, 614, 618, 622, 627, 631, 636, 641, 647, 654, 660, 666, 673, 681, 689, 698, 706]
[0, 631, 626, 621, 617, 613, 610, 607, 607, 603, 599, 597, 594, 591, 589, 587, 587, 586, 584, 583, 582, 581, 581, 580, 580, 580, 579, 579, 581, 581, 582, 584, 585, 586, 588, 590, 593, 595, 595, 599, 599, 604, 605, 607, 610, 614, 618, 622, 627, 631, 636, 642, 646, 652, 658, 664, 671, 678, 687, 696, 705]
[0, 639, 633, 628, 623, 619, 616, 613, 608, 605, 603, 600, 598, 595, 594, 592, 590, 590, 584, 588, 582, 587, 586, 585, 580, 579, 579, 580, 581, 582, 582, 584, 585, 586, 588, 589, 592, 594, 595, 597, 600, 603, 605, 607, 611, 616, 619, 623, 628, 633, 637, 642, 647, 653, 660, 667, 674, 680, 688, 698, 707]
[0, 649, 645, 640, 635, 630, 626, 623, 619, 616, 613, 611, 598, 608, 606, 604, 602, 601, 600, 599, 598, 598, 597, 585, 586, 585, 585, 586, 586, 587, 588, 589, 591, 592, 593, 595, 596, 598, 600, 603, 605, 608, 611, 614, 618, 622, 626, 631, 634, 640, 646, 650, 656, 662, 660, 675, 682, 680, 700, 698, 716]
[0, 654, 649, 645, 640, 636, 632, 629, 625, 620, 617, 615, 612, 610, 609, 607, 605, 604, 603, 599, 602, 601, 600, 600, 595, 595, 595, 596, 596, 596, 598, 599, 600, 602, 605, 606, 606, 609, 611, 613, 605, 619, 611, 624, 627, 635, 626, 640, 645, 649, 654, 659, 664, 670, 677, 683, 692, 700, 708, 715, 723]
[0, 657, 649, 649, 645, 636, 641, 636, 633, 629, 625, 622, 619, 617, 615, 613, 612, 611, 610, 609, 608, 608, 607, 600, 600, 599, 600, 600, 601, 602, 603, 604, 605, 606, 608, 609, 611, 613, 614, 617, 620, 623, 627, 630, 634, 638, 643, 648, 653, 656, 661, 667, 673, 679, 686, 693, 701, 711, 718, 726, 736]
[0, 659, 654, 651, 647, 643, 639, 634, 631, 627, 624, 621, 618, 617, 616, 614, 613, 611, 611, 610, 609, 608, 607, 606, 606, 606, 606, 607, 607, 608, 603, 609, 612, 606, 613, 614, 616, 618, 619, 623, 626, 629, 632, 635, 639, 644, 649, 653, 658, 663, 667, 672, 678, 684, 691, 698, 706, 713, 720, 729, 740]
[0, 657, 653, 649, 647, 645, 641, 636, 633, 628, 625, 622, 619, 617, 615, 613, 612, 611, 610, 609, 608, 608, 607, 606, 606, 606, 606, 606, 607, 608, 609, 610, 611, 613, 614, 615, 617, 620, 622, 625, 628, 631, 634, 638, 642, 646, 651, 655, 660, 665, 670, 675, 681, 684, 695, 702, 710, 716, 725, 729, 744]
[0, 672, 668, 663, 659, 654, 651, 647, 644, 640, 636, 633, 631, 628, 626, 624, 623, 622, 620, 609, 619, 619, 619, 618, 606, 606, 606, 607, 607, 608, 609, 610, 612, 613, 614, 615, 616, 618, 620, 623, 626, 629, 633, 636, 640, 644, 648, 653, 658, 663, 667, 672, 678, 684, 691, 699, 707, 713, 720, 730, 740]
[0, 685, 681, 676, 672, 668, 663, 658, 655, 653, 650, 647, 644, 642, 641, 639, 636, 635, 634, 633, 632, 619, 631, 631, 617, 617, 617, 618, 618, 619, 619, 621, 623, 624, 626, 628, 630, 632, 634, 637, 640, 643, 647, 650, 654, 658, 662, 667, 672, 676, 681, 688, 694, 701, 708, 713, 721, 729, 738, 748, 757]
[0, 692, 686, 681, 677, 674, 663, 665, 655, 661, 658, 655, 652, 650, 647, 646, 645, 644, 642, 642, 641, 640, 639, 631, 631, 631, 631, 631, 631, 632, 633, 634, 636, 638, 640, 642, 644, 646, 648, 650, 653, 655, 659, 663, 667, 671, 676, 680, 684, 691, 697, 703, 709, 714, 720, 728, 736, 745, 755, 763, 772]
[0, 691, 686, 681, 677, 674, 663, 665, 655, 663, 655, 655, 653, 650, 647, 647, 646, 644, 642, 642, 642, 640, 639, 638, 638, 639, 639, 639, 639, 640, 642, 643, 644, 646, 647, 649, 652, 654, 656, 659, 662, 665, 669, 673, 667, 681, 686, 691, 697, 703, 697, 708, 719, 727, 720, 742, 736, 760, 769, 777, 772]
[0, 701, 694, 689, 684, 680, 675, 672, 668, 665, 661, 658, 656, 654, 652, 650, 649, 644, 647, 646, 645, 640, 644, 639, 638, 639, 640, 639, 640, 641, 642, 643, 644, 646, 647, 649, 651, 654, 656, 659, 662, 665, 668, 673, 676, 681, 685, 691, 697, 703, 702, 713, 719, 726, 734, 742, 750, 759, 769, 777, 787]
[0, 701, 694, 688, 684, 680, 675, 672, 668, 665, 661, 658, 656, 654, 652, 650, 649, 644, 648, 647, 646, 645, 644, 643, 643, 644, 644, 644, 644, 645, 646, 647, 648, 650, 651, 653, 655, 658, 660, 663, 665, 669, 674, 678, 682, 686, 691, 696, 701, 706, 711, 716, 723, 731, 737, 745, 755, 763, 772, 780, 789]
[0, 710, 705, 688, 696, 680, 691, 687, 683, 680, 677, 673, 671, 669, 666, 665, 663, 661, 660, 660, 658, 657, 656, 644, 643, 644, 644, 644, 644, 645, 646, 647, 648, 650, 651, 653, 655, 658, 660, 663, 666, 669, 674, 677, 680, 685, 690, 695, 701, 707, 712, 717, 723, 731, 739, 747, 755, 764, 773, 782, 792]
[0, 721, 715, 710, 706, 702, 697, 693, 688, 685, 681, 678, 676, 674, 671, 670, 668, 667, 666, 664, 663, 663, 663, 656, 656, 656, 657, 658, 658, 659, 660, 661, 662, 665, 666, 669, 671, 673, 675, 679, 683, 669, 686, 690, 694, 698, 703, 708, 713, 717, 724, 730, 738, 745, 752, 761, 768, 776, 785, 795, 803]
[0, 723, 717, 714, 709, 705, 697, 701, 694, 685, 690, 687, 684, 681, 679, 677, 675, 673, 668, 663, 663, 667, 669, 663, 663, 663, 663, 664, 665, 659, 667, 667, 668, 665, 673, 669, 675, 680, 682, 679, 686, 690, 694, 697, 702, 707, 711, 715, 720, 725, 731, 738, 746, 754, 761, 767, 775, 784, 794, 804, 814]
[0, 735, 728, 723, 718, 713, 710, 707, 703, 699, 696, 693, 689, 686, 684, 683, 681, 673, 665, 663, 667, 673, 676, 668, 668, 669, 670, 670, 670, 671, 672, 673, 674, 676, 678, 680, 682, 685, 687, 690, 693, 698, 702, 706, 710, 714, 719, 724, 730, 735, 742, 749, 756, 764, 771, 778, 787, 797, 805, 814, 824]
[0, 730, 728, 725, 718, 713, 710, 708, 704, 700, 698, 694, 690, 687, 685, 683, 681, 674, 665, 661, 664, 672, 677, 676, 675, 676, 670, 676, 678, 671, 680, 673, 682, 684, 685, 687, 690, 692, 694, 697, 701, 705, 708, 711, 715, 720, 725, 731, 736, 742, 747, 755, 762, 769, 776, 784, 792, 801, 811, 820, 828]
[0, 731, 728, 725, 719, 715, 711, 708, 704, 700, 698, 694, 690, 687, 685, 683, 681, 674, 665, 663, 665, 672, 677, 676, 675, 675, 676, 676, 677, 679, 679, 681, 683, 685, 686, 689, 692, 695, 697, 701, 704, 708, 711, 715, 715, 719, 729, 731, 740, 742, 747, 753, 761, 768, 776, 784, 792, 801, 810, 819, 828]
[0, 751, 745, 738, 733, 729, 725, 720, 715, 713, 710, 708, 706, 703, 700, 699, 697, 0, 663, 661, 665, 0, 692, 676, 676, 676, 677, 677, 678, 679, 679, 681, 683, 685, 685, 687, 694, 695, 697, 698, 701, 705, 709, 711, 715, 720, 725, 731, 736, 742, 749, 756, 763, 771, 780, 788, 797, 806, 815, 825, 834]
[0, 751, 745, 738, 733, 729, 725, 720, 716, 714, 710, 707, 705, 703, 701, 699, 698, 0, 664, 662, 666, 0, 692, 692, 692, 676, 691, 693, 695, 679, 696, 697, 698, 700, 701, 703, 706, 708, 711, 714, 716, 719, 723, 728, 732, 736, 741, 748, 755, 761, 766, 773, 779, 787, 796, 804, 813, 821, 830, 839, 850]
[0, 751, 746, 741, 736, 730, 725, 721, 717, 714, 711, 707, 706, 704, 701, 700, 697, 0, 665, 661, 664, 674, 687, 691, 692, 692, 693, 693, 695, 696, 697, 698, 700, 702, 701, 704, 708, 708, 711, 714, 716, 720, 728, 732, 732, 736, 747, 748, 754, 766, 773, 773, 780, 796, 803, 804, 820, 821, 828, 846, 858]
[0, 771, 766, 760, 756, 751, 747, 742, 717, 737, 734, 729, 726, 704, 724, 722, 719, 0, 665, 660, 662, 674, 687, 692, 691, 692, 693, 0, 0, 695, 696, 698, 700, 701, 704, 706, 708, 711, 713, 715, 719, 722, 726, 731, 735, 740, 746, 752, 757, 764, 770, 776, 784, 792, 800, 809, 818, 826, 835, 845, 857]
[0, 771, 766, 761, 756, 751, 747, 742, 737, 734, 734, 732, 729, 726, 724, 721, 719, 0, 664, 659, 662, 674, 687, 0, 714, 713, 714, 0, 0, 717, 718, 720, 722, 723, 725, 728, 730, 734, 737, 741, 744, 747, 751, 755, 760, 765, 770, 776, 782, 789, 797, 804, 811, 819, 828, 834, 842, 852, 863, 874, 882]
[0, 786, 779, 774, 769, 763, 758, 755, 750, 746, 743, 739, 736, 733, 732, 731, 0, 0, 661, 659, 660, 674, 687, 0, 714, 714, 0, 0, 716, 717, 718, 720, 722, 724, 725, 728, 731, 734, 736, 740, 744, 748, 752, 755, 760, 765, 770, 777, 783, 790, 798, 804, 812, 821, 828, 836, 845, 855, 865, 874, 884]
[0, 790, 784, 778, 772, 768, 764, 759, 754, 751, 747, 744, 741, 739, 737, 735, 0, 0, 666, 659, 660, 674, 0, 723, 723, 724, 725, 0, 0, 717, 729, 730, 731, 733, 735, 738, 741, 744, 747, 751, 754, 758, 762, 765, 769, 774, 780, 787, 794, 800, 806, 813, 822, 830, 837, 845, 855, 865, 874, 883, 894]
[0, 790, 796, 790, 785, 780, 775, 771, 767, 763, 759, 756, 754, 751, 749, 747, 746, 0, 660, 659, 663, 674, 0, 0, 729, 729, 730, 0, 0, 733, 733, 734, 737, 739, 742, 744, 747, 750, 753, 756, 760, 763, 767, 771, 775, 781, 786, 792, 799, 807, 813, 821, 828, 835, 844, 853, 863, 871, 879, 889, 900]
[0, 803, 796, 790, 785, 780, 775, 771, 767, 763, 759, 756, 753, 751, 749, 747, 746, 0, 660, 659, 662, 674, 0, 0, 738, 739, 741, 0, 0, 745, 746, 747, 749, 752, 742, 757, 760, 750, 762, 765, 769, 778, 767, 781, 785, 790, 797, 803, 809, 815, 823, 829, 835, 843, 853, 863, 870, 878, 888, 897, 908]
[0, 800, 794, 788, 783, 778, 772, 768, 764, 761, 758, 754, 751, 750, 748, 746, 746, 0, 666, 659, 660, 674, 0, 0, 738, 739, 740, 0, 0, 744, 745, 746, 750, 752, 754, 758, 760, 762, 765, 769, 774, 777, 780, 781, 785, 790, 797, 803, 809, 815, 823, 829, 836, 844, 853, 862, 870, 878, 887, 897, 908]
[0, 835, 830, 824, 819, 815, 811, 807, 802, 798, 794, 790, 786, 784, 782, 779, 746, 0, 664, 657, 656, 674, 0, 0, 739, 739, 739, 0, 0, 743, 745, 746, 748, 751, 753, 754, 758, 761, 764, 767, 771, 775, 778, 783, 788, 793, 799, 805, 811, 818, 825, 831, 838, 847, 856, 865, 873, 882, 891, 901, 912]
[0, 835, 829, 824, 819, 815, 810, 806, 802, 798, 793, 789, 785, 783, 781, 779, 746, 0, 663, 656, 657, 674, 0, 0, 773, 773, 774, 0, 0, 778, 779, 781, 784, 785, 788, 791, 795, 798, 800, 804, 808, 812, 816, 820, 825, 830, 835, 841, 848, 855, 863, 870, 876, 884, 892, 901, 912, 923, 933, 943, 953]
[0, 837, 833, 826, 821, 818, 813, 809, 805, 801, 798, 793, 790, 783, 786, 785, 746, 0, 661, 656, 658, 674, 0, 0, 774, 774, 774, 0, 0, 778, 780, 781, 782, 785, 789, 792, 795, 798, 801, 805, 809, 813, 818, 823, 826, 830, 835, 841, 848, 856, 864, 871, 878, 885, 894, 903, 915, 925, 935, 945, 956]
[0, 851, 844, 837, 832, 828, 823, 819, 814, 811, 807, 803, 800, 797, 794, 792, 0, 0, 663, 657, 657, 662, 0, 0, 780, 780, 780, 0, 782, 785, 787, 788, 790, 793, 796, 799, 802, 805, 809, 812, 816, 821, 826, 831, 835, 840, 845, 853, 860, 868, 873, 880, 889, 897, 907, 918, 928, 937, 947, 959, 972]
[0, 851, 860, 837, 854, 847, 842, 837, 832, 828, 825, 822, 818, 816, 814, 811, 0, 665, 657, 657, 656, 661, 0, 0, 787, 787, 788, 0, 0, 790, 793, 797, 790, 799, 802, 805, 808, 809, 812, 816, 821, 825, 828, 833, 837, 843, 849, 855, 861, 868, 875, 882, 890, 898, 907, 917, 928, 937, 947, 958, 971]
[0, 869, 864, 858, 852, 846, 840, 835, 832, 829, 825, 821, 818, 816, 813, 812, 0, 0, 661, 656, 656, 664, 0, 0, 805, 806, 807, 808, 810, 811, 813, 816, 819, 799, 821, 823, 825, 828, 830, 833, 837, 841, 847, 852, 858, 864, 870, 874, 880, 887, 895, 903, 910, 920, 931, 939, 947, 958, 971, 983, 995]
[0, 886, 880, 875, 870, 864, 860, 856, 851, 846, 842, 838, 836, 833, 831, 812, 829, 0, 657, 654, 655, 665, 0, 806, 807, 807, 807, 809, 810, 811, 813, 815, 818, 820, 824, 826, 828, 830, 833, 836, 841, 845, 849, 856, 861, 867, 872, 878, 885, 892, 898, 906, 916, 926, 935, 945, 955, 964, 977, 991, 1003]
[0, 888, 882, 877, 872, 867, 862, 858, 853, 847, 842, 839, 837, 835, 832, 830, 829, 0, 663, 655, 655, 661, 0, 824, 825, 825, 825, 0, 829, 830, 831, 833, 835, 837, 838, 841, 846, 849, 852, 857, 862, 867, 870, 874, 880, 885, 891, 898, 905, 912, 920, 930, 938, 947, 955, 964, 976, 990, 1000, 1011, 1024]
[0, 884, 879, 874, 868, 867, 863, 858, 855, 850, 844, 840, 837, 834, 832, 830, 829, 0, 657, 655, 656, 0, 0, 0, 826, 827, 826, 827, 829, 830, 831, 833, 836, 838, 841, 841, 847, 850, 852, 859, 863, 867, 871, 876, 880, 888, 893, 898, 899, 907, 915, 932, 938, 941, 950, 959, 970, 982, 993, 1004, 1016]
[0, 898, 892, 887, 882, 876, 872, 868, 864, 859, 856, 853, 850, 846, 841, 838, 829, 0, 662, 654, 654, 660, 0, 824, 825, 826, 826, 0, 829, 830, 831, 833, 835, 837, 839, 842, 846, 849, 852, 856, 861, 866, 869, 873, 879, 884, 890, 897, 903, 910, 918, 928, 936, 944, 952, 961, 973, 986, 997, 1008, 1020]
[0, 897, 891, 885, 880, 875, 870, 866, 862, 859, 855, 851, 847, 846, 842, 840, 839, 0, 656, 654, 656, 666, 0, 0, 835, 835, 836, 838, 840, 841, 843, 845, 847, 850, 853, 855, 859, 863, 866, 869, 873, 877, 882, 887, 892, 899, 905, 911, 920, 929, 936, 944, 952, 960, 971, 984, 994, 1004, 1014, 1027, 1040]
[0, 948, 941, 936, 931, 927, 921, 916, 911, 906, 903, 898, 895, 894, 842, 890, 839, 0, 656, 653, 656, 666, 0, 833, 834, 835, 836, 838, 839, 840, 842, 845, 848, 851, 853, 855, 859, 862, 865, 869, 872, 876, 881, 885, 891, 897, 903, 910, 918, 927, 935, 941, 949, 959, 968, 981, 992, 1002, 1013, 1024, 1037]
[0, 955, 949, 943, 937, 931, 927, 922, 916, 911, 908, 904, 900, 897, 895, 892, 839, 0, 658, 652, 653, 659, 0, 885, 887, 888, 890, 890, 0, 894, 896, 898, 900, 903, 907, 910, 913, 917, 922, 927, 932, 937, 943, 948, 953, 959, 966, 974, 982, 991, 999, 1006, 1015, 1026, 1037, 1048, 1059, 1070, 1083, 1096, 1111]
[0, 955, 949, 943, 937, 932, 927, 921, 916, 911, 908, 904, 900, 897, 894, 892, 839, 0, 658, 652, 653, 659, 0, 0, 889, 890, 891, 891, 0, 895, 897, 899, 901, 905, 909, 912, 915, 917, 926, 927, 930, 935, 945, 950, 953, 956, 963, 970, 978, 988, 996, 1003, 1012, 1022, 1033, 1043, 1054, 1067, 1079, 1092, 1106]
[0, 963, 949, 955, 949, 944, 939, 935, 931, 926, 922, 918, 914, 910, 906, 905, 0, 662, 658, 654, 657, 659, 0, 0, 889, 890, 891, 0, 893, 895, 897, 899, 902, 905, 905, 908, 915, 920, 926, 926, 931, 936, 940, 945, 950, 957, 963, 970, 979, 988, 996, 1003, 1013, 1024, 1034, 1045, 1056, 1068, 1080, 1091, 1106]
[0, 970, 963, 954, 948, 943, 939, 934, 929, 924, 920, 916, 912, 909, 907, 905, 0, 0, 658, 652, 652, 659, 0, 0, 900, 902, 902, 903, 0, 909, 911, 912, 915, 918, 922, 926, 928, 932, 937, 943, 947, 951, 956, 961, 968, 977, 985, 992, 999, 1007, 1015, 1024, 1035, 1046, 1034, 1069, 1080, 1068, 1105, 1091, 1137]
[0, 1002, 996, 990, 983, 977, 939, 972, 960, 924, 955, 951, 948, 944, 942, 941, 0, 660, 658, 652, 651, 656, 0, 0, 900, 902, 903, 0, 906, 0, 909, 914, 915, 917, 921, 925, 928, 930, 935, 940, 944, 948, 952, 957, 962, 971, 980, 988, 995, 1002, 1009, 1019, 1030, 1039, 1051, 1062, 1072, 1084, 1097, 1112, 1128]
[0, 1002, 996, 990, 984, 977, 972, 972, 966, 959, 955, 951, 948, 945, 942, 940, 0, 660, 660, 652, 651, 656, 0, 936, 938, 939, 939, 0, 942, 943, 945, 948, 951, 955, 959, 963, 967, 973, 977, 982, 988, 993, 998, 1002, 1008, 1016, 1023, 1032, 1042, 1052, 1059, 1068, 1079, 1089, 1102, 1114, 1126, 1140, 1154, 1168, 1183]
[0, 1046, 1039, 1032, 1026, 977, 1020, 1010, 966, 1004, 999, 997, 994, 991, 988, 986, 0, 660, 658, 650, 648, 655, 0, 936, 937, 938, 939, 0, 942, 943, 945, 948, 951, 955, 959, 963, 967, 972, 977, 983, 988, 992, 997, 1002, 1009, 1016, 1024, 1032, 1041, 1051, 1059, 1068, 1078, 1089, 1102, 1114, 1127, 1141, 1154, 1170, 1185]
[0, 1047, 1039, 1033, 1028, 1022, 1016, 1010, 1005, 1001, 998, 995, 991, 990, 988, 988, 985, 0, 652, 650, 653, 0, 0, 980, 982, 983, 983, 985, 0, 990, 993, 996, 999, 1002, 1005, 1008, 1012, 1016, 1021, 1025, 1028, 1036, 1044, 1050, 1056, 1064, 1073, 1082, 1094, 1104, 1115, 1128, 1138, 1148, 1161, 1172, 1127, 1182, 1196, 1214, 1231]
[0, 1062, 1056, 1048, 1040, 1035, 1028, 1024, 1018, 1013, 1010, 1007, 1003, 999, 997, 996, 985, 0, 654, 649, 653, 661, 0, 0, 981, 982, 985, 986, 0, 989, 992, 996, 998, 999, 1003, 1007, 1011, 1014, 1018, 1024, 1029, 1034, 1040, 1048, 1056, 1063, 1071, 1080, 1092, 1104, 1115, 1129, 1139, 1147, 1158, 1168, 1181, 1195, 1211, 1230, 1244]
[0, 1087, 1081, 1074, 1067, 1060, 1054, 1048, 1043, 1038, 1034, 1030, 1026, 1025, 1025, 1022, 985, 0, 653, 649, 652, 660, 0, 993, 994, 995, 996, 997, 0, 1000, 1005, 996, 1008, 1011, 1014, 1018, 1022, 1025, 1029, 1034, 1040, 1047, 1054, 1059, 1066, 1075, 1084, 1093, 1105, 1117, 1127, 1137, 1148, 1158, 1166, 1176, 1189, 1205, 1225, 1242, 1256]
[0, 1083, 1081, 1067, 1067, 1064, 1059, 1051, 1044, 1041, 1037, 1032, 1029, 1027, 1025, 1022, 985, 0, 655, 649, 650, 656, 0, 1015, 1017, 995, 1019, 997, 0, 1024, 1027, 1029, 1032, 1037, 1043, 1049, 1055, 1057, 1059, 1064, 1069, 1074, 1081, 1088, 1098, 1106, 1115, 1125, 1136, 1148, 1159, 1166, 1172, 1184, 1199, 1211, 1226, 1240, 1255, 1270, 1286]
[0, 1091, 1083, 1077, 1071, 1066, 1060, 1054, 1048, 1044, 1040, 1034, 1032, 1030, 1026, 1023, 985, 0, 653, 649, 649, 657, 0, 1016, 1016, 1018, 1021, 1023, 0, 1027, 1029, 1032, 1037, 1042, 1050, 1055, 1055, 1058, 1063, 1064, 1069, 1073, 1078, 1084, 1094, 1104, 1114, 1123, 1133, 1145, 1157, 1165, 1170, 1182, 1196, 1209, 1222, 1236, 1251, 1266, 1281]
[0, 1129, 1121, 1114, 1106, 1099, 1093, 1086, 1082, 1077, 1073, 1069, 1065, 1063, 1059, 1056, 985, 0, 653, 648, 649, 657, 0, 1016, 1016, 1018, 1022, 1025, 0, 1031, 1029, 1031, 1036, 1042, 1048, 1052, 1055, 1060, 1063, 1065, 1072, 1079, 1083, 1090, 1101, 1108, 1118, 1129, 1140, 1152, 1161, 1168, 1172, 1184, 1198, 1211, 1227, 1243, 1257, 1274, 1290]
[0, 1137, 1130, 1123, 1116, 1110, 1103, 1095, 1089, 1085, 1081, 1078, 1075, 1063, 1068, 1056, 985, 0, 650, 647, 652, 657, 0, 1056, 1057, 1060, 1063, 0, 1065, 1068, 1070, 1031, 1073, 1077, 1080, 1084, 1090, 1097, 1104, 1107, 1112, 1117, 1123, 1131, 1138, 1146, 1156, 1164, 1171, 1180, 1192, 1204, 1214, 1225, 1237, 1249, 1260, 1270, 1281, 1293, 1308]
[0, 1137, 1130, 1122, 1115, 1109, 1102, 1096, 1089, 1084, 1081, 1078, 1075, 1074, 1071, 1068, 0, 657, 650, 649, 647, 652, 0, 1056, 0, 1070, 1070, 0, 1073, 1075, 1079, 1081, 1084, 1091, 1099, 1102, 1106, 1109, 1112, 1119, 1125, 1131, 1138, 1147, 1155, 1163, 1171, 1177, 1186, 1198, 1210, 1219, 1226, 1233, 1243, 1253, 1264, 1275, 1286, 1298, 1313]
[0, 1140, 1132, 1124, 1116, 1112, 1105, 1097, 1091, 1086, 1082, 1079, 1076, 1072, 1069, 1068, 0, 0, 651, 648, 652, 661, 0, 1056, 0, 1070, 1069, 1072, 0, 1075, 1079, 1081, 1084, 1091, 1100, 1103, 1106, 1110, 1115, 1121, 1126, 1131, 1137, 1147, 1155, 1162, 1169, 1178, 1187, 1198, 1210, 1221, 1227, 1233, 1244, 1254, 1264, 1276, 1288, 1298, 1315]
[0, 1177, 1169, 1163, 1158, 1153, 1147, 1141, 1135, 1129, 1127, 1123, 1118, 1072, 1116, 1113, 0, 0, 657, 649, 648, 653, 0, 1073, 0, 1070, 1071, 0, 1074, 1076, 1079, 1083, 1086, 1090, 1096, 1103, 1106, 1110, 1113, 1118, 1125, 1130, 1136, 1143, 1151, 1161, 1168, 1176, 1185, 1194, 1205, 1217, 1224, 1230, 1240, 1252, 1263, 1273, 1283, 1295, 1309]
[0, 1188, 1180, 1172, 1166, 1162, 1158, 1152, 1145, 1137, 1132, 1130, 1126, 1122, 1121, 1118, 0, 0, 651, 648, 651, 661, 0, 1073, 0, 1111, 1115, 1118, 0, 1122, 1125, 1129, 1132, 1135, 1137, 1140, 1141, 1144, 1145, 1146, 1149, 1153, 1158, 1160, 1165, 1173, 1179, 1185, 1191, 1196, 1207, 1216, 1224, 1234, 1244, 1254, 1263, 1275, 1283, 1287, 1296]
[0, 1213, 1205, 1196, 1188, 1179, 1172, 1169, 1164, 1159, 1156, 1153, 1148, 1146, 1144, 1141, 0, 0, 653, 648, 649, 656, 0, 1116, 1117, 1111, 1116, 1118, 0, 1124, 1125, 1129, 1135, 1136, 1137, 1139, 1142, 1142, 1142, 1143, 1147, 1152, 1155, 1159, 1163, 1170, 1177, 1183, 1189, 1195, 1203, 1212, 1222, 1231, 1240, 1251, 1261, 1271, 1282, 1292, 1303]
[0, 1212, 1204, 1193, 1186, 1180, 1173, 1168, 1163, 1160, 1157, 1153, 1150, 1147, 1143, 1140, 0, 0, 651, 647, 650, 659, 0, 1134, 1134, 1135, 1136, 1135, 0, 1134, 1131, 1131, 1135, 1133, 1134, 1139, 1135, 1138, 1141, 1145, 1148, 1151, 1155, 1158, 1161, 1167, 1174, 1181, 1188, 1195, 1200, 1207, 1219, 1228, 1238, 1249, 1259, 1269, 1280, 1290, 1305]
[0, 1212, 1204, 1193, 1185, 1178, 1173, 1168, 1163, 1160, 1157, 1152, 1150, 1147, 1143, 1140, 0, 0, 650, 647, 650, 659, 0, 1133, 1134, 1135, 1138, 1137, 0, 1134, 1131, 1132, 1133, 1134, 1136, 1136, 1135, 1139, 1142, 1145, 1149, 1152, 1155, 1159, 1163, 1168, 1175, 1182, 1189, 1195, 1203, 1212, 1220, 1229, 1239, 1249, 1259, 1271, 1280, 1291, 1303]
[0, 1225, 1220, 1212, 1203, 1194, 1173, 1186, 1178, 1160, 1175, 1171, 1169, 1166, 1162, 1159, 0, 0, 653, 646, 648, 654, 0, 1133, 1134, 1135, 1137, 1137, 0, 1134, 1131, 1130, 1133, 1134, 1136, 1135, 1135, 1139, 1142, 1144, 1148, 1152, 1155, 1159, 1162, 1168, 1175, 1182, 1188, 1195, 1203, 1210, 1219, 1230, 1239, 1248, 1258, 1269, 1279, 1290, 1305]
[0, 1226, 1220, 1212, 1203, 1195, 1173, 1187, 1181, 1178, 1175, 1171, 1169, 1167, 1163, 1160, 0, 0, 654, 647, 648, 654, 0, 0, 1137, 1135, 1133, 1132, 0, 1131, 1131, 1132, 1133, 1132, 1133, 1137, 1140, 1141, 1143, 1147, 1151, 1154, 1157, 1161, 1165, 1172, 1178, 1183, 1190, 1196, 1205, 1214, 1224, 1230, 1234, 1252, 1258, 1264, 1273, 1284, 1295]
[0, 1258, 1252, 1245, 1239, 1195, 1232, 1224, 1217, 1215, 1211, 1198, 1186, 1179, 1174, 1169, 0, 0, 653, 647, 647, 653, 0, 1142, 1136, 1135, 1133, 1132, 0, 1132, 1132, 1132, 1131, 1131, 1133, 1136, 1139, 1141, 1144, 1148, 1151, 1153, 1157, 1160, 1166, 1172, 1177, 1183, 1192, 1196, 1205, 1214, 1214, 1223, 1233, 1243, 1252, 1263, 1273, 1282, 1294]
[0, 1260, 1253, 1247, 1242, 1234, 1226, 1220, 1214, 1208, 1200, 1189, 1181, 1177, 1171, 1165, 0, 0, 649, 647, 650, 661, 0, 0, 1137, 1137, 1135, 1132, 0, 1131, 1129, 1130, 1132, 1134, 1137, 1137, 1138, 1140, 1142, 1146, 1149, 1153, 1156, 1159, 1165, 1172, 1176, 1183, 1190, 1194, 1202, 1210, 1220, 1230, 1238, 1247, 1260, 1270, 1279, 1290, 1304]
[0, 1288, 1278, 1268, 1257, 1246, 1238, 1229, 1218, 1210, 1201, 1193, 1187, 1179, 1172, 1167, 0, 0, 653, 646, 647, 653, 0, 0, 1135, 1136, 1135, 1135, 0, 1133, 1131, 1131, 1132, 1133, 1136, 1136, 1136, 1138, 1141, 1144, 1147, 1151, 1155, 1157, 1161, 1168, 1175, 1181, 1186, 1193, 1200, 1205, 1214, 1225, 1235, 1243, 1253, 1263, 1274, 1283, 1295]
[0, 1285, 1275, 1265, 1254, 1243, 1233, 1223, 1213, 1206, 1199, 1190, 1182, 1176, 1171, 1165, 0, 0, 650, 646, 649, 658, 0, 1139, 1135, 1134, 1133, 1132, 0, 1131, 1130, 1131, 1132, 1132, 1132, 1134, 1137, 1139, 1141, 1145, 1146, 1148, 1153, 1158, 1162, 1166, 1172, 1178, 1186, 1194, 1201, 1208, 1216, 1227, 1238, 1246, 1255, 1266, 1276, 1287, 1300]
[0, 1278, 1268, 1265, 1257, 1245, 1233, 1225, 1216, 1207, 1198, 1191, 1185, 1179, 1174, 1168, 0, 0, 654, 647, 646, 651, 0, 1137, 1135, 1132, 1130, 1129, 0, 1129, 1130, 1130, 1132, 1134, 1134, 1134, 1135, 1138, 1140, 1145, 1142, 1151, 1156, 1159, 1161, 1168, 1176, 1182, 1191, 1197, 1202, 1208, 1217, 1228, 1238, 1246, 1257, 1267, 1277, 1288, 1301]
[0, 1284, 1274, 1263, 1252, 1240, 1232, 1223, 1213, 1206, 1197, 1188, 1181, 1175, 1171, 1166, 0, 0, 650, 647, 647, 654, 0, 0, 1136, 1133, 1132, 1130, 0, 1130, 1129, 1130, 1130, 1131, 1134, 1134, 1135, 1137, 1139, 1142, 1146, 1148, 1150, 1152, 1158, 1164, 1172, 1178, 1185, 1194, 1201, 1207, 1216, 1225, 1235, 1245, 1255, 1265, 1273, 1284, 1297]
[0, 1287, 1277, 1268, 1256, 1246, 1236, 1226, 1217, 1209, 1200, 1191, 1185, 1179, 1172, 1167, 0, 0, 652, 646, 645, 652, 0, 1136, 1134, 1131, 1130, 1129, 0, 1129, 1129, 1129, 1131, 1131, 1132, 1134, 1135, 1138, 1140, 1142, 1142, 1149, 1150, 1158, 1161, 1164, 1166, 1173, 1181, 1190, 1195, 1201, 1211, 1220, 1228, 1240, 1248, 1257, 1267, 1277, 1291]
[0, 1284, 1274, 1263, 1252, 1240, 1232, 1222, 1213, 1204, 1196, 1188, 1181, 1175, 1169, 1164, 0, 0, 650, 645, 647, 655, 0, 1139, 1134, 1133, 1132, 1131, 0, 1130, 1130, 1130, 1131, 1131, 1132, 1133, 1136, 1138, 1140, 1144, 1145, 1148, 1152, 1157, 1160, 1165, 1172, 1178, 1185, 1193, 1200, 1208, 1217, 1225, 1235, 1244, 1253, 1265, 1275, 1282, 1295]
[0, 1280, 1271, 1259, 1247, 1238, 1229, 1218, 1209, 1201, 1192, 1185, 1179, 1173, 1166, 1164, 0, 0, 0, 649, 651, 665, 0, 1136, 1133, 1133, 1132, 1129, 1128, 1127, 1127, 1129, 1130, 1130, 1131, 1133, 1135, 1138, 1140, 1142, 1145, 1148, 1153, 1159, 1163, 1166, 1173, 1181, 1186, 1193, 1202, 1208, 1217, 1227, 1236, 1246, 1256, 1266, 1276, 1288, 1301]
[0, 1284, 1273, 1262, 1251, 1241, 1232, 1222, 1212, 1204, 1195, 1187, 1180, 1175, 1169, 1161, 0, 0, 650, 646, 648, 655, 0, 0, 1134, 1133, 1132, 1130, 0, 1127, 1127, 1128, 1130, 1130, 1129, 1130, 1133, 1136, 1138, 1140, 1144, 1146, 1152, 1155, 1157, 1165, 1172, 1176, 1181, 1187, 1194, 1203, 1209, 1218, 1229, 1240, 1250, 1261, 1273, 1281, 1293]
[0, 1279, 1268, 1256, 1246, 1235, 1226, 1218, 1209, 1204, 1193, 1187, 1185, 1178, 1171, 1165, 0, 0, 0, 648, 646, 649, 0, 1134, 1134, 1131, 1127, 1127, 1128, 1126, 1126, 1128, 1129, 1130, 1131, 1132, 1134, 1137, 1139, 1141, 1144, 1148, 1151, 1154, 1159, 1165, 1172, 1178, 1184, 1190, 1197, 1206, 1214, 1224, 1235, 1243, 1253, 1266, 1276, 1288, 1298]
[0, 1282, 1269, 1258, 1247, 1236, 1226, 1219, 1210, 1200, 1195, 1187, 1180, 1175, 1170, 1162, 0, 0, 649, 646, 648, 655, 0, 0, 1134, 1132, 1132, 1129, 0, 1127, 1127, 1126, 1128, 1129, 1129, 1130, 1131, 1134, 1137, 1138, 1142, 1145, 1148, 1153, 1156, 1159, 1165, 1174, 1181, 1187, 1195, 1201, 1210, 1220, 1227, 1238, 1249, 1259, 1270, 1277, 1291]
[0, 1284, 1272, 1261, 1252, 1241, 1231, 1222, 1212, 1202, 1194, 1187, 1181, 1175, 1169, 1162, 0, 0, 649, 645, 647, 654, 0, 1135, 1132, 1130, 1127, 1127, 0, 1126, 1126, 1127, 1129, 1130, 1130, 1131, 1133, 1136, 1139, 1141, 1144, 1147, 1152, 1156, 1159, 1165, 1172, 1178, 1183, 1190, 1196, 1205, 1214, 1223, 1235, 1243, 1253, 1266, 1277, 1289, 1304]
[0, 1283, 1271, 1261, 1251, 1240, 1231, 1221, 1211, 1202, 1194, 1187, 1180, 1174, 1168, 1161, 0, 0, 649, 645, 647, 655, 0, 1134, 1133, 1131, 1128, 1127, 0, 1127, 1127, 1127, 1128, 1129, 1129, 1130, 1132, 1135, 1138, 1140, 1143, 1147, 1150, 1154, 1159, 1164, 1171, 1177, 1183, 1192, 1198, 1205, 1214, 1223, 1235, 1242, 1251, 1264, 1277, 1288, 1303]
[0, 1279, 1269, 1258, 1247, 1237, 1226, 1218, 1209, 1199, 1191, 1184, 1179, 1172, 1164, 1159, 0, 0, 648, 645, 647, 655, 0, 1135, 1132, 1129, 1127, 1127, 0, 1125, 1126, 1127, 1127, 1129, 1130, 1131, 1134, 1135, 1137, 1141, 1144, 1147, 1150, 1154, 1159, 1165, 1172, 1177, 1183, 1190, 1198, 1207, 1214, 1223, 1235, 1246, 1260, 1274, 1287, 1300, 1316]
[0, 1277, 1265, 1256, 1246, 1235, 1226, 1218, 1206, 1197, 1191, 1185, 1179, 1172, 1164, 1162, 0, 0, 648, 645, 647, 659, 0, 1134, 1131, 1128, 1127, 1124, 0, 1125, 1125, 1126, 1125, 1127, 1130, 1131, 1134, 1132, 1134, 1138, 1141, 1143, 1148, 1151, 1155, 1160, 1166, 1173, 1179, 1185, 1193, 1204, 1215, 1223, 1234, 1247, 1257, 1268, 1280, 1295, 1310]
[0, 1279, 1269, 1257, 1246, 1236, 1226, 1218, 1209, 1199, 1191, 1184, 1179, 1172, 1164, 1159, 0, 0, 648, 645, 647, 655, 0, 0, 1133, 1132, 1130, 1128, 0, 1126, 1126, 1126, 1125, 1127, 1128, 1130, 1131, 1134, 1137, 1138, 1141, 1144, 1148, 1151, 1155, 1159, 1165, 1173, 1179, 1185, 1195, 1206, 1215, 1223, 1234, 1249, 1262, 1270, 1280, 1295, 1308]
[0, 1279, 1267, 1256, 1246, 1235, 1225, 1217, 1207, 1199, 1191, 1185, 1179, 1171, 1163, 1158, 0, 0, 648, 645, 647, 655, 0, 1135, 1131, 1128, 1126, 1126, 0, 1125, 1126, 1126, 1125, 1128, 1128, 1130, 1131, 1132, 1137, 1138, 1140, 1143, 1148, 1150, 1154, 1160, 1165, 1173, 1179, 1185, 1193, 1203, 1214, 1223, 1235, 1247, 1257, 1280, 1280, 1294, 1309]
[0, 1284, 1274, 1262, 1250, 1238, 1229, 1220, 1210, 1202, 1196, 1188, 1180, 1175, 1166, 1160, 0, 0, 652, 646, 646, 650, 0, 1133, 1131, 1128, 1126, 1126, 0, 1125, 1126, 1125, 1127, 1128, 1129, 1130, 1135, 1146, 1137, 1151, 1140, 1157, 1165, 1150, 1170, 1174, 1181, 1190, 1194, 1209, 1216, 1203, 1234, 1244, 1251, 1258, 1257, 1280, 1294, 1305, 1317]
[0, 1278, 1268, 1257, 1245, 1235, 1226, 1217, 1210, 1201, 1192, 1185, 1179, 1170, 1162, 1158, 0, 0, 649, 645, 647, 654, 0, 0, 1129, 1129, 1129, 1126, 0, 1126, 1128, 1126, 1128, 1132, 1133, 1134, 1139, 1144, 1148, 1152, 1155, 1159, 1164, 1168, 1174, 1179, 1185, 1192, 1198, 1205, 1212, 1221, 1230, 1239, 1248, 1256, 1265, 1275, 1287, 1301, 1310]
[0, 1277, 1268, 1257, 1248, 1239, 1228, 1218, 1210, 1202, 1194, 1187, 1180, 1174, 1168, 1165, 0, 0, 650, 645, 644, 650, 0, 1146, 1144, 1142, 1140, 1140, 0, 1136, 1136, 1136, 1139, 1141, 1142, 1142, 1144, 1147, 1150, 1153, 1155, 1161, 1167, 1170, 1175, 1180, 1188, 1193, 1200, 1208, 1213, 1221, 1230, 1241, 1251, 1257, 1264, 1275, 1288, 1301, 1316]
[0, 1280, 1270, 1257, 1247, 1239, 1227, 1218, 1210, 1201, 1193, 1186, 1180, 1176, 1170, 1166, 0, 0, 650, 645, 644, 649, 0, 1149, 1144, 1143, 1141, 1140, 0, 1139, 1140, 1140, 1137, 1138, 1142, 1143, 1144, 1147, 1149, 1153, 1158, 1162, 1164, 1169, 1174, 1180, 1187, 1192, 1200, 1206, 1212, 1220, 1229, 1239, 1248, 1256, 1265, 1277, 1289, 1301, 1312]
[0, 1277, 1267, 1257, 1247, 1238, 1227, 1218, 1209, 1201, 1193, 1186, 1180, 1174, 1169, 1166, 0, 0, 649, 645, 644, 650, 0, 0, 1143, 1143, 1141, 1140, 0, 1137, 1137, 1138, 1140, 1142, 1142, 1142, 1143, 1144, 1148, 1152, 1156, 1164, 1167, 1168, 1174, 1179, 1185, 1192, 1198, 1205, 1212, 1218, 1227, 1238, 1247, 1255, 1265, 1274, 1287, 1300, 1310]
[0, 1277, 1272, 1265, 1247, 1247, 1227, 1239, 1232, 1222, 1214, 1205, 1198, 1193, 1187, 1181, 0, 0, 0, 646, 645, 649, 0, 1149, 1144, 1143, 1141, 0, 1138, 1138, 1140, 1140, 1138, 1139, 1142, 1143, 1145, 1147, 1149, 1152, 1158, 1162, 1164, 1168, 1174, 1180, 1186, 1193, 1200, 1206, 1211, 1219, 1229, 1239, 1248, 1257, 1266, 1276, 1286, 1298, 1312]
[0, 1284, 1278, 1269, 1259, 1252, 1243, 1232, 1226, 1218, 1211, 1205, 1198, 1189, 1182, 1178, 0, 0, 649, 645, 647, 653, 0, 0, 1145, 1143, 1142, 1139, 0, 1138, 1137, 1139, 1139, 1139, 1140, 1142, 1142, 1144, 1148, 1151, 1153, 1159, 1163, 1164, 1170, 1177, 1183, 1187, 1193, 1202, 1208, 1214, 1223, 1233, 1243, 1252, 1261, 1269, 1281, 1296, 1308]
[0, 1293, 1282, 1268, 1258, 1248, 1239, 1232, 1223, 1214, 1208, 1205, 1192, 1189, 1189, 1176, 0, 0, 648, 645, 648, 653, 658, 1147, 1144, 1144, 1142, 1140, 0, 1137, 1139, 1139, 1140, 1141, 1141, 1142, 1144, 1147, 1149, 1152, 1157, 1161, 1163, 1166, 1172, 1180, 1185, 1191, 1200, 1207, 1212, 1220, 1229, 1240, 1249, 1256, 1265, 1276, 1287, 1299, 1314]
[0, 1296, 1283, 1270, 1259, 1251, 1242, 1233, 1219, 1211, 1210, 1204, 1197, 1189, 1182, 1177, 0, 0, 649, 645, 647, 653, 658, 0, 1146, 1143, 1141, 1139, 0, 1139, 1139, 1138, 1138, 1140, 1141, 1141, 1143, 1144, 1146, 1149, 1153, 1156, 1159, 1165, 1169, 1176, 1184, 1189, 1194, 1200, 1207, 1214, 1223, 1233, 1243, 1251, 1257, 1267, 1279, 1293, 1305]
[0, 1293, 1282, 1268, 1259, 1249, 1240, 1232, 1222, 1213, 1207, 1204, 1200, 1186, 1182, 1179, 1177, 0, 0, 647, 645, 659, 0, 1147, 1145, 1143, 1141, 1140, 1138, 1136, 1138, 1139, 1136, 1137, 1141, 1143, 1144, 1146, 1149, 1152, 1157, 1163, 1166, 1167, 1172, 1181, 1186, 1191, 1199, 1207, 1213, 1220, 1229, 1240, 1250, 1256, 1264, 1277, 1290, 1301, 1315]
[0, 1296, 1285, 1273, 1260, 1252, 1243, 1233, 1225, 1217, 1210, 1204, 1197, 1189, 1183, 1177, 1177, 0, 649, 645, 647, 653, 0, 0, 1145, 1143, 1141, 1138, 0, 1138, 1137, 1138, 1139, 1139, 1140, 1142, 1144, 1145, 1147, 1150, 1153, 1156, 1159, 1164, 1170, 1175, 1180, 1187, 1193, 1200, 1206, 1214, 1223, 1233, 1243, 1252, 1260, 1268, 1281, 1295, 1307]
[0, 1303, 1289, 1276, 1265, 1256, 1247, 1238, 1230, 1221, 1213, 1204, 1197, 1189, 1184, 1179, 1177, 0, 652, 646, 645, 650, 0, 1147, 1145, 1143, 1142, 1141, 0, 1138, 1137, 1137, 1137, 1139, 1141, 1143, 1144, 1146, 1148, 1152, 1154, 1156, 1156, 1169, 1173, 1180, 1186, 1187, 1199, 1207, 1212, 1214, 1230, 1233, 1250, 1257, 1265, 1277, 1292, 1303, 1316]
[0, 1292, 1280, 1268, 1258, 1248, 1247, 1232, 1230, 1221, 1213, 1207, 1201, 1193, 1187, 1180, 1181, 0, 0, 647, 645, 648, 659, 0, 1139, 1138, 1141, 1140, 1139, 1136, 1137, 1139, 1140, 1141, 1142, 1142, 1144, 1146, 1148, 1151, 1156, 1161, 1163, 1167, 1173, 1178, 1184, 1191, 1194, 1199, 1209, 1219, 1229, 1238, 1247, 1256, 1265, 1274, 1285, 1298, 1312]
[0, 1295, 1282, 1270, 1260, 1251, 1242, 1232, 1223, 1215, 1208, 1199, 1194, 1190, 1184, 1179, 1181, 0, 654, 650, 652, 665, 659, 0, 1145, 1142, 1141, 1139, 0, 1138, 1137, 1137, 1139, 1139, 1140, 1142, 1143, 1144, 1147, 1150, 1153, 1156, 1160, 1164, 1170, 1175, 1179, 1187, 1194, 1202, 1208, 1214, 1223, 1232, 1242, 1252, 1260, 1269, 1281, 1295, 1308]
[0, 1301, 1287, 1276, 1265, 1256, 1246, 1237, 1230, 1222, 1213, 1205, 1197, 1194, 1189, 1180, 1173, 0, 0, 653, 651, 655, 0, 1146, 1143, 1142, 1141, 1141, 0, 1139, 1139, 1138, 1136, 1138, 1140, 1140, 1143, 1144, 1146, 1149, 1152, 1156, 1159, 1164, 1169, 1171, 1179, 1186, 1191, 1199, 1206, 1214, 1222, 1232, 1242, 1250, 1257, 1267, 1279, 1292, 1304]
[0, 1295, 1282, 1269, 1259, 1251, 1242, 1232, 1224, 1215, 1208, 1200, 1195, 1190, 1184, 1178, 1173, 0, 655, 651, 653, 655, 0, 1149, 1143, 1142, 1139, 0, 0, 1137, 1137, 1135, 1136, 1139, 1140, 1142, 1143, 1144, 1147, 1149, 1152, 1155, 1159, 1164, 1170, 1177, 1182, 1189, 1196, 1201, 1207, 1214, 1223, 1232, 1242, 1252, 1260, 1269, 1281, 1294, 1307]
