[0, 0, 0, 0, 0, 0, 0, 0, 0, 0, 0, 0, 0, 0, 0, 0, 0, 0, 0, 0, 0, 0, 0, 0, 0, 0, 0, 0, 0, 0, 0, 0, 0, 0, 0, 0, 0, 0, 0, 0, 0, 0, 0, 0, 0, 0, 0, 0, 0, 0, 0, 0, 0, 0, 0, 0, 0, 0, 0, 0, 0]
[0, 517, 513, 509, 506, 504, 499, 497, 496, 493, 490, 487, 485, 484, 482, 480, 479, 477, 476, 475, 473, 473, 471, 471, 471, 471, 471, 471, 470, 471, 471, 471, 473, 474, 473, 475, 475, 476, 478, 480, 481, 482, 484, 486, 488, 492, 495, 498, 502, 506, 510, 515, 519, 521, 526, 532, 537, 543, 549, 555, 562]
[0, 518, 514, 510, 507, 503, 499, 496, 496, 494, 491, 487, 485, 484, 482, 480, 479, 477, 476, 475, 473, 472, 471, 470, 470, 471, 470, 471, 470, 471, 470, 471, 471, 473, 474, 474, 475, 477, 479, 481, 482, 483, 485, 487, 490, 493, 496, 499, 504, 507, 511, 515, 515, 519, 529, 535, 537, 541, 546, 553, 557]
[0, 518, 516, 512, 509, 505, 501, 498, 495, 493, 490, 487, 485, 483, 482, 481, 479, 477, 476, 475, 474, 473, 472, 472, 470, 469, 469, 471, 470, 470, 471, 471, 471, 473, 474, 474, 475, 477, 478, 480, 481, 483, 485, 487, 490, 492, 495, 498, 502, 506, 510, 514, 519, 523, 529, 534, 538, 544, 551, 557, 562]
[0, 518, 514, 510, 506, 503, 501, 499, 494, 493, 491, 488, 485, 484, 482, 481, 479, 477, 476, 475, 474, 473, 472, 471, 471, 470, 470, 470, 470, 471, 471, 471, 473, 473, 474, 475, 477, 478, 478, 481, 483, 483, 485, 485, 487, 494, 495, 496, 499, 504, 508, 511, 516, 520, 525, 530, 535, 540, 547, 554, 560]
[0, 519, 515, 512, 508, 504, 501, 498, 495, 492, 489, 486, 483, 484, 481, 479, 479, 478, 477, 475, 474, 473, 472, 471, 470, 469, 468, 470, 470, 471, 471, 471, 472, 473, 474, 474, 475, 477, 479, 480, 482, 484, 485, 487, 490, 493, 495, 499, 504, 507, 511, 514, 519, 524, 525, 534, 535, 540, 546, 553, 564]
[0, 518, 514, 510, 507, 503, 500, 497, 494, 491, 489, 486, 483, 484, 482, 480, 479, 477, 476, 475, 474, 472, 471, 470, 471, 471, 471, 471, 471, 471, 471, 471, 473, 473, 474, 475, 476, 478, 479, 480, 481, 483, 484, 486, 489, 491, 495, 498, 501, 506, 510, 514, 517, 521, 527, 532, 538, 542, 548, 554, 561]
[0, 519, 515, 510, 507, 506, 504, 501, 498, 494, 490, 488, 486, 485, 485, 482, 480, 478, 476, 474, 474, 474, 474, 473, 470, 470, 470, 470, 470, 471, 470, 471, 473, 474, 474, 474, 475, 477, 478, 480, 481, 483, 485, 486, 489, 492, 495, 499, 502, 506, 510, 515, 519, 523, 529, 534, 538, 544, 551, 557, 562]
[0, 523, 518, 515, 512, 508, 505, 501, 498, 494, 496, 494, 491, 490, 488, 486, 484, 483, 481, 480, 479, 478, 477, 473, 472, 470, 472, 471, 471, 473, 473, 474, 475, 474, 475, 477, 478, 479, 480, 483, 485, 486, 488, 486, 491, 496, 495, 499, 502, 505, 510, 515, 518, 523, 528, 533, 538, 544, 550, 556, 562]
[0, 523, 519, 515, 512, 509, 505, 502, 498, 497, 496, 495, 491, 490, 489, 486, 485, 484, 482, 480, 479, 478, 478, 477, 476, 470, 476, 476, 471, 476, 477, 477, 478, 479, 479, 480, 482, 483, 484, 486, 487, 489, 492, 494, 497, 500, 503, 507, 510, 514, 510, 523, 528, 532, 537, 533, 548, 554, 560, 556, 566]
[0, 523, 517, 515, 513, 510, 507, 504, 501, 498, 495, 493, 490, 489, 487, 485, 483, 484, 482, 481, 480, 479, 478, 478, 477, 476, 476, 476, 471, 477, 477, 477, 478, 479, 480, 481, 482, 483, 484, 486, 487, 489, 492, 495, 497, 499, 503, 507, 510, 513, 518, 523, 528, 532, 537, 542, 548, 554, 559, 566, 573]
[0, 523, 519, 515, 512, 508, 507, 505, 502, 499, 496, 494, 491, 489, 488, 486, 484, 483, 482, 481, 480, 479, 477, 478, 477, 476, 476, 476, 477, 477, 477, 478, 479, 480, 481, 482, 482, 482, 484, 485, 487, 489, 494, 495, 496, 499, 502, 505, 508, 512, 517, 521, 525, 529, 535, 541, 545, 551, 557, 563, 570]
[0, 527, 523, 520, 516, 512, 508, 505, 502, 499, 496, 494, 495, 492, 489, 486, 488, 486, 484, 483, 482, 481, 481, 480, 476, 476, 477, 476, 476, 477, 478, 477, 478, 479, 479, 480, 482, 483, 485, 487, 487, 490, 492, 494, 497, 500, 503, 507, 511, 514, 518, 523, 528, 532, 537, 543, 548, 551, 560, 567, 574]
[0, 524, 523, 516, 516, 513, 510, 507, 504, 501, 498, 496, 494, 492, 491, 488, 486, 485, 483, 483, 482, 481, 481, 480, 479, 479, 479, 479, 480, 480, 480, 477, 481, 482, 483, 480, 485, 486, 487, 488, 491, 493, 495, 494, 498, 502, 506, 510, 513, 517, 521, 525, 530, 535, 540, 545, 551, 556, 562, 569, 576]
[0, 527, 524, 521, 517, 513, 510, 510, 507, 504, 502, 499, 497, 496, 494, 492, 490, 488, 487, 486, 485, 484, 484, 480, 479, 479, 479, 480, 480, 480, 480, 481, 481, 482, 482, 483, 485, 487, 488, 490, 492, 495, 495, 494, 498, 504, 506, 511, 515, 519, 521, 523, 528, 533, 537, 543, 548, 554, 559, 565, 572]
[0, 527, 523, 521, 517, 513, 513, 510, 507, 504, 502, 499, 497, 496, 494, 492, 490, 488, 487, 486, 485, 484, 484, 480, 484, 483, 483, 482, 483, 484, 483, 484, 484, 485, 486, 487, 489, 490, 493, 494, 496, 495, 494, 494, 494, 504, 511, 515, 519, 519, 523, 527, 537, 542, 547, 543, 553, 558, 564, 571, 578]
[0, 527, 523, 520, 517, 513, 510, 510, 507, 504, 502, 499, 497, 496, 494, 492, 490, 488, 487, 486, 485, 484, 484, 480, 483, 483, 483, 482, 483, 484, 483, 484, 485, 485, 486, 487, 489, 491, 493, 494, 496, 494, 494, 494, 494, 504, 511, 515, 519, 519, 523, 532, 537, 542, 547, 547, 553, 558, 564, 571, 578]
[0, 530, 526, 523, 519, 516, 512, 509, 507, 503, 501, 499, 497, 495, 494, 492, 490, 488, 488, 486, 486, 485, 485, 484, 483, 483, 483, 482, 483, 484, 483, 484, 485, 485, 486, 487, 489, 491, 492, 494, 497, 494, 489, 494, 495, 505, 511, 515, 0, 523, 527, 532, 537, 537, 542, 547, 553, 558, 564, 571, 579]
[0, 527, 523, 520, 517, 516, 513, 510, 507, 504, 502, 499, 497, 496, 494, 492, 490, 488, 487, 486, 485, 484, 484, 484, 483, 483, 483, 483, 483, 483, 484, 484, 485, 485, 486, 487, 489, 491, 492, 493, 495, 499, 495, 489, 0, 505, 509, 513, 517, 521, 524, 530, 536, 540, 544, 548, 554, 560, 566, 573, 580]
[0, 531, 527, 524, 520, 517, 513, 510, 507, 504, 502, 500, 497, 499, 497, 496, 494, 491, 489, 488, 488, 487, 487, 486, 483, 482, 483, 482, 483, 484, 483, 484, 484, 485, 486, 487, 489, 490, 492, 494, 497, 499, 495, 489, 0, 504, 512, 515, 519, 523, 527, 532, 536, 541, 547, 548, 553, 564, 571, 578, 585]
[0, 531, 527, 524, 523, 519, 515, 512, 510, 507, 504, 502, 500, 499, 497, 497, 495, 492, 491, 488, 490, 489, 487, 487, 486, 485, 485, 485, 486, 486, 487, 488, 489, 490, 486, 493, 489, 494, 495, 497, 500, 497, 488, 489, 0, 0, 513, 518, 522, 526, 531, 536, 541, 546, 551, 556, 561, 567, 574, 581, 588]
[0, 539, 535, 530, 527, 524, 515, 517, 510, 515, 512, 510, 508, 506, 504, 502, 501, 500, 497, 496, 496, 495, 495, 487, 487, 486, 486, 486, 486, 487, 487, 488, 489, 490, 491, 492, 494, 495, 497, 499, 500, 495, 489, 489, 0, 0, 518, 521, 525, 0, 533, 538, 541, 544, 549, 554, 559, 565, 572, 579, 586]
[0, 538, 535, 530, 527, 524, 521, 517, 515, 515, 512, 510, 508, 507, 504, 503, 502, 500, 498, 497, 496, 495, 495, 487, 494, 494, 493, 494, 486, 495, 487, 495, 496, 497, 498, 500, 501, 502, 504, 508, 0, 490, 488, 489, 0, 0, 522, 528, 532, 536, 541, 545, 550, 556, 561, 567, 572, 579, 586, 593, 600]
[0, 544, 535, 541, 537, 533, 530, 527, 524, 521, 518, 516, 514, 512, 511, 509, 508, 507, 498, 505, 503, 502, 502, 502, 494, 494, 494, 495, 495, 495, 496, 128, 497, 498, 499, 500, 502, 503, 505, 510, 0, 0, 488, 489, 0, 0, 0, 530, 534, 538, 542, 547, 553, 558, 562, 568, 575, 581, 588, 595, 603]
[0, 544, 535, 541, 537, 533, 530, 527, 524, 521, 518, 516, 514, 512, 511, 509, 508, 507, 498, 505, 503, 502, 502, 502, 501, 501, 501, 501, 501, 501, 502, 504, 504, 504, 499, 500, 509, 510, 16383, 510, 0, 0, 488, 489, 0, 15183, 0, 530, 534, 538, 542, 547, 553, 558, 562, 568, 575, 581, 588, 595, 603]
[0, 544, 535, 541, 537, 533, 530, 527, 524, 521, 518, 516, 514, 512, 511, 509, 508, 507, 498, 505, 503, 502, 502, 502, 501, 501, 501, 501, 501, 501, 502, 504, 504, 504, 499, 500, 509, 510, 16383, 510, 0, 0, 488, 489, 0, 15183, 0, 530, 534, 538, 542, 547, 553, 558, 562, 568, 575, 581, 588, 595, 603]
[0, 544, 535, 541, 537, 533, 530, 527, 524, 521, 518, 516, 514, 512, 511, 509, 508, 507, 498, 505, 503, 502, 502, 502, 501, 501, 501, 501, 501, 501, 502, 504, 504, 504, 499, 500, 509, 510, 16383, 510, 0, 0, 488, 489, 0, 15183, 0, 530, 534, 538, 542, 547, 553, 558, 562, 568, 575, 581, 588, 595, 603]
[0, 544, 535, 541, 537, 533, 530, 527, 524, 521, 518, 516, 514, 512, 511, 509, 508, 507, 498, 505, 503, 502, 502, 502, 501, 501, 501, 501, 501, 501, 502, 504, 504, 504, 499, 500, 509, 510, 16383, 510, 0, 0, 488, 489, 0, 15183, 0, 530, 534, 538, 542, 547, 553, 558, 562, 568, 575, 581, 588, 595, 603]
[0, 562, 558, 555, 551, 547, 544, 542, 539, 535, 533, 516, 529, 512, 525, 509, 524, 523, 521, 521, 519, 517, 517, 517, 501, 501, 501, 501, 501, 501, 502, 504, 504, 504, 499, 500, 509, 510, 16383, 510, 0, 0, 488, 489, 0, 15183, 0, 530, 534, 538, 542, 547, 553, 558, 562, 568, 575, 581, 588, 595, 603]
[0, 568, 564, 560, 556, 553, 550, 546, 544, 542, 539, 516, 536, 533, 525, 531, 529, 528, 527, 526, 524, 523, 523, 523, 516, 516, 516, 516, 516, 517, 517, 518, 518, 520, 521, 500, 524, 510, 526, 510, 0, 0, 486, 489, 0, 0, 0, 0, 555, 558, 563, 568, 573, 579, 585, 591, 597, 604, 610, 616, 623]
[0, 572, 568, 565, 561, 557, 554, 550, 547, 545, 543, 541, 538, 536, 534, 531, 533, 530, 527, 529, 529, 528, 528, 527, 522, 522, 521, 521, 522, 523, 523, 523, 525, 526, 527, 529, 524, 532, 526, 510, 0, 0, 485, 484, 486, 0, 0, 0, 563, 567, 571, 577, 583, 589, 595, 601, 607, 614, 620, 628, 636]
[0, 576, 571, 565, 567, 564, 560, 557, 554, 551, 548, 546, 544, 542, 541, 539, 537, 536, 535, 534, 534, 533, 532, 527, 526, 526, 525, 525, 525, 526, 527, 527, 528, 529, 530, 532, 533, 535, 526, 510, 0, 0, 484, 486, 486, 0, 0, 0, 564, 568, 573, 578, 584, 590, 596, 601, 607, 614, 621, 628, 635]
[0, 580, 575, 571, 567, 563, 560, 558, 555, 551, 552, 550, 548, 546, 544, 542, 541, 539, 538, 537, 536, 535, 534, 527, 531, 531, 531, 531, 531, 531, 531, 532, 533, 534, 535, 536, 538, 541, 545, 510, 0, 483, 484, 485, 0, 0, 0, 0, 574, 579, 585, 590, 0, 601, 596, 13120, 620, 627, 634, 628, 642]
[0, 582, 577, 573, 568, 564, 561, 558, 556, 553, 551, 548, 546, 546, 543, 542, 541, 539, 538, 537, 537, 536, 536, 535, 535, 534, 534, 534, 531, 534, 535, 536, 537, 534, 539, 540, 541, 543, 545, 510, 0, 0, 484, 485, 491, 0, 0, 0, 576, 581, 586, 591, 596, 601, 607, 613, 620, 627, 635, 642, 649]
[0, 585, 577, 580, 576, 572, 568, 564, 561, 559, 557, 554, 552, 551, 549, 547, 546, 545, 543, 542, 541, 541, 541, 535, 534, 534, 534, 534, 534, 534, 535, 536, 536, 537, 539, 541, 541, 543, 545, 510, 0, 0, 482, 482, 486, 0, 0, 0, 575, 580, 584, 590, 594, 600, 607, 613, 619, 624, 632, 640, 647]
[0, 587, 583, 578, 574, 569, 566, 563, 561, 558, 557, 556, 553, 551, 549, 548, 546, 545, 544, 542, 542, 541, 541, 535, 540, 534, 540, 539, 540, 540, 540, 541, 542, 542, 544, 545, 547, 549, 555, 510, 0, 481, 482, 482, 0, 0, 0, 0, 584, 588, 594, 598, 604, 600, 616, 623, 630, 636, 643, 651, 647]
[0, 598, 593, 589, 585, 581, 577, 573, 570, 567, 564, 562, 561, 559, 558, 556, 555, 553, 551, 542, 551, 551, 550, 549, 540, 539, 540, 540, 540, 541, 541, 542, 543, 543, 544, 545, 546, 549, 550, 510, 0, 0, 481, 482, 0, 0, 0, 0, 582, 587, 591, 596, 601, 607, 612, 619, 627, 634, 641, 648, 655]
[0, 596, 592, 587, 583, 579, 576, 573, 570, 566, 564, 564, 561, 560, 558, 557, 555, 554, 553, 551, 550, 549, 549, 549, 549, 549, 549, 549, 549, 550, 550, 550, 551, 552, 554, 555, 557, 558, 550, 510, 0, 0, 482, 480, 0, 0, 0, 0, 595, 600, 0, 610, 616, 607, 621, 627, 644, 634, 650, 656, 664]
[0, 609, 605, 601, 597, 594, 576, 587, 570, 584, 581, 578, 575, 573, 571, 570, 568, 566, 565, 565, 564, 563, 563, 549, 549, 549, 549, 549, 549, 550, 550, 550, 550, 553, 554, 554, 557, 558, 559, 510, 0, 0, 481, 481, 0, 0, 0, 0, 592, 596, 601, 606, 611, 617, 623, 630, 637, 645, 651, 659, 667]
[0, 610, 606, 602, 598, 595, 591, 588, 585, 582, 579, 576, 574, 572, 570, 569, 567, 566, 566, 565, 564, 563, 563, 562, 562, 562, 562, 562, 562, 562, 550, 563, 563, 565, 566, 568, 570, 571, 573, 510, 0, 480, 478, 480, 0, 0, 0, 0, 608, 612, 616, 622, 629, 635, 642, 649, 655, 662, 670, 677, 685]
[0, 608, 606, 604, 599, 595, 592, 589, 586, 583, 580, 578, 575, 573, 571, 569, 568, 567, 565, 564, 564, 563, 563, 563, 562, 562, 562, 562, 562, 563, 563, 563, 564, 566, 568, 569, 570, 573, 573, 510, 0, 0, 478, 478, 0, 0, 0, 0, 0, 610, 615, 620, 627, 633, 640, 646, 652, 658, 667, 675, 682]
[0, 616, 613, 609, 605, 601, 597, 594, 591, 588, 585, 583, 580, 578, 577, 574, 572, 571, 570, 569, 564, 568, 567, 563, 562, 561, 561, 562, 562, 563, 563, 564, 565, 566, 567, 569, 570, 572, 573, 510, 0, 0, 480, 480, 0, 0, 0, 0, 609, 614, 619, 625, 0, 631, 638, 645, 651, 666, 667, 673, 681]
[0, 627, 622, 618, 614, 611, 607, 603, 600, 598, 595, 593, 590, 589, 587, 574, 585, 584, 583, 581, 580, 580, 580, 579, 567, 567, 566, 566, 567, 567, 567, 568, 569, 571, 573, 574, 576, 578, 573, 510, 0, 0, 479, 479, 0, 0, 0, 0, 609, 616, 625, 0, 631, 637, 644, 651, 657, 665, 672, 680, 688]
[0, 626, 621, 616, 613, 610, 607, 603, 600, 597, 594, 593, 592, 588, 587, 587, 586, 584, 583, 581, 580, 580, 579, 579, 578, 578, 578, 578, 579, 579, 580, 581, 582, 583, 585, 586, 587, 590, 573, 510, 0, 0, 478, 478, 0, 0, 0, 0, 0, 628, 634, 640, 645, 651, 657, 664, 672, 678, 685, 694, 703]
[0, 639, 633, 628, 625, 621, 617, 614, 611, 608, 606, 593, 603, 601, 599, 597, 595, 594, 594, 592, 592, 591, 591, 578, 578, 578, 577, 578, 579, 579, 581, 581, 582, 584, 585, 587, 587, 590, 573, 510, 0, 0, 477, 478, 0, 0, 0, 0, 0, 629, 635, 642, 647, 652, 658, 665, 672, 680, 689, 697, 705]
[0, 644, 633, 634, 625, 630, 626, 622, 619, 616, 613, 611, 609, 607, 605, 603, 601, 600, 599, 598, 598, 597, 596, 590, 589, 590, 590, 591, 591, 591, 592, 593, 594, 595, 585, 597, 587, 599, 602, 510, 0, 0, 477, 477, 477, 0, 0, 0, 0, 644, 649, 654, 660, 666, 673, 679, 687, 696, 703, 711, 719]
[0, 645, 641, 636, 632, 628, 623, 620, 617, 614, 612, 610, 608, 607, 605, 603, 602, 601, 600, 599, 598, 597, 596, 596, 596, 595, 595, 591, 596, 596, 597, 598, 599, 601, 602, 602, 604, 608, 615, 510, 0, 0, 477, 477, 478, 0, 0, 0, 647, 653, 658, 663, 669, 677, 683, 691, 699, 707, 715, 723, 733]
[0, 646, 641, 637, 632, 628, 624, 621, 617, 614, 612, 610, 608, 607, 605, 603, 602, 601, 600, 599, 598, 598, 597, 596, 596, 596, 595, 596, 596, 596, 598, 599, 600, 601, 602, 604, 604, 606, 608, 510, 0, 479, 477, 477, 0, 0, 0, 0, 0, 651, 657, 662, 667, 673, 680, 688, 696, 704, 711, 719, 728]
[0, 653, 649, 644, 640, 636, 624, 632, 629, 625, 622, 619, 617, 615, 613, 611, 610, 609, 608, 607, 606, 605, 605, 596, 596, 595, 595, 596, 596, 597, 599, 599, 600, 600, 602, 604, 606, 608, 608, 510, 0, 0, 477, 477, 0, 0, 0, 0, 0, 650, 655, 660, 666, 673, 679, 686, 695, 703, 710, 718, 726]
[0, 653, 648, 644, 640, 640, 635, 631, 628, 626, 623, 619, 617, 615, 613, 612, 610, 610, 608, 607, 606, 605, 605, 604, 604, 604, 603, 604, 596, 605, 599, 607, 608, 609, 611, 612, 614, 615, 618, 510, 0, 0, 478, 477, 478, 0, 0, 0, 0, 661, 667, 672, 679, 686, 694, 701, 709, 716, 724, 733, 742]
[0, 654, 649, 645, 642, 638, 633, 629, 626, 623, 621, 619, 618, 616, 614, 613, 611, 610, 609, 607, 607, 606, 605, 605, 604, 604, 604, 604, 604, 605, 606, 607, 608, 610, 611, 612, 614, 616, 622, 510, 0, 0, 478, 476, 477, 0, 0, 0, 656, 661, 667, 673, 680, 686, 694, 701, 709, 717, 724, 733, 742]
[0, 659, 654, 649, 642, 646, 643, 640, 635, 632, 630, 627, 625, 622, 619, 618, 617, 616, 615, 615, 613, 613, 612, 605, 605, 604, 604, 604, 605, 606, 607, 608, 610, 611, 612, 612, 613, 616, 618, 510, 0, 0, 477, 477, 0, 0, 0, 0, 0, 660, 665, 671, 677, 684, 691, 699, 706, 713, 721, 730, 740]
[0, 679, 673, 668, 664, 660, 657, 653, 650, 648, 645, 627, 642, 639, 636, 618, 634, 633, 631, 631, 630, 629, 628, 612, 612, 612, 612, 612, 613, 606, 614, 615, 610, 617, 619, 621, 622, 625, 628, 510, 0, 0, 477, 475, 476, 0, 0, 0, 0, 672, 677, 684, 691, 697, 705, 712, 719, 728, 737, 746, 757]
[0, 680, 675, 670, 666, 663, 658, 654, 652, 649, 647, 645, 643, 641, 638, 618, 635, 634, 633, 631, 631, 631, 629, 628, 627, 626, 627, 628, 628, 628, 629, 630, 631, 633, 635, 638, 640, 642, 628, 510, 0, 0, 473, 474, 477, 0, 0, 0, 0, 686, 697, 0, 704, 710, 716, 723, 731, 740, 750, 759, 768]
[0, 685, 680, 675, 666, 670, 666, 662, 659, 656, 653, 651, 649, 647, 646, 644, 642, 640, 639, 638, 637, 637, 636, 628, 629, 630, 629, 628, 629, 630, 631, 632, 633, 635, 637, 639, 642, 645, 628, 510, 0, 477, 475, 475, 476, 0, 0, 0, 686, 686, 700, 705, 711, 719, 725, 734, 743, 740, 761, 759, 770]
[0, 688, 682, 677, 674, 670, 666, 662, 658, 655, 653, 650, 648, 647, 645, 644, 642, 640, 638, 638, 637, 636, 636, 635, 635, 635, 635, 636, 636, 636, 631, 639, 640, 635, 642, 644, 646, 648, 650, 510, 0, 477, 477, 475, 476, 0, 0, 0, 0, 695, 701, 708, 714, 719, 727, 735, 743, 752, 762, 771, 780]
[0, 688, 698, 692, 687, 682, 678, 674, 671, 668, 665, 664, 661, 659, 657, 655, 654, 652, 650, 649, 649, 648, 648, 635, 635, 635, 635, 636, 636, 637, 636, 637, 639, 641, 644, 645, 647, 649, 652, 510, 0, 0, 475, 475, 475, 0, 0, 0, 0, 696, 703, 709, 715, 722, 729, 736, 744, 753, 762, 771, 781]
[0, 700, 694, 689, 685, 680, 677, 674, 670, 666, 665, 662, 661, 658, 657, 656, 655, 653, 651, 650, 651, 649, 648, 648, 648, 648, 648, 636, 648, 637, 649, 650, 651, 653, 654, 656, 658, 661, 664, 510, 0, 0, 475, 474, 475, 0, 0, 0, 0, 710, 715, 720, 726, 734, 743, 751, 759, 767, 776, 786, 796]
[0, 714, 709, 704, 700, 696, 692, 687, 684, 680, 677, 675, 674, 673, 670, 668, 667, 665, 663, 663, 662, 662, 648, 648, 647, 648, 648, 648, 648, 649, 650, 651, 652, 653, 655, 657, 660, 663, 664, 510, 0, 0, 474, 474, 476, 0, 0, 0, 0, 712, 717, 723, 730, 738, 747, 754, 763, 773, 781, 790, 801]
[0, 713, 708, 704, 700, 695, 691, 687, 683, 680, 677, 675, 674, 673, 671, 668, 668, 667, 665, 664, 663, 662, 662, 662, 661, 661, 661, 661, 662, 663, 663, 664, 666, 666, 668, 671, 673, 676, 684, 510, 0, 0, 474, 473, 474, 0, 0, 0, 0, 724, 731, 739, 746, 754, 761, 769, 777, 786, 795, 806, 815]
[0, 719, 715, 711, 707, 702, 698, 694, 690, 687, 684, 682, 680, 677, 675, 674, 674, 672, 670, 664, 669, 667, 662, 662, 661, 661, 662, 661, 661, 663, 664, 665, 665, 667, 669, 671, 674, 676, 684, 510, 0, 0, 474, 474, 476, 0, 0, 0, 0, 727, 733, 740, 747, 755, 763, 771, 780, 789, 799, 808, 819]
[0, 726, 720, 715, 712, 707, 704, 700, 697, 694, 690, 687, 685, 683, 681, 680, 674, 677, 670, 676, 676, 674, 673, 667, 661, 668, 668, 667, 667, 668, 669, 670, 672, 673, 675, 677, 680, 683, 690, 510, 0, 0, 474, 473, 474, 0, 0, 0, 0, 732, 739, 747, 754, 761, 769, 777, 785, 795, 804, 814, 824]
[0, 735, 730, 725, 712, 722, 718, 713, 710, 707, 705, 702, 699, 698, 696, 695, 693, 691, 690, 689, 687, 687, 686, 673, 673, 674, 674, 674, 674, 675, 676, 677, 678, 680, 682, 685, 688, 690, 690, 510, 0, 475, 472, 472, 0, 0, 0, 0, 0, 741, 748, 756, 764, 770, 778, 787, 797, 805, 815, 824, 833]
[0, 743, 730, 739, 734, 730, 726, 721, 717, 715, 713, 710, 707, 705, 704, 703, 701, 699, 697, 697, 696, 695, 695, 686, 687, 687, 687, 687, 688, 689, 690, 692, 694, 680, 696, 698, 703, 705, 690, 510, 0, 0, 474, 472, 472, 0, 0, 0, 0, 755, 761, 768, 775, 783, 792, 800, 809, 817, 826, 834, 845]
[0, 748, 743, 738, 733, 728, 723, 719, 716, 714, 711, 709, 708, 706, 704, 702, 700, 699, 698, 697, 696, 695, 694, 695, 695, 695, 695, 695, 688, 696, 697, 698, 700, 702, 704, 706, 708, 710, 714, 510, 0, 0, 472, 471, 473, 0, 0, 0, 0, 763, 770, 777, 783, 792, 801, 809, 818, 827, 836, 846, 856]
[0, 756, 751, 747, 742, 737, 733, 729, 725, 722, 718, 716, 715, 713, 711, 709, 707, 707, 706, 705, 704, 704, 704, 695, 695, 695, 696, 695, 696, 696, 697, 699, 701, 702, 704, 706, 708, 711, 714, 510, 0, 0, 472, 471, 473, 0, 0, 0, 0, 763, 770, 777, 785, 795, 803, 810, 819, 829, 837, 847, 859]
[0, 760, 751, 756, 751, 748, 742, 737, 733, 730, 727, 725, 723, 720, 718, 715, 714, 714, 713, 712, 711, 711, 710, 703, 702, 703, 703, 703, 704, 705, 707, 699, 708, 710, 712, 713, 714, 717, 722, 510, 0, 0, 472, 471, 473, 0, 0, 0, 0, 772, 779, 786, 794, 803, 811, 819, 827, 836, 845, 856, 866]
[0, 778, 773, 770, 765, 760, 756, 752, 748, 744, 740, 737, 735, 733, 732, 730, 729, 729, 727, 725, 725, 724, 710, 710, 710, 710, 710, 710, 711, 712, 713, 714, 716, 718, 720, 722, 724, 727, 722, 510, 0, 0, 474, 471, 0, 0, 0, 0, 0, 785, 792, 0, 800, 816, 0, 825, 833, 841, 852, 862, 872]
[0, 779, 774, 769, 765, 761, 756, 751, 748, 744, 741, 738, 736, 734, 733, 731, 730, 729, 727, 727, 725, 727, 726, 710, 724, 710, 724, 710, 725, 726, 727, 729, 731, 733, 735, 736, 738, 740, 748, 510, 0, 0, 472, 471, 473, 0, 0, 0, 792, 800, 806, 814, 822, 830, 837, 846, 856, 866, 875, 884, 894]
[0, 779, 774, 769, 765, 761, 755, 751, 748, 745, 741, 739, 736, 734, 732, 732, 730, 729, 728, 727, 726, 725, 725, 726, 725, 725, 724, 725, 726, 726, 728, 730, 732, 733, 734, 737, 739, 742, 748, 510, 0, 0, 472, 471, 473, 0, 0, 0, 794, 802, 808, 815, 824, 831, 839, 848, 858, 867, 876, 885, 895]
[0, 777, 771, 766, 763, 758, 754, 751, 751, 748, 743, 739, 737, 736, 733, 731, 730, 729, 729, 727, 727, 726, 725, 725, 725, 724, 724, 725, 726, 727, 729, 730, 732, 733, 735, 738, 740, 743, 748, 510, 0, 0, 471, 471, 472, 0, 0, 0, 795, 803, 810, 818, 825, 833, 842, 852, 861, 870, 878, 887, 899]
[0, 814, 809, 805, 800, 795, 790, 785, 781, 778, 775, 772, 769, 767, 766, 765, 763, 762, 760, 759, 759, 758, 725, 725, 724, 724, 725, 726, 727, 728, 729, 730, 732, 734, 736, 738, 741, 744, 748, 510, 0, 0, 473, 471, 471, 0, 0, 0, 795, 0, 806, 812, 820, 828, 835, 844, 854, 864, 873, 881, 892]
[0, 813, 808, 803, 797, 792, 787, 783, 780, 776, 775, 772, 771, 769, 767, 765, 764, 763, 761, 759, 759, 759, 759, 758, 758, 724, 759, 759, 759, 761, 763, 763, 764, 766, 769, 771, 773, 778, 748, 510, 0, 0, 470, 470, 472, 0, 0, 0, 832, 837, 846, 856, 863, 870, 878, 887, 896, 907, 918, 930, 941]
[0, 813, 809, 803, 799, 794, 789, 785, 782, 778, 774, 771, 769, 767, 766, 765, 764, 762, 762, 759, 761, 760, 759, 759, 759, 758, 758, 759, 761, 762, 763, 765, 767, 768, 769, 772, 775, 778, 748, 510, 0, 472, 470, 471, 475, 0, 0, 0, 835, 841, 849, 858, 866, 874, 882, 891, 896, 901, 923, 930, 935]
[0, 816, 810, 806, 801, 795, 791, 787, 782, 778, 776, 772, 769, 768, 767, 765, 764, 763, 761, 760, 759, 758, 759, 759, 758, 759, 759, 759, 760, 762, 763, 764, 765, 767, 769, 773, 776, 778, 748, 510, 0, 475, 471, 470, 472, 0, 0, 0, 832, 838, 847, 857, 865, 871, 879, 889, 899, 908, 920, 933, 944]
[0, 825, 820, 816, 810, 805, 801, 797, 793, 789, 786, 782, 780, 778, 776, 774, 773, 771, 770, 770, 769, 769, 758, 758, 759, 759, 760, 759, 759, 761, 763, 764, 764, 767, 769, 771, 773, 778, 748, 510, 0, 0, 470, 470, 472, 0, 0, 0, 832, 838, 847, 856, 863, 871, 879, 887, 897, 908, 919, 932, 944]
[0, 841, 836, 831, 827, 823, 818, 797, 813, 811, 807, 803, 801, 799, 797, 795, 794, 793, 791, 789, 789, 788, 788, 768, 759, 768, 768, 769, 770, 771, 773, 775, 777, 778, 780, 783, 786, 789, 748, 510, 0, 474, 470, 470, 472, 0, 0, 0, 844, 853, 860, 868, 874, 881, 890, 900, 911, 922, 933, 943, 954]
[0, 854, 847, 841, 836, 831, 828, 825, 820, 816, 813, 810, 808, 806, 804, 803, 802, 801, 799, 798, 797, 797, 788, 788, 789, 790, 790, 792, 792, 793, 795, 798, 801, 803, 805, 808, 812, 815, 748, 510, 0, 0, 470, 469, 470, 0, 0, 0, 0, 882, 889, 898, 0, 918, 0, 928, 937, 947, 958, 970, 983]
[0, 862, 857, 851, 845, 831, 840, 836, 832, 829, 826, 823, 819, 817, 815, 814, 814, 812, 811, 810, 808, 806, 808, 796, 798, 790, 798, 798, 800, 793, 801, 802, 804, 806, 809, 813, 816, 818, 748, 510, 0, 474, 470, 469, 472, 0, 0, 0, 0, 0, 888, 896, 906, 915, 925, 935, 943, 954, 964, 977, 990]
[0, 865, 860, 854, 849, 844, 839, 834, 830, 828, 825, 822, 819, 817, 815, 813, 813, 812, 810, 809, 808, 808, 808, 808, 807, 808, 809, 809, 811, 814, 816, 817, 818, 819, 822, 826, 828, 831, 748, 510, 0, 0, 469, 470, 470, 471, 0, 0, 890, 0, 898, 906, 916, 926, 935, 943, 952, 964, 977, 989, 1000]
[0, 861, 856, 851, 849, 845, 839, 836, 832, 829, 826, 823, 820, 817, 815, 814, 814, 812, 811, 809, 808, 807, 808, 808, 807, 808, 809, 809, 811, 814, 817, 817, 818, 819, 822, 825, 827, 829, 838, 510, 0, 0, 469, 469, 470, 0, 0, 0, 890, 0, 901, 910, 921, 930, 938, 947, 957, 969, 982, 993, 1004]
[0, 893, 888, 884, 879, 875, 871, 868, 864, 861, 856, 852, 850, 849, 845, 842, 842, 841, 838, 838, 837, 836, 808, 808, 807, 808, 809, 809, 812, 815, 816, 817, 818, 819, 822, 825, 827, 831, 838, 510, 0, 0, 470, 469, 469, 471, 0, 0, 891, 898, 901, 906, 926, 935, 938, 943, 953, 964, 977, 989, 1000]
[0, 891, 885, 882, 877, 872, 868, 868, 864, 858, 856, 854, 851, 849, 848, 844, 841, 840, 838, 838, 838, 837, 837, 838, 838, 839, 838, 839, 839, 841, 844, 846, 848, 852, 856, 859, 863, 867, 838, 510, 0, 0, 471, 469, 470, 474, 0, 0, 0, 929, 937, 945, 953, 963, 974, 986, 996, 1005, 1017, 1028, 1040]
[0, 929, 922, 916, 911, 907, 901, 896, 892, 889, 885, 883, 880, 879, 877, 875, 874, 873, 872, 872, 871, 871, 837, 837, 838, 838, 838, 838, 839, 841, 843, 846, 849, 852, 855, 859, 863, 866, 838, 510, 0, 470, 471, 470, 469, 470, 0, 0, 928, 935, 943, 951, 961, 972, 983, 993, 1003, 1014, 1026, 1036, 1049]
[0, 929, 922, 916, 913, 908, 901, 897, 893, 889, 885, 883, 881, 879, 877, 875, 874, 873, 872, 872, 871, 870, 870, 870, 872, 873, 873, 838, 874, 875, 878, 846, 880, 883, 886, 889, 892, 896, 906, 510, 0, 0, 468, 468, 469, 0, 0, 0, 0, 970, 980, 989, 998, 1008, 1019, 1031, 1040, 1051, 1064, 1077, 1088]
[0, 936, 931, 925, 921, 915, 910, 906, 902, 899, 896, 892, 889, 879, 887, 884, 874, 882, 872, 882, 881, 881, 880, 871, 872, 873, 873, 874, 875, 875, 877, 878, 880, 883, 890, 889, 892, 896, 906, 510, 0, 0, 468, 468, 469, 0, 0, 0, 0, 970, 979, 989, 998, 1008, 1019, 1031, 1040, 1051, 1064, 1077, 1088]
[0, 939, 934, 928, 923, 918, 913, 908, 902, 898, 896, 894, 891, 889, 887, 884, 883, 882, 882, 881, 880, 880, 880, 880, 880, 881, 883, 884, 884, 885, 886, 889, 892, 895, 897, 901, 905, 910, 906, 510, 0, 470, 468, 469, 471, 0, 0, 0, 0, 988, 996, 1003, 1013, 1024, 1035, 1045, 1056, 1068, 1081, 1095, 1109]
[0, 940, 934, 928, 923, 918, 914, 909, 903, 898, 896, 894, 892, 890, 887, 885, 884, 882, 882, 881, 880, 880, 880, 880, 880, 882, 883, 884, 885, 887, 888, 890, 893, 896, 899, 902, 907, 911, 906, 510, 0, 0, 469, 467, 469, 471, 0, 0, 0, 982, 991, 1008, 0, 1018, 1031, 1041, 1050, 1061, 1074, 1088, 1102]
[0, 936, 931, 926, 922, 916, 910, 907, 903, 899, 896, 893, 889, 887, 886, 885, 883, 882, 883, 882, 881, 881, 880, 880, 881, 882, 883, 884, 885, 887, 889, 890, 893, 897, 900, 902, 907, 912, 906, 510, 0, 0, 468, 467, 469, 472, 0, 0, 0, 984, 993, 1000, 1009, 1020, 1031, 1041, 1052, 1063, 1077, 1091, 1103]
[0, 1002, 997, 991, 986, 982, 976, 969, 965, 962, 959, 893, 952, 887, 951, 951, 949, 948, 948, 948, 947, 947, 947, 880, 880, 881, 883, 884, 885, 885, 888, 890, 893, 895, 897, 901, 906, 910, 906, 510, 0, 0, 470, 469, 469, 471, 0, 0, 0, 994, 1003, 1012, 1022, 1032, 1044, 1054, 1065, 1079, 1093, 1107, 1120]
[0, 1003, 996, 991, 985, 982, 980, 974, 969, 964, 960, 957, 955, 953, 952, 950, 950, 949, 948, 947, 946, 947, 947, 947, 947, 949, 951, 951, 953, 954, 956, 961, 964, 965, 968, 973, 978, 983, 906, 510, 0, 0, 470, 468, 468, 471, 0, 0, 0, 1068, 1075, 1084, 1097, 1107, 1120, 1135, 1149, 1162, 1175, 1189, 1202]
[0, 1030, 1024, 1019, 1013, 1008, 980, 1002, 998, 995, 991, 989, 988, 987, 983, 980, 979, 977, 977, 977, 977, 978, 947, 947, 948, 950, 950, 951, 953, 956, 958, 959, 963, 967, 970, 974, 979, 985, 906, 510, 0, 0, 467, 468, 470, 472, 0, 0, 1061, 1070, 1079, 1087, 1098, 1111, 1124, 1138, 1151, 1162, 1164, 1193, 1202]
[0, 1036, 1029, 1022, 1017, 1012, 1007, 1002, 999, 995, 991, 989, 987, 985, 982, 981, 981, 979, 977, 976, 976, 976, 979, 979, 980, 981, 983, 985, 987, 989, 991, 994, 997, 999, 1001, 1005, 1010, 1015, 906, 510, 0, 0, 467, 468, 468, 470, 0, 0, 0, 1100, 1112, 1124, 1137, 1149, 1160, 1171, 1185, 1199, 1214, 1231, 1247]
[0, 1068, 1061, 1054, 1049, 1043, 1037, 1033, 1027, 1023, 1021, 1018, 1015, 1013, 1012, 1011, 1009, 1008, 1008, 1007, 1006, 1008, 977, 980, 981, 981, 982, 986, 987, 989, 992, 995, 998, 1000, 1002, 1005, 1011, 1017, 906, 510, 0, 472, 468, 467, 469, 470, 0, 0, 1094, 1103, 1113, 1126, 1139, 1150, 1160, 1172, 1185, 1201, 1215, 1231, 1248]
[0, 1074, 1068, 1062, 1049, 1055, 1050, 1046, 1042, 1039, 1033, 1029, 1027, 1025, 1022, 1022, 1021, 1020, 1020, 1019, 1019, 1019, 1010, 1010, 1010, 1012, 1015, 1017, 1018, 1020, 1022, 1024, 1027, 1031, 1034, 1038, 1041, 1048, 906, 510, 0, 471, 468, 468, 468, 470, 0, 0, 0, 1140, 1153, 1163, 0, 1184, 0, 1212, 1227, 1242, 1215, 1276, 1248]
[0, 1076, 1070, 1063, 1058, 1054, 1048, 1044, 1041, 1034, 1029, 1028, 1027, 1024, 1022, 1022, 1021, 1020, 1020, 1019, 1019, 1019, 1019, 1022, 1023, 1024, 1027, 1028, 1028, 1030, 1033, 1037, 1040, 1042, 1045, 1049, 1054, 1060, 906, 510, 0, 0, 468, 467, 467, 469, 0, 0, 0, 1153, 1163, 1173, 1185, 1197, 1210, 1226, 1241, 1256, 1272, 1289, 1248]
[0, 1078, 1070, 1063, 1058, 1054, 1049, 1043, 1039, 1034, 1029, 1028, 1026, 1024, 1024, 1022, 1021, 1021, 1021, 1020, 1019, 1020, 1021, 1020, 1022, 1023, 1025, 1027, 1028, 1029, 1032, 1036, 1038, 1040, 1043, 1047, 1052, 1059, 906, 510, 0, 0, 470, 468, 469, 470, 0, 0, 0, 1150, 1161, 1172, 1183, 1194, 1205, 1218, 1234, 1250, 1266, 1282, 1300]
[0, 1076, 1070, 1062, 1057, 1054, 1052, 1046, 1042, 1039, 1033, 1029, 1027, 1026, 1023, 1022, 1022, 1021, 1020, 1019, 1019, 1019, 1021, 1021, 1022, 1023, 1025, 1028, 1029, 1029, 1033, 1036, 1038, 1041, 1044, 1047, 1053, 1059, 906, 510, 0, 0, 470, 468, 468, 470, 0, 0, 0, 1150, 1161, 1172, 1183, 1194, 1205, 1218, 1234, 1250, 1266, 1283, 1300]
[0, 1129, 1121, 1115, 1109, 1103, 1097, 1092, 1087, 1083, 1080, 1078, 1075, 1072, 1070, 1069, 1068, 1068, 1068, 1067, 1067, 1067, 1020, 1022, 1023, 1024, 1026, 1028, 1029, 1030, 1033, 1037, 1039, 1042, 1045, 1049, 1054, 1060, 906, 510, 0, 0, 468, 468, 468, 469, 0, 0, 0, 1152, 1161, 1173, 1184, 1195, 1207, 1223, 1237, 1252, 1268, 1283, 1301]
[0, 1130, 1122, 1115, 1110, 1102, 1097, 1094, 1089, 1085, 1081, 1078, 1075, 1074, 1072, 1069, 1067, 1066, 1066, 1066, 1066, 1068, 1069, 1072, 1074, 1075, 1076, 1076, 1077, 1080, 1083, 1087, 1089, 1093, 1098, 1104, 1109, 1060, 906, 510, 0, 0, 468, 467, 468, 469, 0, 0, 0, 1212, 1223, 1237, 1250, 1263, 1277, 1293, 1308, 1252, 1334, 1362, 1379]
[0, 1151, 1144, 1136, 1128, 1122, 1118, 1112, 1106, 1102, 1099, 1096, 1093, 1090, 1072, 1088, 1067, 1088, 1087, 1066, 1087, 1087, 1089, 1073, 1073, 1074, 1075, 1076, 1078, 1080, 1083, 1086, 1089, 1093, 1097, 1103, 1108, 1114, 906, 510, 0, 472, 468, 467, 468, 469, 0, 0, 0, 1210, 1222, 1237, 1249, 1262, 1276, 1292, 1307, 1252, 1333, 1361, 1378]
[0, 1152, 1146, 1138, 1131, 1124, 1118, 1119, 1108, 1102, 1108, 1105, 1099, 1097, 1094, 1092, 1093, 1092, 1092, 1091, 1092, 1092, 1089, 1090, 1091, 1092, 1094, 1096, 1098, 1099, 1102, 1106, 1110, 1114, 1118, 1123, 1127, 1132, 906, 510, 0, 0, 467, 467, 468, 469, 0, 0, 0, 1230, 1240, 1253, 1267, 1281, 1295, 1309, 1307, 1332, 1359, 1375, 1391]
[0, 1168, 1162, 1155, 1149, 1143, 1136, 1130, 1125, 1121, 1117, 1113, 1110, 1107, 1106, 1103, 1102, 1103, 1103, 1102, 1103, 1105, 1093, 1095, 1096, 1097, 1099, 1102, 1106, 1109, 1112, 1116, 1119, 1124, 1129, 1134, 1139, 1144, 906, 510, 0, 0, 468, 468, 468, 469, 0, 0, 0, 1246, 1258, 1270, 1287, 1303, 0, 1309, 0, 1364, 1379, 1394, 1391]
[0, 1167, 1162, 1155, 1149, 1143, 1136, 1130, 1125, 1121, 1117, 1113, 1110, 1107, 1106, 1104, 1102, 1103, 1103, 1102, 1103, 1105, 1105, 1106, 1108, 1110, 1113, 1115, 1117, 1119, 1121, 1125, 1130, 1135, 1139, 1145, 1149, 1158, 906, 510, 0, 0, 468, 467, 468, 471, 0, 0, 0, 1256, 1268, 1282, 1297, 1311, 0, 1333, 1357, 1373, 1389, 1394, 1391]
[0, 1217, 1209, 1204, 1198, 1193, 1189, 1182, 1178, 1174, 1170, 1167, 1166, 1164, 1161, 1159, 1159, 1160, 1160, 1160, 1160, 1160, 1106, 1106, 1108, 1110, 1113, 1115, 1117, 1119, 1121, 1125, 1130, 1135, 1139, 1145, 1150, 1161, 906, 510, 0, 0, 468, 467, 468, 0, 0, 0, 0, 1255, 1268, 1282, 1297, 1311, 0, 1333, 1357, 1373, 1389, 1394, 1391]
[0, 1220, 1212, 1206, 1200, 1196, 1190, 1184, 1180, 1175, 1171, 1168, 1165, 1163, 1163, 1161, 1160, 1159, 1161, 1162, 1162, 1162, 1162, 1164, 1166, 1167, 1170, 1174, 1177, 1179, 1183, 1186, 1188, 1191, 1197, 1202, 1207, 1217, 906, 510, 0, 0, 468, 467, 467, 469, 0, 0, 0, 1330, 1348, 1362, 1373, 1384, 1399, 1419, 1357, 1448, 1480, 1504, 1523]
[0, 1220, 1214, 1208, 1203, 1197, 1192, 1186, 1180, 1177, 1174, 1170, 1167, 1165, 1163, 1162, 1162, 1161, 1161, 1161, 1162, 1162, 1162, 1163, 1166, 1167, 1168, 1171, 1174, 1177, 1182, 1186, 1188, 1191, 1195, 1200, 1205, 1210, 906, 510, 0, 0, 467, 467, 467, 469, 0, 0, 0, 1326, 1344, 1359, 1370, 1382, 1398, 1415, 1434, 1456, 1476, 1497, 1518]
[0, 1226, 1215, 1207, 1205, 1200, 1194, 1187, 1181, 1177, 1175, 1172, 1171, 1169, 1167, 1166, 1166, 1166, 1167, 1168, 1169, 1169, 1162, 1163, 1165, 1167, 1170, 1173, 1174, 1177, 1182, 1186, 1188, 1191, 1195, 1200, 1203, 1208, 906, 510, 0, 0, 468, 467, 468, 469, 0, 0, 0, 1322, 1338, 1354, 1369, 1385, 1398, 1409, 1426, 1450, 1473, 1493, 1518]
[0, 1308, 1301, 1293, 1287, 1281, 1272, 1269, 1263, 1257, 1175, 1255, 1251, 1169, 1249, 1166, 1245, 1245, 1244, 1168, 1248, 1252, 1169, 1170, 1172, 1174, 1176, 1179, 1183, 1185, 1190, 1194, 1198, 1202, 1206, 1212, 1218, 1224, 906, 510, 0, 0, 468, 467, 467, 0, 0, 0, 0, 1350, 1365, 1378, 1391, 1406, 1421, 1440, 1464, 1486, 1507, 1530, 1550]
[0, 1312, 1306, 1299, 1291, 1283, 1275, 1270, 1267, 1261, 1257, 1256, 1253, 1250, 1249, 1246, 1245, 1245, 1244, 1245, 1246, 1249, 1169, 1255, 1172, 1256, 1262, 1268, 1276, 1279, 1190, 1282, 1198, 1286, 1206, 1290, 1304, 1224, 906, 510, 0, 0, 469, 467, 0, 468, 0, 0, 0, 0, 1436, 1470, 1482, 1492, 1502, 1440, 1529, 1541, 1554, 1570, 1583]
[0, 1360, 1353, 1346, 1338, 1283, 1326, 1317, 1313, 1308, 1304, 1304, 1300, 1295, 1292, 1289, 1289, 1291, 1294, 1296, 1299, 1305, 1255, 1259, 1260, 1261, 1262, 1267, 1274, 1276, 1279, 1282, 1282, 1285, 1291, 1294, 1300, 1308, 906, 510, 0, 0, 467, 466, 467, 469, 0, 0, 0, 1429, 1436, 1449, 1473, 1484, 1493, 1505, 1519, 1531, 1544, 1559, 1574]
[0, 1361, 1350, 1342, 1338, 1330, 1319, 1315, 1310, 1306, 1304, 1301, 1298, 1293, 1290, 1290, 1290, 1293, 1298, 1301, 1301, 1304, 1307, 1303, 1299, 1300, 1303, 1308, 1317, 1323, 1330, 1335, 1335, 1336, 1338, 1344, 1350, 1356, 906, 510, 0, 0, 468, 467, 467, 468, 0, 0, 0, 1440, 1449, 1460, 1470, 1481, 1492, 1503, 1515, 1525, 1539, 1555, 1571]
[0, 1365, 1357, 1349, 1343, 1337, 1319, 1315, 1327, 1306, 1318, 1314, 1311, 1310, 1306, 1304, 1305, 1306, 1311, 1315, 1314, 1315, 1303, 1300, 1299, 1301, 1305, 1306, 1314, 1325, 1332, 1335, 1336, 1339, 1343, 1347, 1351, 1359, 906, 510, 0, 0, 468, 467, 467, 469, 0, 0, 0, 1440, 1449, 1460, 1473, 1483, 1493, 1505, 1518, 1530, 1543, 1559, 1573]
[0, 1377, 1368, 1361, 1354, 1347, 1341, 1335, 1327, 1306, 1326, 1322, 1315, 1310, 1311, 1307, 1308, 1310, 1314, 1315, 1311, 1311, 1322, 1323, 1321, 1320, 1323, 1328, 1335, 1339, 1341, 1346, 1351, 1355, 1360, 1366, 1372, 1359, 906, 510, 0, 0, 467, 466, 469, 0, 0, 0, 0, 1445, 1456, 1466, 1478, 1490, 1498, 1510, 1523, 1539, 1551, 1563, 1579]
[0, 1375, 1368, 1361, 1355, 1349, 1342, 1337, 1327, 1306, 1328, 1321, 1319, 1314, 1311, 1307, 1309, 1311, 1312, 1315, 1313, 1311, 1318, 1326, 1326, 1324, 1325, 1329, 1335, 1339, 1342, 1346, 1351, 1354, 1356, 1362, 1368, 1378, 906, 510, 0, 0, 467, 467, 467, 470, 0, 0, 0, 1442, 1452, 1465, 1475, 1487, 1499, 1509, 1521, 1535, 1549, 1563, 1578]
[0, 1412, 1403, 1395, 1389, 1383, 1378, 1373, 1368, 1363, 1361, 1357, 1354, 1354, 1352, 1351, 1350, 1347, 1348, 1347, 1346, 1348, 1318, 1328, 1329, 1323, 1322, 1328, 1337, 1342, 1343, 1346, 1350, 1355, 1360, 1365, 1369, 1373, 906, 510, 0, 0, 467, 467, 467, 0, 0, 0, 0, 1441, 1449, 1460, 1474, 1488, 1496, 1507, 1520, 1532, 1545, 1559, 1577]
[0, 1481, 1473, 1465, 1389, 1383, 1448, 1432, 1430, 1428, 1421, 1416, 1413, 1408, 1405, 1400, 1392, 1386, 1381, 1378, 1375, 1371, 1350, 1351, 1355, 1354, 1354, 1357, 1358, 1360, 1359, 1355, 1352, 1356, 1359, 1362, 1366, 1368, 906, 510, 0, 0, 470, 467, 467, 468, 0, 0, 0, 1439, 1449, 1460, 1470, 1481, 1493, 1503, 1517, 1528, 1541, 1556, 1571]
[0, 1491, 1486, 1478, 1469, 1383, 1448, 1432, 1430, 1446, 1427, 1425, 1419, 1410, 1403, 1398, 1391, 1386, 1381, 1377, 1374, 1371, 1367, 1364, 1363, 1361, 1357, 1354, 1355, 1355, 1355, 1356, 1355, 1355, 1359, 1360, 1364, 1368, 906, 510, 0, 0, 467, 467, 469, 468, 0, 0, 0, 1441, 1447, 1459, 1473, 1485, 1497, 1510, 1523, 1533, 1546, 1562, 1578]
[0, 1491, 1483, 1476, 1469, 1383, 1448, 1432, 1430, 1449, 1429, 1426, 1421, 0, 1402, 1397, 1392, 1386, 1382, 1377, 1375, 1371, 1369, 1365, 1362, 1360, 1357, 1355, 1356, 1356, 1356, 1355, 1354, 1356, 1359, 1364, 1367, 1368, 906, 510, 0, 0, 471, 467, 467, 469, 0, 0, 0, 1441, 1447, 1460, 1474, 1483, 1496, 1509, 1522, 1533, 1546, 1562, 1578]
[0, 1502, 1493, 1486, 1480, 1474, 1467, 1432, 1430, 1449, 1451, 1431, 1417, 1409, 1405, 1400, 1393, 1387, 1382, 1378, 1375, 1371, 1367, 1365, 1364, 1359, 1357, 1355, 1355, 1355, 1356, 1356, 1355, 1357, 1361, 1361, 1361, 1365, 906, 510, 0, 0, 469, 467, 469, 469, 0, 0, 0, 1440, 0, 1463, 0, 1483, 1496, 1509, 1521, 1533, 1545, 1562, 1577]
[0, 1537, 1530, 1522, 1507, 1491, 1481, 1471, 1459, 1448, 1436, 1426, 1421, 1411, 1405, 1403, 1397, 1386, 1381, 1378, 1377, 1374, 1367, 1364, 1362, 1360, 1357, 1354, 1355, 1354, 1354, 1356, 1356, 1356, 1360, 1364, 1367, 1365, 906, 510, 0, 470, 469, 468, 469, 472, 0, 0, 0, 1441, 1448, 1459, 1471, 1483, 1496, 1508, 1521, 1535, 1548, 1562, 1577]
[0, 1543, 1532, 1522, 1510, 1501, 1489, 1473, 1463, 1452, 1441, 1431, 1422, 1414, 1408, 1403, 1395, 1387, 1381, 1378, 1376, 1373, 1370, 1366, 1361, 1360, 1359, 1356, 1355, 1354, 1354, 1355, 1355, 1357, 1357, 1358, 1362, 1362, 906, 510, 0, 0, 469, 463, 460, 466, 474, 0, 0, 1436, 1439, 1449, 1462, 1472, 1483, 1498, 1510, 1521, 1534, 1548, 1563]
[0, 1543, 1530, 1517, 1503, 1491, 1480, 1470, 1458, 1445, 1433, 1426, 1420, 1414, 1403, 1397, 1395, 1391, 1381, 1378, 1371, 1373, 1369, 1366, 1362, 1360, 1356, 1351, 1351, 1353, 1354, 1354, 1354, 1355, 1359, 1361, 1362, 1372, 906, 510, 0, 471, 464, 460, 464, 471, 480, 0, 0, 1441, 1448, 1457, 1468, 1481, 1493, 1505, 1520, 1530, 1545, 1558, 1573]
[0, 1549, 1534, 1523, 1510, 1499, 1487, 1474, 1461, 1450, 1440, 1431, 1422, 1413, 1407, 1401, 1394, 1387, 1381, 1377, 1372, 1369, 1368, 1366, 1364, 1361, 1358, 1355, 1354, 1353, 1352, 1351, 1352, 1356, 1357, 1357, 1360, 1363, 906, 0, 0, 477, 469, 463, 461, 468, 475, 0, 0, 1434, 1438, 1450, 1463, 1474, 1488, 1499, 1509, 1523, 1536, 1551, 1570]
[0, 1545, 1530, 1518, 1506, 1492, 1479, 1467, 1457, 1445, 1435, 1426, 1417, 1409, 1401, 1395, 1391, 1384, 1380, 1376, 1374, 1369, 1368, 1363, 1360, 1356, 1353, 1352, 1351, 1352, 1350, 1350, 1353, 1356, 1356, 1358, 1363, 1366, 906, 0, 0, 473, 467, 462, 463, 470, 480, 0, 0, 1437, 1444, 1457, 1468, 1479, 1491, 1502, 1515, 1529, 1544, 1557, 1572]
[0, 1545, 1530, 1518, 1505, 1492, 1479, 1467, 1456, 1445, 1435, 1426, 1416, 1409, 1401, 1395, 1390, 1384, 1380, 1376, 1373, 1371, 1367, 1363, 1361, 1359, 1353, 1348, 1349, 1349, 1350, 1349, 1351, 1355, 1357, 1358, 1361, 1364, 906, 0, 0, 479, 472, 465, 461, 467, 474, 0, 0, 1432, 1439, 1449, 1458, 1470, 1482, 1492, 1505, 1521, 1534, 1547, 1562]
[0, 1545, 1530, 1517, 1504, 1491, 1478, 1467, 1456, 1444, 1434, 1425, 1416, 1409, 1403, 1396, 1390, 1384, 1380, 1376, 1372, 1370, 1366, 1362, 1357, 1353, 1351, 1349, 1349, 1349, 1350, 1349, 1351, 1354, 1356, 1358, 1360, 1364, 906, 0, 0, 0, 472, 466, 462, 473, 474, 0, 0, 1431, 1437, 1447, 1460, 1471, 1482, 1492, 1505, 1520, 1540, 1560, 1576]
[0, 1548, 1535, 1525, 1511, 1498, 1487, 1474, 1461, 1450, 1440, 1429, 1420, 1413, 1404, 1396, 1391, 1386, 1382, 1377, 1371, 1367, 1365, 1361, 1356, 1354, 1353, 1349, 1349, 1348, 1349, 1349, 1353, 1354, 1355, 1357, 1359, 1363, 906, 0, 0, 0, 472, 466, 462, 465, 473, 0, 0, 1431, 1437, 1447, 1456, 1468, 1481, 1493, 1506, 1521, 1540, 1559, 1576]
[0, 1545, 1530, 1517, 1504, 1491, 1478, 1466, 1455, 1444, 1434, 1424, 1415, 1409, 1403, 1396, 1389, 1385, 1380, 1376, 1373, 1369, 1366, 1364, 1360, 1355, 1351, 1352, 1351, 1349, 1349, 1349, 1351, 1352, 1352, 1357, 1361, 1362, 906, 0, 0, 475, 464, 460, 464, 470, 480, 0, 0, 1433, 1441, 1450, 1462, 1475, 1488, 1503, 1516, 1531, 1547, 1562, 1585]
[0, 1547, 1532, 1519, 1505, 1494, 1483, 1469, 1456, 1446, 1437, 1428, 1417, 1410, 1403, 1394, 1390, 1386, 1381, 1377, 1371, 1365, 1365, 1362, 1356, 1353, 1351, 1351, 1350, 1349, 1350, 1350, 1352, 1354, 1355, 1355, 1356, 1362, 906, 0, 0, 473, 464, 467, 462, 464, 471, 0, 0, 1436, 1438, 1448, 1458, 1468, 1483, 1498, 1514, 1530, 1545, 1562, 1579]
[0, 1545, 1530, 1517, 1505, 1491, 1480, 1469, 1456, 1445, 1435, 1426, 1417, 1410, 1403, 1395, 1390, 1386, 1381, 1376, 1372, 1367, 1364, 1361, 1356, 1352, 1353, 1352, 1351, 1350, 1350, 1348, 1347, 1352, 1355, 1359, 1360, 1368, 906, 0, 0, 473, 464, 464, 466, 471, 471, 0, 0, 1450, 1462, 1474, 1486, 1498, 1508, 1520, 1533, 1544, 1557, 1574, 1584]
[0, 1537, 1524, 1511, 1497, 1484, 1480, 1473, 1461, 1450, 1440, 1430, 1422, 1416, 1409, 1399, 1391, 1386, 1382, 1377, 1372, 1367, 1363, 1361, 1356, 1352, 1352, 1351, 1350, 1349, 1350, 1348, 1347, 1352, 1355, 1357, 1359, 1368, 906, 0, 0, 473, 466, 464, 466, 471, 471, 0, 0, 1451, 1462, 1474, 1486, 1497, 1507, 1520, 1532, 1543, 1557, 1574, 1585]
[0, 1544, 1529, 1517, 1504, 1491, 1480, 1468, 1455, 1444, 1435, 1426, 1416, 1408, 1402, 1395, 1387, 1382, 1379, 1375, 1371, 1367, 1365, 1359, 1356, 1355, 1351, 1349, 1349, 1349, 1348, 1348, 1351, 1355, 1359, 1362, 1367, 1370, 906, 0, 0, 477, 470, 464, 463, 469, 479, 0, 0, 1449, 1458, 1469, 1481, 1493, 1503, 1514, 1527, 1540, 1552, 1567, 1578]
[0, 1539, 1526, 1513, 1502, 1489, 1475, 1461, 1450, 1441, 1433, 1426, 1415, 1406, 1402, 1396, 1388, 1382, 1379, 1380, 1376, 1370, 1364, 1361, 1356, 1352, 1351, 1351, 1353, 1357, 1359, 1361, 1362, 1365, 1369, 1369, 1374, 1393, 906, 0, 0, 0, 466, 464, 463, 466, 473, 0, 0, 1453, 1453, 1472, 1484, 0, 1507, 1514, 1520, 1544, 1552, 1574, 1584]
[0, 1547, 1532, 1521, 1509, 1494, 1482, 1473, 1460, 1449, 1439, 1430, 1421, 1412, 1406, 1400, 1393, 1387, 1381, 1378, 1377, 1380, 1367, 1361, 1355, 1353, 1353, 1354, 1355, 1355, 1356, 1360, 1362, 1368, 1372, 1368, 1368, 1374, 906, 0, 0, 479, 468, 460, 461, 468, 477, 0, 0, 1448, 1456, 1465, 1476, 1487, 1498, 1512, 1523, 1534, 1549, 1565, 1577]
[0, 1538, 1525, 1511, 1497, 1484, 1482, 1461, 1460, 1449, 1441, 1431, 1422, 1413, 1405, 1401, 1394, 1387, 1386, 1384, 1382, 1386, 1381, 1380, 1377, 1370, 1366, 1366, 1364, 1364, 1366, 1366, 1366, 1365, 1367, 1370, 1375, 1380, 906, 0, 0, 478, 468, 465, 469, 474, 477, 0, 0, 1450, 1459, 1469, 1480, 1491, 1502, 1515, 1528, 1540, 1554, 1570, 1584]
[0, 1543, 1529, 1516, 1503, 1491, 1479, 1467, 1454, 1443, 1435, 1426, 1416, 1409, 1408, 1405, 1404, 1406, 1401, 1396, 1393, 1385, 1385, 1379, 1375, 1371, 1364, 1360, 1360, 1360, 1365, 1365, 1363, 1364, 1368, 1371, 1372, 1374, 906, 0, 0, 480, 0, 463, 465, 471, 477, 0, 0, 1449, 1458, 1469, 1477, 1489, 1503, 1514, 1527, 1539, 1551, 1566, 1584]
[0, 1542, 1528, 1515, 1502, 1489, 1477, 1465, 1454, 1443, 1434, 1424, 1416, 1410, 1408, 1409, 1411, 1408, 1401, 1395, 1393, 1385, 1380, 1376, 1369, 1366, 1365, 1363, 1365, 1367, 1364, 1362, 1363, 1366, 1362, 1363, 1376, 1386, 906, 0, 0, 480, 471, 467, 465, 474, 477, 0, 0, 1452, 1458, 1472, 1484, 0, 1495, 1520, 1527, 1532, 1557, 1574, 1584]
[0, 1562, 1548, 1537, 1526, 1513, 1500, 1487, 1475, 1465, 1457, 1448, 1440, 1434, 1428, 1421, 1415, 1408, 1400, 1395, 1394, 1389, 1380, 1377, 1369, 1367, 1364, 1363, 1364, 1367, 1364, 1362, 1364, 1366, 1362, 1363, 1376, 1386, 906, 0, 0, 0, 471, 467, 465, 473, 477, 0, 1444, 1452, 1461, 1470, 1481, 1495, 1506, 1519, 1531, 1543, 1557, 1574, 1585]
[0, 1555, 1541, 1527, 1517, 1504, 1492, 1477, 1467, 1461, 1451, 1443, 1437, 1429, 1424, 1417, 1411, 1408, 1401, 1394, 1394, 1393, 1382, 1378, 1373, 1369, 1367, 1364, 1362, 1363, 1366, 1365, 1359, 1361, 1369, 1371, 1371, 1374, 906, 0, 0, 0, 478, 476, 476, 478, 477, 0, 0, 1448, 1458, 1465, 1474, 1489, 1502, 1514, 1526, 1538, 1550, 1562, 1579]
