[0, 0, 0, 0, 0, 0, 0, 0, 0, 0, 0, 0, 0, 0, 0, 0, 0, 0, 0, 0, 0, 0, 0, 0, 0, 0, 0, 0, 0, 0, 0, 0, 0, 0, 0, 0, 0, 0, 0, 0, 0, 0, 0, 0, 0, 0, 0, 0, 0, 0, 0, 0, 0, 0, 0, 0, 0, 0, 0, 0, 0]
[0, 530, 528, 524, 520, 516, 513, 510, 507, 504, 501, 499, 497, 495, 492, 491, 489, 487, 485, 484, 483, 482, 482, 485, 1304, 1299, 1300, 1298, 0, 0, 343, 343, 0, 1299, 1300, 0, 0, 0, 487, 489, 491, 493, 495, 498, 501, 504, 506, 510, 513, 517, 521, 525, 530, 535, 540, 544, 551, 556, 561, 566, 573]
[0, 530, 527, 522, 519, 515, 512, 509, 506, 502, 499, 498, 496, 494, 492, 490, 488, 487, 485, 485, 483, 482, 481, 485, 1304, 1299, 1300, 1298, 0, 0, 342, 0, 0, 1299, 1300, 0, 0, 0, 488, 0, 493, 496, 497, 500, 503, 506, 509, 510, 516, 520, 524, 529, 530, 534, 543, 548, 554, 556, 564, 570, 578]
[0, 528, 527, 520, 519, 516, 513, 510, 507, 504, 501, 499, 497, 495, 492, 490, 489, 487, 486, 484, 483, 482, 482, 485, 1304, 1299, 1300, 1298, 0, 0, 343, 343, 0, 1299, 1300, 0, 0, 0, 487, 489, 491, 493, 495, 498, 501, 504, 506, 510, 513, 517, 521, 525, 530, 535, 540, 544, 551, 556, 561, 566, 573]
[0, 529, 525, 522, 518, 513, 509, 507, 504, 501, 501, 498, 497, 493, 492, 491, 490, 487, 485, 485, 484, 483, 482, 481, 1304, 1299, 1300, 1298, 0, 342, 0, 343, 0, 1299, 1300, 0, 0, 0, 488, 490, 493, 0, 495, 500, 503, 504, 506, 512, 513, 520, 524, 529, 530, 538, 540, 543, 554, 559, 564, 571, 573]
[0, 530, 526, 522, 518, 514, 511, 508, 505, 503, 500, 498, 496, 494, 492, 489, 490, 487, 485, 485, 484, 483, 482, 481, 1304, 1299, 1300, 1298, 0, 0, 342, 0, 0, 1299, 1300, 0, 0, 0, 488, 489, 492, 495, 496, 497, 501, 505, 508, 511, 514, 518, 522, 526, 531, 537, 542, 546, 551, 556, 562, 568, 574]
[0, 528, 523, 519, 518, 516, 513, 510, 507, 504, 501, 499, 497, 495, 492, 490, 489, 487, 486, 484, 483, 482, 482, 485, 1304, 1299, 1300, 1298, 0, 0, 343, 343, 0, 1299, 1300, 0, 0, 0, 488, 489, 491, 494, 496, 498, 501, 504, 506, 510, 513, 517, 521, 525, 530, 535, 540, 544, 550, 556, 561, 566, 573]
[0, 532, 527, 523, 519, 516, 513, 509, 507, 504, 501, 499, 497, 494, 493, 491, 489, 488, 486, 485, 483, 483, 482, 485, 1304, 1299, 1300, 1298, 0, 341, 0, 342, 0, 1299, 1300, 0, 0, 0, 488, 490, 0, 493, 497, 500, 503, 504, 508, 512, 513, 520, 524, 525, 533, 535, 543, 548, 553, 558, 564, 570, 577]
[0, 536, 531, 528, 524, 521, 517, 514, 512, 509, 507, 504, 502, 500, 499, 497, 489, 494, 486, 492, 491, 490, 489, 488, 1304, 1299, 1300, 1298, 0, 0, 343, 0, 0, 1299, 1300, 0, 0, 0, 488, 0, 490, 493, 497, 500, 500, 503, 509, 513, 516, 520, 524, 524, 529, 534, 539, 549, 554, 560, 566, 572, 579]
[0, 534, 531, 526, 524, 523, 520, 516, 513, 511, 508, 506, 504, 502, 499, 498, 496, 494, 493, 492, 491, 489, 488, 488, 1304, 1299, 1300, 1298, 0, 0, 340, 344, 0, 1299, 1300, 0, 0, 0, 496, 498, 500, 502, 505, 508, 510, 513, 516, 520, 523, 528, 532, 536, 541, 545, 551, 556, 560, 566, 572, 578, 585]
[0, 538, 533, 529, 525, 522, 519, 515, 512, 510, 508, 505, 503, 501, 499, 497, 496, 495, 493, 491, 491, 490, 489, 488, 1304, 1299, 1300, 1298, 0, 0, 343, 0, 0, 1299, 1300, 0, 0, 0, 497, 499, 501, 504, 506, 509, 511, 514, 517, 521, 525, 529, 533, 538, 543, 548, 554, 558, 563, 569, 576, 582, 588]
[0, 534, 533, 530, 526, 522, 520, 516, 513, 511, 509, 506, 503, 501, 500, 498, 496, 494, 493, 492, 491, 489, 489, 488, 1304, 1299, 1300, 1298, 0, 0, 340, 0, 0, 1299, 1300, 0, 0, 0, 496, 498, 500, 502, 505, 508, 510, 513, 516, 520, 524, 528, 532, 536, 541, 545, 551, 556, 560, 567, 573, 579, 586]
[0, 536, 532, 528, 524, 521, 517, 514, 512, 509, 509, 504, 503, 502, 500, 498, 497, 495, 493, 492, 491, 490, 489, 493, 1304, 1299, 1300, 1298, 0, 0, 341, 343, 0, 1299, 1300, 0, 0, 496, 497, 500, 503, 502, 507, 508, 510, 515, 519, 522, 526, 528, 535, 540, 541, 551, 551, 559, 560, 570, 577, 579, 591]
[0, 535, 531, 527, 523, 521, 516, 514, 514, 511, 509, 506, 504, 502, 500, 498, 496, 495, 494, 492, 491, 489, 488, 493, 1304, 1299, 1300, 1298, 0, 0, 341, 0, 0, 1299, 1300, 0, 0, 0, 497, 499, 501, 504, 507, 509, 512, 514, 518, 522, 525, 530, 534, 538, 543, 548, 553, 558, 563, 569, 575, 582, 589]
[0, 537, 532, 528, 525, 521, 518, 515, 512, 510, 507, 505, 502, 502, 499, 497, 496, 495, 493, 492, 491, 490, 489, 490, 1304, 1299, 1300, 1298, 0, 342, 0, 343, 0, 1299, 1300, 0, 0, 0, 499, 500, 0, 505, 507, 510, 512, 515, 518, 522, 526, 531, 535, 538, 545, 551, 553, 559, 565, 571, 578, 585, 591]
[0, 542, 537, 533, 529, 525, 522, 520, 517, 514, 512, 509, 507, 504, 503, 501, 500, 498, 497, 496, 495, 494, 494, 490, 1304, 1299, 1300, 1298, 0, 0, 340, 0, 0, 1299, 1300, 0, 0, 0, 498, 499, 501, 505, 507, 508, 512, 515, 518, 522, 525, 530, 534, 538, 543, 548, 553, 558, 564, 569, 575, 583, 589]
[0, 542, 537, 533, 529, 525, 522, 520, 517, 514, 511, 509, 507, 504, 502, 501, 500, 498, 497, 496, 495, 494, 494, 493, 1304, 1299, 1300, 1298, 0, 0, 341, 0, 0, 1299, 1300, 0, 0, 0, 501, 503, 505, 508, 510, 512, 515, 519, 522, 525, 529, 533, 537, 542, 546, 551, 556, 561, 567, 573, 579, 586, 592]
[0, 542, 537, 533, 530, 526, 523, 520, 518, 515, 512, 509, 508, 506, 504, 501, 500, 498, 497, 496, 495, 495, 494, 493, 1304, 1299, 1300, 1298, 0, 0, 341, 0, 0, 1299, 1300, 0, 0, 0, 501, 503, 505, 508, 510, 512, 515, 519, 522, 525, 529, 533, 537, 542, 546, 551, 556, 561, 567, 573, 579, 586, 592]
[0, 541, 536, 533, 529, 525, 522, 520, 517, 515, 514, 512, 509, 507, 505, 504, 502, 500, 499, 498, 497, 496, 495, 493, 1304, 1299, 1300, 1298, 0, 0, 340, 0, 0, 1299, 1300, 0, 0, 0, 503, 505, 508, 510, 512, 515, 518, 521, 524, 527, 531, 535, 540, 544, 549, 553, 558, 564, 570, 576, 582, 588, 595]
[0, 542, 537, 534, 530, 526, 523, 520, 518, 515, 513, 510, 508, 507, 504, 502, 501, 499, 498, 497, 497, 495, 495, 495, 1304, 1299, 1300, 1298, 0, 342, 0, 343, 0, 1299, 1300, 0, 0, 0, 504, 0, 508, 511, 513, 515, 519, 523, 526, 527, 530, 538, 542, 547, 552, 557, 562, 564, 574, 580, 582, 586, 593]
[0, 541, 537, 533, 530, 526, 523, 520, 517, 514, 512, 509, 508, 507, 505, 503, 502, 500, 499, 498, 497, 496, 495, 495, 1304, 1299, 1300, 1298, 0, 340, 340, 0, 0, 1299, 1300, 0, 0, 0, 503, 505, 507, 510, 512, 515, 518, 521, 524, 528, 532, 536, 540, 545, 549, 554, 559, 564, 570, 577, 582, 589, 596]
[0, 549, 546, 542, 530, 538, 534, 532, 528, 525, 523, 521, 519, 517, 514, 512, 511, 509, 508, 507, 506, 505, 504, 495, 1304, 1299, 1300, 1298, 0, 0, 341, 0, 0, 1299, 1300, 0, 0, 0, 504, 506, 509, 511, 513, 515, 518, 522, 525, 528, 533, 537, 542, 546, 551, 556, 561, 567, 573, 579, 585, 591, 598]
[0, 553, 549, 544, 540, 537, 534, 531, 528, 525, 523, 521, 518, 516, 513, 512, 510, 509, 508, 507, 506, 505, 504, 505, 1304, 1299, 1300, 1298, 0, 0, 340, 0, 0, 1299, 0, 0, 0, 513, 0, 515, 517, 522, 513, 528, 518, 532, 535, 538, 542, 546, 550, 555, 560, 565, 570, 576, 582, 589, 594, 601, 608]
[0, 553, 549, 549, 545, 541, 537, 534, 532, 529, 526, 524, 522, 520, 518, 515, 514, 513, 512, 510, 509, 509, 508, 505, 1304, 1299, 1300, 1298, 0, 0, 340, 0, 0, 1299, 0, 0, 0, 0, 514, 516, 518, 520, 523, 526, 528, 532, 535, 539, 543, 548, 552, 557, 561, 566, 572, 578, 584, 591, 597, 603, 609]
[0, 553, 552, 548, 544, 541, 537, 534, 532, 529, 526, 524, 522, 520, 517, 515, 513, 512, 511, 510, 510, 509, 509, 505, 1304, 1299, 1300, 1298, 0, 0, 340, 0, 0, 1299, 0, 0, 0, 0, 518, 520, 521, 524, 527, 530, 533, 536, 539, 543, 547, 552, 556, 561, 566, 571, 577, 584, 589, 595, 601, 608, 615]
[0, 555, 551, 547, 543, 539, 536, 534, 531, 528, 525, 523, 521, 519, 517, 514, 513, 513, 512, 511, 510, 510, 509, 505, 1304, 1299, 1300, 1298, 0, 0, 340, 0, 0, 1299, 0, 0, 0, 0, 517, 519, 521, 523, 527, 530, 533, 536, 539, 543, 547, 552, 556, 560, 565, 571, 577, 584, 589, 595, 601, 607, 614]
[0, 565, 561, 558, 554, 551, 548, 534, 542, 528, 539, 537, 535, 532, 530, 529, 527, 526, 524, 523, 522, 521, 520, 505, 1304, 1299, 1300, 1298, 0, 339, 341, 0, 0, 1299, 0, 0, 0, 0, 518, 520, 522, 525, 527, 530, 533, 536, 541, 545, 549, 553, 558, 562, 567, 572, 578, 585, 590, 596, 602, 609, 616]
[0, 568, 564, 560, 556, 553, 549, 547, 544, 541, 538, 535, 533, 531, 529, 528, 526, 525, 523, 522, 521, 521, 522, 505, 1304, 1299, 1300, 1298, 0, 0, 339, 340, 0, 1299, 0, 0, 0, 0, 531, 533, 535, 538, 541, 544, 547, 551, 554, 558, 562, 567, 571, 577, 583, 572, 594, 599, 606, 596, 612, 625, 633]
[0, 572, 563, 560, 560, 556, 553, 550, 547, 544, 542, 540, 537, 535, 533, 531, 529, 528, 526, 525, 525, 524, 522, 505, 1304, 1299, 1300, 1298, 0, 338, 338, 0, 0, 1299, 0, 0, 0, 0, 530, 532, 534, 537, 539, 542, 546, 549, 553, 556, 560, 564, 569, 573, 579, 585, 591, 596, 602, 608, 615, 621, 628]
[0, 572, 568, 564, 560, 556, 553, 550, 547, 544, 542, 540, 537, 535, 533, 531, 530, 528, 526, 525, 525, 524, 523, 505, 1304, 1299, 1300, 1298, 0, 338, 338, 0, 0, 1299, 0, 0, 0, 0, 0, 534, 537, 539, 542, 545, 548, 552, 555, 559, 562, 567, 571, 576, 582, 593, 591, 598, 604, 611, 617, 624, 631]
[0, 577, 573, 569, 560, 565, 562, 559, 556, 553, 551, 548, 546, 544, 542, 540, 538, 537, 535, 534, 533, 532, 532, 505, 1304, 1299, 1300, 1298, 0, 0, 338, 0, 0, 1299, 0, 0, 0, 533, 0, 534, 537, 539, 542, 545, 548, 552, 555, 559, 563, 567, 571, 577, 582, 588, 593, 598, 604, 611, 617, 624, 631]
[0, 577, 577, 573, 569, 565, 562, 559, 556, 554, 550, 548, 546, 544, 542, 541, 539, 537, 536, 534, 534, 533, 533, 505, 1304, 1299, 1300, 1298, 0, 0, 338, 339, 0, 1299, 0, 0, 0, 0, 543, 546, 548, 551, 554, 557, 560, 564, 568, 559, 576, 582, 587, 591, 582, 596, 607, 614, 621, 628, 635, 642, 650]
[0, 595, 591, 586, 582, 579, 575, 571, 568, 565, 563, 561, 559, 544, 556, 553, 539, 551, 550, 549, 547, 547, 546, 505, 1304, 1299, 1300, 1298, 0, 336, 337, 0, 0, 1299, 0, 0, 0, 0, 544, 0, 546, 549, 552, 556, 558, 561, 565, 569, 573, 578, 583, 588, 593, 598, 603, 609, 616, 623, 629, 636, 644]
[0, 597, 592, 588, 584, 580, 577, 573, 569, 566, 564, 562, 560, 558, 556, 553, 552, 550, 549, 548, 546, 546, 547, 505, 1304, 1299, 1300, 1298, 0, 338, 339, 0, 0, 1299, 0, 0, 0, 0, 557, 559, 562, 564, 567, 570, 574, 579, 582, 587, 591, 595, 600, 605, 611, 616, 622, 628, 635, 643, 649, 657, 664]
[0, 595, 591, 586, 582, 578, 575, 570, 567, 565, 563, 561, 558, 556, 554, 553, 553, 551, 550, 549, 547, 546, 546, 505, 1304, 1299, 1300, 1298, 0, 336, 337, 0, 0, 1299, 0, 0, 0, 0, 0, 558, 560, 563, 569, 570, 573, 576, 580, 584, 589, 593, 597, 602, 608, 613, 619, 625, 632, 639, 645, 653, 660]
[0, 594, 590, 587, 583, 579, 575, 570, 569, 565, 566, 564, 561, 560, 558, 556, 554, 553, 552, 550, 549, 548, 547, 505, 1304, 1299, 1300, 1298, 0, 0, 338, 0, 0, 1299, 0, 0, 0, 0, 557, 559, 561, 564, 566, 570, 574, 578, 582, 587, 591, 595, 600, 605, 610, 616, 621, 628, 635, 642, 649, 657, 664]
[0, 609, 590, 605, 601, 598, 594, 590, 587, 585, 582, 579, 577, 574, 572, 570, 568, 566, 565, 564, 563, 562, 563, 505, 1304, 1299, 1300, 1298, 0, 0, 337, 0, 0, 1299, 0, 0, 0, 0, 559, 562, 564, 567, 571, 575, 578, 582, 586, 591, 595, 599, 604, 609, 614, 620, 627, 633, 641, 648, 654, 662, 670]
[0, 609, 590, 601, 598, 598, 591, 590, 588, 585, 582, 579, 577, 574, 572, 570, 568, 566, 565, 564, 563, 562, 562, 505, 1304, 1299, 1300, 1298, 0, 0, 335, 0, 0, 1299, 0, 0, 0, 0, 0, 578, 0, 584, 0, 587, 590, 598, 586, 601, 606, 610, 615, 620, 625, 632, 638, 645, 651, 658, 666, 673, 681]
[0, 625, 620, 616, 613, 609, 606, 603, 600, 597, 594, 592, 590, 588, 586, 584, 582, 580, 565, 578, 577, 562, 576, 505, 1304, 1299, 1300, 1298, 0, 0, 335, 0, 0, 1299, 0, 0, 0, 0, 0, 575, 578, 581, 587, 587, 594, 598, 598, 601, 606, 610, 615, 620, 632, 632, 638, 645, 651, 658, 666, 673, 681]
[0, 630, 625, 621, 617, 614, 610, 607, 600, 604, 599, 592, 596, 594, 593, 591, 589, 588, 587, 585, 583, 582, 581, 505, 1304, 1299, 1300, 1298, 0, 336, 337, 0, 0, 1299, 0, 0, 0, 0, 589, 592, 594, 596, 599, 602, 606, 610, 614, 618, 623, 629, 634, 641, 646, 652, 658, 664, 671, 679, 687, 695, 703]
[0, 631, 626, 621, 618, 615, 611, 607, 604, 601, 599, 592, 595, 593, 593, 591, 589, 588, 587, 585, 584, 582, 582, 505, 1304, 1299, 1300, 1298, 0, 0, 335, 0, 0, 1299, 0, 0, 0, 0, 595, 597, 600, 602, 605, 610, 614, 617, 620, 626, 631, 637, 643, 648, 653, 659, 665, 672, 679, 687, 696, 704, 712]
[0, 629, 626, 625, 620, 617, 614, 610, 607, 604, 601, 598, 596, 594, 592, 590, 588, 587, 585, 585, 584, 582, 586, 505, 1304, 1299, 1300, 1298, 0, 0, 335, 0, 0, 1299, 0, 0, 0, 0, 595, 598, 600, 603, 606, 610, 614, 617, 621, 626, 631, 637, 642, 648, 653, 659, 665, 672, 680, 688, 696, 705, 712]
[0, 632, 627, 623, 619, 615, 612, 609, 606, 603, 600, 598, 595, 593, 592, 590, 588, 587, 585, 585, 584, 583, 582, 505, 1304, 1299, 1300, 1298, 0, 333, 333, 0, 0, 1299, 0, 0, 0, 0, 0, 596, 600, 602, 604, 608, 611, 614, 619, 624, 628, 634, 639, 645, 650, 655, 662, 669, 676, 683, 692, 700, 707]
[0, 632, 627, 623, 619, 615, 612, 609, 606, 603, 600, 598, 595, 593, 591, 590, 588, 587, 587, 586, 584, 583, 582, 505, 1304, 1299, 1300, 1298, 0, 335, 0, 337, 0, 1299, 0, 0, 0, 0, 595, 597, 599, 602, 605, 609, 612, 616, 620, 626, 631, 636, 642, 647, 653, 659, 664, 671, 678, 686, 695, 703, 711]
[0, 650, 646, 641, 637, 633, 629, 626, 623, 620, 617, 614, 612, 610, 608, 607, 605, 603, 601, 586, 600, 600, 599, 505, 1304, 1299, 1300, 1298, 0, 0, 335, 336, 0, 1299, 0, 0, 0, 0, 595, 597, 599, 603, 606, 609, 613, 617, 621, 625, 631, 637, 642, 648, 653, 659, 665, 673, 680, 687, 695, 704, 711]
[0, 651, 646, 642, 638, 634, 630, 627, 623, 619, 617, 614, 612, 610, 608, 607, 605, 603, 602, 601, 600, 598, 599, 505, 1304, 1299, 1300, 1298, 0, 0, 335, 336, 0, 1299, 0, 0, 0, 0, 612, 614, 617, 621, 624, 627, 631, 636, 640, 644, 649, 654, 661, 666, 672, 678, 685, 692, 701, 709, 716, 724, 732]
[0, 659, 655, 650, 647, 644, 640, 636, 633, 630, 628, 614, 624, 621, 619, 617, 615, 614, 613, 612, 611, 610, 609, 505, 1304, 1299, 1300, 1298, 0, 0, 335, 337, 0, 1299, 0, 0, 0, 0, 0, 614, 617, 620, 624, 627, 632, 635, 639, 644, 648, 653, 659, 665, 671, 677, 684, 692, 700, 708, 715, 722, 731]
[0, 659, 655, 651, 648, 644, 640, 636, 633, 630, 628, 614, 624, 621, 619, 617, 615, 614, 613, 612, 611, 610, 609, 505, 1304, 1299, 1300, 1298, 0, 0, 335, 0, 0, 0, 0, 0, 614, 621, 623, 625, 629, 633, 637, 640, 644, 648, 652, 656, 662, 668, 673, 678, 685, 693, 700, 707, 714, 721, 730, 739, 749]
[0, 668, 664, 660, 655, 651, 648, 645, 642, 638, 634, 632, 630, 627, 625, 622, 621, 620, 618, 616, 616, 615, 609, 505, 1304, 1299, 1300, 1298, 0, 0, 0, 0, 0, 0, 0, 0, 614, 621, 623, 626, 629, 633, 637, 640, 644, 648, 652, 656, 662, 668, 673, 679, 686, 693, 701, 708, 714, 722, 730, 739, 749]
[0, 664, 664, 659, 655, 652, 648, 645, 642, 639, 635, 632, 630, 628, 625, 622, 621, 620, 619, 617, 616, 615, 609, 505, 1304, 1299, 1300, 1298, 0, 0, 0, 0, 0, 0, 0, 0, 0, 621, 628, 631, 634, 638, 641, 644, 648, 652, 655, 660, 665, 670, 676, 683, 690, 696, 702, 710, 716, 724, 733, 741, 751]
[0, 679, 674, 669, 665, 662, 658, 655, 653, 650, 646, 643, 641, 639, 636, 634, 632, 631, 629, 617, 628, 628, 627, 505, 1304, 1299, 1300, 1298, 0, 0, 0, 0, 0, 0, 0, 0, 620, 0, 631, 0, 634, 641, 645, 644, 649, 652, 656, 660, 665, 670, 676, 683, 690, 696, 702, 710, 716, 724, 732, 741, 751]
[0, 677, 672, 668, 664, 661, 657, 655, 654, 651, 648, 646, 643, 641, 639, 636, 633, 632, 631, 630, 629, 628, 629, 505, 1304, 1299, 1300, 1298, 0, 0, 0, 0, 0, 0, 0, 0, 0, 634, 642, 645, 648, 651, 654, 657, 662, 665, 670, 675, 679, 685, 692, 699, 705, 711, 717, 725, 734, 741, 750, 759, 769]
[0, 693, 688, 682, 679, 675, 671, 668, 664, 661, 659, 656, 653, 651, 649, 648, 647, 646, 631, 643, 641, 641, 629, 505, 1304, 1299, 1300, 1298, 0, 0, 0, 0, 0, 0, 0, 0, 636, 642, 643, 645, 648, 651, 655, 658, 663, 667, 671, 676, 681, 687, 694, 700, 707, 713, 719, 727, 735, 743, 752, 761, 771]
[0, 694, 689, 683, 679, 676, 672, 669, 666, 662, 659, 657, 655, 652, 650, 648, 647, 646, 644, 643, 642, 641, 629, 505, 1304, 1299, 1300, 1298, 0, 0, 0, 0, 0, 0, 0, 0, 0, 647, 655, 657, 660, 664, 668, 671, 675, 679, 684, 690, 696, 701, 707, 712, 719, 726, 733, 740, 748, 757, 765, 773, 783]
[0, 700, 695, 689, 685, 681, 678, 674, 671, 668, 666, 664, 661, 659, 656, 655, 647, 653, 652, 651, 649, 648, 647, 505, 1304, 1299, 1300, 1298, 0, 0, 0, 0, 0, 0, 0, 0, 647, 0, 654, 658, 661, 663, 666, 670, 673, 678, 683, 688, 694, 700, 705, 710, 717, 724, 731, 738, 746, 755, 764, 772, 781]
[0, 703, 698, 693, 688, 684, 678, 678, 675, 672, 666, 670, 667, 664, 662, 660, 658, 657, 656, 654, 653, 652, 652, 505, 1304, 1299, 1300, 1298, 0, 0, 0, 0, 0, 0, 0, 0, 0, 654, 663, 666, 668, 671, 675, 679, 683, 688, 693, 700, 705, 710, 716, 721, 729, 736, 743, 750, 758, 768, 777, 785, 795]
[0, 707, 703, 699, 694, 690, 686, 678, 679, 676, 666, 674, 670, 664, 668, 666, 664, 663, 662, 660, 659, 657, 657, 505, 1304, 1299, 1300, 1298, 0, 0, 0, 0, 0, 0, 0, 0, 0, 659, 668, 670, 673, 676, 679, 683, 688, 693, 698, 702, 707, 713, 719, 726, 732, 738, 747, 754, 762, 771, 780, 789, 800]
[0, 713, 708, 703, 699, 695, 691, 687, 683, 680, 677, 675, 674, 671, 667, 666, 665, 664, 662, 661, 660, 659, 657, 505, 1304, 1299, 1300, 1298, 0, 0, 0, 0, 0, 0, 0, 0, 0, 664, 673, 676, 678, 682, 686, 690, 694, 700, 705, 710, 714, 719, 726, 733, 739, 746, 753, 761, 769, 777, 786, 795, 805]
[0, 728, 723, 718, 715, 710, 706, 703, 700, 696, 692, 690, 687, 685, 683, 681, 679, 678, 676, 675, 674, 673, 678, 505, 1304, 1299, 1300, 1298, 0, 0, 0, 0, 0, 0, 0, 0, 0, 666, 674, 677, 680, 684, 688, 693, 697, 702, 707, 712, 716, 721, 728, 735, 742, 749, 757, 765, 772, 781, 790, 800, 809]
[0, 731, 723, 726, 714, 712, 708, 705, 700, 702, 700, 696, 694, 691, 689, 687, 685, 683, 682, 680, 680, 679, 681, 505, 1304, 1299, 1300, 1298, 0, 0, 0, 0, 0, 0, 0, 0, 0, 686, 691, 694, 697, 700, 705, 709, 713, 717, 722, 727, 733, 739, 745, 753, 760, 766, 773, 781, 791, 800, 809, 817, 827]
[0, 741, 736, 732, 727, 721, 717, 714, 712, 709, 706, 703, 701, 699, 697, 695, 693, 691, 690, 689, 688, 687, 681, 505, 1304, 1299, 1300, 1298, 0, 0, 0, 0, 0, 0, 0, 0, 0, 689, 696, 699, 702, 706, 709, 713, 718, 722, 728, 733, 738, 745, 751, 757, 764, 771, 779, 787, 795, 804, 813, 822, 832]
[0, 738, 733, 730, 727, 719, 717, 716, 713, 710, 707, 705, 702, 700, 698, 695, 693, 692, 691, 690, 688, 686, 690, 505, 1304, 1299, 1300, 1298, 0, 0, 0, 0, 0, 0, 0, 0, 0, 695, 706, 708, 712, 715, 719, 724, 730, 734, 739, 745, 752, 758, 764, 770, 778, 785, 793, 802, 811, 819, 828, 837, 849]
[0, 742, 737, 732, 727, 721, 717, 714, 712, 709, 706, 703, 701, 700, 697, 695, 693, 691, 689, 689, 688, 687, 690, 505, 1304, 1299, 1300, 1298, 0, 0, 0, 0, 0, 0, 0, 0, 0, 698, 705, 708, 711, 714, 719, 723, 728, 733, 738, 743, 749, 756, 762, 768, 776, 783, 792, 800, 809, 817, 826, 834, 845]
[0, 771, 765, 761, 727, 757, 751, 747, 744, 740, 737, 734, 731, 729, 727, 725, 723, 721, 719, 719, 718, 717, 690, 505, 1304, 1299, 1300, 1298, 0, 0, 0, 0, 0, 0, 0, 0, 0, 706, 706, 708, 712, 715, 719, 724, 729, 734, 739, 745, 752, 758, 764, 771, 778, 785, 793, 802, 812, 821, 829, 839, 850]
[0, 777, 772, 767, 761, 757, 753, 749, 745, 742, 739, 734, 734, 732, 731, 725, 728, 726, 724, 722, 721, 721, 726, 505, 1304, 1299, 1300, 1298, 0, 0, 0, 0, 0, 0, 0, 0, 0, 727, 738, 743, 748, 752, 756, 762, 767, 771, 778, 784, 790, 798, 805, 811, 820, 827, 834, 843, 854, 864, 873, 881, 892]
[0, 776, 772, 765, 761, 761, 756, 752, 749, 745, 741, 739, 737, 734, 731, 729, 727, 725, 724, 723, 722, 721, 726, 505, 1304, 1299, 1300, 1298, 0, 0, 0, 0, 0, 0, 0, 0, 0, 735, 742, 745, 750, 755, 760, 763, 767, 773, 779, 784, 792, 799, 805, 812, 821, 828, 835, 844, 854, 865, 874, 881, 892]
[0, 776, 770, 765, 761, 761, 756, 752, 749, 745, 741, 738, 737, 734, 731, 729, 727, 725, 724, 722, 722, 721, 726, 505, 1304, 1299, 1300, 1298, 0, 0, 0, 0, 0, 0, 0, 0, 0, 731, 742, 747, 752, 756, 760, 765, 770, 776, 781, 788, 795, 801, 807, 816, 821, 831, 840, 849, 854, 858, 875, 885, 892]
[0, 782, 775, 769, 765, 761, 756, 752, 749, 746, 743, 740, 738, 735, 732, 731, 729, 727, 726, 725, 723, 723, 726, 505, 1304, 1299, 1300, 1298, 0, 0, 0, 0, 0, 0, 0, 0, 0, 731, 742, 747, 751, 756, 760, 765, 770, 776, 781, 787, 795, 801, 807, 807, 824, 831, 840, 848, 854, 858, 875, 885, 895]
[0, 800, 794, 787, 782, 777, 772, 769, 766, 763, 760, 757, 753, 750, 748, 745, 744, 743, 741, 740, 739, 738, 726, 505, 1304, 1299, 1300, 1298, 0, 0, 0, 0, 0, 0, 0, 0, 0, 732, 743, 747, 751, 757, 762, 766, 770, 775, 782, 789, 796, 802, 807, 814, 823, 831, 838, 847, 858, 867, 875, 885, 895]
[0, 796, 790, 784, 779, 774, 770, 769, 764, 762, 760, 755, 753, 752, 750, 747, 745, 743, 742, 741, 740, 739, 726, 505, 1304, 1299, 1300, 1298, 0, 0, 0, 0, 0, 0, 0, 0, 0, 748, 759, 763, 768, 772, 776, 782, 787, 792, 799, 805, 810, 817, 824, 831, 838, 847, 856, 865, 874, 882, 891, 901, 912]
[0, 820, 814, 808, 803, 799, 794, 791, 787, 784, 780, 778, 753, 775, 772, 771, 771, 769, 768, 767, 765, 764, 726, 505, 1304, 1299, 1300, 1298, 0, 0, 0, 0, 0, 0, 0, 0, 0, 750, 762, 766, 770, 774, 780, 782, 791, 796, 803, 810, 816, 817, 829, 831, 835, 844, 854, 864, 873, 881, 889, 898, 909]
[0, 825, 818, 812, 805, 800, 797, 792, 788, 784, 781, 778, 753, 776, 773, 771, 769, 769, 769, 768, 766, 765, 726, 505, 1304, 1299, 1300, 1298, 0, 0, 0, 0, 0, 0, 0, 0, 0, 775, 788, 793, 797, 802, 808, 812, 819, 825, 830, 835, 843, 851, 859, 867, 874, 881, 890, 899, 910, 881, 920, 930, 941]
[0, 842, 835, 830, 826, 821, 817, 813, 810, 808, 804, 801, 799, 796, 793, 791, 789, 788, 786, 785, 785, 789, 726, 505, 1304, 1299, 1300, 1298, 0, 0, 0, 0, 0, 0, 0, 0, 0, 776, 788, 793, 798, 802, 808, 812, 818, 825, 830, 835, 843, 851, 859, 866, 873, 881, 890, 899, 910, 920, 920, 930, 940]
[0, 838, 833, 828, 826, 818, 817, 814, 811, 808, 805, 801, 798, 796, 793, 791, 790, 789, 789, 787, 785, 784, 726, 505, 1304, 1299, 1300, 1298, 0, 0, 0, 0, 0, 0, 0, 0, 0, 800, 810, 813, 817, 823, 828, 832, 837, 843, 850, 857, 864, 871, 877, 885, 893, 901, 910, 920, 931, 941, 950, 961, 975]
[0, 855, 848, 841, 836, 832, 828, 825, 822, 819, 815, 812, 798, 809, 809, 807, 805, 803, 801, 800, 800, 799, 726, 505, 1304, 1299, 1300, 1298, 0, 0, 0, 0, 0, 0, 0, 0, 0, 0, 0, 811, 815, 821, 826, 831, 835, 840, 847, 854, 861, 868, 875, 881, 889, 898, 908, 917, 927, 937, 946, 956, 969]
[0, 859, 853, 847, 836, 840, 836, 833, 829, 826, 823, 820, 818, 815, 813, 811, 810, 808, 807, 805, 803, 804, 726, 505, 1304, 1299, 1300, 1298, 0, 0, 0, 0, 0, 0, 0, 0, 0, 0, 827, 830, 834, 839, 845, 852, 858, 864, 870, 877, 883, 890, 899, 908, 916, 926, 935, 944, 954, 964, 946, 991, 1002]
[0, 861, 854, 849, 843, 836, 833, 830, 828, 825, 821, 820, 818, 815, 813, 811, 810, 808, 808, 807, 805, 804, 726, 505, 1304, 1299, 1300, 1298, 0, 0, 0, 0, 0, 0, 0, 0, 0, 817, 830, 834, 839, 844, 850, 857, 863, 868, 874, 879, 885, 892, 899, 908, 917, 926, 935, 945, 955, 966, 980, 992, 1002]
[0, 887, 881, 849, 871, 836, 868, 864, 861, 857, 853, 850, 846, 843, 841, 838, 837, 836, 834, 833, 832, 833, 726, 505, 1304, 1299, 1300, 1298, 0, 0, 0, 0, 0, 0, 0, 0, 0, 0, 0, 833, 838, 843, 849, 856, 862, 866, 873, 879, 885, 891, 900, 910, 918, 926, 936, 945, 955, 964, 978, 991, 1002]
[0, 889, 884, 878, 873, 869, 865, 861, 858, 854, 851, 848, 844, 841, 839, 838, 836, 834, 834, 833, 832, 832, 726, 505, 1304, 1299, 1300, 1298, 0, 0, 329, 330, 0, 0, 0, 0, 0, 0, 0, 870, 874, 878, 882, 888, 894, 901, 907, 913, 920, 929, 938, 946, 955, 926, 964, 986, 997, 964, 1008, 1031, 1045]
[0, 890, 884, 879, 874, 870, 867, 863, 860, 856, 851, 852, 849, 846, 844, 841, 838, 837, 836, 835, 835, 835, 726, 505, 1304, 1299, 1300, 1298, 0, 0, 0, 330, 330, 0, 0, 0, 0, 0, 864, 868, 872, 877, 881, 886, 892, 897, 904, 911, 918, 926, 934, 943, 951, 961, 972, 982, 992, 1003, 1015, 1027, 1040]
[0, 890, 884, 879, 874, 869, 864, 863, 862, 859, 854, 851, 849, 845, 841, 839, 838, 836, 834, 833, 833, 833, 726, 505, 1304, 1299, 1300, 1298, 0, 0, 328, 330, 330, 0, 0, 0, 0, 0, 0, 871, 875, 880, 885, 890, 895, 901, 908, 916, 922, 930, 939, 947, 956, 967, 978, 988, 997, 1008, 1019, 1032, 1048]
[0, 888, 884, 878, 874, 869, 864, 865, 862, 859, 854, 850, 848, 846, 841, 839, 838, 836, 835, 834, 833, 833, 726, 505, 1304, 1299, 1300, 1298, 0, 0, 329, 331, 330, 0, 0, 0, 0, 0, 0, 871, 874, 878, 884, 890, 894, 901, 908, 915, 923, 930, 939, 938, 957, 967, 978, 987, 997, 1009, 1019, 1032, 1048]
[0, 927, 921, 915, 909, 904, 898, 894, 892, 889, 886, 883, 882, 880, 878, 839, 875, 873, 873, 873, 872, 871, 726, 505, 1304, 1299, 1300, 1298, 0, 0, 329, 331, 330, 0, 0, 0, 0, 0, 0, 871, 874, 878, 884, 890, 895, 902, 909, 916, 924, 930, 931, 948, 957, 959, 978, 987, 989, 1000, 1009, 1023, 1035]
[0, 935, 928, 922, 918, 913, 908, 904, 892, 900, 897, 895, 893, 891, 888, 885, 884, 883, 882, 882, 881, 880, 726, 505, 1304, 1299, 1300, 1298, 0, 331, 332, 0, 330, 0, 0, 0, 0, 0, 0, 908, 913, 919, 926, 931, 937, 942, 949, 955, 963, 972, 981, 992, 1002, 1010, 1020, 1032, 1044, 1056, 1070, 1083, 1097]
[0, 971, 963, 957, 952, 948, 944, 904, 941, 934, 897, 930, 928, 926, 923, 920, 919, 918, 917, 917, 916, 915, 726, 505, 1304, 1299, 1300, 1298, 0, 0, 332, 332, 330, 0, 0, 0, 0, 0, 0, 921, 927, 932, 937, 943, 950, 956, 962, 970, 963, 979, 988, 997, 1006, 1016, 1026, 1037, 1049, 1062, 1073, 1087, 1103]
[0, 972, 964, 957, 952, 948, 943, 941, 937, 933, 930, 930, 926, 926, 923, 920, 919, 918, 917, 917, 917, 916, 726, 505, 1304, 1299, 1300, 1298, 0, 0, 0, 0, 0, 0, 0, 0, 0, 0, 952, 957, 962, 969, 976, 984, 991, 997, 962, 1005, 1013, 1020, 1030, 1039, 1049, 1061, 1071, 1082, 1094, 1106, 1121, 1138, 1154]
[0, 972, 964, 957, 952, 948, 944, 941, 937, 933, 930, 930, 926, 926, 923, 922, 921, 918, 917, 917, 917, 916, 726, 505, 1304, 1299, 1300, 1298, 0, 0, 0, 0, 0, 0, 0, 0, 0, 0, 952, 957, 962, 969, 976, 984, 991, 997, 1004, 1005, 1020, 1029, 1030, 1038, 1049, 1061, 1070, 1082, 1094, 1106, 1121, 1138, 1153]
[0, 975, 968, 961, 956, 950, 946, 943, 940, 937, 934, 931, 928, 925, 923, 922, 920, 920, 919, 918, 918, 916, 726, 505, 1304, 1299, 1300, 1298, 0, 0, 0, 0, 0, 0, 0, 0, 0, 0, 952, 957, 962, 969, 976, 984, 991, 997, 1003, 1012, 1021, 1029, 1038, 1049, 1060, 1061, 1070, 1082, 1094, 1107, 1122, 1137, 1152]
[0, 972, 964, 957, 952, 948, 944, 941, 938, 934, 931, 931, 929, 927, 924, 923, 921, 919, 918, 917, 917, 917, 726, 505, 1304, 1299, 1300, 1298, 0, 0, 0, 0, 0, 0, 0, 0, 0, 0, 960, 955, 961, 967, 974, 981, 988, 994, 1000, 1007, 1016, 1025, 1035, 1045, 1055, 1067, 1076, 1086, 1100, 1113, 1128, 1144, 1159]
[0, 1032, 1026, 1020, 952, 1014, 1007, 1003, 999, 997, 994, 991, 989, 986, 984, 982, 980, 978, 977, 977, 978, 978, 726, 505, 1304, 1299, 1300, 1298, 0, 0, 0, 0, 0, 0, 0, 0, 0, 0, 953, 957, 962, 969, 976, 984, 992, 997, 1003, 1011, 1020, 1029, 1038, 1049, 1060, 1070, 1080, 1092, 1106, 1113, 1120, 1135, 1152]
[0, 1044, 1038, 1030, 1025, 1021, 1015, 1009, 999, 1003, 994, 999, 989, 997, 995, 993, 991, 990, 989, 989, 989, 989, 726, 505, 1304, 1299, 1300, 1298, 0, 0, 0, 0, 0, 0, 0, 0, 0, 0, 1021, 1027, 1034, 1040, 1047, 1055, 992, 1062, 1071, 1079, 1087, 1097, 1108, 1119, 1132, 1146, 1158, 1169, 1183, 1198, 1210, 1224, 1242]
[0, 1091, 1085, 1078, 1073, 1067, 1062, 1057, 1051, 1046, 1044, 1042, 1039, 1036, 1034, 1032, 1030, 1029, 1030, 1030, 1029, 1029, 726, 505, 1304, 1299, 1300, 1298, 0, 0, 0, 0, 0, 0, 0, 0, 0, 0, 1028, 1035, 1040, 1046, 1053, 1061, 1068, 1076, 1084, 1091, 1101, 1110, 1108, 1133, 1146, 1146, 1171, 1169, 1185, 1199, 1210, 1224, 1242]
[0, 1091, 1086, 1079, 1073, 1066, 1061, 1056, 1052, 1047, 1043, 1041, 1037, 1035, 1034, 1032, 1031, 1030, 1030, 1029, 1029, 1029, 726, 505, 1304, 1299, 1300, 1298, 0, 0, 0, 0, 0, 0, 0, 0, 0, 0, 1071, 1079, 1083, 1088, 1096, 1104, 1114, 1122, 1129, 1139, 1151, 1160, 1170, 1181, 1193, 1205, 1219, 1234, 1247, 1262, 1278, 1296, 1242]
[0, 1091, 1102, 1095, 1088, 1082, 1077, 1073, 1067, 1062, 1061, 1059, 1056, 1052, 1049, 1048, 1047, 1045, 1044, 1044, 1044, 1045, 726, 505, 1304, 1299, 1300, 1298, 0, 0, 0, 0, 0, 0, 0, 0, 0, 0, 1071, 1077, 1082, 1088, 1096, 1104, 1113, 1122, 1129, 1138, 1149, 1160, 1170, 1180, 1192, 1205, 1220, 1234, 1247, 1258, 1273, 1294, 1242]
[0, 1123, 1116, 1108, 1102, 1095, 1090, 1084, 1079, 1076, 1074, 1070, 1067, 1066, 1065, 1063, 1062, 1062, 1061, 1061, 1062, 1063, 726, 505, 1304, 1299, 1300, 1298, 0, 0, 341, 343, 0, 0, 0, 0, 0, 0, 1089, 1095, 1101, 1110, 1117, 1125, 1133, 1142, 1151, 1160, 1168, 1177, 1188, 1202, 1215, 1227, 1240, 1253, 1267, 1284, 1301, 1294, 1328]
[0, 1144, 1136, 1128, 1122, 1115, 1109, 1105, 1100, 1096, 1093, 1090, 1087, 1084, 1083, 1083, 1083, 1082, 1061, 1082, 1062, 1083, 1083, 505, 1304, 1299, 1300, 0, 341, 0, 338, 341, 345, 0, 0, 0, 0, 1104, 1107, 1114, 1121, 1130, 1136, 1144, 1154, 1161, 1168, 1175, 1185, 1197, 1210, 1225, 1238, 1250, 1264, 1277, 1293, 1284, 1301, 0, 1364]
[0, 1143, 1135, 1128, 1122, 1115, 1109, 1104, 1099, 1095, 1092, 1089, 1086, 1084, 1083, 1083, 1083, 1082, 1082, 1081, 1082, 1082, 1083, 1090, 1304, 1299, 1300, 0, 340, 0, 340, 340, 342, 0, 0, 0, 0, 1127, 1132, 1140, 1147, 1154, 1161, 1168, 1174, 1182, 1191, 1201, 1214, 1226, 1239, 1252, 1264, 1277, 1293, 1314, 1331, 1344, 1359, 1377, 1395]
[0, 1164, 1157, 1150, 1144, 1137, 1130, 1124, 1120, 1116, 1112, 1109, 1106, 1104, 1102, 1103, 1103, 1101, 1100, 1100, 1100, 1100, 1083, 1090, 1304, 1299, 1300, 0, 342, 340, 339, 340, 342, 0, 0, 0, 0, 1128, 1133, 1140, 1148, 1155, 1160, 1167, 1174, 1182, 1192, 1203, 1215, 1229, 1241, 1254, 1270, 1284, 1297, 1314, 1320, 1345, 1359, 1363, 1380]
[0, 1161, 1154, 1148, 1141, 1134, 1127, 1123, 1119, 1115, 1112, 1112, 1109, 1105, 1103, 1102, 1102, 1101, 1100, 1098, 1099, 1101, 1101, 1090, 1304, 1299, 1300, 345, 342, 344, 339, 343, 343, 0, 0, 0, 0, 1152, 1156, 1160, 1166, 1172, 1178, 1185, 1194, 1203, 1214, 1225, 1237, 1251, 1266, 1279, 1287, 1305, 1297, 1331, 1353, 1372, 1392, 1411, 1425]
[0, 1186, 1178, 1171, 1165, 1161, 1156, 1151, 1147, 1143, 1138, 1135, 1109, 1133, 1133, 1132, 1132, 1131, 1131, 1132, 1131, 1132, 1101, 1090, 1304, 1299, 0, 345, 344, 344, 343, 343, 344, 0, 0, 0, 0, 1152, 1159, 1163, 1169, 1176, 1182, 1190, 1199, 1210, 1220, 1225, 1229, 1241, 1257, 1276, 1287, 1299, 1317, 1332, 1344, 1359, 1383, 1404, 1418]
[0, 1192, 1188, 1181, 1173, 1166, 1162, 1158, 1155, 1152, 1148, 1143, 1140, 1138, 1137, 1132, 1134, 1131, 1131, 1133, 1135, 1134, 1134, 1090, 1304, 1299, 0, 354, 344, 344, 0, 343, 0, 0, 0, 0, 0, 1180, 1187, 1193, 1202, 1212, 1218, 1226, 1234, 1243, 1256, 1269, 1280, 1291, 1257, 1302, 1317, 1334, 1349, 1364, 1381, 1399, 1418, 1404, 1446]
[0, 1192, 1186, 1180, 1174, 1167, 1162, 1158, 1155, 1151, 1147, 1144, 1140, 1138, 1137, 1137, 1137, 1137, 1131, 1136, 1135, 1136, 1134, 1090, 1304, 1299, 355, 354, 344, 344, 0, 343, 0, 0, 0, 0, 0, 1180, 1187, 1195, 1204, 1212, 1223, 1231, 1235, 1246, 1261, 1271, 1280, 1292, 1303, 1317, 1335, 1334, 1350, 1366, 1381, 1399, 1420, 1445, 1463]
[0, 1212, 1205, 1200, 1194, 1188, 1183, 1178, 1174, 1170, 1166, 1164, 1140, 1162, 1161, 1160, 1159, 1160, 1159, 1159, 1159, 1160, 1137, 1090, 1304, 1299, 0, 355, 344, 344, 0, 0, 0, 0, 0, 0, 0, 1182, 1187, 1195, 1203, 1212, 1224, 1230, 1235, 1248, 1261, 1273, 1282, 1292, 1305, 1320, 1336, 1351, 1366, 1383, 1398, 1418, 1420, 1448, 1477]
[0, 1212, 1205, 1200, 1192, 1185, 1181, 1178, 1177, 1173, 1167, 1163, 1164, 1162, 1161, 1160, 1158, 1158, 1158, 1159, 1160, 1160, 1160, 1090, 1304, 1299, 0, 355, 344, 0, 341, 0, 0, 0, 0, 0, 0, 1212, 1222, 1229, 1240, 1251, 1255, 1261, 1268, 1273, 1284, 1297, 1311, 1326, 1339, 1352, 1336, 1364, 1393, 1383, 1411, 1430, 1452, 1474, 1491]
[0, 1233, 1225, 1216, 1207, 1203, 1198, 1178, 1194, 1190, 1186, 1182, 1178, 1178, 1177, 1175, 1174, 1173, 1173, 1173, 1174, 1175, 1163, 1090, 1304, 1299, 0, 355, 344, 0, 340, 0, 0, 0, 0, 0, 0, 1212, 1221, 1231, 1243, 1254, 1257, 1261, 1270, 1273, 1278, 1288, 1301, 1315, 1327, 1339, 1353, 1367, 1380, 1394, 1413, 1431, 1455, 1478, 1495]
[0, 1275, 1266, 1259, 1253, 1247, 1242, 1238, 1234, 1228, 1186, 1224, 1222, 1220, 1218, 1216, 1216, 1219, 1218, 1219, 1226, 1228, 1175, 1090, 1304, 1299, 0, 355, 0, 342, 341, 0, 342, 0, 0, 0, 0, 1236, 1245, 1253, 1255, 1263, 0, 1276, 1285, 1292, 1301, 1314, 1327, 1341, 1353, 1362, 1374, 1389, 1403, 1420, 1439, 1459, 1477, 1495, 1510]
[0, 1277, 1269, 1261, 1254, 1248, 1243, 1238, 1234, 1230, 1226, 1221, 1219, 1218, 1216, 1215, 1221, 1219, 1221, 1219, 1223, 1220, 1222, 1090, 1304, 1299, 0, 355, 0, 342, 341, 342, 342, 0, 0, 0, 0, 1274, 1279, 1285, 1295, 1303, 1311, 1323, 1334, 1343, 1353, 1363, 1371, 1341, 1379, 1389, 1400, 1409, 1417, 1430, 1445, 1460, 1475, 1489, 1501]
[0, 1298, 1291, 1283, 1277, 1271, 1264, 1260, 1256, 1230, 1249, 1221, 1247, 1244, 1244, 1247, 1246, 1245, 1247, 1246, 1245, 1243, 1217, 1090, 1304, 1299, 0, 355, 0, 0, 341, 342, 342, 0, 0, 0, 0, 1273, 1278, 1285, 1293, 1302, 1311, 1323, 1325, 1341, 1351, 1361, 1369, 1377, 1386, 1393, 1405, 1416, 1428, 1441, 1454, 1470, 1485, 1500, 1513]
[0, 1344, 1291, 1283, 1325, 1309, 1304, 1299, 1256, 1296, 1294, 1293, 1289, 1282, 1280, 1282, 1281, 1282, 1283, 1282, 1282, 1282, 1243, 1090, 1304, 1299, 0, 355, 0, 340, 341, 342, 342, 0, 0, 0, 0, 1302, 1307, 1310, 1314, 1318, 1326, 1333, 1339, 1344, 1351, 1361, 1369, 1378, 1385, 1394, 1404, 1415, 1427, 1441, 1454, 1455, 1469, 1484, 1499]
[0, 1422, 1411, 1399, 1392, 1388, 1382, 1377, 1372, 1367, 1363, 1357, 1351, 1348, 1341, 1332, 1324, 1317, 1313, 1310, 1306, 1302, 1282, 1090, 1304, 1299, 0, 355, 0, 340, 341, 342, 342, 0, 0, 0, 0, 1305, 1308, 1312, 1316, 1321, 1329, 1335, 1339, 1338, 1344, 1352, 1361, 1370, 1377, 1385, 1396, 1408, 1417, 1429, 1444, 1457, 1472, 1488, 1501]
[0, 1421, 1411, 1399, 1392, 1387, 1382, 1376, 1371, 1367, 1362, 1357, 1351, 1348, 1341, 1332, 1324, 1317, 1313, 1310, 1305, 1302, 1297, 1090, 1304, 1299, 0, 355, 0, 342, 342, 0, 342, 0, 0, 0, 0, 1307, 1304, 1306, 1310, 1314, 1319, 1325, 1332, 1339, 1346, 1354, 1361, 1369, 1378, 1386, 1396, 1407, 1418, 1430, 1445, 1459, 1473, 1489, 1502]
[0, 1422, 1412, 1400, 1392, 1387, 1382, 1376, 1371, 1368, 1364, 1357, 1352, 1349, 1342, 1333, 1324, 1318, 1315, 1311, 1305, 1300, 1298, 1090, 1304, 1299, 0, 355, 0, 0, 342, 342, 342, 0, 0, 0, 0, 1309, 1304, 1307, 1311, 1314, 1319, 1325, 1332, 1339, 1345, 1353, 1361, 1370, 1378, 1386, 1395, 1406, 1417, 1426, 1440, 1457, 1472, 1487, 1500]
[0, 1422, 1411, 1399, 1392, 1387, 1383, 1377, 1371, 1367, 1362, 1356, 1351, 1348, 1340, 1332, 1324, 1316, 1313, 1309, 1305, 1302, 1298, 1090, 1304, 1299, 0, 355, 0, 342, 0, 342, 342, 0, 0, 0, 0, 1309, 1305, 0, 1310, 1314, 1319, 1324, 1332, 1339, 1345, 1352, 1361, 1370, 1378, 1386, 1395, 1406, 1417, 1426, 1440, 1457, 1474, 1489, 1500]
[0, 1450, 1411, 1431, 1424, 1414, 1405, 1399, 1391, 1379, 1368, 1358, 1352, 1346, 1339, 1333, 1323, 1317, 1314, 1309, 1304, 1301, 1298, 1090, 1304, 1299, 0, 355, 0, 342, 342, 342, 342, 0, 0, 0, 0, 1309, 1303, 1307, 1310, 1314, 1318, 1324, 1331, 1339, 1345, 1352, 1361, 1370, 1378, 1386, 1396, 1407, 1417, 1430, 1444, 1457, 1472, 1487, 1500]
[0, 1472, 1456, 1436, 1422, 1411, 1400, 1392, 1380, 1371, 1368, 1353, 1352, 1347, 1340, 1332, 1326, 1319, 1315, 1312, 1307, 1302, 1297, 1090, 1304, 1299, 0, 355, 0, 341, 342, 0, 342, 0, 0, 0, 0, 1302, 1305, 1311, 1315, 0, 1319, 1324, 1331, 1339, 1345, 1351, 1360, 1369, 1377, 1385, 1395, 1405, 1416, 1426, 1440, 1455, 1469, 1485, 1500]
[0, 1464, 1449, 1435, 1422, 1411, 1400, 1389, 1380, 1378, 1370, 1363, 1353, 1347, 1340, 1332, 1325, 1319, 1313, 1311, 1307, 1301, 1298, 1090, 1304, 1299, 0, 355, 0, 0, 341, 342, 0, 0, 0, 0, 0, 1299, 1301, 1306, 1310, 1313, 1318, 1324, 1335, 1343, 1349, 1356, 1363, 1370, 1381, 1393, 1403, 1413, 1416, 1422, 1432, 1449, 1467, 1484, 1498]
[0, 1464, 1450, 1436, 1423, 1411, 1401, 1392, 1380, 1369, 1362, 1355, 1348, 1338, 1330, 1326, 1325, 1320, 1313, 1310, 1305, 1300, 1297, 1090, 1304, 1299, 0, 355, 0, 0, 341, 342, 0, 0, 0, 0, 0, 1299, 1301, 1306, 1309, 1313, 1318, 1325, 1334, 1343, 1346, 1353, 1363, 1370, 1381, 1392, 1401, 1412, 1422, 1433, 1447, 1460, 1476, 1492, 1508]
[0, 1471, 1454, 1442, 1428, 1415, 1404, 1395, 1386, 1373, 1364, 1357, 1351, 1347, 1338, 1329, 1323, 1317, 1314, 1308, 1304, 1300, 1296, 1295, 1304, 1299, 0, 355, 0, 0, 342, 343, 0, 0, 0, 0, 0, 1301, 1300, 1305, 1308, 1311, 1317, 1324, 1329, 1336, 1341, 1349, 1358, 1363, 1374, 1385, 1395, 1405, 1416, 1426, 1439, 1452, 1467, 1485, 1499]
[0, 1464, 1451, 1439, 1425, 1412, 1401, 1392, 1382, 1371, 1364, 1356, 1348, 1341, 1336, 1328, 1320, 1316, 1312, 1308, 1304, 1300, 1296, 1295, 1304, 1299, 0, 355, 0, 0, 342, 343, 0, 0, 0, 0, 0, 1298, 1300, 1304, 1309, 1312, 1315, 1321, 1329, 1337, 1341, 1348, 1357, 1363, 1373, 1384, 1394, 1404, 1415, 1425, 1438, 1453, 1468, 1485, 1499]
[0, 1471, 1455, 1442, 1428, 1415, 1404, 1394, 1385, 1373, 1364, 1357, 1351, 1344, 1336, 1328, 1322, 1317, 1313, 1310, 1306, 1300, 1297, 1295, 1304, 1299, 0, 355, 0, 0, 342, 343, 0, 0, 0, 0, 0, 1298, 1301, 1304, 1307, 1313, 1318, 1321, 1329, 1337, 1342, 1350, 1358, 1365, 1373, 1384, 1395, 1405, 1415, 1425, 1439, 1452, 1466, 1484, 1498]
[0, 1460, 1448, 1434, 1421, 1410, 1399, 1390, 1379, 1368, 1362, 1355, 1347, 1339, 1331, 1324, 1317, 1313, 1311, 1307, 1302, 1299, 1296, 1305, 1304, 1299, 0, 355, 0, 0, 343, 344, 0, 0, 0, 0, 0, 1298, 1300, 1304, 1308, 1312, 1317, 1320, 1326, 1335, 1343, 1347, 1353, 1366, 1376, 1384, 1391, 1398, 1408, 1422, 1434, 1448, 1461, 1474, 1493]
[0, 1460, 1447, 1433, 1420, 1410, 1399, 1384, 1373, 1368, 1361, 1354, 1346, 1339, 1331, 1323, 1317, 1313, 1310, 1305, 1300, 1297, 1296, 1305, 1304, 1299, 0, 355, 0, 343, 342, 0, 0, 0, 0, 0, 0, 1298, 1301, 1304, 1307, 1312, 1317, 1321, 1329, 1337, 1342, 1349, 1357, 1364, 1373, 1383, 1394, 1404, 1414, 1425, 1438, 1453, 1467, 1483, 1498]
[0, 1459, 1448, 1434, 1421, 1410, 1399, 1389, 1378, 1369, 1362, 1355, 1346, 1338, 1331, 1323, 1317, 1313, 1310, 1306, 1301, 1298, 1294, 1305, 1304, 1299, 0, 355, 0, 343, 342, 343, 0, 0, 0, 0, 0, 1296, 1302, 1305, 1309, 1313, 1317, 1323, 1331, 1336, 1341, 1349, 1357, 1365, 1374, 1381, 1391, 1403, 1413, 1425, 1438, 1450, 1468, 1485, 1495]
[0, 1463, 1448, 1435, 1421, 1410, 1399, 1388, 1378, 1368, 1362, 1354, 1345, 1337, 1332, 1325, 1317, 1313, 1309, 1305, 1300, 1298, 1296, 1305, 1304, 1299, 0, 355, 0, 342, 343, 0, 0, 0, 0, 0, 0, 1296, 1301, 1304, 1308, 1312, 1318, 1321, 1327, 1335, 1342, 1350, 1357, 1368, 1376, 1383, 1393, 1402, 1414, 1428, 1440, 1453, 1470, 1485, 1496]
[0, 1463, 1447, 1433, 1421, 1409, 1399, 1388, 1377, 1368, 1361, 1354, 1345, 1338, 1331, 1322, 1316, 1313, 1309, 1304, 1300, 1298, 1295, 1305, 1304, 1299, 0, 355, 0, 342, 0, 0, 0, 0, 0, 1301, 1302, 1295, 1299, 1303, 1306, 1310, 1316, 1324, 1328, 1336, 1345, 1349, 1359, 1369, 1376, 1384, 1394, 1404, 1418, 1433, 1450, 1468, 1485, 1504, 1510]
[0, 1463, 1448, 1433, 1422, 1411, 1399, 1388, 1377, 1368, 1361, 1353, 1344, 1337, 1330, 1323, 1317, 1313, 1308, 1303, 1300, 1299, 1295, 1293, 1304, 1299, 0, 355, 0, 342, 0, 361, 0, 0, 0, 0, 0, 1295, 1297, 1301, 1305, 1309, 1313, 1317, 1325, 1331, 1339, 1347, 1353, 1365, 1375, 1383, 1394, 1408, 1424, 1440, 1454, 1468, 1484, 1499, 1505]
[0, 1469, 1453, 1438, 1425, 1414, 1403, 1391, 1381, 1373, 1363, 1356, 1350, 1341, 1330, 1322, 1319, 1312, 1305, 1305, 1303, 1299, 1296, 1292, 1288, 1299, 0, 355, 0, 0, 363, 0, 0, 420, 0, 0, 1293, 1294, 1299, 1304, 1313, 1322, 1328, 1334, 1340, 1346, 1354, 1364, 1372, 1379, 1390, 1403, 1414, 1424, 1435, 1446, 1458, 1472, 1487, 1503, 1511]
[0, 1464, 1448, 1432, 1420, 1410, 1399, 1388, 1377, 1369, 1361, 1352, 1344, 1337, 1330, 1322, 1316, 1312, 1308, 1303, 1299, 1299, 1295, 1290, 1286, 1283, 0, 355, 0, 0, 0, 0, 0, 0, 0, 0, 1301, 1307, 1310, 0, 1314, 1320, 1326, 1331, 1335, 1342, 1350, 1357, 1370, 1378, 1387, 1398, 1409, 1419, 1428, 1440, 1454, 1467, 1483, 1500, 1505]
[0, 1466, 1452, 1434, 1422, 1412, 1399, 1388, 1378, 1370, 1360, 1350, 1342, 1337, 1331, 1324, 1316, 1312, 1308, 1302, 1299, 1299, 1295, 1292, 1288, 1286, 0, 355, 0, 0, 0, 0, 0, 0, 0, 0, 1299, 1306, 1310, 1310, 1314, 1321, 1327, 1333, 1338, 1346, 1354, 1363, 1374, 1384, 1392, 1403, 1412, 1421, 1434, 1447, 1459, 1474, 1491, 1507, 1511]
[0, 1464, 1449, 1434, 1420, 1408, 1396, 1387, 1377, 1369, 1360, 1351, 1343, 1336, 1329, 1322, 1316, 1312, 1307, 1302, 1301, 1298, 1291, 1292, 1288, 1288, 1298, 355, 0, 0, 0, 0, 0, 0, 0, 0, 1306, 1306, 1310, 1314, 1318, 1322, 1328, 1333, 1339, 1347, 1354, 1363, 1372, 1381, 1392, 1402, 1412, 1422, 1434, 1447, 1459, 1473, 1486, 1503, 1510]
[0, 1463, 1447, 1433, 1420, 1409, 1397, 1386, 1376, 1368, 1360, 1351, 1343, 1336, 1329, 1321, 1316, 1312, 1307, 1301, 1301, 1298, 1295, 1291, 1288, 1286, 1298, 355, 0, 0, 0, 0, 0, 0, 0, 0, 1304, 1307, 1310, 1313, 1318, 1321, 1326, 1332, 1339, 1348, 1356, 1363, 1370, 1380, 1392, 1403, 1412, 1421, 1433, 1446, 1459, 1473, 1488, 1503, 1510]
[0, 1465, 1451, 1434, 1422, 1410, 1396, 1387, 1378, 1369, 1360, 1350, 1342, 1335, 1329, 1323, 1316, 1312, 1308, 1303, 1299, 1298, 1295, 1291, 1288, 1286, 1298, 355, 0, 0, 0, 0, 0, 0, 0, 0, 1305, 1308, 1310, 1313, 1318, 1321, 1326, 1331, 1339, 1348, 1356, 1363, 1373, 1383, 1393, 1404, 1413, 1421, 1433, 1446, 1459, 1473, 1487, 1495, 1501]
[0, 1462, 1447, 1434, 1420, 1408, 1397, 1387, 1378, 1369, 1364, 1360, 1355, 1349, 1344, 1340, 1332, 1327, 1323, 1319, 1315, 1299, 1300, 1302, 1288, 1301, 1304, 1305, 0, 0, 0, 0, 393, 0, 0, 0, 1307, 1307, 1311, 1314, 1317, 1322, 1328, 1332, 1338, 1347, 1354, 1364, 1371, 1381, 1392, 1402, 1412, 1421, 1433, 1446, 1458, 1471, 1486, 1500, 1506]
[0, 1458, 1444, 1434, 1421, 1409, 1401, 1394, 1386, 1383, 1378, 1366, 1355, 1357, 1352, 1346, 1337, 1328, 1325, 1321, 1316, 1313, 1300, 1303, 1288, 1302, 1301, 1299, 0, 0, 0, 0, 400, 0, 0, 1301, 1306, 1308, 1311, 1314, 1318, 1322, 1327, 1332, 1339, 1347, 1354, 1362, 1371, 1381, 1391, 1403, 1413, 1421, 1433, 1446, 1458, 1473, 1488, 1501, 1506]
[0, 1458, 1445, 1432, 1420, 1408, 1398, 1394, 1392, 1390, 1386, 1375, 1363, 1357, 1350, 1341, 1334, 1330, 1325, 1321, 1315, 1311, 1310, 1307, 1304, 1302, 1300, 1300, 0, 1295, 0, 1295, 1299, 1298, 1299, 1303, 1306, 1310, 1311, 1313, 1318, 1323, 1327, 1332, 1343, 1349, 1354, 1363, 1376, 1386, 1393, 1406, 1416, 1426, 1439, 1451, 1462, 1473, 1488, 1501, 1502]
[0, 1463, 1450, 1432, 1437, 1429, 1398, 1421, 1408, 1393, 1383, 1372, 1363, 1357, 1351, 1343, 1334, 1330, 1324, 1319, 1315, 1310, 1308, 1304, 1303, 1301, 1300, 1300, 1294, 1292, 1298, 1297, 1300, 1303, 1301, 1305, 1308, 1310, 1312, 1315, 1321, 1323, 1328, 1332, 1335, 1343, 1351, 1358, 1366, 1378, 1389, 1398, 1407, 1416, 1427, 1439, 1452, 1465, 1478, 1491, 1502]
[0, 1467, 1455, 1443, 1440, 1434, 1417, 1404, 1397, 1389, 1378, 1366, 1357, 1352, 1348, 1338, 1329, 1327, 1323, 1319, 1318, 1314, 1307, 1304, 1301, 1300, 1300, 1299, 1298, 1297, 1297, 1297, 1297, 1300, 1302, 1305, 1308, 1309, 1312, 1316, 1320, 1323, 1328, 1332, 1332, 1338, 1349, 1357, 1364, 1373, 1385, 1397, 1406, 1416, 1427, 1441, 1453, 1465, 1478, 1491, 1505]
[0, 1476, 1462, 1447, 1437, 1426, 1417, 1413, 1402, 1393, 1387, 1376, 1363, 1357, 1350, 1341, 1334, 1329, 1325, 1320, 1316, 1313, 1310, 1307, 1304, 1301, 1300, 1299, 1297, 1298, 1298, 1298, 1299, 1299, 1301, 1303, 1304, 1307, 1311, 1314, 1318, 1322, 1327, 1331, 1338, 1348, 1355, 1361, 1372, 1382, 1391, 1402, 1412, 1421, 1433, 1446, 1458, 1472, 1487, 1501, 1506]
[0, 1476, 1462, 1462, 1448, 1436, 1425, 1414, 1403, 1392, 1385, 1375, 1362, 1356, 1351, 1343, 1334, 1329, 1325, 1320, 1314, 1310, 1308, 1305, 1303, 1301, 1299, 1298, 1298, 1297, 1298, 1296, 1298, 1299, 1299, 1303, 1306, 1309, 1311, 1314, 1323, 1327, 1327, 1331, 1342, 1349, 1355, 1364, 1375, 1385, 1393, 1405, 1416, 1425, 1438, 1448, 1459, 1474, 1488, 1488, 1494]
[0, 1475, 1462, 1462, 1437, 1436, 1426, 1414, 1403, 1393, 1386, 1375, 1363, 1356, 1350, 1341, 1334, 1329, 1324, 1319, 1314, 1310, 1307, 1304, 1303, 1301, 1299, 1299, 1298, 1296, 1297, 1297, 1298, 1299, 1300, 1304, 1307, 1309, 1312, 1316, 1320, 1323, 1331, 1340, 1344, 1348, 1355, 1364, 1374, 1384, 1393, 1404, 1416, 1415, 1427, 1441, 1453, 1463, 1476, 1488, 1507]
