[0, 0, 0, 0, 0, 0, 0, 0, 0, 0, 0, 0, 0, 0, 0, 0, 0, 0, 0, 0, 0, 0, 0, 0, 0, 0, 0, 0, 0, 0, 0, 0, 0, 0, 0, 0, 0, 0, 0, 0, 0, 0, 0, 0, 0, 0, 0, 0, 0, 0, 0, 0, 0, 0, 0, 0, 0, 0, 0, 0, 0]
[0, 511, 508, 504, 501, 499, 496, 493, 490, 487, 485, 483, 481, 479, 477, 475, 474, 473, 472, 470, 469, 468, 467, 466, 466, 467, 467, 467, 467, 468, 468, 469, 469, 470, 470, 471, 473, 474, 475, 478, 480, 481, 483, 485, 488, 490, 493, 497, 500, 504, 508, 513, 518, 521, 527, 533, 538, 543, 549, 556, 562]
[0, 510, 508, 505, 502, 499, 496, 493, 490, 487, 485, 483, 480, 479, 477, 475, 474, 473, 472, 470, 470, 469, 468, 467, 467, 466, 467, 467, 467, 468, 468, 468, 469, 470, 471, 472, 473, 476, 477, 478, 479, 482, 484, 486, 488, 492, 495, 498, 502, 507, 508, 514, 519, 521, 523, 529, 534, 539, 545, 551, 557]
[0, 513, 509, 505, 502, 499, 496, 492, 489, 486, 484, 482, 480, 479, 479, 475, 474, 473, 472, 471, 470, 469, 468, 467, 467, 467, 466, 467, 467, 468, 468, 468, 469, 470, 471, 472, 473, 475, 477, 479, 480, 482, 484, 486, 489, 492, 496, 498, 503, 507, 507, 511, 515, 519, 524, 530, 535, 540, 547, 553, 559]
[0, 512, 508, 505, 501, 498, 494, 491, 489, 488, 485, 483, 481, 480, 477, 475, 475, 473, 472, 471, 470, 469, 468, 467, 466, 466, 466, 466, 467, 468, 468, 468, 469, 470, 471, 472, 474, 475, 477, 479, 480, 481, 482, 484, 487, 489, 493, 496, 499, 503, 507, 514, 518, 520, 525, 530, 536, 541, 547, 554, 560]
[0, 512, 509, 506, 502, 499, 496, 492, 490, 488, 488, 486, 483, 480, 479, 478, 476, 474, 474, 473, 472, 471, 470, 467, 469, 467, 467, 467, 467, 468, 468, 468, 470, 471, 471, 472, 473, 474, 476, 478, 480, 481, 483, 485, 488, 491, 494, 497, 500, 504, 509, 513, 518, 522, 527, 533, 538, 543, 549, 556, 562]
[0, 515, 510, 507, 505, 501, 496, 494, 492, 489, 485, 482, 482, 481, 479, 478, 477, 474, 474, 473, 473, 471, 470, 468, 469, 467, 469, 470, 470, 468, 470, 471, 472, 473, 473, 474, 476, 477, 479, 481, 483, 484, 486, 488, 491, 494, 497, 500, 504, 508, 512, 517, 521, 526, 531, 536, 542, 548, 554, 560, 562]
[0, 512, 509, 506, 502, 499, 496, 496, 493, 490, 488, 485, 483, 481, 480, 478, 476, 475, 474, 473, 472, 471, 470, 468, 468, 469, 469, 469, 469, 470, 470, 470, 472, 472, 472, 475, 476, 478, 479, 481, 483, 485, 486, 487, 489, 492, 496, 499, 502, 506, 510, 515, 519, 523, 528, 534, 539, 544, 550, 556, 563]
[0, 512, 509, 506, 502, 499, 496, 492, 493, 490, 487, 485, 483, 481, 479, 478, 476, 475, 474, 473, 472, 470, 470, 469, 469, 469, 470, 469, 470, 470, 470, 471, 472, 473, 473, 474, 476, 477, 479, 481, 483, 484, 486, 488, 491, 493, 495, 499, 504, 508, 512, 517, 521, 526, 531, 536, 542, 548, 554, 560, 567]
[0, 515, 511, 508, 504, 499, 497, 494, 491, 488, 486, 483, 483, 481, 480, 478, 477, 475, 473, 473, 472, 471, 470, 469, 469, 469, 469, 470, 470, 470, 470, 471, 472, 472, 473, 474, 475, 477, 479, 481, 483, 484, 486, 488, 491, 494, 497, 500, 504, 508, 512, 517, 521, 526, 531, 536, 542, 548, 554, 560, 567]
[0, 515, 514, 511, 508, 505, 501, 498, 495, 492, 490, 487, 485, 484, 482, 481, 477, 479, 477, 476, 475, 471, 474, 473, 469, 468, 468, 469, 470, 471, 471, 470, 472, 471, 474, 476, 475, 477, 478, 480, 482, 483, 485, 488, 490, 493, 497, 499, 504, 508, 511, 515, 519, 525, 530, 534, 540, 547, 553, 559, 565]
[0, 517, 513, 509, 506, 502, 499, 497, 494, 492, 491, 488, 486, 485, 483, 481, 480, 478, 477, 476, 475, 474, 474, 473, 473, 472, 473, 473, 473, 473, 474, 475, 475, 476, 477, 479, 480, 482, 483, 485, 487, 488, 490, 488, 496, 493, 502, 499, 506, 513, 511, 523, 519, 527, 532, 538, 543, 549, 555, 560, 567]
[0, 515, 510, 507, 506, 505, 502, 498, 496, 493, 490, 488, 486, 485, 483, 481, 479, 478, 477, 476, 475, 474, 474, 473, 473, 473, 473, 472, 474, 473, 474, 474, 475, 475, 476, 478, 479, 481, 482, 484, 485, 488, 490, 492, 495, 498, 501, 504, 508, 512, 517, 521, 526, 531, 535, 540, 546, 553, 558, 564, 572]
[0, 516, 511, 509, 506, 502, 499, 497, 494, 491, 488, 486, 486, 485, 483, 482, 480, 479, 478, 476, 475, 474, 474, 473, 473, 473, 473, 472, 473, 474, 474, 474, 475, 477, 477, 478, 480, 481, 482, 484, 486, 488, 490, 492, 495, 498, 501, 505, 509, 513, 517, 522, 526, 531, 536, 542, 548, 554, 559, 565, 572]
[0, 517, 514, 510, 508, 504, 501, 497, 495, 492, 489, 487, 485, 484, 482, 481, 480, 478, 478, 477, 476, 475, 474, 473, 472, 473, 473, 473, 473, 474, 474, 475, 475, 477, 478, 479, 480, 481, 482, 483, 485, 487, 489, 492, 494, 497, 500, 503, 508, 512, 515, 520, 525, 530, 535, 540, 545, 551, 557, 563, 570]
[0, 517, 515, 508, 508, 505, 501, 498, 495, 493, 490, 488, 486, 485, 483, 481, 479, 478, 477, 477, 475, 474, 473, 473, 473, 472, 472, 473, 473, 473, 474, 475, 476, 476, 477, 479, 481, 482, 482, 485, 487, 488, 491, 493, 494, 496, 499, 506, 508, 510, 513, 518, 523, 527, 532, 538, 543, 549, 555, 561, 567]
[0, 519, 514, 511, 507, 504, 501, 498, 495, 492, 489, 487, 485, 484, 482, 481, 479, 478, 478, 476, 475, 475, 474, 473, 473, 473, 472, 472, 473, 474, 474, 474, 475, 476, 477, 478, 480, 481, 482, 484, 486, 488, 490, 492, 495, 499, 502, 505, 509, 513, 518, 522, 523, 526, 531, 536, 548, 549, 554, 567, 574]
[0, 516, 511, 508, 507, 502, 501, 499, 496, 493, 490, 488, 486, 485, 484, 481, 480, 479, 477, 476, 475, 474, 474, 473, 473, 472, 473, 473, 473, 473, 474, 475, 475, 476, 477, 478, 480, 482, 483, 485, 486, 488, 490, 493, 496, 499, 502, 506, 510, 513, 518, 522, 527, 526, 532, 538, 543, 549, 555, 561, 567]
[0, 516, 525, 517, 507, 514, 511, 508, 505, 503, 501, 498, 496, 495, 494, 491, 489, 488, 487, 485, 484, 474, 483, 473, 473, 472, 473, 472, 474, 473, 474, 475, 476, 476, 477, 478, 479, 481, 482, 484, 486, 487, 490, 493, 495, 498, 501, 504, 508, 513, 517, 521, 526, 531, 536, 542, 547, 553, 559, 565, 572]
[0, 525, 525, 521, 514, 514, 511, 508, 505, 503, 501, 498, 497, 495, 493, 491, 489, 488, 487, 485, 484, 484, 483, 473, 482, 482, 482, 483, 482, 483, 485, 485, 486, 486, 487, 489, 490, 491, 494, 496, 498, 499, 501, 504, 507, 509, 513, 517, 521, 525, 530, 535, 539, 544, 536, 554, 560, 566, 559, 573, 581]
[0, 527, 523, 520, 516, 513, 511, 507, 504, 501, 499, 497, 497, 495, 493, 491, 489, 488, 487, 486, 485, 484, 484, 483, 482, 482, 482, 483, 482, 483, 485, 485, 485, 486, 487, 489, 490, 491, 493, 496, 498, 499, 501, 504, 507, 509, 513, 517, 521, 525, 530, 534, 539, 544, 536, 549, 554, 560, 573, 581, 581]
[0, 535, 532, 527, 524, 513, 518, 516, 504, 512, 509, 507, 506, 504, 502, 501, 500, 498, 496, 495, 494, 493, 493, 492, 483, 483, 483, 483, 483, 484, 485, 485, 486, 487, 488, 489, 490, 491, 492, 494, 499, 499, 501, 506, 507, 512, 513, 515, 519, 524, 527, 532, 537, 542, 547, 554, 559, 564, 570, 578, 585]
[0, 535, 532, 528, 525, 522, 518, 516, 504, 512, 510, 508, 506, 504, 503, 501, 500, 498, 496, 495, 494, 493, 493, 493, 492, 492, 492, 492, 483, 493, 494, 495, 486, 496, 496, 497, 498, 500, 502, 504, 506, 508, 510, 513, 516, 518, 522, 526, 530, 533, 538, 543, 548, 553, 558, 563, 569, 576, 582, 590, 597]
[0, 540, 536, 533, 529, 525, 523, 520, 516, 514, 512, 508, 509, 506, 503, 504, 503, 501, 500, 499, 498, 497, 497, 496, 492, 492, 492, 492, 492, 492, 494, 495, 486, 496, 496, 497, 500, 500, 502, 504, 506, 508, 510, 512, 515, 519, 522, 526, 530, 533, 537, 542, 547, 552, 557, 563, 569, 575, 582, 589, 596]
[0, 541, 537, 533, 529, 526, 523, 520, 516, 514, 512, 509, 508, 506, 505, 503, 501, 501, 500, 499, 498, 497, 497, 496, 496, 495, 495, 495, 496, 497, 497, 498, 499, 501, 502, 502, 503, 505, 507, 509, 511, 513, 510, 516, 519, 521, 524, 529, 533, 537, 541, 545, 550, 555, 560, 566, 573, 579, 586, 593, 599]
[0, 547, 537, 539, 536, 532, 523, 529, 526, 524, 522, 518, 516, 515, 514, 513, 511, 510, 508, 507, 506, 506, 505, 496, 496, 496, 495, 495, 496, 497, 498, 498, 499, 500, 501, 502, 503, 505, 507, 509, 511, 513, 510, 516, 519, 522, 525, 529, 532, 536, 541, 545, 550, 554, 559, 566, 572, 579, 586, 592, 599]
[0, 549, 545, 541, 538, 534, 531, 528, 526, 523, 520, 518, 516, 515, 514, 513, 511, 510, 508, 507, 507, 506, 505, 505, 504, 496, 504, 504, 496, 504, 500, 496, 497, 502, 508, 510, 511, 512, 514, 516, 519, 521, 523, 527, 530, 533, 536, 540, 544, 549, 553, 557, 562, 568, 574, 580, 586, 593, 599, 606, 613]
[0, 554, 550, 546, 542, 539, 536, 533, 530, 526, 524, 523, 521, 519, 517, 515, 514, 510, 511, 507, 510, 510, 509, 509, 504, 503, 504, 504, 503, 500, 496, 495, 499, 506, 510, 511, 512, 513, 514, 515, 517, 520, 522, 524, 532, 533, 535, 538, 542, 546, 550, 555, 560, 565, 570, 578, 584, 590, 596, 602, 610]
[0, 554, 550, 546, 542, 539, 536, 533, 530, 526, 524, 523, 521, 519, 517, 515, 514, 510, 512, 511, 510, 510, 509, 509, 508, 508, 508, 508, 507, 502, 497, 496, 498, 505, 511, 514, 515, 517, 519, 521, 523, 526, 522, 532, 535, 539, 542, 546, 550, 546, 557, 555, 562, 568, 573, 580, 587, 593, 600, 606, 613]
[0, 557, 553, 550, 546, 542, 539, 536, 533, 531, 528, 526, 521, 524, 522, 521, 519, 518, 516, 516, 515, 514, 513, 512, 508, 508, 508, 508, 507, 502, 497, 496, 498, 505, 511, 514, 515, 516, 519, 521, 523, 523, 529, 532, 535, 539, 539, 546, 550, 550, 554, 558, 563, 569, 575, 581, 588, 594, 600, 606, 613]
[0, 557, 553, 550, 546, 542, 539, 536, 533, 531, 528, 528, 524, 522, 522, 521, 519, 518, 517, 516, 515, 514, 513, 513, 512, 512, 512, 512, 507, 500, 497, 495, 498, 505, 511, 519, 521, 522, 524, 521, 528, 523, 531, 534, 537, 540, 544, 547, 551, 555, 559, 564, 570, 576, 582, 588, 594, 600, 607, 613, 621]
[0, 569, 565, 561, 558, 555, 551, 548, 546, 543, 540, 528, 538, 536, 535, 533, 532, 530, 529, 528, 527, 527, 527, 513, 512, 512, 512, 512, 507, 499, 495, 495, 498, 507, 516, 519, 520, 522, 522, 524, 526, 529, 531, 534, 537, 541, 544, 547, 552, 556, 560, 564, 569, 576, 582, 588, 594, 600, 608, 615, 621]
[0, 567, 565, 563, 559, 556, 553, 550, 546, 544, 542, 540, 538, 536, 534, 532, 531, 530, 529, 528, 528, 528, 527, 526, 525, 525, 525, 524, 507, 0, 493, 495, 494, 498, 516, 0, 520, 533, 537, 0, 540, 542, 545, 549, 552, 555, 558, 561, 565, 570, 575, 580, 586, 592, 597, 603, 610, 616, 622, 630, 638]
[0, 582, 577, 572, 568, 565, 561, 559, 556, 553, 551, 549, 546, 545, 543, 541, 539, 538, 529, 537, 528, 536, 535, 535, 525, 525, 524, 524, 0, 501, 494, 493, 495, 498, 516, 0, 533, 535, 537, 539, 541, 544, 546, 550, 552, 556, 560, 563, 567, 572, 577, 582, 588, 594, 599, 605, 613, 620, 627, 634, 638]
[0, 580, 575, 570, 566, 563, 560, 558, 555, 552, 551, 550, 547, 545, 544, 542, 540, 539, 537, 537, 536, 535, 534, 535, 534, 534, 534, 534, 0, 499, 494, 492, 494, 498, 516, 0, 542, 544, 547, 548, 551, 554, 556, 559, 563, 566, 570, 574, 579, 583, 588, 594, 599, 605, 611, 617, 624, 631, 627, 639, 646]
[0, 589, 586, 581, 576, 572, 569, 558, 563, 561, 558, 550, 556, 554, 553, 551, 549, 548, 547, 546, 545, 545, 544, 534, 534, 534, 534, 533, 0, 496, 494, 493, 492, 496, 516, 0, 543, 544, 545, 549, 0, 552, 555, 557, 559, 564, 567, 571, 576, 581, 586, 590, 595, 600, 607, 615, 621, 626, 633, 641, 648]
[0, 588, 584, 581, 579, 575, 571, 568, 565, 563, 560, 557, 556, 553, 552, 551, 549, 548, 547, 546, 545, 545, 544, 543, 543, 544, 544, 538, 0, 496, 494, 491, 491, 495, 516, 0, 543, 555, 545, 557, 558, 560, 563, 567, 571, 575, 578, 581, 587, 591, 596, 601, 606, 612, 618, 624, 631, 639, 646, 652, 660]
[0, 594, 590, 586, 582, 578, 575, 571, 568, 563, 566, 563, 561, 559, 558, 556, 555, 553, 552, 551, 550, 549, 548, 544, 544, 543, 544, 543, 0, 500, 493, 491, 492, 497, 516, 0, 0, 553, 555, 557, 559, 562, 565, 568, 572, 576, 580, 584, 588, 593, 597, 602, 608, 614, 620, 627, 634, 641, 648, 654, 662]
[0, 605, 601, 597, 593, 590, 586, 583, 580, 576, 573, 571, 568, 566, 564, 563, 562, 561, 561, 559, 559, 558, 548, 558, 548, 548, 548, 540, 0, 0, 494, 490, 491, 495, 516, 0, 557, 559, 555, 563, 0, 565, 568, 572, 576, 580, 584, 587, 591, 596, 601, 606, 612, 618, 624, 630, 638, 645, 651, 658, 666]
[0, 606, 602, 598, 594, 590, 587, 583, 581, 577, 574, 571, 569, 567, 566, 564, 563, 562, 561, 559, 558, 558, 558, 558, 557, 558, 558, 557, 0, 496, 490, 489, 491, 496, 516, 0, 0, 568, 569, 572, 575, 579, 582, 585, 589, 593, 596, 600, 604, 609, 614, 620, 626, 633, 640, 646, 653, 660, 667, 674, 682]
[0, 605, 601, 597, 593, 589, 585, 583, 579, 576, 573, 570, 568, 566, 564, 563, 563, 561, 561, 560, 559, 558, 558, 558, 558, 558, 558, 558, 0, 497, 491, 489, 490, 496, 516, 0, 0, 568, 569, 571, 575, 579, 582, 585, 588, 592, 596, 600, 604, 609, 614, 619, 625, 631, 638, 645, 652, 659, 667, 674, 681]
[0, 613, 609, 605, 601, 598, 594, 592, 589, 587, 573, 583, 580, 579, 577, 575, 573, 572, 570, 570, 569, 568, 567, 558, 557, 558, 558, 557, 0, 495, 490, 489, 491, 496, 516, 0, 566, 568, 569, 572, 575, 579, 582, 585, 589, 593, 596, 600, 604, 609, 615, 620, 626, 632, 639, 646, 653, 660, 668, 675, 681]
[0, 620, 615, 612, 609, 605, 601, 598, 595, 593, 590, 587, 585, 583, 581, 580, 579, 577, 576, 575, 574, 568, 572, 567, 567, 567, 567, 557, 501, 495, 490, 486, 488, 492, 0, 576, 578, 580, 583, 585, 575, 588, 590, 594, 597, 601, 605, 609, 613, 617, 623, 629, 635, 642, 648, 655, 662, 668, 676, 684, 692]
[0, 630, 625, 620, 616, 613, 610, 606, 603, 600, 598, 596, 594, 592, 591, 589, 588, 587, 585, 584, 584, 568, 583, 582, 572, 572, 571, 572, 0, 495, 488, 486, 489, 495, 0, 576, 0, 584, 586, 589, 591, 594, 597, 601, 605, 608, 612, 616, 620, 626, 632, 638, 644, 649, 656, 662, 670, 678, 686, 694, 702]
[0, 627, 623, 618, 615, 612, 608, 605, 602, 599, 597, 595, 593, 592, 591, 590, 588, 587, 585, 585, 584, 582, 582, 582, 581, 581, 581, 581, 0, 493, 486, 485, 488, 495, 0, 576, 0, 593, 596, 598, 601, 603, 606, 610, 613, 618, 623, 627, 633, 638, 644, 650, 655, 661, 667, 674, 681, 690, 699, 707, 715]
[0, 628, 623, 618, 615, 612, 608, 604, 601, 599, 597, 597, 595, 593, 591, 590, 588, 587, 586, 585, 584, 582, 582, 582, 582, 581, 581, 0, 0, 499, 490, 486, 487, 491, 0, 590, 592, 594, 596, 599, 601, 604, 608, 610, 611, 619, 623, 623, 628, 634, 640, 645, 651, 657, 663, 669, 676, 684, 693, 701, 709]
[0, 633, 628, 624, 620, 616, 613, 604, 610, 605, 597, 602, 599, 597, 596, 595, 593, 592, 591, 589, 588, 588, 587, 582, 581, 581, 581, 0, 0, 496, 489, 487, 487, 491, 0, 590, 592, 594, 0, 597, 599, 602, 605, 609, 612, 615, 619, 624, 629, 635, 641, 646, 652, 657, 665, 671, 678, 686, 695, 703, 711]
[0, 634, 630, 626, 621, 618, 614, 611, 608, 605, 603, 600, 598, 597, 595, 593, 592, 591, 591, 590, 589, 588, 588, 588, 587, 587, 586, 0, 0, 496, 489, 486, 487, 491, 0, 595, 592, 599, 602, 605, 599, 610, 605, 614, 617, 621, 626, 630, 635, 640, 645, 651, 657, 663, 669, 676, 684, 693, 701, 708, 716]
[0, 640, 630, 635, 630, 626, 623, 619, 616, 614, 611, 609, 607, 605, 602, 601, 600, 599, 598, 597, 597, 596, 596, 588, 587, 586, 587, 587, 0, 496, 485, 486, 485, 488, 496, 595, 0, 599, 601, 604, 607, 610, 613, 616, 620, 624, 629, 634, 639, 645, 649, 655, 661, 668, 675, 682, 690, 698, 706, 708, 714]
[0, 651, 647, 643, 638, 634, 631, 619, 628, 625, 622, 619, 616, 614, 612, 611, 610, 608, 607, 606, 605, 605, 604, 595, 595, 586, 594, 595, 0, 493, 487, 485, 486, 492, 496, 595, 0, 607, 610, 612, 614, 617, 621, 625, 629, 633, 637, 643, 648, 653, 659, 664, 670, 676, 683, 690, 698, 707, 714, 723, 733]
[0, 654, 649, 645, 641, 637, 632, 629, 625, 623, 620, 617, 615, 613, 612, 610, 609, 608, 607, 606, 605, 605, 605, 604, 604, 603, 603, 595, 0, 494, 486, 484, 485, 492, 0, 613, 0, 615, 617, 620, 623, 626, 630, 634, 638, 642, 646, 651, 655, 661, 665, 671, 678, 685, 693, 700, 707, 714, 722, 731, 741]
[0, 652, 647, 643, 639, 635, 631, 627, 623, 621, 620, 617, 615, 615, 613, 611, 610, 608, 607, 606, 605, 604, 604, 604, 604, 604, 603, 603, 0, 491, 486, 485, 487, 493, 0, 613, 0, 616, 619, 621, 624, 627, 631, 635, 639, 643, 647, 652, 658, 662, 668, 674, 681, 688, 696, 703, 710, 717, 725, 735, 745]
[0, 663, 647, 658, 654, 650, 646, 643, 639, 621, 620, 617, 615, 615, 613, 611, 610, 608, 607, 606, 605, 604, 604, 604, 603, 603, 603, 0, 0, 496, 488, 484, 484, 488, 0, 612, 615, 617, 619, 622, 626, 629, 632, 636, 641, 643, 645, 654, 658, 659, 665, 671, 676, 683, 690, 698, 705, 712, 720, 729, 739]
[0, 663, 647, 658, 654, 650, 646, 643, 639, 621, 620, 617, 615, 615, 613, 611, 610, 608, 607, 606, 605, 604, 604, 604, 603, 603, 603, 0, 0, 496, 488, 484, 484, 488, 0, 612, 615, 617, 619, 622, 626, 629, 632, 636, 641, 643, 645, 654, 658, 659, 665, 671, 676, 683, 690, 698, 705, 712, 720, 729, 739]
[0, 678, 674, 669, 665, 662, 658, 654, 651, 648, 646, 644, 642, 615, 637, 611, 636, 635, 634, 632, 631, 630, 629, 604, 603, 603, 603, 0, 0, 496, 488, 484, 484, 488, 0, 612, 615, 617, 619, 622, 626, 629, 632, 636, 641, 643, 645, 654, 658, 659, 665, 671, 676, 683, 690, 698, 705, 712, 720, 729, 739]
[0, 680, 674, 675, 670, 666, 662, 659, 656, 653, 651, 648, 646, 644, 643, 641, 639, 638, 637, 636, 634, 634, 629, 634, 629, 629, 629, 0, 0, 493, 485, 482, 482, 487, 498, 612, 0, 645, 647, 650, 653, 657, 660, 664, 669, 673, 677, 682, 658, 688, 695, 701, 708, 714, 721, 729, 737, 745, 755, 765, 774]
[0, 691, 685, 681, 676, 672, 668, 664, 662, 659, 657, 654, 652, 644, 649, 641, 647, 645, 644, 644, 643, 642, 642, 634, 629, 634, 629, 634, 0, 487, 485, 482, 484, 491, 498, 0, 646, 648, 650, 652, 655, 659, 663, 666, 670, 675, 679, 684, 690, 696, 702, 709, 716, 723, 730, 738, 747, 755, 764, 774, 784]
[0, 703, 697, 693, 688, 684, 680, 676, 672, 670, 657, 667, 665, 663, 662, 661, 659, 657, 655, 654, 654, 654, 653, 641, 640, 641, 641, 634, 0, 493, 484, 481, 483, 486, 496, 0, 653, 656, 658, 661, 665, 667, 671, 675, 680, 684, 689, 695, 701, 707, 702, 718, 726, 733, 740, 749, 759, 755, 768, 776, 786]
[0, 708, 703, 693, 698, 693, 689, 686, 682, 679, 676, 674, 672, 669, 668, 666, 665, 664, 662, 661, 661, 661, 660, 653, 653, 652, 652, 634, 0, 490, 483, 480, 482, 486, 496, 0, 667, 669, 671, 0, 678, 667, 685, 675, 689, 694, 699, 704, 709, 715, 721, 727, 735, 742, 750, 758, 766, 775, 784, 795, 806]
[0, 715, 710, 705, 701, 697, 694, 689, 685, 681, 679, 677, 674, 672, 671, 669, 668, 667, 666, 665, 663, 661, 663, 659, 659, 659, 659, 634, 0, 487, 482, 480, 483, 486, 488, 0, 671, 674, 676, 679, 682, 685, 690, 694, 698, 704, 708, 712, 717, 723, 730, 737, 746, 753, 761, 768, 777, 787, 797, 807, 817]
[0, 720, 715, 710, 707, 703, 700, 696, 692, 681, 689, 686, 684, 682, 680, 678, 677, 675, 674, 673, 672, 670, 670, 659, 663, 663, 663, 665, 0, 0, 484, 481, 480, 483, 491, 0, 676, 679, 681, 683, 687, 691, 695, 699, 704, 709, 713, 718, 723, 730, 737, 744, 752, 760, 767, 775, 785, 795, 804, 814, 824]
[0, 719, 714, 710, 707, 703, 700, 696, 692, 692, 689, 686, 684, 682, 680, 678, 677, 675, 674, 673, 672, 671, 671, 671, 672, 671, 670, 665, 0, 489, 481, 479, 479, 484, 491, 0, 0, 688, 681, 692, 699, 0, 703, 707, 711, 715, 720, 725, 730, 736, 743, 751, 758, 765, 773, 782, 792, 800, 810, 820, 829]
[0, 720, 715, 711, 707, 703, 700, 696, 693, 690, 687, 686, 682, 682, 679, 678, 677, 675, 674, 673, 672, 671, 671, 671, 671, 671, 671, 665, 0, 488, 481, 478, 480, 485, 491, 0, 0, 689, 681, 695, 699, 0, 703, 707, 711, 715, 720, 724, 730, 736, 743, 751, 758, 765, 773, 783, 792, 800, 810, 820, 829]
[0, 722, 717, 712, 709, 705, 702, 697, 694, 691, 688, 685, 682, 681, 680, 678, 677, 675, 674, 673, 673, 672, 672, 671, 671, 671, 671, 665, 0, 490, 482, 479, 479, 485, 491, 0, 686, 689, 690, 694, 697, 701, 705, 710, 714, 718, 720, 729, 730, 735, 748, 756, 758, 764, 771, 779, 788, 798, 807, 817, 827]
[0, 735, 730, 725, 721, 717, 702, 710, 694, 707, 704, 702, 700, 698, 696, 694, 692, 691, 690, 688, 686, 686, 686, 671, 671, 671, 672, 675, 0, 490, 484, 480, 479, 483, 491, 0, 685, 687, 690, 693, 697, 700, 704, 708, 712, 717, 722, 727, 732, 739, 746, 754, 762, 769, 777, 785, 795, 805, 813, 823, 832]
[0, 741, 736, 731, 727, 722, 718, 715, 712, 710, 707, 704, 703, 701, 696, 699, 697, 696, 695, 695, 693, 691, 691, 686, 685, 685, 686, 675, 0, 487, 481, 478, 481, 486, 491, 0, 0, 704, 690, 708, 711, 714, 718, 723, 727, 731, 736, 742, 748, 755, 762, 769, 775, 784, 793, 801, 810, 820, 828, 836, 847]
[0, 745, 739, 734, 730, 725, 721, 717, 714, 712, 709, 707, 705, 703, 700, 698, 697, 696, 694, 694, 693, 693, 691, 691, 691, 690, 690, 675, 0, 490, 482, 479, 479, 483, 494, 0, 706, 709, 711, 714, 717, 720, 725, 729, 734, 740, 745, 751, 758, 755, 771, 778, 775, 786, 795, 814, 810, 823, 832, 841, 852]
[0, 745, 748, 743, 738, 734, 731, 726, 721, 718, 716, 714, 712, 709, 708, 706, 705, 704, 703, 702, 702, 701, 701, 692, 691, 692, 692, 695, 0, 0, 483, 479, 479, 482, 490, 0, 707, 710, 712, 715, 718, 721, 726, 732, 736, 740, 746, 751, 758, 764, 771, 779, 787, 795, 804, 813, 821, 830, 839, 850, 862]
[0, 781, 748, 776, 772, 767, 763, 759, 755, 752, 749, 746, 743, 739, 737, 735, 735, 734, 734, 733, 732, 732, 701, 700, 700, 700, 701, 695, 0, 483, 483, 479, 481, 488, 490, 0, 713, 716, 719, 722, 726, 730, 734, 739, 743, 748, 753, 759, 766, 773, 780, 787, 795, 804, 813, 822, 829, 837, 849, 860, 870]
[0, 789, 784, 779, 774, 769, 766, 762, 758, 755, 752, 750, 746, 743, 742, 741, 740, 739, 737, 736, 732, 735, 732, 731, 731, 731, 701, 734, 0, 481, 483, 478, 477, 479, 487, 0, 747, 750, 754, 757, 761, 765, 768, 773, 778, 784, 792, 799, 805, 811, 818, 826, 833, 840, 849, 861, 869, 877, 887, 898, 910]
[0, 789, 786, 782, 777, 772, 767, 763, 761, 757, 753, 751, 748, 746, 744, 742, 741, 740, 738, 737, 738, 737, 732, 735, 735, 735, 735, 734, 0, 487, 478, 475, 477, 481, 489, 0, 753, 756, 759, 763, 766, 771, 775, 778, 784, 791, 797, 804, 811, 818, 825, 831, 839, 848, 858, 867, 876, 885, 895, 905, 918]
[0, 790, 786, 782, 776, 770, 767, 764, 760, 755, 754, 752, 749, 745, 743, 744, 741, 741, 738, 740, 738, 736, 736, 736, 737, 735, 736, 734, 0, 0, 480, 477, 477, 480, 487, 0, 753, 756, 760, 764, 767, 771, 775, 779, 784, 791, 798, 805, 811, 818, 825, 831, 840, 849, 858, 867, 876, 885, 895, 906, 918]
[0, 794, 788, 783, 779, 772, 768, 765, 762, 760, 755, 752, 750, 747, 746, 745, 742, 741, 741, 740, 740, 738, 736, 736, 736, 735, 736, 734, 0, 487, 478, 475, 477, 481, 489, 0, 753, 757, 759, 763, 767, 771, 777, 782, 786, 791, 800, 807, 811, 819, 826, 832, 840, 852, 862, 868, 877, 886, 898, 911, 923]
[0, 794, 816, 811, 807, 803, 798, 793, 789, 785, 782, 779, 776, 773, 772, 771, 770, 768, 767, 766, 766, 766, 738, 739, 739, 735, 739, 734, 0, 487, 478, 476, 477, 480, 489, 0, 757, 759, 762, 766, 769, 774, 777, 781, 787, 792, 799, 807, 815, 821, 827, 835, 843, 852, 862, 868, 876, 885, 897, 911, 924]
[0, 818, 813, 808, 803, 803, 799, 794, 789, 786, 783, 779, 776, 774, 773, 771, 770, 768, 767, 767, 766, 765, 765, 764, 765, 765, 739, 734, 0, 0, 480, 475, 475, 479, 487, 0, 0, 787, 790, 794, 798, 802, 807, 812, 817, 824, 830, 835, 842, 850, 858, 867, 873, 880, 890, 901, 911, 922, 932, 943, 955]
[0, 819, 813, 809, 804, 799, 796, 791, 788, 784, 781, 779, 775, 774, 772, 771, 770, 769, 768, 767, 767, 766, 765, 765, 766, 766, 767, 734, 0, 481, 480, 477, 475, 479, 485, 0, 0, 786, 789, 793, 798, 801, 806, 811, 817, 823, 829, 834, 842, 850, 858, 867, 873, 880, 889, 900, 911, 921, 931, 943, 952]
[0, 819, 813, 809, 804, 799, 795, 791, 788, 785, 781, 779, 778, 775, 772, 771, 770, 770, 768, 767, 767, 767, 766, 766, 766, 766, 766, 734, 0, 483, 476, 474, 476, 481, 485, 0, 784, 788, 792, 795, 800, 805, 809, 815, 821, 823, 833, 834, 840, 847, 856, 864, 870, 877, 886, 895, 905, 917, 930, 940, 950]
[0, 829, 825, 820, 814, 809, 805, 801, 797, 793, 790, 787, 784, 782, 781, 778, 777, 776, 775, 773, 772, 773, 766, 766, 766, 766, 767, 734, 0, 483, 476, 474, 476, 481, 485, 0, 785, 789, 792, 795, 800, 805, 809, 815, 821, 823, 826, 833, 847, 847, 856, 864, 870, 877, 886, 895, 905, 917, 929, 940, 949]
[0, 829, 824, 819, 814, 810, 805, 801, 798, 794, 790, 787, 784, 782, 781, 778, 777, 776, 774, 774, 773, 773, 766, 773, 773, 773, 773, 734, 0, 486, 478, 474, 476, 480, 489, 0, 793, 795, 799, 804, 808, 811, 817, 824, 829, 833, 838, 845, 855, 863, 870, 876, 882, 892, 902, 913, 923, 934, 945, 955, 967]
[0, 826, 824, 821, 815, 810, 806, 802, 798, 794, 791, 788, 786, 782, 781, 780, 778, 777, 775, 774, 773, 773, 773, 773, 773, 773, 773, 734, 0, 487, 478, 474, 475, 480, 488, 0, 793, 796, 799, 803, 807, 811, 817, 823, 827, 832, 839, 847, 854, 861, 868, 875, 883, 892, 901, 911, 923, 933, 944, 954, 966]
[0, 847, 841, 836, 832, 828, 825, 821, 816, 813, 810, 808, 806, 804, 802, 801, 799, 798, 797, 774, 797, 796, 796, 772, 772, 773, 775, 734, 0, 480, 478, 475, 475, 478, 486, 0, 0, 794, 799, 803, 806, 811, 815, 821, 827, 833, 838, 843, 853, 861, 867, 875, 882, 891, 899, 909, 921, 932, 943, 954, 964]
[0, 866, 861, 855, 850, 828, 845, 840, 836, 833, 829, 827, 826, 825, 823, 820, 817, 816, 815, 813, 813, 814, 796, 797, 797, 797, 798, 734, 0, 485, 477, 474, 476, 480, 489, 0, 819, 822, 826, 829, 833, 837, 842, 850, 857, 864, 870, 876, 883, 890, 898, 907, 917, 928, 937, 947, 958, 970, 983, 994, 1006]
[0, 886, 881, 878, 874, 828, 867, 840, 864, 859, 855, 852, 850, 848, 846, 844, 841, 840, 839, 838, 838, 838, 814, 814, 814, 816, 819, 734, 0, 479, 477, 475, 475, 478, 485, 0, 819, 835, 838, 843, 848, 853, 858, 864, 869, 874, 881, 888, 895, 902, 911, 921, 930, 938, 947, 957, 969, 982, 993, 1004, 1017]
[0, 894, 889, 884, 880, 875, 867, 872, 868, 864, 861, 859, 855, 852, 851, 849, 846, 846, 845, 844, 841, 838, 838, 839, 839, 840, 842, 734, 0, 0, 479, 475, 474, 478, 484, 0, 869, 872, 838, 874, 878, 883, 888, 895, 901, 908, 915, 923, 932, 940, 947, 955, 967, 979, 988, 998, 1008, 1019, 1032, 1045, 1058]
[0, 910, 904, 899, 894, 889, 884, 880, 877, 874, 871, 869, 855, 867, 865, 864, 863, 861, 860, 859, 858, 859, 859, 844, 844, 844, 844, 734, 0, 0, 479, 475, 474, 477, 483, 0, 869, 872, 874, 874, 878, 884, 889, 895, 900, 907, 915, 923, 932, 939, 947, 954, 964, 977, 988, 998, 1007, 1018, 1031, 1043, 1055]
[0, 922, 917, 911, 906, 901, 896, 891, 887, 884, 881, 879, 877, 875, 874, 873, 872, 870, 870, 870, 858, 868, 869, 859, 860, 860, 862, 734, 0, 0, 480, 473, 474, 481, 483, 0, 883, 886, 889, 894, 898, 904, 912, 918, 924, 932, 940, 947, 955, 939, 962, 972, 984, 994, 1005, 1014, 1023, 1035, 1048, 1062, 1074]
[0, 925, 917, 911, 907, 902, 897, 892, 890, 887, 882, 879, 878, 876, 874, 873, 872, 872, 871, 870, 869, 869, 869, 869, 870, 870, 871, 734, 0, 482, 475, 473, 475, 481, 483, 0, 0, 896, 900, 906, 911, 916, 922, 929, 936, 942, 950, 958, 964, 974, 985, 995, 1003, 1015, 1026, 1035, 1047, 1061, 1073, 1085, 1100]
[0, 921, 915, 910, 904, 902, 894, 891, 890, 887, 884, 881, 879, 876, 875, 873, 872, 872, 871, 871, 869, 869, 869, 869, 870, 871, 871, 734, 0, 484, 476, 474, 475, 479, 488, 0, 0, 895, 900, 905, 909, 915, 923, 929, 935, 941, 949, 956, 963, 973, 983, 993, 1003, 1015, 1025, 1034, 1044, 1056, 1072, 1085, 1099]
[0, 967, 961, 955, 950, 946, 942, 939, 935, 931, 927, 924, 922, 920, 917, 916, 915, 914, 913, 913, 913, 912, 869, 869, 870, 871, 872, 734, 0, 0, 479, 474, 473, 477, 483, 0, 895, 898, 903, 909, 914, 0, 920, 927, 933, 939, 946, 955, 963, 969, 979, 990, 999, 1009, 1020, 1031, 1041, 1053, 1068, 1080, 1093]
[0, 977, 969, 962, 957, 953, 948, 945, 942, 939, 936, 934, 922, 933, 931, 929, 928, 928, 927, 927, 927, 927, 927, 914, 870, 914, 916, 734, 0, 482, 475, 472, 474, 477, 483, 0, 0, 945, 950, 956, 961, 968, 975, 984, 991, 997, 1004, 1013, 1021, 1030, 1038, 1048, 1059, 1072, 1083, 1094, 1107, 1120, 1137, 1153, 1167]
[0, 980, 972, 966, 961, 955, 952, 949, 945, 939, 941, 938, 937, 936, 933, 930, 930, 930, 929, 928, 928, 928, 927, 927, 928, 929, 930, 734, 0, 479, 474, 472, 473, 481, 483, 0, 959, 962, 968, 974, 981, 989, 995, 1002, 1009, 1015, 1023, 1032, 1040, 1048, 1038, 1057, 1068, 1081, 1092, 1104, 1116, 1130, 1145, 1159, 1175]
[0, 1008, 1003, 998, 992, 987, 982, 977, 971, 967, 965, 962, 959, 936, 957, 956, 955, 954, 954, 954, 953, 953, 953, 929, 929, 929, 932, 734, 0, 0, 478, 474, 473, 475, 482, 0, 957, 961, 967, 975, 983, 990, 995, 995, 1002, 1016, 1024, 1032, 1031, 1040, 1049, 1059, 1069, 1081, 1093, 1105, 1117, 1131, 1146, 1161, 1176]
[0, 1010, 1004, 999, 994, 988, 983, 978, 972, 968, 965, 962, 961, 958, 956, 955, 954, 954, 954, 954, 954, 954, 953, 954, 954, 955, 957, 734, 0, 479, 478, 473, 473, 480, 482, 0, 0, 994, 999, 1005, 1010, 1015, 1022, 1030, 1038, 1045, 1054, 1063, 1072, 1082, 1091, 1101, 1114, 1125, 1138, 1153, 1165, 1177, 1193, 1209, 1176]
[0, 1010, 1004, 999, 994, 989, 984, 980, 974, 968, 965, 963, 961, 958, 956, 956, 955, 954, 955, 954, 953, 953, 954, 954, 955, 955, 957, 734, 0, 482, 474, 472, 474, 478, 488, 0, 0, 993, 997, 1001, 1008, 1015, 1021, 1028, 1036, 1043, 1052, 1061, 1070, 1078, 1087, 1098, 1111, 1122, 1135, 1150, 1163, 1175, 1189, 1204, 1222]
[0, 1006, 1000, 999, 995, 990, 985, 980, 974, 970, 967, 965, 961, 959, 957, 956, 955, 953, 953, 953, 953, 953, 954, 955, 955, 956, 957, 734, 0, 482, 476, 472, 473, 478, 486, 0, 0, 993, 997, 1001, 1006, 1013, 1020, 1028, 1035, 1042, 1051, 1060, 1069, 1078, 1086, 1097, 1109, 1121, 1134, 1149, 1162, 1174, 1190, 1203, 1218]
[0, 1022, 1016, 1011, 1005, 1000, 985, 997, 993, 988, 985, 983, 981, 977, 973, 971, 971, 970, 969, 969, 969, 969, 954, 955, 955, 955, 957, 734, 0, 485, 475, 471, 472, 475, 483, 0, 991, 996, 1001, 1001, 1006, 1013, 1019, 1026, 1032, 1040, 1048, 1057, 1066, 1076, 1085, 1095, 1107, 1119, 1130, 1143, 1156, 1170, 1185, 1199, 1215]
[0, 1025, 1019, 1013, 1007, 1002, 998, 994, 991, 988, 985, 982, 979, 976, 974, 973, 971, 971, 969, 969, 970, 969, 969, 971, 973, 975, 957, 734, 0, 0, 476, 471, 471, 475, 482, 0, 1007, 1011, 1017, 1023, 1030, 0, 1036, 1041, 1049, 1058, 1067, 1076, 1083, 1093, 1103, 1114, 1125, 1139, 1152, 1164, 1175, 1189, 1205, 1221, 1238]
[0, 1039, 1034, 1027, 1022, 1016, 1011, 1007, 1003, 999, 998, 997, 995, 994, 991, 989, 989, 971, 986, 969, 986, 988, 989, 971, 972, 976, 979, 734, 0, 478, 476, 474, 475, 475, 480, 0, 0, 1010, 1016, 1022, 1028, 1034, 1040, 1049, 1058, 1065, 1073, 1081, 1090, 1101, 1113, 1123, 1136, 1149, 1161, 1173, 1185, 1189, 1217, 1221, 1234]
[0, 1093, 1087, 1081, 1076, 1070, 1065, 1061, 1058, 1054, 1048, 1043, 1042, 1041, 1040, 1038, 1037, 1037, 1037, 1037, 1038, 1038, 989, 989, 990, 992, 993, 734, 0, 478, 472, 474, 474, 475, 480, 0, 0, 1026, 1031, 1037, 1042, 1049, 1057, 1065, 1073, 1080, 1087, 1097, 1108, 1118, 1128, 1140, 1152, 1164, 1176, 1190, 1204, 1220, 1217, 1252, 1268]
[0, 1105, 1097, 1090, 1085, 1080, 1074, 1069, 1065, 1061, 1058, 1056, 1054, 1052, 1051, 1047, 1046, 1045, 1045, 1046, 1044, 1047, 1039, 1041, 1042, 1043, 993, 734, 0, 480, 473, 472, 473, 475, 480, 0, 0, 1084, 1090, 1096, 1104, 1112, 1119, 1128, 1138, 1148, 1157, 1166, 1174, 1185, 1196, 1207, 1221, 1236, 1249, 1266, 1282, 1299, 1217, 1252, 0]
[0, 1106, 1098, 1091, 1085, 1080, 1075, 1069, 1065, 1061, 1059, 1056, 1054, 1053, 1051, 1048, 1046, 1045, 1045, 1046, 1044, 1047, 1050, 1048, 1050, 1052, 993, 734, 0, 481, 474, 471, 473, 478, 486, 0, 0, 1088, 1092, 1098, 1105, 1113, 1122, 1129, 1137, 1147, 1157, 1165, 1175, 1185, 1194, 1204, 1218, 1233, 1247, 1262, 1279, 1296, 1217, 1252, 0]
[0, 1121, 1115, 1109, 1102, 1097, 1092, 1087, 1082, 1078, 1075, 1073, 1069, 1067, 1066, 1064, 1063, 1063, 1061, 1061, 1061, 1062, 1050, 1049, 1051, 1053, 993, 734, 0, 481, 475, 472, 473, 478, 486, 0, 0, 1089, 1093, 1099, 1105, 1114, 1122, 1132, 1139, 1147, 1157, 1166, 1175, 1185, 1195, 1205, 1218, 1233, 1249, 1264, 1280, 1297, 1217, 1252, 0]
[0, 1115, 1115, 1108, 1102, 1095, 1089, 1087, 1081, 1077, 1075, 1072, 1066, 1065, 1065, 1064, 1063, 1062, 1061, 1061, 1060, 1061, 1063, 1064, 1067, 1070, 993, 734, 0, 481, 475, 472, 473, 477, 486, 0, 0, 1105, 1111, 1117, 1125, 1133, 1141, 1150, 1157, 1166, 1176, 1185, 1194, 1205, 1215, 1227, 1241, 1255, 1270, 1286, 1303, 1297, 1328, 1354, 1372]
[0, 1115, 1152, 1144, 1136, 1129, 1122, 1118, 1115, 1111, 1106, 1101, 1098, 1096, 1094, 1094, 1092, 1091, 1090, 1091, 1092, 1093, 1063, 1064, 1068, 1069, 993, 734, 0, 482, 475, 472, 472, 476, 486, 0, 1105, 1105, 1111, 1116, 1124, 1132, 1140, 1148, 1156, 1165, 1174, 1183, 1193, 1204, 1213, 1224, 1239, 1253, 1268, 1285, 1302, 1297, 1326, 1352, 1372]
[0, 1115, 1152, 1144, 1136, 1130, 1124, 1119, 1115, 1111, 1106, 1101, 1098, 1096, 1094, 1094, 1092, 1091, 1090, 1091, 1092, 1093, 1094, 1096, 1097, 1100, 993, 734, 0, 481, 475, 472, 473, 477, 485, 0, 1105, 1144, 1151, 1156, 1161, 1167, 1175, 1183, 1191, 1200, 1208, 1218, 1230, 1242, 1254, 1266, 1281, 1298, 1268, 1321, 1345, 1363, 1380, 1396, 1372]
[0, 1175, 1168, 1161, 1155, 1151, 1146, 1139, 1134, 1130, 1126, 1123, 1120, 1117, 1116, 1094, 1115, 1091, 1114, 1113, 1114, 1116, 1094, 1096, 1097, 1100, 993, 734, 0, 481, 474, 472, 473, 477, 485, 0, 1105, 1144, 1150, 1155, 1161, 1167, 1175, 1183, 1191, 1200, 1208, 1218, 1230, 1242, 1254, 1266, 1281, 1298, 1268, 1321, 1344, 1362, 1379, 1395, 1372]
[0, 1247, 1239, 1232, 1227, 1220, 1212, 1208, 1204, 1200, 1197, 1195, 1193, 1190, 1116, 1187, 1187, 1187, 1187, 1187, 1189, 1191, 1118, 1118, 1120, 1123, 1125, 734, 0, 481, 477, 471, 470, 474, 480, 0, 0, 1170, 1175, 1182, 1188, 1194, 1202, 1210, 1221, 1231, 1239, 1249, 1260, 1272, 1288, 1305, 1281, 1328, 1353, 1367, 1383, 1400, 1417, 0, 1372]
[0, 1247, 1242, 1235, 1228, 1223, 1214, 1208, 1206, 1202, 1197, 1196, 1195, 1193, 1190, 1187, 1190, 1187, 1189, 1189, 1192, 1192, 1191, 1193, 1197, 1200, 1204, 734, 0, 0, 476, 472, 471, 474, 480, 0, 0, 1249, 1261, 1271, 1277, 1287, 1304, 1322, 1328, 1331, 1345, 1358, 1368, 1382, 1396, 1410, 1423, 1438, 1459, 1477, 1497, 1518, 1540, 1562, 1372]
[0, 1247, 1242, 1235, 1229, 1223, 1214, 1208, 1206, 1202, 1198, 1196, 1194, 1193, 1191, 1189, 1189, 1189, 1189, 1190, 1192, 1194, 1193, 1196, 1198, 1200, 1202, 734, 0, 0, 477, 473, 472, 474, 480, 0, 0, 1253, 1264, 1270, 1280, 1291, 1303, 1323, 1334, 1336, 1345, 1357, 1365, 1383, 1398, 1409, 1423, 1438, 1448, 1477, 1498, 1520, 1544, 1564, 0]
[0, 1250, 1242, 1242, 1235, 1228, 1221, 1214, 1210, 1207, 1205, 1202, 1199, 1196, 1194, 1192, 1193, 1193, 1192, 1194, 1195, 1196, 1194, 1196, 1198, 1199, 1201, 734, 0, 0, 477, 473, 472, 474, 480, 0, 0, 1253, 1263, 1269, 1279, 1290, 1305, 1324, 1333, 1335, 1343, 1355, 1365, 1384, 1398, 1409, 1422, 1438, 1448, 1477, 1497, 1519, 1543, 1562, 0]
[0, 1270, 1264, 1259, 1252, 1245, 1241, 1236, 1232, 1226, 1222, 1219, 1217, 1215, 1213, 1211, 1211, 1211, 1192, 1211, 1212, 1213, 1197, 1199, 1201, 1205, 1201, 734, 0, 481, 472, 469, 472, 476, 485, 0, 0, 1264, 1273, 1283, 1297, 1315, 1327, 1324, 1332, 1340, 1345, 1353, 1369, 1384, 1398, 1410, 1425, 1438, 1451, 1477, 1494, 1516, 1541, 1560, 0]
[0, 1295, 1286, 1279, 0, 1274, 1269, 1263, 1256, 1251, 1247, 1245, 1243, 1240, 1236, 1236, 1238, 1238, 1239, 1240, 1240, 1241, 1215, 1218, 1221, 1223, 1226, 734, 0, 0, 477, 472, 471, 473, 480, 0, 0, 1280, 1285, 1297, 1313, 1326, 1333, 1341, 1349, 1362, 1374, 1382, 1391, 1404, 1419, 1432, 1448, 1466, 1485, 1504, 1526, 1548, 1560, 1570, 1585]
[0, 1315, 1310, 1303, 1295, 1288, 1281, 1277, 1274, 1270, 1265, 1263, 1260, 1240, 1258, 1258, 1257, 1255, 1256, 1261, 1263, 1267, 1243, 1248, 1251, 1253, 1226, 734, 0, 481, 474, 471, 472, 477, 485, 0, 0, 1311, 1321, 1333, 1345, 1354, 0, 1365, 1349, 1375, 1387, 1398, 1410, 1424, 1438, 1455, 1471, 1484, 1493, 1504, 1519, 1532, 1546, 1560, 1575]
[0, 1316, 1312, 1304, 1296, 1290, 1285, 1279, 1273, 1268, 1265, 1265, 1262, 1259, 1258, 1256, 1254, 1255, 1259, 1263, 1267, 1267, 1270, 1271, 1272, 1270, 1226, 734, 0, 0, 475, 471, 471, 474, 480, 0, 0, 1329, 1339, 1348, 1353, 1361, 1372, 1382, 1390, 1401, 1412, 1422, 1432, 1443, 1455, 1466, 1478, 1491, 1501, 1513, 1529, 1543, 1546, 1556, 1571]
[0, 1372, 1364, 1353, 1346, 1341, 1334, 1279, 1325, 1317, 1314, 1311, 1308, 1306, 1304, 1301, 1300, 1306, 1310, 1311, 1313, 1311, 1270, 1268, 1274, 1275, 1274, 734, 0, 0, 477, 473, 471, 473, 479, 0, 0, 1327, 1337, 1346, 1351, 1359, 1369, 1379, 1390, 1398, 1407, 1420, 1432, 1442, 1452, 1464, 1476, 1489, 1499, 1510, 1523, 1536, 1551, 1564, 1581]
[0, 1415, 1409, 1403, 1396, 1389, 1384, 1377, 1373, 1373, 1314, 1370, 1365, 1364, 1363, 1363, 1363, 1360, 1359, 1360, 1362, 1363, 1314, 1319, 1318, 1321, 1274, 734, 0, 479, 472, 470, 472, 473, 479, 0, 0, 1376, 1374, 1374, 1379, 1385, 1388, 1395, 1403, 1408, 1416, 1426, 1433, 1440, 1448, 1457, 1471, 1484, 1494, 1506, 1520, 1533, 1547, 1561, 1577]
[0, 0, 1429, 1421, 1414, 1410, 1407, 1399, 1389, 1386, 1387, 1384, 1380, 1377, 1377, 1377, 1375, 1372, 1370, 1371, 1362, 1371, 1364, 1364, 1363, 1363, 1274, 734, 0, 482, 473, 470, 472, 475, 483, 0, 0, 1372, 1375, 1378, 1382, 1386, 1392, 1399, 1403, 1409, 1419, 1429, 1433, 1435, 1442, 1453, 1466, 1480, 1491, 1499, 1514, 1528, 1540, 1557, 1574]
[0, 0, 0, 1422, 1415, 1410, 1408, 1403, 1393, 1388, 1387, 1383, 1379, 1376, 1375, 1374, 1373, 1372, 1371, 1372, 1371, 1371, 1370, 1367, 1360, 1358, 1362, 734, 0, 0, 476, 472, 471, 474, 480, 0, 0, 1369, 1374, 1377, 1380, 1384, 1390, 1396, 1403, 1408, 1414, 1422, 1432, 1442, 1450, 1461, 1474, 1487, 1500, 1512, 1523, 1535, 1552, 1567, 1581]
[0, 1483, 1473, 1422, 1415, 1410, 1452, 1430, 1427, 1424, 1419, 1412, 1409, 1405, 1401, 1399, 1395, 1387, 1381, 1379, 1375, 1371, 1368, 1367, 1362, 1358, 1363, 734, 0, 0, 476, 472, 471, 473, 479, 0, 0, 1371, 1373, 1377, 1379, 1383, 1390, 1395, 1402, 1407, 1413, 1423, 1433, 1441, 1449, 1459, 1472, 1486, 1495, 1505, 1520, 1535, 1551, 1566, 1581]
[0, 1476, 1473, 1466, 1415, 1445, 1430, 1429, 1427, 0, 1419, 1413, 1411, 1406, 1402, 1400, 1397, 1391, 1384, 1380, 1377, 1372, 1367, 1363, 1362, 1363, 1363, 734, 0, 479, 472, 472, 472, 473, 479, 0, 0, 1375, 1373, 1374, 1379, 1384, 1388, 1394, 1402, 1407, 1415, 1422, 1429, 1437, 1445, 1457, 1468, 1480, 1493, 1502, 1515, 1530, 1544, 1560, 1576]
[0, 1506, 1497, 1490, 1485, 1476, 1467, 1429, 1427, 0, 1450, 1436, 1423, 1411, 1405, 1400, 1395, 1388, 1381, 1378, 1374, 1371, 1369, 1365, 1363, 1362, 1363, 734, 0, 481, 473, 470, 472, 476, 483, 0, 0, 1369, 1374, 1378, 1381, 1385, 1392, 1398, 1402, 1402, 1409, 1419, 1426, 1433, 1442, 1454, 1464, 1476, 1491, 1499, 1513, 1528, 1539, 1555, 1573]
[0, 1505, 1497, 1490, 1485, 1476, 1467, 1429, 1427, 0, 1452, 1437, 1423, 1410, 1405, 1400, 1395, 1388, 1382, 1378, 1374, 1371, 1367, 1363, 1362, 1362, 1363, 734, 0, 481, 472, 470, 470, 472, 483, 0, 0, 1375, 1372, 1374, 1378, 1383, 1387, 1393, 1401, 1406, 1413, 1419, 1426, 1436, 1444, 1455, 1467, 1477, 1490, 1502, 1514, 1528, 1542, 1559, 1574]
[0, 1503, 1496, 1487, 1478, 1473, 1469, 1429, 1427, 0, 1453, 1429, 1416, 1410, 1405, 1400, 1392, 1388, 1386, 1382, 1379, 1375, 1367, 1364, 1363, 1361, 1363, 734, 0, 478, 472, 471, 470, 472, 483, 0, 0, 1373, 1370, 1374, 1378, 1382, 1386, 1393, 1400, 1405, 1412, 1420, 1429, 1436, 1445, 1456, 1467, 1480, 1494, 1503, 1515, 1529, 1543, 1559, 1575]
[0, 1554, 1537, 1524, 1515, 1501, 1487, 1475, 1463, 1451, 1443, 1433, 1423, 1415, 1407, 1400, 1394, 1387, 1382, 1378, 1374, 1371, 1370, 1367, 1364, 1362, 1362, 734, 0, 0, 475, 471, 471, 474, 480, 0, 0, 1369, 1373, 1376, 1379, 1384, 1390, 1396, 1403, 1407, 1412, 1422, 1432, 1441, 1449, 1461, 1473, 1485, 1495, 1506, 1520, 1534, 1551, 1566, 1580]
[0, 1551, 1536, 1522, 1509, 1499, 1486, 1473, 1459, 1449, 1440, 1429, 1420, 1411, 1405, 1400, 1395, 1388, 1381, 1378, 1374, 1370, 1367, 1364, 1362, 1360, 1362, 734, 0, 479, 473, 471, 473, 474, 480, 0, 0, 1372, 1369, 1373, 1376, 1380, 1386, 1392, 1396, 1402, 1411, 1418, 1426, 1435, 1444, 1456, 1463, 1476, 1492, 1501, 1514, 1527, 1540, 1555, 1571]
[0, 1550, 1536, 1521, 1508, 1498, 1485, 1472, 1459, 1446, 1437, 1428, 1419, 1411, 1405, 1398, 1390, 1384, 1380, 1376, 1372, 1370, 1367, 1364, 1361, 1359, 1362, 734, 0, 479, 478, 472, 473, 474, 480, 0, 0, 1372, 1369, 1373, 1377, 1381, 1385, 1391, 1398, 1404, 1408, 1416, 1428, 1435, 1444, 1452, 1460, 1476, 1492, 1502, 1513, 1528, 1541, 1555, 1571]
[0, 1549, 1534, 1519, 1506, 1494, 1482, 1470, 1458, 1446, 1436, 1428, 1418, 1408, 1401, 1397, 1392, 1385, 1381, 1376, 1377, 1372, 1364, 1364, 1359, 1357, 1356, 734, 0, 0, 477, 473, 471, 473, 479, 0, 0, 1366, 1365, 1370, 1375, 1379, 1383, 1389, 1395, 1400, 1407, 1415, 1424, 1435, 1445, 1455, 1466, 1477, 1489, 1504, 1517, 1527, 1540, 1554, 1569]
[0, 1549, 1535, 1521, 1507, 1494, 1481, 1471, 1458, 1446, 1437, 1428, 1419, 1409, 1403, 1397, 1390, 1384, 1380, 1376, 1372, 1372, 1370, 1366, 1360, 1358, 1358, 734, 0, 0, 477, 472, 471, 474, 479, 0, 0, 1365, 1366, 1372, 1377, 1379, 1382, 1388, 1395, 1399, 1406, 1418, 1427, 1434, 1444, 1455, 1464, 1475, 1489, 1504, 1516, 1527, 1540, 1554, 1569]
[0, 1545, 1531, 1519, 1505, 1492, 1478, 1464, 1453, 1444, 1435, 1424, 1416, 1409, 1404, 1397, 1390, 1389, 1385, 1380, 1377, 1373, 1370, 1364, 1357, 1358, 1356, 734, 0, 0, 478, 473, 472, 474, 479, 0, 0, 1363, 1366, 1370, 1375, 1378, 1381, 1386, 1395, 1400, 1406, 1414, 1423, 1433, 1444, 1453, 1462, 1475, 1489, 1500, 1513, 1531, 1549, 1567, 1583]
[0, 1553, 1537, 1523, 1513, 1500, 1486, 1475, 1463, 1451, 1442, 1431, 1421, 1414, 1406, 1399, 1393, 1387, 1380, 1376, 1373, 1370, 1367, 1363, 1359, 1353, 1354, 734, 0, 0, 477, 473, 472, 474, 481, 0, 0, 1368, 1371, 1371, 1372, 1376, 1381, 1386, 1394, 1403, 1410, 1416, 1425, 1435, 1447, 1460, 1472, 1480, 1491, 1504, 1519, 1535, 1552, 1570, 1583]
[0, 1548, 1534, 1520, 1506, 1493, 1481, 1471, 1458, 1446, 1436, 1428, 1418, 1409, 1402, 1397, 1390, 1384, 1379, 1375, 1372, 1370, 1366, 1360, 1355, 1355, 1354, 734, 0, 481, 475, 473, 472, 477, 488, 0, 1371, 1368, 1367, 1370, 1373, 1379, 1382, 1386, 1393, 1401, 1408, 1414, 1425, 1434, 1442, 1451, 1460, 1473, 1489, 1500, 1513, 1527, 1541, 1562, 1584]
[0, 1541, 1526, 1513, 1500, 1489, 1476, 1463, 1450, 1439, 1436, 1432, 1423, 1414, 1405, 1400, 1395, 1388, 1383, 1379, 1371, 1367, 1366, 1359, 1355, 1357, 1355, 734, 0, 481, 478, 473, 472, 474, 479, 0, 0, 1363, 1366, 1370, 1374, 1378, 1381, 1386, 1394, 1400, 1406, 1414, 1424, 1434, 1443, 1453, 1463, 1476, 1489, 1503, 1518, 1533, 1549, 1569, 1584]
[0, 1550, 1535, 1521, 1507, 1495, 1484, 1472, 1460, 1450, 1438, 1428, 1419, 1410, 1404, 1398, 1391, 1384, 1381, 1377, 1373, 1368, 1364, 1360, 1360, 1355, 1355, 734, 0, 0, 477, 474, 474, 478, 485, 0, 0, 1366, 1367, 1371, 1376, 1379, 1383, 1389, 1397, 1403, 1406, 1408, 1417, 1427, 1438, 1452, 1463, 1476, 1491, 1507, 1524, 1535, 1547, 1566, 1584]
[0, 1548, 1532, 1518, 1505, 1493, 1482, 1469, 1457, 1443, 1433, 1427, 1417, 1409, 1401, 1393, 1387, 1383, 1377, 1373, 1371, 1368, 1362, 1358, 1356, 1353, 1355, 734, 0, 0, 481, 473, 474, 475, 479, 0, 0, 1364, 1367, 1371, 1376, 1380, 1382, 1388, 1394, 1398, 1405, 1413, 1422, 1432, 1442, 1455, 1469, 1482, 1494, 1511, 1528, 1540, 1555, 1573, 0]
[0, 1542, 1527, 1513, 1501, 1490, 1476, 1462, 1450, 1439, 1431, 1423, 1417, 1414, 1405, 1401, 1395, 1388, 1383, 1379, 1373, 1370, 1365, 1361, 1359, 1355, 1353, 734, 0, 0, 483, 478, 477, 479, 485, 0, 0, 1367, 1373, 1380, 1388, 1395, 1400, 1405, 1415, 1423, 1428, 1437, 1444, 1452, 1460, 1471, 1482, 1492, 1505, 1517, 1528, 1542, 1557, 1574, 1587]
[0, 1546, 1531, 1517, 1504, 1492, 1481, 1468, 1456, 1442, 1432, 1426, 1417, 1408, 1400, 1394, 1388, 1382, 1377, 1373, 1371, 1370, 1366, 1360, 1356, 1354, 1350, 734, 0, 0, 483, 478, 478, 480, 488, 0, 0, 1380, 1385, 1390, 1391, 1392, 1399, 1406, 1416, 1424, 1428, 1436, 1444, 1452, 1463, 1474, 1483, 1496, 1508, 1519, 1531, 1544, 1558, 1575, 1587]
[0, 1546, 1536, 1522, 1508, 1495, 1485, 1471, 1459, 1450, 1440, 1431, 1421, 1413, 1405, 1395, 1389, 1386, 1380, 1376, 1372, 1365, 1365, 1360, 1358, 1354, 1353, 734, 0, 0, 483, 478, 477, 479, 486, 0, 0, 1378, 1387, 1392, 1392, 1395, 1401, 1409, 1418, 1424, 1430, 1437, 1443, 1450, 1460, 1471, 1482, 1492, 1504, 1518, 1529, 1542, 1557, 1574, 1586]
[0, 1536, 1523, 1510, 1499, 1484, 1471, 1463, 1453, 1450, 1443, 1432, 1426, 1426, 1428, 1425, 1417, 1410, 1402, 1395, 1393, 1389, 1359, 1357, 1355, 1350, 1351, 734, 0, 0, 481, 478, 479, 483, 486, 0, 1379, 1384, 1387, 1391, 1395, 0, 1400, 1406, 1409, 1417, 1426, 1431, 1439, 1449, 1456, 1464, 1478, 1490, 1500, 1514, 1521, 1531, 1548, 1566, 1583]
[0, 1540, 1528, 1514, 1501, 1489, 1476, 1466, 1455, 1444, 1435, 1430, 1427, 1425, 1423, 1418, 1409, 1403, 1400, 1395, 1396, 1392, 1385, 1381, 1375, 1370, 1367, 734, 0, 0, 0, 485, 485, 489, 0, 0, 1376, 1378, 1386, 1389, 1392, 1395, 1402, 1411, 1419, 1423, 1429, 1436, 1444, 1453, 1462, 1472, 1483, 1492, 1504, 1520, 1534, 1531, 1545, 1556, 1571]
[0, 1554, 1543, 1528, 1513, 1501, 1491, 1480, 1469, 1457, 1451, 1447, 1437, 1425, 1428, 1423, 1415, 1409, 1402, 1396, 1393, 1389, 1389, 1382, 1374, 1369, 1366, 1366, 0, 0, 0, 486, 485, 487, 0, 0, 1374, 1378, 1383, 1387, 1391, 1394, 1400, 1404, 1413, 1423, 1429, 1436, 1443, 1450, 1460, 1470, 1481, 1491, 1503, 1516, 1528, 1541, 1553, 1570, 1606]
