[0, 0, 0, 0, 0, 0, 0, 0, 0, 0, 0, 0, 0, 0, 0, 0, 0, 0, 0, 0, 0, 0, 0, 0, 0, 0, 0, 0, 0, 0, 0, 0, 0, 0, 0, 0, 0, 0, 0, 0, 0, 0, 0, 0, 0, 0, 0, 0, 0, 0, 0, 0, 0, 0, 0, 0, 0, 0, 0, 0, 0]
[0, 526, 522, 518, 514, 510, 507, 505, 504, 501, 498, 496, 494, 491, 489, 486, 486, 485, 483, 481, 480, 479, 478, 478, 476, 476, 475, 475, 476, 476, 476, 477, 478, 479, 479, 481, 481, 484, 483, 484, 486, 489, 491, 493, 497, 500, 504, 506, 509, 512, 516, 521, 525, 529, 534, 541, 546, 551, 556, 562, 569]
[0, 527, 522, 518, 514, 511, 508, 504, 502, 499, 498, 497, 494, 491, 490, 488, 486, 484, 483, 481, 480, 479, 478, 478, 477, 475, 475, 475, 476, 476, 477, 477, 478, 477, 478, 480, 481, 482, 483, 485, 487, 489, 492, 495, 497, 499, 502, 506, 510, 512, 517, 522, 527, 531, 536, 540, 546, 552, 557, 563, 569]
[0, 528, 524, 519, 515, 512, 509, 506, 503, 500, 497, 495, 492, 490, 488, 488, 484, 484, 483, 482, 480, 480, 479, 478, 477, 476, 475, 475, 476, 476, 477, 476, 477, 478, 478, 479, 480, 482, 483, 485, 487, 489, 492, 495, 497, 500, 503, 506, 509, 512, 516, 522, 526, 529, 535, 540, 546, 551, 556, 562, 569]
[0, 528, 523, 519, 515, 511, 508, 505, 502, 499, 497, 495, 495, 490, 488, 488, 486, 484, 483, 482, 480, 479, 478, 477, 477, 476, 475, 475, 475, 476, 476, 477, 477, 478, 479, 480, 482, 484, 485, 486, 489, 490, 492, 492, 495, 498, 501, 505, 509, 515, 516, 519, 524, 529, 535, 540, 545, 551, 556, 560, 567]
[0, 528, 524, 520, 516, 512, 509, 506, 503, 500, 498, 496, 492, 490, 487, 486, 484, 484, 482, 481, 480, 479, 478, 478, 477, 476, 476, 476, 476, 476, 476, 477, 478, 479, 479, 480, 482, 484, 484, 486, 486, 489, 491, 493, 496, 499, 503, 506, 509, 512, 516, 520, 525, 530, 535, 540, 546, 551, 557, 563, 569]
[0, 527, 523, 518, 514, 511, 508, 504, 501, 500, 499, 497, 494, 491, 490, 488, 486, 485, 483, 481, 480, 479, 478, 478, 477, 476, 476, 475, 475, 475, 476, 477, 477, 478, 479, 480, 481, 483, 485, 486, 488, 489, 493, 496, 496, 501, 505, 506, 508, 511, 515, 525, 525, 535, 535, 543, 546, 549, 555, 561, 567]
[0, 528, 523, 520, 514, 516, 512, 510, 507, 504, 501, 498, 496, 494, 492, 489, 488, 486, 485, 484, 483, 481, 481, 478, 477, 476, 476, 475, 476, 477, 477, 477, 477, 477, 478, 479, 480, 482, 483, 485, 487, 489, 492, 495, 497, 499, 503, 506, 510, 513, 516, 522, 527, 531, 536, 541, 546, 552, 557, 564, 570]
[0, 534, 529, 525, 522, 518, 515, 512, 510, 506, 504, 498, 499, 494, 497, 496, 494, 492, 491, 489, 488, 487, 486, 485, 477, 479, 479, 475, 479, 480, 481, 481, 481, 481, 482, 483, 484, 486, 487, 489, 491, 493, 495, 498, 502, 505, 507, 510, 514, 518, 523, 527, 532, 537, 541, 547, 552, 558, 563, 570, 576]
[0, 532, 528, 525, 524, 520, 517, 513, 511, 508, 506, 503, 501, 499, 497, 495, 493, 492, 490, 489, 488, 486, 486, 485, 484, 484, 484, 484, 484, 485, 485, 485, 485, 481, 488, 483, 490, 491, 495, 489, 497, 499, 502, 504, 506, 509, 512, 516, 520, 523, 528, 533, 537, 542, 547, 552, 557, 562, 568, 575, 581]
[0, 536, 531, 528, 524, 520, 516, 514, 511, 508, 505, 503, 501, 499, 497, 495, 494, 492, 490, 489, 489, 487, 486, 486, 485, 485, 484, 484, 484, 484, 485, 485, 486, 486, 487, 489, 490, 492, 494, 496, 498, 500, 502, 504, 508, 510, 514, 518, 521, 525, 530, 535, 539, 544, 549, 554, 560, 565, 571, 578, 585]
[0, 532, 531, 528, 525, 521, 517, 514, 511, 509, 506, 503, 501, 499, 497, 496, 494, 492, 490, 489, 487, 487, 486, 486, 485, 485, 485, 484, 485, 485, 485, 486, 487, 487, 487, 489, 491, 492, 494, 496, 499, 501, 503, 505, 508, 511, 514, 518, 522, 526, 531, 535, 540, 544, 550, 556, 560, 561, 566, 572, 586]
[0, 534, 530, 526, 522, 518, 515, 514, 512, 509, 506, 504, 502, 500, 498, 496, 494, 492, 491, 490, 488, 487, 486, 485, 485, 485, 484, 484, 485, 484, 485, 485, 486, 487, 487, 489, 490, 492, 493, 495, 497, 500, 501, 504, 507, 510, 514, 517, 521, 525, 529, 534, 539, 543, 548, 554, 559, 565, 571, 578, 585]
[0, 536, 532, 528, 525, 521, 518, 515, 512, 509, 509, 504, 502, 502, 500, 498, 497, 495, 494, 493, 491, 490, 489, 488, 485, 485, 485, 485, 484, 484, 485, 486, 486, 486, 487, 490, 491, 493, 495, 497, 499, 501, 503, 506, 509, 512, 515, 519, 522, 526, 531, 535, 540, 546, 551, 556, 561, 567, 573, 580, 587]
[0, 536, 532, 528, 525, 521, 522, 518, 515, 512, 510, 507, 504, 502, 501, 499, 498, 497, 495, 493, 491, 490, 490, 488, 488, 487, 487, 487, 487, 487, 488, 488, 489, 490, 490, 491, 491, 496, 498, 497, 500, 502, 505, 507, 510, 512, 516, 519, 523, 526, 531, 536, 541, 546, 551, 557, 562, 567, 573, 580, 587]
[0, 539, 535, 531, 527, 524, 520, 517, 514, 512, 509, 506, 504, 502, 500, 498, 497, 495, 494, 493, 493, 490, 490, 490, 488, 488, 488, 487, 488, 489, 488, 490, 490, 491, 492, 494, 495, 496, 498, 500, 502, 505, 508, 510, 512, 516, 519, 523, 526, 531, 535, 540, 545, 551, 556, 560, 565, 571, 578, 585, 592]
[0, 540, 535, 531, 528, 525, 521, 518, 515, 512, 510, 507, 505, 503, 501, 498, 499, 498, 496, 495, 494, 493, 492, 492, 489, 489, 488, 488, 488, 489, 489, 490, 491, 491, 492, 494, 495, 497, 499, 500, 503, 505, 507, 510, 513, 517, 520, 524, 527, 532, 535, 541, 546, 551, 551, 561, 565, 567, 573, 580, 593]
[0, 538, 534, 530, 525, 523, 520, 518, 515, 512, 511, 508, 507, 505, 503, 501, 499, 497, 496, 495, 494, 493, 491, 491, 491, 490, 489, 489, 490, 491, 491, 491, 492, 493, 495, 496, 498, 499, 501, 503, 506, 508, 507, 510, 512, 516, 522, 524, 527, 531, 535, 539, 544, 549, 554, 559, 564, 570, 577, 583, 590]
[0, 543, 538, 534, 531, 527, 523, 521, 517, 514, 512, 510, 507, 505, 503, 502, 499, 498, 498, 497, 495, 493, 495, 494, 490, 489, 489, 490, 490, 491, 491, 492, 492, 493, 495, 496, 498, 497, 499, 501, 503, 506, 509, 510, 513, 517, 520, 523, 527, 531, 536, 541, 545, 550, 556, 561, 567, 572, 579, 585, 592]
[0, 542, 538, 534, 530, 527, 524, 521, 521, 518, 516, 513, 511, 508, 506, 504, 503, 502, 501, 500, 498, 497, 496, 496, 492, 492, 492, 492, 492, 493, 493, 494, 495, 495, 496, 498, 499, 501, 502, 505, 507, 509, 512, 514, 517, 521, 524, 528, 532, 536, 541, 545, 550, 556, 561, 565, 567, 578, 585, 585, 598]
[0, 546, 542, 537, 534, 530, 527, 524, 521, 516, 514, 513, 510, 509, 507, 505, 503, 502, 501, 501, 499, 498, 498, 497, 495, 494, 494, 494, 494, 493, 496, 494, 497, 498, 496, 501, 499, 503, 504, 506, 508, 511, 513, 515, 518, 522, 525, 528, 532, 537, 541, 546, 551, 556, 561, 566, 572, 579, 585, 591, 598]
[0, 550, 546, 541, 538, 535, 532, 528, 525, 523, 514, 518, 510, 516, 513, 512, 510, 509, 508, 506, 505, 504, 503, 502, 497, 496, 495, 496, 496, 496, 497, 496, 496, 499, 500, 502, 503, 505, 506, 509, 511, 513, 516, 519, 522, 525, 528, 533, 537, 541, 546, 546, 551, 555, 565, 570, 577, 584, 590, 596, 603]
[0, 550, 547, 544, 539, 536, 532, 529, 527, 523, 521, 519, 516, 514, 512, 510, 509, 509, 508, 505, 505, 504, 503, 503, 501, 501, 501, 501, 501, 502, 503, 504, 505, 505, 506, 508, 503, 511, 513, 515, 517, 520, 516, 523, 525, 528, 532, 536, 540, 544, 548, 553, 558, 563, 568, 574, 579, 586, 593, 599, 606]
[0, 550, 552, 549, 545, 541, 538, 534, 532, 529, 526, 524, 521, 519, 517, 515, 514, 512, 511, 510, 505, 508, 507, 503, 502, 501, 501, 501, 501, 502, 502, 503, 504, 505, 506, 508, 509, 510, 512, 514, 516, 519, 522, 525, 528, 531, 535, 540, 543, 548, 552, 553, 562, 563, 573, 574, 586, 586, 591, 597, 604]
[0, 553, 550, 546, 542, 539, 536, 534, 532, 529, 526, 524, 522, 520, 518, 515, 514, 512, 511, 511, 510, 509, 508, 503, 507, 506, 506, 506, 506, 507, 507, 507, 510, 511, 510, 511, 513, 515, 517, 519, 522, 524, 527, 530, 532, 536, 540, 544, 548, 552, 557, 561, 566, 572, 578, 574, 584, 591, 602, 597, 609]
[0, 564, 559, 555, 551, 547, 545, 541, 538, 536, 533, 531, 529, 520, 526, 523, 514, 521, 519, 518, 516, 516, 515, 514, 506, 506, 506, 506, 506, 507, 507, 507, 508, 510, 510, 511, 512, 515, 517, 518, 521, 523, 526, 529, 531, 534, 539, 542, 546, 551, 556, 560, 564, 570, 576, 582, 588, 594, 600, 607, 614]
[0, 562, 559, 555, 550, 547, 544, 541, 538, 535, 533, 531, 527, 520, 526, 524, 522, 520, 519, 518, 517, 516, 514, 514, 514, 513, 513, 513, 514, 514, 514, 515, 516, 517, 518, 520, 522, 523, 525, 527, 521, 530, 536, 538, 531, 545, 549, 542, 557, 551, 562, 566, 571, 577, 582, 589, 595, 600, 606, 613, 620]
[0, 562, 562, 555, 558, 554, 551, 547, 545, 542, 539, 537, 534, 532, 530, 528, 526, 525, 523, 522, 521, 520, 520, 514, 513, 513, 514, 514, 514, 515, 514, 515, 516, 518, 518, 520, 522, 523, 524, 525, 528, 530, 533, 536, 539, 543, 546, 549, 554, 558, 562, 566, 571, 577, 584, 589, 595, 602, 608, 614, 621]
[0, 571, 566, 562, 559, 555, 551, 549, 546, 543, 540, 538, 535, 534, 532, 530, 526, 526, 523, 525, 524, 524, 523, 521, 519, 513, 519, 519, 519, 519, 520, 521, 521, 522, 523, 524, 526, 528, 530, 532, 534, 536, 539, 543, 545, 549, 553, 557, 561, 565, 570, 575, 581, 587, 592, 598, 605, 611, 617, 623, 630]
[0, 571, 566, 563, 559, 555, 552, 549, 546, 543, 541, 538, 538, 536, 534, 532, 530, 529, 527, 526, 525, 524, 523, 522, 521, 521, 521, 521, 521, 522, 522, 522, 523, 524, 526, 527, 529, 531, 533, 535, 538, 541, 543, 546, 545, 549, 553, 561, 565, 570, 570, 575, 585, 587, 590, 596, 602, 609, 615, 622, 629]
[0, 573, 568, 563, 559, 556, 553, 550, 547, 544, 541, 539, 537, 535, 533, 531, 529, 527, 527, 525, 525, 525, 524, 523, 522, 522, 521, 521, 522, 522, 522, 523, 524, 525, 526, 528, 530, 532, 533, 536, 538, 541, 543, 547, 545, 551, 554, 561, 565, 566, 571, 576, 580, 587, 593, 597, 603, 610, 617, 622, 629]
[0, 575, 568, 570, 563, 556, 560, 557, 555, 552, 549, 547, 545, 543, 541, 539, 537, 536, 535, 534, 533, 532, 531, 523, 522, 521, 522, 522, 522, 523, 523, 523, 523, 524, 526, 528, 529, 531, 534, 536, 538, 541, 544, 546, 550, 553, 557, 561, 564, 569, 574, 580, 586, 590, 596, 602, 608, 614, 621, 622, 636]
[0, 588, 584, 580, 576, 556, 572, 568, 564, 562, 559, 557, 555, 552, 551, 549, 547, 546, 545, 543, 542, 541, 540, 531, 531, 531, 522, 531, 531, 531, 532, 533, 534, 535, 536, 538, 540, 541, 544, 546, 548, 551, 554, 557, 560, 564, 567, 571, 576, 581, 586, 591, 595, 601, 607, 613, 619, 626, 633, 641, 648]
[0, 588, 590, 585, 581, 576, 572, 568, 565, 562, 560, 558, 555, 553, 552, 550, 548, 546, 545, 543, 542, 541, 540, 541, 540, 540, 540, 539, 531, 539, 540, 540, 541, 543, 543, 544, 546, 548, 551, 553, 554, 557, 560, 563, 566, 570, 575, 579, 583, 588, 593, 598, 603, 608, 614, 620, 627, 634, 641, 648, 655]
[0, 594, 590, 586, 582, 578, 575, 568, 571, 567, 565, 563, 560, 558, 557, 555, 553, 551, 550, 549, 548, 547, 546, 540, 540, 541, 540, 541, 540, 540, 541, 542, 542, 543, 545, 547, 547, 549, 552, 554, 556, 559, 562, 565, 568, 571, 576, 581, 585, 589, 595, 599, 605, 610, 616, 622, 628, 635, 643, 650, 656]
[0, 603, 590, 595, 582, 592, 589, 585, 581, 578, 574, 572, 570, 568, 565, 563, 562, 560, 559, 557, 557, 556, 555, 545, 545, 545, 545, 546, 546, 546, 547, 547, 542, 548, 550, 553, 555, 549, 556, 558, 561, 563, 566, 569, 573, 577, 581, 585, 590, 595, 599, 604, 609, 614, 620, 626, 634, 641, 648, 654, 662]
[0, 603, 603, 599, 595, 591, 587, 584, 581, 577, 574, 572, 569, 567, 565, 563, 562, 560, 559, 557, 556, 556, 555, 555, 555, 555, 545, 555, 555, 546, 556, 556, 557, 558, 559, 561, 562, 564, 566, 568, 570, 573, 577, 581, 584, 588, 592, 596, 600, 605, 610, 615, 620, 626, 633, 640, 646, 653, 660, 668, 676]
[0, 609, 605, 601, 598, 595, 590, 587, 581, 581, 574, 578, 575, 573, 571, 569, 567, 565, 564, 562, 562, 561, 561, 555, 555, 554, 555, 555, 555, 555, 556, 557, 557, 558, 559, 561, 563, 565, 567, 569, 571, 575, 578, 582, 586, 590, 594, 598, 602, 607, 612, 617, 622, 628, 633, 642, 646, 656, 660, 671, 679]
[0, 607, 605, 603, 600, 596, 592, 589, 586, 583, 580, 577, 575, 573, 570, 568, 566, 564, 562, 562, 561, 560, 561, 560, 558, 558, 559, 560, 560, 555, 561, 557, 563, 564, 565, 561, 568, 565, 570, 573, 577, 580, 583, 586, 589, 593, 597, 601, 606, 610, 615, 619, 625, 632, 638, 644, 651, 658, 665, 673, 681]
[0, 627, 621, 617, 613, 610, 607, 604, 600, 597, 594, 592, 590, 587, 586, 568, 584, 582, 562, 562, 0, 559, 560, 0, 0, 559, 559, 559, 0, 560, 560, 560, 562, 563, 564, 566, 567, 569, 572, 575, 578, 581, 583, 587, 590, 594, 598, 602, 606, 611, 616, 621, 627, 633, 640, 646, 652, 660, 667, 675, 683]
[0, 626, 621, 617, 613, 610, 607, 603, 600, 597, 594, 592, 590, 587, 585, 584, 584, 582, 584, 562, 0, 558, 559, 0, 0, 574, 574, 574, 0, 576, 576, 576, 578, 580, 581, 582, 585, 587, 589, 591, 593, 596, 599, 603, 607, 611, 614, 618, 623, 629, 635, 641, 646, 651, 658, 665, 671, 660, 679, 696, 704]
[0, 627, 621, 617, 613, 610, 606, 603, 600, 597, 594, 592, 590, 587, 585, 584, 582, 582, 584, 562, 0, 558, 559, 0, 0, 574, 574, 574, 0, 575, 575, 577, 578, 579, 580, 582, 584, 586, 588, 591, 593, 596, 599, 602, 606, 610, 614, 618, 622, 628, 634, 640, 646, 652, 658, 664, 672, 679, 687, 695, 704]
[0, 630, 625, 621, 618, 615, 611, 608, 605, 601, 599, 592, 594, 592, 585, 590, 588, 587, 584, 0, 558, 557, 558, 0, 566, 574, 573, 574, 574, 574, 575, 577, 578, 579, 580, 582, 584, 586, 588, 591, 593, 596, 599, 602, 606, 611, 614, 618, 623, 628, 634, 640, 646, 652, 658, 664, 672, 679, 688, 696, 704]
[0, 638, 634, 629, 625, 621, 617, 614, 612, 609, 606, 603, 600, 598, 597, 590, 595, 593, 584, 0, 0, 557, 559, 0, 0, 580, 579, 580, 0, 581, 582, 583, 584, 585, 586, 588, 590, 592, 595, 598, 600, 602, 606, 609, 612, 617, 621, 625, 630, 636, 642, 647, 653, 652, 665, 671, 672, 678, 696, 696, 711]
[0, 657, 652, 647, 643, 639, 636, 633, 629, 626, 623, 619, 616, 614, 613, 612, 610, 593, 584, 0, 0, 555, 557, 0, 0, 580, 586, 587, 0, 587, 587, 589, 590, 591, 592, 594, 596, 598, 600, 602, 605, 608, 612, 615, 618, 623, 626, 630, 636, 642, 647, 653, 658, 664, 671, 678, 686, 694, 701, 709, 717]
[0, 658, 652, 648, 644, 640, 636, 633, 630, 626, 623, 621, 617, 615, 613, 612, 610, 593, 584, 0, 552, 553, 557, 0, 0, 580, 602, 602, 0, 603, 603, 605, 606, 607, 609, 610, 612, 614, 616, 618, 620, 624, 628, 631, 636, 640, 644, 648, 653, 657, 663, 669, 675, 680, 687, 696, 704, 711, 718, 726, 735]
[0, 657, 652, 647, 643, 639, 636, 633, 629, 626, 623, 620, 617, 615, 613, 612, 610, 593, 584, 0, 0, 553, 554, 0, 0, 604, 602, 603, 0, 0, 604, 605, 607, 607, 609, 610, 612, 613, 615, 618, 620, 623, 628, 631, 635, 639, 643, 647, 652, 657, 662, 668, 675, 681, 687, 695, 702, 709, 716, 725, 734]
[0, 658, 654, 649, 645, 639, 638, 633, 635, 632, 629, 626, 624, 621, 618, 617, 615, 593, 584, 0, 552, 552, 0, 0, 0, 604, 602, 602, 0, 604, 604, 605, 607, 609, 610, 610, 612, 613, 615, 617, 619, 623, 627, 631, 634, 639, 643, 647, 652, 657, 662, 668, 675, 681, 687, 695, 702, 709, 716, 725, 734]
[0, 659, 654, 650, 647, 639, 643, 638, 635, 632, 629, 627, 624, 621, 619, 617, 615, 593, 584, 0, 553, 552, 0, 0, 0, 0, 606, 0, 607, 609, 610, 611, 612, 613, 614, 616, 618, 619, 621, 624, 627, 632, 636, 639, 643, 647, 650, 655, 660, 666, 671, 677, 684, 691, 698, 706, 713, 720, 728, 737, 746]
[0, 673, 669, 664, 660, 655, 652, 649, 645, 643, 641, 638, 635, 632, 629, 617, 627, 627, 584, 0, 0, 552, 554, 0, 0, 0, 607, 607, 0, 609, 610, 611, 612, 613, 615, 616, 617, 620, 622, 624, 627, 631, 635, 639, 643, 647, 650, 654, 660, 665, 671, 678, 684, 690, 698, 706, 713, 720, 728, 737, 746]
[0, 671, 666, 662, 658, 654, 651, 649, 648, 645, 642, 639, 636, 634, 631, 629, 627, 627, 584, 0, 551, 551, 0, 0, 0, 0, 0, 618, 0, 620, 621, 622, 624, 624, 626, 628, 630, 632, 634, 637, 641, 644, 646, 650, 653, 658, 663, 667, 672, 677, 684, 690, 696, 702, 710, 717, 724, 731, 740, 749, 758]
[0, 685, 679, 675, 672, 668, 664, 660, 656, 653, 652, 650, 647, 645, 642, 640, 639, 627, 584, 0, 553, 551, 552, 0, 0, 0, 618, 618, 0, 620, 621, 622, 624, 625, 626, 628, 630, 632, 635, 638, 642, 645, 648, 651, 655, 659, 663, 668, 672, 677, 684, 690, 696, 704, 711, 717, 724, 731, 740, 750, 758]
[0, 691, 686, 681, 678, 675, 671, 667, 663, 660, 657, 655, 653, 651, 649, 646, 645, 627, 584, 0, 0, 552, 552, 0, 0, 0, 630, 630, 0, 632, 633, 635, 635, 637, 640, 641, 643, 645, 647, 650, 654, 657, 660, 664, 667, 671, 676, 681, 686, 693, 699, 705, 711, 717, 723, 731, 739, 747, 757, 765, 773]
[0, 692, 686, 681, 677, 674, 671, 667, 663, 660, 658, 655, 652, 650, 648, 647, 646, 627, 584, 0, 548, 549, 552, 0, 0, 0, 636, 636, 0, 639, 641, 641, 642, 643, 645, 646, 649, 651, 653, 657, 660, 662, 665, 669, 674, 678, 683, 688, 694, 700, 706, 711, 718, 725, 732, 739, 747, 756, 764, 773, 783]
[0, 696, 686, 686, 677, 681, 678, 675, 672, 669, 666, 663, 660, 658, 655, 653, 653, 627, 584, 0, 550, 549, 552, 0, 0, 0, 0, 637, 0, 639, 640, 641, 642, 643, 645, 646, 648, 650, 653, 654, 658, 662, 665, 668, 672, 677, 682, 686, 692, 698, 704, 709, 716, 723, 729, 737, 744, 753, 761, 770, 780]
[0, 705, 700, 695, 690, 687, 683, 679, 675, 673, 671, 668, 666, 664, 661, 660, 658, 627, 584, 0, 548, 549, 552, 0, 0, 0, 0, 646, 0, 646, 647, 647, 648, 650, 652, 653, 655, 657, 660, 663, 665, 669, 672, 675, 679, 684, 689, 695, 700, 706, 710, 715, 723, 730, 737, 745, 753, 761, 769, 778, 787]
[0, 708, 704, 700, 695, 691, 686, 682, 679, 677, 674, 672, 666, 669, 666, 663, 658, 627, 584, 0, 547, 549, 0, 0, 0, 0, 0, 0, 652, 654, 655, 656, 656, 658, 660, 662, 664, 665, 668, 672, 674, 677, 681, 686, 690, 695, 701, 706, 711, 716, 722, 729, 735, 742, 750, 758, 765, 774, 782, 791, 802]
[0, 720, 715, 710, 706, 702, 699, 695, 691, 688, 685, 682, 680, 678, 675, 674, 673, 627, 584, 0, 0, 549, 550, 0, 0, 0, 0, 655, 0, 656, 657, 659, 660, 661, 662, 664, 666, 668, 671, 674, 677, 680, 683, 687, 692, 698, 703, 707, 712, 716, 723, 729, 736, 743, 750, 758, 766, 773, 782, 792, 802]
[0, 722, 718, 713, 709, 704, 700, 697, 694, 691, 688, 684, 681, 681, 679, 677, 676, 627, 584, 0, 549, 550, 550, 0, 0, 0, 665, 665, 0, 666, 667, 668, 670, 671, 673, 675, 677, 680, 683, 686, 689, 693, 697, 701, 706, 710, 715, 719, 725, 731, 737, 744, 751, 759, 767, 774, 782, 791, 801, 811, 820]
[0, 734, 729, 724, 719, 715, 711, 707, 704, 701, 698, 695, 693, 691, 689, 687, 687, 627, 584, 0, 0, 547, 550, 0, 0, 0, 0, 0, 0, 671, 672, 673, 675, 677, 678, 680, 682, 685, 688, 690, 694, 698, 702, 706, 711, 715, 720, 725, 731, 737, 744, 751, 758, 764, 772, 780, 789, 798, 807, 817, 826]
[0, 736, 731, 724, 721, 715, 717, 714, 711, 708, 705, 702, 700, 698, 695, 693, 692, 627, 584, 0, 545, 547, 550, 0, 0, 0, 678, 678, 0, 679, 680, 681, 683, 685, 687, 689, 682, 692, 697, 701, 694, 704, 711, 715, 720, 726, 731, 725, 741, 748, 755, 761, 769, 776, 783, 791, 801, 809, 818, 827, 836]
[0, 740, 735, 730, 725, 720, 716, 712, 709, 707, 704, 701, 699, 697, 695, 693, 692, 627, 584, 0, 0, 547, 549, 0, 0, 0, 0, 683, 0, 685, 685, 687, 688, 690, 692, 694, 695, 699, 701, 704, 707, 710, 714, 718, 724, 729, 734, 739, 745, 751, 757, 763, 770, 777, 784, 793, 802, 810, 820, 829, 838]
[0, 757, 752, 746, 741, 736, 732, 728, 724, 720, 718, 716, 714, 711, 709, 708, 707, 627, 584, 0, 0, 546, 548, 0, 0, 0, 0, 684, 0, 685, 687, 688, 689, 691, 693, 695, 698, 700, 703, 706, 709, 712, 717, 721, 726, 731, 736, 742, 748, 754, 760, 767, 773, 781, 789, 797, 807, 816, 824, 833, 843]
[0, 763, 758, 753, 747, 742, 737, 734, 731, 728, 725, 723, 720, 717, 709, 714, 707, 627, 584, 0, 543, 544, 0, 0, 0, 0, 0, 701, 0, 701, 703, 705, 706, 707, 710, 711, 713, 715, 717, 721, 725, 729, 734, 739, 743, 748, 754, 761, 766, 771, 778, 785, 793, 801, 809, 818, 827, 834, 843, 855, 865]
[0, 764, 759, 754, 748, 742, 738, 735, 731, 729, 726, 722, 720, 717, 716, 714, 707, 627, 584, 0, 545, 545, 548, 0, 0, 0, 0, 707, 708, 709, 710, 711, 712, 714, 715, 717, 719, 721, 724, 728, 731, 736, 740, 745, 750, 756, 761, 766, 772, 778, 784, 791, 799, 807, 815, 824, 831, 839, 850, 860, 868]
[0, 782, 776, 770, 766, 761, 756, 753, 749, 746, 743, 740, 737, 734, 733, 731, 730, 627, 584, 0, 0, 546, 546, 0, 0, 0, 0, 706, 0, 0, 709, 711, 712, 714, 716, 717, 718, 720, 724, 728, 731, 735, 740, 745, 750, 755, 761, 766, 772, 778, 784, 791, 799, 806, 815, 823, 831, 839, 850, 860, 868]
[0, 790, 784, 778, 772, 767, 764, 760, 756, 753, 750, 747, 744, 741, 739, 737, 735, 627, 584, 0, 0, 546, 546, 0, 0, 0, 0, 722, 0, 724, 726, 729, 730, 731, 733, 734, 737, 740, 743, 748, 753, 757, 760, 765, 770, 776, 782, 787, 793, 800, 807, 815, 823, 830, 836, 846, 858, 867, 874, 883, 893]
[0, 789, 783, 776, 771, 767, 762, 759, 757, 753, 749, 746, 744, 741, 738, 737, 740, 627, 584, 0, 544, 546, 548, 0, 0, 0, 0, 729, 0, 730, 732, 733, 734, 736, 739, 741, 743, 746, 750, 753, 758, 762, 766, 770, 776, 782, 788, 794, 801, 807, 813, 821, 828, 834, 843, 853, 862, 871, 879, 887, 899]
[0, 799, 793, 786, 780, 776, 771, 768, 764, 761, 758, 755, 753, 750, 747, 745, 743, 627, 584, 0, 0, 545, 546, 0, 0, 0, 0, 729, 0, 731, 732, 734, 736, 737, 739, 741, 744, 747, 750, 755, 760, 764, 769, 773, 778, 784, 791, 797, 803, 809, 816, 823, 831, 838, 847, 857, 866, 874, 883, 892, 902]
[0, 795, 789, 785, 780, 775, 770, 767, 764, 761, 758, 755, 753, 749, 747, 744, 746, 627, 584, 0, 0, 545, 548, 0, 0, 0, 0, 737, 0, 738, 739, 741, 743, 746, 747, 749, 752, 755, 759, 764, 767, 770, 776, 782, 786, 791, 797, 803, 810, 817, 824, 831, 837, 845, 855, 864, 873, 881, 889, 900, 912]
[0, 810, 805, 800, 796, 791, 787, 783, 779, 776, 758, 773, 770, 768, 764, 744, 763, 627, 584, 0, 541, 542, 548, 0, 0, 0, 0, 737, 0, 738, 739, 741, 743, 745, 747, 749, 751, 755, 758, 762, 766, 770, 775, 779, 784, 791, 797, 802, 809, 815, 822, 829, 836, 844, 853, 862, 871, 879, 886, 896, 907]
[0, 826, 820, 813, 808, 804, 802, 797, 792, 789, 785, 782, 780, 777, 776, 774, 763, 627, 584, 0, 542, 542, 0, 0, 0, 0, 0, 0, 757, 758, 760, 761, 764, 764, 765, 768, 771, 774, 777, 780, 786, 791, 795, 799, 805, 810, 815, 822, 828, 833, 839, 847, 865, 872, 880, 888, 871, 906, 886, 928, 939]
[0, 832, 827, 822, 817, 812, 809, 806, 802, 799, 796, 792, 789, 787, 784, 782, 763, 627, 584, 0, 541, 542, 0, 0, 0, 0, 0, 766, 0, 768, 769, 771, 773, 775, 776, 779, 783, 787, 790, 794, 799, 803, 808, 814, 819, 810, 825, 836, 843, 852, 860, 847, 874, 882, 880, 898, 908, 906, 929, 928, 950]
[0, 833, 827, 821, 816, 811, 807, 804, 801, 799, 795, 792, 791, 787, 784, 783, 763, 627, 584, 0, 540, 542, 0, 0, 0, 0, 0, 776, 0, 777, 778, 780, 783, 785, 787, 788, 790, 794, 798, 802, 806, 810, 815, 820, 825, 830, 835, 842, 848, 856, 864, 871, 877, 893, 880, 911, 908, 932, 940, 928, 962]
[0, 853, 846, 840, 835, 830, 828, 824, 819, 815, 813, 810, 807, 805, 803, 801, 763, 627, 584, 0, 542, 542, 0, 0, 0, 0, 0, 0, 777, 777, 778, 780, 782, 785, 788, 788, 790, 793, 798, 802, 810, 810, 820, 826, 830, 835, 835, 848, 856, 863, 869, 876, 884, 893, 901, 909, 920, 930, 939, 949, 961]
[0, 848, 842, 836, 831, 828, 824, 820, 818, 814, 813, 811, 808, 805, 804, 802, 799, 627, 584, 0, 541, 542, 0, 0, 0, 0, 0, 794, 0, 798, 799, 800, 802, 804, 808, 810, 812, 816, 820, 824, 828, 832, 836, 841, 849, 856, 862, 868, 873, 880, 888, 896, 905, 913, 922, 933, 942, 950, 961, 974, 987]
[0, 864, 858, 852, 846, 841, 837, 833, 829, 827, 825, 822, 819, 817, 814, 812, 799, 627, 584, 0, 0, 541, 543, 0, 0, 0, 793, 794, 0, 796, 797, 798, 801, 804, 808, 811, 813, 816, 816, 824, 828, 833, 837, 842, 849, 856, 863, 868, 874, 880, 888, 896, 905, 913, 921, 933, 941, 950, 961, 973, 986]
[0, 887, 881, 875, 871, 868, 865, 861, 856, 852, 849, 845, 843, 840, 837, 836, 799, 627, 584, 0, 539, 539, 0, 0, 0, 0, 0, 806, 0, 807, 809, 811, 813, 815, 817, 820, 825, 827, 829, 833, 837, 840, 846, 852, 858, 864, 870, 874, 880, 887, 895, 902, 910, 920, 930, 946, 955, 966, 979, 991, 1004]
[0, 887, 881, 876, 872, 868, 865, 861, 857, 853, 849, 846, 843, 840, 838, 836, 799, 627, 584, 0, 538, 539, 0, 0, 0, 0, 0, 832, 0, 835, 837, 838, 842, 845, 847, 851, 855, 860, 864, 868, 872, 877, 881, 852, 892, 864, 906, 874, 912, 919, 936, 944, 910, 962, 972, 983, 955, 1005, 1017, 1028, 1040]
[0, 888, 882, 876, 872, 868, 865, 861, 857, 857, 853, 850, 847, 844, 841, 838, 837, 627, 584, 0, 0, 541, 0, 0, 0, 0, 0, 0, 0, 835, 837, 839, 842, 845, 845, 847, 856, 860, 864, 864, 872, 877, 876, 881, 886, 892, 898, 905, 912, 919, 936, 944, 944, 953, 963, 973, 983, 993, 1004, 1015, 1028]
[0, 891, 884, 879, 874, 870, 867, 864, 860, 857, 852, 849, 846, 843, 840, 838, 837, 627, 584, 0, 0, 543, 0, 0, 0, 0, 0, 833, 0, 836, 838, 840, 843, 844, 848, 852, 855, 860, 863, 867, 871, 875, 880, 886, 892, 897, 904, 911, 918, 927, 934, 941, 951, 961, 970, 980, 991, 1002, 1013, 1025, 1038]
[0, 890, 885, 879, 873, 870, 868, 862, 859, 856, 851, 849, 847, 842, 839, 838, 837, 627, 584, 0, 0, 541, 0, 0, 0, 0, 0, 834, 0, 836, 838, 840, 842, 845, 848, 851, 855, 859, 864, 868, 872, 875, 880, 885, 890, 896, 903, 909, 916, 923, 932, 940, 949, 958, 969, 980, 991, 1002, 1012, 1023, 1036]
[0, 938, 932, 928, 922, 916, 868, 911, 905, 856, 902, 898, 896, 894, 893, 891, 892, 627, 584, 0, 0, 541, 540, 0, 0, 0, 0, 834, 0, 836, 838, 839, 841, 844, 847, 851, 856, 859, 864, 868, 871, 875, 880, 885, 890, 896, 903, 909, 916, 923, 932, 940, 949, 958, 969, 979, 991, 1002, 1012, 1023, 1036]
[0, 950, 944, 938, 932, 928, 924, 919, 915, 912, 909, 906, 902, 901, 899, 897, 892, 627, 584, 0, 0, 537, 540, 0, 0, 0, 0, 889, 0, 892, 894, 896, 898, 901, 904, 909, 915, 920, 924, 929, 935, 940, 946, 951, 957, 965, 973, 982, 990, 997, 1005, 1016, 1026, 1036, 1046, 1057, 1070, 1083, 1096, 1111, 1127]
[0, 950, 946, 940, 934, 930, 925, 920, 916, 912, 909, 906, 903, 901, 899, 897, 892, 627, 584, 0, 538, 538, 0, 0, 0, 0, 0, 0, 895, 0, 896, 898, 901, 903, 906, 911, 915, 920, 925, 930, 935, 939, 945, 951, 955, 961, 969, 979, 987, 995, 1001, 1010, 1020, 1030, 1041, 1052, 1064, 1075, 1086, 1102, 1118]
[0, 979, 970, 963, 957, 950, 947, 944, 941, 938, 933, 930, 928, 926, 925, 923, 892, 627, 584, 0, 538, 538, 0, 0, 0, 0, 0, 895, 0, 897, 898, 900, 902, 905, 910, 914, 919, 924, 929, 934, 938, 942, 948, 951, 961, 969, 977, 985, 992, 1000, 1008, 1010, 1018, 1028, 1038, 1049, 1061, 1072, 1084, 1099, 1114]
[0, 973, 964, 957, 957, 952, 948, 945, 942, 939, 935, 932, 930, 928, 924, 923, 892, 627, 584, 0, 536, 538, 0, 0, 0, 0, 0, 0, 0, 925, 926, 926, 928, 931, 935, 939, 941, 946, 950, 954, 959, 965, 972, 979, 987, 993, 998, 1005, 1014, 1023, 1032, 1040, 1050, 1062, 1072, 1083, 1096, 1109, 1123, 1139, 1155]
[0, 980, 971, 964, 958, 953, 948, 944, 942, 939, 934, 932, 930, 927, 924, 923, 892, 627, 584, 0, 538, 538, 0, 0, 0, 0, 0, 922, 0, 926, 926, 928, 931, 934, 938, 941, 943, 947, 953, 957, 962, 968, 976, 984, 991, 993, 1003, 1005, 1011, 1019, 1038, 1040, 1047, 1058, 1069, 1080, 1092, 1106, 1120, 1134, 1149]
[0, 976, 968, 961, 955, 951, 947, 944, 940, 936, 934, 931, 928, 925, 924, 922, 892, 627, 584, 0, 0, 540, 541, 0, 0, 0, 0, 923, 0, 926, 927, 929, 931, 934, 938, 941, 943, 945, 949, 954, 959, 964, 971, 979, 986, 992, 998, 1005, 1014, 1022, 1032, 1041, 1051, 1062, 1072, 1082, 1095, 1108, 1122, 1139, 1155]
[0, 980, 971, 964, 958, 953, 948, 944, 942, 938, 934, 932, 929, 927, 924, 922, 892, 627, 584, 0, 537, 538, 0, 0, 0, 0, 0, 0, 0, 925, 927, 927, 929, 932, 935, 939, 942, 947, 952, 956, 960, 967, 974, 980, 987, 995, 1001, 1007, 1016, 1024, 1034, 1043, 1054, 1065, 1075, 1087, 1098, 1112, 1128, 1143, 1158]
[0, 1064, 1057, 1050, 1042, 1038, 1032, 1027, 1024, 1021, 1016, 1013, 1012, 1008, 1005, 1004, 892, 627, 584, 0, 0, 540, 541, 0, 0, 0, 0, 923, 0, 926, 927, 929, 931, 934, 935, 938, 944, 948, 952, 954, 960, 965, 971, 979, 986, 992, 998, 1005, 1013, 1022, 1031, 1040, 1050, 1061, 1071, 1082, 1094, 1108, 1122, 1139, 1154]
[0, 1080, 1072, 1064, 1057, 1050, 1046, 1042, 1038, 1035, 1032, 1028, 1025, 1022, 1021, 1019, 892, 627, 584, 0, 0, 538, 541, 0, 0, 0, 0, 0, 0, 1008, 1010, 1014, 1017, 1020, 1023, 1028, 1031, 1036, 1041, 1046, 1053, 1059, 1067, 1074, 1080, 1088, 1096, 1105, 1114, 1124, 1136, 1148, 1158, 1170, 1183, 1196, 1208, 1222, 1238, 1252, 1269]
[0, 1080, 1075, 1068, 1060, 1053, 1046, 1043, 1038, 1034, 1031, 1028, 1025, 1023, 1022, 1019, 892, 627, 584, 0, 536, 538, 541, 0, 0, 0, 0, 1021, 0, 1025, 0, 1027, 1031, 1035, 1038, 1041, 1046, 1052, 1057, 1063, 1069, 1075, 1079, 1086, 1095, 1103, 1111, 1121, 1130, 1141, 1153, 1163, 1173, 1185, 1198, 1211, 1225, 1239, 1253, 1269, 1290]
[0, 1110, 1102, 1094, 1088, 1083, 1078, 1074, 1068, 1064, 1061, 1057, 1055, 1054, 1051, 1049, 892, 627, 584, 0, 540, 538, 539, 0, 0, 0, 0, 1021, 0, 1025, 0, 1031, 1035, 1035, 1038, 1040, 1044, 1051, 1057, 1062, 1068, 1075, 1080, 1086, 1095, 1102, 1110, 1120, 1130, 1141, 1152, 1163, 1173, 1185, 1198, 1211, 1225, 1239, 1252, 1269, 1290]
[0, 1111, 1103, 1095, 1089, 1083, 1078, 1072, 1067, 1064, 1061, 1057, 1054, 1053, 1052, 1049, 892, 627, 584, 0, 0, 539, 541, 0, 0, 0, 0, 0, 0, 1055, 1058, 1061, 1064, 1067, 1071, 1074, 1079, 1085, 1090, 1094, 1101, 1108, 1115, 1123, 1132, 1141, 1149, 1157, 1167, 1177, 1188, 1200, 1213, 1226, 1238, 1252, 1266, 1282, 1300, 1269, 1325]
[0, 1108, 1099, 1092, 1086, 1081, 1075, 1071, 1067, 1063, 1061, 1057, 1057, 1055, 1054, 1051, 892, 627, 584, 0, 0, 536, 0, 0, 0, 0, 0, 0, 1052, 1055, 1058, 1061, 1064, 1066, 1070, 1075, 1079, 1085, 1091, 1095, 1102, 1109, 1116, 1125, 1133, 1142, 1151, 1159, 1168, 1178, 1189, 1201, 1215, 1228, 1242, 1254, 1267, 1284, 1302, 1269, 1329]
[0, 1107, 1099, 1092, 1086, 1081, 1075, 1071, 1067, 1063, 1063, 1060, 1057, 1055, 1053, 1051, 892, 627, 584, 0, 535, 536, 0, 0, 0, 0, 0, 0, 1054, 1056, 1059, 1062, 1065, 1069, 1074, 1077, 1081, 1086, 1091, 1097, 1103, 1110, 1119, 1126, 1134, 1144, 1153, 1162, 1170, 1180, 1193, 1206, 1218, 1231, 1245, 1259, 1272, 1288, 1302, 1269, 1329]
[0, 1163, 1156, 1150, 1143, 1134, 1127, 1122, 1118, 1114, 1110, 1106, 1103, 1101, 1100, 1099, 892, 627, 584, 0, 0, 539, 540, 0, 0, 0, 0, 0, 0, 1056, 1059, 1062, 1065, 1069, 1073, 1077, 1081, 1085, 1091, 1097, 1103, 1110, 1119, 1126, 1134, 1144, 1153, 1162, 1170, 1180, 1193, 1206, 1218, 1231, 1245, 1259, 1272, 1288, 1307, 1269, 1333]
[0, 1164, 1157, 1149, 1143, 1137, 1129, 1124, 1118, 1113, 1111, 1107, 1103, 1101, 1101, 1101, 892, 627, 584, 0, 536, 537, 540, 0, 0, 0, 0, 0, 0, 1112, 1113, 1115, 1118, 1122, 1127, 1133, 1138, 1144, 1150, 1156, 1162, 1167, 1174, 1183, 1191, 1199, 1209, 1219, 1230, 1242, 1261, 1272, 1279, 1296, 1315, 1338, 1350, 1358, 1376, 1394, 1413]
[0, 1190, 1157, 1175, 1143, 1169, 1163, 1158, 1154, 1150, 1146, 1142, 1139, 1136, 1135, 1133, 892, 627, 584, 0, 536, 534, 540, 0, 0, 0, 0, 1107, 0, 1113, 1116, 1119, 1121, 1126, 1132, 1136, 1141, 1147, 1150, 1153, 1160, 1166, 1173, 1179, 1187, 1195, 1204, 1215, 1225, 1239, 1256, 1265, 1280, 1294, 1304, 1324, 1341, 1354, 1371, 1388, 1412]
[0, 1192, 1185, 1178, 1171, 1165, 1160, 1155, 1152, 1149, 1144, 1140, 1137, 1135, 1134, 1138, 892, 627, 584, 0, 0, 537, 537, 0, 0, 0, 0, 1142, 0, 1147, 1150, 1154, 1157, 1160, 1164, 1168, 1173, 1179, 1186, 1193, 1204, 1212, 1173, 1216, 1223, 1232, 1243, 1253, 1266, 1279, 1290, 1301, 1316, 1333, 1348, 1362, 1378, 1396, 1416, 1388, 1412]
[0, 1190, 1183, 1175, 1168, 1165, 1158, 1155, 1153, 1151, 1147, 1143, 1139, 1137, 1134, 1133, 892, 627, 584, 0, 534, 535, 537, 0, 0, 0, 0, 0, 0, 1146, 1148, 1152, 1156, 1157, 1161, 1165, 1169, 1174, 1180, 1187, 1195, 1203, 1213, 1221, 1227, 1237, 1249, 1262, 1273, 1284, 1294, 1309, 1323, 1339, 1354, 1370, 1387, 1406, 1425, 1388, 1450]
[0, 1214, 1207, 1200, 1193, 1187, 1181, 1177, 1173, 1169, 1166, 1163, 1161, 1159, 1157, 1165, 892, 627, 584, 0, 0, 536, 538, 0, 0, 0, 0, 1141, 1143, 1147, 1150, 1154, 1157, 1160, 1163, 1168, 1173, 1179, 1185, 1192, 1200, 1207, 1215, 1223, 1232, 1243, 1249, 1253, 1266, 1278, 1290, 1302, 1316, 1331, 1346, 1361, 1379, 1396, 1416, 1388, 1450]
[0, 1214, 1233, 1223, 1214, 1207, 1201, 1197, 1193, 1188, 1184, 1181, 1180, 1178, 1176, 1175, 892, 627, 584, 0, 0, 537, 539, 0, 0, 0, 0, 0, 0, 1167, 1169, 1172, 1174, 1177, 1182, 1188, 1195, 1204, 1213, 1226, 1238, 1247, 1250, 1256, 1267, 1273, 1279, 1289, 1302, 1317, 1331, 1346, 1359, 1371, 1385, 1402, 1420, 1396, 1451, 1480, 1498]
[0, 1252, 1243, 1236, 1230, 1223, 1217, 1212, 1208, 1203, 1199, 1195, 1193, 1191, 1189, 1175, 892, 627, 584, 0, 0, 536, 539, 0, 0, 0, 0, 1182, 1186, 1189, 1191, 1194, 1198, 1204, 1216, 1222, 1227, 1204, 1235, 1244, 1251, 1254, 1261, 1270, 1279, 1287, 1297, 1311, 1326, 1337, 1347, 1359, 1373, 1385, 1400, 1418, 1420, 1448, 1477, 1495, 1510]
[0, 1248, 1240, 1234, 1229, 1221, 1213, 1212, 1209, 1206, 1202, 1199, 1196, 1193, 1190, 1189, 892, 627, 584, 0, 534, 535, 540, 0, 0, 0, 0, 0, 1208, 1211, 1211, 1216, 1218, 1220, 1227, 1233, 1240, 1246, 1251, 1263, 1272, 1280, 1284, 1289, 1299, 1309, 1323, 1336, 1348, 1359, 1370, 1382, 1396, 1411, 1400, 1440, 1469, 1477, 1487, 1495, 1500]
[0, 1278, 1270, 1262, 1256, 1249, 1243, 1239, 1235, 1231, 1226, 1222, 1219, 1217, 1215, 1215, 892, 627, 584, 0, 0, 536, 538, 0, 0, 0, 0, 0, 0, 1209, 1211, 1216, 1218, 1221, 1228, 1235, 1241, 1248, 1255, 1265, 1272, 1280, 1287, 1291, 1298, 1310, 1326, 1336, 1339, 1349, 1360, 1373, 1386, 1399, 1416, 1440, 1446, 1472, 1479, 1493, 1510]
[0, 1337, 1270, 1324, 1311, 1249, 1305, 1300, 1295, 1291, 1288, 1284, 1282, 1281, 1278, 1278, 892, 627, 584, 0, 0, 538, 538, 0, 0, 0, 0, 0, 0, 1237, 1238, 1239, 1242, 1246, 1251, 1257, 1264, 1270, 1275, 1282, 1289, 1297, 1306, 1315, 1327, 1340, 1350, 1359, 1368, 1376, 1387, 1396, 1406, 1418, 1430, 1444, 1457, 1472, 1486, 1498, 1513]
[0, 1337, 1270, 1331, 1313, 1307, 1302, 1298, 1292, 1288, 1287, 1285, 1282, 1279, 1276, 1280, 892, 627, 584, 0, 534, 534, 0, 0, 0, 0, 1289, 1287, 0, 1290, 1291, 1294, 1295, 1294, 1296, 1257, 1299, 1305, 1275, 1310, 1314, 1318, 1322, 1329, 1336, 1342, 1349, 1356, 1364, 1374, 1383, 1391, 1400, 1410, 1422, 1436, 1448, 1461, 1477, 1493, 1507]
[0, 1375, 1370, 1363, 1353, 1344, 1339, 1336, 1334, 1327, 1323, 1322, 1319, 1318, 1315, 1280, 892, 627, 584, 0, 535, 535, 0, 0, 0, 0, 1289, 0, 1287, 1289, 1291, 1293, 1294, 1292, 1293, 1297, 1301, 1305, 1309, 1311, 1315, 1321, 1331, 1337, 1340, 1347, 1356, 1363, 1364, 1370, 1378, 1388, 1398, 1408, 1419, 1432, 1446, 1460, 1474, 1487, 1503]
[0, 1390, 1382, 1374, 1368, 1362, 1358, 1352, 1344, 1340, 1340, 1335, 1330, 1327, 1323, 1321, 892, 627, 584, 0, 0, 537, 539, 0, 0, 0, 1289, 0, 0, 1290, 1291, 1287, 1287, 1293, 1295, 1297, 1301, 1302, 1306, 1311, 1315, 1317, 1323, 1332, 1339, 1344, 1350, 1359, 1368, 1376, 1386, 1396, 1405, 1415, 1427, 1439, 1453, 1471, 1485, 1498, 1513]
[0, 1422, 1410, 1402, 1396, 1391, 1386, 1380, 1373, 1367, 1363, 1358, 1352, 1347, 1337, 1333, 892, 627, 584, 0, 0, 536, 537, 0, 0, 0, 1291, 1290, 0, 1289, 1289, 1291, 1287, 1294, 1295, 1295, 1298, 1301, 1304, 1309, 1314, 1317, 1323, 1329, 1336, 1341, 1349, 1356, 1364, 1372, 1381, 1391, 1400, 1410, 1422, 1436, 1448, 1461, 1477, 1492, 1507]
[0, 1424, 1413, 1402, 1395, 1389, 1385, 1379, 1374, 1370, 1364, 1358, 1353, 1347, 1337, 1331, 892, 627, 584, 0, 0, 537, 539, 0, 0, 0, 1291, 1288, 0, 1288, 1288, 1289, 1291, 1294, 1295, 1297, 1298, 1301, 1306, 1309, 1311, 1315, 1321, 1327, 1334, 1341, 1347, 1355, 1364, 1372, 1381, 1391, 1400, 1411, 1420, 1432, 1448, 1462, 1477, 1492, 1506]
[0, 1424, 1413, 1402, 1396, 1390, 1385, 1379, 1374, 1368, 1363, 1358, 1353, 1347, 1337, 1333, 892, 627, 584, 0, 0, 535, 537, 0, 0, 0, 1290, 1290, 0, 1290, 1289, 1290, 1292, 1294, 1295, 1295, 1298, 1301, 1304, 1309, 1313, 1317, 1322, 1329, 1335, 1341, 1347, 1355, 1364, 1372, 1381, 1390, 1399, 1410, 1420, 1432, 1448, 1461, 1476, 1492, 1506]
[0, 1471, 1462, 1447, 1427, 1414, 1405, 1394, 1384, 1374, 1364, 1358, 1352, 1346, 1340, 1333, 892, 627, 584, 0, 0, 537, 539, 0, 0, 0, 1290, 1288, 0, 1288, 1288, 1289, 1290, 1292, 1295, 1297, 1298, 1301, 1306, 1309, 1312, 1315, 1321, 1328, 1334, 1342, 1348, 1355, 1363, 1372, 1381, 1392, 1401, 1410, 1420, 1433, 1448, 1463, 1478, 1492, 1507]
[0, 1467, 1453, 1439, 1424, 1413, 1401, 1391, 1382, 1371, 1363, 1355, 1347, 1340, 1334, 1342, 892, 627, 584, 0, 0, 536, 539, 0, 0, 0, 1290, 0, 1288, 1288, 1288, 0, 1289, 1292, 1294, 1295, 1297, 1300, 1304, 1307, 1311, 1316, 1321, 1327, 1334, 1341, 1347, 1354, 1363, 1371, 1380, 1389, 1399, 1410, 1419, 1432, 1447, 1460, 1475, 1491, 1505]
[0, 1459, 1444, 1439, 1429, 1415, 1404, 1395, 1386, 1375, 1366, 1358, 1351, 1346, 1338, 1330, 892, 627, 584, 0, 0, 535, 535, 0, 0, 0, 1290, 0, 0, 1286, 1287, 1290, 1289, 1288, 1290, 1296, 1297, 1297, 1303, 1306, 1309, 1315, 1321, 1326, 1332, 1341, 1348, 1355, 1363, 1371, 1381, 1388, 1396, 1408, 1419, 1430, 1445, 1462, 1477, 1491, 1506]
[0, 1459, 1445, 1429, 1429, 1405, 1404, 1395, 1385, 1374, 1366, 1359, 1351, 1344, 1338, 1330, 892, 627, 584, 0, 0, 533, 533, 0, 0, 0, 1293, 1287, 0, 1285, 1286, 1284, 1286, 1289, 1290, 1292, 1295, 1298, 1304, 1309, 1311, 1315, 1321, 1326, 1333, 1341, 1346, 1355, 1358, 1369, 1375, 1383, 1393, 1401, 1411, 1424, 1436, 1449, 1465, 1484, 1498]
[0, 1476, 1458, 1443, 1428, 1415, 1403, 1394, 1385, 1374, 1364, 1357, 1351, 1345, 1338, 1329, 892, 627, 584, 0, 0, 538, 539, 0, 0, 0, 1293, 0, 0, 1285, 1285, 1284, 1285, 1289, 1291, 1293, 1295, 1298, 1304, 1309, 1311, 1315, 1319, 1326, 1326, 1333, 1338, 1346, 1357, 1368, 1374, 1381, 1392, 1401, 1412, 1425, 1437, 1451, 1467, 1484, 1498]
[0, 1467, 1452, 1438, 1423, 1412, 1401, 1390, 1378, 1369, 1363, 1357, 1348, 1339, 1333, 1338, 892, 627, 584, 0, 0, 535, 539, 0, 0, 0, 1289, 0, 1285, 1284, 1285, 1286, 1286, 1290, 1293, 1292, 1296, 1300, 1304, 1303, 1308, 1311, 1315, 1321, 1328, 1335, 1341, 1350, 1359, 1366, 1374, 1382, 1392, 1402, 1415, 1429, 1442, 1454, 1468, 1485, 1498]
[0, 1461, 1446, 1432, 1419, 1408, 1397, 1388, 1378, 1369, 1361, 1354, 1346, 1339, 1338, 1331, 892, 627, 584, 0, 533, 534, 0, 0, 0, 0, 1289, 0, 0, 1285, 1287, 1289, 1289, 1288, 1287, 1292, 1294, 1294, 1299, 1303, 1307, 1312, 1317, 1322, 1329, 1338, 1344, 1349, 1361, 1373, 1377, 1386, 1397, 1407, 1419, 1430, 1444, 1459, 1475, 1490, 1504]
[0, 1475, 1457, 1442, 1428, 1415, 1403, 1394, 1381, 1370, 1364, 1357, 1351, 1344, 1334, 1326, 892, 627, 584, 0, 0, 538, 538, 0, 0, 0, 1289, 0, 0, 1284, 1283, 1285, 1286, 1288, 1290, 1295, 1296, 1297, 1301, 1308, 1311, 1313, 1318, 1325, 1333, 1339, 1344, 1352, 1363, 1372, 1380, 1387, 1396, 1411, 1422, 1434, 1444, 1461, 1475, 1478, 1495]
[0, 1473, 1455, 1442, 1426, 1414, 1403, 1393, 1383, 1373, 1364, 1357, 1351, 1341, 1331, 1326, 892, 627, 584, 0, 0, 538, 538, 0, 0, 0, 1289, 1287, 0, 1284, 1285, 1286, 1287, 1290, 1293, 1292, 1296, 1293, 1297, 1302, 1307, 1311, 1315, 1320, 1327, 1335, 1341, 1347, 1355, 1365, 1374, 1381, 1391, 1401, 1412, 1424, 1437, 1451, 1465, 1482, 1497]
[0, 1473, 1457, 1442, 1427, 1415, 1403, 1394, 1384, 1373, 1364, 1357, 1350, 1341, 1332, 1326, 892, 627, 584, 0, 0, 536, 537, 0, 0, 0, 1289, 1287, 0, 1284, 1286, 1287, 1287, 1289, 1293, 1292, 1292, 1294, 1299, 1305, 1307, 1310, 1314, 1320, 1327, 1334, 1340, 1347, 1356, 1366, 1374, 1382, 1392, 1402, 1412, 1423, 1438, 1453, 1468, 1484, 1498]
[0, 1459, 1444, 1428, 1416, 1406, 1403, 1394, 1383, 1374, 1365, 1358, 1351, 1343, 1335, 1327, 892, 627, 584, 0, 0, 532, 537, 0, 0, 0, 1292, 1286, 0, 1283, 1285, 1286, 1287, 1288, 1290, 1292, 1295, 1298, 1302, 1305, 1307, 1311, 1314, 1319, 1326, 1334, 1341, 1347, 1355, 1365, 1373, 1380, 1390, 1401, 1412, 1424, 1438, 1452, 1466, 1483, 1497]
[0, 1459, 1446, 1430, 1416, 1406, 1394, 1384, 1383, 1376, 1367, 1358, 1350, 1343, 1336, 1328, 892, 627, 584, 0, 533, 532, 534, 0, 0, 0, 1292, 0, 0, 1284, 1284, 1284, 1285, 1289, 1292, 1293, 1294, 1297, 1303, 1308, 1311, 1314, 1319, 1324, 1331, 1334, 1344, 1351, 1355, 1370, 1373, 1378, 1389, 1399, 1408, 1423, 1436, 1449, 1465, 1483, 1496]
[0, 1467, 1452, 1439, 1426, 1414, 1403, 1389, 1378, 1371, 1364, 1357, 1346, 1337, 1331, 1323, 892, 627, 584, 0, 0, 537, 538, 0, 0, 0, 1292, 0, 0, 1283, 1282, 1284, 1286, 1289, 1291, 1291, 1292, 1297, 1302, 1307, 1311, 1313, 1318, 1324, 1331, 1338, 1345, 1352, 1355, 1360, 1370, 1379, 1389, 1400, 1409, 1422, 1436, 1449, 1464, 1483, 1496]
[0, 1468, 1454, 1441, 1426, 1414, 1402, 1392, 1383, 1372, 1364, 1357, 1349, 1342, 1334, 1325, 892, 627, 584, 0, 0, 536, 537, 0, 0, 0, 1286, 1286, 0, 1285, 0, 1282, 1287, 1289, 1291, 1290, 1294, 1296, 1300, 1306, 1315, 1321, 1326, 1333, 1339, 1346, 1351, 1361, 1374, 1383, 1391, 1400, 1412, 1421, 1433, 1446, 1460, 1474, 1487, 1505, 1510]
[0, 1458, 1445, 1430, 1415, 1404, 1394, 1382, 1374, 1366, 1358, 1350, 1349, 1341, 1336, 1330, 892, 627, 584, 0, 533, 533, 0, 0, 0, 0, 1292, 1285, 0, 1284, 1285, 1284, 1285, 1288, 1290, 1293, 1296, 1303, 1312, 1318, 1323, 1328, 1331, 1339, 1348, 1354, 1358, 1361, 1369, 1380, 1388, 1394, 1408, 1422, 1430, 1442, 1454, 1465, 1482, 1498, 1507]
[0, 1467, 1453, 1439, 1424, 1412, 1401, 1389, 1379, 1371, 1363, 1355, 1348, 1339, 1331, 1325, 892, 627, 584, 0, 0, 534, 535, 0, 0, 0, 1292, 0, 0, 1288, 1288, 1289, 1292, 1295, 1300, 1304, 1305, 1306, 1313, 1315, 1318, 1324, 1327, 1334, 1341, 1349, 1354, 1361, 1374, 1384, 1393, 1403, 1414, 1426, 1438, 1450, 1461, 1475, 1490, 1489, 1497]
[0, 1466, 1451, 1437, 1423, 1412, 1401, 1388, 1378, 1370, 1362, 1355, 1346, 1337, 1331, 1324, 892, 627, 584, 0, 0, 537, 538, 0, 0, 0, 1292, 0, 0, 1285, 1285, 1289, 1296, 1301, 1304, 1306, 1309, 1309, 1312, 1318, 1323, 1327, 1330, 1338, 1347, 1354, 1359, 1367, 1377, 1387, 1395, 1408, 1420, 1429, 1442, 1455, 1465, 1480, 1497, 1505, 1510]
[0, 1457, 1444, 1430, 1415, 1405, 1399, 1392, 1385, 1384, 1377, 1355, 1365, 1356, 1348, 1342, 892, 627, 584, 0, 534, 535, 538, 0, 0, 0, 1287, 1286, 0, 1284, 1288, 1292, 1294, 1298, 1304, 1308, 1310, 1313, 1315, 1319, 1323, 1322, 1326, 1331, 1339, 1348, 1353, 1361, 1372, 1379, 1388, 1400, 1412, 1421, 1430, 1443, 1456, 1469, 1483, 1499, 1505]
[0, 1455, 1441, 1429, 1416, 1406, 1398, 1392, 1390, 1384, 1383, 1376, 1363, 1355, 1349, 1342, 892, 627, 584, 0, 534, 535, 538, 0, 0, 0, 1287, 0, 0, 1295, 1300, 1299, 1301, 1304, 1303, 1304, 1305, 1308, 1314, 1316, 1318, 1322, 1328, 1334, 1341, 1349, 1356, 1362, 1375, 1385, 1393, 1401, 1412, 1425, 1436, 1448, 1461, 1473, 1488, 1505, 1510]
[0, 1466, 1451, 1438, 1424, 1412, 1402, 1395, 1389, 1383, 1379, 1371, 1362, 1355, 1348, 1342, 892, 627, 584, 0, 0, 536, 537, 0, 0, 0, 1287, 0, 0, 1298, 1299, 1301, 1305, 1306, 1303, 1305, 1309, 1310, 1312, 1317, 1321, 1325, 1330, 1335, 1343, 1350, 1356, 1364, 1373, 1385, 1394, 1407, 1419, 1428, 1439, 1451, 1465, 1479, 1495, 1519, 1510]
[0, 1467, 1453, 1441, 1435, 1430, 1424, 1410, 1397, 1390, 1380, 1370, 1359, 1352, 1345, 1349, 892, 627, 584, 0, 0, 535, 537, 0, 0, 0, 1310, 1299, 1298, 1299, 1299, 1300, 1302, 1303, 1304, 1307, 1308, 1311, 1314, 1317, 1321, 1325, 1331, 1335, 1335, 1344, 1353, 1358, 1368, 1380, 1389, 1399, 1408, 1418, 1430, 1443, 1453, 1466, 1483, 1499, 1505]
[0, 1465, 1453, 1441, 1434, 1430, 1418, 1404, 1396, 1389, 1380, 1369, 1361, 1353, 1345, 1358, 892, 627, 584, 0, 535, 535, 537, 0, 0, 0, 0, 0, 1301, 1299, 1299, 1300, 1299, 1300, 1301, 1303, 1306, 1310, 1312, 1314, 1318, 1322, 1327, 1333, 1339, 1348, 1353, 1358, 1369, 1382, 1391, 1400, 1412, 1424, 1436, 1447, 1458, 1471, 1487, 1500, 1506]
[0, 1485, 1469, 1455, 1445, 1432, 1422, 1412, 1401, 1391, 1382, 1372, 1363, 1356, 1348, 1340, 892, 627, 584, 0, 0, 536, 537, 0, 0, 0, 0, 0, 0, 1300, 1300, 1300, 1301, 1301, 1301, 1304, 1307, 1310, 1313, 1316, 1318, 1322, 1328, 1334, 1341, 1349, 1355, 1362, 1371, 1382, 1392, 1402, 1413, 1424, 1436, 1448, 1460, 1473, 1488, 1505, 1510]
[0, 1481, 1465, 1453, 1442, 1430, 1418, 1404, 1396, 1389, 1379, 1369, 1359, 1352, 1345, 1341, 892, 627, 584, 0, 0, 538, 539, 0, 0, 0, 1309, 1299, 1299, 1298, 1299, 1300, 1306, 1306, 1304, 1307, 1307, 1308, 1314, 1318, 1318, 1321, 1325, 1330, 1338, 1346, 1353, 1362, 1371, 1380, 1389, 1399, 1408, 1418, 1430, 1443, 1453, 1466, 1482, 1499, 1508]
[0, 1483, 1467, 1456, 1447, 1435, 1422, 1411, 1400, 1391, 1382, 1372, 1363, 1355, 1348, 1342, 892, 627, 584, 0, 0, 536, 537, 0, 0, 0, 1309, 1299, 0, 1299, 1298, 1297, 1298, 1298, 1300, 1303, 1305, 1308, 1311, 1315, 1319, 1321, 1326, 1332, 1338, 1346, 1353, 1360, 1370, 1383, 1391, 1398, 1409, 1419, 1430, 1444, 1454, 1466, 1482, 1498, 1505]
[0, 1486, 1471, 1458, 1447, 1435, 1424, 1413, 1400, 1392, 1386, 1379, 1366, 1355, 1349, 1342, 892, 627, 584, 0, 0, 540, 537, 0, 0, 0, 1309, 0, 0, 1300, 1301, 1300, 1300, 1302, 1304, 1306, 1308, 1312, 1315, 1316, 1318, 1323, 1330, 1337, 1346, 1350, 1357, 1364, 1374, 1385, 1394, 1404, 1415, 1428, 1439, 1452, 1464, 1476, 1490, 1482, 1488]
