[0, 0, 0, 0, 0, 0, 0, 0, 0, 0, 0, 0, 0, 0, 0, 0, 0, 0, 0, 0, 0, 0, 0, 0, 0, 0, 0, 0, 0, 0, 0, 0, 0, 0, 0, 0, 0, 0, 0, 0, 0, 0, 0, 0, 0, 0, 0, 0, 0, 0, 0, 0, 0, 0, 0, 0, 0, 0, 0, 0, 0]
[0, 531, 528, 524, 520, 516, 512, 508, 505, 503, 501, 498, 496, 494, 492, 490, 489, 487, 486, 485, 483, 482, 481, 480, 481, 480, 479, 479, 480, 480, 480, 481, 481, 482, 482, 483, 484, 486, 488, 490, 492, 494, 495, 498, 501, 504, 507, 511, 514, 518, 522, 526, 531, 536, 541, 546, 552, 557, 562, 569, 575]
[0, 531, 526, 522, 519, 515, 511, 509, 506, 503, 500, 498, 496, 494, 492, 490, 488, 487, 487, 484, 483, 484, 482, 481, 480, 480, 480, 479, 480, 480, 480, 480, 481, 482, 482, 483, 484, 486, 487, 489, 492, 494, 495, 498, 501, 504, 507, 510, 514, 518, 522, 526, 531, 536, 541, 546, 551, 556, 562, 568, 575]
[0, 531, 526, 522, 518, 515, 511, 508, 505, 502, 500, 498, 498, 496, 492, 490, 490, 488, 486, 485, 484, 483, 482, 482, 481, 480, 480, 480, 480, 480, 480, 481, 481, 482, 482, 484, 485, 487, 488, 490, 492, 495, 497, 499, 502, 505, 508, 511, 515, 518, 523, 527, 531, 536, 541, 547, 552, 558, 564, 570, 577]
[0, 530, 526, 522, 518, 515, 511, 508, 505, 502, 500, 498, 496, 493, 492, 492, 487, 488, 486, 485, 484, 483, 482, 481, 481, 480, 480, 480, 480, 480, 480, 481, 481, 482, 483, 484, 485, 486, 488, 490, 492, 495, 497, 500, 503, 505, 509, 512, 516, 520, 524, 528, 533, 538, 543, 548, 554, 558, 565, 570, 571]
[0, 531, 527, 522, 519, 515, 512, 509, 506, 503, 500, 498, 496, 494, 492, 489, 488, 487, 485, 485, 483, 482, 482, 481, 481, 480, 480, 480, 480, 480, 480, 481, 481, 482, 483, 484, 485, 486, 488, 490, 492, 495, 497, 499, 502, 506, 508, 512, 516, 519, 523, 528, 533, 538, 542, 548, 553, 558, 564, 570, 577]
[0, 531, 526, 522, 518, 515, 511, 508, 505, 503, 500, 498, 496, 494, 492, 489, 488, 487, 485, 485, 484, 483, 482, 481, 480, 480, 480, 480, 479, 480, 480, 481, 481, 482, 482, 484, 485, 486, 488, 490, 492, 495, 497, 499, 502, 505, 508, 511, 515, 518, 523, 527, 531, 537, 542, 547, 552, 558, 564, 570, 577]
[0, 531, 526, 522, 518, 515, 511, 508, 505, 503, 500, 498, 496, 494, 492, 489, 488, 486, 485, 485, 484, 483, 482, 481, 481, 480, 480, 480, 479, 480, 480, 481, 481, 482, 482, 484, 485, 486, 488, 490, 492, 495, 497, 499, 502, 505, 508, 512, 516, 519, 523, 528, 533, 538, 542, 548, 554, 559, 564, 570, 577]
[0, 527, 526, 524, 519, 515, 512, 509, 506, 503, 501, 499, 496, 494, 492, 490, 489, 487, 485, 484, 483, 482, 481, 481, 481, 480, 480, 480, 480, 480, 480, 481, 481, 482, 483, 484, 485, 486, 488, 490, 492, 495, 497, 499, 502, 505, 509, 512, 516, 519, 523, 528, 533, 538, 543, 548, 554, 559, 564, 570, 578]
[0, 535, 531, 527, 523, 520, 512, 516, 514, 511, 508, 506, 503, 501, 499, 498, 496, 495, 493, 492, 491, 489, 488, 487, 481, 480, 480, 479, 479, 480, 480, 480, 481, 482, 482, 484, 485, 486, 488, 490, 492, 494, 495, 498, 501, 504, 507, 511, 514, 518, 522, 527, 531, 537, 542, 546, 551, 557, 563, 568, 576]
[0, 534, 531, 530, 526, 522, 519, 516, 513, 511, 508, 506, 503, 502, 500, 497, 496, 495, 493, 492, 491, 490, 488, 487, 487, 486, 486, 487, 487, 487, 487, 480, 489, 490, 482, 493, 495, 486, 496, 500, 492, 502, 505, 507, 513, 504, 516, 519, 523, 527, 531, 536, 541, 545, 550, 556, 561, 566, 572, 579, 585]
[0, 535, 531, 528, 524, 520, 517, 516, 514, 512, 510, 507, 504, 501, 500, 498, 496, 495, 495, 493, 491, 490, 489, 488, 488, 487, 487, 487, 487, 487, 488, 489, 489, 490, 492, 493, 493, 494, 496, 498, 500, 503, 505, 508, 511, 514, 516, 520, 524, 528, 532, 536, 541, 546, 551, 556, 562, 568, 574, 580, 587]
[0, 536, 531, 528, 524, 525, 521, 517, 514, 512, 510, 506, 504, 503, 500, 499, 497, 495, 493, 492, 492, 491, 490, 489, 488, 488, 487, 487, 487, 488, 488, 488, 490, 491, 492, 493, 495, 496, 498, 501, 504, 503, 506, 507, 510, 513, 516, 520, 523, 527, 532, 537, 545, 546, 550, 556, 561, 573, 574, 579, 586]
[0, 540, 535, 530, 526, 524, 521, 518, 514, 512, 510, 507, 505, 502, 501, 499, 498, 496, 495, 494, 492, 493, 492, 490, 489, 488, 488, 488, 488, 488, 489, 490, 492, 493, 492, 494, 495, 496, 498, 499, 502, 505, 507, 509, 511, 514, 518, 523, 526, 531, 534, 539, 543, 548, 554, 559, 563, 569, 576, 582, 588]
[0, 540, 535, 530, 527, 524, 521, 518, 514, 512, 509, 507, 505, 502, 501, 499, 497, 496, 495, 494, 493, 491, 490, 490, 490, 489, 488, 488, 488, 488, 489, 490, 491, 492, 493, 494, 496, 497, 499, 501, 503, 506, 509, 510, 513, 517, 520, 523, 528, 532, 536, 540, 545, 550, 556, 561, 566, 572, 579, 585, 592]
[0, 541, 536, 531, 527, 524, 521, 517, 514, 512, 510, 507, 505, 503, 501, 499, 497, 495, 495, 494, 493, 492, 490, 491, 490, 489, 488, 488, 488, 488, 489, 490, 491, 492, 493, 494, 496, 497, 499, 501, 503, 506, 508, 510, 513, 517, 520, 523, 528, 532, 536, 540, 545, 550, 556, 561, 566, 572, 578, 585, 592]
[0, 542, 538, 534, 530, 525, 522, 520, 518, 515, 512, 510, 508, 506, 504, 502, 500, 499, 497, 494, 496, 495, 495, 494, 489, 489, 488, 488, 488, 488, 488, 490, 491, 492, 493, 494, 496, 497, 499, 501, 503, 506, 508, 510, 513, 516, 520, 523, 527, 532, 536, 540, 545, 550, 555, 560, 565, 572, 579, 585, 592]
[0, 542, 537, 534, 530, 526, 523, 520, 517, 515, 512, 510, 508, 506, 504, 502, 500, 499, 498, 497, 496, 495, 495, 494, 493, 493, 492, 493, 488, 488, 492, 492, 495, 496, 496, 498, 500, 501, 503, 506, 508, 510, 512, 514, 517, 521, 524, 528, 532, 536, 541, 546, 551, 556, 561, 566, 572, 579, 585, 591, 597]
[0, 540, 536, 533, 529, 525, 523, 519, 517, 514, 512, 511, 509, 507, 505, 503, 501, 500, 498, 497, 496, 495, 494, 494, 494, 493, 492, 494, 488, 488, 493, 492, 494, 495, 496, 498, 500, 501, 503, 506, 508, 510, 512, 515, 518, 521, 524, 528, 533, 537, 541, 546, 551, 556, 561, 566, 567, 579, 586, 592, 599]
[0, 542, 537, 533, 530, 526, 523, 520, 517, 514, 512, 510, 508, 507, 505, 503, 500, 500, 499, 498, 497, 496, 495, 494, 493, 492, 492, 492, 488, 488, 494, 495, 495, 0, 498, 498, 501, 501, 505, 506, 507, 509, 511, 514, 517, 520, 522, 526, 530, 535, 539, 544, 548, 553, 558, 563, 569, 576, 582, 588, 596]
[0, 542, 538, 534, 530, 526, 523, 520, 517, 515, 512, 510, 508, 506, 504, 502, 500, 499, 497, 496, 495, 495, 495, 494, 494, 493, 492, 493, 488, 488, 493, 493, 495, 495, 497, 498, 500, 501, 504, 506, 508, 511, 513, 516, 519, 522, 522, 525, 529, 534, 543, 544, 553, 553, 563, 563, 568, 574, 581, 587, 594]
[0, 549, 538, 545, 541, 537, 534, 532, 528, 525, 523, 521, 519, 516, 514, 512, 510, 509, 508, 507, 506, 505, 504, 494, 493, 493, 492, 493, 488, 488, 492, 492, 494, 495, 496, 498, 500, 501, 503, 506, 508, 510, 512, 514, 517, 521, 524, 528, 532, 537, 541, 546, 551, 556, 562, 568, 574, 579, 586, 592, 599]
[0, 549, 545, 545, 541, 537, 534, 532, 528, 526, 523, 520, 518, 516, 514, 512, 510, 509, 508, 507, 506, 505, 504, 494, 503, 503, 492, 0, 481, 477, 478, 492, 0, 506, 507, 509, 510, 511, 513, 515, 518, 521, 523, 526, 529, 532, 536, 540, 544, 548, 553, 557, 562, 567, 573, 579, 585, 591, 597, 604, 611]
[0, 554, 550, 546, 542, 537, 539, 535, 532, 530, 527, 525, 523, 520, 518, 516, 514, 513, 512, 510, 509, 509, 508, 503, 503, 503, 0, 0, 480, 477, 477, 492, 0, 0, 507, 509, 510, 511, 513, 515, 518, 520, 523, 526, 528, 532, 536, 540, 544, 548, 553, 557, 562, 567, 573, 579, 585, 591, 597, 604, 611]
[0, 554, 550, 546, 543, 539, 536, 533, 532, 527, 527, 525, 524, 521, 519, 517, 515, 513, 512, 511, 510, 510, 509, 508, 507, 507, 0, 0, 479, 475, 476, 492, 0, 0, 511, 513, 515, 516, 518, 520, 522, 524, 528, 531, 533, 536, 540, 543, 547, 552, 557, 561, 566, 572, 578, 584, 590, 595, 602, 608, 616]
[0, 556, 551, 547, 543, 540, 537, 534, 531, 529, 526, 524, 524, 522, 519, 517, 515, 513, 512, 511, 510, 510, 509, 508, 507, 507, 0, 480, 479, 475, 475, 492, 0, 510, 512, 513, 513, 515, 517, 519, 522, 524, 527, 530, 533, 536, 539, 543, 547, 551, 556, 560, 565, 570, 576, 582, 588, 594, 600, 606, 613]
[0, 556, 561, 557, 554, 550, 547, 544, 541, 538, 535, 533, 530, 528, 526, 524, 523, 522, 521, 511, 519, 518, 517, 508, 507, 507, 0, 0, 475, 475, 475, 0, 0, 511, 512, 514, 515, 517, 519, 519, 521, 525, 527, 531, 534, 538, 542, 543, 550, 551, 555, 564, 565, 569, 575, 581, 587, 593, 599, 606, 613]
[0, 572, 567, 563, 559, 556, 553, 550, 547, 544, 541, 539, 536, 535, 533, 531, 529, 522, 527, 525, 524, 518, 524, 523, 516, 507, 0, 0, 475, 473, 475, 0, 0, 0, 521, 522, 523, 525, 527, 529, 531, 533, 537, 540, 543, 547, 551, 555, 558, 563, 567, 572, 578, 584, 589, 595, 601, 608, 614, 621, 629]
[0, 572, 567, 563, 559, 556, 553, 550, 547, 544, 541, 539, 536, 534, 532, 530, 529, 529, 526, 525, 524, 518, 524, 523, 523, 522, 0, 479, 473, 472, 474, 0, 0, 0, 528, 529, 530, 532, 534, 536, 538, 541, 544, 547, 550, 554, 557, 561, 565, 570, 575, 581, 586, 591, 596, 603, 610, 616, 622, 629, 637]
[0, 569, 565, 561, 558, 555, 552, 550, 545, 544, 543, 541, 538, 536, 534, 532, 531, 529, 527, 526, 525, 524, 523, 523, 523, 522, 0, 479, 473, 472, 473, 0, 0, 0, 527, 529, 530, 532, 534, 536, 538, 541, 543, 546, 550, 554, 557, 561, 565, 570, 575, 581, 586, 591, 596, 603, 610, 615, 621, 628, 637]
[0, 577, 572, 561, 567, 561, 552, 558, 555, 552, 549, 547, 545, 543, 541, 539, 537, 536, 534, 533, 533, 532, 531, 523, 523, 522, 0, 0, 476, 473, 473, 477, 0, 0, 528, 529, 530, 531, 533, 535, 537, 540, 543, 546, 550, 553, 556, 560, 564, 568, 573, 578, 584, 589, 595, 600, 607, 613, 619, 626, 634]
[0, 591, 587, 583, 579, 575, 571, 568, 565, 562, 559, 547, 555, 543, 553, 551, 550, 548, 546, 545, 544, 543, 542, 541, 529, 522, 0, 481, 474, 472, 474, 478, 0, 0, 0, 536, 538, 539, 541, 543, 546, 548, 551, 554, 558, 561, 564, 568, 572, 577, 583, 588, 593, 598, 603, 609, 615, 622, 629, 636, 644]
[0, 591, 587, 583, 578, 574, 571, 568, 565, 562, 559, 547, 557, 555, 553, 552, 550, 548, 546, 545, 545, 543, 542, 541, 541, 522, 0, 0, 473, 470, 0, 473, 0, 0, 547, 549, 550, 552, 554, 556, 558, 561, 564, 568, 571, 575, 580, 585, 572, 593, 598, 603, 608, 614, 620, 627, 633, 641, 648, 655, 663]
[0, 591, 594, 589, 585, 582, 577, 574, 571, 567, 565, 563, 561, 559, 557, 555, 553, 552, 550, 549, 548, 547, 546, 541, 541, 522, 0, 0, 471, 470, 470, 473, 0, 0, 547, 549, 550, 552, 554, 556, 558, 561, 564, 568, 571, 576, 580, 585, 589, 593, 598, 603, 608, 614, 620, 620, 627, 641, 648, 656, 664]
[0, 599, 595, 591, 587, 582, 580, 574, 577, 573, 570, 567, 565, 563, 561, 560, 558, 556, 555, 554, 552, 551, 551, 546, 546, 522, 0, 477, 472, 470, 471, 475, 0, 0, 0, 553, 554, 556, 558, 559, 562, 565, 568, 571, 575, 580, 584, 588, 592, 597, 601, 606, 612, 617, 623, 630, 637, 644, 651, 658, 666]
[0, 606, 602, 598, 594, 591, 587, 584, 580, 578, 575, 571, 565, 567, 561, 565, 564, 562, 561, 560, 559, 557, 557, 556, 550, 522, 0, 479, 472, 468, 469, 473, 0, 0, 556, 553, 560, 562, 0, 564, 566, 569, 572, 576, 580, 583, 587, 592, 596, 600, 605, 610, 614, 620, 627, 633, 641, 648, 655, 662, 670]
[0, 611, 607, 603, 599, 595, 592, 589, 586, 583, 579, 577, 574, 572, 571, 569, 566, 565, 563, 563, 559, 560, 557, 560, 555, 522, 0, 472, 472, 469, 469, 473, 0, 0, 561, 563, 565, 567, 569, 571, 574, 577, 581, 585, 588, 592, 587, 596, 600, 605, 610, 615, 620, 625, 632, 639, 646, 652, 659, 667, 675]
[0, 609, 605, 601, 597, 594, 591, 589, 588, 584, 581, 578, 576, 573, 571, 569, 567, 565, 564, 562, 562, 561, 560, 560, 559, 560, 0, 473, 469, 469, 471, 477, 0, 0, 0, 567, 568, 570, 572, 575, 578, 581, 584, 588, 591, 595, 599, 603, 607, 612, 617, 622, 628, 634, 641, 647, 654, 661, 670, 677, 685]
[0, 611, 608, 604, 600, 596, 592, 589, 587, 583, 580, 578, 576, 574, 572, 570, 567, 566, 564, 565, 564, 563, 562, 562, 559, 560, 0, 478, 470, 468, 469, 473, 0, 0, 565, 567, 568, 569, 574, 575, 576, 580, 583, 586, 589, 593, 597, 601, 606, 610, 615, 620, 625, 631, 637, 644, 651, 657, 665, 673, 680]
[0, 621, 617, 613, 610, 606, 602, 599, 596, 593, 590, 588, 586, 574, 583, 581, 579, 578, 575, 565, 573, 571, 571, 570, 561, 560, 0, 478, 470, 469, 0, 471, 0, 0, 568, 570, 572, 574, 576, 579, 582, 585, 588, 592, 595, 600, 604, 608, 606, 618, 623, 629, 625, 642, 637, 655, 662, 670, 665, 678, 685]
[0, 632, 626, 621, 618, 614, 611, 608, 605, 602, 599, 596, 594, 592, 590, 589, 579, 587, 586, 584, 584, 583, 582, 580, 570, 560, 0, 472, 469, 469, 470, 471, 0, 0, 0, 579, 580, 582, 585, 588, 590, 593, 596, 599, 603, 607, 611, 615, 620, 625, 630, 636, 643, 649, 655, 661, 669, 677, 665, 693, 702]
[0, 634, 629, 624, 620, 617, 613, 610, 607, 605, 602, 596, 599, 597, 595, 593, 591, 590, 588, 587, 586, 585, 584, 580, 580, 560, 0, 471, 469, 469, 469, 471, 0, 0, 0, 589, 590, 592, 594, 597, 599, 602, 605, 609, 612, 616, 620, 625, 630, 636, 642, 648, 653, 659, 665, 672, 669, 687, 665, 704, 712]
[0, 636, 631, 624, 622, 617, 619, 615, 612, 610, 607, 604, 601, 599, 598, 596, 594, 592, 591, 591, 589, 588, 587, 583, 583, 560, 0, 475, 469, 467, 468, 470, 0, 0, 591, 593, 595, 597, 598, 601, 599, 604, 607, 614, 617, 616, 626, 625, 632, 637, 643, 649, 654, 659, 665, 672, 679, 687, 695, 704, 712]
[0, 639, 633, 629, 624, 621, 618, 614, 612, 609, 606, 603, 601, 599, 597, 596, 594, 593, 591, 591, 590, 589, 588, 588, 587, 560, 0, 473, 468, 465, 467, 472, 0, 0, 0, 594, 595, 597, 599, 603, 605, 608, 611, 614, 617, 621, 625, 631, 636, 641, 646, 652, 658, 664, 670, 677, 685, 693, 702, 709, 716]
[0, 638, 634, 629, 624, 620, 617, 614, 611, 609, 606, 602, 600, 599, 598, 597, 595, 593, 592, 591, 590, 588, 588, 588, 587, 560, 0, 0, 469, 467, 466, 470, 0, 0, 0, 595, 597, 598, 600, 603, 605, 609, 613, 616, 618, 622, 628, 633, 638, 643, 649, 655, 660, 667, 674, 680, 688, 693, 705, 713, 720]
[0, 656, 634, 651, 647, 644, 640, 636, 633, 630, 626, 623, 621, 618, 616, 615, 614, 612, 611, 610, 609, 607, 607, 587, 587, 560, 0, 475, 469, 467, 467, 470, 0, 0, 593, 594, 597, 598, 601, 603, 606, 609, 608, 611, 616, 624, 629, 633, 633, 637, 643, 649, 655, 661, 667, 675, 681, 690, 698, 705, 713]
[0, 659, 654, 650, 646, 643, 638, 635, 632, 628, 626, 623, 620, 617, 615, 614, 614, 611, 611, 610, 610, 608, 607, 607, 606, 560, 0, 470, 465, 464, 466, 472, 0, 0, 613, 614, 615, 617, 619, 622, 625, 629, 632, 635, 640, 645, 648, 652, 658, 662, 669, 675, 680, 687, 695, 702, 709, 716, 724, 732, 742]
[0, 662, 658, 653, 649, 645, 641, 638, 635, 632, 628, 625, 623, 621, 618, 616, 615, 614, 613, 610, 612, 609, 609, 607, 606, 0, 0, 474, 468, 465, 464, 467, 0, 0, 0, 615, 617, 619, 621, 624, 627, 631, 634, 637, 641, 646, 650, 654, 660, 666, 671, 678, 684, 690, 698, 706, 713, 720, 728, 737, 746]
[0, 664, 661, 657, 652, 645, 649, 646, 643, 640, 637, 633, 630, 628, 626, 623, 621, 620, 619, 617, 616, 615, 614, 607, 613, 0, 0, 469, 465, 465, 466, 472, 0, 0, 615, 616, 618, 620, 623, 626, 629, 633, 636, 640, 644, 648, 652, 657, 661, 666, 672, 678, 685, 692, 700, 707, 714, 721, 729, 738, 748]
[0, 664, 660, 656, 652, 652, 648, 645, 643, 639, 636, 632, 630, 628, 626, 623, 621, 620, 618, 617, 616, 615, 614, 614, 614, 0, 0, 471, 466, 464, 465, 470, 0, 620, 622, 623, 625, 0, 627, 634, 629, 641, 636, 645, 648, 652, 656, 661, 665, 670, 676, 683, 690, 697, 703, 710, 717, 724, 732, 741, 751]
[0, 676, 671, 667, 664, 660, 656, 653, 650, 647, 644, 642, 639, 637, 635, 632, 621, 630, 630, 628, 627, 626, 625, 614, 614, 0, 0, 471, 466, 464, 465, 470, 0, 620, 622, 622, 623, 625, 628, 630, 634, 638, 641, 645, 648, 651, 655, 660, 665, 670, 676, 683, 690, 697, 703, 710, 717, 724, 732, 741, 751]
[0, 676, 672, 667, 663, 660, 657, 653, 650, 647, 644, 643, 639, 640, 637, 634, 632, 631, 630, 629, 628, 627, 626, 625, 624, 0, 0, 474, 466, 463, 464, 466, 474, 0, 633, 634, 637, 639, 641, 644, 647, 650, 653, 657, 661, 665, 669, 675, 680, 686, 692, 699, 706, 712, 718, 725, 733, 742, 751, 760, 769]
[0, 692, 686, 681, 677, 674, 670, 666, 663, 660, 657, 643, 653, 640, 650, 648, 647, 646, 645, 644, 642, 641, 640, 624, 624, 0, 0, 472, 466, 463, 463, 466, 474, 0, 0, 635, 637, 640, 642, 644, 646, 650, 654, 657, 661, 665, 669, 675, 680, 686, 692, 699, 706, 712, 718, 725, 733, 742, 751, 760, 769]
[0, 694, 689, 685, 680, 676, 673, 669, 665, 663, 659, 656, 654, 652, 650, 648, 647, 646, 644, 643, 642, 641, 639, 639, 639, 0, 0, 472, 465, 463, 463, 466, 474, 0, 647, 648, 650, 652, 655, 656, 659, 664, 667, 670, 674, 679, 683, 689, 696, 702, 706, 712, 719, 726, 733, 741, 750, 757, 766, 775, 784]
[0, 699, 694, 690, 686, 681, 677, 673, 670, 667, 665, 663, 660, 658, 656, 654, 652, 646, 649, 643, 648, 648, 646, 639, 639, 0, 0, 470, 464, 462, 465, 467, 474, 0, 0, 649, 651, 653, 655, 659, 662, 665, 668, 672, 675, 680, 686, 692, 698, 703, 709, 715, 721, 728, 735, 743, 752, 760, 768, 777, 787]
[0, 701, 696, 691, 686, 682, 679, 675, 672, 669, 666, 664, 662, 659, 656, 654, 653, 651, 651, 649, 648, 648, 646, 639, 646, 0, 0, 466, 464, 461, 0, 469, 474, 0, 653, 655, 657, 659, 661, 664, 667, 669, 672, 676, 681, 686, 691, 697, 702, 707, 713, 718, 724, 732, 739, 746, 755, 763, 771, 779, 789]
[0, 698, 693, 688, 686, 683, 676, 675, 673, 669, 667, 664, 661, 659, 657, 655, 654, 652, 650, 649, 648, 647, 646, 646, 646, 0, 0, 469, 464, 461, 463, 468, 474, 0, 0, 656, 658, 661, 663, 665, 669, 672, 675, 679, 684, 689, 694, 700, 706, 711, 716, 723, 730, 737, 745, 752, 761, 768, 777, 787, 797]
[0, 725, 719, 715, 711, 707, 676, 700, 697, 694, 667, 688, 661, 686, 684, 681, 680, 678, 678, 676, 675, 674, 673, 646, 646, 0, 0, 470, 464, 462, 463, 466, 474, 0, 0, 656, 658, 661, 663, 666, 669, 672, 675, 679, 684, 689, 694, 700, 705, 709, 714, 721, 729, 735, 742, 751, 760, 767, 775, 786, 796]
[0, 733, 728, 723, 718, 714, 711, 707, 703, 700, 697, 695, 692, 690, 688, 685, 684, 682, 681, 679, 678, 678, 677, 673, 673, 0, 0, 469, 463, 461, 461, 465, 474, 0, 682, 684, 686, 689, 692, 695, 699, 703, 707, 712, 715, 719, 724, 731, 736, 743, 750, 757, 763, 770, 778, 786, 795, 805, 814, 823, 832]
[0, 733, 728, 723, 718, 715, 712, 707, 703, 701, 698, 695, 692, 690, 688, 685, 684, 682, 681, 679, 678, 678, 677, 676, 680, 0, 0, 466, 461, 460, 461, 467, 474, 0, 686, 688, 691, 694, 697, 700, 703, 707, 711, 715, 719, 724, 730, 735, 741, 748, 754, 761, 768, 774, 782, 791, 801, 810, 819, 827, 836]
[0, 741, 736, 732, 728, 722, 717, 713, 711, 708, 705, 702, 700, 698, 696, 694, 692, 690, 689, 688, 687, 686, 685, 677, 683, 0, 0, 466, 461, 460, 462, 467, 474, 0, 0, 689, 691, 692, 695, 701, 703, 705, 708, 713, 717, 721, 727, 732, 738, 744, 750, 757, 764, 770, 777, 786, 795, 804, 813, 822, 832]
[0, 748, 741, 736, 732, 727, 722, 718, 716, 713, 711, 702, 709, 706, 704, 700, 692, 699, 697, 696, 696, 694, 693, 685, 683, 0, 0, 466, 460, 460, 462, 468, 474, 0, 695, 697, 699, 701, 704, 706, 709, 712, 716, 720, 726, 731, 735, 741, 747, 753, 759, 766, 773, 780, 789, 798, 807, 815, 824, 832, 843]
[0, 748, 741, 737, 732, 727, 722, 718, 716, 713, 712, 709, 706, 704, 704, 702, 700, 698, 697, 696, 695, 694, 693, 692, 692, 0, 0, 468, 463, 460, 460, 464, 474, 0, 702, 704, 707, 709, 711, 714, 717, 722, 726, 731, 735, 740, 746, 754, 760, 765, 772, 779, 786, 794, 803, 812, 820, 828, 838, 849, 860]
[0, 772, 766, 760, 755, 727, 751, 747, 743, 739, 736, 734, 731, 729, 726, 723, 722, 720, 719, 718, 716, 715, 716, 692, 692, 0, 0, 467, 462, 460, 460, 464, 474, 0, 702, 704, 707, 709, 711, 715, 718, 722, 727, 731, 736, 741, 746, 754, 760, 765, 772, 780, 786, 787, 795, 804, 822, 828, 839, 849, 849]
[0, 778, 772, 767, 763, 758, 753, 750, 747, 744, 740, 737, 735, 732, 730, 723, 728, 725, 724, 722, 721, 721, 720, 716, 718, 0, 0, 467, 464, 460, 461, 466, 474, 0, 727, 729, 707, 734, 738, 715, 742, 752, 757, 731, 761, 766, 771, 776, 783, 791, 797, 805, 813, 820, 828, 835, 844, 855, 865, 873, 883]
[0, 776, 772, 766, 761, 756, 752, 750, 749, 745, 742, 739, 736, 733, 731, 730, 727, 725, 724, 722, 721, 721, 721, 720, 720, 0, 0, 467, 460, 458, 460, 464, 474, 0, 730, 733, 735, 738, 741, 744, 749, 755, 759, 764, 768, 774, 780, 786, 793, 800, 806, 814, 822, 830, 837, 846, 857, 866, 875, 884, 895]
[0, 781, 775, 770, 766, 761, 756, 752, 749, 746, 743, 739, 737, 734, 732, 729, 727, 726, 725, 722, 722, 722, 721, 721, 720, 0, 0, 464, 460, 459, 460, 466, 474, 0, 731, 734, 736, 739, 741, 745, 751, 755, 761, 765, 770, 776, 780, 782, 788, 795, 802, 809, 817, 825, 832, 840, 849, 860, 869, 877, 887]
[0, 788, 783, 777, 772, 767, 763, 760, 757, 753, 750, 747, 744, 741, 739, 736, 734, 734, 732, 722, 731, 731, 731, 721, 720, 0, 0, 464, 463, 459, 457, 459, 466, 0, 0, 732, 735, 738, 740, 744, 750, 754, 758, 763, 768, 773, 779, 784, 790, 797, 804, 811, 819, 827, 834, 843, 853, 863, 871, 880, 890]
[0, 787, 781, 775, 770, 766, 762, 760, 756, 752, 749, 746, 744, 740, 739, 738, 736, 735, 734, 732, 731, 731, 731, 730, 730, 0, 0, 467, 460, 457, 459, 464, 472, 0, 740, 742, 745, 748, 751, 755, 760, 764, 768, 773, 779, 784, 791, 797, 803, 809, 816, 823, 830, 837, 846, 858, 867, 875, 884, 893, 904]
[0, 805, 799, 794, 788, 766, 784, 780, 776, 772, 770, 768, 765, 762, 760, 757, 756, 755, 753, 752, 751, 750, 750, 731, 730, 0, 0, 466, 459, 457, 458, 464, 472, 0, 740, 743, 745, 748, 752, 757, 761, 764, 769, 774, 779, 785, 791, 797, 805, 811, 817, 825, 832, 840, 850, 860, 869, 876, 885, 896, 907]
[0, 810, 804, 798, 793, 788, 783, 779, 776, 772, 769, 766, 764, 762, 759, 756, 755, 754, 752, 751, 751, 751, 750, 750, 755, 0, 0, 464, 458, 457, 458, 465, 472, 0, 761, 763, 766, 769, 773, 778, 782, 787, 792, 774, 798, 809, 791, 816, 822, 828, 834, 842, 851, 859, 868, 876, 885, 893, 901, 912, 924]
[0, 833, 828, 824, 819, 813, 809, 806, 802, 799, 796, 793, 764, 788, 759, 787, 785, 783, 781, 780, 780, 779, 777, 750, 755, 0, 0, 467, 460, 457, 457, 460, 468, 0, 0, 762, 765, 767, 770, 775, 779, 783, 789, 794, 799, 806, 811, 817, 825, 830, 836, 844, 853, 862, 870, 878, 887, 895, 905, 916, 928]
[0, 839, 833, 828, 823, 818, 814, 810, 808, 804, 801, 798, 796, 793, 789, 787, 788, 783, 786, 785, 785, 783, 782, 776, 776, 0, 0, 464, 458, 456, 458, 463, 468, 0, 791, 793, 795, 799, 803, 807, 812, 816, 822, 827, 832, 836, 843, 850, 857, 866, 873, 880, 887, 894, 904, 915, 925, 934, 944, 954, 967]
[0, 839, 833, 829, 824, 819, 815, 812, 808, 809, 805, 802, 800, 797, 794, 792, 790, 788, 787, 786, 785, 783, 782, 781, 781, 0, 0, 464, 458, 456, 457, 462, 468, 0, 797, 799, 801, 804, 808, 810, 815, 821, 826, 831, 835, 841, 848, 855, 862, 869, 876, 884, 891, 898, 908, 918, 928, 937, 947, 957, 971]
[0, 838, 832, 829, 828, 824, 820, 815, 812, 809, 805, 801, 799, 796, 793, 792, 790, 788, 787, 786, 786, 785, 784, 782, 781, 0, 0, 464, 458, 456, 457, 462, 468, 0, 798, 799, 801, 805, 809, 811, 815, 822, 826, 831, 835, 841, 848, 855, 863, 869, 876, 884, 891, 899, 908, 918, 928, 937, 947, 958, 971]
[0, 842, 836, 830, 827, 822, 818, 814, 811, 808, 805, 802, 799, 797, 794, 792, 790, 788, 788, 787, 787, 785, 784, 782, 785, 0, 0, 462, 458, 457, 458, 462, 468, 0, 798, 800, 804, 807, 809, 813, 818, 823, 827, 832, 836, 842, 849, 856, 863, 871, 877, 884, 891, 899, 909, 918, 928, 938, 947, 958, 971]
[0, 871, 864, 860, 857, 850, 845, 841, 837, 834, 831, 830, 828, 797, 823, 792, 820, 788, 818, 817, 816, 816, 816, 784, 785, 0, 0, 467, 460, 456, 455, 458, 465, 0, 800, 802, 804, 808, 811, 815, 820, 825, 830, 834, 841, 848, 855, 861, 867, 873, 880, 888, 895, 905, 915, 923, 933, 943, 952, 963, 978]
[0, 871, 866, 861, 856, 850, 845, 841, 838, 834, 831, 830, 828, 826, 823, 821, 820, 818, 818, 817, 816, 816, 816, 816, 816, 0, 0, 463, 458, 456, 457, 461, 465, 0, 0, 832, 834, 837, 840, 845, 851, 857, 862, 867, 872, 877, 883, 889, 895, 902, 911, 920, 929, 938, 946, 955, 966, 979, 990, 1002, 1013]
[0, 889, 884, 878, 873, 869, 865, 862, 859, 855, 851, 848, 844, 842, 839, 836, 836, 834, 833, 832, 832, 832, 816, 815, 816, 0, 0, 463, 458, 456, 457, 461, 465, 0, 831, 832, 834, 838, 841, 845, 851, 857, 862, 868, 873, 878, 884, 890, 896, 904, 913, 923, 933, 940, 948, 958, 969, 980, 992, 1004, 1016]
[0, 896, 884, 890, 884, 880, 876, 873, 870, 867, 864, 861, 858, 855, 852, 850, 849, 847, 845, 844, 842, 843, 832, 831, 816, 0, 0, 464, 457, 455, 457, 461, 465, 0, 0, 850, 854, 858, 862, 867, 870, 874, 879, 884, 890, 896, 903, 910, 917, 924, 933, 942, 950, 959, 970, 981, 992, 1002, 1013, 1026, 1039]
[0, 898, 892, 887, 882, 878, 874, 871, 868, 865, 863, 860, 857, 855, 854, 852, 850, 849, 847, 845, 845, 844, 844, 844, 816, 0, 0, 465, 459, 455, 455, 458, 466, 0, 0, 867, 854, 870, 873, 878, 882, 885, 891, 896, 901, 907, 915, 922, 930, 938, 944, 952, 962, 973, 985, 994, 1003, 1013, 1027, 1039, 1052]
[0, 902, 896, 890, 884, 879, 876, 873, 870, 866, 864, 862, 858, 856, 853, 851, 850, 849, 847, 846, 846, 844, 845, 844, 851, 0, 0, 465, 455, 455, 455, 464, 466, 0, 862, 865, 869, 872, 876, 880, 885, 890, 894, 899, 906, 913, 920, 928, 930, 942, 944, 950, 959, 969, 980, 990, 1001, 1012, 1023, 1035, 1048]
[0, 904, 898, 892, 886, 880, 877, 873, 870, 867, 865, 863, 859, 856, 853, 852, 850, 849, 847, 847, 846, 845, 845, 845, 847, 0, 0, 463, 457, 455, 456, 461, 466, 0, 0, 866, 869, 872, 876, 880, 884, 890, 894, 899, 906, 912, 919, 927, 934, 941, 948, 957, 967, 978, 989, 1000, 1010, 1020, 1032, 1045, 1058]
[0, 951, 945, 940, 936, 931, 926, 922, 918, 914, 910, 907, 904, 903, 902, 899, 897, 896, 895, 894, 894, 893, 846, 847, 847, 0, 0, 464, 457, 455, 457, 460, 466, 0, 0, 866, 869, 872, 875, 879, 883, 888, 894, 899, 904, 911, 919, 926, 932, 940, 948, 955, 965, 978, 988, 998, 1008, 1019, 1030, 1043, 1057]
[0, 950, 944, 939, 933, 928, 924, 920, 915, 912, 910, 906, 903, 901, 899, 897, 896, 896, 895, 894, 893, 894, 893, 894, 847, 0, 0, 463, 457, 454, 456, 459, 468, 0, 0, 914, 919, 923, 927, 932, 937, 941, 946, 951, 959, 967, 975, 982, 991, 998, 1006, 1016, 1026, 1035, 1046, 1058, 1071, 1083, 1096, 1111, 1126]
[0, 970, 944, 963, 957, 952, 948, 945, 942, 939, 935, 932, 930, 928, 925, 924, 923, 921, 920, 920, 920, 919, 893, 893, 895, 0, 0, 463, 455, 454, 455, 462, 468, 0, 0, 917, 921, 926, 930, 934, 939, 943, 950, 956, 962, 968, 976, 987, 994, 1002, 1010, 1020, 1030, 1039, 1051, 1065, 1071, 1076, 1102, 1118, 1134]
[0, 977, 969, 961, 955, 950, 946, 943, 940, 937, 934, 932, 929, 926, 925, 923, 923, 921, 920, 918, 918, 919, 920, 920, 895, 0, 0, 463, 456, 455, 456, 459, 468, 0, 0, 941, 943, 946, 951, 957, 962, 968, 975, 982, 988, 996, 1002, 1009, 1018, 1027, 1037, 1046, 1058, 1069, 1078, 1089, 1103, 1116, 1132, 1148, 1162]
[0, 979, 971, 964, 958, 952, 949, 945, 942, 939, 934, 932, 930, 927, 925, 924, 923, 922, 920, 919, 919, 919, 920, 920, 895, 0, 0, 0, 459, 455, 455, 463, 468, 0, 943, 941, 945, 950, 954, 959, 965, 970, 979, 987, 994, 1000, 1006, 1014, 1022, 1032, 1041, 1046, 1051, 1072, 1078, 1083, 1095, 1108, 1123, 1138, 1154]
[0, 972, 966, 959, 953, 952, 949, 946, 944, 940, 935, 933, 931, 928, 925, 924, 923, 921, 920, 920, 920, 920, 919, 920, 895, 0, 0, 462, 456, 455, 455, 459, 468, 0, 0, 941, 943, 947, 953, 957, 962, 969, 976, 984, 990, 997, 1004, 1011, 1020, 1028, 1037, 1047, 1057, 1069, 1080, 1091, 1103, 1118, 1133, 1148, 1163]
[0, 976, 968, 962, 955, 950, 946, 944, 941, 938, 935, 932, 931, 929, 927, 925, 924, 923, 922, 921, 920, 920, 920, 921, 895, 0, 0, 464, 457, 455, 454, 458, 466, 0, 940, 942, 946, 952, 0, 956, 961, 968, 975, 981, 988, 995, 1001, 1008, 1016, 1025, 1035, 1044, 1054, 1064, 1075, 1087, 1099, 1114, 1129, 1143, 1158]
[0, 1049, 1042, 1035, 1030, 1025, 1020, 1015, 1011, 938, 1007, 1004, 1003, 1001, 999, 998, 997, 995, 995, 995, 994, 994, 922, 923, 895, 0, 0, 0, 458, 455, 455, 456, 462, 0, 942, 943, 946, 951, 958, 962, 967, 976, 983, 989, 996, 995, 1010, 1008, 1018, 1028, 1038, 1046, 1056, 1069, 1078, 1087, 1101, 1116, 1133, 1149, 1162]
[0, 1060, 1054, 1047, 1041, 1036, 1030, 1025, 1022, 1019, 1016, 1013, 1010, 1001, 1007, 1004, 1004, 1004, 1002, 1003, 1003, 1003, 994, 994, 895, 0, 0, 464, 456, 454, 454, 457, 465, 0, 1018, 1020, 1024, 1029, 1035, 1040, 1046, 976, 1055, 1062, 1069, 1076, 1083, 1092, 1101, 1112, 1122, 1133, 1146, 1159, 1170, 1184, 1198, 1212, 1227, 1243, 1258]
[0, 1062, 1055, 1047, 1041, 1038, 1032, 1026, 1024, 1020, 1018, 1014, 1012, 1010, 1006, 1004, 1003, 1003, 1004, 1003, 1003, 1003, 1004, 1004, 895, 0, 0, 464, 457, 455, 454, 457, 464, 0, 0, 1029, 1034, 1039, 1044, 1051, 1058, 1064, 1071, 1079, 1069, 1093, 1083, 1101, 1110, 1121, 1133, 1144, 1155, 1167, 1178, 1191, 1205, 1219, 1234, 1248, 1265]
[0, 1089, 1081, 1074, 1041, 1064, 1032, 1058, 1054, 1049, 1045, 1043, 1040, 1038, 1036, 1034, 1033, 1032, 1031, 1031, 1031, 1031, 1004, 1004, 1007, 0, 0, 459, 455, 455, 453, 460, 464, 0, 0, 1029, 1034, 1040, 1043, 1050, 1057, 1063, 1070, 1076, 1083, 1090, 1099, 1108, 1117, 1129, 1141, 1153, 1165, 1175, 1187, 1201, 1215, 1229, 1244, 1261, 1279]
[0, 1112, 1105, 1097, 1090, 1085, 1080, 1076, 1070, 1065, 1063, 1062, 1059, 1056, 1055, 1052, 1051, 1049, 1049, 1049, 1047, 1048, 1032, 1033, 1007, 0, 0, 463, 456, 454, 455, 458, 465, 0, 1059, 1061, 1067, 1074, 1078, 0, 1084, 1090, 1097, 1105, 1111, 1121, 1129, 1139, 1150, 1159, 1170, 1182, 1193, 1203, 1217, 1232, 1246, 1260, 1275, 1293, 1279]
[0, 1108, 1100, 1092, 1088, 1083, 1077, 1071, 1067, 1065, 1064, 1062, 1059, 1057, 1054, 1053, 1051, 1050, 1050, 1049, 1048, 1048, 1051, 1051, 1007, 0, 0, 459, 455, 454, 455, 459, 465, 0, 0, 1079, 1082, 1088, 1094, 1099, 1105, 1113, 1121, 1129, 1138, 1147, 1154, 1163, 1173, 1183, 1193, 1205, 1220, 1233, 1246, 1259, 1273, 1293, 1309, 1293, 1334]
[0, 1110, 1102, 1095, 1089, 1084, 1079, 1074, 1069, 1066, 1063, 1060, 1058, 1056, 1054, 1052, 1050, 1049, 1050, 1050, 1049, 1048, 1050, 1050, 1007, 0, 0, 463, 456, 453, 455, 458, 465, 0, 0, 1082, 1087, 1090, 1096, 1102, 1110, 1118, 1126, 1135, 1138, 1143, 1151, 1159, 1168, 1178, 1189, 1202, 1215, 1228, 1242, 1255, 1269, 1284, 1301, 1293, 1327]
[0, 1160, 1154, 1147, 1138, 1130, 1125, 1120, 1116, 1111, 1107, 1104, 1100, 1098, 1099, 1098, 1097, 1096, 1094, 1094, 1096, 1096, 1050, 1052, 1058, 0, 0, 459, 456, 455, 455, 460, 465, 0, 0, 1080, 1084, 1089, 1095, 1101, 1107, 1115, 1123, 1131, 1141, 1150, 1157, 1166, 1175, 1186, 1198, 1210, 1222, 1236, 1250, 1263, 1278, 1296, 1301, 1323, 1351]
[0, 1160, 1155, 1148, 1140, 1132, 1126, 1120, 1116, 1112, 1109, 1105, 1101, 1099, 1099, 1099, 1098, 1096, 1095, 1096, 1097, 1097, 1096, 1103, 1058, 0, 0, 458, 456, 454, 455, 460, 460, 0, 0, 1132, 1137, 1144, 1151, 1157, 1163, 1168, 1175, 1185, 1193, 1201, 1211, 1221, 1232, 1246, 1265, 1278, 1285, 1299, 1320, 1339, 1353, 1369, 1389, 1323, 1412]
[0, 1159, 1153, 1148, 1139, 1131, 1126, 1120, 1121, 1116, 1112, 1110, 1107, 1105, 1103, 1102, 1100, 1099, 1099, 1098, 1097, 1099, 1098, 1099, 1058, 0, 0, 459, 455, 454, 454, 459, 460, 0, 0, 1132, 1138, 1143, 1150, 1156, 1161, 1168, 1174, 1180, 1188, 1198, 1207, 1219, 1231, 1245, 1263, 1277, 1285, 1301, 1321, 1333, 1347, 1362, 1381, 1399, 1417]
[0, 1180, 1173, 1166, 1159, 1154, 1149, 1143, 1138, 1134, 1131, 1126, 1125, 1123, 1121, 1120, 1119, 1120, 1120, 1119, 1118, 1119, 1101, 1102, 1058, 0, 0, 462, 456, 454, 455, 458, 465, 0, 0, 1140, 1147, 1152, 1158, 0, 1164, 1169, 1175, 1183, 1191, 1199, 1210, 1222, 1236, 1248, 1260, 1278, 1289, 1302, 1321, 1335, 1349, 1364, 1385, 1405, 1420]
[0, 1214, 1206, 1200, 1194, 1188, 1181, 1176, 1173, 1169, 1166, 1163, 1161, 1159, 1157, 1156, 1156, 1154, 1155, 1155, 1156, 1158, 1121, 1126, 1058, 0, 0, 0, 459, 455, 455, 458, 459, 0, 0, 1159, 1163, 1169, 1175, 1182, 1189, 1200, 1208, 1215, 1224, 1232, 1244, 1257, 1269, 1282, 1293, 1304, 1321, 1340, 1355, 1370, 1388, 1408, 1429, 1405, 1457]
[0, 1208, 1202, 1200, 1195, 1186, 1181, 1178, 1174, 1171, 1167, 1163, 1161, 1159, 1159, 1158, 1156, 1155, 1157, 1157, 1157, 1159, 1159, 1160, 1058, 0, 0, 459, 453, 452, 455, 454, 459, 0, 0, 1188, 1195, 1201, 1210, 1220, 1232, 1246, 1255, 1262, 1267, 1270, 1276, 1287, 1303, 1282, 1325, 1343, 1354, 1366, 1383, 1400, 1418, 1436, 1457, 1475, 1493]
[0, 1240, 1232, 1223, 1214, 1207, 1201, 1197, 1193, 1188, 1185, 1182, 1180, 1179, 1177, 1175, 1175, 1175, 1175, 1175, 1176, 1177, 1159, 1159, 1058, 0, 0, 461, 454, 452, 454, 457, 459, 0, 0, 1192, 1203, 1211, 1218, 1229, 1240, 1246, 1251, 1256, 1258, 1265, 1274, 1283, 1298, 1311, 1325, 1340, 1351, 1365, 1380, 1395, 1413, 1432, 1452, 1475, 1494]
[0, 1235, 1227, 1219, 1211, 1206, 1200, 1195, 1190, 1187, 1184, 1181, 1180, 1179, 1176, 1175, 1174, 1174, 1173, 1173, 1175, 1176, 1177, 1179, 1058, 0, 0, 456, 454, 453, 454, 460, 459, 0, 0, 1219, 1226, 1231, 1241, 1248, 1254, 1260, 1268, 1280, 1286, 1294, 1305, 1314, 1330, 1343, 1355, 1367, 1378, 1393, 1410, 1429, 1449, 1468, 1493, 1508, 1510]
[0, 1258, 1249, 1241, 1236, 1231, 1224, 1217, 1212, 1209, 1205, 1202, 1200, 1197, 1196, 1195, 1195, 1192, 1192, 1197, 1199, 1196, 1176, 1177, 1058, 0, 0, 461, 455, 453, 454, 457, 465, 0, 0, 1220, 1227, 1235, 1242, 1249, 1255, 1263, 1276, 1284, 1292, 1301, 1311, 1324, 1330, 1336, 1349, 1358, 1370, 1384, 1400, 1417, 1449, 1447, 1476, 1490, 1500]
[0, 1272, 1264, 1257, 1250, 1244, 1240, 1235, 1230, 1226, 1222, 1219, 1216, 1213, 1210, 1211, 1216, 1192, 1216, 1217, 1224, 1218, 1197, 1177, 1058, 0, 0, 461, 456, 452, 453, 456, 461, 0, 0, 1239, 1247, 1257, 1265, 1271, 1277, 1282, 1287, 1297, 1308, 1320, 1333, 1343, 1354, 1366, 1379, 1391, 1404, 1416, 1427, 1439, 1454, 1470, 1486, 1502, 1500]
[0, 1296, 1287, 1278, 1272, 1267, 1262, 1256, 1251, 1248, 1244, 1241, 1237, 1237, 1239, 1240, 1216, 1242, 1245, 1243, 1239, 1235, 1216, 1226, 1058, 0, 0, 462, 455, 453, 453, 457, 463, 0, 0, 1256, 1264, 1270, 1275, 1282, 1289, 1298, 1307, 1316, 1327, 1338, 1348, 1360, 1369, 1375, 1383, 1393, 1406, 1418, 1428, 1439, 1456, 1470, 1470, 1486, 1500]
[0, 1368, 1363, 1356, 1347, 1267, 1336, 1256, 1327, 1323, 1319, 1314, 1311, 1309, 1307, 1304, 1303, 1300, 1300, 1302, 1301, 1298, 1236, 1240, 1058, 0, 0, 462, 455, 453, 453, 456, 463, 0, 0, 1279, 1284, 1289, 1296, 1306, 1314, 1322, 1330, 1334, 1339, 1344, 1349, 1359, 1369, 1376, 1386, 1396, 1404, 1415, 1428, 1441, 1454, 1469, 1484, 1500, 1514]
[0, 1370, 1364, 1357, 1348, 1342, 1338, 1328, 1322, 1319, 1315, 1313, 1311, 1306, 1304, 1304, 1303, 1302, 1302, 1302, 1301, 1298, 1293, 1291, 1058, 0, 0, 460, 455, 453, 453, 457, 465, 0, 0, 1296, 1300, 1303, 1306, 1310, 1313, 1318, 1323, 1328, 1336, 1342, 1348, 1357, 1369, 1375, 1386, 1393, 1404, 1404, 1415, 1425, 1440, 1455, 1472, 1488, 1499]
[0, 1419, 1407, 1400, 1393, 1388, 1383, 1377, 1322, 1373, 1367, 1360, 1354, 1349, 1341, 1332, 1325, 1321, 1316, 1312, 1308, 1302, 1300, 1298, 1058, 0, 0, 462, 455, 452, 453, 455, 461, 0, 0, 1297, 1300, 1303, 1306, 1309, 1312, 1316, 1321, 1328, 1336, 1341, 1347, 1356, 1366, 1373, 1380, 1389, 1399, 1409, 1422, 1434, 1449, 1463, 1477, 1492, 1506]
[0, 1419, 1446, 1422, 1413, 1404, 1398, 1393, 1387, 1378, 1366, 1358, 1351, 1343, 1338, 1332, 1324, 1318, 1313, 1309, 1306, 1301, 1298, 1296, 1058, 0, 0, 460, 454, 452, 453, 457, 465, 0, 0, 1295, 1299, 1303, 1306, 1309, 1313, 1317, 1322, 1328, 1336, 1343, 1349, 1357, 1366, 1375, 1384, 1394, 1405, 1409, 1415, 1425, 1440, 1454, 1468, 1484, 1498]
[0, 1419, 1445, 1423, 1416, 1407, 1398, 1393, 1385, 1378, 1371, 1360, 1352, 1347, 1341, 1332, 1325, 1320, 1316, 1312, 1307, 1301, 1296, 1296, 1058, 0, 0, 0, 457, 452, 454, 457, 459, 0, 0, 1297, 1298, 1299, 1302, 1307, 1311, 1314, 1318, 1324, 1331, 1338, 1345, 1353, 1359, 1368, 1377, 1386, 1395, 1406, 1417, 1426, 1439, 1455, 1471, 1487, 1501]
[0, 1419, 1450, 1427, 1417, 1408, 1400, 1397, 1389, 1375, 1365, 1357, 1350, 1344, 1337, 1328, 1320, 1315, 1312, 1306, 1302, 1301, 1298, 1295, 1058, 0, 0, 460, 454, 452, 454, 457, 465, 0, 0, 1295, 1299, 1302, 1305, 1309, 1312, 1317, 1322, 1328, 1336, 1342, 1348, 1357, 1366, 1374, 1383, 1386, 1393, 1404, 1414, 1425, 1437, 1451, 1465, 1482, 1498]
[0, 1419, 1450, 1444, 1421, 1412, 1404, 1396, 1387, 1377, 1367, 1359, 1352, 1344, 1337, 1332, 1325, 1319, 1313, 1308, 1305, 1301, 1298, 1295, 1058, 0, 0, 464, 456, 452, 453, 455, 460, 0, 0, 1295, 1296, 1296, 1302, 1307, 1311, 1316, 1320, 1324, 1332, 1341, 1346, 1355, 1362, 1368, 1378, 1389, 1397, 1407, 1417, 1429, 1446, 1460, 1474, 1489, 1505]
[0, 1419, 1461, 1445, 1432, 1416, 1404, 1397, 1386, 1375, 1367, 1360, 1352, 1343, 1336, 1331, 1324, 1319, 1315, 1310, 1304, 1300, 1297, 1295, 1058, 0, 0, 464, 458, 452, 453, 454, 460, 0, 0, 1300, 1297, 1299, 1302, 1307, 1310, 1314, 1318, 1324, 1331, 1338, 1345, 1352, 1360, 1369, 1377, 1386, 1395, 1405, 1414, 1426, 1441, 1454, 1469, 1485, 1499]
[0, 1467, 1452, 1438, 1425, 1413, 1401, 1390, 1381, 1372, 1363, 1355, 1347, 1339, 1334, 1326, 1319, 1314, 1310, 1306, 1302, 1300, 1296, 1294, 1058, 0, 0, 460, 455, 453, 454, 454, 460, 0, 1301, 1295, 0, 1300, 0, 1305, 1309, 1312, 1316, 1320, 1327, 1337, 1344, 1351, 1356, 1361, 1373, 1385, 1394, 1405, 1414, 1426, 1441, 1455, 1469, 1485, 1500]
[0, 1467, 1451, 1437, 1424, 1412, 1400, 1390, 1381, 1372, 1364, 1356, 1348, 1340, 1333, 1327, 1320, 1315, 1311, 1306, 1302, 1300, 1297, 1294, 1058, 0, 0, 464, 457, 452, 453, 454, 460, 0, 0, 1292, 1296, 1299, 1301, 1304, 1304, 1309, 1316, 1323, 1331, 1339, 1344, 1351, 1358, 1367, 1377, 1386, 1395, 1406, 1417, 1427, 1442, 1456, 1470, 1488, 1502]
[0, 1466, 1451, 1437, 1424, 1412, 1401, 1391, 1381, 1372, 1364, 1356, 1349, 1340, 1333, 1327, 1319, 1315, 1311, 1305, 1301, 1299, 1297, 1294, 1058, 0, 0, 464, 457, 452, 452, 455, 460, 0, 0, 1293, 1294, 1296, 1301, 1305, 1308, 1312, 1317, 1320, 1326, 1336, 1341, 1346, 1355, 1366, 1375, 1384, 1394, 1402, 1412, 1425, 1439, 1453, 1468, 1484, 1498]
[0, 1475, 1458, 1445, 1428, 1413, 1404, 1397, 1386, 1375, 1366, 1359, 1351, 1342, 1337, 1330, 1322, 1317, 1314, 1311, 1306, 1301, 1295, 1294, 1058, 0, 0, 457, 457, 452, 0, 454, 460, 0, 0, 1295, 1293, 1295, 1300, 1302, 1306, 1312, 1316, 1319, 1325, 1332, 1338, 1345, 1352, 1364, 1373, 1382, 1393, 1401, 1411, 1424, 1436, 1450, 1465, 1480, 1496]
[0, 1466, 1452, 1438, 1424, 1411, 1400, 1392, 1383, 1375, 1365, 1356, 1349, 1342, 1336, 1328, 1320, 1316, 1311, 1306, 1303, 1301, 1296, 1293, 1058, 0, 0, 460, 454, 452, 453, 457, 465, 0, 0, 1293, 1295, 1296, 1302, 1307, 1308, 1311, 1316, 1321, 1328, 1336, 1342, 1350, 1359, 1368, 1376, 1383, 1394, 1404, 1415, 1430, 1444, 1457, 1471, 1484, 1500]
[0, 1458, 1445, 1430, 1416, 1407, 1398, 1387, 1378, 1370, 1360, 1352, 1345, 1342, 1337, 1329, 1323, 1317, 1313, 1308, 1301, 1298, 1296, 1294, 1058, 0, 0, 460, 453, 453, 453, 454, 465, 0, 1300, 1295, 1294, 1298, 1302, 0, 1310, 1311, 1320, 1325, 1328, 1330, 1336, 1344, 1364, 1368, 1372, 1379, 1387, 1397, 1407, 1420, 1436, 1446, 1458, 1474, 1490]
[0, 1458, 1445, 1430, 1416, 1407, 1397, 1387, 1379, 1369, 1359, 1352, 1352, 1336, 1337, 1330, 1323, 1317, 1312, 1308, 1302, 1299, 1298, 1294, 1058, 0, 0, 464, 457, 453, 453, 456, 463, 0, 0, 1293, 1292, 1294, 1300, 1304, 1305, 1309, 1317, 1323, 1327, 1334, 1343, 1350, 1357, 1366, 1376, 1385, 1394, 1402, 1413, 1426, 1439, 1453, 1468, 1483, 1499]
[0, 1457, 1444, 1431, 1418, 1405, 1395, 1387, 1386, 1375, 1366, 1359, 1352, 1343, 1337, 1331, 1324, 1318, 1312, 1307, 1301, 1298, 1298, 1295, 1058, 0, 0, 464, 456, 452, 453, 456, 462, 0, 0, 1291, 1292, 1295, 1300, 1304, 1306, 1309, 1315, 1321, 1325, 1332, 1340, 1345, 1354, 1362, 1371, 1380, 1389, 1401, 1412, 1424, 1436, 1449, 1466, 1482, 1496]
[0, 1457, 1444, 1444, 1430, 1416, 1403, 1395, 1386, 1374, 1365, 1358, 1350, 1341, 1337, 1330, 1320, 1314, 1311, 1307, 1301, 1298, 1294, 1290, 1058, 0, 0, 463, 456, 453, 453, 456, 462, 0, 0, 1292, 1291, 1294, 1300, 1303, 1305, 1309, 1314, 1320, 1326, 1330, 1339, 1350, 1357, 1366, 1375, 1384, 1397, 1412, 1428, 1441, 1454, 1468, 1484, 1500, 1505]
[0, 1457, 1458, 1444, 1430, 1416, 1404, 1395, 1384, 1373, 1365, 1359, 1350, 1341, 1335, 1328, 1321, 1315, 1309, 1304, 1300, 1298, 1297, 1293, 1058, 0, 0, 463, 456, 453, 454, 457, 463, 0, 0, 1289, 1291, 1293, 1298, 1301, 1304, 1308, 1316, 1325, 1332, 1339, 1348, 1356, 1366, 1377, 1389, 1402, 1416, 1424, 1436, 1448, 1457, 1470, 1486, 1500, 1506]
[0, 1456, 1443, 1428, 1416, 1405, 1394, 1385, 1374, 1373, 1359, 1359, 1351, 1343, 1335, 1329, 1321, 1315, 1311, 1306, 1301, 1298, 1296, 1294, 1058, 0, 0, 461, 455, 452, 454, 457, 465, 0, 0, 1290, 1292, 1295, 1298, 1301, 1305, 1310, 1316, 1325, 1337, 1343, 1348, 1356, 1368, 1381, 1391, 1403, 1415, 1425, 1436, 1447, 1458, 1473, 1490, 1504, 1508]
[0, 1465, 1451, 1437, 1423, 1410, 1398, 1390, 1380, 1369, 1360, 1353, 1347, 1342, 1331, 1322, 1318, 1311, 1306, 1304, 1302, 1299, 1294, 1290, 1058, 0, 0, 463, 456, 453, 453, 456, 462, 0, 0, 1294, 1300, 1305, 1308, 1310, 1315, 1322, 1326, 1329, 1337, 1347, 1356, 1364, 1370, 1378, 1389, 1402, 1415, 1423, 1434, 1447, 1457, 1470, 1485, 1500, 1506]
[0, 1465, 1451, 1437, 1423, 1409, 1398, 1390, 1380, 1369, 1358, 1350, 1347, 1339, 1329, 1322, 1318, 1311, 1306, 1303, 1301, 1298, 1295, 1291, 1058, 0, 0, 460, 455, 454, 454, 459, 468, 0, 0, 1295, 1302, 1306, 1307, 1313, 1318, 1323, 1329, 1333, 1340, 1350, 1358, 1367, 1375, 1384, 1392, 1402, 1415, 1426, 1439, 1450, 1459, 1474, 1492, 1508, 1509]
[0, 1458, 1444, 1429, 1415, 1405, 1396, 1385, 1375, 1364, 1357, 1350, 1344, 1336, 1328, 1322, 1322, 1316, 1311, 1306, 1301, 1298, 1294, 1291, 1058, 0, 0, 460, 455, 454, 454, 458, 468, 0, 0, 1304, 1306, 1309, 1313, 1315, 1319, 1323, 1329, 1334, 1341, 1349, 1356, 1363, 1370, 1383, 1395, 1406, 1415, 1424, 1437, 1449, 1458, 1474, 1490, 1505, 1509]
[0, 1456, 1444, 1443, 1429, 1415, 1403, 1394, 1384, 1373, 1364, 1358, 1349, 1340, 1332, 1325, 1320, 1315, 1310, 1304, 1300, 1298, 1294, 1290, 1058, 0, 0, 465, 457, 455, 454, 456, 462, 0, 0, 1304, 1305, 1307, 1309, 1312, 1317, 1322, 1328, 1331, 1336, 1346, 1355, 1361, 1368, 1378, 1389, 1398, 1408, 1420, 1431, 1441, 1452, 1466, 1483, 1499, 1505]
[0, 1470, 1453, 1439, 1426, 1413, 1403, 1394, 1383, 1373, 1364, 1357, 1349, 1341, 1335, 1331, 1327, 1325, 1321, 1314, 1310, 1307, 1296, 1294, 1058, 0, 0, 463, 457, 455, 455, 458, 465, 0, 0, 1304, 1307, 1310, 1311, 1315, 1319, 1322, 1327, 1332, 1337, 1346, 1356, 1364, 1372, 1381, 1389, 1401, 1412, 1421, 1435, 1447, 1458, 1472, 1489, 1503, 1507]
[0, 1470, 1453, 1439, 1427, 1414, 1402, 1393, 1383, 1373, 1364, 1357, 1355, 1353, 1345, 1338, 1331, 1325, 1320, 1315, 1312, 1312, 1307, 1306, 1058, 0, 0, 464, 458, 456, 456, 460, 469, 0, 0, 1305, 1306, 1309, 1312, 1315, 1319, 1323, 1329, 1333, 1340, 1350, 1357, 1363, 1371, 1384, 1392, 1403, 1415, 1425, 1437, 1449, 1458, 1473, 1492, 1496, 1498]
[0, 1466, 1452, 1441, 1436, 1431, 1416, 1403, 1399, 1390, 1379, 1367, 1359, 1354, 1346, 1338, 1332, 1328, 1323, 1319, 1316, 1311, 1310, 1307, 1058, 0, 0, 466, 460, 458, 458, 461, 469, 0, 0, 1304, 1306, 1308, 1311, 1315, 1319, 1323, 1329, 1333, 1341, 1350, 1356, 1362, 1372, 1384, 1393, 1403, 1414, 1425, 1438, 1449, 1459, 1473, 1491, 1496, 1498]
[0, 1469, 1459, 1446, 1434, 1429, 1425, 1415, 1402, 1391, 1381, 1369, 1360, 1353, 1346, 1339, 1333, 1328, 1322, 1318, 1315, 1310, 1307, 1305, 1058, 0, 0, 466, 462, 458, 461, 463, 469, 0, 0, 1300, 1305, 1306, 1309, 1314, 1315, 1320, 1325, 1330, 1338, 1346, 1354, 1361, 1368, 1377, 1388, 1396, 1407, 1420, 1433, 1444, 1454, 1467, 1479, 1493, 1506]
[0, 1477, 1462, 1449, 1439, 1429, 1416, 1403, 1402, 1394, 1387, 1376, 1364, 1357, 1351, 1342, 1335, 1329, 1321, 1318, 1315, 1312, 1307, 1305, 1058, 0, 0, 467, 462, 458, 463, 468, 469, 0, 0, 1301, 1306, 1307, 1309, 1313, 1315, 1319, 1325, 1330, 1338, 1345, 1352, 1360, 1366, 1376, 1388, 1397, 1408, 1419, 1430, 1442, 1452, 1462, 1476, 1492, 1505]
[0, 1482, 1467, 1455, 1441, 1430, 1420, 1409, 1398, 1388, 1377, 1368, 1360, 1353, 1346, 1338, 1332, 1325, 1321, 1314, 1313, 1312, 1309, 1306, 1304, 0, 0, 0, 468, 465, 465, 470, 469, 0, 1302, 1304, 1306, 1309, 1312, 1315, 1318, 1323, 1328, 1332, 1340, 1349, 1357, 1363, 1372, 1382, 1391, 1403, 1415, 1425, 1438, 1449, 1459, 1462, 1486, 1492, 1487]
[0, 1482, 1466, 1454, 1442, 1430, 1419, 1407, 1398, 1390, 1379, 1367, 1360, 1353, 1345, 1337, 1331, 1325, 1320, 1316, 1313, 1313, 1310, 1306, 1304, 0, 0, 0, 470, 465, 465, 468, 469, 0, 1301, 1302, 1305, 1308, 1309, 1311, 1316, 1322, 1326, 1330, 1338, 1347, 1353, 1359, 1368, 1379, 1390, 1402, 1412, 1421, 1434, 1446, 1457, 1468, 1480, 1499, 1507]
[0, 1484, 1470, 1457, 1445, 1434, 1425, 1413, 1401, 1391, 1381, 1370, 1362, 1356, 1348, 1339, 1332, 1327, 1323, 1317, 1312, 1311, 1310, 1306, 1305, 1303, 0, 0, 470, 473, 477, 468, 0, 1306, 1301, 1302, 1305, 1307, 1311, 1314, 1316, 1322, 1325, 1329, 1334, 1343, 1355, 1361, 1369, 1380, 1390, 1401, 1412, 1421, 1433, 1446, 1457, 1467, 1481, 1499, 1507]
[0, 1476, 1462, 1449, 1451, 1441, 1419, 1413, 1406, 1394, 1387, 1376, 1364, 1357, 1350, 1342, 1335, 1329, 1324, 1320, 1315, 1311, 1306, 1303, 1305, 1303, 0, 0, 474, 471, 474, 468, 0, 1303, 1300, 1302, 1309, 1311, 1312, 1315, 1318, 1322, 1323, 1329, 1331, 1339, 1351, 1358, 1364, 1376, 1387, 1395, 1406, 1416, 1428, 1441, 1453, 1463, 1476, 1492, 1504]
