[0, 0, 0, 0, 0, 0, 0, 0, 0, 0, 0, 0, 0, 0, 0, 0, 0, 0, 0, 0, 0, 0, 0, 0, 0, 0, 0, 0, 0, 0, 0, 0, 0, 0, 0, 0, 0, 0, 0, 0, 0, 0, 0, 0, 0, 0, 0, 0, 0, 0, 0, 0, 0, 0, 0, 0, 0, 0, 0, 0, 0]
[0, 529, 524, 520, 517, 512, 509, 507, 504, 502, 499, 498, 494, 493, 492, 489, 486, 485, 484, 483, 481, 481, 481, 481, 479, 479, 479, 479, 479, 479, 480, 480, 480, 481, 482, 483, 484, 485, 486, 488, 491, 493, 496, 498, 501, 504, 507, 509, 514, 518, 522, 525, 527, 532, 537, 542, 547, 553, 558, 563, 570]
[0, 527, 523, 520, 516, 513, 509, 510, 504, 502, 500, 498, 496, 494, 491, 489, 487, 486, 485, 484, 483, 482, 481, 480, 479, 479, 479, 478, 478, 478, 478, 480, 480, 480, 481, 482, 483, 485, 486, 488, 490, 492, 493, 496, 499, 502, 505, 509, 512, 516, 520, 524, 529, 534, 539, 544, 549, 555, 560, 566, 573]
[0, 527, 523, 518, 516, 514, 511, 508, 505, 503, 500, 498, 495, 493, 491, 488, 487, 486, 484, 482, 481, 481, 481, 480, 480, 478, 479, 478, 478, 478, 479, 480, 480, 480, 481, 482, 483, 485, 485, 486, 489, 492, 493, 496, 499, 502, 506, 509, 513, 516, 520, 525, 530, 534, 539, 544, 550, 556, 561, 567, 574]
[0, 528, 524, 520, 516, 513, 510, 508, 507, 501, 500, 499, 496, 494, 492, 490, 487, 485, 484, 484, 482, 481, 481, 480, 480, 479, 479, 478, 479, 479, 480, 479, 480, 481, 482, 482, 484, 485, 486, 489, 491, 493, 496, 498, 501, 504, 507, 510, 514, 518, 522, 527, 531, 536, 539, 547, 550, 553, 557, 562, 569]
[0, 528, 524, 518, 516, 515, 512, 509, 505, 502, 500, 497, 496, 494, 491, 487, 485, 484, 484, 483, 482, 481, 481, 480, 480, 479, 479, 478, 478, 478, 478, 480, 480, 481, 482, 483, 484, 484, 486, 487, 490, 492, 493, 496, 499, 502, 505, 509, 512, 516, 520, 524, 529, 534, 539, 544, 549, 555, 561, 566, 573]
[0, 529, 525, 522, 518, 515, 511, 507, 505, 502, 499, 497, 496, 492, 491, 490, 487, 485, 484, 484, 483, 482, 481, 480, 479, 479, 477, 478, 478, 479, 479, 480, 480, 481, 481, 483, 484, 484, 485, 488, 490, 493, 495, 498, 500, 503, 507, 510, 514, 517, 520, 525, 531, 536, 541, 546, 552, 555, 562, 569, 576]
[0, 528, 524, 520, 516, 515, 513, 509, 507, 504, 501, 499, 496, 494, 491, 490, 489, 487, 485, 484, 483, 482, 481, 480, 480, 479, 478, 478, 478, 477, 477, 479, 480, 481, 482, 483, 484, 486, 487, 488, 491, 494, 495, 497, 499, 502, 505, 508, 512, 515, 519, 522, 527, 534, 539, 544, 549, 555, 559, 565, 572]
[0, 533, 529, 525, 516, 518, 514, 509, 512, 508, 505, 503, 501, 499, 497, 495, 494, 492, 490, 489, 488, 487, 486, 480, 480, 479, 478, 479, 479, 480, 480, 480, 480, 481, 481, 483, 485, 487, 488, 490, 492, 494, 496, 500, 503, 506, 509, 513, 516, 520, 525, 529, 534, 538, 544, 550, 555, 560, 565, 572, 580]
[0, 536, 531, 527, 523, 519, 516, 513, 510, 508, 505, 502, 500, 498, 497, 495, 493, 492, 491, 490, 488, 486, 486, 485, 485, 479, 484, 485, 479, 485, 485, 485, 486, 486, 487, 488, 490, 491, 493, 495, 498, 500, 502, 505, 507, 510, 513, 517, 521, 525, 529, 533, 538, 543, 548, 553, 559, 564, 570, 577, 584]
[0, 535, 531, 530, 527, 523, 520, 516, 514, 511, 509, 506, 503, 501, 499, 497, 496, 495, 494, 492, 490, 490, 486, 488, 485, 484, 484, 484, 484, 485, 484, 485, 486, 486, 487, 489, 490, 492, 494, 495, 498, 500, 502, 504, 508, 511, 514, 518, 521, 525, 530, 535, 540, 544, 549, 555, 560, 565, 572, 579, 585]
[0, 535, 532, 528, 524, 521, 517, 514, 514, 511, 509, 506, 504, 502, 500, 498, 496, 495, 494, 492, 491, 490, 488, 488, 487, 484, 487, 486, 486, 487, 488, 488, 489, 490, 491, 492, 494, 495, 497, 499, 501, 503, 506, 509, 511, 514, 518, 521, 525, 529, 533, 538, 542, 548, 553, 558, 563, 569, 575, 582, 589]
[0, 535, 532, 530, 522, 521, 520, 516, 513, 511, 509, 506, 503, 501, 499, 497, 497, 495, 494, 492, 491, 490, 488, 488, 487, 487, 487, 487, 487, 487, 488, 488, 490, 490, 491, 492, 493, 494, 496, 498, 500, 503, 505, 508, 510, 513, 516, 520, 524, 528, 531, 536, 541, 547, 552, 557, 562, 568, 573, 580, 588]
[0, 538, 534, 530, 526, 523, 519, 516, 514, 511, 508, 506, 503, 501, 499, 498, 496, 495, 494, 492, 491, 490, 490, 488, 486, 487, 487, 486, 486, 487, 488, 488, 489, 490, 492, 493, 494, 495, 497, 499, 501, 504, 506, 509, 511, 514, 518, 521, 525, 529, 533, 538, 542, 548, 553, 558, 563, 569, 576, 582, 589]
[0, 540, 535, 531, 528, 524, 521, 518, 515, 511, 510, 508, 505, 501, 503, 501, 500, 498, 496, 495, 494, 493, 492, 491, 488, 487, 487, 487, 487, 487, 488, 489, 489, 490, 491, 492, 494, 496, 497, 499, 502, 504, 507, 509, 511, 515, 518, 522, 526, 531, 535, 538, 544, 548, 549, 554, 564, 569, 578, 582, 592]
[0, 538, 534, 530, 525, 521, 519, 518, 517, 514, 511, 509, 506, 504, 502, 501, 499, 498, 497, 496, 495, 494, 492, 491, 491, 491, 490, 490, 491, 491, 492, 493, 494, 490, 494, 496, 498, 496, 502, 504, 502, 506, 508, 511, 513, 516, 520, 524, 528, 532, 536, 541, 545, 550, 556, 561, 566, 572, 578, 585, 592]
[0, 541, 537, 533, 528, 525, 523, 520, 517, 514, 511, 509, 507, 504, 502, 501, 499, 498, 498, 497, 496, 495, 494, 493, 491, 490, 490, 490, 490, 491, 491, 492, 493, 494, 495, 496, 498, 499, 500, 502, 504, 507, 509, 512, 515, 518, 521, 525, 529, 533, 537, 542, 547, 552, 558, 562, 568, 574, 580, 587, 594]
[0, 538, 534, 533, 530, 524, 523, 521, 518, 514, 512, 510, 507, 504, 503, 502, 499, 498, 497, 496, 495, 494, 493, 493, 491, 491, 491, 492, 492, 493, 493, 494, 494, 495, 496, 498, 499, 501, 500, 505, 507, 510, 512, 512, 515, 517, 524, 528, 529, 533, 541, 546, 547, 551, 556, 562, 567, 573, 579, 586, 593]
[0, 539, 535, 531, 530, 527, 524, 521, 517, 514, 512, 510, 507, 505, 503, 502, 500, 498, 497, 496, 496, 494, 493, 492, 491, 491, 491, 492, 492, 493, 493, 493, 493, 495, 495, 496, 498, 500, 501, 503, 505, 508, 511, 512, 515, 519, 522, 525, 530, 535, 539, 543, 547, 553, 559, 563, 568, 576, 583, 588, 594]
[0, 543, 538, 534, 530, 526, 523, 520, 517, 514, 512, 510, 508, 505, 503, 501, 500, 498, 497, 496, 495, 494, 493, 494, 491, 492, 491, 492, 491, 493, 493, 493, 493, 494, 495, 496, 498, 499, 501, 503, 505, 508, 510, 512, 515, 520, 523, 526, 530, 534, 538, 543, 548, 553, 558, 563, 568, 576, 583, 589, 594]
[0, 543, 538, 534, 530, 526, 526, 523, 521, 519, 516, 513, 511, 509, 507, 505, 504, 502, 501, 500, 498, 498, 498, 494, 493, 492, 491, 491, 491, 492, 493, 493, 495, 496, 496, 497, 499, 499, 502, 505, 507, 508, 511, 514, 517, 520, 523, 527, 531, 536, 540, 544, 549, 554, 559, 565, 571, 577, 583, 590, 597]
[0, 545, 541, 537, 534, 530, 526, 523, 520, 517, 514, 512, 510, 508, 506, 505, 503, 502, 500, 500, 499, 499, 498, 497, 496, 492, 496, 496, 496, 492, 497, 497, 498, 499, 500, 501, 502, 504, 506, 508, 510, 512, 514, 517, 521, 524, 527, 530, 535, 539, 543, 548, 553, 558, 562, 568, 574, 580, 587, 594, 600]
[0, 543, 539, 535, 532, 530, 528, 525, 522, 520, 517, 514, 512, 510, 508, 507, 505, 503, 502, 501, 501, 499, 499, 497, 496, 496, 495, 496, 496, 497, 497, 496, 497, 499, 500, 502, 504, 505, 507, 509, 511, 513, 516, 519, 522, 525, 528, 532, 536, 541, 546, 548, 555, 558, 560, 571, 578, 580, 584, 590, 603]
[0, 552, 548, 544, 540, 536, 533, 530, 527, 524, 522, 520, 518, 515, 513, 512, 510, 509, 508, 507, 505, 499, 505, 504, 498, 497, 495, 498, 496, 499, 500, 500, 502, 499, 504, 505, 507, 508, 510, 512, 514, 516, 518, 522, 525, 528, 532, 536, 540, 544, 549, 553, 558, 563, 569, 575, 581, 587, 593, 600, 606]
[0, 563, 559, 555, 551, 547, 544, 541, 538, 535, 522, 530, 529, 527, 513, 525, 523, 521, 520, 519, 517, 517, 516, 515, 503, 503, 503, 503, 503, 503, 504, 505, 505, 506, 508, 509, 510, 511, 514, 516, 518, 520, 523, 526, 529, 532, 536, 540, 543, 549, 553, 557, 562, 567, 573, 579, 586, 592, 598, 605, 611]
[0, 563, 559, 555, 551, 547, 544, 541, 538, 535, 533, 530, 529, 527, 527, 525, 523, 521, 520, 519, 517, 517, 516, 515, 514, 514, 514, 514, 514, 515, 515, 516, 517, 518, 519, 521, 522, 524, 526, 528, 518, 533, 536, 526, 542, 546, 550, 540, 554, 558, 562, 566, 571, 583, 573, 589, 600, 592, 607, 613, 620]
[0, 565, 559, 561, 557, 554, 550, 547, 544, 541, 539, 536, 535, 532, 530, 528, 526, 525, 524, 522, 521, 517, 520, 515, 515, 514, 514, 514, 514, 515, 515, 516, 517, 518, 519, 521, 522, 524, 526, 528, 531, 533, 536, 540, 543, 546, 550, 540, 554, 558, 562, 572, 577, 583, 589, 589, 600, 592, 607, 613, 620]
[0, 570, 565, 561, 558, 555, 552, 547, 546, 543, 541, 536, 538, 536, 534, 532, 530, 529, 527, 526, 525, 524, 523, 523, 519, 514, 519, 519, 519, 520, 520, 520, 521, 522, 524, 524, 526, 528, 530, 532, 534, 537, 540, 543, 546, 550, 554, 558, 561, 566, 570, 576, 582, 587, 592, 598, 604, 611, 617, 624, 632]
[0, 568, 565, 564, 560, 557, 554, 551, 547, 545, 543, 540, 538, 536, 534, 532, 530, 528, 526, 526, 525, 524, 523, 523, 522, 522, 522, 522, 523, 523, 523, 525, 526, 527, 528, 529, 531, 533, 535, 537, 540, 537, 542, 545, 548, 552, 555, 559, 563, 567, 572, 577, 582, 587, 593, 599, 605, 611, 618, 624, 631]
[0, 569, 565, 561, 560, 558, 554, 551, 548, 545, 543, 540, 538, 536, 534, 532, 530, 528, 527, 526, 525, 524, 523, 523, 523, 522, 522, 522, 523, 523, 523, 524, 525, 526, 527, 528, 530, 532, 533, 536, 538, 541, 543, 546, 549, 553, 556, 559, 564, 568, 573, 578, 584, 588, 594, 600, 607, 613, 619, 626, 634]
[0, 583, 578, 573, 570, 566, 562, 559, 557, 554, 551, 549, 546, 544, 542, 541, 539, 537, 527, 536, 534, 533, 532, 532, 523, 522, 522, 522, 522, 522, 523, 525, 525, 526, 526, 528, 529, 531, 533, 535, 538, 540, 543, 545, 548, 552, 556, 560, 563, 568, 573, 578, 583, 589, 594, 599, 606, 612, 618, 624, 632]
[0, 583, 578, 573, 570, 566, 562, 559, 557, 554, 551, 548, 546, 544, 542, 541, 539, 537, 536, 536, 534, 533, 533, 533, 532, 532, 532, 532, 532, 532, 532, 528, 527, 534, 537, 538, 540, 542, 544, 546, 549, 552, 554, 557, 560, 563, 566, 571, 576, 582, 587, 591, 595, 601, 608, 613, 620, 626, 633, 641, 649]
[0, 593, 578, 589, 585, 582, 578, 573, 570, 567, 564, 562, 560, 558, 556, 554, 552, 551, 550, 549, 547, 546, 546, 533, 533, 532, 532, 532, 532, 532, 531, 528, 527, 533, 537, 539, 540, 542, 544, 545, 548, 551, 554, 557, 560, 563, 566, 571, 576, 581, 586, 591, 595, 600, 607, 613, 619, 626, 633, 640, 648]
[0, 594, 591, 587, 582, 578, 578, 571, 567, 565, 564, 563, 561, 559, 557, 555, 553, 552, 550, 549, 547, 547, 546, 545, 545, 545, 545, 546, 537, 532, 526, 521, 520, 523, 532, 545, 552, 554, 557, 558, 561, 563, 566, 569, 574, 578, 581, 586, 590, 595, 599, 604, 609, 614, 620, 627, 634, 641, 648, 655, 662]
[0, 594, 593, 585, 582, 582, 578, 573, 570, 567, 565, 562, 560, 558, 556, 554, 552, 551, 550, 549, 547, 546, 546, 545, 545, 545, 545, 545, 542, 0, 521, 521, 519, 522, 0, 552, 554, 556, 559, 560, 563, 563, 566, 569, 572, 577, 581, 584, 589, 594, 598, 603, 608, 614, 620, 626, 632, 640, 647, 654, 661]
[0, 610, 605, 601, 597, 594, 591, 587, 584, 580, 578, 576, 573, 571, 569, 567, 552, 564, 563, 563, 562, 561, 559, 559, 545, 545, 545, 545, 545, 526, 521, 521, 520, 523, 545, 552, 552, 555, 557, 558, 561, 563, 566, 569, 573, 578, 581, 586, 590, 595, 599, 604, 609, 614, 620, 627, 634, 641, 648, 655, 662]
[0, 610, 605, 601, 598, 594, 591, 588, 584, 581, 578, 576, 573, 571, 569, 567, 552, 563, 563, 562, 562, 561, 559, 559, 559, 559, 558, 559, 0, 527, 520, 517, 518, 522, 545, 552, 0, 570, 571, 574, 578, 581, 584, 587, 590, 594, 598, 602, 607, 611, 617, 622, 628, 634, 640, 646, 652, 660, 668, 676, 683]
[0, 609, 605, 600, 596, 594, 590, 587, 584, 584, 581, 578, 576, 574, 571, 568, 567, 565, 564, 562, 562, 560, 559, 559, 559, 559, 558, 559, 0, 527, 520, 517, 518, 522, 545, 552, 0, 569, 571, 574, 578, 580, 583, 586, 590, 594, 598, 602, 607, 611, 616, 621, 627, 634, 640, 646, 652, 660, 668, 675, 683]
[0, 610, 606, 602, 598, 594, 591, 588, 584, 581, 578, 576, 573, 571, 569, 567, 565, 564, 563, 562, 562, 561, 559, 559, 559, 559, 559, 559, 0, 524, 519, 517, 518, 518, 545, 0, 567, 570, 572, 575, 578, 582, 585, 588, 592, 595, 599, 603, 607, 613, 616, 623, 627, 635, 642, 646, 649, 655, 662, 670, 686]
[0, 609, 604, 602, 597, 594, 593, 589, 587, 584, 581, 578, 575, 572, 571, 569, 567, 565, 564, 563, 562, 561, 560, 559, 559, 559, 559, 559, 0, 529, 520, 517, 518, 521, 545, 0, 0, 569, 571, 574, 578, 580, 583, 587, 590, 594, 598, 602, 606, 611, 616, 621, 627, 634, 640, 646, 653, 660, 667, 675, 683]
[0, 627, 622, 618, 614, 611, 608, 605, 601, 598, 595, 593, 591, 589, 587, 585, 583, 581, 564, 580, 578, 577, 577, 576, 559, 559, 559, 559, 0, 0, 522, 517, 518, 520, 545, 0, 568, 571, 571, 576, 580, 582, 583, 586, 590, 593, 597, 601, 606, 610, 615, 621, 626, 633, 639, 645, 652, 659, 666, 675, 682]
[0, 633, 628, 624, 620, 615, 612, 609, 606, 603, 600, 597, 595, 594, 592, 590, 588, 587, 585, 584, 583, 577, 581, 576, 576, 575, 575, 575, 0, 526, 519, 517, 517, 520, 545, 0, 0, 587, 590, 593, 595, 597, 600, 603, 608, 611, 614, 619, 624, 628, 634, 641, 646, 652, 659, 665, 672, 679, 687, 695, 703]
[0, 632, 626, 623, 619, 615, 611, 607, 604, 602, 599, 597, 594, 593, 591, 589, 587, 586, 585, 585, 584, 583, 581, 580, 581, 580, 580, 580, 0, 525, 519, 517, 517, 520, 545, 0, 0, 592, 594, 596, 599, 602, 605, 608, 611, 615, 619, 624, 629, 634, 640, 645, 651, 657, 664, 670, 678, 685, 694, 702, 710]
[0, 645, 641, 636, 632, 627, 623, 619, 617, 614, 611, 609, 606, 604, 602, 600, 598, 597, 596, 595, 594, 592, 592, 580, 580, 580, 580, 580, 0, 523, 518, 516, 516, 520, 545, 0, 0, 592, 594, 597, 599, 602, 606, 608, 612, 616, 619, 624, 629, 636, 642, 647, 652, 658, 664, 671, 678, 685, 694, 703, 711]
[0, 642, 638, 633, 628, 627, 625, 618, 617, 616, 613, 610, 607, 605, 603, 601, 599, 597, 596, 595, 594, 593, 592, 592, 591, 591, 591, 580, 0, 524, 517, 515, 515, 518, 526, 0, 598, 602, 605, 607, 609, 612, 615, 618, 622, 626, 631, 636, 641, 645, 652, 658, 663, 669, 675, 682, 690, 698, 706, 713, 721]
[0, 654, 650, 646, 642, 638, 635, 631, 628, 625, 622, 619, 616, 614, 613, 612, 610, 608, 607, 606, 594, 605, 604, 604, 591, 591, 591, 580, 0, 529, 519, 515, 514, 516, 521, 0, 0, 604, 606, 608, 612, 615, 617, 621, 625, 626, 635, 636, 640, 649, 655, 658, 666, 669, 672, 679, 686, 695, 703, 709, 717]
[0, 660, 656, 651, 647, 643, 640, 636, 632, 629, 626, 624, 622, 619, 616, 615, 614, 612, 611, 610, 609, 607, 606, 603, 591, 603, 603, 603, 0, 522, 515, 513, 513, 517, 525, 0, 612, 616, 618, 620, 623, 626, 631, 634, 638, 643, 646, 650, 655, 661, 666, 671, 677, 683, 691, 700, 707, 714, 721, 729, 738]
[0, 659, 654, 650, 647, 644, 639, 635, 632, 629, 626, 623, 621, 619, 618, 616, 614, 613, 612, 611, 610, 609, 608, 606, 606, 606, 606, 603, 0, 523, 516, 513, 513, 516, 523, 0, 612, 0, 620, 622, 625, 629, 632, 636, 640, 644, 648, 652, 657, 662, 668, 674, 679, 685, 693, 701, 708, 715, 722, 731, 740]
[0, 659, 657, 652, 649, 644, 641, 639, 636, 632, 628, 626, 624, 621, 619, 617, 615, 614, 612, 611, 611, 610, 609, 607, 606, 606, 606, 0, 527, 519, 516, 514, 514, 516, 530, 0, 617, 619, 621, 624, 627, 631, 634, 638, 642, 646, 650, 654, 660, 665, 671, 677, 683, 690, 698, 705, 712, 719, 728, 736, 745]
[0, 679, 675, 670, 666, 663, 660, 656, 653, 650, 647, 645, 642, 640, 637, 634, 633, 631, 630, 629, 628, 627, 626, 609, 609, 608, 608, 0, 0, 524, 516, 513, 512, 515, 522, 0, 617, 623, 621, 626, 629, 632, 636, 640, 644, 648, 652, 657, 662, 667, 672, 678, 684, 692, 699, 707, 713, 720, 729, 737, 746]
[0, 681, 676, 672, 667, 664, 660, 656, 653, 650, 647, 645, 642, 641, 638, 635, 633, 631, 630, 630, 629, 627, 626, 626, 625, 608, 625, 0, 0, 522, 514, 511, 513, 516, 522, 0, 617, 0, 641, 644, 647, 649, 653, 656, 659, 663, 667, 672, 677, 683, 689, 695, 702, 708, 715, 722, 729, 737, 745, 755, 764]
[0, 681, 676, 672, 667, 664, 659, 656, 653, 650, 647, 645, 642, 641, 639, 635, 633, 632, 631, 630, 628, 627, 626, 625, 625, 625, 625, 0, 0, 525, 516, 512, 510, 513, 522, 0, 637, 640, 643, 645, 647, 650, 654, 658, 662, 666, 669, 674, 679, 684, 691, 699, 705, 711, 717, 724, 731, 739, 748, 757, 766]
[0, 693, 688, 683, 678, 675, 672, 668, 666, 662, 659, 657, 654, 652, 650, 648, 647, 646, 645, 643, 642, 641, 640, 625, 624, 625, 626, 0, 0, 517, 516, 511, 513, 518, 529, 0, 637, 639, 642, 645, 648, 651, 654, 658, 662, 665, 669, 673, 678, 684, 691, 699, 704, 710, 717, 724, 731, 739, 747, 757, 766]
[0, 693, 688, 683, 678, 675, 672, 668, 665, 662, 659, 657, 654, 652, 650, 647, 646, 646, 644, 643, 641, 641, 640, 639, 639, 639, 640, 0, 0, 522, 514, 510, 510, 512, 519, 0, 0, 654, 657, 659, 662, 665, 668, 672, 677, 681, 686, 692, 697, 703, 708, 715, 721, 729, 735, 743, 751, 759, 768, 778, 786]
[0, 704, 699, 693, 688, 685, 681, 677, 674, 671, 668, 666, 664, 661, 659, 657, 656, 654, 653, 652, 651, 650, 649, 639, 639, 640, 640, 0, 0, 521, 513, 510, 510, 513, 520, 0, 0, 654, 654, 657, 660, 665, 668, 674, 677, 678, 682, 688, 693, 699, 710, 715, 716, 723, 730, 737, 745, 753, 770, 778, 791]
[0, 707, 700, 695, 691, 686, 681, 678, 675, 672, 670, 667, 664, 663, 660, 658, 657, 656, 654, 654, 653, 651, 651, 648, 649, 649, 648, 0, 0, 520, 513, 510, 510, 512, 519, 0, 0, 664, 666, 670, 673, 0, 680, 684, 690, 695, 701, 706, 693, 710, 716, 722, 728, 743, 730, 750, 766, 775, 784, 794, 805]
[0, 711, 707, 702, 697, 693, 689, 685, 675, 678, 676, 667, 671, 663, 669, 667, 665, 664, 663, 662, 660, 659, 658, 650, 650, 651, 651, 0, 0, 519, 512, 509, 510, 513, 521, 0, 0, 0, 666, 669, 672, 675, 678, 682, 686, 692, 697, 702, 708, 712, 717, 724, 731, 738, 745, 753, 761, 770, 778, 787, 798]
[0, 716, 712, 708, 703, 698, 695, 692, 675, 688, 685, 682, 680, 678, 675, 673, 672, 671, 669, 666, 666, 665, 665, 657, 657, 657, 657, 0, 0, 523, 514, 510, 509, 510, 517, 0, 0, 673, 675, 678, 680, 684, 688, 693, 697, 702, 708, 712, 717, 723, 730, 737, 744, 751, 758, 766, 774, 783, 793, 803, 812]
[0, 736, 731, 726, 721, 716, 712, 709, 706, 703, 700, 697, 694, 691, 690, 688, 685, 683, 682, 680, 679, 679, 678, 664, 664, 663, 664, 0, 0, 522, 513, 509, 509, 511, 517, 0, 677, 679, 682, 684, 687, 691, 696, 700, 705, 710, 714, 719, 725, 731, 738, 744, 752, 759, 758, 774, 783, 783, 803, 803, 821]
[0, 732, 727, 721, 716, 716, 708, 709, 706, 703, 699, 696, 694, 692, 690, 688, 685, 684, 683, 681, 680, 679, 678, 677, 678, 678, 678, 0, 0, 518, 511, 508, 509, 512, 520, 0, 0, 693, 696, 698, 701, 705, 709, 713, 717, 721, 727, 732, 737, 744, 751, 758, 766, 772, 779, 788, 796, 805, 815, 824, 833]
[0, 731, 727, 725, 720, 716, 713, 709, 705, 703, 700, 697, 694, 691, 690, 688, 685, 683, 682, 680, 679, 679, 678, 678, 678, 679, 678, 0, 0, 519, 511, 507, 508, 512, 518, 0, 0, 692, 695, 701, 0, 705, 709, 712, 716, 721, 727, 733, 738, 744, 751, 757, 765, 772, 779, 788, 796, 805, 815, 824, 833]
[0, 746, 741, 735, 731, 716, 726, 721, 717, 715, 712, 710, 707, 705, 702, 700, 698, 697, 696, 695, 693, 691, 691, 677, 678, 678, 678, 678, 0, 516, 510, 508, 508, 512, 521, 0, 0, 693, 696, 699, 702, 706, 709, 713, 718, 723, 729, 734, 740, 747, 753, 760, 768, 775, 783, 791, 800, 809, 818, 828, 838]
[0, 746, 744, 738, 734, 729, 724, 720, 716, 714, 712, 709, 707, 705, 702, 700, 698, 697, 696, 694, 693, 692, 691, 691, 691, 692, 692, 678, 0, 516, 510, 508, 508, 512, 521, 0, 0, 706, 709, 711, 715, 719, 723, 729, 734, 738, 744, 750, 755, 762, 768, 774, 782, 789, 799, 808, 816, 825, 833, 843, 855]
[0, 767, 761, 756, 750, 745, 740, 736, 733, 730, 727, 724, 721, 719, 717, 715, 713, 712, 711, 710, 693, 709, 708, 692, 691, 692, 692, 0, 522, 516, 509, 508, 507, 508, 521, 0, 0, 708, 709, 713, 716, 720, 725, 730, 735, 740, 746, 752, 758, 764, 770, 778, 785, 793, 801, 811, 816, 828, 838, 848, 859]
[0, 770, 765, 759, 754, 749, 745, 741, 738, 730, 735, 732, 730, 727, 724, 722, 719, 718, 718, 716, 714, 714, 714, 709, 709, 710, 710, 0, 522, 521, 512, 507, 506, 508, 521, 0, 0, 727, 730, 733, 737, 742, 748, 753, 758, 763, 768, 774, 782, 787, 795, 804, 812, 820, 828, 836, 846, 828, 866, 848, 876]
[0, 778, 773, 768, 763, 758, 754, 750, 746, 743, 740, 738, 736, 733, 724, 731, 729, 726, 724, 724, 722, 714, 721, 714, 714, 714, 714, 0, 0, 519, 510, 506, 506, 509, 516, 0, 727, 730, 733, 738, 742, 747, 751, 756, 761, 767, 771, 778, 785, 791, 797, 804, 812, 821, 828, 836, 846, 828, 866, 876, 876]
[0, 781, 775, 770, 765, 761, 756, 753, 750, 747, 743, 739, 737, 735, 732, 730, 729, 728, 726, 724, 723, 722, 722, 722, 721, 721, 721, 0, 520, 512, 510, 505, 506, 506, 520, 0, 0, 737, 741, 744, 749, 753, 757, 762, 767, 772, 778, 784, 790, 796, 803, 810, 817, 826, 833, 840, 850, 860, 868, 876, 886]
[0, 778, 773, 768, 764, 760, 755, 752, 749, 745, 742, 740, 737, 735, 733, 731, 729, 728, 726, 724, 723, 722, 722, 722, 722, 721, 722, 0, 0, 518, 510, 506, 505, 508, 520, 0, 0, 740, 743, 746, 750, 755, 761, 765, 769, 774, 780, 784, 791, 798, 805, 812, 820, 827, 835, 842, 851, 861, 870, 878, 888]
[0, 778, 786, 768, 781, 777, 772, 768, 765, 762, 759, 756, 753, 751, 749, 746, 743, 742, 740, 738, 737, 737, 737, 722, 722, 722, 721, 0, 0, 517, 509, 506, 506, 508, 515, 0, 0, 0, 743, 746, 750, 756, 761, 765, 769, 774, 780, 785, 792, 799, 805, 812, 820, 827, 835, 842, 853, 862, 870, 878, 888]
[0, 793, 787, 787, 781, 777, 772, 769, 765, 762, 760, 757, 754, 752, 749, 746, 744, 742, 741, 739, 738, 738, 738, 737, 737, 738, 738, 0, 0, 513, 507, 505, 506, 509, 518, 0, 755, 754, 762, 761, 770, 0, 773, 778, 784, 790, 796, 802, 808, 815, 822, 828, 835, 843, 852, 861, 869, 878, 886, 895, 906]
[0, 816, 787, 807, 781, 801, 795, 792, 789, 785, 782, 779, 776, 773, 771, 769, 769, 768, 767, 765, 764, 764, 738, 738, 737, 737, 737, 0, 0, 514, 508, 505, 505, 509, 516, 0, 755, 758, 762, 761, 770, 774, 779, 778, 790, 790, 796, 802, 814, 815, 828, 828, 835, 843, 852, 860, 869, 878, 886, 895, 906]
[0, 825, 819, 813, 807, 802, 799, 794, 790, 787, 783, 780, 778, 775, 774, 772, 770, 769, 767, 765, 765, 765, 764, 762, 762, 763, 763, 0, 0, 512, 508, 504, 506, 510, 519, 0, 0, 781, 784, 788, 793, 798, 803, 808, 814, 820, 826, 831, 836, 844, 853, 861, 869, 875, 883, 892, 902, 912, 922, 933, 944]
[0, 832, 826, 820, 807, 815, 812, 808, 803, 800, 797, 794, 791, 788, 785, 783, 781, 781, 780, 778, 778, 777, 764, 763, 762, 763, 763, 0, 0, 520, 511, 506, 505, 507, 519, 0, 0, 783, 787, 791, 796, 800, 805, 810, 816, 822, 828, 833, 839, 846, 855, 864, 871, 878, 887, 895, 904, 917, 927, 936, 948]
[0, 850, 842, 820, 836, 831, 828, 824, 820, 817, 815, 813, 809, 807, 805, 802, 800, 799, 797, 795, 795, 795, 775, 774, 775, 775, 777, 0, 0, 512, 506, 506, 504, 510, 519, 519, 0, 795, 799, 803, 807, 812, 816, 821, 827, 833, 838, 844, 852, 860, 868, 874, 882, 890, 898, 908, 918, 929, 939, 949, 960]
[0, 850, 842, 836, 832, 831, 828, 824, 820, 818, 815, 813, 809, 806, 804, 802, 800, 798, 796, 795, 795, 794, 794, 793, 794, 795, 796, 0, 0, 511, 506, 504, 504, 504, 519, 519, 0, 815, 819, 823, 827, 831, 835, 840, 847, 855, 861, 867, 872, 879, 886, 894, 902, 910, 920, 931, 940, 949, 960, 973, 986]
[0, 853, 848, 842, 836, 831, 832, 829, 826, 822, 820, 816, 814, 812, 809, 808, 806, 804, 803, 801, 800, 800, 793, 793, 794, 795, 795, 0, 0, 511, 505, 504, 504, 504, 518, 519, 815, 815, 819, 823, 827, 831, 835, 840, 847, 855, 861, 867, 872, 879, 886, 894, 902, 911, 921, 931, 940, 949, 960, 973, 986]
[0, 871, 866, 860, 855, 850, 845, 829, 841, 836, 833, 831, 829, 827, 825, 823, 821, 819, 818, 817, 816, 815, 800, 800, 799, 800, 802, 0, 0, 511, 505, 504, 504, 504, 518, 519, 0, 823, 826, 829, 832, 837, 842, 849, 855, 862, 868, 872, 878, 886, 893, 902, 912, 921, 930, 939, 948, 958, 971, 983, 996]
[0, 881, 875, 870, 865, 862, 857, 853, 848, 843, 839, 837, 835, 833, 830, 830, 828, 826, 826, 825, 824, 824, 814, 814, 814, 815, 816, 0, 0, 510, 505, 503, 504, 508, 518, 0, 0, 839, 844, 829, 849, 854, 859, 865, 870, 875, 881, 887, 893, 900, 908, 918, 929, 937, 945, 953, 962, 976, 988, 998, 1011]
[0, 890, 885, 879, 874, 871, 867, 863, 860, 855, 852, 850, 847, 844, 841, 830, 839, 837, 835, 825, 834, 834, 833, 824, 824, 824, 823, 0, 0, 517, 507, 503, 502, 505, 518, 0, 0, 848, 852, 856, 862, 867, 870, 875, 880, 886, 892, 898, 905, 914, 922, 931, 940, 949, 957, 966, 979, 993, 1003, 1014, 1028]
[0, 890, 885, 880, 875, 871, 867, 864, 860, 856, 853, 851, 847, 843, 840, 840, 838, 836, 835, 834, 834, 834, 833, 833, 833, 834, 833, 0, 0, 515, 506, 503, 502, 505, 511, 0, 0, 861, 866, 870, 873, 877, 882, 887, 893, 900, 906, 913, 920, 928, 937, 945, 953, 962, 973, 985, 995, 1005, 1016, 1028, 1040]
[0, 892, 886, 882, 876, 872, 869, 865, 862, 858, 855, 850, 848, 845, 842, 840, 839, 836, 836, 835, 834, 834, 834, 834, 833, 833, 833, 0, 0, 518, 507, 503, 503, 504, 511, 0, 0, 860, 865, 869, 872, 877, 882, 885, 891, 897, 903, 911, 919, 926, 934, 943, 951, 960, 970, 981, 991, 1003, 1015, 1027, 1038]
[0, 902, 897, 891, 886, 881, 877, 874, 871, 868, 865, 862, 859, 858, 855, 853, 851, 849, 848, 846, 846, 846, 834, 834, 834, 834, 835, 0, 0, 509, 505, 503, 503, 504, 508, 0, 860, 864, 865, 871, 872, 880, 882, 885, 895, 897, 903, 909, 915, 922, 931, 940, 948, 957, 966, 977, 988, 998, 1010, 1022, 1033]
[0, 902, 895, 889, 884, 880, 876, 873, 870, 868, 865, 862, 860, 858, 857, 854, 852, 851, 849, 848, 847, 846, 846, 847, 847, 847, 835, 0, 0, 518, 507, 503, 503, 504, 508, 518, 0, 871, 875, 879, 883, 888, 893, 898, 903, 910, 916, 923, 930, 938, 945, 953, 962, 973, 984, 993, 1002, 1014, 1025, 1037, 1051]
[0, 941, 936, 930, 924, 919, 916, 912, 907, 904, 901, 898, 895, 894, 892, 891, 889, 888, 888, 887, 887, 887, 846, 847, 847, 848, 848, 0, 0, 515, 506, 503, 502, 505, 508, 518, 0, 873, 876, 880, 884, 889, 894, 899, 905, 911, 918, 925, 932, 939, 947, 955, 964, 976, 987, 996, 1006, 1017, 1029, 1041, 1053]
[0, 962, 956, 951, 945, 941, 938, 934, 930, 925, 922, 920, 917, 914, 914, 913, 910, 909, 907, 908, 908, 908, 887, 888, 888, 889, 848, 0, 0, 517, 507, 503, 502, 503, 508, 519, 0, 919, 922, 927, 933, 938, 943, 948, 955, 962, 969, 977, 986, 994, 1002, 1012, 1021, 1030, 1040, 1051, 1064, 1077, 1089, 1103, 1118]
[0, 961, 955, 949, 944, 941, 936, 933, 929, 925, 922, 921, 919, 917, 915, 914, 911, 910, 909, 907, 907, 908, 907, 907, 907, 908, 909, 0, 0, 515, 506, 503, 502, 504, 508, 519, 0, 936, 940, 944, 949, 953, 959, 966, 974, 981, 989, 997, 1002, 1011, 1021, 1029, 1039, 1050, 1061, 1072, 1083, 1097, 1111, 1126, 1142]
[0, 961, 972, 965, 958, 953, 949, 946, 943, 940, 937, 934, 931, 928, 925, 924, 923, 921, 920, 920, 920, 921, 907, 906, 907, 907, 909, 0, 0, 511, 504, 501, 501, 504, 511, 519, 0, 938, 941, 946, 951, 956, 962, 970, 977, 985, 992, 999, 1006, 1014, 1025, 1034, 1044, 1054, 1065, 1078, 1090, 1102, 1117, 1133, 1149]
[0, 981, 973, 965, 958, 953, 949, 946, 943, 940, 937, 933, 931, 928, 925, 924, 923, 921, 920, 920, 920, 920, 921, 920, 921, 921, 909, 0, 0, 0, 507, 502, 502, 503, 508, 518, 0, 952, 956, 946, 961, 966, 973, 981, 987, 994, 1001, 1008, 1015, 1023, 1032, 1043, 1053, 1064, 1075, 1086, 1097, 1112, 1126, 1141, 1156]
[0, 1021, 1015, 1009, 1004, 997, 992, 988, 984, 980, 975, 972, 969, 966, 964, 963, 964, 963, 960, 960, 960, 961, 920, 920, 920, 921, 909, 0, 516, 0, 507, 503, 502, 503, 507, 518, 0, 952, 956, 956, 961, 966, 973, 981, 988, 994, 1001, 1008, 1015, 1023, 1033, 1043, 1053, 1064, 1075, 1086, 1097, 1112, 1127, 1142, 1156]
[0, 1021, 1024, 1018, 1013, 1007, 1002, 998, 995, 991, 989, 986, 984, 981, 977, 973, 972, 971, 970, 970, 971, 971, 961, 962, 962, 962, 909, 0, 0, 517, 507, 502, 502, 504, 507, 518, 0, 0, 997, 1000, 1005, 1012, 1019, 1025, 1032, 1039, 1045, 1053, 1062, 1071, 1081, 1090, 1102, 1113, 1125, 1141, 1154, 1166, 1180, 1194, 1207]
[0, 1062, 1055, 1048, 1041, 1036, 1032, 1029, 1024, 1020, 1017, 986, 1014, 1012, 1010, 1007, 1005, 1004, 1004, 1004, 1004, 1004, 972, 973, 974, 974, 909, 0, 0, 517, 507, 502, 501, 503, 507, 517, 0, 1006, 1011, 1017, 1024, 0, 1031, 1037, 1042, 1049, 1058, 1066, 1074, 1084, 1093, 1104, 1115, 1126, 1139, 1154, 1167, 1180, 1193, 1206, 1222]
[0, 1062, 1056, 1048, 1042, 1038, 1033, 1028, 1024, 1020, 1016, 1014, 1012, 1010, 1007, 1007, 1006, 1005, 1004, 1004, 1004, 1004, 1004, 1004, 1005, 1005, 1005, 0, 0, 508, 504, 502, 501, 501, 504, 512, 0, 1040, 1044, 1050, 1057, 1063, 1071, 1078, 1084, 1092, 1100, 1109, 1118, 1129, 1141, 1153, 1164, 1174, 1186, 1199, 1214, 1227, 1242, 1260, 1277]
[0, 1091, 1084, 1078, 1072, 1066, 1061, 1057, 1052, 1020, 1048, 1043, 1041, 1039, 1037, 1036, 1035, 1034, 1033, 1032, 1031, 1031, 1004, 1004, 1005, 1005, 1005, 0, 0, 509, 504, 502, 501, 504, 511, 512, 0, 1039, 1044, 1050, 1057, 1063, 1070, 1078, 1084, 1092, 1100, 1109, 1118, 1129, 1141, 1153, 1164, 1174, 1187, 1200, 1214, 1228, 1242, 1244, 1261]
[0, 1104, 1096, 1088, 1082, 1077, 1072, 1067, 1063, 1060, 1058, 1054, 1051, 1049, 1048, 1046, 1044, 1034, 1044, 1032, 1044, 1044, 1044, 1033, 1034, 1035, 1035, 0, 0, 508, 504, 502, 500, 501, 505, 512, 0, 1072, 1077, 1082, 1087, 1094, 1102, 1111, 1120, 1127, 1136, 1147, 1156, 1165, 1176, 1188, 1199, 1211, 1227, 1241, 1255, 1270, 1242, 1286, 1305]
[0, 1105, 1098, 1090, 1084, 1080, 1074, 1068, 1065, 1063, 1059, 1056, 1054, 1051, 1048, 1050, 1048, 1046, 1046, 1045, 1045, 1044, 1044, 1045, 1045, 1046, 1048, 0, 0, 509, 503, 502, 501, 504, 511, 512, 0, 1085, 1090, 1096, 1102, 1109, 1117, 1124, 1134, 1142, 1151, 1161, 1169, 1180, 1191, 1203, 1216, 1230, 1242, 1254, 1269, 1285, 1303, 1286, 1331]
[0, 1143, 1134, 1128, 1121, 1114, 1109, 1103, 1098, 1095, 1091, 1087, 1084, 1082, 1082, 1082, 1081, 1046, 1080, 1079, 1080, 1081, 1082, 1045, 1045, 1047, 1049, 0, 0, 508, 502, 500, 501, 504, 511, 511, 0, 1086, 1090, 1097, 1103, 1110, 1119, 1127, 1135, 1143, 1152, 1162, 1170, 1180, 1191, 1204, 1216, 1230, 1244, 1259, 1272, 1290, 1303, 1286, 0]
[0, 1142, 1133, 1125, 1119, 1113, 1106, 1101, 1098, 1094, 1089, 1087, 1084, 1082, 1082, 1081, 1081, 1080, 1080, 1080, 1080, 1079, 1082, 1082, 1083, 1085, 1086, 0, 0, 509, 503, 501, 501, 501, 511, 511, 0, 1124, 1130, 1135, 1142, 1151, 1158, 1164, 1170, 1179, 1187, 1196, 1208, 1221, 1233, 1247, 1261, 1273, 1287, 1301, 1272, 1326, 1353, 1371, 1386]
[0, 1145, 1135, 1128, 1122, 1114, 1109, 1104, 1099, 1095, 1091, 1089, 1086, 1083, 1081, 1082, 1081, 1080, 1080, 1080, 1081, 1082, 1081, 1081, 1081, 1083, 1085, 0, 0, 508, 503, 502, 501, 504, 511, 511, 0, 1126, 1130, 1136, 1143, 1150, 1158, 1165, 1172, 1179, 1188, 1198, 1210, 1222, 1233, 1247, 1261, 1275, 1290, 1309, 1272, 1335, 1356, 1372, 1388]
[0, 1145, 1135, 1128, 1122, 1114, 1109, 1104, 1099, 1095, 1091, 1089, 1086, 1083, 1082, 1082, 1081, 1080, 1080, 1080, 1081, 1081, 1081, 1082, 1081, 1085, 1086, 0, 0, 511, 503, 501, 500, 503, 509, 511, 0, 0, 1128, 1133, 1139, 1149, 1158, 1164, 1170, 1178, 1185, 1195, 1208, 1219, 1231, 1245, 1258, 1272, 1286, 1300, 1272, 1325, 1350, 1366, 1383]
[0, 1143, 1133, 1127, 1121, 1113, 1108, 1103, 1098, 1095, 1091, 1087, 1085, 1083, 1082, 1082, 1081, 1080, 1080, 1080, 1081, 1082, 1081, 1082, 1081, 1086, 1086, 0, 0, 511, 504, 501, 500, 503, 508, 511, 0, 0, 1128, 1133, 1140, 1148, 1156, 1164, 1170, 1177, 1185, 1193, 1205, 1219, 1230, 1244, 1258, 1270, 1284, 1299, 1272, 1324, 1350, 1366, 1383]
[0, 1194, 1187, 1180, 1172, 1166, 1163, 1159, 1155, 1151, 1146, 1142, 1139, 1083, 1137, 1137, 1081, 1137, 1136, 1135, 1136, 1136, 1081, 1082, 1083, 1085, 1086, 0, 0, 511, 503, 500, 500, 503, 509, 511, 0, 0, 1129, 1134, 1140, 1149, 1158, 1164, 1171, 1178, 1186, 1196, 1208, 1219, 1232, 1246, 1258, 1272, 1286, 1300, 1318, 1336, 1350, 1367, 1386]
[0, 1196, 1188, 1183, 1177, 1170, 1164, 1162, 1159, 1156, 1150, 1146, 1143, 1141, 1138, 1137, 1137, 1136, 1136, 1136, 1136, 1137, 1137, 1139, 1140, 1141, 1143, 0, 0, 508, 502, 500, 501, 504, 511, 511, 0, 1186, 1186, 1196, 1203, 1211, 1223, 1229, 1235, 1249, 1260, 1268, 1279, 1289, 1301, 1316, 1330, 1345, 1360, 1376, 1392, 1411, 1350, 1367, 0]
[0, 1231, 1224, 1215, 1206, 1200, 1195, 1191, 1159, 1183, 1150, 1177, 1143, 1175, 1172, 1172, 1171, 1171, 1170, 1170, 1171, 1171, 1138, 1139, 1141, 1144, 1143, 0, 0, 511, 504, 501, 500, 503, 508, 511, 0, 0, 1184, 1192, 1200, 1212, 1225, 1226, 1231, 1243, 1254, 1266, 1277, 1288, 1297, 1310, 1325, 1340, 1356, 1372, 1387, 1405, 1427, 1367, 1455]
[0, 1231, 1224, 1215, 1206, 1200, 1195, 1193, 1189, 1183, 1180, 1177, 1176, 1174, 1172, 1172, 1171, 1171, 1170, 1170, 1170, 1171, 1173, 1175, 1174, 1174, 1177, 0, 0, 511, 507, 502, 500, 504, 508, 512, 0, 1226, 1235, 1245, 1254, 1260, 1265, 1273, 1283, 1292, 1301, 1312, 1327, 1340, 1349, 1360, 1375, 1389, 1405, 1422, 1441, 1463, 1481, 1500, 1514]
[0, 1234, 1227, 1219, 1211, 1204, 1198, 1194, 1191, 1185, 1181, 1179, 1177, 1175, 1173, 1172, 1171, 1172, 1171, 1171, 1172, 1174, 1173, 1174, 1174, 1175, 1176, 0, 0, 508, 507, 502, 500, 504, 511, 512, 0, 0, 1233, 1245, 1253, 1256, 1263, 1273, 1280, 1289, 1300, 1312, 1326, 1339, 1349, 1359, 1373, 1388, 1402, 1418, 1441, 1449, 1478, 1496, 1511]
[0, 1231, 1225, 1216, 1207, 1200, 1196, 1193, 1188, 1183, 1180, 1177, 1176, 1174, 1172, 1172, 1171, 1172, 1170, 1170, 1170, 1171, 1174, 1175, 1175, 1176, 1176, 0, 0, 514, 504, 501, 501, 503, 511, 512, 0, 1232, 1241, 1249, 1255, 1262, 1268, 1276, 1285, 1293, 1304, 1318, 1331, 1343, 1352, 1365, 1380, 1392, 1407, 1418, 1448, 1470, 1478, 1506, 1511]
[0, 1295, 1287, 1280, 1274, 1267, 1262, 1257, 1188, 1254, 1246, 1177, 1244, 1241, 1239, 1241, 1242, 1241, 1246, 1246, 1243, 1241, 1173, 1174, 1175, 1178, 1178, 0, 0, 508, 502, 500, 501, 503, 510, 512, 0, 0, 1234, 1245, 1252, 1255, 1262, 1271, 1280, 1288, 1296, 1309, 1325, 1339, 1348, 1357, 1371, 1385, 1399, 1415, 1435, 1459, 1479, 1496, 1507]
[0, 1297, 1289, 1280, 1280, 1272, 1266, 1260, 1257, 1254, 1250, 1246, 1243, 1241, 1241, 1245, 1246, 1244, 1244, 1246, 1245, 1242, 1240, 1242, 1242, 1245, 1249, 0, 0, 508, 502, 500, 500, 501, 505, 512, 0, 0, 1296, 1305, 1313, 1321, 1330, 1336, 1339, 1345, 1354, 1361, 1368, 1377, 1384, 1393, 1403, 1413, 1425, 1436, 1450, 1464, 1480, 1497, 1510]
[0, 1370, 1364, 1357, 1348, 1340, 1266, 1260, 1331, 1322, 1315, 1311, 1309, 1308, 1305, 1303, 1303, 1305, 1244, 1301, 1302, 1242, 1240, 1243, 1245, 1246, 1249, 0, 0, 0, 507, 502, 501, 503, 506, 515, 0, 1293, 1301, 1309, 1315, 1323, 1330, 1334, 1339, 1345, 1353, 1360, 1368, 1376, 1387, 1398, 1406, 1415, 1428, 1442, 1453, 1466, 1483, 1501, 1514]
[0, 1369, 1363, 1357, 1348, 1339, 1334, 1260, 1327, 1322, 1314, 1311, 1313, 1310, 1307, 1306, 1304, 1302, 1302, 1303, 1303, 1302, 1299, 1297, 1299, 1300, 1294, 0, 0, 509, 507, 501, 502, 503, 511, 515, 0, 0, 1306, 1308, 1311, 1317, 1322, 1327, 1336, 1344, 1349, 1357, 1364, 1370, 1381, 1393, 1400, 1410, 1421, 1432, 1446, 1461, 1479, 1493, 1507]
[0, 1423, 1413, 1401, 1394, 1389, 1383, 1377, 1373, 1369, 1363, 1357, 1352, 1347, 1340, 1332, 1324, 1317, 1313, 1310, 1305, 1302, 1299, 1297, 1297, 1298, 1294, 0, 0, 507, 507, 501, 502, 505, 511, 513, 0, 1306, 1305, 1309, 1314, 1318, 1321, 1326, 1334, 1343, 1349, 1356, 1366, 1375, 1383, 1392, 1402, 1413, 1422, 1433, 1450, 1464, 1479, 1495, 1508]
[0, 1415, 1404, 1396, 0, 1391, 1386, 1379, 1373, 1370, 1365, 1359, 1354, 1350, 1344, 1333, 1323, 1318, 1314, 1311, 1307, 1303, 1299, 1295, 1295, 1293, 1294, 0, 0, 512, 504, 501, 500, 503, 508, 513, 0, 0, 1302, 1306, 1311, 1314, 1317, 1323, 1331, 1338, 1345, 1352, 1361, 1369, 1376, 1385, 1395, 1403, 1415, 1429, 1441, 1454, 1471, 1487, 1499]
[0, 1415, 1451, 1429, 1419, 1408, 1399, 1395, 1386, 1372, 1363, 1358, 1349, 1342, 1334, 1326, 1321, 1316, 1314, 1312, 1307, 1303, 1299, 1294, 1291, 1292, 1294, 0, 0, 515, 506, 502, 501, 503, 508, 513, 0, 1302, 1305, 1308, 1313, 1319, 1324, 1330, 1337, 1343, 1345, 1350, 1360, 1368, 1376, 1384, 1394, 1404, 1414, 1428, 1441, 1454, 1470, 1487, 1499]
[0, 1415, 1451, 1443, 1419, 1411, 1402, 1396, 1387, 1374, 1365, 1358, 1351, 1344, 1337, 1327, 1320, 1316, 1312, 1309, 1305, 1303, 1299, 1296, 1294, 1291, 1291, 0, 0, 509, 506, 503, 501, 503, 514, 513, 0, 1304, 1305, 1309, 1314, 1318, 1321, 1326, 1334, 1343, 1348, 1355, 1366, 1375, 1382, 1390, 1398, 1410, 1421, 1432, 1449, 1462, 1476, 1493, 1506]
[0, 1475, 1459, 1443, 1429, 1415, 1402, 1392, 1384, 1373, 1364, 1358, 1350, 1343, 1337, 1327, 1320, 1316, 1313, 1309, 1305, 1302, 1298, 1297, 1296, 1291, 1292, 0, 0, 511, 504, 502, 501, 505, 511, 513, 0, 0, 1306, 1308, 1311, 1316, 1321, 1326, 1334, 1341, 1346, 1356, 1366, 1374, 1382, 1392, 1401, 1412, 1421, 1433, 1449, 1461, 1476, 1494, 1507]
[0, 1474, 1457, 1443, 1430, 1418, 1407, 1396, 1385, 1375, 1365, 1358, 1350, 1345, 1339, 1331, 1324, 1317, 1313, 1309, 1305, 1299, 1299, 1296, 1295, 1293, 1292, 0, 0, 512, 505, 502, 502, 504, 510, 513, 0, 0, 1301, 1305, 1310, 1313, 1317, 1321, 1331, 1340, 1345, 1352, 1360, 1370, 1377, 1388, 1399, 1409, 1421, 1432, 1445, 1458, 1475, 1492, 1505]
[0, 1462, 1446, 1432, 1420, 1408, 1407, 1396, 1386, 1374, 1366, 1360, 1355, 1346, 1336, 1329, 1323, 1317, 1313, 1310, 1306, 1302, 1295, 1295, 1294, 1290, 1292, 0, 0, 515, 506, 502, 501, 505, 511, 513, 0, 0, 1301, 1305, 1310, 1312, 1315, 1320, 1328, 1336, 1343, 1350, 1359, 1368, 1376, 1385, 1393, 1404, 1416, 1428, 1441, 1455, 1471, 1486, 1501]
[0, 1471, 1454, 1440, 1427, 1414, 1402, 1392, 1383, 1374, 1365, 1357, 1350, 1343, 1336, 1327, 1320, 1315, 1312, 1306, 1302, 1302, 1298, 1294, 1290, 1290, 1291, 0, 0, 0, 509, 503, 502, 503, 511, 513, 0, 1300, 1304, 1308, 1311, 1314, 1318, 1324, 1333, 1341, 1343, 1346, 1353, 1361, 1372, 1383, 1393, 1403, 1415, 1424, 1436, 1453, 1467, 1483, 1499]
[0, 1460, 1454, 1445, 1431, 1418, 1406, 1397, 1386, 1375, 1366, 1359, 1352, 1344, 1338, 1330, 1323, 1318, 1314, 1310, 1303, 1299, 1297, 1294, 1293, 1289, 1288, 0, 0, 512, 504, 503, 502, 503, 515, 513, 0, 1301, 1303, 1307, 1310, 1313, 1318, 1325, 1329, 1336, 1345, 1352, 1358, 1367, 1376, 1387, 1399, 1408, 1418, 1429, 1440, 1456, 1472, 1487, 1502]
[0, 1465, 1449, 1433, 1420, 1410, 1399, 1391, 1381, 1371, 1362, 1354, 1346, 1338, 1331, 1325, 1319, 1318, 1315, 1312, 1306, 1301, 1297, 1293, 1292, 1289, 1288, 0, 0, 0, 507, 503, 502, 505, 511, 513, 0, 1301, 1305, 1307, 1308, 1312, 1317, 1319, 1324, 1332, 1340, 1346, 1353, 1362, 1371, 1384, 1394, 1402, 1414, 1423, 1436, 1452, 1466, 1482, 1498]
[0, 1461, 1447, 1432, 1419, 1408, 1396, 1386, 1375, 1366, 1362, 1360, 1354, 1345, 1336, 1328, 1322, 1317, 1314, 1309, 1303, 1300, 1298, 1293, 1290, 1290, 1290, 0, 0, 512, 507, 506, 505, 505, 508, 517, 0, 1294, 1301, 1308, 1310, 1311, 1315, 1322, 1329, 1335, 1343, 1351, 1360, 1369, 1376, 1386, 1398, 1407, 1417, 1429, 1441, 1457, 1474, 1488, 1503]
[0, 1461, 1446, 1432, 1419, 1408, 1396, 1386, 1386, 1374, 1366, 1359, 1351, 1343, 1336, 1328, 1322, 1317, 1313, 1308, 1303, 1300, 1298, 1294, 1289, 1288, 1287, 0, 0, 0, 512, 505, 504, 504, 508, 520, 0, 1294, 1301, 1306, 1308, 1312, 1316, 1322, 1331, 1337, 1342, 1350, 1360, 1371, 1379, 1386, 1397, 1407, 1419, 1432, 1445, 1459, 1476, 1490, 1504]
[0, 1461, 1447, 1433, 1419, 1408, 1396, 1386, 1375, 1374, 1366, 1359, 1352, 1344, 1336, 1328, 1322, 1317, 1313, 1308, 1304, 1300, 1297, 1293, 1290, 1288, 1287, 0, 0, 0, 510, 504, 504, 505, 508, 520, 0, 1299, 1303, 1305, 1309, 1313, 1317, 1322, 1327, 1336, 1346, 1353, 1360, 1368, 1380, 1389, 1397, 1407, 1407, 1420, 1431, 1443, 1459, 1475, 1492]
[0, 1460, 1446, 1432, 1419, 1407, 1396, 1395, 1385, 1374, 1366, 1360, 1351, 1343, 1336, 1328, 1322, 1316, 1312, 1306, 1302, 1299, 1297, 1293, 1289, 1288, 1287, 0, 0, 0, 511, 505, 504, 505, 508, 520, 0, 1295, 1300, 1303, 1306, 1312, 1317, 1323, 1329, 1337, 1344, 1350, 1358, 1369, 1379, 1386, 1397, 1407, 1420, 1433, 1445, 1458, 1474, 1475, 1507]
[0, 1461, 1447, 1432, 1420, 1408, 1396, 1385, 1374, 1366, 1360, 1353, 1351, 1344, 1336, 1329, 1321, 1316, 1312, 1308, 1303, 1299, 1297, 1293, 1289, 1287, 1285, 0, 0, 0, 512, 506, 505, 508, 512, 520, 0, 1298, 1299, 1302, 1306, 1311, 1318, 1322, 1327, 1337, 1344, 1353, 1361, 1369, 1370, 1380, 1392, 1406, 1424, 1441, 1452, 1465, 1480, 1497, 1510]
[0, 1469, 1452, 1438, 1423, 1410, 1401, 1389, 1377, 1370, 1364, 1354, 1346, 1338, 1327, 1322, 1319, 1312, 1308, 1305, 1299, 1299, 1296, 1293, 1289, 1287, 1286, 0, 0, 0, 514, 508, 506, 507, 512, 520, 0, 1295, 1300, 1303, 1306, 1311, 1316, 1323, 1332, 1342, 1349, 1358, 1368, 1381, 1393, 1405, 1419, 1428, 1438, 1451, 1462, 1475, 1494, 1508, 1510]
[0, 1469, 1453, 1440, 1427, 1414, 1405, 1395, 1384, 1374, 1366, 1356, 1348, 1340, 1330, 1326, 1322, 1315, 1308, 1306, 1303, 1299, 1296, 1293, 1291, 1287, 1287, 0, 0, 519, 511, 507, 507, 507, 518, 520, 0, 1298, 1302, 1306, 1307, 1310, 1316, 1321, 1327, 1336, 1345, 1355, 1363, 1374, 1388, 1402, 1416, 1426, 1435, 1448, 1459, 1471, 1486, 1502, 1508]
[0, 1453, 1442, 1440, 1429, 1415, 1404, 1394, 1384, 1374, 1365, 1356, 1348, 1342, 1333, 1325, 1321, 1314, 1308, 1303, 1300, 1298, 1296, 1292, 1291, 1288, 1285, 0, 0, 0, 512, 506, 506, 509, 515, 520, 0, 1298, 1300, 1304, 1315, 1325, 1332, 1321, 1344, 1336, 1354, 1361, 1370, 1380, 1390, 1399, 1410, 1420, 1431, 1442, 1453, 1466, 1481, 1497, 1506]
[0, 1456, 1444, 1429, 1429, 1416, 1406, 1393, 1383, 1374, 1365, 1358, 1350, 1342, 1335, 1327, 1320, 1315, 1309, 1303, 1301, 1298, 1296, 1293, 1289, 1286, 1285, 0, 0, 0, 515, 509, 507, 509, 515, 520, 0, 1310, 1314, 1313, 1316, 1326, 1332, 1337, 1345, 1353, 1359, 1368, 1380, 1389, 1398, 1399, 1410, 1419, 1428, 1441, 1452, 1464, 1480, 1495, 1507]
[0, 1466, 1451, 1436, 1421, 1409, 1400, 1389, 1381, 1373, 1363, 1354, 1345, 1336, 1328, 1322, 1317, 1312, 1309, 1308, 1301, 1296, 1295, 1293, 1289, 1286, 1285, 0, 0, 0, 515, 509, 507, 509, 514, 520, 0, 1309, 1312, 1315, 1320, 1324, 1329, 1336, 1343, 1350, 1358, 1365, 1375, 1387, 1396, 1405, 1416, 1426, 1437, 1450, 1462, 1475, 1480, 1523, 1527]
[0, 1463, 1446, 1432, 1419, 1407, 1397, 1386, 1374, 1368, 1361, 1352, 1344, 1336, 1328, 1328, 1320, 1316, 1310, 1307, 1305, 1301, 1295, 1295, 1294, 1293, 1293, 0, 0, 0, 513, 509, 508, 511, 518, 0, 0, 1310, 1311, 1314, 1317, 1322, 1327, 1331, 1338, 1347, 1353, 1360, 1368, 1378, 1388, 1399, 1410, 1420, 1430, 1444, 1455, 1467, 1483, 1499, 1506]
[0, 1456, 1443, 1432, 1419, 1408, 1398, 1390, 1386, 1383, 1377, 1364, 1355, 1351, 1345, 1328, 1336, 1327, 1326, 1322, 1315, 1312, 1297, 1293, 1290, 1291, 1291, 0, 0, 519, 511, 508, 508, 511, 518, 0, 0, 1309, 1311, 1314, 1318, 1323, 1327, 1333, 1342, 1350, 1355, 1362, 1372, 1384, 1393, 1404, 1414, 1423, 1433, 1446, 1459, 1473, 1488, 1502, 1506]
[0, 1453, 1441, 1429, 1416, 1408, 1408, 1400, 1391, 1385, 1384, 1374, 1362, 1354, 1349, 1343, 1334, 1329, 1323, 1318, 1315, 1312, 1310, 1307, 1304, 1301, 1300, 0, 0, 0, 513, 508, 509, 514, 0, 0, 0, 1309, 1311, 1314, 1318, 1323, 1327, 1333, 1340, 1345, 1353, 1362, 1369, 1380, 1393, 1405, 1415, 1423, 1436, 1449, 1459, 1471, 1486, 1502, 1507]
[0, 1456, 1443, 1432, 1419, 1408, 1399, 1391, 1389, 1387, 1376, 1364, 1355, 1354, 1351, 1345, 1337, 1328, 1326, 1321, 1315, 1312, 1309, 1305, 1304, 1304, 1301, 0, 0, 0, 519, 511, 509, 510, 517, 0, 1314, 1309, 1313, 1316, 1319, 1325, 1330, 1335, 1344, 1351, 1357, 1364, 1374, 1387, 1397, 1407, 1416, 1423, 1427, 1450, 1459, 1464, 1477, 1492, 1516]
[0, 1463, 1453, 1440, 1433, 1430, 1417, 1403, 1395, 1388, 1378, 1364, 1355, 1355, 1351, 1345, 1337, 1328, 1326, 1321, 1315, 1312, 1310, 1307, 1304, 1302, 1300, 0, 0, 0, 519, 512, 509, 510, 515, 0, 0, 1309, 1312, 1314, 1318, 1323, 1328, 1333, 1341, 1347, 1351, 1361, 1375, 1385, 1393, 1405, 1414, 1424, 1438, 1451, 1462, 1472, 1486, 1489, 1495]
[0, 1463, 1452, 1441, 1434, 1428, 1420, 1408, 1395, 1395, 1387, 1374, 1362, 1357, 1351, 1343, 1335, 1329, 1323, 1318, 1316, 1312, 1310, 1306, 1304, 1302, 1301, 0, 0, 0, 0, 513, 511, 511, 516, 0, 0, 1309, 1312, 1315, 1318, 1323, 1327, 1332, 1340, 1347, 1354, 1364, 1375, 1385, 1393, 1404, 1414, 1424, 1437, 1450, 1462, 1473, 1487, 1489, 1497]
[0, 1479, 1468, 1454, 1445, 1436, 1422, 1410, 1398, 1390, 1384, 1372, 1361, 1354, 1347, 1339, 1331, 1325, 1321, 1319, 1315, 1312, 1310, 1305, 1304, 1303, 1300, 0, 0, 0, 519, 513, 510, 512, 518, 0, 1314, 1309, 1312, 1315, 1319, 1324, 1328, 1331, 1339, 1350, 1356, 1363, 1374, 1386, 1395, 1404, 1416, 1427, 1439, 1450, 1450, 1476, 1487, 1491, 1516]
[0, 1481, 1469, 1455, 1445, 1435, 1423, 1411, 1398, 1390, 1384, 1371, 1361, 1355, 1347, 1339, 1333, 1327, 1321, 1318, 1315, 1311, 1310, 1305, 1306, 1301, 1300, 1299, 0, 0, 516, 512, 510, 516, 518, 0, 0, 1306, 1310, 1314, 1316, 1319, 1325, 1332, 1339, 1347, 1354, 1359, 1370, 1383, 1392, 1400, 1412, 1423, 1433, 1446, 1459, 1473, 1488, 1502, 1506]
[0, 1488, 1473, 1459, 1446, 1435, 1427, 1413, 1399, 1393, 1382, 1370, 1361, 1355, 1349, 1342, 1334, 1330, 1326, 1319, 1312, 1310, 1309, 1305, 1301, 1301, 1300, 1299, 0, 0, 516, 512, 512, 516, 518, 0, 0, 1306, 1310, 1314, 1317, 1320, 1325, 1331, 1338, 1347, 1353, 1359, 1366, 1379, 1392, 1400, 1411, 1421, 1431, 1446, 1458, 1472, 1487, 1502, 1506]
[0, 1473, 1458, 1445, 1446, 1437, 1427, 1415, 1404, 1394, 1384, 1371, 1362, 1355, 1349, 1344, 1335, 1330, 1325, 1318, 1315, 1312, 1309, 1305, 1306, 1303, 1297, 1299, 0, 0, 0, 517, 516, 518, 0, 0, 1309, 1306, 1313, 0, 1317, 1321, 1324, 1328, 1335, 1344, 1353, 1359, 1367, 1377, 1387, 1398, 1409, 1421, 1431, 1443, 1455, 1465, 1480, 1497, 1504]
