[0, 0, 0, 0, 0, 0, 0, 0, 0, 0, 0, 0, 0, 0, 0, 0, 0, 0, 0, 0, 0, 0, 0, 0, 0, 0, 0, 0, 0, 0, 0, 0, 0, 0, 0, 0, 0, 0, 0, 0, 0, 0, 0, 0, 0, 0, 0, 0, 0, 0, 0, 0, 0, 0, 0, 0, 0, 0, 0, 0, 0]
[0, 528, 524, 520, 516, 516, 512, 507, 507, 504, 501, 498, 496, 494, 492, 490, 488, 486, 485, 484, 483, 482, 481, 481, 480, 480, 479, 479, 479, 479, 479, 480, 481, 481, 482, 483, 485, 486, 487, 489, 492, 494, 496, 499, 502, 504, 507, 511, 514, 518, 522, 527, 532, 537, 542, 547, 552, 557, 563, 570, 575]
[0, 528, 524, 520, 516, 516, 513, 509, 506, 503, 501, 499, 496, 494, 492, 489, 487, 486, 485, 484, 483, 482, 482, 481, 480, 480, 479, 479, 479, 479, 479, 480, 481, 481, 482, 483, 485, 486, 487, 489, 492, 494, 496, 498, 501, 504, 507, 511, 514, 518, 522, 527, 531, 536, 542, 547, 552, 557, 563, 570, 577]
[0, 531, 527, 523, 518, 514, 511, 509, 506, 503, 500, 498, 496, 494, 492, 489, 487, 485, 485, 485, 484, 483, 482, 481, 480, 480, 479, 479, 479, 479, 480, 480, 481, 481, 482, 483, 484, 486, 487, 489, 492, 494, 497, 499, 502, 505, 507, 511, 515, 519, 523, 527, 532, 536, 542, 547, 552, 557, 563, 570, 577]
[0, 529, 524, 520, 516, 514, 510, 509, 504, 503, 501, 499, 497, 494, 492, 490, 488, 486, 485, 484, 483, 482, 481, 481, 480, 479, 480, 479, 479, 479, 480, 480, 480, 481, 482, 484, 485, 486, 487, 489, 492, 495, 497, 499, 502, 505, 507, 508, 512, 515, 519, 524, 528, 532, 538, 543, 548, 554, 559, 564, 571]
[0, 529, 527, 523, 519, 515, 512, 509, 505, 502, 500, 498, 496, 494, 491, 489, 488, 486, 485, 484, 483, 483, 482, 481, 480, 479, 479, 479, 479, 479, 479, 480, 481, 481, 482, 483, 484, 485, 487, 489, 491, 494, 496, 498, 501, 504, 506, 510, 514, 517, 522, 527, 531, 535, 541, 546, 552, 557, 562, 569, 576]
[0, 530, 526, 522, 518, 514, 511, 508, 505, 503, 499, 497, 495, 493, 491, 489, 489, 486, 485, 485, 484, 482, 482, 481, 481, 480, 479, 479, 479, 479, 480, 480, 481, 482, 483, 483, 484, 486, 487, 489, 492, 494, 497, 499, 502, 505, 508, 511, 515, 519, 523, 527, 532, 535, 542, 548, 552, 553, 558, 564, 570]
[0, 528, 524, 521, 517, 513, 510, 508, 505, 503, 499, 497, 497, 495, 493, 491, 489, 487, 485, 484, 483, 482, 482, 481, 480, 480, 480, 479, 479, 479, 480, 480, 480, 481, 482, 483, 485, 486, 487, 489, 492, 492, 497, 499, 502, 505, 508, 509, 512, 516, 520, 524, 528, 533, 539, 544, 549, 554, 560, 566, 572]
[0, 529, 524, 521, 517, 513, 510, 510, 507, 504, 501, 499, 497, 494, 492, 491, 488, 486, 485, 484, 483, 482, 482, 481, 480, 480, 479, 479, 479, 479, 479, 481, 481, 482, 483, 483, 484, 485, 486, 488, 491, 494, 495, 497, 501, 504, 507, 510, 513, 517, 521, 525, 530, 535, 540, 545, 551, 556, 562, 568, 575]
[0, 537, 533, 529, 525, 521, 518, 514, 512, 510, 507, 504, 501, 500, 499, 491, 495, 486, 493, 492, 490, 489, 488, 488, 480, 479, 479, 479, 479, 480, 480, 481, 481, 482, 483, 483, 485, 485, 487, 489, 491, 494, 497, 500, 503, 504, 507, 510, 515, 520, 524, 528, 533, 538, 544, 549, 554, 560, 565, 572, 579]
[0, 536, 532, 528, 525, 521, 518, 514, 512, 510, 510, 507, 504, 502, 500, 498, 497, 496, 494, 493, 492, 491, 489, 488, 487, 487, 486, 486, 486, 486, 486, 487, 488, 489, 490, 492, 493, 494, 497, 499, 502, 504, 506, 509, 503, 511, 514, 521, 515, 529, 534, 528, 538, 543, 549, 554, 559, 564, 570, 576, 583]
[0, 536, 532, 528, 524, 521, 518, 515, 512, 512, 510, 507, 504, 502, 500, 498, 497, 495, 494, 493, 492, 490, 489, 488, 488, 488, 487, 488, 488, 486, 488, 488, 489, 490, 492, 492, 493, 495, 497, 499, 501, 504, 507, 509, 511, 514, 517, 521, 525, 529, 532, 537, 542, 547, 552, 557, 562, 568, 574, 581, 588]
[0, 538, 533, 529, 525, 522, 518, 515, 512, 510, 507, 504, 503, 501, 500, 499, 497, 495, 494, 493, 491, 489, 489, 489, 488, 487, 487, 487, 487, 488, 488, 488, 488, 489, 491, 492, 494, 495, 497, 499, 501, 504, 506, 508, 511, 514, 517, 521, 524, 529, 533, 537, 542, 547, 553, 557, 562, 568, 574, 582, 589]
[0, 539, 535, 531, 527, 524, 521, 518, 515, 512, 507, 507, 503, 505, 503, 501, 500, 498, 496, 495, 494, 493, 492, 491, 487, 487, 487, 487, 487, 487, 488, 490, 489, 489, 491, 493, 494, 496, 498, 500, 501, 506, 507, 509, 511, 513, 519, 523, 524, 527, 531, 536, 541, 545, 550, 557, 562, 568, 574, 580, 586]
[0, 539, 537, 533, 529, 525, 522, 519, 516, 513, 511, 508, 506, 504, 502, 500, 498, 497, 496, 495, 494, 493, 492, 492, 491, 490, 490, 489, 490, 491, 492, 492, 493, 489, 495, 493, 497, 498, 501, 500, 504, 506, 509, 511, 514, 517, 521, 524, 528, 532, 536, 541, 545, 550, 555, 560, 566, 572, 578, 585, 592]
[0, 540, 535, 532, 528, 524, 521, 518, 515, 513, 510, 507, 505, 504, 503, 501, 500, 498, 498, 497, 495, 494, 493, 492, 491, 490, 490, 490, 490, 490, 491, 492, 493, 493, 495, 495, 497, 499, 501, 503, 505, 508, 511, 513, 515, 519, 522, 526, 529, 533, 538, 542, 547, 553, 558, 563, 569, 575, 582, 588, 595]
[0, 538, 534, 531, 526, 523, 521, 521, 516, 514, 511, 509, 507, 505, 503, 501, 499, 497, 495, 495, 494, 493, 492, 492, 491, 491, 490, 490, 491, 490, 491, 492, 492, 493, 495, 496, 498, 499, 501, 503, 506, 509, 511, 514, 515, 516, 523, 526, 526, 530, 535, 545, 547, 549, 554, 558, 563, 569, 576, 583, 590]
[0, 538, 534, 533, 531, 527, 524, 521, 519, 515, 512, 510, 508, 506, 504, 502, 501, 498, 497, 497, 496, 495, 492, 494, 491, 490, 490, 490, 491, 490, 492, 491, 493, 493, 494, 495, 496, 498, 500, 502, 505, 507, 509, 511, 514, 517, 521, 524, 528, 532, 536, 541, 545, 550, 555, 560, 566, 572, 578, 585, 592]
[0, 540, 535, 533, 532, 524, 524, 522, 519, 516, 514, 511, 509, 506, 503, 502, 501, 500, 499, 498, 496, 494, 494, 494, 493, 490, 492, 492, 492, 492, 492, 493, 494, 496, 496, 497, 499, 501, 502, 504, 508, 510, 512, 514, 517, 521, 523, 527, 532, 536, 540, 545, 549, 554, 559, 564, 570, 577, 583, 590, 596]
[0, 545, 541, 537, 533, 529, 526, 523, 520, 518, 514, 512, 511, 508, 506, 504, 503, 502, 501, 498, 499, 494, 497, 497, 492, 491, 491, 491, 493, 492, 494, 493, 494, 495, 496, 497, 498, 501, 502, 506, 508, 509, 513, 514, 517, 520, 523, 525, 529, 533, 538, 543, 548, 553, 557, 563, 569, 575, 581, 587, 593]
[0, 545, 540, 536, 533, 529, 526, 523, 520, 517, 514, 512, 511, 508, 506, 504, 505, 502, 500, 498, 499, 498, 497, 497, 492, 496, 495, 495, 495, 496, 497, 498, 498, 498, 499, 501, 502, 504, 506, 508, 511, 513, 515, 518, 521, 524, 528, 531, 535, 539, 543, 548, 553, 558, 562, 568, 574, 580, 587, 594, 600]
[0, 546, 542, 538, 535, 529, 531, 525, 520, 522, 520, 517, 515, 513, 511, 509, 507, 505, 503, 503, 502, 501, 501, 500, 497, 496, 496, 496, 496, 496, 497, 496, 498, 500, 500, 501, 503, 505, 506, 508, 511, 514, 516, 519, 522, 525, 528, 532, 536, 540, 545, 550, 554, 560, 565, 571, 577, 584, 589, 596, 600]
[0, 548, 543, 539, 535, 532, 529, 526, 523, 520, 518, 516, 513, 511, 509, 509, 508, 505, 503, 504, 503, 502, 500, 500, 499, 499, 499, 499, 499, 500, 501, 501, 502, 502, 500, 506, 503, 507, 509, 511, 513, 516, 518, 521, 524, 527, 530, 534, 538, 542, 546, 551, 556, 561, 566, 571, 578, 584, 590, 596, 603]
[0, 552, 543, 547, 544, 541, 537, 534, 531, 529, 526, 523, 521, 519, 517, 515, 513, 512, 511, 510, 509, 502, 508, 500, 499, 499, 499, 499, 499, 499, 500, 501, 502, 502, 503, 505, 506, 508, 510, 512, 515, 518, 520, 522, 526, 529, 532, 536, 540, 544, 549, 554, 558, 564, 569, 571, 575, 589, 594, 600, 607]
[0, 553, 549, 545, 542, 538, 535, 532, 531, 529, 526, 524, 522, 520, 518, 515, 514, 512, 511, 510, 509, 509, 508, 500, 507, 506, 506, 506, 506, 507, 507, 507, 508, 509, 510, 512, 513, 515, 517, 519, 522, 524, 527, 530, 533, 535, 539, 543, 547, 552, 556, 560, 565, 570, 576, 583, 588, 595, 601, 607, 614]
[0, 562, 558, 554, 542, 550, 546, 543, 540, 538, 536, 533, 531, 529, 527, 525, 523, 522, 520, 519, 518, 517, 516, 507, 507, 506, 506, 506, 506, 507, 507, 507, 509, 509, 510, 511, 513, 514, 516, 519, 522, 523, 526, 529, 532, 535, 539, 542, 546, 550, 555, 559, 564, 569, 575, 581, 587, 593, 599, 606, 613]
[0, 565, 561, 557, 553, 549, 546, 543, 540, 537, 535, 533, 530, 528, 527, 524, 523, 522, 521, 519, 518, 518, 517, 516, 515, 506, 515, 515, 515, 515, 516, 516, 517, 518, 520, 521, 522, 524, 526, 528, 530, 533, 535, 538, 542, 546, 549, 553, 557, 561, 565, 570, 575, 581, 587, 593, 599, 605, 612, 618, 625]
[0, 566, 561, 562, 558, 554, 551, 548, 545, 542, 539, 537, 535, 533, 530, 528, 526, 525, 523, 522, 521, 521, 521, 516, 515, 515, 515, 515, 515, 516, 516, 517, 518, 519, 521, 521, 522, 524, 527, 529, 531, 534, 537, 540, 544, 547, 550, 554, 558, 562, 565, 572, 578, 581, 584, 595, 599, 601, 607, 614, 628]
[0, 577, 572, 567, 564, 554, 560, 557, 554, 551, 548, 546, 544, 542, 540, 538, 536, 534, 532, 532, 531, 530, 529, 516, 520, 519, 519, 519, 519, 520, 520, 521, 522, 523, 523, 525, 527, 529, 531, 533, 534, 535, 534, 534, 543, 550, 554, 558, 562, 566, 571, 576, 582, 587, 593, 598, 605, 611, 618, 625, 632]
[0, 576, 572, 567, 563, 554, 560, 557, 554, 551, 548, 546, 544, 541, 539, 537, 536, 534, 532, 532, 531, 530, 529, 528, 528, 528, 528, 528, 528, 528, 529, 530, 522, 533, 534, 525, 535, 537, 539, 541, 540, 533, 528, 529, 543, 550, 0, 565, 570, 575, 580, 585, 590, 595, 601, 607, 613, 619, 626, 633, 641]
[0, 579, 573, 569, 565, 561, 558, 555, 552, 550, 547, 545, 543, 541, 539, 537, 537, 535, 533, 532, 531, 530, 529, 528, 528, 528, 528, 528, 528, 528, 529, 529, 530, 530, 532, 533, 534, 537, 540, 542, 538, 532, 529, 530, 543, 550, 0, 566, 570, 575, 581, 586, 591, 596, 602, 608, 614, 621, 628, 635, 643]
[0, 590, 586, 582, 577, 573, 570, 555, 564, 550, 561, 558, 556, 555, 553, 550, 548, 547, 546, 545, 543, 542, 542, 528, 528, 528, 528, 528, 528, 528, 529, 529, 531, 532, 534, 535, 534, 538, 540, 543, 538, 537, 529, 528, 543, 550, 0, 565, 569, 574, 579, 584, 589, 594, 600, 606, 612, 618, 625, 632, 639]
[0, 590, 586, 585, 581, 577, 573, 570, 566, 563, 561, 559, 557, 554, 552, 551, 548, 547, 546, 544, 544, 543, 542, 541, 541, 541, 541, 541, 542, 542, 529, 542, 543, 544, 545, 546, 548, 550, 552, 552, 0, 529, 527, 528, 543, 550, 0, 0, 585, 590, 594, 599, 604, 610, 615, 622, 629, 636, 643, 650, 658]
[0, 597, 593, 589, 585, 581, 577, 573, 570, 567, 564, 562, 560, 558, 556, 554, 548, 551, 550, 544, 548, 547, 546, 545, 541, 541, 542, 542, 542, 542, 543, 543, 544, 545, 547, 549, 551, 552, 554, 549, 536, 527, 525, 527, 543, 550, 0, 583, 588, 593, 597, 602, 608, 613, 619, 625, 633, 641, 648, 654, 662]
[0, 596, 591, 587, 583, 579, 575, 571, 568, 567, 566, 563, 561, 559, 557, 555, 554, 552, 551, 549, 548, 547, 546, 545, 545, 545, 546, 546, 546, 546, 547, 548, 548, 550, 551, 552, 555, 556, 557, 0, 530, 525, 524, 527, 527, 550, 0, 588, 592, 597, 602, 608, 613, 618, 624, 631, 639, 641, 653, 654, 660]
[0, 604, 591, 600, 596, 593, 589, 585, 582, 578, 575, 573, 570, 568, 566, 564, 563, 561, 560, 559, 558, 557, 556, 546, 545, 545, 546, 546, 546, 546, 547, 547, 547, 550, 552, 552, 553, 557, 557, 550, 536, 528, 525, 525, 530, 550, 0, 0, 590, 595, 600, 605, 610, 615, 621, 627, 635, 643, 649, 657, 664]
[0, 604, 600, 596, 596, 593, 589, 586, 582, 578, 576, 573, 570, 568, 566, 564, 563, 561, 560, 559, 558, 557, 556, 546, 555, 545, 555, 556, 556, 556, 556, 557, 558, 559, 560, 562, 564, 566, 567, 0, 531, 526, 524, 525, 530, 550, 0, 0, 602, 607, 612, 617, 623, 629, 636, 643, 649, 656, 663, 671, 680]
[0, 610, 605, 601, 598, 593, 595, 591, 588, 585, 581, 579, 576, 573, 571, 569, 568, 566, 564, 563, 563, 562, 561, 555, 555, 555, 555, 556, 556, 556, 557, 557, 558, 559, 561, 562, 564, 565, 567, 0, 531, 527, 524, 525, 530, 550, 0, 0, 602, 607, 612, 617, 622, 629, 635, 642, 649, 655, 663, 671, 678]
[0, 613, 609, 605, 600, 596, 593, 590, 587, 584, 580, 578, 576, 573, 571, 569, 568, 566, 565, 563, 563, 561, 561, 561, 560, 560, 560, 560, 561, 556, 561, 562, 563, 564, 565, 567, 569, 571, 573, 0, 531, 526, 524, 524, 530, 550, 0, 0, 609, 613, 617, 622, 628, 634, 641, 647, 653, 660, 668, 676, 684]
[0, 615, 611, 607, 603, 599, 596, 593, 591, 588, 585, 582, 580, 573, 576, 569, 574, 572, 571, 570, 568, 567, 566, 561, 561, 561, 560, 560, 560, 561, 561, 562, 563, 565, 566, 567, 569, 570, 568, 0, 530, 525, 524, 525, 530, 530, 0, 0, 608, 613, 619, 623, 629, 636, 643, 649, 655, 663, 671, 678, 686]
[0, 625, 621, 617, 603, 613, 610, 606, 603, 600, 597, 594, 592, 591, 588, 586, 585, 584, 581, 580, 579, 578, 577, 566, 565, 565, 565, 565, 565, 566, 567, 568, 570, 572, 573, 575, 577, 579, 568, 535, 530, 526, 523, 522, 525, 532, 0, 612, 608, 622, 619, 627, 633, 639, 646, 652, 659, 666, 673, 681, 690]
[0, 632, 627, 622, 618, 615, 611, 609, 603, 605, 602, 600, 597, 595, 593, 591, 589, 588, 587, 586, 584, 583, 582, 576, 576, 576, 575, 576, 565, 577, 578, 578, 579, 580, 582, 584, 586, 588, 590, 0, 528, 524, 523, 523, 525, 532, 0, 620, 624, 629, 635, 641, 646, 652, 659, 665, 672, 680, 688, 696, 704]
[0, 635, 629, 624, 620, 616, 613, 610, 607, 604, 601, 598, 596, 594, 593, 590, 589, 587, 586, 586, 584, 583, 582, 581, 581, 581, 580, 581, 581, 582, 584, 584, 585, 587, 588, 590, 592, 594, 590, 0, 531, 524, 521, 522, 525, 533, 0, 623, 628, 633, 639, 644, 650, 656, 662, 669, 676, 683, 692, 700, 709]
[0, 642, 637, 632, 628, 624, 621, 618, 615, 613, 601, 610, 607, 605, 603, 601, 599, 598, 597, 596, 595, 594, 593, 581, 581, 581, 581, 581, 581, 583, 584, 584, 585, 586, 588, 589, 591, 593, 0, 536, 526, 524, 522, 521, 523, 529, 0, 0, 631, 637, 643, 648, 654, 660, 666, 672, 680, 683, 697, 705, 713]
[0, 649, 645, 641, 636, 632, 628, 618, 622, 613, 618, 615, 613, 610, 609, 607, 604, 603, 602, 601, 600, 598, 597, 592, 592, 593, 592, 592, 593, 593, 594, 584, 595, 598, 588, 600, 601, 605, 0, 0, 529, 522, 520, 521, 525, 535, 0, 636, 641, 646, 652, 658, 663, 669, 676, 683, 690, 698, 707, 714, 722]
[0, 651, 646, 642, 638, 633, 629, 626, 623, 620, 617, 614, 612, 610, 608, 607, 607, 605, 603, 602, 600, 600, 598, 598, 599, 598, 597, 597, 598, 599, 600, 601, 595, 603, 588, 604, 606, 608, 610, 0, 528, 522, 520, 521, 525, 533, 0, 642, 647, 652, 658, 664, 669, 674, 681, 690, 698, 706, 712, 719, 729]
[0, 663, 658, 655, 650, 646, 643, 639, 636, 632, 629, 626, 624, 621, 619, 617, 615, 614, 613, 612, 611, 610, 598, 609, 598, 598, 597, 597, 597, 598, 599, 600, 601, 603, 604, 606, 607, 609, 610, 0, 534, 524, 520, 519, 521, 528, 0, 0, 650, 654, 661, 667, 672, 679, 686, 694, 702, 709, 717, 725, 734]
[0, 661, 655, 651, 647, 644, 641, 639, 637, 633, 630, 627, 625, 623, 620, 618, 617, 615, 614, 613, 612, 611, 610, 609, 609, 608, 608, 608, 609, 610, 611, 611, 613, 614, 615, 617, 618, 620, 0, 536, 525, 520, 518, 519, 520, 528, 0, 656, 661, 666, 672, 678, 685, 692, 699, 706, 713, 720, 729, 737, 746]
[0, 668, 663, 659, 655, 651, 648, 645, 641, 638, 635, 632, 630, 628, 625, 623, 621, 615, 620, 618, 617, 617, 616, 609, 608, 609, 609, 609, 609, 610, 612, 612, 613, 614, 616, 618, 619, 622, 0, 0, 528, 522, 519, 518, 523, 531, 0, 656, 0, 664, 670, 676, 681, 688, 695, 703, 710, 715, 724, 733, 742]
[0, 674, 668, 664, 660, 656, 653, 650, 646, 644, 640, 637, 635, 633, 630, 627, 621, 626, 624, 623, 623, 622, 620, 615, 614, 614, 614, 614, 614, 615, 617, 618, 618, 620, 622, 624, 626, 628, 0, 0, 532, 523, 519, 519, 521, 528, 0, 0, 670, 675, 682, 688, 694, 701, 708, 716, 723, 731, 739, 749, 759]
[0, 675, 669, 664, 661, 657, 653, 650, 646, 644, 642, 639, 636, 633, 631, 629, 627, 625, 624, 623, 623, 621, 620, 620, 618, 618, 619, 619, 620, 621, 621, 622, 624, 626, 627, 628, 630, 633, 0, 0, 532, 523, 519, 517, 520, 526, 0, 0, 674, 679, 686, 693, 699, 706, 712, 719, 726, 734, 743, 753, 762]
[0, 684, 679, 676, 672, 657, 668, 664, 660, 657, 654, 651, 649, 648, 646, 643, 642, 640, 638, 637, 636, 635, 634, 619, 618, 619, 619, 619, 620, 620, 621, 623, 624, 625, 627, 629, 631, 633, 0, 535, 532, 524, 519, 518, 519, 525, 0, 0, 674, 679, 685, 692, 699, 705, 712, 719, 726, 733, 743, 752, 761]
[0, 690, 685, 681, 677, 674, 670, 666, 662, 659, 657, 654, 652, 650, 648, 647, 645, 644, 643, 641, 640, 639, 638, 633, 633, 633, 633, 633, 634, 635, 636, 637, 638, 640, 641, 643, 631, 648, 0, 0, 527, 520, 517, 517, 521, 529, 0, 0, 0, 693, 698, 703, 709, 715, 723, 730, 738, 746, 754, 763, 772]
[0, 693, 688, 683, 678, 674, 671, 668, 664, 661, 658, 656, 654, 652, 649, 647, 646, 645, 644, 642, 641, 640, 639, 637, 633, 636, 633, 638, 638, 635, 639, 641, 643, 640, 646, 643, 648, 649, 651, 0, 526, 519, 517, 517, 521, 528, 0, 690, 0, 696, 707, 713, 709, 726, 723, 742, 749, 758, 767, 775, 784]
[0, 690, 685, 681, 677, 673, 670, 666, 663, 660, 657, 655, 654, 650, 649, 646, 646, 645, 644, 642, 641, 641, 639, 638, 639, 638, 638, 638, 640, 641, 641, 642, 643, 645, 646, 648, 649, 652, 651, 0, 529, 520, 517, 517, 519, 525, 0, 690, 696, 701, 707, 712, 719, 726, 733, 740, 748, 756, 764, 773, 783]
[0, 708, 703, 681, 694, 673, 689, 685, 682, 679, 676, 674, 672, 670, 667, 665, 663, 661, 661, 659, 658, 657, 656, 638, 639, 638, 638, 638, 638, 640, 641, 642, 643, 645, 644, 648, 649, 649, 652, 0, 525, 519, 517, 517, 520, 528, 0, 691, 696, 702, 708, 713, 720, 726, 733, 741, 750, 758, 767, 776, 785]
[0, 708, 703, 703, 698, 694, 690, 686, 682, 679, 676, 674, 672, 670, 667, 665, 664, 663, 662, 660, 659, 658, 657, 655, 655, 655, 655, 656, 657, 657, 658, 659, 660, 662, 664, 666, 667, 670, 0, 531, 525, 521, 516, 516, 517, 528, 0, 708, 714, 720, 726, 733, 739, 746, 754, 762, 769, 778, 788, 797, 806]
[0, 708, 725, 720, 716, 712, 708, 705, 701, 697, 694, 692, 690, 688, 686, 683, 681, 680, 679, 679, 677, 675, 674, 656, 657, 657, 657, 657, 658, 658, 659, 661, 662, 664, 665, 666, 669, 671, 0, 0, 527, 519, 516, 516, 519, 525, 0, 712, 716, 721, 728, 735, 741, 749, 758, 764, 772, 781, 792, 801, 810]
[0, 731, 725, 719, 716, 713, 708, 705, 702, 699, 697, 694, 690, 689, 687, 683, 684, 682, 681, 680, 679, 678, 677, 675, 674, 675, 676, 676, 677, 677, 678, 679, 681, 683, 685, 688, 690, 692, 0, 0, 524, 518, 516, 516, 519, 527, 0, 734, 716, 740, 753, 0, 768, 749, 776, 792, 772, 800, 819, 828, 838]
[0, 731, 726, 721, 716, 713, 709, 706, 703, 699, 698, 695, 691, 690, 687, 687, 684, 685, 682, 680, 679, 679, 677, 677, 676, 677, 677, 677, 678, 678, 679, 680, 682, 683, 685, 687, 689, 692, 0, 0, 528, 519, 516, 516, 517, 522, 0, 732, 739, 745, 752, 758, 765, 772, 780, 787, 797, 806, 816, 825, 834]
[0, 740, 735, 730, 725, 720, 716, 713, 709, 706, 703, 701, 699, 697, 695, 693, 691, 689, 688, 680, 688, 686, 685, 678, 676, 678, 679, 679, 679, 679, 680, 682, 684, 685, 686, 688, 691, 693, 696, 0, 522, 516, 514, 515, 519, 527, 0, 738, 744, 751, 758, 763, 769, 772, 778, 786, 804, 813, 821, 830, 840]
[0, 748, 742, 736, 732, 727, 722, 718, 715, 712, 711, 709, 706, 704, 702, 700, 699, 689, 697, 694, 688, 693, 692, 684, 676, 684, 685, 685, 685, 686, 687, 687, 690, 691, 693, 695, 698, 701, 0, 529, 521, 516, 516, 514, 520, 529, 0, 0, 746, 752, 759, 765, 771, 778, 786, 795, 803, 812, 821, 830, 839]
[0, 746, 740, 735, 732, 731, 726, 721, 717, 715, 713, 710, 708, 706, 703, 701, 699, 697, 696, 695, 694, 693, 692, 691, 691, 692, 692, 692, 693, 693, 694, 696, 698, 699, 701, 702, 704, 707, 0, 0, 528, 519, 516, 514, 515, 521, 0, 0, 0, 763, 769, 775, 783, 790, 799, 808, 816, 825, 833, 843, 855]
[0, 750, 743, 737, 733, 728, 724, 720, 715, 713, 711, 708, 706, 704, 702, 700, 698, 697, 696, 695, 694, 693, 692, 692, 693, 693, 692, 693, 694, 693, 695, 697, 698, 700, 702, 704, 706, 708, 0, 0, 522, 516, 514, 515, 518, 528, 0, 0, 754, 761, 766, 773, 780, 788, 795, 804, 813, 821, 830, 839, 850]
[0, 782, 776, 770, 765, 760, 756, 752, 748, 746, 742, 739, 736, 734, 732, 730, 728, 727, 725, 724, 723, 722, 692, 691, 691, 692, 692, 692, 692, 693, 694, 696, 698, 699, 701, 703, 706, 708, 0, 0, 527, 518, 515, 516, 517, 522, 0, 752, 759, 764, 770, 777, 784, 793, 802, 810, 819, 828, 836, 846, 858]
[0, 777, 776, 767, 765, 762, 757, 753, 750, 746, 743, 740, 737, 735, 732, 730, 729, 727, 726, 724, 723, 722, 721, 722, 691, 722, 721, 721, 722, 724, 724, 725, 728, 729, 731, 734, 736, 739, 0, 0, 528, 518, 514, 512, 515, 522, 0, 0, 791, 799, 807, 813, 821, 828, 834, 843, 855, 864, 872, 880, 891]
[0, 785, 779, 773, 768, 765, 762, 758, 750, 751, 749, 740, 745, 742, 740, 737, 735, 734, 732, 731, 731, 729, 729, 722, 722, 721, 721, 722, 724, 725, 726, 728, 729, 730, 732, 735, 738, 741, 0, 0, 520, 518, 512, 513, 517, 522, 526, 0, 790, 797, 804, 811, 819, 826, 834, 842, 851, 861, 869, 878, 887]
[0, 786, 779, 774, 771, 766, 762, 759, 755, 752, 749, 746, 743, 742, 740, 738, 736, 734, 733, 732, 731, 730, 730, 730, 730, 728, 729, 729, 730, 731, 732, 734, 735, 737, 740, 742, 745, 748, 0, 0, 522, 516, 513, 512, 516, 523, 0, 0, 804, 811, 804, 825, 832, 838, 847, 842, 858, 867, 877, 885, 894]
[0, 799, 794, 788, 782, 777, 772, 769, 767, 763, 760, 757, 754, 751, 748, 746, 744, 743, 741, 740, 738, 738, 738, 730, 729, 729, 730, 730, 730, 732, 733, 734, 735, 737, 740, 742, 744, 747, 0, 0, 523, 516, 513, 512, 515, 522, 0, 798, 803, 810, 817, 824, 831, 840, 848, 857, 867, 874, 883, 894, 906]
[0, 797, 791, 785, 781, 776, 771, 767, 765, 762, 759, 756, 753, 750, 748, 745, 744, 742, 741, 739, 739, 739, 738, 738, 738, 738, 738, 738, 739, 740, 742, 743, 745, 748, 750, 752, 755, 758, 0, 0, 523, 515, 512, 512, 517, 525, 0, 0, 814, 810, 821, 835, 0, 852, 848, 871, 867, 878, 887, 897, 907]
[0, 823, 816, 811, 781, 802, 799, 767, 794, 790, 788, 785, 782, 779, 777, 777, 775, 773, 771, 769, 768, 767, 766, 737, 737, 738, 737, 738, 739, 741, 742, 743, 745, 746, 748, 750, 753, 756, 0, 0, 0, 514, 512, 512, 513, 517, 526, 0, 808, 815, 822, 829, 835, 843, 853, 863, 871, 879, 888, 896, 908]
[0, 824, 817, 812, 807, 804, 799, 796, 793, 788, 788, 785, 782, 779, 778, 776, 774, 773, 772, 770, 767, 767, 766, 765, 765, 765, 765, 766, 767, 769, 770, 771, 773, 775, 777, 779, 783, 786, 0, 0, 521, 514, 511, 512, 515, 522, 526, 0, 842, 850, 858, 866, 873, 880, 888, 897, 907, 919, 929, 938, 949]
[0, 832, 827, 823, 818, 813, 809, 805, 802, 799, 795, 792, 790, 779, 787, 784, 783, 781, 780, 780, 779, 777, 776, 766, 766, 766, 766, 767, 767, 768, 770, 771, 773, 775, 777, 779, 782, 786, 0, 0, 521, 514, 511, 512, 515, 521, 526, 0, 842, 850, 858, 866, 874, 880, 889, 897, 907, 919, 930, 939, 949]
[0, 837, 832, 826, 821, 816, 812, 808, 805, 802, 799, 796, 793, 790, 788, 785, 784, 783, 782, 781, 780, 779, 776, 776, 776, 775, 776, 777, 778, 779, 780, 782, 784, 787, 789, 790, 793, 798, 0, 0, 521, 514, 511, 512, 514, 521, 526, 0, 856, 864, 871, 878, 884, 892, 901, 911, 922, 932, 942, 951, 963]
[0, 851, 844, 838, 833, 829, 826, 822, 818, 815, 813, 810, 808, 805, 804, 801, 784, 799, 799, 797, 797, 797, 796, 778, 776, 778, 779, 780, 781, 782, 783, 784, 787, 790, 793, 795, 797, 801, 0, 0, 524, 515, 511, 510, 512, 518, 526, 0, 860, 867, 874, 881, 888, 896, 906, 917, 927, 937, 946, 957, 970]
[0, 861, 855, 850, 843, 838, 826, 834, 831, 827, 825, 823, 820, 817, 815, 813, 811, 810, 808, 807, 807, 806, 805, 795, 794, 794, 795, 797, 798, 799, 801, 803, 805, 806, 809, 812, 814, 818, 0, 0, 522, 514, 511, 511, 513, 519, 526, 0, 875, 882, 890, 898, 906, 914, 924, 933, 943, 953, 963, 976, 991]
[0, 863, 856, 851, 844, 839, 835, 833, 829, 826, 825, 823, 818, 817, 815, 813, 811, 810, 809, 808, 807, 807, 805, 806, 805, 805, 806, 807, 806, 808, 811, 813, 815, 817, 820, 823, 825, 829, 0, 0, 522, 517, 511, 511, 511, 515, 524, 884, 888, 882, 895, 903, 913, 922, 931, 939, 948, 959, 970, 983, 996]
[0, 874, 868, 864, 859, 853, 847, 843, 839, 835, 833, 831, 828, 826, 824, 822, 821, 819, 818, 817, 816, 807, 815, 805, 805, 805, 806, 807, 808, 809, 810, 812, 814, 816, 819, 823, 826, 829, 0, 0, 520, 514, 511, 511, 514, 521, 524, 0, 887, 894, 902, 911, 920, 929, 938, 947, 948, 968, 970, 993, 996]
[0, 878, 873, 869, 865, 853, 855, 851, 839, 847, 842, 838, 836, 834, 832, 830, 828, 827, 826, 825, 825, 825, 825, 815, 805, 815, 815, 816, 817, 818, 821, 823, 824, 827, 829, 832, 835, 837, 0, 0, 523, 515, 510, 509, 512, 518, 524, 0, 895, 903, 911, 921, 930, 939, 947, 956, 967, 980, 991, 1001, 1012]
[0, 880, 875, 870, 866, 862, 857, 852, 849, 845, 841, 838, 836, 834, 832, 831, 829, 827, 827, 825, 826, 825, 826, 824, 824, 825, 824, 825, 827, 828, 829, 832, 833, 835, 837, 841, 846, 850, 0, 0, 523, 518, 510, 511, 514, 521, 524, 0, 907, 915, 924, 934, 942, 951, 960, 970, 983, 993, 991, 1017, 1012]
[0, 883, 877, 873, 868, 864, 860, 856, 852, 848, 843, 840, 837, 835, 833, 832, 830, 828, 827, 826, 826, 825, 826, 826, 826, 825, 825, 826, 827, 828, 829, 831, 833, 835, 837, 840, 844, 848, 0, 0, 522, 513, 510, 509, 511, 518, 524, 0, 905, 913, 922, 931, 940, 948, 957, 968, 979, 989, 1001, 1012, 1025]
[0, 916, 910, 905, 899, 893, 888, 884, 881, 879, 876, 873, 871, 868, 866, 865, 864, 863, 862, 860, 859, 860, 825, 825, 825, 826, 826, 827, 828, 829, 830, 832, 834, 836, 839, 843, 847, 853, 0, 0, 0, 517, 511, 509, 510, 514, 0, 907, 910, 913, 919, 937, 0, 944, 952, 961, 973, 984, 996, 1007, 1018]
[0, 927, 920, 914, 908, 902, 897, 893, 891, 888, 885, 882, 880, 879, 876, 874, 873, 872, 872, 871, 869, 868, 859, 859, 860, 860, 860, 861, 863, 865, 867, 869, 834, 873, 839, 879, 882, 853, 0, 0, 0, 515, 510, 509, 511, 515, 525, 0, 947, 950, 958, 968, 979, 989, 998, 1008, 1019, 1032, 1043, 1054, 1067]
[0, 945, 941, 936, 931, 925, 921, 918, 914, 911, 908, 906, 904, 903, 900, 897, 896, 895, 895, 895, 894, 895, 868, 869, 870, 871, 860, 871, 872, 873, 875, 876, 879, 881, 883, 886, 889, 893, 0, 0, 522, 514, 509, 508, 511, 515, 525, 0, 956, 963, 973, 983, 993, 1003, 1013, 1023, 1034, 1047, 1059, 1072, 1084]
[0, 962, 955, 949, 944, 940, 936, 932, 928, 924, 920, 919, 916, 914, 913, 911, 909, 906, 906, 906, 906, 906, 894, 894, 896, 897, 898, 871, 899, 901, 901, 903, 906, 908, 911, 916, 920, 925, 0, 0, 522, 513, 509, 508, 511, 515, 525, 0, 991, 997, 1006, 1015, 1024, 1034, 1045, 1056, 1068, 1080, 1093, 1108, 1123]
[0, 960, 953, 948, 944, 940, 935, 932, 927, 923, 920, 921, 919, 917, 914, 912, 910, 909, 908, 907, 906, 906, 905, 906, 906, 907, 908, 909, 911, 912, 913, 915, 916, 919, 924, 927, 930, 935, 0, 0, 520, 513, 509, 508, 511, 517, 525, 0, 1002, 1011, 1020, 1029, 1038, 1049, 1060, 1072, 1083, 1095, 1110, 1126, 1142]
[0, 974, 966, 959, 954, 950, 946, 942, 939, 937, 933, 930, 927, 925, 923, 921, 920, 919, 919, 919, 918, 917, 905, 906, 906, 906, 907, 908, 911, 912, 913, 915, 917, 921, 925, 929, 933, 937, 0, 0, 520, 518, 511, 509, 510, 512, 519, 0, 1004, 1012, 1022, 1033, 1044, 1054, 1065, 1076, 1088, 1101, 1117, 1132, 1146]
[0, 977, 970, 962, 956, 950, 947, 944, 941, 938, 934, 930, 928, 926, 923, 922, 921, 919, 919, 919, 919, 919, 917, 918, 919, 921, 922, 923, 926, 912, 927, 927, 930, 933, 936, 939, 941, 945, 0, 0, 521, 513, 509, 508, 510, 516, 519, 0, 1016, 1023, 1032, 1041, 1052, 1063, 1073, 1083, 1096, 1109, 1122, 1139, 1155]
[0, 975, 967, 961, 955, 951, 948, 944, 941, 936, 933, 930, 929, 926, 923, 924, 923, 922, 920, 918, 918, 918, 918, 919, 919, 920, 921, 922, 924, 926, 927, 928, 931, 933, 936, 939, 942, 947, 0, 0, 520, 513, 509, 508, 511, 517, 519, 0, 1017, 1025, 1034, 1044, 1055, 1066, 1076, 1087, 1098, 1113, 1129, 1142, 1157]
[0, 982, 974, 967, 960, 955, 952, 949, 946, 943, 940, 938, 936, 934, 931, 929, 929, 929, 928, 928, 927, 927, 918, 918, 919, 920, 921, 923, 925, 926, 927, 929, 931, 934, 937, 940, 944, 948, 0, 0, 518, 510, 508, 508, 511, 519, 519, 0, 1017, 1027, 1036, 1045, 1055, 1067, 1079, 1090, 1102, 1116, 1130, 1145, 1160]
[0, 1055, 1048, 1041, 1034, 1028, 1024, 1020, 1015, 1010, 1007, 1004, 1002, 1000, 999, 997, 996, 996, 995, 994, 995, 995, 928, 930, 930, 930, 933, 935, 936, 939, 939, 941, 945, 949, 951, 954, 944, 959, 0, 0, 523, 513, 508, 507, 510, 519, 519, 0, 0, 1044, 1053, 1065, 1074, 1085, 1095, 1107, 1123, 1138, 1153, 1167, 1182]
[0, 1063, 1055, 1048, 1042, 1038, 1032, 1027, 1022, 1018, 1016, 1013, 1012, 1010, 1007, 1004, 1003, 1003, 1002, 1002, 995, 1002, 994, 995, 930, 995, 933, 997, 998, 999, 1001, 1003, 1006, 1010, 1014, 1018, 1022, 1027, 0, 0, 519, 511, 507, 508, 510, 517, 519, 0, 1109, 1117, 1129, 1142, 1154, 1165, 1177, 1190, 1204, 1217, 1233, 1249, 1263]
[0, 1094, 1086, 1079, 1073, 1067, 1062, 1056, 1052, 1047, 1044, 1042, 1039, 1036, 1035, 1033, 1031, 1029, 1030, 1030, 1030, 1031, 994, 1003, 1003, 1003, 1004, 1005, 1007, 1009, 1010, 1013, 1016, 1020, 1023, 1028, 1032, 1036, 0, 0, 516, 510, 507, 507, 508, 511, 519, 0, 1116, 1127, 1136, 1148, 1160, 1171, 1183, 1197, 1212, 1225, 1239, 1256, 1275]
[0, 1087, 1081, 1079, 1076, 1070, 1064, 1059, 1054, 1049, 1045, 1042, 1040, 1039, 1036, 1034, 1034, 1034, 1032, 1031, 1032, 1033, 1032, 1032, 1032, 1032, 1033, 1035, 1007, 1038, 1040, 1041, 1045, 1049, 1052, 1057, 1062, 1067, 0, 0, 518, 510, 508, 508, 510, 517, 519, 0, 1151, 1160, 1170, 1180, 1192, 1206, 1220, 1232, 1245, 1258, 1276, 1295, 1275]
[0, 1112, 1105, 1096, 1089, 1085, 1080, 1073, 1069, 1065, 1062, 1061, 1058, 1055, 1054, 1052, 1034, 1051, 1051, 1050, 1047, 1049, 1032, 1033, 1033, 1033, 1034, 1036, 1039, 1040, 1040, 1042, 1046, 1051, 1054, 1057, 1062, 1068, 0, 0, 518, 510, 507, 507, 510, 516, 519, 0, 0, 1161, 1170, 1180, 1192, 1204, 1219, 1233, 1247, 1261, 1277, 1295, 1275]
[0, 1109, 1101, 1095, 1089, 1089, 1083, 1078, 1074, 1070, 1065, 1062, 1059, 1057, 1056, 1055, 1053, 1052, 1052, 1051, 1050, 1051, 1050, 1050, 1051, 1053, 1053, 1055, 1058, 1060, 1063, 1066, 1069, 1073, 1076, 1080, 1085, 1090, 0, 0, 0, 514, 509, 507, 508, 512, 521, 0, 1175, 1187, 1170, 1200, 1212, 1225, 1238, 1250, 1264, 1278, 1295, 1295, 1322]
[0, 1150, 1143, 1134, 1126, 1120, 1114, 1109, 1103, 1098, 1095, 1093, 1090, 1087, 1085, 1085, 1084, 1083, 1084, 1083, 1083, 1084, 1052, 1054, 1054, 1055, 1056, 1057, 1058, 1060, 1064, 1067, 1071, 1073, 1075, 1082, 1085, 1087, 0, 0, 520, 512, 508, 507, 510, 517, 521, 0, 0, 1181, 1193, 1204, 1218, 1230, 1244, 1259, 1272, 1288, 1303, 1295, 1331]
[0, 1158, 1143, 1150, 1144, 1135, 1128, 1124, 1118, 1115, 1110, 1106, 1103, 1101, 1100, 1100, 1100, 1098, 1096, 1096, 1097, 1099, 1084, 1085, 1087, 1089, 1056, 1090, 1092, 1095, 1097, 1099, 1103, 1106, 1112, 1118, 1122, 1128, 0, 0, 516, 512, 510, 507, 507, 511, 519, 0, 1214, 1226, 1238, 1251, 1263, 1277, 1292, 1314, 1332, 1342, 1359, 1376, 1393]
[0, 1162, 1155, 1148, 1142, 1136, 1129, 1123, 1118, 1114, 1109, 1105, 1103, 1101, 1100, 1100, 1100, 1097, 1096, 1096, 1097, 1097, 1099, 1099, 1101, 1104, 1105, 1107, 1112, 1114, 1116, 1120, 1123, 1106, 1127, 1133, 1138, 1142, 0, 0, 518, 510, 507, 507, 510, 517, 519, 0, 0, 1244, 1263, 1278, 1286, 1302, 1323, 1336, 1346, 1360, 1382, 1401, 1419]
[0, 1194, 1187, 1181, 1175, 1169, 1164, 1159, 1156, 1152, 1148, 1144, 1140, 1137, 1136, 1136, 1137, 1135, 1134, 1096, 1134, 1135, 1099, 1101, 1102, 1104, 1106, 1107, 1109, 1112, 1114, 1116, 1119, 1123, 1127, 1134, 1140, 1144, 0, 0, 516, 510, 509, 507, 508, 511, 519, 0, 1234, 1250, 1270, 1279, 1284, 1304, 1326, 1341, 1352, 1364, 1383, 1402, 1420]
[0, 1193, 1187, 1181, 1180, 1173, 1168, 1164, 1160, 1157, 1154, 1149, 1145, 1144, 1141, 1139, 1139, 1138, 1138, 1138, 1138, 1139, 1136, 1136, 1138, 1139, 1141, 1143, 1146, 1148, 1151, 1156, 1158, 1161, 1164, 1168, 1173, 1178, 0, 0, 0, 514, 509, 507, 508, 511, 520, 0, 1277, 1289, 1301, 1316, 1334, 1348, 1362, 1379, 1395, 1414, 1383, 1402, 1470]
[0, 1220, 1211, 1203, 1197, 1191, 1186, 1181, 1177, 1173, 1169, 1167, 1165, 1162, 1162, 1161, 1160, 1159, 1160, 1160, 1161, 1162, 1140, 1140, 1142, 1144, 1146, 1148, 1150, 1153, 1157, 1160, 1163, 1161, 1167, 1169, 1174, 1180, 0, 0, 518, 510, 507, 507, 509, 516, 520, 0, 0, 1290, 1302, 1314, 1329, 1344, 1359, 1373, 1389, 1408, 1429, 1450, 1469]
[0, 1229, 1219, 1212, 1206, 1199, 1194, 1190, 1185, 1181, 1178, 1175, 1173, 1172, 1162, 1171, 1169, 1169, 1160, 1169, 1168, 1170, 1163, 1163, 1142, 1163, 1164, 1167, 1168, 1170, 1173, 1174, 1177, 1181, 1185, 1191, 1198, 1206, 0, 0, 0, 515, 509, 507, 507, 511, 519, 0, 0, 1324, 1337, 1349, 1361, 1375, 1388, 1404, 1420, 1444, 1470, 1486, 1502]
[0, 1234, 1219, 1223, 1210, 1203, 1198, 1194, 1188, 1183, 1181, 1178, 1174, 1172, 1171, 1169, 1169, 1169, 1169, 1169, 1170, 1171, 1170, 1171, 1172, 1172, 1174, 1176, 1177, 1180, 1184, 1187, 1190, 1194, 1203, 1210, 1217, 1225, 0, 0, 0, 514, 509, 507, 508, 512, 522, 0, 1327, 1339, 1350, 1361, 1376, 1389, 1401, 1420, 1420, 1444, 1465, 1499, 1502]
[0, 1230, 1225, 1216, 1206, 1199, 1195, 1192, 1188, 1187, 1183, 1178, 1176, 1174, 1172, 1171, 1171, 1170, 1170, 1170, 1171, 1171, 1172, 1173, 1174, 1177, 1178, 1177, 1181, 1180, 1184, 1186, 1189, 1193, 1201, 1213, 1219, 1222, 0, 0, 516, 514, 507, 507, 508, 510, 517, 0, 0, 1335, 1346, 1358, 1371, 1385, 1399, 1416, 1420, 1449, 1479, 1497, 1512]
[0, 1235, 1226, 1217, 1210, 1203, 1198, 1193, 1189, 1185, 1181, 1178, 1175, 1174, 1172, 1170, 1170, 1171, 1170, 1169, 1171, 1174, 1172, 1174, 1174, 1174, 1175, 1177, 1181, 1184, 1185, 1189, 1192, 1197, 1206, 1217, 1225, 1222, 0, 0, 522, 513, 508, 508, 510, 510, 517, 0, 0, 1333, 1345, 1354, 1367, 1381, 1394, 1410, 1430, 1454, 1475, 1489, 1501]
[0, 1230, 1223, 1216, 1207, 1200, 1194, 1191, 1187, 1183, 1178, 1175, 1173, 1174, 1172, 1171, 1170, 1170, 1169, 1170, 1171, 1172, 1173, 1173, 1174, 1176, 1175, 1178, 1181, 1183, 1187, 1187, 1191, 1195, 1205, 1216, 1221, 1226, 0, 0, 0, 516, 509, 507, 507, 510, 518, 0, 0, 1339, 1347, 1358, 1373, 1388, 1404, 1420, 1441, 1464, 1480, 1498, 1510]
[0, 1301, 1293, 1286, 1279, 1272, 1267, 1261, 1257, 1254, 1250, 1245, 1243, 1244, 1247, 1247, 1249, 1249, 1246, 1244, 1241, 1172, 1173, 1175, 1174, 1175, 1177, 1178, 1182, 1184, 1187, 1191, 1192, 1199, 1210, 1218, 1225, 1226, 0, 0, 523, 513, 508, 507, 509, 510, 518, 0, 0, 1334, 1348, 1357, 1367, 1382, 1399, 1419, 1441, 1450, 1478, 1489, 1502]
[0, 1370, 1293, 1366, 1357, 1345, 1339, 1261, 1257, 1330, 1320, 1316, 1313, 1311, 1310, 1306, 1305, 1306, 1306, 1305, 1303, 1300, 1173, 1242, 1244, 1247, 1252, 1256, 1259, 1261, 1263, 1264, 1265, 1269, 1274, 1280, 1286, 1291, 0, 0, 0, 514, 509, 507, 508, 512, 521, 0, 1369, 1376, 1386, 1397, 1407, 1417, 1429, 1442, 1455, 1469, 1478, 1484, 1499]
[0, 1391, 1382, 1376, 1371, 1367, 1360, 1355, 1350, 1345, 1341, 1335, 1332, 1311, 1310, 1327, 1322, 1319, 1317, 1305, 1312, 1303, 1297, 1297, 1297, 1294, 1291, 1291, 1292, 1292, 1292, 1264, 1293, 1293, 1294, 1297, 1299, 1301, 0, 0, 0, 510, 509, 507, 511, 519, 521, 0, 1371, 1372, 1382, 1391, 1399, 1410, 1421, 1434, 1450, 1464, 1479, 1494, 1509]
[0, 1422, 1412, 1400, 1394, 1389, 1384, 1376, 1371, 1368, 1362, 1357, 1352, 1348, 1338, 1329, 1324, 1317, 1313, 1309, 1305, 1303, 1300, 1299, 1297, 1295, 1294, 1292, 1290, 1290, 1291, 1292, 1292, 1291, 1292, 1294, 1298, 1302, 0, 0, 0, 514, 509, 507, 509, 513, 522, 0, 1368, 1376, 1385, 1396, 1406, 1416, 1428, 1438, 1452, 1469, 1483, 1498, 1509]
[0, 1425, 1415, 1403, 1394, 1389, 1385, 1379, 1373, 1369, 1366, 1359, 1353, 1348, 1340, 1332, 1323, 1316, 1314, 1309, 1303, 1300, 1297, 1299, 1295, 1293, 1290, 1288, 1290, 1288, 1288, 1290, 1291, 1294, 1295, 1295, 1298, 1301, 0, 0, 0, 516, 509, 508, 510, 513, 521, 0, 1367, 1373, 1381, 1392, 1400, 1409, 1421, 1434, 1448, 1464, 1480, 1496, 1507]
[0, 1417, 1404, 1395, 1391, 1386, 1378, 1374, 1371, 1369, 1367, 1359, 1353, 1351, 1343, 1333, 1325, 1318, 1315, 1312, 1308, 1303, 1297, 1296, 1294, 1291, 1291, 1290, 1291, 1289, 1289, 1290, 1293, 1294, 1294, 1296, 1298, 1301, 0, 0, 518, 516, 510, 508, 512, 513, 519, 0, 1367, 1372, 1381, 1390, 1398, 1409, 1420, 1432, 1448, 1462, 1478, 1492, 1506]
[0, 1417, 1404, 0, 1422, 1413, 1404, 1400, 1390, 1375, 1366, 1360, 1354, 1345, 1337, 1331, 1323, 1317, 1313, 1309, 1304, 1300, 1299, 1294, 1292, 1292, 1291, 1291, 1289, 1286, 1287, 1292, 1292, 1292, 1295, 1297, 1299, 1301, 0, 0, 522, 512, 508, 507, 510, 516, 519, 0, 0, 1369, 1378, 1386, 1396, 1406, 1417, 1428, 1441, 1457, 1474, 1489, 1500]
[0, 1464, 1449, 1436, 1423, 1411, 1398, 1400, 1389, 1379, 1369, 1360, 1352, 1345, 1339, 1332, 1324, 1318, 1314, 1311, 1307, 1303, 1298, 1297, 1294, 1291, 1289, 1286, 1289, 1288, 1287, 1292, 1289, 1292, 1291, 1293, 1295, 1298, 0, 0, 519, 512, 508, 509, 509, 512, 520, 0, 1367, 1371, 1380, 1389, 1398, 1409, 1419, 1432, 1447, 1461, 1477, 1492, 1506]
[0, 1474, 1459, 1444, 1431, 1418, 1406, 1395, 1385, 1375, 1366, 1360, 1350, 1342, 1337, 1330, 1322, 1317, 1313, 1308, 1304, 1300, 1298, 1295, 1293, 1291, 1291, 1288, 1286, 1286, 1287, 1288, 1289, 1289, 1292, 1296, 1299, 1303, 0, 0, 0, 515, 510, 509, 511, 517, 520, 0, 1364, 1371, 1375, 1383, 1391, 1401, 1412, 1423, 1435, 1450, 1465, 1482, 1498]
[0, 1470, 1455, 1440, 1427, 1416, 1404, 1393, 1383, 1372, 1363, 1357, 1348, 1341, 1335, 1328, 1323, 1317, 1313, 1308, 1304, 1300, 1297, 1295, 1294, 1289, 1288, 1287, 1285, 1285, 1286, 1287, 1289, 1289, 1290, 1296, 1295, 1298, 0, 0, 523, 514, 510, 509, 512, 520, 520, 0, 0, 1368, 1376, 1382, 1392, 1403, 1414, 1428, 1441, 1456, 1473, 1488, 1501]
[0, 1467, 1452, 1436, 1422, 1410, 1399, 1390, 1378, 1368, 1362, 1357, 1347, 1341, 1338, 1330, 1323, 1318, 1314, 1310, 1306, 1300, 1297, 1294, 1294, 1293, 1290, 1288, 1286, 1285, 1287, 1288, 1288, 1287, 1288, 1292, 1297, 1298, 0, 0, 520, 514, 513, 510, 511, 523, 520, 0, 1361, 1368, 1379, 1388, 1398, 1408, 1419, 1429, 1445, 1460, 1476, 1491, 1502]
[0, 1474, 1458, 1444, 1430, 1417, 1406, 1395, 1385, 1374, 1365, 1359, 1350, 1342, 1336, 1331, 1323, 1316, 1313, 1308, 1303, 1299, 1296, 1297, 1296, 1290, 1286, 1286, 1286, 1288, 1287, 1286, 1289, 1291, 1291, 1293, 1296, 1299, 0, 0, 0, 518, 511, 509, 511, 523, 520, 0, 1364, 1372, 1378, 1389, 1400, 1412, 1423, 1433, 1448, 1460, 1477, 1496, 1509]
[0, 1469, 1454, 1440, 1425, 1415, 1403, 1392, 1383, 1372, 1362, 1357, 1350, 1340, 1334, 1329, 1321, 1316, 1312, 1308, 1304, 1300, 1295, 1295, 1290, 1287, 1288, 1287, 1285, 1285, 1284, 1285, 1289, 1289, 1290, 1295, 1298, 1299, 0, 0, 0, 514, 511, 512, 514, 520, 520, 0, 1365, 1367, 1376, 1382, 1392, 1402, 1413, 1427, 1440, 1452, 1468, 1487, 1496]
[0, 1466, 1450, 1434, 1422, 1411, 1400, 1390, 1380, 1370, 1362, 1354, 1345, 1337, 1332, 1329, 1326, 1319, 1316, 1311, 1305, 1301, 1297, 1293, 1288, 1288, 1288, 1286, 1287, 1285, 1288, 1285, 1289, 1288, 1290, 1292, 1294, 1295, 0, 0, 524, 515, 511, 512, 515, 520, 522, 0, 1358, 1366, 1375, 1382, 1394, 1403, 1413, 1426, 1440, 1453, 1467, 1484, 1499]
[0, 1466, 1457, 1442, 1429, 1414, 1404, 1394, 1384, 1374, 1364, 1357, 1349, 1341, 1335, 1329, 1321, 1314, 1312, 1307, 1300, 1296, 1299, 1295, 1291, 1290, 1288, 1286, 1287, 1286, 1284, 1285, 1287, 1290, 1289, 1291, 1295, 1298, 0, 0, 0, 520, 513, 511, 512, 520, 522, 0, 1360, 1370, 1377, 1387, 1399, 1406, 1417, 1431, 1443, 1456, 1473, 1489, 1503]
[0, 1470, 1454, 1439, 1426, 1416, 1403, 1392, 1383, 1372, 1363, 1357, 1349, 1340, 1334, 1326, 1318, 1316, 1312, 1308, 1303, 1299, 1295, 1294, 1290, 1287, 1288, 1287, 1285, 1285, 1284, 1285, 1288, 1289, 1290, 1294, 1297, 1299, 0, 0, 0, 517, 513, 512, 515, 521, 522, 0, 0, 1362, 1373, 1381, 1390, 1401, 1410, 1422, 1435, 1449, 1464, 1482, 1496]
[0, 1467, 1452, 1439, 1425, 1414, 1403, 1392, 1382, 1372, 1363, 1354, 1345, 1338, 1333, 1325, 1318, 1315, 1311, 1305, 1298, 1297, 1296, 1295, 1291, 1288, 1288, 1286, 1284, 1284, 1285, 1285, 1287, 1288, 1290, 1291, 1295, 1296, 0, 0, 0, 517, 513, 512, 514, 522, 522, 0, 1358, 1364, 1374, 1381, 1391, 1401, 1410, 1423, 1439, 1452, 1468, 1486, 1499]
[0, 1466, 1449, 1436, 1425, 1413, 1400, 1392, 1380, 1369, 1363, 1354, 1346, 1340, 1333, 1324, 1319, 1317, 1312, 1306, 1298, 1302, 1296, 1293, 1291, 1290, 1287, 1285, 1284, 1284, 1285, 1287, 1286, 1287, 1288, 1288, 1291, 1294, 0, 0, 524, 516, 512, 512, 515, 522, 523, 0, 1358, 1364, 1373, 1379, 1389, 1401, 1412, 1425, 1439, 1452, 1468, 1485, 1499]
[0, 1459, 1446, 1429, 1425, 1406, 1397, 1392, 1388, 1378, 1368, 1359, 1352, 1345, 1338, 1331, 1321, 1315, 1311, 1304, 1299, 1299, 1298, 1295, 1293, 1291, 1289, 1287, 1285, 1284, 1283, 1284, 1287, 1286, 1288, 1292, 1294, 1295, 0, 0, 524, 523, 516, 513, 517, 522, 526, 0, 1355, 1367, 1378, 1383, 1392, 1403, 1414, 1427, 1440, 1454, 1469, 1487, 1502]
[0, 1469, 1453, 1439, 1425, 1414, 1399, 1388, 1382, 1371, 1363, 1354, 1346, 1339, 1329, 1322, 1318, 1315, 1311, 1306, 1302, 1298, 1298, 1293, 1291, 1289, 1286, 1286, 1285, 1284, 1286, 1288, 1286, 1285, 1288, 1290, 1292, 1294, 0, 0, 0, 520, 514, 513, 514, 519, 526, 0, 1360, 1367, 1376, 1386, 1395, 1406, 1419, 1430, 1440, 1466, 1469, 1484, 1512]
[0, 1467, 1453, 1438, 1425, 1414, 1403, 1393, 1383, 1373, 1364, 1357, 1349, 1339, 1330, 1323, 1319, 1315, 1311, 1306, 1301, 1298, 1295, 1293, 1290, 1287, 1286, 1285, 1284, 1284, 1285, 1286, 1287, 1288, 1290, 1294, 1298, 1306, 0, 0, 0, 520, 515, 515, 518, 527, 526, 0, 1372, 1381, 1390, 1401, 1415, 1424, 1432, 1444, 1457, 1470, 1484, 1500, 1507]
[0, 1459, 1445, 1432, 1418, 1406, 1398, 1389, 1378, 1368, 1359, 1350, 1341, 1334, 1328, 1323, 1320, 1315, 1310, 1306, 1304, 1300, 1294, 1292, 1289, 1286, 1283, 1283, 1284, 1284, 1284, 1285, 1287, 1289, 1290, 1294, 1298, 1304, 0, 0, 0, 521, 516, 514, 517, 524, 0, 0, 1374, 1378, 1388, 1397, 1409, 1422, 1432, 1444, 1455, 1466, 1479, 1495, 1504]
[0, 1456, 1445, 1439, 1426, 1415, 1404, 1393, 1383, 1375, 1366, 1356, 1350, 1343, 1332, 1324, 1319, 1315, 1310, 1304, 1300, 1299, 1295, 1291, 1289, 1288, 1287, 1285, 1286, 1285, 1284, 1284, 1286, 1288, 1290, 1294, 1295, 1298, 0, 0, 0, 525, 517, 515, 516, 520, 0, 0, 1376, 1387, 1394, 1404, 1413, 1422, 1436, 1447, 1459, 1473, 1488, 1503, 1509]
[0, 1465, 1449, 1436, 1421, 1408, 1396, 1385, 1377, 1369, 1362, 1353, 1344, 1335, 1326, 1321, 1318, 1315, 1308, 1303, 1300, 1296, 1297, 1293, 1291, 1291, 1292, 1295, 1297, 1298, 1299, 1301, 1301, 1300, 1302, 1304, 1307, 1307, 0, 0, 0, 524, 518, 516, 518, 523, 0, 1371, 1379, 1390, 1395, 1405, 1416, 1427, 1438, 1450, 1461, 1476, 1492, 1514, 1522]
[0, 1465, 1456, 1439, 1427, 1415, 1403, 1393, 1382, 1374, 1366, 1357, 1354, 1353, 1346, 1338, 1333, 1328, 1322, 1317, 1312, 1310, 1295, 1293, 1291, 1292, 1294, 1295, 1295, 1297, 1299, 1299, 1298, 1299, 1302, 1304, 1305, 1308, 1311, 0, 0, 520, 517, 516, 517, 523, 0, 0, 1371, 1381, 1394, 1403, 1413, 1423, 1433, 1445, 1457, 1471, 1485, 1501, 1506]
[0, 1459, 1448, 1439, 1431, 1425, 1423, 1411, 1396, 1389, 1379, 1365, 1357, 1351, 1346, 1339, 1333, 1332, 1326, 1321, 1317, 1313, 1309, 1307, 1304, 1301, 1299, 1299, 1298, 1297, 1298, 1300, 1302, 1303, 1302, 1305, 1308, 1311, 1311, 0, 0, 525, 519, 517, 519, 525, 0, 1371, 1377, 1386, 1396, 0, 1409, 1420, 1429, 1440, 1450, 1464, 1478, 1489, 1511]
[0, 1468, 1452, 1438, 1425, 1420, 1420, 1415, 1406, 1393, 1381, 1370, 1361, 1354, 1348, 1340, 1332, 1325, 1321, 1318, 1313, 1310, 1310, 1307, 1306, 1303, 1298, 1297, 1299, 1299, 1298, 1299, 1298, 1297, 1301, 1303, 1305, 1308, 1309, 0, 0, 525, 523, 519, 519, 523, 0, 0, 1368, 1379, 1391, 1402, 1415, 1423, 1433, 1446, 1458, 1473, 1487, 1499, 1505]
[0, 1470, 1456, 1442, 1433, 1426, 1422, 1416, 1404, 1394, 1387, 1375, 1362, 1355, 1349, 1345, 1336, 1327, 1322, 1317, 1313, 1310, 1307, 1306, 1304, 1302, 1301, 1300, 1297, 1297, 1298, 1296, 1294, 1300, 1305, 1304, 1307, 1310, 1309, 0, 0, 525, 519, 519, 522, 531, 0, 0, 1370, 1378, 1387, 1400, 1408, 1418, 1429, 1440, 1454, 1467, 1480, 1495, 0]
[0, 1465, 1451, 1442, 1434, 1429, 1418, 1408, 1402, 1392, 1379, 1366, 1360, 1354, 1346, 1338, 1332, 1328, 1323, 1317, 1314, 1310, 1309, 1306, 1304, 1301, 1299, 1298, 1298, 1297, 1298, 1300, 1301, 1302, 1302, 1305, 1307, 1310, 1309, 0, 0, 527, 519, 517, 520, 527, 0, 1368, 1378, 1388, 1395, 1405, 1416, 1427, 1438, 1450, 1461, 1472, 1480, 1490, 1497]
[0, 1482, 1468, 1456, 1447, 1436, 1419, 1410, 1403, 1392, 1384, 1372, 1360, 1354, 1346, 1338, 1332, 1328, 1323, 1318, 1314, 1310, 1305, 1306, 1303, 1301, 1302, 1298, 1296, 1297, 1298, 1298, 1297, 1298, 1302, 1303, 1304, 1308, 1310, 0, 0, 527, 519, 517, 522, 527, 0, 0, 1371, 1380, 1389, 1399, 1413, 1423, 1433, 1445, 1457, 1470, 1485, 1500, 1506]
[0, 1487, 1473, 1458, 1445, 1436, 1425, 1414, 1403, 1393, 1381, 1370, 1361, 1354, 1348, 1340, 1332, 1326, 1321, 1318, 1313, 1311, 1307, 1305, 1303, 1301, 1298, 1296, 1298, 1298, 1298, 1298, 1298, 1299, 1300, 1301, 1304, 1307, 1309, 0, 0, 523, 518, 517, 518, 523, 0, 0, 1369, 1379, 1389, 1399, 1413, 1424, 1429, 1441, 1456, 1468, 1479, 1496, 1506]
[0, 1481, 1467, 1455, 1441, 1429, 1419, 1405, 1396, 1391, 1382, 1369, 1360, 1354, 1346, 1338, 1332, 1327, 1322, 1317, 1313, 1311, 1308, 1306, 1304, 1301, 1300, 1299, 1298, 1297, 1298, 1296, 1298, 1302, 1303, 1305, 1305, 1307, 1309, 0, 0, 0, 524, 522, 526, 0, 0, 0, 1377, 1379, 1387, 1396, 1406, 1416, 1428, 1442, 1453, 1464, 1478, 1493, 0]
[0, 1486, 1472, 1458, 1446, 1435, 1425, 1414, 1403, 1394, 1383, 1370, 1360, 1353, 1348, 1340, 1332, 1326, 1321, 1318, 1313, 1310, 1307, 1306, 1303, 1301, 1298, 1297, 1298, 1297, 1298, 1298, 1298, 1300, 1302, 1303, 1304, 1307, 1309, 0, 0, 529, 524, 524, 526, 528, 0, 1367, 1369, 1380, 1389, 1399, 1410, 1420, 1432, 1444, 1455, 1469, 1481, 1495, 1505]
