[0, 0, 0, 0, 0, 0, 0, 0, 0, 0, 0, 0, 0, 0, 0, 0, 0, 0, 0, 0, 0, 0, 0, 0, 0, 0, 0, 0, 0, 0, 0, 0, 0, 0, 0, 0, 0, 0, 0, 0, 0, 0, 0, 0, 0, 0, 0, 0, 0, 0, 0, 0, 0, 0, 0, 0, 0, 0, 0, 0, 0]
[0, 528, 523, 519, 516, 513, 509, 509, 506, 503, 501, 499, 496, 494, 492, 490, 488, 487, 485, 484, 483, 482, 481, 481, 480, 480, 479, 479, 479, 479, 480, 480, 481, 481, 482, 483, 484, 486, 487, 489, 491, 493, 496, 498, 501, 505, 508, 511, 514, 518, 522, 527, 529, 537, 542, 548, 548, 558, 558, 564, 571]
[0, 527, 523, 519, 516, 513, 513, 509, 506, 503, 501, 498, 496, 494, 491, 489, 488, 487, 485, 484, 483, 482, 481, 480, 480, 479, 479, 479, 479, 479, 480, 480, 481, 481, 482, 483, 485, 486, 487, 489, 491, 494, 496, 498, 501, 504, 508, 511, 514, 519, 523, 527, 532, 537, 542, 547, 548, 553, 558, 571, 571]
[0, 527, 523, 519, 519, 516, 512, 509, 506, 503, 501, 498, 496, 494, 491, 489, 488, 487, 485, 484, 483, 482, 481, 480, 480, 480, 479, 479, 479, 479, 480, 480, 481, 481, 482, 483, 484, 486, 487, 489, 491, 494, 496, 498, 501, 504, 508, 511, 514, 519, 523, 527, 532, 537, 542, 547, 553, 553, 563, 571, 570]
[0, 529, 524, 521, 517, 513, 512, 507, 506, 504, 500, 498, 497, 495, 492, 490, 488, 486, 485, 484, 483, 482, 481, 480, 480, 480, 479, 479, 479, 479, 480, 480, 481, 481, 482, 483, 484, 486, 487, 489, 491, 493, 496, 498, 501, 504, 508, 511, 514, 519, 523, 527, 532, 537, 541, 547, 553, 552, 563, 571, 577]
[0, 528, 524, 521, 517, 513, 512, 507, 506, 504, 501, 499, 496, 495, 492, 490, 488, 487, 485, 484, 483, 482, 481, 481, 480, 479, 479, 479, 478, 479, 480, 480, 481, 481, 481, 483, 484, 486, 487, 489, 491, 493, 495, 498, 500, 504, 507, 513, 517, 517, 521, 526, 531, 536, 541, 546, 551, 557, 562, 569, 576]
[0, 528, 523, 520, 517, 516, 513, 509, 506, 503, 501, 498, 496, 494, 491, 489, 488, 486, 485, 484, 483, 482, 482, 481, 480, 480, 479, 479, 479, 479, 479, 480, 481, 481, 481, 483, 484, 486, 487, 489, 491, 493, 495, 498, 500, 504, 507, 512, 515, 517, 522, 527, 531, 536, 541, 547, 552, 557, 562, 569, 577]
[0, 528, 524, 520, 517, 516, 510, 509, 506, 503, 501, 498, 496, 494, 492, 489, 488, 487, 485, 484, 483, 482, 481, 481, 480, 480, 479, 479, 479, 479, 479, 480, 481, 481, 482, 483, 484, 486, 487, 489, 491, 493, 496, 498, 501, 504, 507, 511, 514, 519, 523, 527, 532, 537, 542, 547, 552, 557, 557, 570, 577]
[0, 534, 530, 526, 522, 518, 515, 512, 509, 506, 504, 498, 501, 499, 497, 495, 493, 492, 491, 488, 487, 487, 486, 485, 480, 479, 479, 479, 479, 479, 480, 480, 481, 481, 482, 483, 484, 486, 487, 489, 491, 493, 496, 498, 501, 504, 507, 511, 515, 519, 523, 527, 532, 537, 542, 547, 552, 558, 563, 571, 577]
[0, 534, 531, 528, 524, 520, 516, 513, 511, 508, 505, 503, 500, 499, 497, 494, 492, 490, 489, 488, 487, 487, 486, 485, 485, 484, 484, 484, 484, 484, 485, 485, 485, 481, 486, 488, 484, 492, 487, 494, 496, 498, 500, 503, 506, 509, 512, 518, 521, 522, 527, 531, 535, 540, 546, 552, 557, 562, 568, 575, 582]
[0, 534, 530, 526, 522, 519, 515, 512, 509, 507, 504, 501, 499, 497, 497, 496, 494, 492, 491, 489, 487, 487, 486, 485, 485, 484, 484, 484, 484, 484, 484, 485, 485, 486, 487, 489, 490, 492, 493, 496, 498, 500, 502, 505, 508, 510, 514, 518, 521, 525, 530, 535, 539, 540, 550, 555, 561, 562, 572, 575, 579]
[0, 535, 531, 526, 523, 519, 515, 512, 509, 507, 504, 502, 499, 497, 497, 494, 494, 492, 491, 489, 488, 487, 486, 486, 485, 484, 484, 484, 484, 484, 484, 485, 485, 486, 488, 489, 490, 492, 494, 496, 496, 498, 500, 503, 506, 509, 512, 516, 520, 523, 527, 531, 536, 540, 546, 552, 557, 561, 568, 574, 581]
[0, 535, 528, 526, 524, 521, 517, 513, 511, 508, 505, 503, 500, 499, 497, 495, 492, 490, 490, 489, 487, 487, 486, 486, 485, 484, 484, 484, 485, 485, 484, 485, 486, 487, 488, 489, 490, 492, 494, 496, 498, 498, 501, 505, 506, 508, 511, 519, 520, 523, 527, 531, 536, 541, 546, 552, 556, 562, 567, 573, 581]
[0, 536, 532, 527, 524, 521, 521, 517, 514, 512, 509, 506, 504, 502, 500, 498, 497, 495, 494, 493, 491, 490, 489, 485, 484, 484, 484, 484, 485, 485, 485, 486, 486, 487, 488, 489, 490, 492, 494, 496, 498, 500, 503, 506, 508, 511, 514, 518, 522, 526, 530, 535, 540, 545, 550, 555, 560, 566, 572, 579, 586]
[0, 538, 534, 530, 526, 523, 520, 516, 514, 511, 509, 506, 504, 504, 502, 500, 498, 497, 495, 494, 493, 491, 490, 490, 488, 487, 484, 487, 487, 487, 488, 489, 486, 489, 491, 492, 493, 495, 497, 499, 501, 503, 505, 508, 510, 513, 517, 522, 525, 529, 533, 537, 542, 547, 552, 558, 563, 569, 575, 582, 589]
[0, 538, 534, 530, 526, 523, 520, 517, 514, 511, 509, 506, 507, 505, 502, 500, 499, 497, 496, 494, 494, 493, 492, 490, 489, 488, 488, 489, 489, 490, 489, 490, 492, 489, 493, 495, 493, 497, 499, 500, 502, 506, 508, 509, 512, 516, 519, 523, 527, 529, 535, 540, 545, 550, 555, 560, 565, 571, 577, 584, 591]
[0, 537, 534, 533, 529, 525, 522, 519, 516, 513, 511, 509, 506, 504, 502, 500, 498, 497, 496, 494, 494, 493, 493, 492, 490, 489, 490, 491, 490, 490, 490, 490, 492, 492, 494, 495, 498, 497, 499, 501, 504, 506, 508, 510, 513, 517, 520, 524, 528, 532, 536, 541, 545, 551, 557, 562, 567, 574, 579, 585, 592]
[0, 543, 538, 534, 531, 527, 523, 519, 517, 515, 512, 509, 507, 506, 504, 501, 498, 499, 496, 498, 497, 496, 495, 494, 491, 491, 491, 491, 490, 490, 491, 492, 493, 494, 495, 496, 498, 499, 501, 503, 506, 508, 510, 513, 516, 519, 523, 527, 531, 535, 540, 545, 550, 555, 560, 565, 567, 577, 584, 591, 592]
[0, 543, 539, 535, 531, 527, 524, 520, 517, 515, 513, 511, 509, 506, 504, 501, 501, 499, 499, 498, 497, 496, 495, 494, 494, 492, 491, 492, 493, 493, 493, 493, 494, 496, 496, 497, 498, 501, 503, 506, 508, 510, 512, 514, 517, 521, 524, 528, 533, 537, 542, 546, 550, 555, 560, 565, 567, 579, 584, 593, 592]
[0, 543, 539, 535, 531, 527, 524, 522, 519, 516, 513, 511, 511, 509, 507, 505, 503, 502, 501, 500, 499, 498, 497, 496, 494, 493, 492, 492, 493, 494, 494, 495, 495, 496, 497, 499, 500, 502, 503, 506, 508, 510, 512, 514, 518, 522, 526, 530, 533, 537, 542, 546, 553, 557, 562, 568, 567, 573, 579, 593, 592]
[0, 541, 539, 538, 534, 530, 526, 524, 521, 518, 515, 512, 510, 508, 506, 505, 503, 501, 500, 500, 498, 497, 497, 496, 495, 495, 494, 495, 495, 495, 496, 496, 498, 496, 499, 500, 503, 502, 505, 506, 509, 511, 514, 516, 519, 522, 525, 530, 534, 538, 542, 546, 551, 556, 560, 566, 573, 580, 586, 592, 598]
[0, 548, 539, 543, 540, 536, 533, 530, 527, 524, 522, 519, 517, 515, 513, 511, 509, 508, 507, 506, 505, 504, 503, 496, 496, 495, 495, 495, 495, 495, 496, 498, 498, 498, 499, 500, 502, 503, 505, 508, 510, 512, 515, 517, 519, 523, 527, 531, 535, 539, 544, 549, 554, 558, 563, 569, 575, 581, 588, 594, 601]
[0, 548, 544, 543, 537, 534, 531, 530, 527, 524, 522, 520, 518, 516, 513, 512, 510, 508, 507, 506, 505, 504, 503, 503, 496, 502, 502, 502, 495, 502, 503, 504, 503, 504, 507, 508, 509, 511, 512, 514, 517, 519, 522, 524, 528, 531, 534, 539, 543, 547, 551, 556, 560, 566, 571, 577, 584, 590, 596, 603, 609]
[0, 553, 549, 546, 542, 534, 538, 535, 532, 530, 527, 524, 522, 519, 517, 516, 514, 513, 511, 510, 509, 508, 507, 503, 502, 502, 502, 502, 502, 502, 503, 504, 505, 506, 506, 507, 509, 511, 512, 514, 516, 518, 521, 525, 527, 530, 534, 538, 542, 546, 551, 555, 560, 565, 571, 577, 583, 589, 595, 602, 609]
[0, 555, 550, 547, 543, 539, 536, 533, 530, 527, 525, 523, 522, 519, 517, 517, 514, 513, 512, 511, 509, 508, 508, 507, 507, 506, 506, 506, 506, 507, 507, 508, 505, 509, 510, 507, 514, 511, 516, 518, 521, 523, 525, 528, 531, 534, 537, 541, 546, 549, 554, 560, 564, 569, 575, 581, 587, 593, 599, 606, 612]
[0, 559, 555, 551, 547, 544, 540, 537, 535, 532, 529, 523, 526, 524, 523, 521, 519, 517, 516, 514, 514, 513, 512, 511, 506, 506, 506, 506, 506, 507, 507, 508, 508, 510, 511, 512, 514, 516, 517, 518, 522, 523, 527, 528, 530, 533, 536, 540, 545, 548, 553, 559, 562, 567, 574, 580, 586, 592, 598, 604, 610]
[0, 559, 565, 561, 558, 554, 550, 547, 544, 542, 538, 536, 534, 532, 530, 528, 526, 524, 523, 522, 521, 521, 521, 511, 511, 511, 511, 511, 511, 511, 512, 512, 513, 514, 516, 517, 519, 521, 522, 525, 528, 523, 533, 528, 536, 539, 542, 545, 545, 546, 553, 0, 569, 574, 580, 586, 592, 597, 603, 610, 617]
[0, 566, 562, 558, 555, 551, 549, 546, 543, 540, 538, 535, 534, 533, 531, 529, 528, 526, 525, 523, 522, 521, 520, 520, 511, 519, 519, 511, 519, 519, 520, 521, 521, 522, 522, 523, 526, 528, 529, 532, 534, 536, 539, 542, 545, 548, 546, 542, 542, 545, 553, 0, 580, 584, 589, 597, 603, 608, 615, 622, 629]
[0, 568, 564, 560, 557, 554, 551, 548, 543, 545, 542, 540, 538, 535, 533, 531, 530, 528, 527, 525, 524, 523, 522, 520, 520, 519, 519, 519, 519, 520, 520, 521, 522, 523, 525, 525, 527, 529, 531, 532, 536, 536, 538, 541, 548, 548, 548, 544, 542, 544, 553, 0, 576, 583, 589, 595, 600, 606, 613, 619, 626]
[0, 570, 565, 561, 558, 555, 551, 549, 546, 543, 540, 540, 538, 534, 532, 531, 530, 528, 527, 525, 525, 524, 523, 522, 522, 521, 521, 522, 522, 522, 522, 523, 522, 524, 527, 525, 528, 530, 532, 534, 536, 539, 542, 545, 548, 551, 548, 541, 541, 543, 553, 0, 581, 588, 593, 598, 605, 611, 617, 624, 630]
[0, 582, 577, 572, 568, 565, 561, 558, 556, 553, 550, 547, 545, 544, 542, 540, 538, 536, 527, 533, 533, 532, 523, 531, 521, 522, 522, 521, 522, 522, 523, 523, 524, 525, 527, 528, 529, 531, 534, 536, 539, 541, 544, 547, 550, 551, 549, 542, 541, 544, 553, 0, 586, 588, 595, 0, 602, 608, 622, 624, 629]
[0, 590, 586, 582, 578, 574, 570, 567, 556, 561, 550, 558, 556, 555, 553, 550, 549, 548, 546, 545, 544, 542, 542, 531, 521, 531, 531, 530, 530, 531, 532, 532, 533, 534, 535, 536, 537, 540, 542, 545, 547, 549, 552, 555, 559, 551, 0, 542, 543, 544, 0, 0, 594, 600, 605, 611, 617, 624, 630, 637, 646]
[0, 590, 586, 582, 578, 574, 570, 567, 567, 564, 561, 558, 557, 556, 553, 550, 549, 548, 546, 545, 544, 543, 542, 542, 541, 541, 542, 542, 541, 542, 542, 543, 544, 534, 546, 548, 537, 550, 554, 545, 558, 549, 561, 564, 571, 551, 0, 541, 539, 544, 0, 0, 0, 609, 613, 620, 627, 634, 641, 648, 654]
[0, 595, 591, 586, 582, 578, 575, 571, 568, 565, 563, 561, 558, 556, 554, 550, 551, 549, 548, 547, 544, 545, 544, 544, 542, 542, 542, 543, 543, 543, 544, 545, 546, 548, 549, 548, 553, 550, 554, 559, 562, 549, 564, 567, 576, 551, 0, 538, 538, 544, 0, 0, 0, 612, 618, 624, 630, 638, 645, 652, 659]
[0, 595, 590, 586, 582, 578, 574, 571, 567, 564, 562, 560, 558, 556, 554, 554, 552, 550, 549, 548, 547, 546, 545, 544, 542, 544, 545, 544, 544, 545, 545, 546, 546, 547, 549, 550, 552, 554, 556, 558, 560, 563, 566, 569, 576, 0, 543, 541, 542, 544, 0, 0, 0, 614, 620, 627, 635, 642, 648, 655, 663]
[0, 604, 600, 596, 592, 589, 586, 571, 579, 564, 576, 573, 571, 568, 566, 564, 562, 561, 560, 559, 558, 557, 556, 544, 544, 543, 544, 544, 544, 544, 545, 546, 547, 548, 549, 551, 552, 555, 556, 558, 561, 564, 567, 567, 576, 0, 0, 541, 539, 541, 0, 0, 0, 616, 620, 622, 636, 643, 650, 657, 664]
[0, 605, 600, 596, 593, 589, 586, 583, 579, 576, 576, 571, 571, 569, 567, 565, 563, 561, 560, 559, 558, 556, 555, 555, 555, 555, 555, 555, 556, 556, 557, 557, 558, 559, 561, 562, 564, 566, 568, 571, 574, 564, 577, 580, 576, 0, 0, 538, 537, 0, 0, 0, 0, 0, 631, 638, 645, 652, 659, 666, 674]
[0, 610, 605, 601, 597, 594, 591, 588, 585, 582, 576, 576, 571, 574, 571, 569, 567, 565, 564, 563, 562, 561, 560, 559, 555, 554, 555, 556, 556, 556, 557, 557, 558, 559, 561, 562, 563, 566, 568, 569, 572, 576, 580, 589, 576, 0, 0, 539, 537, 539, 0, 0, 0, 629, 636, 643, 649, 656, 663, 671, 678]
[0, 611, 607, 603, 599, 595, 592, 589, 586, 582, 579, 577, 574, 572, 570, 568, 567, 565, 564, 563, 562, 561, 560, 559, 559, 559, 559, 559, 559, 560, 560, 561, 562, 563, 564, 567, 568, 570, 572, 575, 578, 581, 584, 587, 576, 0, 0, 539, 537, 539, 0, 0, 0, 634, 640, 647, 653, 659, 667, 675, 683]
[0, 627, 622, 618, 615, 612, 608, 605, 602, 599, 596, 593, 591, 589, 587, 585, 583, 582, 581, 579, 577, 576, 576, 559, 559, 559, 559, 560, 559, 561, 560, 561, 562, 563, 564, 566, 568, 570, 572, 574, 577, 580, 583, 586, 576, 0, 0, 536, 537, 0, 0, 0, 0, 0, 637, 643, 650, 657, 664, 672, 679]
[0, 626, 621, 617, 613, 610, 607, 603, 600, 597, 594, 592, 590, 589, 585, 584, 582, 582, 580, 578, 577, 577, 575, 575, 574, 574, 574, 574, 574, 575, 577, 561, 579, 563, 582, 566, 584, 586, 587, 592, 595, 580, 598, 601, 576, 0, 0, 536, 536, 535, 0, 0, 0, 0, 659, 667, 674, 681, 690, 672, 698]
[0, 633, 628, 623, 619, 615, 612, 609, 606, 603, 600, 597, 595, 593, 591, 590, 588, 586, 585, 584, 582, 581, 581, 575, 574, 574, 574, 574, 575, 576, 577, 577, 579, 580, 581, 583, 585, 587, 588, 591, 594, 597, 599, 602, 576, 0, 0, 537, 537, 535, 0, 0, 0, 0, 657, 664, 671, 678, 687, 695, 704]
[0, 633, 628, 623, 619, 615, 612, 609, 606, 603, 600, 597, 595, 594, 592, 590, 588, 586, 585, 584, 583, 581, 581, 581, 574, 579, 574, 580, 581, 576, 581, 582, 583, 584, 586, 588, 589, 591, 593, 595, 598, 601, 604, 608, 576, 0, 0, 535, 535, 0, 0, 0, 0, 0, 661, 668, 676, 683, 692, 701, 708]
[0, 630, 626, 621, 617, 613, 612, 610, 607, 604, 601, 598, 596, 594, 592, 590, 588, 587, 586, 585, 583, 582, 581, 581, 580, 579, 579, 580, 580, 581, 582, 582, 583, 585, 587, 588, 589, 592, 594, 596, 598, 601, 605, 608, 576, 0, 0, 535, 534, 0, 0, 0, 0, 0, 663, 669, 677, 684, 693, 701, 708]
[0, 651, 646, 642, 638, 634, 630, 627, 624, 621, 618, 616, 596, 610, 608, 590, 607, 606, 604, 602, 601, 600, 599, 580, 580, 580, 580, 580, 580, 581, 583, 584, 585, 587, 588, 590, 589, 593, 594, 597, 598, 600, 603, 607, 576, 0, 0, 536, 536, 0, 0, 0, 0, 0, 661, 668, 675, 683, 692, 700, 707]
[0, 655, 651, 647, 643, 640, 635, 632, 629, 625, 623, 620, 617, 610, 615, 611, 607, 610, 609, 607, 606, 605, 604, 599, 598, 598, 598, 599, 599, 599, 600, 600, 602, 604, 606, 607, 608, 611, 613, 615, 618, 621, 624, 631, 576, 0, 0, 535, 534, 534, 0, 0, 0, 0, 687, 695, 703, 711, 718, 727, 736]
[0, 660, 655, 651, 647, 644, 640, 636, 633, 630, 627, 620, 624, 619, 615, 615, 607, 614, 613, 612, 611, 610, 608, 603, 603, 602, 602, 602, 603, 604, 605, 606, 607, 608, 610, 611, 613, 615, 617, 619, 622, 626, 629, 633, 576, 0, 0, 534, 534, 534, 0, 0, 0, 0, 691, 700, 707, 712, 719, 729, 739]
[0, 659, 655, 651, 648, 644, 640, 637, 633, 630, 627, 620, 621, 619, 619, 617, 615, 614, 613, 612, 611, 610, 608, 607, 607, 607, 607, 607, 608, 609, 610, 611, 612, 613, 614, 616, 617, 619, 621, 624, 628, 631, 634, 638, 576, 0, 0, 0, 534, 535, 0, 0, 0, 0, 698, 705, 712, 719, 727, 736, 745]
[0, 667, 662, 658, 653, 650, 647, 644, 641, 637, 634, 632, 629, 626, 624, 622, 620, 619, 618, 616, 611, 614, 608, 614, 607, 607, 607, 607, 608, 609, 610, 611, 612, 613, 614, 616, 618, 619, 621, 624, 628, 631, 634, 638, 576, 0, 0, 0, 534, 535, 0, 0, 0, 0, 698, 705, 712, 720, 728, 736, 745]
[0, 669, 663, 659, 655, 651, 647, 644, 641, 638, 635, 632, 629, 627, 625, 623, 621, 619, 618, 616, 615, 615, 614, 613, 613, 613, 607, 614, 614, 609, 615, 616, 617, 619, 620, 622, 623, 625, 628, 630, 633, 637, 641, 644, 576, 0, 0, 532, 532, 0, 0, 0, 0, 0, 702, 709, 716, 724, 732, 740, 750]
[0, 677, 673, 668, 665, 661, 658, 654, 651, 648, 646, 644, 642, 627, 639, 636, 633, 632, 631, 630, 628, 628, 627, 613, 613, 614, 613, 613, 614, 615, 616, 617, 618, 620, 621, 623, 625, 625, 630, 633, 636, 640, 643, 644, 576, 0, 0, 533, 533, 534, 0, 0, 0, 0, 708, 0, 714, 729, 0, 746, 750]
[0, 682, 677, 673, 665, 669, 666, 659, 651, 656, 653, 650, 648, 646, 643, 640, 639, 638, 636, 635, 634, 632, 632, 625, 625, 625, 625, 626, 626, 627, 628, 630, 631, 632, 634, 636, 637, 640, 643, 646, 647, 650, 654, 658, 576, 0, 0, 0, 533, 534, 0, 0, 0, 0, 718, 725, 733, 741, 751, 760, 770]
[0, 694, 688, 683, 679, 676, 672, 669, 666, 662, 659, 657, 654, 652, 650, 648, 647, 645, 644, 643, 642, 640, 640, 631, 630, 630, 630, 630, 631, 633, 633, 634, 635, 637, 639, 641, 643, 645, 648, 650, 653, 656, 660, 663, 576, 0, 0, 531, 533, 534, 0, 0, 0, 0, 725, 732, 740, 748, 757, 765, 774]
[0, 693, 688, 683, 679, 675, 671, 668, 665, 662, 659, 657, 654, 652, 651, 648, 647, 645, 644, 643, 641, 640, 640, 639, 639, 639, 639, 639, 640, 641, 642, 644, 644, 645, 647, 648, 650, 652, 655, 657, 660, 664, 667, 671, 576, 0, 0, 0, 532, 532, 0, 0, 0, 0, 732, 739, 748, 757, 764, 772, 781]
[0, 694, 688, 683, 679, 676, 672, 669, 665, 662, 659, 657, 654, 653, 650, 648, 647, 645, 644, 643, 642, 640, 640, 639, 639, 639, 639, 639, 640, 641, 642, 643, 644, 645, 647, 648, 650, 652, 654, 657, 660, 663, 667, 670, 576, 0, 0, 0, 532, 531, 0, 0, 0, 0, 732, 739, 747, 756, 764, 772, 781]
[0, 708, 703, 699, 696, 692, 687, 682, 680, 677, 675, 657, 673, 671, 666, 648, 664, 663, 662, 661, 659, 658, 656, 639, 638, 639, 640, 640, 640, 641, 642, 643, 645, 645, 646, 648, 649, 652, 655, 658, 661, 663, 666, 669, 576, 0, 0, 531, 530, 531, 0, 0, 0, 0, 739, 747, 754, 763, 772, 781, 791]
[0, 708, 708, 703, 699, 694, 691, 687, 680, 677, 675, 675, 673, 671, 668, 666, 664, 663, 662, 660, 659, 658, 656, 655, 656, 656, 656, 656, 657, 658, 658, 659, 661, 662, 664, 665, 666, 669, 672, 674, 677, 680, 684, 688, 576, 0, 0, 528, 528, 531, 0, 0, 0, 0, 739, 758, 765, 782, 791, 801, 811]
[0, 731, 727, 722, 717, 713, 710, 707, 703, 700, 698, 696, 694, 690, 688, 686, 684, 682, 681, 679, 678, 678, 677, 655, 656, 656, 657, 656, 657, 658, 659, 659, 661, 663, 665, 665, 669, 671, 674, 677, 679, 682, 687, 697, 576, 0, 0, 529, 530, 531, 0, 0, 0, 0, 755, 762, 770, 779, 788, 796, 805]
[0, 734, 729, 723, 718, 714, 711, 707, 704, 701, 698, 696, 694, 691, 689, 687, 685, 682, 681, 679, 678, 678, 677, 677, 677, 677, 677, 677, 678, 679, 680, 681, 682, 684, 685, 687, 689, 692, 695, 698, 702, 705, 709, 714, 576, 0, 0, 529, 527, 528, 0, 0, 0, 0, 0, 785, 794, 804, 812, 820, 829]
[0, 738, 733, 728, 723, 719, 715, 712, 709, 705, 703, 701, 698, 696, 694, 692, 690, 688, 688, 687, 685, 684, 677, 677, 677, 677, 677, 678, 678, 679, 680, 681, 683, 685, 688, 691, 693, 695, 697, 700, 703, 706, 710, 714, 576, 0, 0, 0, 529, 530, 0, 0, 0, 0, 781, 789, 798, 806, 815, 824, 833]
[0, 740, 736, 732, 725, 720, 717, 713, 710, 707, 705, 702, 699, 697, 696, 693, 691, 690, 688, 687, 686, 684, 683, 683, 683, 677, 685, 678, 685, 685, 686, 687, 688, 690, 692, 695, 697, 699, 701, 703, 707, 710, 714, 717, 576, 0, 0, 527, 529, 527, 529, 0, 0, 0, 0, 801, 0, 809, 818, 828, 847]
[0, 738, 733, 728, 723, 720, 716, 712, 709, 705, 703, 701, 698, 696, 694, 692, 690, 688, 688, 687, 686, 685, 684, 683, 684, 684, 684, 684, 684, 685, 686, 688, 690, 692, 694, 696, 697, 701, 703, 706, 709, 713, 717, 726, 576, 0, 0, 0, 529, 530, 0, 0, 0, 0, 790, 799, 808, 817, 826, 835, 845]
[0, 754, 748, 742, 737, 734, 729, 712, 726, 722, 719, 716, 713, 696, 710, 708, 706, 704, 703, 701, 700, 700, 700, 683, 683, 683, 685, 684, 685, 685, 686, 687, 688, 690, 692, 695, 697, 700, 701, 703, 707, 711, 715, 718, 576, 0, 0, 0, 527, 527, 0, 0, 0, 0, 0, 794, 802, 811, 821, 829, 838]
[0, 763, 757, 753, 748, 742, 738, 735, 733, 722, 726, 723, 713, 721, 718, 715, 714, 704, 711, 701, 710, 709, 700, 700, 700, 700, 700, 700, 700, 701, 703, 704, 705, 706, 708, 710, 712, 714, 716, 719, 722, 727, 732, 736, 576, 0, 0, 0, 527, 527, 0, 0, 0, 0, 0, 813, 822, 830, 839, 848, 858]
[0, 778, 773, 767, 761, 757, 753, 749, 745, 742, 739, 736, 734, 731, 730, 727, 725, 724, 722, 720, 719, 718, 718, 700, 709, 710, 710, 710, 710, 710, 712, 714, 715, 715, 717, 720, 725, 714, 727, 730, 734, 739, 749, 736, 576, 0, 0, 527, 527, 528, 0, 0, 0, 0, 827, 834, 844, 854, 863, 873, 882]
[0, 780, 774, 768, 764, 759, 754, 750, 746, 743, 740, 737, 735, 732, 730, 728, 725, 724, 723, 721, 719, 719, 719, 719, 719, 718, 718, 719, 719, 721, 722, 723, 725, 728, 729, 731, 734, 737, 740, 744, 748, 753, 758, 736, 576, 0, 0, 529, 528, 0, 0, 0, 0, 0, 833, 843, 855, 864, 871, 879, 889]
[0, 778, 773, 767, 762, 758, 753, 749, 745, 742, 740, 737, 735, 734, 733, 731, 728, 726, 724, 722, 721, 721, 721, 719, 719, 719, 719, 720, 721, 722, 724, 726, 725, 729, 729, 734, 734, 736, 742, 744, 746, 751, 755, 760, 576, 0, 0, 0, 526, 0, 0, 0, 0, 0, 0, 838, 847, 858, 867, 876, 885]
[0, 789, 783, 777, 771, 767, 763, 759, 755, 753, 750, 746, 743, 740, 737, 735, 734, 732, 731, 730, 729, 728, 728, 721, 721, 720, 720, 720, 721, 722, 723, 725, 727, 729, 731, 733, 735, 737, 741, 745, 749, 754, 758, 767, 576, 0, 0, 0, 529, 529, 0, 0, 0, 0, 834, 844, 855, 864, 872, 881, 891]
[0, 789, 783, 778, 772, 767, 763, 760, 755, 752, 750, 747, 744, 742, 739, 736, 735, 734, 732, 731, 730, 728, 728, 729, 728, 728, 728, 729, 729, 729, 723, 734, 727, 735, 737, 739, 741, 744, 747, 751, 756, 760, 764, 769, 576, 0, 0, 0, 524, 525, 529, 0, 0, 0, 0, 850, 860, 869, 877, 886, 896]
[0, 794, 783, 788, 781, 777, 772, 768, 765, 762, 759, 756, 753, 750, 748, 746, 744, 742, 740, 739, 737, 737, 737, 729, 729, 729, 729, 730, 729, 731, 733, 734, 735, 736, 737, 740, 742, 744, 749, 753, 757, 761, 766, 770, 576, 0, 0, 0, 524, 525, 0, 0, 0, 0, 0, 854, 864, 872, 881, 890, 900]
[0, 818, 812, 788, 807, 802, 798, 795, 791, 788, 784, 781, 779, 775, 772, 771, 771, 770, 768, 766, 765, 765, 737, 737, 737, 737, 737, 737, 738, 731, 741, 743, 746, 736, 747, 749, 752, 755, 757, 761, 765, 769, 774, 779, 576, 0, 0, 0, 524, 525, 0, 0, 0, 0, 0, 864, 872, 880, 889, 899, 911]
[0, 821, 815, 810, 807, 799, 796, 795, 793, 788, 786, 784, 781, 778, 776, 773, 773, 773, 770, 768, 766, 766, 765, 764, 764, 764, 765, 765, 767, 768, 769, 743, 771, 773, 775, 776, 779, 783, 786, 790, 794, 799, 804, 809, 576, 0, 0, 0, 522, 523, 0, 0, 0, 0, 0, 894, 902, 911, 923, 934, 945]
[0, 835, 830, 824, 818, 814, 810, 806, 803, 800, 797, 793, 791, 787, 784, 783, 781, 780, 779, 779, 778, 766, 776, 764, 764, 764, 765, 766, 767, 768, 769, 770, 773, 775, 777, 779, 783, 786, 786, 789, 794, 799, 803, 809, 576, 0, 0, 0, 523, 524, 0, 0, 0, 0, 0, 893, 902, 911, 922, 933, 944]
[0, 849, 830, 836, 818, 832, 828, 824, 820, 817, 815, 812, 809, 807, 805, 803, 801, 799, 798, 797, 796, 795, 776, 774, 774, 774, 776, 777, 777, 777, 779, 781, 783, 785, 788, 789, 792, 797, 801, 805, 808, 813, 819, 825, 576, 0, 0, 0, 526, 527, 0, 0, 0, 0, 0, 908, 919, 929, 938, 948, 960]
[0, 855, 849, 843, 837, 832, 828, 824, 820, 817, 814, 811, 808, 806, 805, 802, 800, 799, 797, 797, 797, 795, 794, 793, 794, 795, 796, 796, 798, 799, 800, 801, 804, 807, 788, 812, 792, 819, 801, 822, 827, 831, 834, 840, 576, 0, 0, 0, 524, 523, 0, 0, 0, 0, 0, 930, 938, 948, 958, 970, 983]
[0, 856, 849, 843, 836, 831, 828, 824, 820, 817, 814, 810, 807, 806, 804, 802, 800, 798, 797, 797, 796, 794, 793, 793, 794, 793, 794, 796, 795, 797, 799, 800, 803, 804, 806, 809, 812, 815, 820, 824, 828, 831, 835, 841, 576, 0, 0, 0, 524, 525, 0, 0, 0, 0, 0, 931, 940, 950, 960, 973, 986]
[0, 875, 869, 863, 858, 853, 848, 843, 838, 836, 833, 831, 828, 826, 824, 822, 820, 819, 817, 815, 814, 815, 793, 794, 794, 794, 794, 795, 796, 798, 798, 799, 802, 804, 807, 810, 812, 815, 819, 823, 827, 831, 836, 841, 576, 0, 0, 527, 526, 527, 0, 0, 0, 0, 0, 932, 941, 951, 962, 975, 989]
[0, 870, 869, 863, 860, 854, 848, 843, 838, 836, 834, 831, 830, 827, 824, 822, 820, 818, 817, 817, 815, 815, 814, 814, 814, 814, 815, 816, 817, 819, 821, 823, 802, 825, 827, 830, 833, 836, 839, 843, 848, 853, 860, 866, 576, 0, 0, 530, 525, 523, 0, 0, 0, 0, 0, 953, 962, 976, 989, 998, 1010]
[0, 884, 878, 873, 868, 864, 861, 856, 851, 848, 844, 840, 837, 835, 833, 832, 830, 828, 827, 826, 826, 826, 815, 815, 814, 814, 815, 816, 817, 819, 822, 823, 826, 828, 830, 833, 836, 836, 839, 848, 848, 853, 860, 865, 576, 0, 0, 527, 524, 523, 0, 0, 0, 0, 0, 951, 962, 976, 987, 997, 1009]
[0, 884, 885, 880, 875, 871, 867, 864, 859, 855, 853, 849, 845, 842, 840, 838, 837, 835, 834, 833, 832, 832, 826, 826, 826, 826, 826, 827, 828, 830, 831, 833, 826, 836, 838, 840, 844, 850, 854, 858, 862, 867, 871, 876, 576, 0, 0, 528, 524, 523, 0, 0, 0, 0, 0, 969, 979, 990, 1002, 1013, 1025]
[0, 887, 882, 877, 872, 871, 869, 866, 862, 857, 854, 851, 848, 845, 842, 840, 838, 836, 835, 835, 834, 833, 833, 833, 832, 832, 832, 833, 835, 836, 831, 840, 826, 847, 838, 850, 854, 858, 862, 866, 870, 874, 879, 883, 576, 0, 0, 529, 524, 522, 0, 0, 0, 0, 0, 978, 988, 998, 1010, 1022, 1035]
[0, 890, 884, 878, 874, 871, 867, 864, 861, 857, 852, 849, 846, 843, 842, 840, 838, 837, 835, 835, 834, 834, 834, 833, 833, 833, 833, 834, 835, 837, 839, 842, 844, 846, 849, 854, 859, 863, 866, 870, 870, 879, 879, 884, 576, 0, 0, 524, 524, 523, 0, 0, 0, 0, 0, 976, 987, 997, 1009, 1021, 1033]
[0, 920, 913, 908, 902, 896, 891, 888, 885, 882, 879, 878, 875, 873, 871, 870, 869, 868, 867, 866, 866, 865, 834, 833, 833, 833, 834, 834, 836, 837, 838, 840, 842, 844, 848, 853, 858, 861, 865, 869, 873, 878, 882, 891, 576, 0, 0, 527, 527, 523, 525, 0, 0, 0, 0, 984, 995, 1005, 1017, 1029, 1043]
[0, 921, 915, 908, 909, 905, 899, 894, 891, 888, 885, 883, 881, 879, 876, 875, 873, 871, 870, 870, 869, 868, 865, 866, 867, 867, 868, 869, 870, 837, 873, 840, 878, 844, 880, 883, 887, 890, 894, 899, 905, 910, 916, 922, 576, 0, 0, 0, 522, 521, 0, 0, 0, 0, 0, 1021, 1031, 1043, 1057, 1070, 1082]
[0, 939, 933, 928, 922, 917, 912, 908, 904, 901, 899, 883, 896, 894, 893, 891, 889, 887, 886, 885, 883, 884, 884, 869, 870, 870, 870, 871, 872, 874, 875, 877, 880, 882, 885, 888, 892, 896, 901, 906, 911, 917, 922, 922, 576, 0, 0, 0, 521, 522, 0, 0, 0, 0, 0, 1020, 1031, 1042, 1055, 1069, 1081]
[0, 961, 954, 949, 944, 940, 937, 933, 929, 925, 921, 919, 917, 914, 913, 911, 909, 907, 886, 906, 906, 906, 905, 884, 884, 885, 886, 887, 888, 889, 891, 893, 895, 898, 902, 906, 910, 915, 921, 927, 932, 937, 943, 953, 576, 0, 0, 525, 521, 526, 525, 0, 0, 0, 0, 1059, 1071, 1083, 1097, 1112, 1124]
[0, 961, 955, 949, 943, 940, 937, 934, 930, 925, 921, 919, 916, 914, 912, 911, 909, 907, 908, 907, 906, 906, 906, 906, 907, 907, 907, 909, 911, 913, 913, 915, 917, 920, 924, 928, 931, 935, 939, 944, 949, 954, 959, 969, 576, 0, 0, 523, 526, 525, 525, 0, 0, 0, 0, 1074, 1086, 1098, 1113, 1129, 1143]
[0, 974, 966, 958, 953, 949, 945, 942, 939, 935, 932, 930, 927, 924, 922, 921, 920, 918, 908, 918, 917, 917, 917, 906, 907, 908, 908, 909, 912, 913, 914, 915, 917, 920, 924, 929, 933, 935, 940, 945, 950, 955, 962, 976, 576, 0, 0, 522, 526, 527, 525, 0, 0, 0, 0, 1080, 1092, 1105, 1120, 1137, 1152]
[0, 998, 992, 985, 980, 974, 968, 964, 960, 956, 953, 951, 949, 947, 946, 945, 944, 944, 944, 944, 942, 942, 917, 918, 918, 918, 918, 920, 923, 925, 926, 926, 928, 931, 934, 938, 941, 945, 950, 955, 959, 965, 973, 982, 576, 0, 0, 522, 526, 527, 527, 0, 0, 0, 0, 1086, 1098, 1112, 1125, 1140, 1155]
[0, 1004, 997, 991, 985, 979, 974, 968, 964, 961, 957, 954, 952, 950, 948, 947, 945, 945, 945, 944, 943, 943, 942, 944, 945, 946, 947, 947, 950, 952, 926, 955, 957, 931, 961, 965, 970, 975, 980, 986, 991, 996, 1001, 1007, 576, 0, 0, 0, 521, 520, 0, 0, 0, 0, 0, 0, 1130, 1144, 1157, 1173, 1188]
[0, 1004, 1046, 1038, 1031, 1025, 1022, 1017, 1012, 1008, 1005, 1002, 1000, 999, 998, 996, 994, 994, 994, 993, 993, 993, 943, 944, 946, 946, 947, 948, 948, 949, 952, 953, 955, 958, 961, 965, 970, 975, 980, 985, 990, 995, 1002, 1008, 576, 0, 0, 0, 521, 520, 0, 0, 0, 0, 0, 1117, 1130, 1144, 1158, 1173, 1188]
[0, 1060, 1054, 1047, 1039, 1034, 1029, 1025, 1022, 1018, 1015, 1011, 1008, 1007, 998, 1004, 994, 1002, 1001, 1001, 1001, 1000, 1001, 992, 993, 994, 994, 996, 998, 999, 1001, 1003, 1005, 1008, 1012, 1017, 1021, 1026, 1031, 1037, 1043, 1049, 1055, 1008, 576, 0, 0, 0, 519, 522, 0, 0, 0, 0, 0, 1186, 1200, 1212, 1226, 0, 1243]
[0, 1093, 1087, 1080, 1073, 1067, 1062, 1057, 1052, 1048, 1045, 1042, 1040, 1037, 1036, 1035, 1034, 1033, 1034, 1033, 1032, 1032, 1001, 1002, 1002, 1002, 1001, 1002, 1005, 1007, 1009, 1011, 1015, 1019, 1022, 1027, 1031, 1035, 1040, 1045, 1052, 1059, 1065, 1077, 576, 0, 0, 0, 0, 524, 526, 0, 0, 0, 1181, 1194, 1208, 1221, 1236, 1252, 1267]
[0, 1091, 1084, 1078, 1071, 1065, 1061, 1056, 1052, 1048, 1043, 1041, 1040, 1037, 1036, 1035, 1034, 1034, 1032, 1032, 1032, 1033, 1034, 1033, 1033, 1034, 1036, 1038, 1040, 1041, 1043, 1046, 1050, 1054, 1022, 1058, 1063, 1074, 1040, 1078, 1083, 1089, 1097, 1104, 576, 0, 0, 0, 519, 519, 0, 0, 0, 0, 1181, 0, 1244, 1257, 1272, 1291, 1307]
[0, 1112, 1105, 1097, 1090, 1084, 1080, 1075, 1069, 1064, 1063, 1060, 1056, 1053, 1052, 1050, 1049, 1047, 1046, 1045, 1045, 1047, 1033, 1034, 1034, 1036, 1036, 1037, 1038, 1040, 1043, 1046, 1048, 1052, 1056, 1059, 1065, 1072, 1076, 1080, 1085, 1092, 1100, 1112, 576, 0, 0, 0, 525, 525, 0, 0, 0, 0, 1181, 0, 1248, 1264, 1281, 1298, 0]
[0, 1108, 1100, 1093, 1086, 1081, 1077, 1072, 1066, 1062, 1060, 1058, 1055, 1052, 1051, 1048, 1047, 1047, 1045, 1045, 1045, 1047, 1045, 1047, 1048, 1049, 1050, 1053, 1055, 1057, 1059, 1062, 1065, 1069, 1074, 1077, 1082, 1087, 1091, 1097, 1104, 1111, 1119, 1112, 576, 0, 0, 0, 519, 522, 0, 0, 0, 0, 0, 1256, 1270, 1287, 1305, 0, 1331]
[0, 1160, 1154, 1147, 1141, 1134, 1127, 1121, 1116, 1112, 1109, 1106, 1103, 1100, 1098, 1098, 1099, 1097, 1096, 1095, 1096, 1096, 1045, 1046, 1047, 1048, 1049, 1050, 1052, 1056, 1058, 1061, 1065, 1068, 1071, 1075, 1079, 1085, 1091, 1096, 1101, 1109, 1117, 1125, 576, 0, 0, 0, 524, 523, 0, 0, 0, 0, 0, 0, 1265, 1282, 1299, 0, 1323]
[0, 1158, 1152, 1146, 1137, 1130, 1124, 1119, 1115, 1112, 1110, 1106, 1105, 1101, 1100, 1099, 1098, 1099, 1097, 1095, 1095, 1096, 1097, 1097, 1100, 1102, 1103, 1106, 1109, 1112, 1114, 1116, 1120, 1125, 1130, 1135, 1138, 1145, 1152, 1159, 1164, 1169, 1177, 1125, 576, 0, 0, 0, 520, 520, 0, 0, 0, 0, 0, 0, 1336, 1350, 1367, 1387, 1413]
[0, 1157, 1151, 1144, 1137, 1129, 1124, 1124, 1118, 1114, 1111, 1108, 1105, 1102, 1100, 1099, 1098, 1096, 1096, 1095, 1096, 1096, 1097, 1097, 1099, 1102, 1104, 1105, 1108, 1112, 1114, 1116, 1119, 1122, 1128, 1134, 1138, 1143, 1150, 1156, 1162, 1168, 1175, 1125, 576, 0, 0, 0, 519, 521, 523, 0, 0, 0, 1317, 1338, 1353, 1363, 1381, 1402, 1420]
[0, 1182, 1173, 1167, 1160, 1154, 1149, 1143, 1138, 1134, 1131, 1127, 1125, 1124, 1123, 1123, 1122, 1121, 1120, 1121, 1121, 1096, 1123, 1097, 1101, 1104, 1103, 1104, 1107, 1111, 1114, 1116, 1119, 1123, 1129, 1133, 1138, 1146, 1152, 1157, 1163, 1170, 1177, 1125, 576, 0, 0, 0, 520, 520, 0, 0, 0, 0, 1317, 0, 1336, 1350, 1368, 1387, 1413]
[0, 1189, 1182, 1174, 1160, 1167, 1163, 1157, 1153, 1151, 1148, 1142, 1138, 1137, 1135, 1133, 1133, 1135, 1135, 1134, 1134, 1134, 1123, 1124, 1125, 1128, 1132, 1134, 1136, 1139, 1142, 1145, 1148, 1151, 1154, 1159, 1165, 1170, 1176, 1183, 1191, 1198, 1211, 1227, 576, 0, 0, 0, 0, 524, 526, 0, 0, 0, 1358, 1370, 1386, 1404, 1426, 0, 1452]
[0, 1210, 1204, 1196, 1190, 1184, 1178, 1174, 1172, 1167, 1163, 1162, 1159, 1158, 1157, 1156, 1133, 1156, 1156, 1156, 1156, 1158, 1134, 1135, 1137, 1137, 1140, 1144, 1144, 1147, 1152, 1155, 1157, 1160, 1164, 1169, 1174, 1178, 1184, 1192, 1203, 1212, 1211, 1217, 576, 0, 0, 0, 521, 519, 0, 0, 0, 0, 1358, 0, 1379, 1398, 1417, 0, 1447]
[0, 1214, 1206, 1199, 1194, 1188, 1182, 1177, 1172, 1169, 1167, 1162, 1160, 1160, 1159, 1158, 1157, 1158, 1157, 1156, 1158, 1158, 1159, 1159, 1159, 1160, 1161, 1163, 1165, 1167, 1170, 1172, 1173, 1177, 1181, 1187, 1195, 1205, 1213, 1225, 1238, 1246, 1248, 1217, 576, 0, 0, 0, 522, 521, 0, 0, 0, 0, 0, 1402, 1419, 0, 1451, 1480, 1498]
[0, 1209, 1203, 1196, 1189, 1182, 1179, 1177, 1176, 1172, 1165, 1162, 1163, 1161, 1158, 1157, 1157, 1157, 1154, 1154, 1157, 1157, 1159, 1160, 1161, 1161, 1161, 1162, 1165, 1167, 1169, 1171, 1174, 1177, 1180, 1187, 1196, 1202, 1209, 1222, 1234, 1247, 1255, 1258, 576, 0, 0, 0, 0, 524, 526, 0, 0, 0, 1389, 1400, 1418, 0, 1449, 1481, 1498]
[0, 1209, 1252, 1242, 1236, 1230, 1222, 1216, 1211, 1209, 1206, 1203, 1199, 1197, 1194, 1192, 1192, 1192, 1190, 1193, 1195, 1193, 1157, 1159, 1160, 1161, 1161, 1163, 1165, 1167, 1169, 1172, 1173, 1176, 1183, 1188, 1196, 1206, 1217, 1228, 1239, 1249, 1251, 1258, 576, 0, 0, 0, 522, 521, 0, 0, 0, 0, 0, 1403, 1420, 0, 1452, 1481, 1500]
[0, 1256, 1248, 1240, 1234, 1228, 1220, 1215, 1211, 1207, 1204, 1201, 1199, 1195, 1193, 1193, 1192, 1192, 1194, 1199, 1199, 1193, 1195, 1197, 1201, 1206, 1208, 1211, 1216, 1218, 1221, 1223, 1223, 1227, 1232, 1237, 1243, 1253, 1263, 1272, 1279, 1283, 1286, 1258, 576, 0, 0, 0, 518, 519, 0, 0, 0, 0, 0, 0, 1448, 1461, 1475, 1491, 1504]
[0, 1301, 1292, 1285, 1279, 1272, 1265, 1260, 1256, 1252, 1247, 1243, 1238, 1237, 1242, 1241, 1243, 1248, 1245, 1243, 1241, 1238, 1195, 1195, 1197, 1201, 1209, 1212, 1213, 1216, 1217, 1219, 1223, 1229, 1232, 1235, 1242, 1252, 1261, 1268, 1274, 1281, 1285, 1258, 576, 0, 0, 0, 0, 524, 525, 0, 0, 0, 0, 0, 1452, 1469, 1486, 1499, 1509]
[0, 1301, 1291, 1285, 1278, 1271, 1265, 1260, 1256, 1252, 1247, 1243, 1238, 1237, 1239, 1238, 1242, 1247, 1245, 1243, 1241, 1238, 1239, 1242, 1243, 1248, 1254, 1212, 1258, 1259, 1260, 1261, 1262, 1267, 1272, 1277, 1282, 1288, 1296, 1302, 1311, 1319, 1328, 1336, 576, 0, 0, 0, 0, 523, 525, 0, 0, 0, 0, 0, 1451, 1468, 1482, 1495, 1509]
[0, 1342, 1291, 1285, 1278, 1326, 1312, 1307, 1301, 1297, 1294, 1292, 1289, 1287, 1285, 1285, 1285, 1287, 1287, 1286, 1286, 1284, 1239, 1242, 1243, 1248, 1254, 1212, 1258, 1259, 1260, 1260, 1262, 1267, 1271, 1276, 1282, 1288, 1296, 1302, 1310, 1318, 1327, 1336, 576, 0, 0, 0, 0, 523, 525, 0, 0, 0, 0, 0, 1452, 1468, 1484, 1498, 1509]
[0, 1375, 1368, 1363, 1355, 1345, 1338, 1307, 1301, 1327, 1318, 1316, 1312, 1310, 1308, 1306, 1306, 1306, 1306, 1305, 1304, 1302, 1285, 1288, 1290, 1290, 1289, 1290, 1290, 1290, 1290, 1291, 1292, 1294, 1297, 1300, 1282, 1303, 1307, 1307, 1311, 1318, 1323, 1328, 576, 0, 0, 0, 523, 523, 523, 0, 0, 0, 0, 0, 1451, 1465, 1478, 1494, 1508]
[0, 1416, 1404, 1395, 1391, 1386, 1380, 1374, 1368, 1365, 1359, 1353, 1350, 1310, 1343, 1333, 1324, 1318, 1314, 1311, 1307, 1305, 1297, 1300, 1300, 1294, 1292, 1290, 1290, 1290, 1292, 1292, 1291, 1293, 1296, 1298, 1300, 1302, 1304, 1307, 1311, 1318, 1323, 1332, 576, 0, 0, 0, 0, 524, 525, 0, 0, 0, 0, 0, 1451, 1467, 1481, 1494, 1508]
[0, 1423, 1412, 1399, 1392, 1386, 1383, 1378, 1372, 1368, 1363, 1357, 1352, 1348, 1343, 1333, 1323, 1317, 1314, 1310, 1305, 1301, 1302, 1296, 1294, 1292, 1290, 1290, 1289, 1287, 1287, 1288, 1290, 1292, 1295, 1296, 1298, 1302, 1305, 1310, 1313, 1318, 1324, 1332, 576, 0, 0, 0, 520, 520, 522, 0, 0, 0, 1427, 0, 1441, 1454, 1467, 1483, 1500]
[0, 1423, 1412, 1399, 1445, 1418, 1405, 1394, 1386, 1377, 1368, 1359, 1351, 1345, 1337, 1331, 1324, 1318, 1314, 1308, 1302, 1299, 1298, 1293, 1292, 1291, 1289, 1289, 1289, 1290, 1290, 1290, 1291, 1292, 1297, 1296, 1299, 1303, 1306, 1307, 1311, 1317, 1322, 1328, 576, 0, 0, 0, 520, 523, 524, 0, 0, 0, 1427, 0, 1450, 1463, 1476, 1493, 1507]
[0, 1469, 1461, 1450, 1434, 1418, 1408, 1397, 1385, 1377, 1367, 1358, 1352, 1345, 1337, 1330, 1323, 1317, 1313, 1309, 1305, 1300, 1298, 1295, 1293, 1289, 1286, 1289, 1286, 1287, 1286, 1287, 1287, 1288, 1290, 1295, 1299, 1301, 1304, 1306, 1311, 1315, 1320, 1331, 576, 0, 0, 0, 0, 523, 524, 0, 0, 0, 1427, 0, 1450, 1462, 1477, 1495, 1507]
[0, 1470, 1456, 1440, 1424, 1411, 1402, 1393, 1382, 1371, 1361, 1353, 1349, 1345, 1342, 1333, 1326, 1319, 1314, 1310, 1306, 1304, 1297, 1294, 1293, 1291, 1289, 1288, 1287, 1285, 1287, 1289, 1287, 1293, 1290, 1296, 1299, 1302, 1305, 1306, 1310, 1316, 1319, 1325, 576, 0, 0, 0, 522, 523, 523, 0, 0, 0, 1427, 0, 1441, 1455, 1474, 1490, 1502]
[0, 1464, 1448, 1432, 1419, 1411, 1410, 1398, 1388, 1377, 1367, 1360, 1353, 1345, 1338, 1331, 1325, 1318, 1314, 1310, 1306, 1303, 1301, 1296, 1294, 1292, 1290, 1287, 1287, 1287, 1287, 1288, 1289, 1290, 1292, 1296, 1297, 1300, 1305, 1309, 1313, 1317, 1323, 1325, 576, 0, 0, 0, 520, 520, 522, 0, 0, 0, 1425, 1437, 1450, 0, 1466, 1482, 1495]
[0, 1467, 1453, 1437, 1422, 1411, 1400, 1391, 1382, 1370, 1360, 1354, 1353, 1350, 1330, 1331, 1324, 1318, 1314, 1311, 1306, 1303, 1298, 1294, 1294, 1290, 1287, 1286, 1285, 1284, 1285, 1289, 1289, 1289, 1292, 1295, 1299, 1301, 1303, 1308, 1312, 1316, 1322, 1325, 576, 0, 0, 0, 519, 520, 0, 0, 0, 0, 1425, 0, 1438, 1451, 1468, 1484, 1499]
[0, 1475, 1457, 1443, 1430, 1417, 1405, 1394, 1385, 1376, 1367, 1358, 1351, 1343, 1336, 1331, 1323, 1316, 1312, 1309, 1305, 1300, 1300, 1296, 1293, 1290, 1288, 1289, 1288, 1286, 1287, 1288, 1288, 1291, 1293, 1295, 1296, 1299, 1303, 1305, 1310, 1315, 1319, 1325, 576, 0, 0, 0, 0, 521, 0, 0, 0, 0, 0, 1432, 1449, 1462, 1478, 1494, 1506]
[0, 1475, 1459, 1446, 1430, 1417, 1404, 1395, 1385, 1375, 1366, 1357, 1351, 1344, 1335, 1328, 1322, 1316, 1313, 1309, 1304, 1299, 1297, 1294, 1290, 1287, 1287, 1288, 1286, 1285, 1287, 1289, 1290, 1291, 1292, 1296, 1298, 1301, 1304, 1306, 1310, 1315, 1318, 1321, 576, 0, 0, 0, 0, 520, 521, 0, 0, 0, 0, 0, 1440, 1454, 1473, 1487, 1500]
[0, 1460, 1448, 1432, 1419, 1409, 1404, 1386, 1385, 1377, 1368, 1361, 1352, 1345, 1338, 1331, 1324, 1318, 1314, 1310, 1304, 1301, 1297, 1294, 1291, 1290, 1288, 1287, 1287, 1286, 1284, 1284, 1288, 1292, 1293, 1295, 1298, 1296, 1304, 1301, 1309, 1312, 1313, 1318, 576, 0, 0, 0, 520, 521, 521, 0, 0, 0, 0, 0, 1440, 1451, 1466, 1484, 1500]
[0, 1474, 1456, 1443, 1429, 1416, 1404, 1394, 1380, 1371, 1366, 1358, 1351, 1343, 1335, 1328, 1321, 1316, 1312, 1308, 1304, 1300, 1298, 1294, 1293, 1290, 1287, 1286, 1285, 1284, 1283, 1283, 1286, 1290, 1292, 1295, 1296, 1299, 1304, 1307, 1312, 1312, 1314, 1318, 576, 0, 0, 0, 519, 521, 520, 0, 0, 0, 0, 0, 1439, 1451, 1464, 1482, 1499]
[0, 1467, 1452, 1436, 1422, 1411, 1400, 1391, 1381, 1370, 1360, 1354, 1351, 1345, 1335, 1329, 1325, 1318, 1314, 1309, 1305, 1302, 1297, 1294, 1290, 1287, 1287, 1287, 1286, 1286, 1286, 1283, 1288, 1288, 1290, 1292, 1292, 1297, 1303, 1305, 1309, 1314, 1317, 1321, 576, 0, 0, 0, 0, 523, 524, 0, 0, 0, 0, 0, 1441, 1455, 1471, 1487, 1503]
[0, 1467, 1456, 1441, 1427, 1416, 1404, 1394, 1381, 1371, 1367, 1358, 1348, 1341, 1334, 1327, 1320, 1315, 1312, 1308, 1303, 1299, 1298, 1295, 1292, 1291, 1289, 1286, 1285, 1285, 1286, 1285, 1286, 1289, 1291, 1294, 1296, 1299, 1302, 1307, 1312, 1315, 1319, 1321, 576, 0, 0, 0, 519, 519, 0, 0, 0, 0, 0, 0, 1437, 1449, 1464, 1481, 1497]
[0, 1466, 1450, 1435, 1423, 1410, 1398, 1390, 1379, 1371, 1362, 1353, 1345, 1338, 1332, 1325, 1318, 1313, 1308, 1303, 1298, 1299, 1296, 1293, 1289, 1288, 1288, 1286, 1285, 1284, 1285, 1287, 1288, 1290, 1291, 1291, 1292, 1294, 1300, 1304, 1305, 1308, 1314, 1319, 576, 0, 0, 0, 519, 521, 522, 0, 0, 0, 0, 0, 1440, 1456, 1476, 1495, 1506]
[0, 1460, 1446, 1433, 1421, 1411, 1398, 1385, 1377, 1370, 1360, 1353, 1345, 1345, 1336, 1330, 1324, 1318, 1313, 1309, 1304, 1299, 1296, 1296, 1292, 1290, 1288, 1285, 1283, 1283, 1284, 1284, 1286, 1287, 1289, 1291, 1292, 1296, 1301, 1305, 1308, 1312, 1317, 1328, 576, 0, 0, 0, 0, 523, 526, 0, 0, 0, 1424, 1431, 1448, 1466, 1482, 1498, 1509]
[0, 1472, 1455, 1442, 1428, 1416, 1403, 1393, 1383, 1373, 1365, 1357, 1348, 1338, 1329, 1324, 1320, 1315, 1311, 1307, 1302, 1298, 1296, 1295, 1290, 1288, 1288, 1287, 1284, 1282, 1285, 1287, 1285, 1286, 1288, 1289, 1294, 1298, 1300, 1303, 1307, 1311, 1316, 1328, 576, 0, 0, 0, 520, 520, 0, 0, 0, 0, 1424, 0, 1434, 1451, 1468, 1486, 1505]
[0, 1470, 1456, 1441, 1427, 1413, 1401, 1392, 1381, 1371, 1364, 1356, 1349, 1339, 1330, 1324, 1319, 1314, 1310, 1306, 1302, 1298, 1295, 1293, 1289, 1288, 1287, 1285, 1286, 1285, 1284, 1284, 1285, 1286, 1289, 1291, 1294, 1296, 1299, 1303, 1305, 1308, 1315, 1324, 576, 0, 0, 0, 520, 521, 0, 0, 0, 0, 1424, 0, 1459, 1472, 1488, 1504, 1509]
[0, 1469, 1455, 1441, 1427, 1411, 1399, 1391, 1381, 1371, 1363, 1356, 1347, 1338, 1330, 1324, 1319, 1314, 1310, 1306, 1301, 1297, 1293, 1290, 1289, 1286, 1286, 1285, 1284, 1285, 1284, 1284, 1283, 1285, 1289, 1290, 1292, 1293, 1297, 1302, 1308, 1317, 1325, 1333, 576, 0, 0, 0, 0, 523, 524, 0, 0, 0, 1424, 0, 1456, 1472, 1490, 1505, 1508]
[0, 1454, 1455, 1440, 1427, 1413, 1400, 1392, 1383, 1373, 1365, 1357, 1347, 1339, 1332, 1326, 1321, 1317, 1311, 1306, 1301, 1298, 1292, 1290, 1288, 1285, 1285, 1285, 1284, 1281, 1284, 1281, 1283, 1284, 1289, 1291, 1291, 1293, 1297, 1302, 1308, 1317, 1325, 1333, 576, 0, 0, 0, 0, 523, 524, 0, 0, 0, 1424, 0, 1457, 1472, 1490, 1506, 1509]
[0, 1461, 1448, 1435, 1421, 1410, 1399, 1389, 1378, 1367, 1358, 1351, 1343, 1335, 1329, 1324, 1317, 1317, 1309, 1306, 1304, 1298, 1295, 1292, 1287, 1286, 1287, 1285, 1286, 1290, 1292, 1295, 1298, 1299, 1303, 1306, 1309, 1293, 1313, 1314, 1318, 1324, 1328, 1333, 576, 0, 0, 0, 520, 521, 524, 0, 0, 0, 1424, 0, 1459, 1472, 1488, 1503, 1507]
[0, 1454, 1440, 1427, 1421, 1413, 1400, 1393, 1383, 1374, 1365, 1356, 1347, 1339, 1332, 1325, 1320, 1316, 1310, 1307, 1301, 1296, 1297, 1296, 1293, 1294, 1297, 1299, 1299, 1298, 1300, 1300, 1300, 1301, 1302, 1304, 1308, 1312, 1313, 1317, 1320, 1323, 1329, 1346, 576, 0, 0, 0, 0, 523, 526, 0, 0, 0, 1443, 1450, 1465, 1479, 1494, 1504, 1509]
[0, 1470, 1454, 1440, 1426, 1412, 1400, 1391, 1381, 1372, 1364, 1359, 1356, 1351, 1344, 1338, 1332, 1327, 1323, 1319, 1316, 1312, 1296, 1294, 1295, 1295, 1295, 1297, 1298, 1299, 1298, 1298, 1301, 1303, 1304, 1306, 1307, 1309, 1312, 1317, 1321, 1326, 1329, 1333, 576, 0, 0, 0, 519, 520, 0, 0, 0, 0, 1443, 0, 1456, 1467, 1482, 1498, 1504]
[0, 1453, 1439, 1427, 1426, 1418, 1409, 1399, 1391, 1385, 1385, 1377, 1363, 1356, 1348, 1340, 1334, 1328, 1324, 1319, 1315, 1312, 1308, 1305, 1303, 1302, 1301, 1299, 1299, 1299, 1299, 1299, 1299, 1300, 1303, 1306, 1307, 1309, 1311, 1313, 1318, 1323, 1327, 1330, 576, 0, 0, 0, 519, 520, 0, 0, 0, 0, 1443, 0, 1457, 1471, 1485, 1494, 1500]
[0, 1469, 1455, 1441, 1430, 1425, 1422, 1416, 1403, 1390, 1381, 1371, 1363, 1357, 1351, 1341, 1332, 1327, 1323, 1319, 1316, 1312, 1310, 1307, 1304, 1302, 1299, 1297, 1298, 1299, 1298, 1300, 1302, 1303, 1305, 1307, 1307, 1311, 1315, 1318, 1321, 1325, 1331, 1330, 576, 0, 0, 0, 519, 520, 524, 0, 0, 0, 0, 1444, 1456, 1467, 1481, 1496, 1505]
[0, 1463, 1450, 1439, 1430, 1424, 1415, 1409, 1402, 1390, 1379, 1367, 1360, 1355, 1345, 1336, 1331, 1328, 1323, 1318, 1315, 1312, 1308, 1305, 1303, 1302, 1301, 1299, 1298, 1299, 1299, 1298, 1298, 1301, 1303, 1305, 1308, 1309, 1313, 1317, 1321, 1321, 1325, 1330, 576, 0, 0, 0, 521, 522, 524, 0, 0, 0, 0, 0, 1456, 1468, 1482, 1498, 1506]
[0, 1487, 1471, 1456, 1444, 1431, 1421, 1408, 1397, 1388, 1379, 1371, 1361, 1355, 1350, 1340, 1332, 1327, 1322, 1318, 1315, 1311, 1305, 1305, 1303, 1304, 1302, 1301, 1300, 1299, 1298, 1299, 1298, 1298, 1302, 1302, 1305, 1308, 1310, 1314, 1319, 1322, 1325, 1333, 576, 0, 0, 0, 0, 523, 526, 0, 0, 0, 0, 0, 1458, 1472, 1485, 1501, 1508]
[0, 1479, 1464, 1453, 1443, 1432, 1420, 1409, 1396, 1387, 1380, 1369, 1361, 1353, 1345, 1337, 1330, 1326, 1323, 1318, 1315, 1314, 1308, 1305, 1304, 1303, 1300, 1299, 1298, 1299, 1299, 1298, 1299, 1300, 1302, 1303, 1305, 1310, 1313, 1317, 1319, 1321, 1326, 1331, 576, 0, 0, 0, 523, 524, 0, 0, 0, 0, 0, 0, 1455, 1466, 1480, 1496, 1508]
[0, 1477, 1462, 1450, 1445, 1433, 1415, 1404, 1400, 1389, 1373, 1369, 1364, 1358, 1351, 1343, 1335, 1329, 1323, 1319, 1315, 1310, 1309, 1306, 1303, 1300, 1298, 1300, 1298, 1298, 1299, 1300, 1298, 1298, 1300, 1302, 1305, 1308, 1309, 1314, 1318, 1321, 1326, 1333, 576, 0, 0, 0, 0, 526, 526, 0, 0, 0, 0, 0, 1458, 1472, 1485, 1501, 1507]
[0, 1476, 1462, 1449, 1447, 1436, 1415, 1404, 1394, 1389, 1385, 1374, 1363, 1356, 1351, 1346, 1338, 1329, 1323, 1319, 1314, 1310, 1308, 1305, 1303, 1302, 1299, 1297, 1298, 1298, 1299, 1300, 1300, 1300, 1302, 1303, 1307, 1309, 1310, 1316, 1321, 1324, 1328, 1332, 576, 0, 0, 0, 0, 529, 530, 0, 0, 0, 1435, 1451, 1462, 1476, 1490, 1504, 1512]
[0, 1474, 1461, 1449, 1449, 1436, 1425, 1415, 1402, 1390, 1381, 1373, 1364, 1356, 1349, 1343, 1337, 1328, 1323, 1319, 1314, 1311, 1308, 1306, 1303, 1302, 1300, 1298, 1302, 1304, 1301, 1301, 1301, 1300, 1301, 1305, 1309, 1309, 1310, 1316, 1320, 1324, 1329, 1332, 576, 0, 0, 0, 0, 529, 530, 0, 0, 0, 0, 1450, 1460, 1474, 1490, 1480, 1487]
