[0, 0, 0, 0, 0, 0, 0, 0, 0, 0, 0, 0, 0, 0, 0, 0, 0, 0, 0, 0, 0, 0, 0, 0, 0, 0, 0, 0, 0, 0, 0, 0, 0, 0, 0, 0, 0, 0, 0, 0, 0, 0, 0, 0, 0, 0, 0, 0, 0, 0, 0, 0, 0, 0, 0, 0, 0, 0, 0, 0, 0]
[0, 532, 527, 523, 518, 514, 512, 509, 506, 503, 501, 499, 496, 494, 492, 490, 488, 487, 485, 485, 483, 483, 482, 481, 481, 480, 480, 480, 480, 480, 480, 480, 481, 483, 483, 484, 484, 487, 488, 490, 490, 493, 495, 498, 500, 503, 506, 509, 512, 516, 520, 525, 530, 534, 539, 544, 549, 555, 559, 565, 571]
[0, 529, 525, 522, 518, 514, 511, 508, 505, 503, 502, 500, 497, 495, 493, 491, 489, 487, 486, 485, 484, 483, 482, 481, 481, 481, 479, 480, 479, 480, 480, 480, 481, 482, 482, 483, 485, 486, 488, 489, 492, 494, 496, 498, 501, 504, 507, 510, 514, 518, 522, 526, 531, 536, 541, 546, 551, 556, 562, 568, 574]
[0, 529, 525, 521, 518, 514, 511, 508, 505, 502, 502, 497, 497, 495, 493, 491, 489, 487, 486, 485, 484, 483, 482, 481, 480, 480, 480, 479, 480, 480, 481, 481, 481, 482, 483, 484, 485, 487, 488, 490, 493, 494, 497, 498, 503, 506, 507, 509, 516, 520, 524, 526, 529, 538, 542, 548, 554, 556, 564, 570, 578]
[0, 528, 524, 521, 520, 516, 513, 510, 507, 505, 501, 499, 497, 495, 493, 491, 489, 487, 486, 485, 484, 482, 482, 481, 480, 480, 480, 479, 480, 480, 481, 481, 481, 482, 483, 484, 485, 487, 488, 490, 493, 495, 498, 500, 503, 503, 509, 512, 516, 520, 520, 524, 529, 534, 539, 544, 549, 559, 564, 565, 572]
[0, 532, 527, 523, 518, 515, 512, 509, 506, 503, 501, 499, 496, 494, 492, 490, 488, 487, 485, 485, 483, 482, 481, 481, 481, 480, 480, 480, 480, 480, 480, 481, 482, 482, 483, 483, 484, 486, 489, 492, 493, 495, 498, 498, 500, 503, 506, 510, 513, 517, 521, 526, 530, 535, 539, 545, 551, 556, 561, 567, 574]
[0, 528, 524, 520, 516, 515, 513, 507, 506, 505, 501, 499, 497, 495, 493, 491, 489, 487, 486, 485, 484, 482, 482, 481, 481, 480, 480, 479, 479, 480, 480, 480, 481, 482, 482, 484, 485, 486, 488, 489, 492, 494, 495, 498, 502, 504, 507, 511, 514, 518, 522, 526, 531, 537, 542, 547, 552, 557, 562, 569, 576]
[0, 531, 526, 523, 519, 515, 512, 509, 506, 503, 500, 498, 496, 494, 492, 489, 488, 487, 485, 485, 484, 483, 482, 481, 480, 480, 480, 480, 480, 480, 480, 480, 481, 482, 482, 483, 484, 486, 487, 489, 492, 494, 496, 498, 500, 504, 507, 510, 513, 518, 522, 526, 530, 536, 540, 545, 551, 556, 561, 567, 574]
[0, 533, 529, 526, 522, 518, 515, 509, 512, 510, 507, 504, 502, 500, 498, 496, 494, 493, 491, 489, 488, 488, 487, 486, 481, 481, 480, 480, 480, 480, 481, 481, 481, 482, 483, 484, 485, 487, 488, 490, 492, 495, 497, 499, 502, 505, 508, 511, 515, 519, 523, 529, 533, 538, 544, 548, 553, 558, 563, 569, 578]
[0, 534, 530, 526, 522, 519, 515, 513, 510, 507, 504, 502, 500, 499, 498, 497, 495, 493, 492, 490, 489, 488, 487, 486, 485, 485, 485, 485, 485, 485, 485, 486, 487, 488, 489, 490, 492, 493, 495, 498, 500, 495, 503, 499, 510, 513, 508, 516, 523, 519, 527, 536, 541, 547, 544, 552, 562, 567, 574, 569, 588]
[0, 534, 533, 528, 525, 522, 518, 515, 512, 510, 507, 505, 502, 500, 498, 497, 495, 493, 491, 490, 489, 488, 487, 486, 486, 485, 485, 485, 485, 485, 485, 486, 487, 487, 488, 489, 491, 493, 495, 497, 499, 501, 504, 506, 509, 511, 514, 518, 523, 526, 531, 535, 540, 545, 550, 555, 560, 566, 572, 579, 586]
[0, 533, 528, 528, 525, 522, 518, 515, 512, 510, 507, 504, 502, 500, 498, 496, 495, 493, 491, 490, 489, 488, 487, 486, 485, 485, 485, 485, 485, 486, 485, 486, 486, 488, 489, 489, 490, 493, 495, 495, 498, 500, 505, 506, 510, 513, 514, 520, 523, 524, 527, 532, 537, 547, 552, 555, 562, 568, 572, 574, 588]
[0, 537, 532, 528, 525, 522, 518, 514, 512, 509, 507, 504, 502, 500, 498, 496, 495, 493, 491, 490, 489, 488, 487, 486, 486, 485, 485, 485, 485, 486, 485, 486, 487, 488, 489, 491, 493, 493, 493, 495, 500, 500, 505, 506, 508, 510, 513, 517, 520, 524, 528, 532, 537, 542, 547, 552, 557, 562, 575, 574, 581]
[0, 539, 535, 530, 527, 524, 520, 517, 514, 512, 510, 507, 504, 502, 501, 499, 497, 496, 491, 496, 493, 488, 492, 491, 486, 485, 485, 485, 485, 486, 486, 486, 486, 488, 489, 489, 491, 493, 495, 495, 498, 500, 502, 505, 508, 510, 513, 517, 520, 524, 528, 532, 537, 542, 547, 552, 562, 562, 568, 575, 588]
[0, 539, 536, 528, 527, 525, 521, 518, 515, 513, 510, 508, 506, 503, 502, 500, 498, 497, 496, 494, 493, 493, 491, 491, 490, 489, 489, 489, 489, 490, 490, 491, 491, 493, 494, 495, 496, 498, 499, 501, 504, 506, 509, 510, 513, 517, 520, 523, 527, 531, 536, 540, 545, 549, 555, 560, 565, 571, 577, 583, 590]
[0, 540, 536, 531, 527, 524, 521, 518, 515, 512, 510, 508, 505, 503, 501, 500, 498, 497, 495, 494, 493, 493, 492, 491, 490, 489, 489, 489, 490, 490, 490, 491, 492, 493, 495, 495, 496, 499, 499, 503, 505, 506, 511, 510, 513, 515, 519, 526, 527, 530, 534, 538, 543, 548, 553, 558, 563, 569, 582, 583, 595]
[0, 537, 533, 529, 526, 523, 521, 517, 514, 512, 510, 507, 505, 504, 502, 501, 499, 497, 496, 495, 494, 492, 491, 491, 490, 489, 489, 489, 489, 489, 490, 491, 492, 493, 493, 494, 496, 497, 499, 501, 504, 506, 508, 510, 513, 516, 519, 523, 527, 531, 535, 540, 544, 549, 555, 560, 565, 571, 577, 583, 590]
[0, 542, 538, 534, 530, 526, 522, 520, 518, 515, 513, 510, 508, 507, 504, 502, 501, 499, 498, 497, 496, 495, 491, 495, 490, 489, 489, 490, 489, 490, 490, 491, 492, 493, 494, 496, 497, 498, 500, 503, 505, 507, 509, 512, 515, 518, 522, 525, 529, 533, 538, 542, 547, 552, 557, 562, 568, 574, 580, 587, 594]
[0, 539, 538, 531, 530, 528, 525, 522, 519, 516, 514, 511, 509, 506, 504, 503, 501, 500, 499, 498, 497, 496, 495, 494, 493, 489, 493, 493, 493, 493, 494, 495, 496, 496, 497, 499, 500, 501, 503, 505, 507, 510, 512, 515, 519, 521, 524, 528, 532, 536, 540, 545, 550, 555, 560, 565, 571, 577, 583, 589, 596]
[0, 540, 536, 532, 528, 528, 525, 519, 519, 517, 514, 512, 509, 506, 505, 503, 502, 500, 500, 499, 497, 496, 495, 495, 494, 493, 493, 493, 493, 494, 495, 495, 496, 497, 497, 499, 500, 501, 505, 505, 507, 510, 512, 515, 518, 521, 523, 527, 531, 535, 540, 545, 549, 554, 559, 565, 570, 576, 582, 589, 596]
[0, 542, 536, 537, 533, 530, 526, 522, 520, 517, 515, 512, 510, 509, 507, 505, 502, 501, 500, 499, 498, 497, 497, 495, 494, 493, 493, 493, 494, 494, 495, 495, 496, 497, 498, 500, 500, 501, 503, 505, 507, 510, 512, 515, 518, 521, 523, 527, 531, 535, 540, 545, 549, 554, 559, 565, 570, 576, 582, 589, 596]
[0, 554, 545, 537, 541, 538, 535, 532, 529, 526, 523, 521, 520, 517, 514, 512, 511, 509, 508, 507, 506, 505, 504, 496, 494, 495, 493, 495, 495, 496, 497, 495, 497, 498, 499, 499, 501, 504, 505, 508, 510, 512, 513, 516, 520, 521, 525, 530, 534, 538, 543, 546, 551, 557, 562, 567, 573, 579, 585, 592, 598]
[0, 550, 545, 542, 541, 538, 535, 532, 529, 526, 523, 521, 519, 517, 515, 512, 511, 510, 508, 508, 507, 505, 505, 504, 494, 503, 503, 504, 504, 504, 505, 495, 506, 506, 507, 509, 510, 511, 513, 514, 517, 520, 523, 525, 528, 531, 535, 538, 543, 547, 551, 555, 560, 565, 570, 577, 583, 589, 595, 601, 608]
[0, 553, 550, 542, 546, 542, 539, 535, 532, 530, 527, 525, 523, 520, 519, 517, 514, 513, 512, 511, 510, 509, 509, 504, 504, 503, 503, 503, 504, 504, 504, 505, 506, 508, 508, 510, 510, 511, 515, 514, 517, 522, 523, 527, 528, 535, 535, 538, 542, 546, 551, 559, 560, 564, 569, 582, 583, 588, 594, 600, 607]
[0, 555, 551, 547, 543, 540, 537, 534, 532, 531, 526, 524, 523, 522, 519, 517, 515, 514, 512, 511, 510, 510, 509, 508, 507, 507, 507, 508, 508, 508, 509, 509, 510, 508, 510, 512, 513, 514, 516, 521, 517, 523, 526, 529, 532, 535, 538, 542, 547, 551, 555, 559, 564, 568, 574, 580, 586, 593, 598, 605, 612]
[0, 556, 552, 549, 545, 541, 537, 534, 532, 530, 526, 525, 523, 520, 518, 516, 514, 513, 512, 511, 510, 509, 509, 509, 507, 507, 507, 507, 507, 507, 508, 509, 510, 511, 511, 513, 514, 516, 518, 521, 523, 525, 528, 531, 534, 537, 542, 546, 549, 554, 558, 563, 567, 573, 579, 585, 592, 598, 604, 611, 618]
[0, 564, 560, 556, 552, 549, 545, 542, 540, 537, 534, 532, 530, 528, 526, 524, 523, 521, 520, 519, 518, 517, 517, 508, 507, 507, 507, 508, 508, 507, 508, 508, 509, 510, 511, 512, 514, 516, 518, 520, 522, 524, 527, 530, 533, 536, 539, 543, 548, 552, 556, 560, 564, 570, 576, 582, 588, 594, 600, 606, 613]
[0, 567, 563, 560, 556, 553, 549, 546, 544, 541, 538, 532, 534, 528, 530, 524, 528, 526, 525, 524, 523, 522, 521, 521, 507, 515, 515, 515, 515, 516, 516, 517, 517, 518, 520, 521, 522, 525, 527, 529, 531, 533, 536, 539, 542, 545, 549, 553, 558, 562, 566, 571, 576, 581, 587, 593, 599, 606, 612, 618, 625]
[0, 569, 564, 561, 557, 554, 551, 546, 545, 543, 538, 540, 537, 535, 534, 532, 530, 528, 527, 525, 524, 524, 524, 523, 521, 521, 520, 520, 521, 521, 522, 522, 522, 523, 524, 526, 528, 530, 532, 534, 536, 539, 542, 546, 549, 552, 556, 560, 564, 568, 573, 579, 584, 589, 595, 602, 608, 613, 619, 627, 634]
[0, 570, 566, 562, 557, 559, 555, 553, 550, 546, 544, 542, 540, 537, 535, 533, 531, 529, 528, 527, 526, 525, 524, 523, 522, 522, 521, 521, 522, 523, 523, 524, 525, 525, 526, 528, 530, 533, 535, 537, 536, 542, 545, 548, 551, 554, 558, 561, 566, 571, 577, 581, 586, 592, 595, 602, 609, 616, 619, 629, 637]
[0, 576, 571, 562, 567, 560, 557, 553, 554, 550, 547, 546, 544, 542, 541, 538, 536, 535, 533, 532, 530, 530, 529, 529, 523, 523, 523, 523, 523, 523, 524, 526, 526, 527, 526, 530, 531, 533, 536, 538, 536, 540, 547, 550, 553, 556, 559, 561, 567, 572, 577, 578, 588, 592, 594, 605, 609, 618, 619, 625, 640]
[0, 583, 577, 573, 570, 566, 562, 559, 555, 553, 551, 549, 547, 546, 543, 542, 540, 538, 533, 536, 535, 534, 533, 529, 528, 528, 529, 529, 528, 529, 529, 530, 531, 532, 533, 535, 537, 538, 540, 542, 545, 548, 551, 555, 558, 561, 564, 561, 573, 578, 583, 589, 588, 599, 605, 611, 609, 624, 631, 638, 646]
[0, 591, 587, 583, 578, 574, 571, 567, 560, 553, 545, 545, 552, 546, 554, 552, 550, 549, 548, 546, 545, 544, 543, 542, 532, 532, 532, 533, 533, 533, 533, 534, 535, 536, 537, 538, 540, 542, 544, 546, 549, 552, 554, 557, 559, 563, 567, 571, 576, 581, 586, 591, 596, 601, 607, 613, 618, 625, 632, 640, 647]
[0, 590, 587, 583, 579, 575, 571, 568, 560, 560, 550, 546, 547, 552, 554, 551, 550, 548, 547, 545, 544, 543, 542, 542, 541, 541, 541, 542, 542, 542, 543, 544, 544, 546, 547, 548, 551, 553, 554, 557, 559, 561, 565, 567, 571, 575, 579, 583, 588, 592, 596, 601, 607, 613, 618, 624, 631, 639, 645, 652, 660]
[0, 596, 592, 588, 584, 580, 577, 573, 560, 560, 0, 544, 548, 555, 557, 554, 553, 552, 551, 549, 548, 547, 547, 542, 542, 542, 542, 542, 542, 543, 544, 544, 545, 546, 547, 549, 551, 552, 555, 557, 559, 562, 565, 568, 572, 576, 581, 585, 589, 594, 598, 603, 609, 614, 620, 626, 633, 640, 647, 654, 661]
[0, 600, 596, 592, 589, 585, 581, 573, 560, 560, 0, 543, 544, 0, 0, 561, 559, 557, 555, 555, 554, 553, 551, 551, 546, 546, 547, 542, 547, 547, 547, 548, 549, 550, 551, 552, 554, 556, 558, 560, 562, 565, 568, 571, 575, 579, 583, 587, 591, 596, 601, 606, 610, 615, 621, 628, 635, 642, 649, 656, 663]
[0, 610, 605, 602, 598, 595, 591, 573, 560, 560, 539, 543, 541, 0, 0, 561, 566, 557, 564, 563, 562, 561, 560, 560, 551, 550, 550, 551, 551, 552, 552, 553, 554, 555, 556, 558, 560, 561, 563, 565, 568, 571, 574, 577, 582, 586, 589, 594, 598, 602, 607, 613, 618, 623, 630, 636, 643, 650, 658, 664, 672]
[0, 610, 605, 601, 598, 595, 591, 573, 560, 560, 0, 539, 542, 0, 0, 0, 567, 566, 564, 563, 562, 562, 561, 560, 560, 560, 560, 560, 560, 560, 560, 560, 562, 564, 565, 567, 568, 570, 573, 575, 578, 581, 584, 587, 590, 595, 599, 603, 608, 613, 617, 622, 627, 633, 640, 648, 654, 661, 668, 675, 683]
[0, 611, 608, 604, 599, 595, 592, 573, 560, 560, 0, 540, 542, 0, 0, 569, 567, 566, 564, 563, 562, 562, 561, 560, 560, 560, 560, 559, 560, 560, 560, 561, 562, 564, 565, 567, 568, 571, 573, 575, 578, 581, 584, 587, 591, 595, 599, 603, 608, 613, 617, 622, 627, 634, 641, 647, 653, 660, 668, 676, 683]
[0, 620, 616, 612, 609, 605, 602, 573, 560, 560, 0, 540, 542, 0, 0, 0, 577, 576, 0, 573, 562, 572, 571, 570, 560, 560, 560, 559, 560, 561, 561, 562, 563, 564, 566, 567, 569, 571, 574, 576, 578, 581, 584, 587, 591, 595, 599, 602, 607, 611, 616, 621, 627, 633, 639, 646, 652, 659, 667, 674, 682]
[0, 629, 624, 619, 615, 612, 609, 573, 560, 560, 0, 539, 0, 0, 0, 0, 584, 584, 582, 579, 578, 578, 577, 570, 570, 569, 569, 569, 570, 571, 572, 573, 573, 574, 576, 579, 581, 582, 584, 586, 589, 592, 595, 598, 601, 605, 610, 614, 618, 623, 629, 635, 641, 647, 652, 659, 665, 672, 680, 688, 697]
[0, 627, 622, 618, 615, 611, 608, 573, 560, 560, 0, 540, 0, 0, 0, 0, 586, 584, 582, 581, 579, 579, 578, 577, 576, 576, 576, 576, 577, 578, 579, 573, 580, 582, 576, 584, 587, 590, 584, 594, 597, 600, 595, 603, 606, 610, 614, 618, 623, 628, 633, 638, 645, 651, 656, 663, 669, 676, 684, 693, 701]
[0, 637, 633, 628, 624, 611, 619, 573, 560, 560, 0, 538, 0, 0, 0, 0, 595, 593, 592, 591, 590, 589, 588, 577, 576, 576, 576, 577, 577, 578, 578, 579, 580, 581, 583, 585, 586, 588, 591, 593, 596, 599, 601, 604, 608, 612, 617, 620, 625, 631, 637, 642, 648, 653, 660, 666, 673, 680, 689, 697, 705]
[0, 638, 633, 628, 624, 611, 621, 573, 560, 560, 0, 537, 0, 0, 0, 0, 595, 593, 592, 591, 590, 589, 587, 588, 587, 587, 587, 587, 588, 588, 589, 590, 591, 592, 594, 596, 598, 600, 601, 604, 606, 609, 613, 617, 619, 624, 629, 633, 638, 643, 649, 655, 661, 667, 674, 681, 689, 697, 704, 712, 720]
[0, 650, 646, 642, 638, 633, 632, 573, 560, 560, 0, 538, 0, 0, 0, 0, 606, 604, 603, 602, 601, 601, 600, 587, 587, 587, 586, 586, 588, 588, 589, 590, 591, 592, 594, 596, 598, 599, 602, 604, 607, 609, 613, 617, 620, 624, 629, 633, 634, 644, 649, 655, 661, 667, 674, 681, 689, 697, 706, 712, 713]
[0, 655, 650, 646, 642, 639, 635, 573, 560, 560, 0, 537, 0, 0, 0, 0, 0, 609, 608, 606, 605, 605, 604, 599, 599, 598, 598, 599, 600, 601, 601, 602, 603, 605, 607, 608, 609, 611, 614, 616, 619, 623, 627, 630, 634, 639, 644, 648, 652, 658, 664, 670, 676, 682, 690, 698, 705, 713, 720, 729, 739]
[0, 660, 656, 652, 648, 644, 645, 573, 560, 560, 0, 536, 0, 0, 0, 0, 0, 614, 613, 612, 612, 611, 610, 603, 602, 603, 603, 602, 603, 604, 605, 606, 607, 608, 610, 611, 613, 615, 617, 619, 622, 625, 629, 633, 637, 641, 645, 650, 655, 661, 667, 672, 678, 685, 693, 700, 706, 714, 721, 730, 740]
[0, 662, 656, 653, 650, 646, 644, 573, 560, 560, 0, 536, 0, 0, 0, 0, 0, 617, 616, 613, 613, 612, 611, 609, 609, 609, 608, 609, 609, 610, 611, 612, 613, 614, 616, 617, 618, 621, 624, 626, 630, 634, 638, 642, 645, 649, 653, 658, 663, 669, 675, 680, 687, 694, 702, 709, 716, 723, 721, 740, 750]
[0, 668, 664, 659, 654, 651, 648, 573, 560, 560, 0, 537, 0, 0, 0, 0, 621, 620, 619, 617, 0, 616, 615, 614, 611, 610, 610, 611, 611, 612, 612, 614, 616, 617, 617, 620, 622, 624, 626, 629, 632, 637, 641, 644, 648, 652, 656, 660, 665, 671, 678, 683, 689, 697, 704, 711, 717, 725, 734, 743, 753]
[0, 668, 663, 659, 654, 650, 648, 573, 560, 560, 0, 536, 0, 0, 0, 0, 621, 620, 0, 618, 616, 616, 615, 614, 611, 615, 614, 614, 614, 615, 616, 617, 618, 620, 620, 622, 625, 627, 629, 632, 635, 639, 643, 646, 649, 654, 658, 662, 667, 673, 679, 684, 691, 698, 705, 712, 718, 726, 734, 743, 752]
[0, 678, 674, 670, 667, 663, 648, 573, 560, 560, 0, 534, 0, 0, 0, 0, 0, 634, 633, 631, 630, 629, 628, 614, 614, 614, 614, 614, 614, 615, 616, 617, 618, 620, 620, 622, 625, 627, 629, 632, 635, 639, 643, 646, 649, 654, 658, 662, 667, 673, 678, 685, 691, 698, 706, 713, 718, 726, 735, 744, 753]
[0, 678, 678, 670, 675, 671, 667, 573, 560, 0, 531, 532, 0, 0, 0, 0, 0, 640, 638, 637, 636, 635, 633, 627, 627, 627, 627, 627, 628, 629, 631, 632, 633, 634, 636, 638, 640, 643, 645, 647, 651, 654, 657, 661, 664, 669, 674, 678, 684, 673, 690, 703, 709, 715, 723, 731, 718, 747, 756, 744, 774]
[0, 693, 688, 682, 679, 676, 672, 573, 560, 0, 0, 535, 0, 0, 0, 0, 0, 646, 645, 643, 0, 641, 633, 640, 633, 632, 632, 633, 634, 634, 636, 638, 639, 640, 642, 644, 646, 648, 650, 652, 656, 660, 663, 661, 670, 674, 674, 679, 685, 692, 698, 704, 716, 723, 731, 731, 747, 755, 756, 772, 774]
[0, 701, 696, 691, 686, 682, 678, 573, 560, 0, 530, 532, 0, 0, 0, 0, 0, 651, 650, 649, 648, 648, 647, 640, 640, 639, 639, 640, 640, 641, 642, 644, 645, 646, 647, 648, 650, 652, 655, 658, 660, 663, 667, 671, 675, 679, 684, 690, 696, 702, 707, 712, 719, 727, 733, 741, 749, 757, 765, 774, 784]
[0, 701, 696, 691, 686, 682, 679, 573, 560, 0, 532, 534, 0, 0, 0, 0, 0, 651, 650, 649, 648, 648, 647, 646, 646, 646, 646, 647, 647, 648, 649, 650, 651, 652, 653, 656, 658, 661, 664, 665, 668, 672, 676, 680, 684, 689, 694, 700, 706, 711, 716, 723, 731, 737, 745, 752, 760, 769, 777, 787, 798]
[0, 714, 709, 704, 700, 696, 692, 573, 560, 0, 531, 532, 0, 0, 0, 0, 0, 665, 663, 661, 660, 659, 658, 646, 646, 646, 646, 647, 647, 648, 649, 650, 651, 652, 653, 656, 658, 661, 663, 665, 668, 672, 676, 680, 684, 689, 694, 700, 706, 711, 716, 723, 731, 737, 745, 752, 760, 769, 778, 787, 798]
[0, 713, 708, 702, 698, 694, 692, 573, 560, 0, 0, 531, 0, 0, 0, 0, 665, 0, 664, 663, 660, 659, 658, 658, 658, 658, 658, 659, 660, 661, 661, 663, 664, 665, 667, 669, 671, 674, 676, 680, 682, 685, 689, 693, 698, 704, 709, 713, 718, 724, 731, 737, 745, 752, 760, 766, 774, 783, 793, 803, 813]
[0, 718, 714, 710, 706, 702, 702, 573, 560, 0, 0, 532, 0, 0, 0, 0, 0, 671, 669, 668, 666, 665, 665, 658, 658, 658, 658, 659, 659, 660, 661, 662, 662, 664, 666, 668, 670, 673, 675, 677, 680, 684, 687, 691, 696, 701, 706, 711, 716, 721, 728, 735, 742, 749, 756, 764, 772, 780, 789, 799, 809]
[0, 735, 730, 725, 720, 715, 712, 573, 560, 0, 534, 532, 534, 0, 0, 0, 0, 683, 682, 680, 679, 679, 678, 658, 665, 658, 665, 666, 667, 667, 661, 668, 669, 671, 673, 675, 677, 679, 681, 684, 687, 690, 695, 699, 703, 708, 712, 717, 723, 729, 735, 742, 750, 756, 763, 771, 779, 788, 797, 807, 816]
[0, 731, 730, 725, 720, 716, 713, 573, 560, 0, 531, 532, 531, 0, 0, 0, 0, 685, 683, 681, 680, 679, 678, 678, 678, 679, 679, 679, 679, 679, 680, 682, 683, 685, 688, 689, 692, 695, 698, 701, 704, 708, 712, 716, 721, 726, 731, 737, 743, 749, 757, 763, 769, 777, 786, 794, 804, 813, 821, 830, 840]
[0, 739, 735, 730, 724, 719, 713, 573, 560, 0, 528, 529, 0, 0, 0, 0, 0, 692, 691, 689, 688, 687, 685, 678, 678, 678, 678, 679, 679, 679, 681, 682, 684, 685, 688, 690, 692, 695, 698, 701, 704, 708, 712, 716, 721, 726, 731, 736, 743, 749, 757, 763, 769, 777, 785, 794, 803, 812, 820, 830, 840]
[0, 743, 738, 734, 730, 724, 713, 573, 560, 0, 530, 530, 0, 0, 0, 0, 0, 698, 697, 696, 695, 694, 694, 685, 685, 685, 685, 686, 686, 687, 688, 690, 692, 693, 695, 698, 701, 703, 705, 708, 711, 714, 719, 723, 729, 735, 739, 744, 751, 758, 764, 771, 778, 786, 794, 803, 812, 821, 829, 839, 851]
[0, 748, 742, 737, 732, 728, 713, 573, 560, 0, 530, 530, 0, 0, 0, 0, 0, 697, 0, 696, 695, 694, 693, 693, 693, 693, 694, 694, 694, 696, 697, 697, 699, 701, 702, 704, 706, 708, 711, 714, 717, 720, 725, 731, 735, 740, 746, 752, 759, 765, 771, 778, 785, 793, 802, 810, 818, 827, 836, 846, 857]
[0, 746, 740, 736, 732, 732, 727, 573, 560, 0, 530, 531, 0, 0, 0, 0, 0, 698, 697, 696, 694, 694, 694, 693, 692, 692, 693, 693, 693, 695, 696, 697, 698, 701, 702, 704, 706, 708, 711, 713, 717, 720, 725, 730, 735, 740, 746, 752, 758, 764, 770, 778, 785, 792, 802, 810, 818, 827, 835, 845, 857]
[0, 779, 773, 767, 732, 763, 759, 573, 560, 0, 529, 532, 0, 0, 0, 0, 0, 728, 726, 724, 723, 722, 722, 694, 693, 693, 693, 694, 694, 695, 697, 698, 699, 701, 704, 706, 708, 710, 712, 715, 717, 723, 728, 733, 735, 743, 746, 749, 755, 766, 773, 778, 780, 788, 805, 810, 814, 830, 835, 850, 857]
[0, 785, 779, 773, 768, 765, 759, 573, 560, 0, 528, 532, 528, 0, 0, 0, 0, 734, 733, 731, 731, 730, 729, 723, 723, 722, 722, 722, 723, 724, 725, 728, 730, 732, 733, 735, 737, 740, 744, 749, 754, 723, 763, 733, 773, 779, 746, 790, 755, 804, 773, 812, 819, 826, 833, 841, 853, 863, 871, 879, 888]
[0, 785, 780, 774, 769, 765, 759, 573, 560, 0, 529, 531, 528, 0, 0, 0, 0, 734, 733, 731, 731, 730, 730, 730, 729, 729, 729, 730, 731, 732, 733, 734, 736, 738, 739, 742, 745, 748, 751, 755, 759, 764, 768, 773, 779, 785, 792, 797, 804, 811, 818, 812, 826, 833, 850, 860, 869, 863, 878, 887, 897]
[0, 790, 784, 778, 772, 768, 768, 573, 560, 0, 0, 528, 528, 0, 0, 0, 0, 735, 733, 732, 731, 730, 730, 730, 730, 729, 729, 730, 731, 732, 733, 735, 737, 738, 740, 743, 745, 748, 752, 756, 760, 764, 765, 770, 775, 786, 792, 793, 798, 804, 812, 819, 826, 834, 843, 853, 862, 871, 878, 887, 898]
[0, 787, 780, 773, 770, 767, 768, 573, 560, 0, 526, 526, 0, 0, 0, 0, 0, 735, 733, 732, 731, 730, 730, 730, 730, 730, 729, 731, 731, 733, 734, 735, 736, 738, 740, 741, 744, 747, 751, 755, 759, 764, 768, 772, 777, 783, 789, 795, 801, 809, 816, 823, 830, 837, 846, 856, 865, 874, 883, 892, 903]
[0, 819, 813, 807, 802, 797, 768, 573, 560, 0, 0, 528, 0, 0, 0, 0, 0, 763, 763, 763, 761, 761, 730, 731, 730, 729, 730, 730, 731, 732, 733, 734, 736, 738, 740, 742, 745, 749, 752, 755, 760, 765, 769, 774, 780, 785, 792, 795, 798, 804, 811, 818, 826, 834, 842, 852, 862, 870, 878, 887, 897]
[0, 817, 811, 806, 800, 796, 768, 573, 560, 0, 525, 526, 0, 0, 0, 0, 0, 0, 762, 0, 762, 761, 760, 758, 758, 729, 760, 730, 761, 762, 763, 764, 766, 768, 769, 771, 774, 776, 780, 784, 789, 793, 798, 804, 809, 815, 821, 826, 832, 839, 846, 855, 864, 871, 878, 887, 896, 905, 916, 928, 939]
[0, 817, 833, 821, 800, 816, 815, 573, 560, 0, 0, 529, 0, 0, 0, 0, 0, 781, 780, 780, 779, 778, 777, 758, 757, 758, 758, 759, 760, 762, 763, 764, 766, 768, 770, 771, 775, 778, 781, 785, 790, 794, 799, 805, 810, 816, 822, 828, 833, 840, 849, 857, 865, 872, 879, 888, 898, 906, 917, 929, 939]
[0, 843, 836, 831, 827, 821, 815, 573, 560, 0, 0, 526, 0, 0, 0, 0, 0, 787, 786, 786, 785, 783, 777, 776, 776, 777, 778, 778, 780, 782, 783, 784, 786, 789, 792, 794, 796, 799, 803, 807, 811, 817, 822, 827, 832, 838, 845, 852, 860, 867, 874, 880, 888, 896, 879, 905, 926, 906, 936, 946, 969]
[0, 841, 835, 830, 826, 821, 815, 573, 560, 0, 525, 526, 0, 0, 0, 0, 0, 788, 786, 786, 0, 783, 0, 782, 782, 782, 783, 785, 786, 786, 788, 790, 793, 796, 799, 801, 804, 807, 811, 815, 820, 825, 822, 829, 839, 846, 845, 853, 867, 873, 874, 881, 888, 895, 904, 915, 925, 934, 944, 953, 965]
[0, 841, 834, 830, 826, 821, 815, 573, 560, 0, 525, 528, 0, 0, 0, 0, 0, 789, 788, 788, 787, 786, 784, 783, 783, 783, 784, 784, 786, 788, 788, 789, 791, 794, 797, 800, 802, 805, 809, 813, 816, 821, 827, 831, 835, 842, 850, 857, 864, 870, 877, 885, 891, 899, 909, 919, 929, 938, 948, 959, 973]
[0, 875, 868, 863, 858, 852, 815, 573, 560, 0, 0, 525, 0, 0, 0, 0, 0, 818, 816, 814, 814, 814, 784, 783, 784, 785, 784, 786, 788, 789, 790, 792, 794, 796, 799, 801, 804, 808, 811, 815, 819, 824, 829, 834, 839, 845, 853, 861, 867, 873, 880, 888, 896, 904, 913, 923, 933, 942, 952, 964, 978]
[0, 870, 865, 860, 856, 851, 815, 573, 560, 0, 525, 525, 0, 0, 0, 0, 0, 0, 818, 817, 816, 817, 816, 814, 814, 814, 816, 816, 817, 819, 821, 792, 823, 826, 827, 829, 833, 836, 839, 843, 849, 855, 860, 865, 870, 875, 881, 887, 894, 901, 909, 918, 928, 936, 944, 953, 962, 975, 988, 999, 1011]
[0, 875, 870, 865, 860, 855, 815, 573, 560, 0, 525, 525, 0, 0, 0, 0, 0, 823, 822, 821, 821, 821, 816, 815, 814, 815, 815, 815, 816, 818, 820, 823, 825, 827, 829, 832, 835, 838, 841, 845, 850, 856, 863, 868, 872, 878, 884, 890, 896, 903, 911, 920, 931, 939, 947, 956, 968, 980, 991, 1002, 1014]
[0, 891, 885, 880, 875, 871, 815, 573, 560, 0, 0, 526, 0, 0, 0, 0, 0, 835, 835, 834, 833, 833, 821, 821, 820, 821, 822, 824, 826, 827, 829, 830, 832, 835, 837, 832, 846, 838, 856, 845, 861, 866, 870, 874, 880, 886, 892, 898, 905, 913, 922, 931, 939, 948, 957, 967, 979, 991, 1002, 1012, 1025]
[0, 887, 882, 877, 875, 874, 815, 573, 560, 0, 0, 525, 0, 0, 0, 0, 0, 837, 836, 835, 834, 834, 834, 833, 833, 834, 834, 834, 835, 837, 839, 842, 846, 848, 851, 854, 858, 862, 866, 871, 874, 879, 883, 888, 894, 901, 908, 913, 921, 929, 938, 946, 955, 964, 975, 986, 996, 1007, 1018, 1031, 1047]
[0, 891, 885, 880, 875, 871, 815, 573, 560, 0, 0, 526, 0, 0, 0, 0, 0, 835, 835, 834, 833, 833, 834, 834, 833, 833, 835, 835, 835, 837, 840, 841, 844, 848, 850, 854, 858, 862, 866, 870, 873, 877, 883, 889, 894, 899, 906, 913, 922, 930, 937, 946, 955, 963, 973, 985, 995, 1006, 1018, 1029, 1042]
[0, 890, 885, 879, 875, 871, 815, 573, 560, 0, 527, 528, 0, 0, 0, 0, 0, 837, 836, 836, 835, 0, 835, 833, 833, 834, 834, 835, 836, 837, 839, 843, 846, 849, 852, 854, 859, 863, 867, 871, 874, 878, 883, 888, 894, 901, 908, 914, 921, 929, 939, 947, 955, 965, 975, 986, 996, 1007, 1018, 1031, 1046]
[0, 916, 911, 905, 899, 894, 815, 573, 560, 0, 521, 524, 0, 0, 0, 0, 0, 864, 863, 863, 862, 861, 836, 836, 833, 835, 835, 836, 837, 838, 840, 843, 846, 848, 850, 853, 858, 861, 866, 869, 873, 878, 882, 887, 892, 898, 905, 912, 919, 926, 933, 942, 951, 960, 970, 981, 991, 1001, 1012, 1023, 1036]
[0, 925, 919, 913, 908, 906, 815, 573, 560, 0, 0, 525, 527, 0, 0, 0, 0, 0, 873, 872, 872, 872, 872, 862, 862, 863, 864, 864, 866, 867, 869, 871, 873, 876, 879, 882, 886, 889, 894, 899, 904, 909, 916, 921, 927, 898, 940, 946, 955, 963, 972, 942, 993, 960, 1012, 1023, 991, 1046, 1061, 1073, 1085]
[0, 961, 954, 949, 945, 906, 815, 573, 560, 0, 0, 525, 0, 0, 0, 0, 0, 0, 909, 909, 908, 907, 907, 872, 872, 872, 873, 874, 875, 875, 876, 878, 881, 884, 887, 891, 894, 898, 902, 906, 911, 918, 924, 929, 935, 942, 949, 955, 961, 969, 978, 990, 998, 1007, 1017, 1029, 1040, 1051, 1065, 1078, 1091]
[0, 960, 954, 948, 943, 906, 815, 573, 560, 0, 524, 525, 0, 0, 0, 0, 0, 909, 908, 908, 907, 907, 907, 907, 908, 908, 908, 909, 911, 913, 915, 916, 918, 922, 927, 930, 934, 938, 942, 947, 952, 957, 963, 972, 979, 986, 994, 1001, 1009, 1017, 1026, 1036, 1045, 1056, 1068, 1080, 1091, 1105, 1119, 1135, 1151]
[0, 979, 970, 963, 957, 951, 815, 573, 560, 0, 0, 525, 0, 0, 0, 0, 0, 0, 923, 921, 920, 921, 921, 908, 909, 908, 909, 911, 913, 913, 915, 916, 919, 922, 926, 931, 934, 938, 943, 948, 953, 958, 964, 972, 979, 987, 995, 1001, 1009, 1018, 1027, 1036, 1047, 1057, 1069, 1081, 1092, 1106, 1119, 1138, 1154]
[0, 978, 969, 962, 956, 954, 815, 573, 560, 0, 0, 523, 0, 0, 0, 0, 0, 0, 921, 920, 919, 919, 921, 922, 922, 923, 924, 925, 927, 928, 930, 932, 934, 935, 939, 942, 945, 950, 955, 960, 964, 970, 978, 985, 992, 999, 1005, 1012, 1021, 1031, 1040, 1049, 1059, 1070, 1081, 1093, 1106, 1120, 1136, 1150, 1166]
[0, 974, 967, 961, 955, 954, 815, 573, 560, 0, 0, 523, 0, 0, 0, 0, 0, 0, 922, 921, 920, 921, 0, 921, 922, 923, 924, 926, 928, 929, 931, 932, 934, 937, 940, 943, 947, 951, 955, 960, 966, 971, 978, 986, 994, 1000, 1006, 1014, 1023, 1032, 1041, 1050, 1061, 1072, 1082, 1095, 1108, 1122, 1139, 1153, 1166]
[0, 1054, 1047, 1041, 1036, 954, 815, 573, 560, 0, 0, 523, 0, 0, 0, 0, 0, 0, 1000, 1001, 1000, 1000, 0, 922, 922, 924, 924, 926, 928, 929, 931, 933, 935, 937, 940, 943, 947, 951, 956, 962, 967, 973, 980, 987, 994, 1001, 1007, 1016, 1024, 1034, 1041, 1053, 1064, 1072, 1074, 1084, 1096, 1109, 1123, 1141, 1157]
[0, 1058, 1053, 1045, 1038, 954, 815, 573, 560, 0, 0, 522, 0, 0, 0, 0, 0, 0, 1002, 1002, 1001, 1002, 0, 1002, 1003, 1003, 1004, 1005, 1007, 1009, 1012, 1013, 1016, 1021, 1024, 1028, 1033, 1037, 1043, 1049, 1056, 1062, 1068, 1076, 1083, 1091, 1099, 1108, 1117, 1128, 1138, 1149, 1163, 1174, 1186, 1200, 1212, 1227, 1241, 1257, 1276]
[0, 1061, 1055, 1048, 1041, 1037, 815, 573, 560, 0, 0, 0, 0, 0, 0, 0, 0, 1002, 1002, 1002, 1002, 1002, 0, 1001, 1003, 1004, 1004, 1005, 1007, 1010, 1011, 1014, 1017, 1021, 1025, 1028, 1033, 1039, 1043, 1050, 1057, 1062, 1069, 1078, 1084, 1091, 1100, 1108, 1117, 1119, 1130, 1141, 1155, 1167, 1177, 1189, 1203, 1215, 1229, 1247, 1263]
[0, 1073, 1067, 1060, 1054, 1037, 815, 573, 560, 0, 0, 522, 0, 0, 0, 0, 0, 0, 1019, 1019, 1019, 1020, 0, 1001, 1003, 1004, 1004, 1005, 1006, 1009, 1011, 1013, 1016, 1019, 1024, 1028, 1031, 1036, 1041, 1046, 1054, 1060, 1066, 1074, 1081, 1087, 1095, 1105, 1114, 1124, 1134, 1146, 1159, 1172, 1185, 1197, 1211, 1226, 1239, 1255, 1271]
[0, 1109, 1100, 1093, 1088, 1037, 815, 573, 560, 0, 0, 521, 0, 0, 0, 0, 0, 0, 1050, 1050, 1049, 1049, 0, 1020, 1021, 1022, 1023, 1024, 1025, 1027, 1031, 1034, 1037, 1040, 1043, 1048, 1054, 1059, 1064, 1071, 1077, 1082, 1089, 1095, 1103, 1087, 1112, 1132, 1142, 1124, 1153, 1163, 1174, 1186, 1199, 1212, 1227, 1242, 1256, 1271, 1289]
[0, 1111, 1103, 1095, 1089, 1084, 815, 573, 560, 0, 0, 521, 0, 0, 0, 0, 0, 1048, 1047, 1047, 1047, 1048, 0, 1051, 1052, 1053, 1053, 1054, 1057, 1060, 1062, 1065, 1068, 1071, 1075, 1080, 1085, 1090, 1095, 1101, 1107, 1116, 1124, 1131, 1139, 1150, 1158, 1165, 1174, 1185, 1197, 1208, 1221, 1236, 1251, 1263, 1278, 1295, 1256, 1271, 0]
[0, 1105, 1103, 1097, 1091, 1085, 815, 573, 560, 0, 0, 523, 0, 0, 0, 0, 0, 0, 1049, 1049, 1048, 1050, 0, 0, 1051, 1055, 1053, 1056, 1057, 1058, 1060, 1063, 1066, 1070, 1074, 1077, 1082, 1088, 1093, 1099, 1105, 1113, 1121, 1128, 1137, 1147, 1154, 1163, 1172, 1182, 1193, 1205, 1218, 1231, 1245, 1258, 1271, 1289, 1305, 1271, 1332]
[0, 1108, 1099, 1092, 1087, 1085, 815, 573, 560, 0, 0, 521, 0, 0, 0, 0, 0, 0, 1049, 1048, 1048, 1049, 0, 1050, 1051, 1053, 1055, 1057, 1058, 1059, 1062, 1066, 1070, 1074, 1077, 1080, 1082, 1085, 1091, 1095, 1102, 1111, 1120, 1127, 1134, 1144, 1153, 1161, 1169, 1180, 1191, 1203, 1215, 1228, 1242, 1255, 1268, 1286, 1303, 1271, 1327]
[0, 1161, 1155, 1148, 1142, 1135, 815, 573, 560, 0, 0, 524, 0, 0, 0, 0, 0, 1098, 1097, 1098, 1099, 1099, 0, 1052, 1053, 1053, 1055, 1056, 1056, 1060, 1063, 1065, 1069, 1073, 1076, 1080, 1086, 1090, 1095, 1101, 1107, 1116, 1124, 1132, 1141, 1150, 1159, 1168, 1175, 1187, 1200, 1213, 1215, 1227, 1240, 1252, 1266, 1281, 1297, 1271, 1323]
[0, 1161, 1155, 1147, 1140, 1135, 815, 573, 560, 0, 0, 522, 0, 0, 0, 0, 0, 1099, 0, 1098, 0, 1098, 1099, 1101, 1102, 1105, 1107, 1109, 1113, 1115, 1063, 1116, 1119, 1122, 1128, 1133, 1138, 1144, 1150, 1157, 1163, 1168, 1174, 1181, 1190, 1200, 1209, 1219, 1232, 1247, 1263, 1278, 1286, 1303, 1321, 1335, 1349, 1362, 1381, 1400, 1416]
[0, 1177, 1169, 1161, 1155, 1151, 815, 573, 560, 0, 0, 0, 0, 0, 0, 0, 0, 1120, 1119, 1118, 1117, 1118, 0, 1099, 1101, 1104, 1105, 1107, 1109, 1111, 1115, 1119, 1121, 1125, 1130, 1135, 1141, 1147, 1152, 1159, 1164, 1169, 1176, 1184, 1194, 1203, 1213, 1224, 1236, 1251, 1267, 1281, 1289, 1306, 1326, 1337, 1352, 1369, 1385, 1404, 1422]
[0, 1206, 1199, 1193, 1188, 1151, 815, 573, 560, 0, 0, 522, 0, 0, 0, 0, 0, 0, 1156, 1156, 1155, 1156, 0, 1122, 1125, 1127, 1129, 1132, 1133, 1135, 1115, 1140, 1144, 1125, 1146, 1151, 1157, 1163, 1168, 1174, 1181, 1189, 1196, 1205, 1214, 1222, 1234, 1242, 1253, 1266, 1278, 1290, 1304, 1321, 1339, 1354, 1368, 1385, 1404, 1427, 1422]
[0, 1212, 1204, 1199, 1193, 1186, 815, 573, 560, 0, 0, 522, 0, 0, 0, 0, 0, 1154, 1154, 1154, 1155, 1157, 0, 1158, 1159, 1160, 1162, 1163, 1165, 1167, 1169, 1171, 1173, 1176, 1181, 1186, 1193, 1203, 1212, 1223, 1238, 1249, 1250, 1254, 1262, 1269, 1279, 1289, 1302, 1317, 1332, 1346, 1358, 1371, 1385, 1401, 1419, 1385, 1451, 1483, 1501]
[0, 1212, 1204, 1198, 1192, 1191, 815, 573, 560, 0, 0, 522, 0, 0, 0, 0, 0, 1154, 1154, 1154, 1155, 1157, 0, 1159, 1160, 1162, 1161, 1163, 1166, 1169, 1171, 1172, 1173, 1176, 1180, 1188, 1196, 1202, 1211, 1221, 1231, 1243, 1254, 1261, 1264, 1269, 1276, 1285, 1300, 1316, 1328, 1342, 1352, 1364, 1380, 1395, 1415, 1434, 1456, 1477, 1493]
[0, 1236, 1227, 1218, 1211, 1191, 815, 573, 560, 0, 0, 523, 0, 0, 0, 0, 0, 0, 1175, 1176, 1176, 1176, 0, 1158, 1160, 1161, 1161, 1163, 1163, 1166, 1171, 1172, 1173, 1176, 1180, 1188, 1196, 1202, 1211, 1221, 1231, 1243, 1255, 1261, 1264, 1269, 1276, 1285, 1300, 1315, 1328, 1341, 1351, 1365, 1380, 1395, 1415, 1434, 1447, 1476, 1493]
[0, 1238, 1230, 1220, 1212, 1191, 815, 573, 560, 0, 0, 521, 0, 0, 0, 0, 0, 0, 1176, 1175, 1176, 1176, 0, 1178, 1179, 1181, 1182, 1184, 1188, 1192, 1196, 1201, 1203, 1206, 1215, 1223, 1227, 1234, 1242, 1249, 1253, 1264, 1275, 1280, 1287, 1298, 1311, 1324, 1336, 1347, 1357, 1370, 1384, 1398, 1412, 1395, 0, 1471, 1486, 1500, 1515]
[0, 1279, 1271, 1263, 1255, 1191, 815, 573, 560, 0, 0, 521, 0, 0, 0, 0, 0, 1222, 1221, 1225, 0, 1219, 0, 1178, 1180, 1181, 1187, 1190, 1189, 1194, 1198, 1200, 1203, 1206, 1215, 1222, 1226, 1233, 1243, 1249, 1253, 1260, 1269, 1279, 1287, 1298, 1310, 1319, 1332, 1347, 1357, 1367, 1380, 1395, 1413, 1431, 1450, 1468, 1490, 1503, 1510]
[0, 1296, 1288, 1280, 1275, 1267, 815, 573, 560, 0, 521, 522, 0, 0, 0, 0, 0, 0, 1238, 1239, 1240, 1236, 0, 0, 1230, 1229, 1234, 1232, 1232, 1238, 1241, 1242, 1243, 1246, 1253, 1259, 1266, 1272, 1276, 1282, 1290, 1300, 1309, 1317, 1328, 1338, 1348, 1358, 1368, 1374, 1383, 1393, 1404, 1414, 1426, 1440, 1453, 1467, 1482, 1497, 1510]
[0, 1290, 1283, 1275, 1267, 1267, 815, 573, 560, 0, 0, 522, 0, 0, 0, 0, 0, 0, 1242, 1240, 1238, 1236, 0, 1239, 1241, 1242, 1248, 1252, 1254, 1255, 1256, 1257, 1262, 1268, 1273, 1277, 1282, 1290, 1297, 1282, 1314, 1300, 1322, 1330, 1337, 1342, 1348, 1356, 1365, 1374, 1381, 1389, 1398, 1408, 1420, 1432, 1444, 1459, 1475, 1490, 1502]
[0, 1374, 1367, 1363, 1354, 1267, 815, 573, 560, 0, 0, 521, 0, 0, 0, 0, 0, 0, 1305, 1305, 1302, 1299, 0, 0, 1237, 1240, 1245, 1251, 1255, 1258, 1259, 1257, 1260, 1265, 1271, 1276, 1282, 1287, 1293, 1301, 1311, 1319, 1328, 1336, 1340, 1346, 1351, 1358, 1368, 1375, 1383, 1394, 1403, 1414, 1426, 1440, 1453, 1467, 1481, 1496, 1510]
[0, 1370, 1364, 1357, 1349, 1267, 815, 573, 560, 0, 0, 523, 0, 0, 0, 0, 0, 1304, 1306, 1304, 1302, 0, 0, 1298, 1298, 1294, 1290, 1290, 1292, 1292, 1291, 1292, 1294, 1295, 1295, 1297, 1300, 1302, 1305, 1309, 1314, 1319, 1318, 1331, 1340, 1338, 1347, 1353, 1359, 1371, 1380, 1386, 1395, 1407, 1418, 1429, 1441, 1454, 1469, 1484, 1498]
[0, 1396, 1385, 1377, 1371, 1368, 815, 573, 560, 0, 0, 522, 0, 0, 0, 0, 0, 0, 1316, 1310, 1304, 1300, 0, 0, 1297, 1295, 1291, 1291, 1291, 1290, 1290, 1291, 1292, 1293, 1294, 1296, 1299, 1301, 1305, 1309, 1311, 1316, 1321, 1325, 1333, 1342, 1348, 1355, 1363, 1370, 1378, 1389, 1398, 1408, 1418, 1431, 1444, 1458, 1475, 1489, 1502]
[0, 1391, 1383, 1376, 1371, 1368, 815, 573, 560, 0, 0, 0, 0, 0, 0, 0, 0, 0, 1318, 1310, 1303, 1300, 0, 0, 1295, 1292, 1291, 1290, 1291, 1292, 1291, 1291, 1293, 1294, 1295, 1297, 1300, 1302, 1305, 1309, 1311, 1318, 1321, 1324, 1331, 1338, 1343, 1349, 1357, 1368, 1379, 1386, 1394, 1406, 1417, 1428, 1441, 1454, 1468, 1484, 1498]
[0, 1447, 1421, 1410, 1403, 1398, 0, 0, 560, 0, 0, 0, 0, 0, 0, 0, 0, 1319, 1313, 1309, 1306, 1301, 0, 1296, 1294, 1291, 1290, 1290, 1290, 1290, 1290, 1289, 1293, 1292, 1295, 1298, 1300, 1300, 1303, 1306, 1308, 1313, 1318, 1323, 1329, 1337, 1344, 1351, 1357, 1368, 1379, 1385, 1392, 1404, 1415, 1427, 1441, 1455, 1470, 1484, 1501]
[0, 1447, 1448, 1430, 1421, 1412, 0, 0, 0, 0, 0, 0, 0, 0, 0, 0, 0, 1319, 1314, 1310, 1306, 1301, 0, 1295, 1293, 1292, 1289, 1287, 1286, 1286, 1287, 1289, 1289, 1291, 1292, 1295, 1298, 1300, 1304, 1308, 1312, 1315, 1320, 1326, 1334, 1343, 1349, 1356, 1366, 1374, 1380, 1390, 1401, 1411, 1425, 1436, 1447, 1463, 1479, 1491, 1503]
[0, 1447, 1448, 0, 1417, 1412, 0, 0, 0, 0, 0, 0, 0, 0, 0, 0, 1325, 1316, 1312, 1307, 1303, 1300, 1297, 1297, 1294, 1292, 1291, 1289, 1286, 1286, 1288, 1287, 1287, 1290, 1291, 1294, 1298, 1300, 1304, 1306, 1310, 1315, 1320, 1327, 1335, 1342, 1348, 1355, 1363, 1371, 1380, 1390, 1400, 1408, 1419, 1433, 1447, 1463, 1479, 1491, 1503]
[0, 1460, 1448, 1446, 1433, 1418, 0, 0, 0, 0, 0, 0, 0, 0, 0, 0, 0, 1318, 1314, 1309, 1306, 1301, 0, 1296, 1294, 1291, 1290, 1287, 1284, 1287, 1290, 1289, 1287, 1291, 1293, 1294, 1297, 1300, 1302, 1305, 1308, 1313, 1318, 1323, 1329, 1337, 1344, 1351, 1357, 1367, 1378, 1384, 1392, 1404, 1415, 1425, 1439, 1455, 1469, 1484, 1500]
[0, 1476, 1460, 1445, 1430, 1415, 0, 0, 0, 0, 0, 0, 0, 0, 0, 0, 0, 1318, 1313, 1309, 1305, 1301, 0, 1294, 1292, 1291, 1289, 1287, 1286, 1285, 1287, 1289, 1289, 1290, 1292, 1294, 1297, 1300, 1303, 1307, 1310, 1314, 1319, 1327, 1334, 1339, 1344, 1355, 1365, 1371, 1382, 1384, 1391, 1401, 1422, 1425, 1434, 1447, 1464, 1483, 1497]
[0, 1465, 1448, 1434, 1422, 1408, 0, 0, 0, 0, 0, 0, 0, 0, 0, 0, 0, 1317, 1313, 1308, 1304, 1300, 0, 1294, 1292, 1291, 1288, 1285, 1284, 1285, 1287, 1289, 1289, 1291, 1293, 1294, 1298, 1301, 1303, 1307, 1311, 1314, 1319, 1321, 1329, 1335, 1341, 1349, 1358, 1365, 1374, 1384, 1394, 1404, 1413, 1423, 1437, 1450, 1465, 1483, 1499]
[0, 1465, 1450, 1434, 1422, 1411, 0, 0, 0, 0, 534, 532, 535, 0, 0, 0, 0, 1320, 1314, 1309, 1304, 1301, 1296, 1295, 1294, 1288, 1287, 1288, 1285, 1286, 1288, 1286, 1286, 1289, 1290, 1294, 1297, 1300, 1303, 1307, 1311, 1315, 1319, 1324, 1332, 1339, 1344, 1353, 1363, 1371, 1379, 1389, 1398, 1407, 1420, 1434, 1447, 1460, 1476, 1483, 1492]
[0, 1461, 1447, 1431, 1422, 1418, 1408, 0, 0, 0, 534, 533, 535, 0, 0, 0, 0, 1317, 1312, 1309, 1304, 1300, 0, 1293, 1289, 1289, 1286, 1285, 1285, 1282, 1282, 1284, 1285, 1287, 1289, 1291, 1292, 1293, 1299, 1304, 1308, 1311, 1315, 1320, 1327, 1334, 1342, 1349, 1358, 1368, 1375, 1383, 1393, 1404, 1416, 1429, 1440, 1455, 1470, 1487, 1502]
[0, 1466, 1450, 1436, 1425, 1412, 1408, 0, 0, 0, 536, 534, 535, 0, 0, 0, 1323, 1312, 1306, 1303, 0, 1301, 1297, 1292, 1290, 1290, 1289, 1287, 1285, 1283, 1284, 1287, 1288, 1288, 1290, 1293, 1296, 1299, 1300, 1304, 1310, 1314, 1318, 1323, 1332, 1339, 1344, 1350, 1359, 1370, 1379, 1388, 1398, 1407, 1419, 1433, 1446, 1459, 1475, 1492, 1506]
[0, 1460, 1447, 1431, 1418, 1407, 1408, 0, 0, 0, 534, 533, 537, 0, 0, 0, 0, 1317, 1312, 1308, 1303, 1300, 0, 1297, 1292, 1288, 1287, 1286, 1286, 1286, 1282, 1282, 1284, 1285, 1288, 1291, 1291, 1293, 1297, 1302, 1306, 1311, 1315, 1320, 1327, 1334, 1341, 1349, 1354, 1364, 1374, 1382, 1392, 1403, 1414, 1427, 1440, 1452, 1468, 1486, 1499]
[0, 1460, 1459, 1444, 1429, 1415, 1404, 0, 0, 538, 535, 534, 537, 0, 0, 0, 0, 1317, 1312, 1308, 1304, 1301, 0, 1292, 1289, 1287, 1287, 1286, 1285, 1283, 1282, 1284, 1286, 1288, 1289, 1292, 1293, 1294, 1299, 1304, 1307, 1311, 1316, 1324, 1333, 1337, 1344, 1351, 1359, 1370, 1379, 1385, 1395, 1407, 1418, 1429, 1443, 1457, 1473, 1491, 1503]
[0, 1466, 1452, 1437, 1420, 1410, 1404, 0, 0, 538, 535, 0, 537, 0, 0, 0, 0, 1315, 1311, 1307, 1302, 1296, 0, 1293, 1291, 1287, 1285, 1284, 1284, 1285, 1286, 1287, 1285, 1286, 1289, 1290, 1293, 1298, 1301, 1305, 1309, 1313, 1317, 1323, 1331, 1339, 1344, 1351, 1359, 1366, 1379, 1374, 1397, 1407, 1408, 1420, 1432, 1447, 1466, 1485, 1504]
[0, 1474, 1458, 1444, 1429, 1415, 1404, 0, 0, 538, 0, 0, 537, 0, 0, 0, 0, 1316, 1311, 1307, 1303, 1300, 0, 1292, 1287, 1288, 1286, 1284, 1284, 1283, 1285, 1285, 1284, 1286, 1289, 1288, 1291, 1293, 1296, 1302, 1307, 1309, 1310, 1316, 1321, 1328, 1337, 1343, 1353, 1362, 1369, 1379, 1392, 1401, 1411, 1424, 1437, 1454, 1473, 1489, 1501]
[0, 1464, 1449, 1434, 1421, 1410, 1404, 0, 0, 0, 532, 532, 537, 0, 0, 0, 1320, 0, 1311, 1306, 1303, 1300, 1296, 1290, 1288, 1286, 1284, 1284, 1282, 1282, 1285, 1286, 1285, 1286, 1288, 1290, 1295, 1299, 1300, 1303, 1307, 1312, 1316, 1321, 1327, 1336, 1345, 1351, 1360, 1362, 1368, 1374, 1386, 1397, 1408, 1422, 1434, 1447, 1466, 1485, 1504]
[0, 1464, 1458, 1444, 1430, 1414, 1404, 0, 0, 0, 532, 531, 532, 0, 0, 0, 0, 1316, 1311, 1307, 1303, 1299, 0, 1292, 1286, 1287, 1288, 1285, 1283, 1282, 1281, 1282, 1284, 1285, 1287, 1290, 1291, 1293, 1298, 1302, 1306, 1315, 1325, 1332, 1340, 1349, 1356, 1364, 1375, 1384, 1393, 1404, 1414, 1424, 1435, 1446, 1458, 1472, 1490, 1504, 1508]
[0, 1457, 1458, 1443, 1428, 1414, 1403, 0, 0, 0, 531, 532, 532, 0, 0, 0, 0, 1316, 1311, 1306, 1302, 1299, 0, 1291, 1289, 1287, 1284, 1285, 1285, 1284, 1285, 1286, 1286, 1286, 1289, 1290, 1293, 1297, 1300, 1304, 1309, 1319, 1329, 1336, 1342, 1350, 1357, 1365, 1377, 1388, 1396, 1406, 1416, 1426, 1435, 1451, 1458, 1479, 1491, 0, 1508]
[0, 1465, 1451, 1438, 1423, 1410, 1403, 0, 0, 0, 0, 533, 535, 0, 0, 0, 0, 1311, 1306, 1303, 1301, 0, 0, 1291, 1288, 1287, 1284, 1283, 1283, 1283, 1282, 1283, 1285, 1285, 1288, 1290, 1293, 1297, 1300, 1304, 1313, 1323, 1331, 1337, 1342, 1350, 1358, 1365, 1377, 1388, 1388, 1397, 1406, 1415, 1427, 1441, 1452, 1464, 1477, 1493, 0]
[0, 1465, 1450, 1437, 1421, 1409, 1400, 0, 0, 0, 0, 533, 534, 0, 0, 0, 0, 1313, 1307, 1304, 1302, 1296, 0, 1287, 1286, 1287, 1286, 1284, 1284, 1286, 1284, 1283, 1283, 1288, 1293, 1295, 1298, 1302, 1307, 1313, 1318, 1322, 1326, 1332, 1337, 1343, 1353, 1361, 1370, 1382, 1391, 1403, 1414, 1421, 1431, 1444, 1456, 1470, 1483, 1500, 1509]
[0, 1464, 1450, 1437, 1422, 1408, 1400, 0, 0, 0, 0, 532, 534, 0, 0, 0, 0, 1312, 1307, 1304, 1301, 1295, 0, 1289, 1286, 1286, 1286, 1287, 1287, 1289, 1290, 1293, 1297, 1300, 1302, 1303, 1305, 1308, 1310, 1313, 1318, 1321, 1326, 1331, 1337, 1347, 1356, 1361, 1368, 1379, 1391, 1403, 1413, 1421, 1431, 1444, 1456, 1472, 1486, 1501, 1507]
[0, 1457, 1445, 1433, 1418, 1407, 1406, 0, 0, 0, 0, 532, 534, 0, 0, 0, 1339, 0, 1323, 1319, 1317, 1314, 0, 1289, 1287, 1286, 1286, 1287, 1287, 1289, 1291, 1293, 1296, 1299, 1302, 1302, 1304, 1308, 1311, 1314, 1317, 1321, 1326, 1332, 1338, 1347, 1356, 1361, 1369, 1380, 1391, 1402, 1413, 1421, 1432, 1444, 1456, 1472, 1486, 1500, 1506]
[0, 1470, 1453, 1441, 1425, 1411, 1403, 0, 0, 0, 532, 532, 534, 0, 0, 0, 1339, 0, 1324, 1319, 1314, 1310, 0, 0, 1304, 1304, 1302, 1300, 1300, 1297, 1296, 1298, 1299, 1301, 1303, 1304, 1306, 1309, 1313, 1316, 1317, 1320, 1326, 1333, 1340, 1346, 1352, 1363, 1374, 1385, 1393, 1402, 1415, 1426, 1436, 1447, 1458, 1472, 1490, 1505, 1509]
[0, 1454, 1440, 1429, 1425, 1417, 1410, 0, 0, 0, 534, 533, 534, 0, 0, 0, 1339, 1329, 1325, 1320, 1314, 1310, 1307, 0, 1303, 1301, 1300, 1299, 1298, 1297, 1299, 1301, 1302, 1303, 1302, 1304, 1306, 1306, 1309, 1314, 1316, 1319, 1324, 1328, 1334, 1344, 1351, 1358, 1368, 1377, 1387, 1397, 1409, 1419, 1428, 1442, 1454, 1466, 1479, 1494, 1505]
[0, 1461, 1452, 1439, 1425, 1427, 1410, 0, 0, 0, 0, 533, 534, 0, 0, 0, 1339, 1332, 1325, 1320, 1316, 1312, 1308, 0, 1303, 1301, 1299, 1299, 1300, 1297, 1296, 1298, 1301, 1304, 1303, 1304, 1306, 1309, 1313, 1316, 1318, 1322, 1327, 1334, 1342, 1350, 1357, 1358, 1365, 1377, 1387, 1396, 1405, 1415, 1427, 1440, 1452, 1464, 1477, 1488, 0]
[0, 1477, 1463, 1451, 1440, 1429, 1410, 0, 0, 0, 0, 534, 534, 0, 0, 0, 1339, 1334, 1325, 1321, 1317, 1312, 1308, 0, 1305, 1304, 1302, 1299, 1299, 1299, 1298, 1298, 1301, 1303, 1302, 1304, 1306, 1308, 1312, 1316, 1319, 1323, 1329, 1332, 1339, 1350, 1357, 1365, 1377, 1377, 1387, 1403, 1405, 1416, 1426, 1440, 1451, 1463, 1476, 1493, 1517]
[0, 1476, 1463, 1452, 1439, 1427, 1410, 0, 0, 0, 533, 533, 534, 0, 0, 0, 1339, 1332, 1324, 1319, 1315, 1311, 1309, 0, 1305, 1302, 1300, 1299, 1298, 1296, 1297, 1298, 1300, 1301, 1302, 1303, 1306, 1308, 1312, 1315, 1318, 1323, 1329, 1332, 1340, 1350, 1357, 1365, 1376, 1386, 1395, 1403, 1415, 1426, 1426, 1439, 1451, 1462, 1476, 1492, 1513]
[0, 1490, 1475, 1460, 1445, 1432, 1423, 0, 0, 0, 534, 534, 534, 0, 0, 0, 1339, 1329, 1323, 1318, 1314, 1309, 1308, 0, 1304, 1303, 1301, 1298, 1298, 1299, 1298, 1297, 1297, 1299, 1302, 1304, 1306, 1308, 1312, 1315, 1318, 1323, 1328, 1332, 1339, 1350, 1357, 1365, 1376, 1386, 1388, 1396, 1404, 1416, 1427, 1440, 1451, 1461, 1476, 1492, 0]
[0, 1482, 1467, 1455, 1444, 1432, 1418, 1401, 0, 0, 0, 551, 555, 0, 0, 0, 1332, 1329, 1324, 1319, 1316, 1313, 0, 1304, 1303, 1301, 1300, 1299, 1295, 1295, 1299, 1299, 1297, 1302, 1302, 1302, 1305, 1307, 1309, 1313, 1316, 1319, 1325, 1331, 1336, 1342, 1352, 1360, 1371, 1382, 1391, 1399, 1410, 1421, 1432, 1444, 1456, 1471, 1485, 1499, 1505]
[0, 1479, 1465, 1454, 1441, 1430, 1418, 1404, 1393, 1380, 0, 551, 0, 569, 571, 582, 1332, 0, 1324, 1321, 1317, 1313, 0, 1305, 1304, 1303, 1301, 1299, 1293, 1292, 1298, 1300, 1299, 1300, 1302, 1303, 1306, 1308, 1312, 1315, 1316, 1320, 1326, 1330, 1338, 1346, 1349, 1359, 1374, 1385, 1393, 1402, 1414, 1425, 1435, 1448, 1459, 1473, 1489, 1504, 1512]
