[0, 0, 0, 0, 0, 0, 0, 0, 0, 0, 0, 0, 0, 0, 0, 0, 0, 0, 0, 0, 0, 0, 0, 0, 0, 0, 0, 0, 0, 0, 0, 0, 0, 0, 0, 0, 0, 0, 0, 0, 0, 0, 0, 0, 0, 0, 0, 0, 0, 0, 0, 0, 0, 0, 0, 0, 0, 0, 0, 0, 0]
[0, 523, 519, 515, 511, 508, 505, 502, 498, 495, 493, 490, 487, 485, 484, 484, 482, 480, 480, 478, 477, 476, 475, 469, 463, 459, 458, 460, 466, 473, 475, 476, 477, 478, 479, 480, 481, 483, 484, 485, 487, 488, 492, 494, 495, 497, 501, 504, 507, 511, 514, 518, 522, 526, 531, 536, 541, 546, 552, 558, 564]
[0, 522, 519, 515, 511, 508, 505, 500, 498, 497, 494, 491, 489, 486, 485, 483, 482, 481, 480, 478, 477, 476, 476, 468, 461, 458, 458, 461, 469, 475, 475, 476, 477, 478, 480, 480, 481, 484, 484, 484, 486, 487, 490, 492, 495, 498, 501, 505, 509, 511, 515, 519, 523, 527, 532, 537, 542, 548, 554, 559, 565]
[0, 522, 519, 515, 511, 509, 505, 500, 498, 495, 494, 489, 489, 487, 485, 484, 482, 481, 480, 478, 477, 477, 476, 468, 460, 458, 459, 462, 471, 476, 475, 476, 476, 477, 478, 480, 481, 482, 484, 485, 486, 488, 490, 493, 496, 499, 502, 506, 509, 513, 516, 520, 524, 528, 533, 538, 543, 549, 554, 560, 567]
[0, 522, 519, 514, 511, 508, 505, 500, 497, 494, 494, 491, 488, 486, 485, 483, 482, 481, 480, 478, 477, 476, 476, 468, 460, 458, 459, 462, 470, 475, 476, 476, 476, 477, 478, 479, 480, 482, 484, 484, 486, 488, 490, 493, 495, 498, 501, 505, 509, 512, 515, 519, 523, 527, 532, 537, 542, 548, 554, 559, 565]
[0, 523, 519, 514, 510, 508, 506, 503, 500, 497, 494, 491, 488, 486, 485, 483, 482, 480, 479, 478, 477, 476, 476, 468, 460, 458, 458, 459, 462, 476, 475, 476, 476, 477, 478, 480, 481, 482, 483, 485, 486, 488, 490, 493, 496, 499, 501, 505, 509, 512, 516, 520, 523, 528, 533, 537, 542, 548, 554, 560, 566]
[0, 523, 519, 514, 511, 508, 505, 503, 500, 494, 494, 491, 488, 486, 485, 483, 481, 481, 479, 478, 477, 476, 476, 468, 460, 460, 458, 459, 463, 471, 476, 475, 476, 477, 478, 479, 481, 482, 483, 485, 486, 488, 491, 493, 496, 499, 502, 506, 509, 512, 516, 520, 524, 528, 533, 538, 543, 548, 554, 560, 566]
[0, 525, 520, 516, 511, 507, 505, 502, 498, 496, 493, 490, 488, 486, 484, 483, 482, 480, 479, 478, 477, 476, 475, 470, 460, 458, 459, 459, 462, 470, 476, 475, 477, 478, 478, 480, 480, 482, 483, 484, 486, 488, 490, 493, 496, 498, 501, 505, 509, 512, 516, 520, 523, 528, 533, 538, 543, 548, 554, 560, 566]
[0, 523, 519, 515, 511, 507, 504, 500, 497, 496, 494, 491, 488, 486, 485, 483, 482, 481, 479, 478, 477, 476, 476, 468, 462, 458, 458, 460, 468, 474, 475, 476, 477, 478, 479, 480, 482, 482, 484, 485, 487, 488, 490, 493, 495, 497, 501, 504, 507, 511, 515, 519, 522, 527, 531, 536, 541, 546, 552, 559, 564]
[0, 531, 527, 523, 519, 515, 512, 509, 506, 503, 500, 497, 496, 486, 491, 489, 482, 487, 486, 485, 484, 484, 484, 0, 460, 458, 459, 460, 471, 476, 475, 476, 477, 477, 478, 481, 482, 483, 483, 485, 486, 489, 492, 494, 496, 499, 503, 506, 509, 513, 517, 522, 526, 531, 536, 541, 546, 552, 557, 563, 571]
[0, 531, 526, 523, 519, 515, 512, 509, 505, 502, 500, 498, 496, 495, 493, 491, 489, 488, 487, 485, 484, 484, 480, 469, 459, 457, 458, 460, 468, 479, 484, 485, 486, 486, 488, 488, 490, 492, 493, 496, 498, 500, 502, 494, 505, 511, 503, 514, 518, 521, 525, 529, 534, 538, 542, 547, 553, 558, 563, 569, 577]
[0, 530, 526, 522, 518, 514, 512, 511, 505, 502, 502, 498, 496, 496, 493, 491, 489, 488, 487, 486, 485, 484, 0, 465, 459, 456, 458, 461, 468, 479, 484, 485, 486, 486, 488, 489, 491, 492, 493, 496, 498, 500, 502, 505, 508, 511, 514, 514, 518, 521, 525, 529, 533, 538, 542, 547, 553, 558, 562, 568, 576]
[0, 530, 526, 522, 518, 514, 511, 508, 505, 502, 502, 499, 497, 495, 493, 491, 489, 488, 487, 486, 485, 484, 0, 465, 458, 456, 458, 461, 468, 0, 485, 485, 0, 486, 487, 488, 490, 491, 493, 495, 496, 498, 500, 503, 506, 509, 511, 515, 519, 523, 526, 530, 534, 539, 544, 549, 554, 559, 564, 570, 577]
[0, 531, 526, 523, 519, 515, 512, 509, 505, 502, 500, 497, 497, 493, 493, 491, 489, 488, 487, 485, 484, 484, 484, 0, 458, 456, 458, 461, 469, 480, 485, 485, 486, 486, 488, 490, 490, 491, 493, 494, 496, 498, 500, 503, 506, 511, 511, 514, 518, 521, 525, 529, 533, 538, 543, 548, 553, 558, 563, 569, 576]
[0, 531, 526, 523, 519, 515, 512, 509, 505, 502, 500, 497, 495, 493, 491, 489, 489, 488, 486, 485, 484, 484, 484, 0, 459, 456, 457, 460, 467, 478, 484, 485, 486, 487, 488, 488, 490, 492, 494, 496, 497, 500, 502, 505, 508, 510, 513, 517, 521, 521, 524, 533, 537, 542, 546, 548, 557, 564, 569, 575, 582]
[0, 534, 530, 525, 521, 519, 515, 512, 508, 505, 503, 500, 498, 496, 494, 492, 490, 489, 488, 487, 486, 484, 486, 0, 459, 456, 456, 460, 467, 478, 484, 484, 485, 486, 488, 488, 490, 492, 493, 496, 497, 499, 502, 505, 507, 510, 513, 517, 521, 524, 524, 533, 537, 542, 546, 552, 557, 564, 569, 575, 575]
[0, 531, 526, 523, 520, 517, 512, 510, 508, 503, 503, 502, 499, 497, 494, 493, 491, 489, 487, 487, 486, 485, 0, 463, 460, 456, 456, 459, 467, 478, 0, 487, 488, 488, 490, 491, 493, 495, 496, 498, 499, 502, 505, 508, 510, 513, 516, 520, 523, 526, 531, 535, 539, 543, 548, 554, 559, 564, 570, 577, 584]
[0, 532, 529, 524, 521, 518, 514, 511, 508, 505, 502, 500, 498, 496, 494, 492, 491, 491, 490, 488, 487, 485, 478, 466, 457, 456, 458, 459, 471, 480, 486, 488, 488, 489, 491, 492, 493, 494, 494, 496, 501, 502, 504, 505, 508, 512, 515, 518, 522, 526, 529, 533, 537, 543, 548, 552, 557, 562, 569, 575, 582]
[0, 530, 529, 526, 522, 518, 515, 512, 508, 505, 503, 500, 498, 496, 494, 492, 490, 489, 489, 487, 486, 486, 478, 0, 458, 456, 457, 460, 467, 480, 486, 487, 488, 490, 491, 492, 493, 494, 497, 498, 500, 503, 504, 508, 511, 512, 517, 521, 522, 529, 529, 536, 537, 545, 551, 552, 556, 567, 573, 575, 580]
[0, 534, 530, 526, 522, 518, 516, 513, 510, 507, 504, 502, 499, 496, 497, 496, 495, 494, 492, 491, 489, 488, 0, 464, 459, 456, 456, 459, 467, 480, 0, 487, 488, 488, 490, 491, 493, 494, 496, 498, 499, 501, 505, 508, 510, 513, 516, 520, 523, 527, 531, 535, 539, 543, 548, 554, 559, 564, 571, 577, 584]
[0, 536, 532, 528, 525, 522, 518, 514, 510, 507, 508, 506, 503, 501, 500, 497, 496, 494, 494, 492, 491, 491, 0, 463, 457, 456, 457, 459, 467, 0, 488, 490, 491, 493, 494, 495, 496, 497, 499, 502, 504, 506, 505, 511, 514, 517, 516, 524, 527, 530, 531, 536, 544, 543, 549, 554, 559, 571, 577, 584, 584]
[0, 545, 540, 536, 532, 529, 525, 522, 519, 516, 513, 511, 510, 508, 506, 497, 502, 494, 501, 500, 499, 498, 0, 464, 457, 455, 456, 459, 467, 0, 0, 491, 493, 495, 496, 497, 499, 500, 499, 501, 506, 508, 510, 512, 516, 517, 523, 524, 530, 533, 537, 536, 542, 551, 549, 562, 568, 574, 577, 580, 586]
[0, 545, 540, 536, 532, 529, 526, 523, 519, 516, 514, 511, 510, 508, 506, 497, 504, 502, 501, 499, 499, 498, 0, 465, 456, 454, 454, 458, 467, 0, 0, 499, 500, 502, 503, 504, 505, 506, 508, 510, 512, 515, 518, 520, 524, 527, 530, 533, 537, 541, 546, 550, 554, 558, 563, 570, 576, 582, 588, 594, 601]
[0, 547, 544, 541, 537, 529, 533, 530, 526, 523, 521, 518, 516, 514, 512, 511, 509, 507, 506, 505, 504, 503, 0, 465, 459, 454, 455, 458, 467, 0, 0, 499, 500, 501, 503, 504, 505, 507, 508, 510, 512, 515, 518, 520, 523, 527, 530, 533, 537, 540, 544, 549, 554, 558, 563, 569, 576, 582, 587, 593, 600]
[0, 555, 551, 547, 543, 539, 533, 536, 532, 530, 527, 524, 522, 520, 518, 516, 514, 513, 511, 511, 510, 510, 0, 459, 453, 453, 455, 458, 467, 0, 0, 506, 507, 508, 510, 510, 512, 513, 516, 518, 520, 523, 518, 528, 523, 531, 534, 541, 545, 550, 544, 554, 563, 568, 563, 573, 579, 585, 590, 597, 603]
[0, 554, 550, 547, 543, 539, 535, 536, 532, 529, 527, 524, 522, 519, 517, 515, 514, 512, 511, 510, 510, 510, 0, 459, 458, 453, 454, 458, 467, 0, 0, 510, 512, 512, 514, 516, 517, 518, 520, 522, 525, 527, 530, 533, 536, 539, 542, 546, 550, 554, 558, 562, 567, 572, 578, 583, 589, 594, 601, 608, 614]
[0, 561, 558, 554, 550, 546, 543, 540, 536, 533, 530, 528, 526, 523, 521, 520, 518, 517, 515, 510, 514, 510, 0, 464, 453, 453, 452, 454, 467, 0, 0, 510, 512, 513, 514, 516, 517, 519, 520, 520, 525, 527, 528, 533, 536, 539, 542, 546, 550, 554, 554, 558, 567, 572, 578, 583, 589, 595, 602, 608, 608]
[0, 561, 562, 559, 555, 551, 547, 544, 540, 537, 534, 531, 530, 527, 525, 523, 522, 521, 519, 518, 517, 517, 0, 0, 455, 452, 453, 456, 467, 0, 0, 514, 516, 517, 518, 519, 521, 522, 524, 526, 528, 531, 534, 537, 540, 542, 545, 549, 553, 557, 560, 565, 570, 575, 580, 586, 592, 598, 604, 610, 617]
[0, 561, 562, 558, 554, 550, 546, 543, 540, 537, 534, 531, 529, 527, 525, 523, 522, 520, 519, 518, 519, 0, 0, 0, 456, 452, 452, 454, 459, 0, 0, 519, 520, 0, 523, 524, 521, 527, 524, 529, 531, 536, 534, 539, 542, 545, 548, 552, 556, 559, 563, 567, 572, 578, 583, 588, 594, 599, 605, 611, 619]
[0, 570, 565, 562, 559, 555, 551, 548, 544, 542, 539, 536, 533, 531, 530, 528, 526, 524, 523, 523, 522, 0, 0, 462, 456, 451, 451, 454, 460, 0, 0, 0, 520, 0, 521, 523, 524, 526, 527, 529, 531, 533, 537, 540, 544, 546, 549, 553, 556, 560, 564, 569, 574, 580, 585, 590, 595, 600, 607, 613, 621]
[0, 579, 575, 570, 566, 555, 562, 559, 553, 550, 539, 548, 545, 543, 541, 539, 537, 535, 534, 533, 533, 533, 0, 0, 453, 451, 451, 454, 462, 0, 521, 522, 523, 525, 526, 528, 529, 531, 533, 535, 537, 540, 542, 545, 548, 551, 555, 558, 562, 566, 570, 575, 580, 586, 591, 596, 601, 607, 614, 621, 630]
[0, 583, 580, 576, 571, 555, 563, 559, 559, 557, 555, 552, 549, 546, 544, 543, 541, 539, 538, 538, 537, 537, 0, 0, 454, 449, 449, 452, 457, 0, 0, 533, 534, 535, 537, 539, 541, 531, 542, 544, 549, 540, 552, 555, 557, 560, 563, 567, 571, 576, 580, 586, 591, 595, 600, 605, 611, 616, 623, 631, 640]
[0, 585, 581, 576, 571, 567, 563, 560, 557, 557, 555, 552, 550, 547, 545, 543, 541, 540, 539, 537, 536, 536, 0, 0, 453, 448, 449, 452, 457, 0, 0, 538, 534, 539, 540, 541, 543, 544, 548, 544, 554, 540, 559, 555, 565, 560, 568, 572, 575, 580, 584, 590, 595, 599, 604, 610, 615, 621, 629, 637, 645]
[0, 585, 581, 581, 577, 573, 569, 565, 562, 560, 557, 555, 553, 550, 547, 545, 543, 542, 541, 540, 540, 536, 0, 0, 453, 448, 448, 451, 457, 0, 537, 538, 539, 540, 541, 543, 544, 546, 548, 544, 553, 540, 559, 555, 564, 560, 568, 575, 575, 584, 584, 590, 598, 599, 603, 609, 621, 621, 628, 636, 645]
[0, 593, 581, 588, 584, 580, 576, 572, 569, 566, 563, 560, 558, 556, 554, 552, 550, 549, 547, 546, 545, 536, 0, 459, 451, 447, 449, 453, 460, 0, 537, 0, 542, 543, 544, 545, 546, 548, 551, 553, 556, 558, 560, 563, 566, 569, 573, 577, 582, 586, 590, 595, 600, 604, 610, 615, 621, 628, 637, 644, 651]
[0, 593, 588, 585, 581, 576, 576, 573, 569, 566, 563, 560, 558, 556, 554, 552, 550, 549, 548, 547, 546, 547, 0, 0, 451, 447, 447, 451, 457, 0, 537, 546, 542, 548, 549, 551, 552, 556, 551, 558, 560, 562, 565, 568, 572, 575, 579, 583, 587, 591, 595, 600, 605, 610, 615, 620, 627, 635, 642, 649, 657]
[0, 593, 589, 585, 581, 581, 573, 573, 569, 566, 564, 561, 558, 556, 554, 552, 550, 549, 548, 547, 545, 548, 0, 0, 452, 447, 448, 451, 456, 0, 0, 546, 548, 549, 551, 552, 554, 556, 558, 560, 563, 562, 568, 568, 571, 579, 579, 583, 587, 591, 595, 600, 605, 609, 614, 620, 627, 634, 642, 649, 657]
[0, 605, 600, 596, 592, 588, 584, 581, 578, 574, 571, 568, 566, 564, 561, 560, 558, 549, 557, 556, 545, 555, 0, 455, 452, 447, 448, 451, 456, 0, 0, 546, 548, 549, 551, 552, 554, 556, 558, 558, 560, 563, 565, 568, 572, 575, 579, 583, 587, 591, 595, 600, 605, 610, 615, 620, 627, 635, 642, 649, 657]
[0, 612, 608, 604, 600, 596, 592, 588, 585, 583, 579, 576, 573, 570, 568, 566, 564, 563, 563, 562, 561, 555, 0, 456, 449, 446, 447, 452, 461, 0, 553, 556, 556, 558, 559, 560, 562, 564, 567, 569, 572, 575, 577, 580, 584, 587, 591, 595, 599, 604, 608, 612, 617, 623, 628, 635, 642, 649, 655, 663, 672]
[0, 620, 616, 612, 608, 604, 600, 596, 593, 590, 586, 584, 581, 580, 577, 575, 573, 572, 571, 562, 569, 555, 0, 453, 449, 445, 446, 451, 458, 0, 553, 0, 564, 565, 567, 568, 570, 572, 575, 578, 581, 583, 586, 589, 593, 596, 600, 603, 609, 614, 617, 622, 628, 634, 640, 647, 653, 661, 668, 676, 685]
[0, 622, 616, 614, 608, 610, 606, 603, 599, 596, 593, 590, 587, 585, 583, 580, 580, 579, 577, 576, 575, 555, 0, 457, 446, 445, 447, 451, 461, 0, 553, 0, 571, 573, 574, 576, 578, 580, 582, 585, 587, 589, 592, 595, 599, 603, 607, 611, 615, 619, 623, 628, 634, 640, 646, 652, 659, 668, 675, 682, 690]
[0, 625, 619, 615, 612, 608, 604, 603, 597, 593, 593, 591, 589, 586, 584, 582, 580, 579, 578, 577, 576, 555, 0, 457, 448, 445, 444, 448, 456, 0, 575, 0, 578, 573, 581, 576, 583, 585, 587, 589, 593, 595, 598, 602, 605, 608, 611, 614, 619, 623, 628, 634, 640, 645, 650, 656, 663, 671, 679, 687, 696]
[0, 629, 624, 619, 614, 610, 608, 605, 602, 598, 593, 595, 593, 591, 589, 587, 585, 585, 583, 582, 581, 555, 0, 457, 449, 445, 445, 448, 454, 0, 575, 576, 578, 580, 581, 583, 585, 587, 587, 592, 595, 595, 598, 602, 605, 608, 611, 614, 619, 624, 628, 632, 638, 644, 649, 655, 662, 670, 677, 686, 695]
[0, 633, 628, 622, 617, 614, 610, 607, 603, 601, 598, 595, 592, 590, 588, 586, 585, 585, 583, 582, 581, 580, 0, 452, 449, 445, 445, 448, 453, 0, 581, 582, 584, 586, 587, 590, 593, 587, 594, 597, 595, 602, 598, 605, 608, 611, 615, 620, 625, 630, 634, 639, 644, 649, 655, 661, 669, 676, 685, 694, 702]
[0, 648, 644, 639, 635, 631, 627, 622, 618, 615, 612, 609, 606, 605, 588, 601, 600, 599, 583, 598, 596, 596, 0, 452, 448, 443, 445, 451, 453, 459, 0, 581, 583, 584, 586, 589, 591, 594, 594, 596, 599, 601, 604, 607, 611, 614, 618, 622, 627, 633, 637, 642, 647, 653, 659, 665, 673, 680, 688, 697, 706]
[0, 648, 644, 640, 636, 632, 627, 623, 619, 615, 612, 610, 607, 605, 602, 601, 600, 599, 583, 598, 595, 596, 0, 450, 443, 443, 445, 445, 453, 459, 0, 598, 598, 600, 602, 604, 606, 607, 609, 611, 614, 617, 620, 623, 627, 631, 637, 641, 645, 651, 655, 660, 666, 671, 677, 684, 692, 701, 709, 716, 724]
[0, 649, 644, 641, 637, 632, 627, 623, 619, 616, 613, 610, 608, 605, 603, 601, 600, 599, 598, 597, 596, 596, 0, 452, 444, 443, 445, 444, 453, 459, 0, 598, 598, 600, 602, 603, 605, 606, 608, 611, 613, 616, 619, 623, 626, 630, 635, 640, 645, 649, 654, 659, 664, 670, 677, 683, 691, 699, 707, 714, 723]
[0, 656, 651, 647, 643, 638, 633, 630, 626, 622, 619, 617, 614, 611, 610, 608, 606, 605, 604, 603, 603, 596, 0, 452, 445, 442, 443, 448, 456, 459, 0, 597, 598, 599, 601, 603, 604, 606, 608, 611, 613, 616, 619, 623, 627, 630, 634, 639, 644, 649, 653, 658, 663, 669, 675, 682, 689, 697, 705, 712, 721]
[0, 652, 651, 644, 643, 639, 635, 631, 627, 623, 619, 617, 614, 612, 610, 608, 607, 606, 604, 603, 602, 596, 0, 455, 445, 442, 443, 447, 455, 459, 603, 605, 607, 599, 609, 611, 612, 614, 616, 611, 619, 622, 625, 629, 633, 637, 641, 644, 649, 654, 660, 664, 669, 675, 681, 688, 696, 704, 711, 719, 728]
[0, 665, 660, 655, 651, 648, 644, 639, 636, 623, 634, 629, 626, 623, 621, 619, 617, 616, 616, 614, 614, 596, 0, 0, 446, 443, 0, 446, 452, 0, 603, 605, 606, 607, 609, 611, 612, 614, 615, 618, 621, 624, 627, 631, 635, 640, 644, 648, 653, 658, 664, 668, 674, 680, 686, 693, 701, 709, 716, 724, 734]
[0, 673, 668, 663, 659, 654, 650, 648, 645, 641, 638, 634, 631, 629, 626, 624, 623, 622, 621, 620, 618, 596, 0, 447, 446, 443, 443, 445, 451, 0, 613, 614, 616, 618, 619, 621, 622, 625, 627, 630, 634, 637, 640, 643, 647, 651, 655, 660, 665, 670, 675, 680, 686, 694, 701, 708, 714, 722, 730, 738, 748]
[0, 674, 669, 665, 660, 655, 651, 648, 645, 641, 638, 634, 632, 630, 626, 624, 623, 621, 621, 620, 619, 596, 0, 448, 446, 443, 441, 443, 456, 0, 0, 621, 622, 623, 625, 627, 629, 631, 633, 635, 639, 643, 646, 649, 652, 656, 661, 665, 669, 675, 681, 685, 692, 698, 705, 711, 719, 727, 735, 744, 753]
[0, 684, 679, 674, 670, 666, 662, 658, 645, 655, 652, 648, 646, 643, 641, 640, 638, 635, 633, 632, 632, 596, 0, 452, 443, 441, 441, 443, 456, 0, 0, 621, 622, 623, 625, 627, 629, 631, 633, 635, 639, 643, 646, 649, 652, 656, 661, 665, 669, 675, 680, 685, 692, 698, 705, 711, 719, 727, 735, 744, 753]
[0, 686, 681, 676, 672, 667, 664, 660, 656, 652, 649, 647, 645, 642, 640, 638, 636, 634, 633, 634, 632, 631, 0, 452, 443, 440, 440, 445, 452, 0, 633, 635, 636, 637, 640, 642, 644, 646, 648, 650, 654, 643, 661, 664, 668, 673, 661, 682, 669, 687, 693, 699, 711, 698, 716, 723, 732, 740, 749, 759, 767]
[0, 695, 688, 683, 679, 675, 671, 667, 662, 659, 656, 653, 651, 649, 647, 645, 643, 642, 641, 640, 639, 631, 0, 0, 445, 440, 440, 443, 452, 0, 0, 634, 635, 637, 639, 641, 643, 646, 648, 650, 653, 656, 659, 664, 667, 671, 676, 681, 686, 691, 697, 704, 710, 715, 722, 728, 736, 746, 755, 763, 772]
[0, 702, 696, 691, 685, 681, 677, 674, 670, 666, 663, 660, 657, 655, 653, 651, 649, 648, 647, 645, 645, 631, 0, 448, 445, 440, 439, 442, 452, 0, 0, 642, 642, 644, 646, 648, 650, 652, 655, 657, 660, 663, 666, 670, 674, 677, 682, 688, 693, 699, 705, 710, 715, 723, 730, 737, 746, 754, 762, 771, 783]
[0, 703, 698, 693, 685, 688, 684, 680, 676, 673, 669, 666, 663, 661, 659, 657, 655, 654, 652, 651, 651, 631, 0, 449, 442, 440, 441, 445, 453, 0, 646, 642, 649, 644, 650, 652, 654, 656, 659, 662, 665, 668, 671, 675, 679, 682, 687, 692, 698, 703, 709, 715, 721, 727, 734, 742, 750, 759, 767, 776, 786]
[0, 719, 714, 710, 704, 699, 695, 691, 687, 683, 681, 677, 674, 673, 671, 669, 667, 666, 666, 665, 664, 631, 0, 448, 442, 440, 440, 444, 451, 0, 651, 653, 655, 657, 658, 661, 663, 665, 668, 671, 674, 668, 680, 685, 690, 695, 700, 692, 710, 715, 720, 727, 721, 739, 734, 747, 756, 764, 773, 783, 803]
[0, 720, 715, 710, 705, 701, 697, 692, 689, 685, 682, 679, 676, 673, 672, 670, 668, 667, 666, 664, 664, 631, 0, 446, 441, 440, 438, 445, 451, 0, 666, 667, 668, 670, 672, 675, 677, 679, 682, 685, 689, 668, 697, 701, 704, 709, 713, 718, 724, 715, 730, 742, 721, 758, 734, 765, 772, 791, 800, 783, 820]
[0, 731, 726, 719, 715, 712, 708, 704, 700, 698, 695, 679, 691, 688, 685, 683, 682, 680, 679, 677, 677, 631, 0, 451, 441, 439, 438, 441, 451, 0, 666, 666, 667, 669, 671, 673, 676, 678, 681, 683, 686, 689, 692, 697, 701, 705, 711, 715, 720, 726, 732, 738, 745, 752, 760, 767, 775, 785, 794, 803, 812]
[0, 731, 726, 720, 716, 712, 712, 705, 700, 701, 697, 694, 691, 688, 685, 683, 682, 680, 680, 678, 677, 631, 0, 449, 442, 438, 438, 441, 448, 0, 0, 679, 681, 682, 684, 687, 689, 692, 695, 698, 701, 704, 708, 712, 715, 720, 725, 730, 736, 741, 748, 754, 761, 769, 777, 785, 794, 802, 810, 820, 830]
[0, 734, 728, 723, 719, 715, 711, 705, 707, 704, 698, 694, 695, 692, 689, 687, 685, 684, 684, 682, 681, 631, 0, 450, 441, 438, 438, 441, 448, 0, 0, 680, 682, 684, 685, 688, 691, 693, 696, 700, 702, 705, 709, 713, 717, 720, 726, 732, 737, 743, 749, 756, 764, 770, 778, 786, 795, 804, 812, 821, 830]
[0, 739, 733, 727, 722, 718, 715, 711, 707, 704, 698, 701, 698, 696, 694, 691, 689, 686, 686, 686, 685, 631, 0, 450, 441, 438, 438, 441, 447, 0, 0, 686, 687, 689, 691, 694, 696, 699, 703, 705, 708, 712, 715, 718, 723, 728, 733, 738, 744, 750, 757, 764, 770, 777, 786, 797, 805, 812, 821, 829, 838]
[0, 739, 733, 727, 722, 718, 715, 711, 708, 705, 702, 699, 697, 694, 691, 689, 687, 686, 685, 685, 686, 631, 0, 0, 442, 438, 438, 441, 447, 0, 0, 688, 688, 689, 692, 694, 697, 700, 703, 706, 709, 712, 715, 719, 723, 728, 733, 738, 744, 750, 757, 764, 770, 777, 786, 795, 803, 811, 820, 829, 837]
[0, 763, 758, 754, 748, 742, 737, 733, 731, 727, 723, 720, 717, 715, 713, 711, 709, 709, 708, 707, 707, 631, 0, 0, 443, 438, 439, 440, 445, 0, 686, 688, 690, 692, 695, 697, 700, 703, 705, 707, 710, 714, 718, 721, 725, 730, 735, 741, 748, 754, 760, 766, 772, 781, 789, 797, 807, 815, 824, 833, 842]
[0, 763, 759, 753, 747, 742, 737, 733, 730, 726, 723, 720, 717, 715, 713, 711, 709, 708, 708, 707, 707, 631, 0, 0, 443, 438, 439, 439, 444, 452, 0, 711, 713, 715, 717, 719, 721, 724, 728, 731, 733, 737, 741, 746, 751, 755, 760, 765, 771, 778, 784, 791, 799, 807, 815, 823, 832, 839, 849, 861, 870]
[0, 775, 770, 765, 760, 755, 750, 745, 741, 737, 733, 731, 728, 725, 723, 722, 720, 718, 717, 715, 715, 631, 0, 0, 443, 438, 438, 440, 444, 0, 710, 712, 713, 715, 716, 719, 721, 725, 728, 732, 735, 738, 744, 747, 751, 757, 762, 767, 773, 778, 785, 794, 802, 810, 818, 827, 835, 843, 853, 863, 873]
[0, 785, 779, 773, 769, 764, 759, 754, 750, 747, 743, 739, 737, 734, 732, 731, 730, 727, 725, 725, 725, 631, 0, 443, 437, 438, 438, 440, 451, 0, 0, 720, 722, 724, 726, 728, 732, 735, 738, 741, 744, 749, 752, 756, 761, 766, 770, 776, 782, 790, 797, 804, 811, 819, 827, 835, 844, 855, 864, 873, 883]
[0, 785, 778, 773, 768, 764, 759, 754, 750, 746, 741, 738, 736, 734, 733, 731, 729, 727, 725, 724, 723, 631, 0, 443, 442, 436, 438, 442, 451, 0, 0, 731, 732, 734, 735, 738, 741, 744, 747, 751, 755, 760, 764, 766, 770, 775, 781, 786, 793, 802, 808, 815, 822, 830, 838, 847, 856, 866, 874, 881, 891]
[0, 791, 785, 780, 774, 769, 765, 761, 757, 752, 749, 745, 742, 740, 739, 737, 729, 735, 732, 724, 732, 631, 0, 449, 442, 437, 436, 438, 452, 0, 0, 730, 732, 733, 736, 739, 742, 745, 748, 751, 756, 760, 764, 767, 771, 776, 781, 786, 794, 801, 807, 815, 824, 832, 840, 849, 858, 867, 874, 884, 896]
[0, 791, 785, 780, 774, 769, 765, 761, 757, 752, 749, 746, 742, 740, 739, 738, 736, 735, 732, 732, 732, 631, 0, 449, 440, 437, 438, 440, 446, 0, 0, 737, 738, 740, 742, 745, 749, 752, 754, 758, 762, 766, 770, 775, 778, 782, 786, 792, 800, 807, 813, 820, 829, 836, 844, 853, 863, 871, 880, 889, 900]
[0, 832, 825, 819, 814, 809, 804, 799, 795, 791, 787, 783, 780, 777, 774, 772, 771, 769, 768, 768, 768, 631, 0, 442, 440, 437, 437, 440, 445, 0, 0, 736, 738, 740, 742, 744, 747, 751, 754, 757, 762, 766, 770, 774, 778, 782, 786, 792, 800, 807, 813, 820, 828, 834, 843, 852, 861, 870, 879, 889, 899]
[0, 827, 821, 815, 810, 805, 800, 796, 792, 791, 788, 784, 781, 778, 775, 773, 771, 770, 768, 768, 767, 631, 0, 444, 440, 437, 436, 437, 442, 451, 0, 774, 777, 779, 782, 785, 788, 791, 795, 798, 802, 766, 811, 774, 821, 826, 830, 792, 835, 842, 850, 859, 866, 872, 879, 887, 896, 906, 930, 889, 939]
[0, 837, 832, 827, 822, 817, 812, 807, 803, 800, 798, 793, 788, 785, 783, 781, 771, 780, 779, 778, 778, 631, 0, 444, 438, 436, 437, 440, 448, 451, 0, 776, 777, 779, 781, 784, 789, 792, 794, 798, 802, 806, 811, 815, 818, 824, 830, 835, 841, 849, 858, 865, 872, 879, 887, 896, 906, 917, 929, 939, 948]
[0, 849, 842, 836, 831, 827, 822, 818, 813, 810, 808, 804, 799, 796, 794, 791, 790, 788, 787, 786, 778, 631, 0, 0, 438, 436, 0, 440, 447, 451, 0, 786, 788, 790, 792, 796, 800, 803, 806, 809, 812, 817, 822, 826, 830, 835, 841, 848, 855, 863, 870, 876, 883, 891, 901, 911, 923, 933, 943, 953, 965]
[0, 845, 839, 834, 830, 825, 820, 818, 815, 808, 808, 804, 800, 797, 794, 792, 790, 788, 786, 786, 785, 631, 0, 443, 440, 436, 436, 438, 447, 451, 0, 786, 795, 798, 801, 804, 806, 808, 811, 814, 818, 823, 826, 831, 836, 841, 847, 853, 861, 868, 873, 879, 888, 895, 903, 914, 924, 934, 944, 955, 967]
[0, 875, 869, 865, 860, 853, 846, 841, 837, 834, 831, 828, 825, 821, 794, 817, 790, 814, 786, 812, 811, 631, 0, 444, 437, 436, 437, 441, 449, 451, 0, 794, 796, 799, 801, 804, 807, 810, 813, 816, 821, 826, 829, 834, 838, 843, 850, 857, 864, 871, 877, 884, 891, 899, 909, 914, 921, 930, 940, 950, 961]
[0, 873, 867, 861, 860, 856, 851, 845, 840, 835, 832, 829, 826, 824, 821, 818, 816, 815, 814, 813, 813, 631, 0, 0, 438, 435, 436, 440, 446, 451, 0, 821, 823, 826, 828, 830, 832, 834, 838, 842, 847, 852, 857, 862, 867, 872, 877, 884, 890, 896, 904, 912, 922, 932, 940, 949, 959, 971, 984, 995, 1006]
[0, 874, 870, 864, 860, 858, 855, 848, 842, 838, 834, 830, 827, 826, 824, 822, 820, 818, 815, 814, 815, 631, 0, 0, 439, 435, 436, 438, 446, 451, 0, 821, 824, 827, 828, 829, 831, 836, 838, 840, 844, 849, 855, 861, 865, 870, 875, 881, 887, 894, 901, 908, 918, 927, 937, 946, 955, 967, 978, 989, 1002]
[0, 879, 873, 867, 863, 857, 852, 847, 841, 836, 833, 830, 828, 826, 824, 822, 821, 818, 816, 816, 815, 631, 0, 446, 439, 435, 435, 438, 446, 451, 0, 825, 828, 829, 829, 0, 833, 837, 839, 843, 849, 853, 858, 862, 867, 873, 877, 884, 891, 896, 903, 914, 923, 932, 941, 950, 960, 969, 983, 997, 1008]
[0, 877, 871, 865, 861, 857, 851, 846, 841, 836, 833, 831, 828, 826, 824, 822, 819, 818, 818, 816, 816, 631, 0, 444, 437, 435, 436, 439, 445, 451, 0, 824, 826, 829, 830, 832, 836, 837, 840, 846, 851, 856, 861, 866, 869, 873, 879, 887, 892, 897, 907, 917, 927, 935, 943, 953, 964, 977, 989, 1000, 1012]
[0, 911, 903, 896, 891, 886, 881, 877, 873, 868, 865, 863, 860, 856, 853, 850, 849, 847, 845, 845, 816, 631, 0, 446, 437, 435, 436, 436, 447, 451, 0, 825, 826, 827, 831, 832, 834, 838, 843, 848, 851, 855, 861, 866, 871, 876, 881, 887, 894, 901, 909, 917, 927, 937, 945, 953, 965, 977, 989, 1000, 1001]
[0, 906, 899, 894, 891, 883, 881, 878, 875, 871, 867, 864, 861, 857, 855, 852, 849, 847, 846, 845, 845, 631, 0, 0, 437, 435, 435, 439, 445, 451, 0, 857, 857, 859, 862, 865, 869, 870, 873, 877, 880, 885, 890, 895, 900, 907, 914, 921, 929, 936, 944, 952, 960, 969, 980, 991, 1003, 1015, 1026, 1037, 1050]
[0, 940, 935, 929, 922, 916, 911, 906, 901, 896, 893, 890, 887, 884, 881, 879, 878, 877, 876, 876, 845, 631, 0, 446, 440, 435, 435, 437, 441, 450, 0, 856, 857, 861, 864, 867, 870, 872, 874, 878, 883, 887, 891, 896, 902, 909, 917, 924, 932, 939, 947, 952, 962, 973, 980, 994, 1003, 1018, 1029, 1037, 1040]
[0, 950, 944, 939, 933, 929, 923, 917, 912, 907, 902, 900, 896, 893, 891, 879, 887, 886, 885, 876, 884, 631, 0, 444, 439, 436, 436, 437, 441, 450, 0, 889, 891, 893, 896, 899, 902, 905, 910, 915, 921, 927, 932, 937, 943, 948, 954, 961, 970, 980, 990, 998, 1006, 1016, 1026, 1037, 1048, 1059, 1071, 1085, 1099]
[0, 954, 947, 940, 935, 930, 924, 919, 914, 909, 904, 901, 898, 895, 892, 890, 888, 887, 887, 885, 884, 631, 0, 0, 437, 435, 0, 438, 444, 450, 0, 0, 898, 899, 903, 906, 908, 912, 917, 923, 927, 932, 937, 942, 948, 953, 960, 967, 975, 984, 993, 1000, 1009, 1019, 1030, 1040, 1051, 1063, 1075, 1088, 1102]
[0, 956, 951, 944, 938, 933, 928, 922, 917, 912, 908, 904, 901, 899, 895, 893, 891, 889, 889, 888, 886, 631, 0, 0, 439, 434, 434, 436, 444, 450, 0, 895, 898, 901, 904, 907, 911, 914, 919, 924, 929, 934, 938, 944, 950, 955, 962, 971, 979, 987, 995, 1003, 1012, 1022, 1033, 1044, 1054, 1067, 1080, 1092, 1106]
[0, 991, 984, 977, 972, 967, 959, 954, 949, 944, 941, 937, 934, 932, 929, 927, 926, 925, 924, 923, 886, 631, 0, 444, 439, 434, 434, 436, 441, 449, 0, 897, 900, 902, 905, 910, 913, 916, 920, 924, 929, 936, 943, 946, 950, 956, 962, 972, 982, 989, 996, 1004, 1013, 1023, 1033, 1044, 1056, 1069, 1080, 1092, 1107]
[0, 1007, 1001, 994, 988, 982, 976, 971, 965, 961, 956, 951, 949, 946, 944, 942, 940, 938, 937, 937, 886, 631, 0, 443, 436, 433, 435, 437, 442, 449, 0, 0, 936, 939, 943, 947, 951, 953, 956, 961, 966, 971, 978, 985, 991, 997, 1003, 1010, 1019, 1026, 1034, 1044, 1053, 1064, 1074, 1085, 1097, 1109, 1124, 1138, 1152]
[0, 1008, 1001, 996, 989, 982, 976, 970, 965, 959, 955, 952, 949, 946, 943, 942, 940, 938, 937, 936, 886, 631, 0, 444, 435, 433, 433, 437, 444, 449, 0, 0, 951, 955, 957, 961, 964, 970, 976, 982, 986, 991, 996, 1001, 1006, 1012, 1020, 1028, 1035, 1044, 1054, 1065, 1076, 1086, 1097, 1109, 1122, 1134, 1148, 1163, 1177]
[0, 1035, 1029, 1023, 1014, 1008, 1003, 998, 994, 990, 986, 983, 979, 974, 943, 969, 940, 966, 965, 965, 964, 631, 0, 444, 440, 433, 434, 436, 443, 449, 0, 0, 950, 953, 957, 960, 964, 969, 976, 981, 985, 990, 996, 1001, 1006, 1010, 1018, 1027, 1034, 1043, 1054, 1064, 1075, 1085, 1095, 1108, 1121, 1133, 1147, 1162, 1177]
[0, 1064, 1058, 1051, 1042, 1036, 1032, 1026, 1022, 1017, 1012, 1006, 1003, 1002, 1000, 998, 998, 996, 994, 994, 964, 631, 0, 444, 435, 433, 435, 436, 438, 445, 0, 0, 983, 986, 990, 994, 997, 1001, 1007, 1011, 1016, 1022, 1028, 1034, 1040, 1047, 1055, 1064, 1072, 1083, 1098, 1108, 1116, 1128, 1141, 1153, 1165, 1179, 1193, 1208, 1226]
[0, 1061, 1058, 1054, 1047, 1040, 1033, 1027, 1023, 1018, 1013, 1010, 1006, 1003, 1000, 999, 997, 997, 995, 993, 994, 631, 0, 0, 436, 434, 434, 437, 443, 445, 0, 0, 1013, 986, 1020, 0, 1023, 1026, 1029, 1035, 1041, 1047, 1053, 1059, 1066, 1076, 1085, 1091, 1101, 1115, 1127, 1135, 1143, 1153, 1166, 1177, 1188, 1202, 1220, 1236, 1251]
[0, 1063, 1057, 1051, 1043, 1037, 1032, 1026, 1022, 1017, 1013, 1008, 1004, 1002, 1000, 998, 998, 996, 994, 994, 994, 631, 0, 443, 439, 435, 434, 435, 443, 445, 0, 1009, 1010, 1015, 1017, 1020, 1024, 1029, 1033, 1037, 1044, 1051, 1056, 1062, 1069, 1080, 1089, 1097, 1108, 1119, 1131, 1139, 1149, 1160, 1170, 1184, 1197, 1211, 1227, 1244, 1258]
[0, 1089, 1082, 1076, 1069, 1037, 1063, 1057, 1052, 1045, 1040, 1037, 1034, 1032, 1031, 1028, 1024, 1021, 1020, 1020, 994, 631, 0, 0, 436, 434, 0, 436, 443, 445, 0, 1009, 1013, 1015, 1020, 1026, 0, 1031, 1036, 1041, 1054, 1051, 1059, 1064, 1072, 1081, 1090, 1102, 1112, 1120, 1130, 1144, 1154, 1165, 1179, 1191, 1203, 1216, 1232, 1248, 1265]
[0, 1089, 1082, 1076, 1069, 1063, 1063, 1058, 1052, 1045, 1040, 1037, 1034, 1032, 1031, 1028, 1024, 1021, 1020, 1020, 994, 631, 0, 0, 438, 435, 0, 435, 443, 445, 0, 1036, 1038, 1043, 1049, 1055, 1058, 1060, 1064, 1070, 1074, 1081, 1088, 1094, 1104, 1113, 1122, 1134, 1145, 1153, 1162, 1169, 1179, 1191, 1205, 1219, 1233, 1246, 1260, 1275, 1292]
[0, 1096, 1088, 1081, 1074, 1068, 1062, 1057, 1052, 1046, 1043, 1039, 1034, 1031, 1029, 1026, 1024, 1021, 1020, 1019, 994, 631, 0, 444, 438, 435, 434, 435, 443, 445, 0, 1036, 1038, 1043, 1049, 1055, 1059, 1061, 1065, 1070, 1075, 1082, 1088, 1094, 1104, 1113, 1122, 1134, 1144, 1153, 1162, 1169, 1179, 1191, 1205, 1220, 1233, 1248, 1262, 1276, 1292]
[0, 1140, 1130, 1123, 1117, 1110, 1104, 1097, 1090, 1084, 1081, 1078, 1075, 1031, 1072, 1069, 1067, 1065, 1064, 1063, 1063, 631, 0, 0, 436, 434, 434, 437, 442, 445, 0, 1036, 1042, 1047, 1054, 0, 1057, 1063, 1065, 1067, 1073, 1080, 1085, 1089, 1097, 1107, 1116, 1126, 1139, 1149, 1158, 1167, 1174, 1183, 1195, 1210, 1223, 1237, 1253, 1268, 1282]
[0, 1140, 1130, 1123, 1117, 1110, 1104, 1097, 1090, 1084, 1081, 1078, 1075, 1073, 1072, 1070, 1067, 1065, 1064, 1063, 1062, 631, 0, 0, 438, 433, 433, 435, 439, 447, 0, 0, 1086, 1087, 1094, 1102, 1105, 1110, 1115, 1118, 1123, 1130, 1135, 1143, 1152, 1159, 1166, 1173, 1181, 1191, 1198, 1205, 1215, 1224, 1234, 1244, 1254, 1263, 1273, 1284, 1295]
[0, 1160, 1154, 1146, 1137, 1132, 1125, 1117, 1112, 1106, 1101, 1097, 1095, 1091, 1089, 1085, 1082, 1081, 1081, 1081, 1062, 631, 0, 441, 438, 433, 433, 435, 439, 447, 0, 0, 1086, 1087, 1094, 1102, 1105, 1109, 1114, 1118, 1123, 1130, 1135, 1143, 1152, 1159, 1166, 1173, 1182, 1191, 1199, 1207, 1215, 1224, 1234, 1244, 1254, 1263, 1273, 1284, 1295]
[0, 1160, 1153, 1143, 1135, 1129, 1121, 1117, 1113, 1106, 1101, 1097, 1093, 1090, 1089, 1088, 1084, 1083, 1082, 1080, 1080, 631, 0, 0, 438, 433, 433, 435, 438, 443, 0, 0, 1099, 1104, 1110, 1117, 1121, 1123, 1126, 1131, 1137, 1145, 1152, 1158, 1164, 1168, 1173, 1176, 1183, 1192, 1198, 1205, 1213, 1223, 1231, 1240, 1251, 1261, 1271, 1281, 1294]
[0, 1177, 1170, 1164, 1156, 1149, 1142, 1136, 1132, 1126, 1119, 1115, 1112, 1111, 1111, 1107, 1104, 1102, 1102, 1101, 1080, 631, 0, 441, 438, 434, 433, 435, 438, 443, 0, 0, 1102, 1108, 1113, 1118, 1122, 1126, 1132, 1138, 1142, 1147, 1155, 1162, 1168, 1170, 1174, 1180, 1186, 1193, 1199, 1209, 1218, 1228, 1237, 1240, 1246, 1256, 1266, 1275, 1285]
[0, 1187, 1179, 1173, 1168, 1164, 1160, 1154, 1149, 1143, 1119, 1135, 1131, 1128, 1126, 1123, 1121, 1119, 1118, 1118, 1080, 631, 0, 0, 434, 434, 0, 437, 443, 443, 0, 0, 1124, 1127, 1131, 1132, 1135, 1138, 1143, 1146, 1149, 1149, 1151, 1156, 1159, 1165, 1172, 1177, 1183, 1191, 1197, 1205, 1213, 1222, 1231, 1240, 1250, 1260, 1270, 1281, 1293]
[0, 1187, 1186, 1179, 1172, 1167, 1162, 1158, 1154, 1147, 1138, 1133, 1130, 1128, 1124, 1120, 1119, 1120, 1120, 1117, 1080, 631, 0, 444, 437, 434, 433, 435, 443, 443, 0, 0, 1133, 1139, 1141, 1137, 1135, 1138, 1140, 1141, 1144, 1148, 1154, 1159, 1161, 1166, 1174, 1181, 1187, 1192, 1199, 1205, 1206, 1216, 1227, 1236, 1246, 1255, 1265, 1275, 1285]
[0, 1227, 1222, 1214, 1206, 1199, 1191, 1183, 1178, 1174, 1172, 1170, 1167, 1166, 1162, 1158, 1156, 1156, 1156, 1117, 1152, 631, 0, 444, 436, 434, 434, 436, 442, 443, 0, 1131, 1133, 1138, 1141, 1139, 1138, 1138, 1139, 1141, 1143, 1145, 1150, 1155, 1158, 1162, 1168, 1174, 1181, 1188, 1194, 1202, 1210, 1219, 1228, 1238, 1248, 1258, 1268, 1277, 1287]
[0, 1227, 1220, 1214, 1205, 1196, 1188, 1181, 1177, 1174, 1174, 1171, 1169, 1167, 1164, 1161, 1157, 1154, 1153, 1153, 1152, 631, 0, 0, 438, 433, 433, 0, 438, 447, 0, 0, 1132, 1132, 1132, 1132, 1134, 1138, 1141, 1144, 1147, 1149, 1152, 1155, 1159, 1162, 1169, 1178, 1183, 1190, 1197, 1204, 1213, 1224, 1232, 1242, 1253, 1262, 1272, 1283, 1294]
[0, 1227, 1220, 1214, 1205, 1196, 1188, 1181, 1181, 1176, 1173, 1170, 1168, 1165, 1162, 1160, 1157, 1155, 1153, 1153, 1152, 631, 0, 445, 438, 435, 433, 435, 438, 447, 0, 1134, 1131, 1133, 1133, 1135, 1137, 1139, 1140, 1142, 1145, 1149, 1153, 1156, 1159, 1166, 1169, 1173, 1180, 1185, 1191, 1199, 1208, 1216, 1226, 1237, 1245, 1254, 1266, 1275, 1284]
[0, 1294, 1281, 1269, 1258, 1248, 1238, 1181, 1229, 1221, 1211, 1201, 1191, 1185, 1179, 1174, 1167, 1160, 1156, 1151, 1152, 631, 0, 444, 438, 435, 433, 435, 438, 447, 0, 1133, 1131, 1132, 1135, 1138, 1137, 1139, 1140, 1142, 1145, 1149, 1149, 1154, 1157, 1161, 1167, 1174, 1180, 1187, 1191, 1198, 1209, 1218, 1227, 1236, 1247, 1257, 1267, 1276, 1287]
[0, 1291, 1278, 1268, 1258, 1255, 1246, 1238, 1227, 1216, 1208, 1199, 1189, 1184, 1179, 1172, 1165, 1159, 1155, 1152, 1152, 631, 0, 444, 436, 433, 434, 436, 441, 447, 0, 1131, 1130, 1131, 1133, 1133, 0, 1135, 1137, 1140, 1142, 1144, 1148, 1153, 1157, 1160, 1163, 1171, 1179, 1185, 1191, 1197, 1204, 1215, 1227, 1234, 1241, 1254, 1265, 1274, 1285]
[0, 1294, 1281, 1270, 1260, 1250, 1241, 1231, 1220, 1210, 1200, 1193, 1186, 1179, 1179, 1174, 1167, 1161, 1158, 1154, 1152, 631, 0, 0, 436, 433, 433, 436, 441, 447, 0, 1131, 1130, 1131, 1132, 0, 1133, 1137, 1137, 1139, 1142, 1144, 1148, 1153, 1157, 1159, 1163, 1167, 1175, 1185, 1191, 1197, 1205, 1214, 1224, 1231, 1241, 1253, 1264, 1273, 1285]
[0, 1299, 1286, 1275, 1265, 1252, 1242, 1234, 1223, 1214, 1204, 1195, 1187, 1180, 1175, 1169, 1164, 1160, 1155, 1150, 1152, 631, 0, 442, 437, 434, 433, 435, 441, 447, 0, 1135, 1130, 1131, 1133, 1132, 1134, 1138, 1140, 1141, 1144, 1148, 1150, 1154, 1160, 1162, 1166, 1173, 1181, 1188, 1191, 1194, 1202, 1210, 1220, 1231, 1241, 1250, 1259, 1269, 1281]
[0, 1297, 1284, 1273, 1262, 1252, 1242, 1231, 1221, 1211, 1202, 1195, 1187, 1179, 1173, 1168, 1162, 1157, 1155, 1150, 1152, 631, 0, 442, 440, 434, 434, 435, 437, 443, 0, 0, 1129, 1130, 1130, 1132, 1132, 1132, 1134, 1137, 1140, 1144, 1148, 1149, 1155, 1160, 1162, 1168, 1176, 1184, 1191, 1197, 1203, 1213, 1223, 1233, 1243, 1253, 1262, 1272, 1285]
[0, 1290, 1278, 1268, 1255, 1252, 1246, 1237, 1227, 1216, 1207, 1199, 1189, 1183, 1178, 1171, 1167, 1161, 1155, 1151, 1152, 631, 0, 445, 440, 435, 434, 435, 438, 445, 0, 0, 1131, 1129, 1129, 1132, 1134, 1134, 1135, 1138, 1140, 1142, 1148, 1153, 1154, 1159, 1165, 1171, 1177, 1182, 1190, 1198, 1205, 1215, 1225, 1233, 1243, 1254, 1264, 1275, 1285]
[0, 1290, 1280, 1268, 1258, 1249, 1237, 1227, 1220, 1209, 1207, 1199, 1192, 1185, 1178, 1173, 1167, 1158, 1153, 1152, 1152, 631, 0, 0, 436, 433, 434, 0, 441, 445, 0, 1130, 1129, 1128, 1129, 1133, 1135, 1138, 1140, 1138, 1141, 1144, 1148, 1152, 1153, 1158, 1164, 1167, 1174, 1184, 1190, 1196, 1202, 1210, 1221, 1234, 1243, 1250, 1260, 1273, 1283]
[0, 1299, 1287, 1275, 1264, 1253, 1242, 1233, 1224, 1215, 1205, 1197, 1189, 1181, 1175, 1170, 1163, 1157, 1152, 1147, 1152, 631, 0, 443, 438, 435, 433, 435, 441, 445, 0, 1132, 1126, 1127, 1130, 1132, 1131, 1131, 1136, 1139, 1142, 1145, 1150, 1152, 1157, 1158, 1162, 1166, 1172, 1180, 1187, 1193, 1201, 1209, 1218, 1229, 1240, 1249, 1260, 1269, 1280]
[0, 1299, 1287, 1276, 1265, 1254, 1243, 1233, 1224, 1215, 1205, 1197, 1189, 1181, 1175, 1169, 1163, 1157, 1153, 1148, 1152, 631, 0, 443, 435, 433, 433, 436, 441, 445, 0, 1128, 1128, 1130, 0, 1130, 1131, 1134, 1136, 1136, 1139, 1143, 1145, 1147, 1151, 1157, 1162, 1167, 1174, 1183, 1189, 1196, 1203, 1211, 1220, 1231, 1241, 1250, 1260, 1272, 1282]
[0, 1290, 1280, 1268, 1258, 1248, 1237, 1227, 1217, 1215, 1207, 1199, 1191, 1184, 1178, 1172, 1166, 1158, 1154, 1151, 1151, 631, 0, 0, 435, 433, 434, 436, 441, 445, 0, 1127, 1126, 1129, 0, 1132, 0, 1133, 1135, 1136, 1138, 1143, 1145, 1147, 1151, 1158, 1163, 1167, 1173, 1182, 1189, 1194, 1201, 1210, 1219, 1229, 1240, 1249, 1260, 1270, 1281]
[0, 1295, 1282, 1272, 1261, 1250, 1240, 1230, 1219, 1210, 1202, 1193, 1186, 1179, 1171, 1165, 1161, 1157, 1154, 1148, 1151, 631, 0, 441, 438, 435, 434, 435, 441, 445, 0, 0, 1127, 1128, 1127, 1130, 1132, 1132, 1134, 1138, 1142, 1144, 1147, 1153, 1158, 1161, 1164, 1168, 1175, 1184, 1193, 1199, 1201, 1216, 1227, 1229, 1247, 1249, 1268, 1270, 1277]
[0, 1294, 1282, 1270, 1259, 1250, 1241, 1229, 1217, 1207, 1199, 1191, 1183, 1178, 1170, 1162, 1159, 1157, 1151, 1148, 1145, 631, 0, 0, 436, 435, 434, 435, 444, 445, 0, 0, 1126, 1128, 1129, 1129, 1128, 1131, 1134, 1135, 1139, 1144, 1147, 1149, 1155, 1159, 1162, 1166, 1173, 1180, 1187, 1196, 1202, 1209, 1220, 1232, 1242, 1251, 1261, 1272, 1282]
[0, 1294, 1282, 1272, 1262, 1251, 1240, 1231, 1220, 1209, 1202, 1194, 1186, 1179, 1171, 1164, 1159, 1154, 1149, 1146, 1145, 631, 0, 442, 440, 434, 434, 435, 438, 445, 0, 0, 1127, 1126, 1128, 1131, 1131, 1131, 1135, 1136, 1139, 1142, 1145, 1149, 1154, 1158, 1164, 1170, 1176, 1182, 1190, 1197, 1203, 1209, 1220, 1232, 1242, 1253, 1265, 1276, 1288]
[0, 1294, 1281, 1271, 1261, 1250, 1239, 1230, 1219, 1209, 1201, 1193, 1185, 1179, 1171, 1164, 1159, 1153, 1149, 1146, 1145, 631, 0, 442, 442, 433, 434, 435, 437, 443, 0, 0, 1125, 1128, 1127, 1127, 1129, 1132, 1135, 1137, 1139, 1142, 1145, 1146, 1149, 1156, 1161, 1165, 1172, 1179, 1184, 1191, 1200, 1210, 1219, 1230, 1241, 1254, 1268, 1281, 1296]
[0, 1286, 1281, 1275, 1264, 1252, 1240, 1232, 1220, 1211, 1202, 1194, 1188, 1180, 1172, 1167, 1161, 1156, 1153, 1148, 1145, 631, 0, 443, 436, 433, 434, 435, 437, 443, 0, 0, 1126, 1127, 1126, 1126, 1128, 1130, 1133, 1136, 1139, 1143, 1146, 1149, 1152, 1156, 1162, 1166, 1172, 1179, 1186, 1195, 1202, 1212, 1222, 1232, 1245, 1261, 1274, 1285, 1299]
[0, 1298, 1285, 1273, 1264, 1253, 1242, 1233, 1221, 1211, 1204, 1196, 1187, 1180, 1174, 1167, 1159, 1155, 1152, 1148, 1145, 631, 0, 443, 443, 434, 434, 436, 441, 443, 0, 1127, 1123, 1124, 1128, 1129, 1130, 1130, 1133, 1136, 1138, 1142, 1145, 1146, 1151, 1155, 1160, 1166, 1173, 1178, 1185, 1194, 1201, 1210, 1220, 1230, 1240, 1254, 1269, 1283, 1296]
[0, 1295, 1282, 1271, 1260, 1250, 1241, 1231, 1220, 1208, 1200, 1194, 1187, 1178, 1171, 1164, 1159, 1155, 1151, 1147, 1145, 631, 0, 444, 436, 434, 434, 434, 437, 443, 0, 0, 1125, 1127, 1126, 1126, 1129, 1130, 1133, 1135, 1138, 1142, 1145, 1146, 1150, 1156, 1161, 1165, 1172, 1179, 1184, 1193, 1202, 1213, 1223, 1231, 1244, 1259, 1273, 1287, 1301]
[0, 1293, 1281, 1271, 1260, 1249, 1239, 1229, 1219, 1208, 1200, 1192, 1184, 1178, 1170, 1163, 1159, 1154, 1149, 1145, 1145, 631, 0, 444, 437, 434, 435, 437, 443, 443, 0, 0, 1124, 1126, 1125, 1126, 1129, 1130, 1131, 1134, 1138, 1142, 1145, 1151, 1160, 1167, 1173, 1180, 1189, 1198, 1203, 1210, 1217, 1227, 1237, 1246, 1251, 1258, 1269, 1285, 1298]
[0, 1294, 1282, 1270, 1259, 1249, 1239, 1229, 1218, 1208, 1198, 1190, 1184, 1178, 1170, 1163, 1159, 1154, 1148, 1145, 1145, 631, 0, 444, 444, 438, 435, 435, 437, 443, 0, 0, 1126, 1126, 1125, 1126, 1128, 1130, 1132, 1135, 1141, 1147, 1153, 1160, 1164, 1168, 1174, 1182, 1191, 1198, 1204, 1210, 1218, 1227, 1237, 1246, 1252, 1259, 1270, 1286, 1301]
[0, 1290, 1280, 1269, 1258, 1247, 1235, 1226, 1216, 1207, 1198, 1190, 1183, 1177, 1170, 1162, 1159, 1156, 1148, 1150, 1145, 631, 0, 444, 437, 435, 435, 437, 437, 443, 0, 0, 1125, 1126, 1125, 1126, 1128, 1130, 1133, 1136, 1141, 1147, 1153, 1159, 1164, 1169, 1174, 1182, 1191, 1198, 1204, 1210, 1218, 1227, 1237, 1245, 1255, 1264, 1273, 1286, 1299]
[0, 1290, 1283, 1271, 1261, 1249, 1240, 1231, 1220, 1208, 1201, 1195, 1188, 1180, 1176, 1174, 1172, 1168, 1165, 1162, 1159, 631, 0, 0, 442, 437, 435, 435, 438, 446, 0, 0, 1124, 1125, 1127, 1128, 1128, 1131, 1135, 1139, 1145, 1149, 1156, 1161, 1166, 1173, 1179, 1187, 1192, 1197, 1205, 1212, 1222, 1231, 1238, 1246, 1255, 1264, 1276, 1288, 1299]
[0, 1282, 1283, 1271, 1260, 1249, 1240, 1231, 1220, 1211, 1202, 1194, 1188, 1185, 1181, 1179, 1178, 1173, 1167, 1162, 1159, 631, 0, 0, 444, 439, 439, 440, 446, 446, 0, 1138, 1136, 1137, 1139, 1141, 1144, 1146, 1147, 1139, 1152, 1149, 1160, 1161, 1164, 1168, 1173, 1179, 1185, 1191, 1200, 1207, 1214, 1223, 1233, 1242, 1251, 1257, 1267, 1280, 1293]
[0, 1282, 1271, 1260, 1249, 1249, 1230, 1231, 1221, 1213, 1206, 1198, 1191, 1186, 1183, 1180, 1177, 1172, 1167, 1162, 1159, 631, 0, 0, 444, 440, 439, 440, 446, 446, 0, 1138, 1139, 1140, 1139, 1141, 1144, 1146, 1147, 1148, 1152, 1151, 1155, 1160, 1164, 1168, 1173, 1180, 1185, 1192, 1201, 1207, 1214, 1223, 1232, 1242, 1251, 1257, 1268, 1281, 1293]
[0, 1282, 1282, 1270, 1260, 1249, 1240, 1231, 1219, 1211, 1204, 1196, 1189, 1185, 1186, 1184, 1178, 1172, 1166, 1162, 1157, 631, 0, 0, 445, 440, 439, 440, 446, 446, 0, 1138, 1138, 1138, 1139, 1140, 1143, 1145, 1146, 1148, 1151, 1155, 1160, 1164, 1168, 1172, 1179, 1188, 1194, 1192, 1206, 1207, 1213, 1221, 1229, 1240, 1249, 1257, 1267, 1280, 1292]
[0, 1299, 1291, 1283, 1270, 1249, 1249, 1231, 1240, 1231, 1222, 1214, 1206, 1199, 1192, 1183, 1178, 1173, 1168, 1163, 1160, 631, 0, 0, 444, 439, 439, 441, 446, 446, 0, 1138, 1139, 1139, 1139, 1141, 0, 1143, 1147, 1148, 1148, 1151, 1155, 1159, 1163, 1168, 1173, 1180, 1188, 1195, 1203, 1210, 1215, 1224, 1236, 1244, 1250, 1261, 1272, 1282, 1296]
[0, 1299, 1292, 1282, 1269, 1249, 1248, 1240, 1240, 1231, 1221, 1214, 1206, 1199, 1192, 1184, 1178, 1174, 1168, 1163, 1160, 631, 0, 0, 451, 445, 443, 445, 450, 446, 0, 1138, 1138, 1138, 1139, 1140, 1143, 1144, 1145, 1148, 1151, 1154, 1160, 1164, 1168, 1172, 1179, 1187, 1193, 1199, 1206, 1210, 1213, 1221, 1230, 1240, 1249, 1257, 1267, 1280, 1292]
[0, 1304, 1297, 1286, 1272, 1260, 1251, 1243, 1235, 1222, 1213, 1211, 1203, 1196, 1190, 1184, 1177, 1170, 1165, 1160, 1157, 631, 0, 0, 451, 444, 443, 445, 450, 446, 0, 1138, 1138, 1138, 1138, 1141, 1143, 1144, 1144, 1147, 1150, 1155, 1159, 1162, 1167, 1173, 1180, 1186, 1191, 1198, 1205, 1211, 1220, 1227, 1237, 1249, 1256, 1265, 1278, 1280, 1303]
[0, 1300, 1291, 1281, 1268, 1257, 1248, 1239, 1235, 1230, 1221, 1213, 1206, 1199, 1192, 1188, 1182, 1173, 1168, 1163, 1160, 631, 0, 0, 447, 443, 443, 444, 0, 446, 0, 1142, 1136, 1136, 1136, 1139, 1140, 1142, 1145, 1148, 1151, 1153, 1156, 1159, 1164, 1169, 1174, 1181, 1190, 1197, 1203, 1210, 1217, 1223, 1232, 1244, 1254, 1262, 1271, 1286, 1300]
[0, 1301, 1293, 1281, 1268, 1257, 1257, 1248, 1239, 1230, 1221, 1214, 1206, 1199, 1192, 1183, 1176, 1173, 1168, 1163, 1159, 1157, 0, 0, 0, 447, 445, 447, 453, 446, 0, 1138, 1137, 1137, 1138, 1140, 1142, 1144, 1145, 1148, 1150, 1154, 1160, 1164, 1167, 1172, 1179, 1187, 1193, 1199, 1206, 1213, 1221, 1223, 1230, 1240, 1249, 1257, 1268, 1279, 1291]
[0, 1312, 1299, 1287, 1275, 1265, 1255, 1246, 1238, 1227, 1218, 1212, 1204, 1196, 1189, 1183, 1178, 1171, 1167, 1163, 1157, 1153, 0, 0, 0, 449, 447, 447, 453, 0, 1142, 1137, 1137, 1137, 1138, 1139, 1143, 1144, 1145, 1148, 1151, 1154, 1155, 1160, 1167, 1172, 1179, 1186, 1193, 1199, 1199, 1206, 1213, 1222, 1231, 1240, 1250, 1258, 1268, 1280, 1292]
[0, 1302, 1292, 1280, 1266, 1257, 1248, 1240, 1230, 1227, 1221, 1213, 1206, 1199, 1192, 1187, 1182, 1175, 1168, 1164, 1161, 1155, 0, 0, 0, 449, 448, 452, 453, 0, 1136, 1136, 1138, 1138, 1138, 1141, 1143, 1143, 1145, 1146, 1148, 1151, 1155, 1160, 1164, 1168, 1173, 1180, 1188, 1195, 1200, 1206, 1214, 1223, 1232, 1241, 1250, 1258, 1268, 1280, 1293]
[0, 1305, 1297, 1286, 1272, 1260, 1252, 1242, 1234, 1228, 1218, 1210, 1203, 1194, 1191, 1184, 1175, 1171, 1165, 1158, 1155, 1153, 0, 0, 0, 452, 449, 452, 453, 0, 1145, 1138, 1138, 1137, 1137, 1140, 1143, 1143, 1144, 1146, 1149, 1153, 1158, 1162, 1168, 1173, 1178, 1185, 1191, 1196, 1204, 1211, 1219, 1229, 1238, 1247, 1256, 1264, 1276, 1288, 1300]
[0, 1304, 1293, 1279, 1266, 1256, 1249, 1240, 1227, 1218, 1213, 1207, 1200, 1194, 1194, 1189, 1179, 1171, 1169, 1165, 1159, 1153, 0, 0, 0, 450, 448, 452, 453, 0, 1136, 1138, 1135, 1136, 1137, 1137, 1138, 1141, 1144, 1147, 1149, 1151, 1155, 1159, 1163, 1168, 1174, 1178, 1185, 1194, 1200, 1205, 1213, 1221, 1229, 1241, 1250, 1260, 1270, 1281, 1294]
