[0, 0, 0, 0, 0, 0, 0, 0, 0, 0, 0, 0, 0, 0, 0, 0, 0, 0, 0, 0, 0, 0, 0, 0, 0, 0, 0, 0, 0, 0, 0, 0, 0, 0, 0, 0, 0, 0, 0, 0, 0, 0, 0, 0, 0, 0, 0, 0, 0, 0, 0, 0, 0, 0, 0, 0, 0, 0, 0, 0, 0]
[0, 525, 522, 522, 518, 515, 511, 507, 503, 501, 498, 496, 493, 490, 489, 486, 485, 485, 483, 482, 482, 481, 480, 479, 479, 479, 479, 479, 479, 479, 479, 480, 481, 482, 482, 483, 484, 485, 487, 488, 490, 492, 495, 497, 499, 502, 505, 509, 512, 516, 520, 523, 527, 532, 537, 541, 546, 552, 557, 563, 569]
[0, 530, 524, 520, 517, 513, 510, 506, 503, 500, 498, 495, 492, 490, 488, 486, 486, 484, 483, 483, 481, 481, 480, 480, 479, 479, 479, 478, 478, 479, 479, 480, 481, 482, 482, 483, 484, 485, 487, 488, 491, 493, 495, 497, 500, 503, 506, 509, 512, 515, 519, 524, 528, 532, 537, 542, 547, 553, 558, 564, 570]
[0, 529, 524, 520, 517, 513, 509, 506, 503, 500, 497, 495, 492, 490, 488, 486, 485, 484, 483, 483, 482, 480, 480, 480, 479, 479, 479, 479, 479, 479, 480, 480, 481, 482, 483, 484, 485, 486, 487, 489, 491, 493, 495, 498, 501, 503, 504, 510, 513, 517, 519, 521, 525, 534, 537, 543, 548, 553, 560, 564, 566]
[0, 526, 522, 518, 517, 515, 512, 508, 504, 501, 498, 496, 493, 490, 488, 487, 484, 484, 483, 482, 481, 480, 479, 480, 479, 479, 479, 479, 478, 479, 479, 480, 481, 482, 483, 484, 485, 486, 487, 489, 491, 493, 495, 498, 501, 504, 504, 507, 510, 517, 519, 521, 525, 534, 538, 543, 548, 553, 554, 560, 566]
[0, 528, 524, 519, 515, 515, 511, 504, 501, 501, 499, 496, 492, 490, 489, 487, 486, 485, 483, 482, 481, 481, 480, 479, 479, 479, 479, 478, 478, 479, 479, 480, 481, 482, 482, 483, 484, 485, 487, 488, 490, 493, 495, 497, 500, 502, 505, 509, 512, 516, 519, 524, 528, 532, 537, 542, 547, 553, 558, 564, 570]
[0, 528, 522, 518, 515, 515, 511, 507, 503, 501, 498, 496, 493, 490, 488, 486, 485, 485, 483, 482, 481, 480, 480, 479, 479, 479, 479, 479, 478, 479, 480, 480, 481, 482, 482, 483, 484, 485, 486, 488, 490, 492, 495, 497, 499, 502, 505, 508, 512, 516, 519, 523, 527, 532, 537, 542, 547, 552, 557, 563, 569]
[0, 530, 525, 520, 517, 513, 510, 506, 503, 500, 498, 495, 492, 490, 488, 486, 485, 484, 483, 482, 481, 480, 480, 479, 479, 479, 479, 478, 478, 479, 480, 480, 481, 482, 482, 483, 484, 485, 487, 488, 490, 493, 496, 498, 500, 503, 507, 510, 513, 516, 520, 524, 528, 533, 537, 542, 548, 552, 559, 565, 569]
[0, 526, 522, 518, 517, 515, 511, 508, 504, 501, 498, 496, 493, 490, 488, 486, 486, 485, 483, 482, 481, 480, 479, 479, 479, 479, 479, 479, 478, 479, 479, 480, 481, 482, 483, 484, 485, 486, 487, 489, 491, 493, 495, 498, 501, 503, 507, 510, 510, 513, 521, 524, 525, 534, 538, 543, 548, 548, 554, 560, 572]
[0, 535, 529, 525, 522, 518, 514, 511, 508, 505, 502, 499, 497, 495, 493, 491, 489, 488, 487, 486, 481, 485, 479, 485, 479, 479, 479, 478, 478, 479, 479, 480, 481, 482, 482, 483, 484, 485, 487, 488, 490, 493, 495, 497, 500, 503, 505, 509, 512, 516, 519, 524, 528, 532, 537, 542, 547, 552, 558, 564, 570]
[0, 534, 529, 525, 522, 518, 514, 512, 508, 505, 502, 500, 498, 495, 493, 491, 490, 488, 488, 487, 486, 485, 485, 484, 485, 485, 484, 484, 484, 484, 485, 485, 486, 487, 488, 489, 490, 492, 493, 495, 497, 499, 502, 504, 507, 510, 513, 517, 520, 524, 527, 531, 536, 540, 545, 542, 556, 562, 567, 573, 570]
[0, 532, 528, 524, 520, 518, 516, 513, 510, 507, 504, 501, 499, 497, 495, 492, 491, 489, 488, 487, 486, 485, 485, 484, 484, 484, 484, 484, 484, 484, 485, 485, 486, 487, 488, 489, 490, 492, 493, 495, 497, 499, 502, 504, 507, 510, 513, 517, 520, 524, 527, 531, 536, 540, 545, 551, 556, 561, 567, 573, 580]
[0, 536, 531, 528, 525, 520, 516, 513, 510, 511, 508, 505, 503, 501, 499, 497, 495, 493, 492, 491, 490, 490, 489, 488, 484, 484, 484, 484, 485, 485, 485, 486, 487, 487, 488, 489, 490, 491, 492, 496, 497, 498, 502, 504, 505, 509, 512, 515, 518, 522, 525, 530, 533, 537, 542, 547, 552, 557, 563, 568, 575]
[0, 540, 535, 530, 526, 523, 520, 516, 512, 510, 507, 505, 502, 500, 497, 495, 494, 493, 492, 491, 490, 489, 488, 488, 488, 488, 488, 488, 489, 489, 489, 486, 491, 492, 493, 489, 497, 491, 498, 499, 501, 503, 506, 508, 510, 513, 516, 520, 524, 527, 531, 535, 539, 544, 548, 553, 559, 565, 570, 576, 583]
[0, 536, 532, 528, 525, 520, 520, 513, 512, 510, 508, 505, 503, 501, 499, 497, 495, 493, 492, 491, 490, 489, 489, 488, 488, 488, 488, 488, 488, 488, 489, 489, 491, 492, 493, 494, 495, 496, 498, 500, 502, 504, 507, 509, 511, 514, 518, 522, 524, 528, 532, 537, 541, 546, 551, 555, 560, 565, 572, 579, 586]
[0, 537, 533, 529, 525, 521, 518, 515, 512, 508, 506, 504, 501, 501, 499, 497, 496, 495, 493, 491, 490, 489, 489, 488, 488, 488, 488, 488, 489, 489, 490, 491, 491, 492, 492, 493, 495, 497, 498, 499, 501, 503, 506, 509, 511, 513, 517, 521, 524, 527, 531, 536, 540, 544, 549, 554, 559, 564, 570, 577, 583]
[0, 540, 536, 531, 528, 525, 521, 517, 514, 511, 509, 507, 504, 502, 499, 500, 497, 495, 496, 493, 490, 492, 492, 492, 488, 488, 488, 488, 488, 488, 489, 490, 491, 492, 493, 495, 496, 497, 499, 501, 503, 505, 508, 511, 513, 513, 520, 521, 526, 527, 530, 534, 538, 547, 552, 554, 558, 563, 575, 577, 589]
[0, 541, 534, 531, 530, 526, 522, 518, 515, 512, 509, 507, 505, 503, 501, 499, 498, 496, 494, 494, 494, 493, 492, 492, 492, 492, 492, 491, 491, 492, 493, 493, 494, 495, 497, 498, 499, 500, 501, 503, 506, 508, 511, 513, 516, 519, 523, 526, 529, 533, 537, 542, 546, 551, 556, 561, 566, 572, 579, 586, 592]
[0, 538, 534, 530, 530, 526, 522, 519, 515, 513, 510, 507, 505, 503, 501, 499, 498, 496, 495, 494, 494, 493, 492, 492, 492, 492, 492, 491, 492, 492, 493, 493, 495, 496, 496, 498, 499, 500, 502, 503, 506, 508, 510, 513, 516, 519, 522, 525, 528, 532, 537, 541, 545, 549, 554, 560, 566, 571, 577, 584, 591]
[0, 538, 535, 531, 526, 522, 519, 519, 516, 513, 511, 508, 505, 503, 501, 499, 498, 496, 495, 494, 494, 493, 492, 492, 492, 492, 492, 492, 492, 492, 493, 493, 494, 496, 496, 498, 499, 500, 501, 503, 505, 508, 510, 513, 516, 519, 522, 525, 528, 532, 537, 541, 545, 549, 554, 560, 566, 571, 577, 584, 591]
[0, 545, 540, 536, 532, 529, 525, 522, 519, 516, 514, 508, 512, 509, 507, 505, 504, 503, 501, 499, 498, 498, 498, 497, 492, 492, 492, 492, 492, 493, 493, 493, 494, 495, 496, 497, 498, 500, 501, 503, 506, 508, 510, 512, 515, 519, 522, 525, 528, 532, 536, 540, 544, 549, 554, 559, 565, 571, 577, 583, 590]
[0, 545, 540, 536, 532, 529, 525, 522, 519, 516, 514, 514, 511, 509, 507, 505, 503, 502, 500, 499, 498, 498, 497, 497, 497, 498, 497, 497, 498, 498, 499, 500, 501, 501, 503, 505, 506, 507, 509, 511, 506, 513, 515, 521, 515, 527, 522, 530, 538, 532, 542, 546, 550, 555, 559, 564, 570, 576, 583, 589, 595]
[0, 545, 543, 539, 535, 532, 528, 524, 520, 517, 515, 513, 511, 509, 507, 505, 504, 502, 501, 500, 499, 498, 498, 497, 497, 498, 497, 497, 498, 498, 499, 500, 501, 502, 503, 505, 506, 507, 509, 511, 513, 513, 516, 518, 521, 527, 522, 530, 533, 538, 542, 546, 550, 555, 559, 564, 570, 577, 583, 589, 596]
[0, 552, 543, 548, 544, 539, 535, 532, 529, 526, 523, 521, 518, 516, 514, 512, 510, 509, 508, 507, 507, 505, 505, 498, 497, 498, 497, 497, 498, 498, 499, 499, 500, 501, 502, 504, 505, 506, 507, 510, 512, 514, 517, 519, 522, 525, 529, 532, 535, 539, 543, 547, 552, 557, 561, 567, 574, 579, 585, 591, 598]
[0, 555, 551, 546, 542, 538, 535, 531, 528, 526, 523, 520, 518, 515, 514, 512, 510, 509, 508, 507, 507, 506, 505, 505, 505, 505, 505, 497, 506, 498, 506, 499, 507, 508, 509, 510, 512, 513, 515, 517, 519, 523, 525, 527, 530, 534, 537, 540, 543, 547, 552, 556, 560, 565, 569, 575, 581, 588, 593, 599, 606]
[0, 564, 560, 557, 553, 549, 545, 542, 539, 536, 533, 520, 531, 529, 527, 524, 522, 521, 520, 519, 518, 517, 517, 516, 505, 505, 505, 505, 505, 506, 506, 507, 508, 509, 510, 511, 512, 514, 516, 518, 520, 522, 525, 528, 531, 534, 536, 541, 544, 548, 553, 557, 561, 565, 572, 578, 583, 589, 595, 601, 608]
[0, 565, 562, 558, 553, 549, 546, 543, 539, 536, 534, 532, 528, 529, 525, 524, 522, 521, 520, 519, 518, 517, 516, 516, 516, 516, 516, 516, 516, 517, 518, 519, 520, 520, 521, 523, 525, 526, 528, 531, 533, 535, 538, 541, 544, 547, 536, 551, 558, 548, 562, 567, 571, 577, 582, 587, 592, 598, 604, 611, 617]
[0, 568, 562, 558, 556, 553, 548, 545, 542, 540, 534, 537, 535, 532, 530, 528, 526, 524, 523, 523, 522, 521, 521, 520, 516, 516, 516, 516, 516, 517, 518, 519, 519, 520, 522, 523, 525, 526, 527, 530, 532, 535, 538, 541, 543, 546, 549, 553, 557, 561, 564, 569, 575, 580, 586, 591, 597, 603, 608, 615, 623]
[0, 569, 564, 561, 557, 553, 550, 547, 544, 540, 541, 538, 535, 533, 531, 529, 527, 525, 524, 523, 523, 522, 521, 521, 520, 520, 520, 520, 520, 520, 521, 522, 523, 524, 526, 527, 528, 530, 531, 533, 537, 539, 542, 544, 547, 551, 549, 558, 561, 565, 570, 575, 580, 585, 586, 594, 601, 603, 607, 613, 621]
[0, 576, 571, 567, 563, 559, 557, 553, 549, 546, 544, 541, 535, 536, 531, 534, 531, 525, 531, 529, 528, 528, 527, 526, 521, 521, 521, 522, 522, 522, 523, 523, 524, 526, 527, 528, 530, 531, 531, 534, 538, 542, 542, 544, 549, 552, 549, 555, 559, 563, 567, 578, 580, 583, 587, 592, 598, 604, 609, 616, 624]
[0, 577, 573, 569, 564, 560, 557, 554, 551, 548, 545, 543, 541, 537, 535, 533, 532, 530, 529, 528, 528, 527, 527, 526, 526, 527, 526, 526, 526, 527, 527, 528, 529, 530, 531, 533, 535, 536, 538, 540, 543, 546, 548, 551, 553, 557, 560, 563, 567, 572, 577, 581, 586, 592, 596, 602, 607, 614, 620, 628, 637]
[0, 591, 587, 583, 578, 573, 569, 566, 563, 560, 557, 555, 552, 549, 547, 546, 544, 543, 529, 541, 540, 527, 540, 526, 526, 527, 526, 526, 526, 527, 527, 528, 528, 530, 531, 533, 534, 535, 537, 539, 542, 544, 546, 549, 553, 556, 559, 562, 566, 570, 575, 580, 584, 589, 595, 599, 605, 612, 617, 625, 633]
[0, 595, 591, 587, 583, 579, 575, 566, 567, 564, 557, 562, 559, 557, 555, 553, 551, 550, 548, 548, 548, 547, 546, 546, 526, 539, 539, 539, 539, 539, 540, 541, 542, 543, 544, 545, 547, 549, 551, 553, 556, 558, 560, 563, 566, 569, 573, 577, 581, 586, 590, 594, 599, 604, 609, 614, 621, 628, 636, 644, 651]
[0, 597, 592, 588, 583, 579, 575, 571, 568, 565, 562, 560, 557, 555, 555, 553, 552, 549, 548, 548, 547, 546, 546, 545, 545, 544, 545, 545, 545, 546, 546, 547, 548, 549, 551, 553, 555, 556, 558, 560, 562, 564, 567, 570, 574, 578, 582, 586, 590, 593, 598, 603, 608, 612, 618, 624, 631, 639, 646, 653, 661]
[0, 600, 596, 593, 589, 584, 580, 576, 573, 569, 566, 564, 562, 555, 557, 553, 556, 554, 548, 553, 552, 551, 551, 550, 545, 544, 544, 545, 545, 546, 546, 547, 548, 549, 550, 552, 554, 556, 558, 560, 562, 564, 567, 570, 574, 578, 582, 585, 589, 593, 597, 603, 608, 612, 618, 624, 631, 639, 647, 653, 661]
[0, 600, 595, 593, 591, 587, 584, 580, 575, 571, 567, 565, 562, 560, 558, 557, 555, 554, 553, 553, 552, 551, 550, 550, 550, 550, 549, 550, 551, 551, 551, 551, 553, 554, 555, 556, 558, 560, 562, 565, 567, 569, 571, 575, 576, 580, 586, 590, 594, 599, 603, 607, 611, 617, 622, 629, 637, 643, 651, 658, 666]
[0, 612, 607, 602, 599, 595, 591, 588, 584, 581, 579, 574, 571, 569, 567, 566, 564, 563, 562, 560, 552, 559, 550, 559, 550, 549, 549, 550, 549, 551, 552, 551, 552, 553, 554, 555, 557, 559, 561, 563, 565, 567, 570, 574, 577, 580, 584, 588, 592, 596, 600, 606, 610, 614, 619, 625, 633, 640, 647, 654, 663]
[0, 610, 605, 601, 596, 593, 590, 588, 586, 582, 579, 576, 573, 570, 568, 566, 565, 564, 562, 560, 560, 559, 560, 558, 550, 559, 549, 558, 558, 559, 560, 560, 561, 562, 564, 565, 566, 569, 572, 574, 576, 579, 582, 585, 588, 591, 595, 599, 603, 607, 612, 616, 621, 627, 633, 639, 646, 652, 659, 668, 676]
[0, 618, 614, 610, 606, 601, 598, 595, 591, 588, 584, 581, 579, 577, 575, 572, 570, 570, 569, 567, 566, 566, 566, 559, 559, 558, 558, 558, 559, 559, 560, 561, 562, 563, 564, 566, 568, 570, 573, 575, 577, 580, 582, 586, 590, 591, 596, 600, 605, 607, 609, 618, 621, 623, 629, 643, 646, 656, 659, 672, 676]
[0, 618, 623, 619, 614, 610, 607, 604, 600, 596, 593, 590, 587, 586, 584, 581, 579, 579, 578, 575, 575, 575, 574, 559, 565, 558, 565, 558, 565, 565, 566, 566, 567, 568, 570, 572, 574, 576, 579, 582, 584, 586, 589, 592, 595, 599, 602, 607, 611, 615, 620, 625, 630, 636, 642, 648, 656, 664, 671, 679, 687]
[0, 626, 621, 616, 612, 608, 605, 604, 597, 596, 595, 592, 588, 586, 584, 582, 581, 579, 578, 577, 576, 575, 574, 573, 573, 572, 573, 573, 573, 574, 575, 576, 578, 580, 581, 572, 584, 586, 579, 588, 591, 593, 595, 598, 602, 605, 609, 614, 618, 622, 626, 631, 637, 643, 649, 655, 662, 669, 676, 684, 693]
[0, 626, 621, 616, 612, 608, 604, 601, 597, 596, 591, 592, 588, 586, 584, 582, 581, 579, 577, 577, 576, 575, 574, 574, 573, 573, 573, 573, 574, 575, 576, 577, 577, 579, 581, 583, 584, 586, 588, 591, 593, 596, 598, 601, 605, 609, 609, 618, 618, 625, 631, 631, 636, 642, 654, 660, 662, 667, 674, 683, 700]
[0, 632, 627, 616, 622, 618, 614, 610, 607, 603, 600, 598, 595, 592, 590, 589, 588, 586, 585, 584, 583, 582, 581, 574, 573, 573, 572, 573, 574, 575, 575, 577, 577, 579, 581, 582, 584, 586, 588, 591, 593, 596, 598, 601, 605, 609, 609, 618, 622, 625, 631, 631, 636, 648, 654, 660, 666, 674, 674, 692, 700]
[0, 642, 636, 632, 628, 623, 618, 615, 611, 607, 604, 602, 598, 596, 595, 593, 591, 590, 589, 588, 587, 586, 586, 581, 581, 580, 580, 581, 582, 581, 582, 583, 584, 586, 589, 592, 593, 594, 595, 591, 598, 600, 606, 601, 609, 616, 609, 625, 622, 629, 634, 639, 645, 650, 656, 662, 669, 677, 684, 692, 701]
[0, 644, 639, 634, 631, 626, 622, 619, 615, 611, 608, 605, 602, 600, 599, 597, 591, 596, 594, 588, 593, 591, 586, 591, 585, 584, 584, 586, 586, 581, 587, 583, 589, 591, 592, 593, 595, 596, 598, 600, 602, 605, 608, 611, 614, 618, 622, 626, 631, 636, 641, 646, 650, 656, 662, 668, 675, 683, 692, 700, 708]
[0, 655, 650, 646, 642, 639, 635, 629, 626, 622, 619, 616, 613, 611, 610, 597, 607, 596, 605, 588, 604, 603, 602, 602, 590, 591, 591, 592, 592, 592, 593, 594, 594, 595, 597, 598, 599, 600, 603, 605, 608, 610, 613, 616, 620, 624, 628, 633, 637, 642, 647, 651, 657, 663, 669, 675, 682, 691, 700, 708, 715]
[0, 658, 653, 646, 648, 645, 641, 636, 632, 629, 625, 621, 619, 617, 615, 613, 611, 610, 609, 608, 608, 607, 606, 602, 601, 601, 601, 601, 602, 602, 603, 604, 605, 607, 609, 610, 610, 612, 614, 617, 620, 623, 626, 628, 632, 637, 641, 646, 650, 655, 660, 665, 670, 675, 682, 689, 697, 705, 712, 719, 728]
[0, 661, 656, 651, 647, 643, 639, 635, 631, 628, 624, 621, 618, 616, 614, 613, 612, 611, 610, 610, 609, 607, 607, 605, 605, 605, 605, 605, 605, 606, 607, 608, 610, 612, 613, 614, 615, 617, 619, 622, 625, 629, 633, 637, 640, 644, 647, 652, 657, 662, 668, 672, 677, 683, 690, 698, 705, 713, 721, 730, 739]
[0, 664, 656, 656, 647, 652, 648, 643, 639, 636, 633, 630, 626, 623, 621, 619, 617, 616, 614, 614, 613, 613, 612, 607, 607, 607, 606, 606, 607, 608, 608, 610, 611, 612, 613, 615, 616, 618, 620, 624, 626, 629, 634, 638, 641, 644, 648, 652, 658, 662, 666, 672, 678, 684, 690, 697, 705, 713, 720, 728, 738]
[0, 671, 665, 661, 658, 654, 649, 646, 643, 639, 636, 633, 631, 623, 627, 625, 617, 622, 621, 620, 619, 619, 618, 612, 611, 611, 612, 611, 612, 612, 613, 615, 616, 617, 619, 621, 622, 624, 627, 630, 633, 629, 640, 638, 648, 651, 655, 660, 658, 670, 675, 679, 686, 692, 690, 707, 705, 720, 720, 737, 747]
[0, 674, 669, 665, 661, 656, 652, 648, 645, 642, 639, 635, 631, 629, 627, 625, 624, 622, 620, 619, 618, 618, 617, 617, 617, 617, 617, 617, 617, 618, 619, 620, 622, 623, 625, 626, 628, 630, 633, 636, 639, 643, 646, 648, 652, 656, 661, 665, 669, 674, 680, 685, 691, 697, 705, 712, 718, 725, 735, 745, 754]
[0, 689, 683, 678, 674, 670, 666, 662, 658, 654, 651, 649, 647, 644, 640, 639, 639, 636, 635, 634, 633, 633, 632, 617, 617, 617, 617, 617, 618, 618, 618, 620, 623, 624, 625, 626, 628, 631, 633, 637, 640, 644, 646, 650, 652, 653, 657, 667, 669, 672, 682, 685, 694, 697, 708, 712, 714, 721, 737, 748, 754]
[0, 686, 680, 676, 672, 668, 666, 659, 655, 654, 649, 649, 647, 644, 642, 640, 639, 637, 635, 633, 633, 632, 631, 631, 631, 630, 631, 631, 631, 632, 633, 634, 636, 638, 640, 642, 644, 646, 648, 650, 653, 656, 659, 662, 667, 672, 676, 681, 686, 692, 697, 703, 708, 714, 721, 729, 736, 745, 754, 763, 772]
[0, 700, 696, 691, 685, 681, 677, 673, 669, 666, 663, 660, 657, 655, 652, 651, 649, 637, 647, 633, 646, 632, 645, 632, 632, 631, 630, 631, 631, 632, 633, 634, 636, 637, 639, 641, 643, 645, 647, 649, 652, 655, 657, 661, 666, 670, 674, 679, 684, 689, 695, 702, 707, 712, 719, 726, 734, 742, 751, 761, 770]
[0, 700, 695, 690, 685, 680, 676, 672, 669, 665, 662, 659, 657, 657, 655, 652, 650, 649, 648, 647, 645, 645, 645, 645, 644, 643, 643, 644, 645, 645, 646, 646, 648, 649, 651, 653, 655, 657, 659, 662, 664, 668, 671, 675, 679, 683, 688, 693, 697, 703, 709, 714, 719, 726, 733, 740, 749, 758, 766, 776, 786]
[0, 700, 706, 701, 696, 691, 687, 683, 679, 676, 672, 669, 666, 664, 662, 661, 659, 658, 656, 656, 657, 655, 654, 645, 644, 644, 644, 644, 645, 646, 646, 647, 649, 650, 652, 653, 655, 657, 661, 663, 666, 669, 673, 677, 680, 685, 690, 695, 700, 706, 712, 717, 723, 730, 737, 744, 753, 762, 770, 779, 790]
[0, 712, 707, 702, 697, 693, 688, 684, 680, 677, 674, 671, 666, 668, 666, 664, 662, 660, 659, 659, 660, 659, 658, 653, 653, 653, 654, 654, 655, 646, 656, 657, 660, 650, 662, 664, 667, 668, 671, 674, 676, 679, 682, 687, 692, 696, 701, 706, 710, 716, 721, 728, 734, 741, 749, 757, 765, 773, 781, 791, 801]
[0, 713, 708, 704, 699, 693, 689, 686, 683, 678, 674, 673, 666, 669, 666, 665, 665, 664, 663, 661, 661, 663, 662, 655, 654, 655, 655, 656, 656, 657, 658, 659, 661, 663, 664, 665, 668, 670, 673, 676, 678, 681, 685, 691, 695, 700, 704, 709, 713, 718, 724, 731, 738, 745, 754, 761, 768, 777, 786, 797, 807]
[0, 737, 731, 724, 718, 714, 710, 707, 704, 701, 697, 693, 689, 686, 684, 682, 681, 680, 679, 679, 679, 677, 676, 660, 659, 659, 659, 660, 661, 662, 662, 664, 665, 667, 670, 673, 675, 676, 679, 682, 685, 689, 693, 697, 702, 707, 711, 715, 720, 727, 734, 740, 748, 755, 762, 769, 778, 788, 797, 806, 816]
[0, 733, 727, 721, 716, 713, 709, 707, 705, 702, 698, 695, 691, 688, 685, 683, 682, 681, 680, 679, 679, 678, 677, 676, 659, 675, 676, 676, 676, 677, 678, 679, 680, 682, 684, 686, 689, 691, 694, 697, 700, 703, 707, 711, 715, 719, 724, 730, 735, 740, 747, 755, 762, 768, 776, 784, 792, 801, 810, 819, 828]
[0, 733, 727, 727, 721, 717, 713, 709, 705, 702, 699, 696, 692, 689, 687, 685, 683, 681, 680, 680, 680, 679, 678, 676, 675, 675, 676, 677, 677, 678, 678, 680, 682, 683, 685, 687, 690, 693, 695, 699, 702, 706, 709, 713, 715, 716, 726, 732, 737, 744, 752, 755, 758, 771, 780, 784, 788, 797, 806, 825, 834]
[0, 752, 747, 741, 735, 731, 726, 721, 717, 714, 711, 709, 706, 703, 702, 700, 698, 697, 696, 694, 694, 694, 678, 677, 677, 677, 677, 678, 679, 680, 680, 681, 682, 685, 687, 690, 693, 695, 695, 697, 701, 704, 708, 711, 715, 719, 723, 729, 735, 741, 748, 755, 762, 768, 776, 785, 794, 802, 810, 820, 830]
[0, 760, 755, 749, 743, 737, 733, 729, 724, 720, 717, 715, 712, 710, 708, 706, 704, 703, 702, 699, 698, 699, 699, 692, 677, 692, 694, 678, 694, 695, 695, 697, 699, 700, 702, 704, 706, 709, 712, 714, 716, 720, 724, 728, 732, 737, 743, 749, 755, 760, 766, 774, 780, 787, 798, 806, 813, 821, 829, 838, 849]
[0, 760, 754, 749, 743, 737, 733, 729, 724, 720, 717, 715, 712, 710, 708, 706, 704, 703, 702, 699, 697, 699, 700, 699, 698, 698, 698, 700, 694, 700, 695, 702, 705, 707, 707, 709, 713, 715, 717, 719, 722, 726, 729, 733, 737, 741, 747, 754, 760, 764, 770, 778, 785, 794, 802, 809, 817, 826, 834, 844, 856]
[0, 772, 767, 762, 756, 737, 752, 743, 738, 720, 735, 732, 730, 727, 725, 723, 720, 718, 716, 708, 697, 694, 697, 700, 699, 698, 698, 699, 700, 701, 703, 704, 707, 707, 709, 711, 714, 716, 718, 722, 724, 728, 733, 737, 741, 746, 751, 757, 764, 769, 775, 782, 790, 799, 805, 813, 824, 831, 840, 851, 862]
[0, 773, 767, 763, 758, 752, 747, 743, 738, 735, 732, 729, 730, 724, 725, 721, 720, 718, 716, 708, 698, 695, 696, 710, 717, 715, 715, 715, 716, 717, 718, 718, 720, 722, 724, 727, 730, 732, 735, 737, 741, 745, 749, 753, 758, 763, 767, 772, 779, 785, 792, 799, 807, 815, 823, 831, 838, 847, 857, 867, 876]
[0, 786, 780, 774, 769, 764, 759, 755, 750, 746, 743, 740, 736, 734, 732, 731, 728, 726, 717, 703, 695, 694, 699, 707, 715, 714, 714, 715, 716, 717, 717, 719, 720, 722, 724, 727, 729, 732, 735, 738, 741, 744, 748, 752, 757, 762, 767, 772, 778, 784, 792, 799, 806, 814, 822, 830, 838, 846, 856, 866, 875]
[0, 784, 779, 772, 768, 764, 759, 754, 750, 745, 741, 739, 737, 733, 732, 731, 728, 729, 726, 0, 698, 694, 696, 713, 723, 723, 722, 723, 725, 727, 728, 729, 731, 732, 734, 737, 740, 742, 746, 749, 753, 757, 759, 763, 768, 773, 779, 785, 792, 798, 805, 812, 819, 828, 835, 843, 853, 863, 872, 880, 890]
[0, 802, 796, 790, 785, 780, 775, 771, 767, 763, 760, 756, 753, 751, 750, 747, 746, 729, 744, 0, 698, 694, 696, 705, 717, 721, 722, 723, 724, 726, 727, 728, 730, 732, 734, 736, 739, 742, 745, 749, 753, 756, 759, 763, 767, 772, 777, 783, 789, 797, 803, 810, 818, 826, 833, 840, 851, 861, 869, 878, 887]
[0, 803, 796, 790, 785, 779, 775, 771, 766, 762, 759, 756, 753, 753, 748, 747, 746, 746, 743, 0, 697, 694, 696, 705, 0, 739, 740, 740, 741, 742, 745, 746, 748, 751, 753, 755, 757, 760, 763, 767, 770, 774, 778, 781, 785, 790, 796, 803, 809, 815, 823, 829, 835, 843, 853, 861, 870, 878, 888, 897, 907]
[0, 827, 821, 815, 810, 804, 800, 771, 795, 791, 787, 783, 780, 777, 774, 772, 771, 769, 0, 704, 693, 691, 695, 705, 0, 738, 739, 740, 741, 742, 744, 745, 748, 751, 753, 755, 758, 761, 763, 767, 770, 774, 777, 781, 785, 790, 797, 803, 810, 816, 823, 830, 835, 843, 853, 862, 869, 878, 888, 897, 908]
[0, 830, 824, 819, 813, 808, 803, 798, 793, 790, 786, 782, 779, 775, 773, 771, 770, 769, 0, 0, 697, 691, 692, 705, 0, 0, 765, 766, 767, 768, 769, 771, 773, 775, 779, 781, 784, 788, 791, 794, 798, 802, 807, 811, 815, 821, 827, 831, 836, 843, 852, 859, 867, 874, 882, 890, 899, 910, 922, 932, 942]
[0, 848, 841, 836, 831, 826, 821, 817, 812, 808, 804, 801, 797, 795, 792, 790, 789, 787, 0, 0, 696, 691, 692, 705, 0, 0, 765, 765, 767, 769, 770, 772, 774, 775, 778, 781, 785, 788, 790, 793, 797, 801, 805, 810, 815, 820, 825, 830, 835, 841, 849, 857, 865, 873, 880, 888, 897, 906, 917, 928, 940]
[0, 851, 843, 836, 833, 827, 822, 818, 813, 810, 806, 801, 799, 797, 794, 791, 790, 788, 0, 0, 697, 691, 692, 705, 0, 782, 785, 787, 767, 788, 791, 772, 795, 775, 798, 803, 785, 806, 808, 812, 815, 819, 824, 827, 832, 836, 842, 849, 856, 863, 869, 875, 882, 890, 897, 907, 918, 928, 938, 948, 959]
[0, 861, 856, 850, 845, 839, 833, 829, 826, 821, 818, 815, 811, 808, 806, 802, 801, 801, 0, 696, 697, 691, 692, 705, 0, 784, 785, 786, 788, 790, 791, 792, 794, 798, 798, 801, 806, 806, 808, 811, 816, 821, 828, 827, 832, 837, 843, 850, 857, 869, 869, 875, 882, 890, 898, 907, 929, 928, 938, 948, 959]
[0, 860, 853, 845, 840, 836, 831, 827, 824, 821, 820, 816, 812, 809, 807, 804, 802, 801, 0, 702, 692, 689, 694, 705, 0, 797, 797, 798, 801, 803, 804, 806, 808, 810, 812, 801, 818, 821, 808, 828, 816, 831, 835, 839, 844, 851, 858, 864, 869, 874, 881, 888, 896, 904, 914, 924, 933, 942, 951, 961, 974]
[0, 879, 873, 868, 864, 858, 852, 847, 842, 837, 820, 833, 830, 827, 807, 824, 822, 820, 0, 701, 691, 689, 694, 705, 0, 0, 798, 799, 800, 801, 803, 805, 808, 810, 812, 815, 818, 821, 825, 827, 830, 835, 839, 845, 851, 857, 864, 869, 875, 882, 888, 895, 903, 912, 923, 933, 943, 952, 962, 976, 991]
[0, 881, 875, 870, 864, 864, 860, 856, 852, 846, 840, 837, 834, 831, 830, 828, 826, 824, 0, 696, 689, 688, 692, 705, 0, 0, 818, 820, 821, 821, 823, 825, 827, 829, 830, 833, 835, 837, 840, 846, 850, 855, 861, 865, 869, 875, 880, 886, 891, 898, 906, 916, 924, 934, 943, 952, 962, 973, 985, 996, 1008]
[0, 881, 886, 880, 875, 870, 864, 860, 854, 848, 845, 840, 837, 835, 832, 829, 828, 828, 0, 696, 690, 690, 692, 705, 0, 0, 822, 823, 825, 827, 829, 830, 833, 835, 836, 838, 841, 845, 850, 855, 859, 863, 868, 872, 869, 876, 888, 894, 891, 900, 907, 917, 927, 936, 943, 951, 961, 972, 985, 996, 1007]
[0, 887, 882, 877, 871, 867, 862, 857, 852, 848, 843, 840, 839, 836, 834, 831, 830, 829, 0, 699, 689, 688, 693, 0, 820, 824, 825, 827, 829, 830, 830, 833, 834, 836, 839, 843, 846, 845, 849, 853, 856, 861, 866, 869, 873, 880, 885, 890, 897, 904, 913, 921, 930, 938, 946, 956, 967, 978, 990, 1000, 1012]
[0, 907, 901, 877, 889, 867, 885, 880, 875, 871, 868, 865, 862, 859, 855, 851, 850, 849, 0, 696, 690, 689, 693, 0, 820, 0, 825, 827, 828, 829, 830, 832, 835, 837, 840, 842, 845, 848, 851, 856, 860, 864, 869, 873, 877, 883, 889, 895, 897, 903, 911, 918, 927, 936, 945, 955, 966, 978, 990, 1001, 1011]
[0, 914, 907, 899, 894, 889, 884, 880, 875, 871, 868, 864, 861, 858, 854, 852, 851, 849, 0, 695, 690, 689, 694, 0, 820, 0, 847, 848, 849, 852, 854, 856, 859, 861, 863, 865, 868, 871, 875, 878, 880, 864, 891, 895, 902, 883, 909, 916, 924, 930, 937, 945, 954, 963, 973, 984, 995, 1005, 1016, 1028, 1040]
[0, 914, 907, 899, 893, 889, 884, 879, 875, 871, 868, 865, 862, 859, 856, 852, 850, 849, 0, 698, 689, 684, 688, 694, 820, 0, 847, 846, 848, 852, 854, 856, 859, 861, 863, 865, 868, 871, 873, 877, 881, 886, 891, 895, 901, 908, 914, 920, 929, 936, 943, 951, 960, 970, 981, 992, 1002, 1013, 1025, 1036, 1049]
[0, 945, 940, 934, 928, 923, 917, 911, 906, 901, 897, 894, 890, 887, 885, 882, 881, 849, 0, 697, 689, 686, 690, 694, 820, 0, 846, 847, 848, 851, 854, 856, 858, 860, 863, 865, 867, 870, 872, 876, 880, 884, 889, 894, 898, 905, 911, 919, 926, 933, 940, 948, 955, 963, 973, 984, 995, 1005, 1016, 1028, 1040]
[0, 946, 940, 934, 928, 923, 917, 910, 906, 901, 897, 894, 890, 887, 884, 882, 881, 880, 0, 0, 690, 683, 684, 0, 820, 880, 846, 881, 848, 883, 886, 888, 889, 891, 894, 896, 898, 901, 906, 910, 915, 921, 927, 932, 937, 941, 948, 955, 962, 970, 979, 989, 997, 1006, 1017, 1027, 1037, 1047, 1058, 1071, 1085]
[0, 976, 967, 958, 951, 946, 942, 937, 932, 928, 924, 919, 915, 913, 909, 907, 905, 903, 0, 695, 688, 685, 693, 0, 878, 880, 881, 882, 882, 884, 886, 888, 891, 893, 895, 898, 902, 905, 910, 915, 919, 924, 930, 935, 942, 947, 951, 959, 968, 976, 985, 994, 1002, 1013, 1023, 1032, 1042, 1054, 1068, 1080, 1092]
[0, 969, 961, 954, 948, 942, 939, 935, 929, 926, 922, 917, 914, 911, 908, 907, 903, 903, 0, 697, 689, 689, 691, 0, 878, 0, 903, 903, 904, 908, 910, 911, 913, 917, 920, 923, 926, 930, 935, 939, 943, 947, 951, 956, 963, 970, 978, 985, 993, 1000, 1006, 1016, 1026, 1036, 1044, 1054, 1067, 1078, 1089, 1101, 1116]
[0, 998, 992, 985, 978, 972, 965, 957, 952, 948, 945, 942, 939, 937, 935, 932, 930, 928, 0, 0, 688, 685, 687, 702, 0, 900, 901, 902, 904, 907, 909, 910, 913, 916, 919, 925, 928, 930, 935, 939, 942, 946, 951, 955, 962, 969, 977, 985, 993, 999, 1007, 1016, 1026, 1035, 1046, 1057, 1067, 1078, 1089, 1101, 1117]
[0, 998, 992, 985, 978, 971, 965, 958, 953, 948, 945, 941, 938, 936, 934, 932, 930, 928, 0, 696, 689, 685, 687, 694, 0, 0, 929, 930, 931, 933, 936, 938, 940, 943, 947, 951, 955, 959, 963, 967, 971, 978, 985, 990, 996, 1002, 1010, 1017, 1025, 1035, 1042, 1052, 1064, 1072, 1083, 1057, 1106, 1078, 1135, 1101, 1165]
[0, 1056, 1049, 1040, 1034, 1029, 1024, 1019, 1012, 1007, 1002, 999, 997, 995, 992, 990, 987, 986, 0, 0, 688, 684, 686, 0, 928, 929, 930, 932, 931, 936, 937, 938, 938, 941, 945, 949, 952, 955, 959, 963, 969, 975, 981, 987, 992, 998, 1005, 1013, 1020, 1028, 1036, 1045, 1056, 1065, 1076, 1087, 1096, 1110, 1125, 1141, 1157]
[0, 1065, 1057, 1049, 1042, 1037, 1031, 1026, 1021, 1015, 1011, 1006, 1002, 1000, 998, 996, 995, 994, 0, 0, 688, 683, 685, 694, 0, 988, 990, 992, 993, 997, 1000, 1001, 1004, 1007, 1009, 1013, 1018, 1023, 1027, 1032, 1037, 1043, 1050, 1057, 1064, 1072, 1080, 1090, 1103, 1115, 1128, 1139, 1147, 1155, 1166, 1177, 1096, 1204, 1219, 1141, 1252]
[0, 1065, 1057, 1049, 1042, 1036, 1030, 1026, 1021, 1016, 1012, 1007, 1003, 1000, 998, 996, 994, 993, 0, 0, 688, 684, 686, 693, 0, 993, 994, 996, 999, 1001, 1003, 1004, 1006, 1009, 1012, 1016, 1020, 1024, 1028, 1032, 1038, 1043, 1049, 1056, 1063, 1072, 1082, 1089, 1099, 1113, 1123, 1133, 1144, 1154, 1163, 1170, 1183, 1197, 1213, 1232, 1246]
[0, 1090, 1083, 1076, 1069, 1063, 1058, 1052, 1021, 1041, 1012, 1038, 1036, 1032, 1029, 1027, 1023, 1021, 0, 690, 684, 683, 689, 694, 0, 993, 993, 995, 998, 1000, 1000, 1003, 1006, 1009, 1013, 1015, 1019, 1025, 1028, 1032, 1038, 1043, 1050, 1057, 1063, 1072, 1081, 1090, 1100, 1113, 1125, 1136, 1145, 1154, 1163, 1172, 1183, 1200, 1217, 1233, 1250]
[0, 1095, 1087, 1081, 1076, 1068, 1061, 1057, 1051, 1046, 1042, 1038, 1034, 1031, 1029, 1027, 1024, 1022, 0, 0, 688, 683, 684, 694, 0, 1021, 1022, 1024, 1026, 1029, 1031, 1032, 1036, 1042, 1050, 1053, 1054, 1057, 1063, 1067, 1071, 1077, 1083, 1090, 1098, 1108, 1116, 1124, 1135, 1148, 1158, 1166, 1172, 1184, 1199, 1210, 1221, 1237, 1252, 1267, 1281]
[0, 1090, 1083, 1076, 1069, 1063, 1061, 1052, 1051, 1045, 1041, 1038, 1035, 1032, 1029, 1026, 1023, 1021, 0, 689, 684, 683, 683, 693, 0, 1021, 1022, 1022, 1025, 1030, 1032, 1034, 1038, 1042, 1049, 1053, 1056, 1061, 1065, 1068, 1071, 1077, 1084, 1091, 1098, 1108, 1118, 1128, 1140, 1150, 1160, 1169, 1177, 1188, 1199, 1213, 1227, 1243, 1260, 1273, 1286]
[0, 1109, 1100, 1094, 1087, 1081, 1076, 1071, 1066, 1059, 1055, 1052, 1048, 1044, 1029, 1041, 1039, 1037, 0, 691, 684, 683, 687, 693, 0, 1020, 1023, 1025, 1027, 1028, 1030, 1033, 1036, 1042, 1051, 1053, 1055, 1058, 1063, 1067, 1071, 1077, 1083, 1092, 1099, 1108, 1116, 1125, 1138, 1148, 1158, 1169, 1177, 1187, 1199, 1212, 1227, 1243, 1259, 1272, 1286]
[0, 1113, 1105, 1097, 1090, 1083, 1078, 1074, 1067, 1061, 1058, 1055, 1051, 1048, 1044, 1040, 1037, 1037, 0, 694, 686, 683, 686, 693, 0, 1036, 1040, 1045, 1046, 1047, 1050, 1056, 1059, 1057, 1063, 1069, 1070, 1075, 1082, 1085, 1088, 1093, 1100, 1109, 1118, 1126, 1136, 1146, 1155, 1163, 1170, 1180, 1192, 1204, 1216, 1229, 1243, 1257, 1271, 1286, 1302]
[0, 1145, 1138, 1130, 1122, 1115, 1109, 1100, 1095, 1091, 1087, 1083, 1080, 1078, 1075, 1040, 1072, 1070, 0, 690, 683, 683, 686, 697, 0, 1037, 1039, 1042, 1047, 1048, 1053, 1059, 1064, 1070, 1071, 1071, 1074, 1079, 1084, 1085, 1087, 1091, 1098, 1106, 1115, 1125, 1132, 1140, 1151, 1161, 1167, 1176, 1188, 1198, 1211, 1226, 1239, 1252, 1267, 1282, 1297]
[0, 1148, 1139, 1131, 1124, 1116, 1110, 1102, 1096, 1092, 1088, 1083, 1081, 1079, 1076, 1040, 1070, 1070, 0, 690, 684, 683, 688, 697, 0, 1072, 1074, 1077, 1080, 1082, 1082, 1086, 1088, 1093, 1101, 1104, 1107, 1111, 1116, 1122, 1126, 1131, 1137, 1146, 1155, 1162, 1168, 1176, 1186, 1196, 1206, 1217, 1225, 1232, 1242, 1254, 1264, 1275, 1285, 1298, 1312]
[0, 1174, 1139, 1166, 1160, 1155, 1148, 1141, 1136, 1130, 1125, 1120, 1118, 1116, 1112, 1107, 1105, 1104, 0, 0, 687, 683, 684, 697, 0, 1072, 1074, 1078, 1081, 1082, 1082, 1086, 1090, 1095, 1102, 1104, 1107, 1111, 1115, 1122, 1127, 1132, 1137, 1146, 1155, 1162, 1168, 1176, 1186, 1196, 1206, 1217, 1225, 1231, 1241, 1253, 1264, 1274, 1285, 1297, 1311]
[0, 1176, 1168, 1161, 1155, 1149, 1143, 1137, 1131, 1126, 1122, 1119, 1118, 1117, 1114, 1109, 1106, 1105, 0, 689, 687, 683, 683, 691, 0, 1104, 1105, 1109, 1112, 1115, 1117, 1120, 1124, 1128, 1131, 1133, 1136, 1141, 1147, 1153, 1156, 1160, 1161, 1161, 1168, 1175, 1180, 1185, 1192, 1200, 1208, 1216, 1227, 1237, 1246, 1256, 1265, 1275, 1287, 1298, 1314]
[0, 1194, 1187, 1178, 1171, 1166, 1161, 1156, 1150, 1142, 1139, 1138, 1118, 1132, 1114, 1128, 1124, 1123, 0, 689, 683, 682, 688, 691, 0, 1106, 1107, 1109, 1111, 1115, 1118, 1120, 1124, 1127, 1129, 1131, 1136, 1140, 1146, 1152, 1157, 1158, 1158, 1162, 1169, 1175, 1180, 1186, 1193, 1199, 1206, 1215, 1226, 1236, 1246, 1256, 1265, 1275, 1286, 1298, 1313]
[0, 1197, 1189, 1181, 1173, 1167, 1162, 1157, 1151, 1144, 1139, 1138, 1136, 1133, 1129, 1124, 1123, 1123, 0, 691, 683, 681, 686, 691, 0, 1120, 1124, 1126, 1126, 1127, 1130, 1133, 1135, 1139, 1140, 1137, 1137, 1140, 1142, 1145, 1149, 1153, 1156, 1162, 1166, 1172, 1179, 1185, 1191, 1198, 1206, 1214, 1224, 1234, 1242, 1253, 1265, 1274, 1285, 1297, 1311]
[0, 1215, 1207, 1198, 1190, 1182, 1176, 1172, 1151, 1167, 1162, 1159, 1158, 1156, 1153, 1148, 1142, 1140, 0, 0, 688, 682, 682, 691, 0, 1120, 0, 1123, 1126, 1129, 1128, 1129, 1135, 1137, 1138, 1136, 1135, 1140, 1142, 1144, 1148, 1152, 1156, 1159, 1164, 1171, 1177, 1184, 1190, 1195, 1205, 1214, 1222, 1231, 1241, 1252, 1263, 1273, 1283, 1295, 1310]
[0, 1234, 1227, 1218, 1211, 1204, 1195, 1188, 1184, 1179, 1176, 1172, 1169, 1165, 1162, 1159, 1157, 1140, 0, 0, 684, 682, 685, 691, 0, 1137, 1138, 1138, 1134, 1129, 1130, 1131, 1131, 1133, 1135, 1135, 1137, 1140, 1142, 1145, 1149, 1153, 1156, 1159, 1163, 1171, 1178, 1184, 1191, 1197, 1205, 1213, 1222, 1232, 1242, 1252, 1263, 1273, 1284, 1293, 1306]
[0, 1249, 1241, 1234, 1229, 1220, 1213, 1208, 1201, 1179, 1195, 1191, 1188, 1183, 1176, 1169, 1162, 1158, 0, 0, 688, 682, 682, 694, 0, 1132, 1131, 1131, 1131, 1130, 1131, 1131, 1132, 1133, 1135, 1137, 1137, 1138, 1141, 1144, 1146, 1150, 1153, 1157, 1161, 1169, 1176, 1181, 1187, 1193, 1200, 1208, 1217, 1225, 1235, 1245, 1256, 1265, 1275, 1286, 1297]
[0, 1256, 1247, 1238, 1231, 1225, 1218, 1211, 1206, 1201, 1196, 1192, 1184, 1178, 1175, 1168, 1159, 1154, 0, 0, 685, 682, 683, 688, 0, 1133, 1130, 1130, 1130, 1129, 1130, 1130, 1131, 1132, 1134, 1134, 1136, 1140, 1143, 1145, 1146, 1151, 1157, 1159, 1163, 1170, 1178, 1185, 1190, 1197, 1205, 1213, 1223, 1233, 1242, 1250, 1261, 1273, 1284, 1293, 1307]
[0, 1276, 1267, 1255, 1245, 1236, 1225, 1217, 1208, 1199, 1196, 1187, 1184, 1179, 1170, 1166, 1162, 1157, 0, 687, 685, 681, 681, 690, 0, 1132, 1132, 1132, 1130, 1129, 1129, 1130, 1132, 1132, 1131, 1135, 1138, 1140, 1142, 1144, 1148, 1152, 1157, 1160, 1164, 1172, 1180, 1185, 1192, 1200, 1207, 1215, 1223, 1233, 1243, 1250, 1262, 1274, 1285, 1294, 1310]
[0, 1276, 1267, 1256, 1245, 1236, 1225, 1216, 1208, 1199, 1190, 1187, 1183, 1176, 1170, 1166, 1161, 1157, 0, 688, 682, 681, 681, 690, 0, 1133, 1130, 1130, 1129, 1127, 1129, 1129, 1130, 1130, 1132, 1134, 1134, 1137, 1141, 1141, 1143, 1150, 1155, 1158, 1160, 1165, 1174, 1180, 1186, 1194, 1199, 1206, 1216, 1225, 1237, 1246, 1254, 1265, 1278, 1288, 1300]
[0, 1286, 1275, 1265, 1254, 1242, 1233, 1224, 1215, 1206, 1197, 1189, 1181, 1178, 1172, 1163, 1157, 1154, 0, 0, 685, 681, 681, 690, 0, 1135, 1130, 1130, 1129, 1127, 1128, 1129, 1129, 1129, 1131, 1133, 1134, 1137, 1141, 1141, 1145, 1151, 1155, 1157, 1160, 1165, 1173, 1180, 1186, 1193, 1199, 1206, 1216, 1225, 1235, 1244, 1254, 1265, 1275, 1285, 1299]
[0, 1282, 1270, 1259, 1249, 1239, 1231, 1220, 1211, 1202, 1194, 1187, 1179, 1173, 1168, 1165, 1159, 1154, 0, 691, 683, 681, 684, 688, 0, 1132, 1129, 1129, 1130, 1129, 1129, 1129, 1130, 1131, 1130, 1132, 1136, 1140, 1142, 1144, 1146, 1151, 1156, 1159, 1162, 1168, 1174, 1180, 1189, 1197, 1202, 1207, 1216, 1227, 1238, 1249, 1258, 1270, 1280, 1290, 1304]
[0, 1275, 1265, 1254, 1244, 1239, 1224, 1220, 1214, 1205, 1197, 1189, 1181, 1176, 1169, 1162, 1159, 1156, 0, 0, 686, 681, 681, 697, 0, 1132, 1131, 1130, 1130, 1129, 1128, 1126, 1129, 1130, 1131, 1133, 1135, 1138, 1140, 1143, 1146, 1149, 1152, 1156, 1159, 1163, 1169, 1177, 1184, 1191, 1199, 1204, 1211, 1222, 1232, 1242, 1252, 1262, 1275, 1285, 1297]
[0, 1276, 1267, 1256, 1244, 1235, 1227, 1218, 1207, 1199, 1191, 1183, 1177, 1171, 1164, 1158, 1159, 1155, 0, 689, 682, 681, 686, 687, 0, 1133, 1129, 1129, 1129, 1129, 1129, 1129, 1130, 1130, 1130, 1132, 1136, 1139, 1141, 1143, 1146, 1148, 1151, 1155, 1162, 1168, 1172, 1178, 1184, 1190, 1197, 1206, 1216, 1224, 1234, 1244, 1254, 1265, 1275, 1286, 1300]
[0, 1276, 1266, 1255, 1245, 1234, 1224, 1214, 1205, 1199, 1197, 1189, 1181, 1176, 1169, 1164, 1160, 1155, 0, 687, 682, 681, 686, 687, 0, 1133, 0, 1129, 1129, 1128, 1129, 1130, 1130, 1129, 1130, 1132, 1133, 1134, 1138, 1143, 1146, 1148, 1151, 1154, 1157, 1162, 1169, 1177, 1184, 1190, 1198, 1203, 1211, 1222, 1234, 1244, 1252, 1262, 1274, 1284, 1296]
[0, 1275, 1265, 1253, 1243, 1234, 1224, 1214, 1214, 1204, 1197, 1188, 1181, 1175, 1169, 1162, 1158, 1155, 0, 0, 686, 681, 681, 687, 0, 1132, 1129, 1129, 1128, 1127, 1128, 1129, 1129, 1130, 1131, 1133, 1134, 1134, 1138, 1141, 1144, 1147, 1151, 1156, 1159, 1164, 1171, 1178, 1185, 1192, 1198, 1206, 1216, 1225, 1234, 1243, 1254, 1264, 1274, 1285, 1299]
[0, 1283, 1275, 1265, 1253, 1241, 1231, 1220, 1212, 1203, 1195, 1188, 1180, 1174, 1166, 1160, 1157, 1150, 0, 0, 685, 680, 680, 687, 0, 1131, 1129, 1128, 1129, 1128, 1128, 1129, 1130, 1129, 1129, 1132, 1135, 1138, 1140, 1142, 1145, 1148, 1150, 1156, 1162, 1167, 1173, 1179, 1184, 1190, 1197, 1206, 1215, 1224, 1234, 1244, 1254, 1265, 1276, 1288, 1302]
[0, 1281, 1271, 1259, 1248, 1237, 1230, 1221, 1208, 1200, 1193, 1184, 1177, 1171, 1164, 1159, 1156, 1153, 0, 0, 684, 680, 681, 688, 0, 1129, 1129, 1128, 1127, 1126, 1128, 1128, 1129, 1129, 1130, 1129, 1133, 1138, 1138, 1140, 1144, 1147, 1150, 1155, 1161, 1167, 1173, 1179, 1185, 1190, 1198, 1207, 1216, 1226, 1235, 1246, 1256, 1265, 1276, 1288, 1302]
[0, 1283, 1272, 1259, 1249, 1240, 1230, 1220, 1211, 1203, 1194, 1187, 1181, 1174, 1168, 1162, 1157, 1153, 0, 0, 686, 681, 680, 690, 0, 1129, 1126, 1124, 1123, 1126, 1127, 1126, 1126, 1125, 1126, 1130, 1132, 1135, 1139, 1142, 1143, 1146, 1151, 1155, 1159, 1164, 1170, 1176, 1183, 1191, 1197, 1205, 1217, 1227, 1235, 1245, 1256, 1265, 1276, 1286, 1300]
[0, 1275, 1264, 1253, 1244, 1234, 1224, 1214, 1206, 1197, 1190, 1184, 1178, 1170, 1162, 1157, 1155, 1153, 0, 0, 684, 680, 681, 685, 0, 1132, 1129, 1126, 1125, 1125, 1126, 1129, 1129, 1128, 1130, 1131, 1132, 1133, 1136, 1138, 1142, 1145, 1145, 1152, 1158, 1159, 1164, 1177, 1183, 1191, 1197, 1205, 1217, 1227, 1235, 1246, 1256, 1266, 1277, 1289, 1306]
[0, 1281, 1270, 1259, 1249, 1238, 1229, 1219, 1211, 1203, 1195, 1187, 1181, 1169, 1162, 1156, 1153, 1153, 0, 690, 681, 680, 683, 688, 0, 1129, 1128, 1128, 1128, 1127, 1124, 1123, 1123, 1126, 1128, 1129, 1132, 1134, 1136, 1137, 1142, 1145, 1145, 1150, 1159, 1159, 1170, 1177, 1183, 1189, 1197, 1206, 1213, 1222, 1233, 1243, 1254, 1265, 1275, 1286, 1299]
[0, 1276, 1267, 1256, 1245, 1238, 1230, 1220, 1208, 1199, 1192, 1186, 1180, 1173, 1167, 1161, 1156, 1152, 0, 687, 681, 680, 683, 694, 0, 1127, 1126, 1124, 1124, 1123, 1122, 1122, 1123, 1126, 1129, 1130, 1132, 1133, 1137, 1140, 1141, 1144, 1149, 1154, 1158, 1160, 1164, 1171, 1183, 1191, 1197, 1205, 1213, 1223, 1234, 1244, 1255, 1265, 1276, 1287, 1300]
[0, 1274, 1264, 1253, 1243, 1234, 1223, 1213, 1204, 1195, 1190, 1185, 1178, 1171, 1164, 1159, 1155, 1150, 0, 0, 685, 680, 683, 697, 0, 1127, 1126, 1125, 0, 1123, 1124, 1124, 1124, 1127, 1129, 1130, 1132, 1133, 1137, 1140, 1141, 1144, 1149, 1153, 1156, 1160, 1165, 1171, 1183, 1191, 1198, 1205, 1213, 1223, 1233, 1242, 1253, 1265, 1276, 1287, 1301]
[0, 1271, 1263, 1252, 1242, 1233, 1224, 1212, 1201, 1196, 1189, 1181, 1176, 1169, 1162, 1157, 1152, 1150, 0, 0, 683, 680, 681, 697, 0, 1129, 1128, 1126, 1124, 1124, 1125, 1124, 1124, 1127, 1128, 1130, 1131, 1133, 1137, 1140, 1141, 1144, 1146, 1148, 1155, 1159, 1164, 1177, 1183, 1189, 1197, 1209, 1218, 1227, 1240, 1251, 1265, 1278, 1288, 1299, 1310]
[0, 1275, 1263, 1251, 1241, 1232, 1221, 1213, 1204, 1195, 1188, 1182, 1177, 1168, 1161, 1156, 1151, 1150, 0, 0, 682, 679, 682, 689, 0, 1128, 1127, 1124, 1124, 1125, 1122, 1123, 1123, 1125, 1128, 1129, 1132, 1134, 1136, 1141, 1146, 1151, 1159, 1163, 1169, 1177, 1192, 1195, 1201, 1208, 1215, 1223, 1232, 1243, 1253, 1260, 1267, 1279, 1293, 1305, 1317]
[0, 1278, 1267, 1259, 1247, 1236, 1228, 1216, 1205, 1197, 1190, 1184, 1178, 1171, 1163, 1158, 1155, 1152, 0, 0, 684, 680, 681, 691, 0, 1128, 1126, 1125, 1124, 1123, 1123, 1124, 1125, 1127, 1131, 1135, 1137, 1142, 1147, 1149, 1153, 1158, 1164, 1170, 1174, 1179, 1187, 1195, 1201, 1207, 1212, 1221, 1230, 1240, 1249, 1256, 1266, 1275, 1287, 1300, 1312]
[0, 1275, 1263, 1251, 1243, 1234, 1221, 1212, 1203, 1195, 1188, 1182, 1176, 1173, 1170, 1166, 1164, 1152, 0, 0, 684, 681, 684, 689, 0, 1128, 1126, 1124, 1124, 1124, 1123, 1123, 1125, 1128, 1131, 1134, 1139, 1143, 1145, 1150, 1154, 1158, 1164, 1170, 1175, 1181, 1189, 1195, 1201, 1207, 1214, 1223, 1231, 1239, 1250, 1259, 1266, 1278, 1291, 1302, 1317]
[0, 1277, 1266, 1257, 1246, 1235, 1223, 1212, 1204, 1197, 1191, 1184, 1177, 1174, 1172, 1169, 1165, 1162, 0, 0, 685, 680, 682, 697, 0, 1141, 1138, 1137, 1137, 1136, 1137, 1138, 1138, 1140, 1142, 1142, 1145, 1148, 1150, 1153, 1158, 1162, 1164, 1165, 1176, 1184, 1191, 1195, 1195, 1201, 1215, 1223, 1231, 1239, 1252, 1260, 1268, 1278, 1296, 1306, 1319]
[0, 1277, 1267, 1258, 1248, 1241, 1235, 1229, 1219, 1213, 1210, 1198, 1191, 1190, 1183, 1175, 1171, 1167, 0, 0, 689, 684, 686, 692, 0, 1142, 1141, 1140, 1139, 1137, 1137, 1139, 1138, 1139, 1141, 1143, 1145, 1147, 1149, 1152, 1156, 1160, 1165, 1169, 1173, 1180, 1186, 1192, 1200, 1207, 1213, 1222, 1230, 1238, 1249, 1259, 1265, 1278, 1291, 1303, 1317]
[0, 1274, 1263, 1254, 1248, 1239, 1232, 1227, 1221, 1214, 1210, 1198, 1193, 1190, 1186, 1178, 1170, 1165, 0, 692, 689, 684, 686, 694, 0, 1142, 1139, 1138, 1139, 1137, 1135, 1135, 1137, 1138, 1139, 1142, 1143, 1146, 1148, 1150, 1154, 1158, 1161, 1166, 1173, 1180, 1188, 1194, 1199, 1207, 1213, 1221, 1230, 1238, 1249, 1258, 1265, 1277, 1291, 1303, 1317]
[0, 1276, 1264, 1254, 1249, 1242, 1234, 1227, 1221, 1216, 1206, 1202, 1198, 1189, 1181, 1175, 1171, 1167, 0, 0, 685, 681, 685, 688, 0, 1143, 1141, 1139, 1138, 1137, 1136, 1135, 1136, 1139, 1142, 1143, 1143, 1145, 1148, 1150, 1152, 1157, 1163, 1167, 1172, 1178, 1184, 1191, 1198, 1203, 1210, 1221, 1230, 1240, 1248, 1254, 1264, 1277, 1289, 1300, 1312]
[0, 1284, 1275, 1270, 1260, 1249, 1239, 1228, 1220, 1213, 1206, 1199, 1195, 1192, 1184, 1175, 1170, 1166, 0, 0, 688, 685, 688, 0, 0, 1141, 1140, 1139, 1137, 1136, 1137, 1138, 1138, 1139, 1142, 1142, 1144, 1147, 1150, 1153, 1155, 1159, 1163, 1170, 1172, 1176, 1181, 1195, 1198, 1201, 1208, 1215, 1223, 1232, 1243, 1251, 1259, 1268, 1279, 1293, 1306]
[0, 1298, 1286, 1273, 1263, 1253, 1244, 1235, 1225, 1216, 1210, 1203, 1196, 1189, 1180, 1175, 1170, 1166, 0, 0, 694, 686, 687, 0, 1145, 1141, 1139, 1138, 1137, 1136, 1137, 1137, 1138, 1140, 1142, 1142, 1142, 1145, 1147, 1149, 1152, 1155, 1159, 1163, 1169, 1177, 1182, 1190, 1196, 1199, 1207, 1215, 1224, 1234, 1242, 1252, 1261, 1268, 1280, 1294, 1308]
[0, 1292, 1281, 1271, 1259, 1248, 1239, 1229, 1221, 1214, 1206, 1201, 1196, 1191, 1183, 1174, 1170, 1166, 0, 0, 690, 686, 690, 696, 0, 1140, 1140, 1139, 1138, 1138, 1138, 1139, 1139, 1139, 1140, 1142, 1143, 1145, 1147, 1149, 1152, 1156, 1162, 1168, 1172, 1178, 1185, 1192, 1198, 1205, 1212, 1220, 1229, 1239, 1248, 1254, 1264, 1275, 1287, 1299, 1311]
[0, 1296, 1284, 1272, 1262, 1253, 1245, 1236, 1225, 1216, 1210, 1203, 1197, 1192, 1188, 1180, 1170, 1163, 0, 0, 691, 687, 690, 0, 1145, 1141, 1137, 1136, 1138, 1137, 1137, 1137, 1138, 1138, 1140, 1142, 1144, 1147, 1149, 1151, 1155, 1160, 1163, 1167, 1173, 1180, 1186, 1191, 1199, 1207, 1213, 1222, 1231, 1239, 1247, 1254, 1264, 1275, 1289, 1304, 1313]
[0, 1291, 1278, 1268, 1259, 1249, 1239, 1231, 1221, 1213, 1210, 1203, 1196, 1189, 1181, 1176, 1171, 1166, 1163, 0, 692, 689, 695, 0, 1146, 1142, 1138, 1137, 1138, 1137, 1136, 1135, 1137, 1138, 1139, 1142, 1143, 1145, 1148, 1149, 1152, 1157, 1161, 1165, 1170, 1176, 1181, 1188, 1194, 1200, 1214, 1222, 1231, 1242, 1249, 1256, 1266, 1277, 1289, 1299, 1312]
[0, 1292, 1279, 1268, 1258, 1249, 1239, 1231, 1225, 1216, 1209, 1203, 1197, 1190, 1182, 1176, 1171, 1164, 1163, 0, 695, 691, 695, 0, 1145, 1141, 1140, 1139, 1138, 1137, 1135, 1136, 1138, 1139, 1141, 1142, 1143, 1144, 1147, 1150, 1152, 1162, 1167, 1168, 1172, 1179, 1185, 1191, 1196, 1203, 1212, 1219, 1229, 1235, 1244, 1254, 1263, 1270, 1280, 1294, 1318]
[0, 1289, 1276, 1264, 1255, 1248, 1239, 1229, 1221, 1214, 1207, 1201, 1193, 1186, 1180, 1175, 1170, 1166, 1161, 0, 0, 696, 696, 0, 1144, 1142, 1139, 1138, 1137, 1137, 1136, 1136, 1137, 1138, 1141, 1142, 1142, 1143, 1146, 1152, 1155, 1161, 1167, 1168, 1172, 1178, 1185, 1190, 1196, 1203, 1211, 1219, 1228, 1232, 1241, 1254, 1262, 1269, 1281, 1295, 1319]
[0, 1296, 1284, 1271, 1261, 1253, 1243, 1234, 1224, 1215, 1210, 1203, 1197, 1190, 1182, 1176, 1171, 1167, 1164, 0, 0, 696, 696, 0, 1145, 0, 1141, 1139, 0, 1135, 1135, 1137, 1137, 1140, 1141, 1142, 1144, 1147, 1149, 1151, 1154, 1159, 1162, 1168, 1174, 1179, 1185, 1191, 1197, 1204, 1211, 1217, 1226, 1235, 1243, 1253, 1263, 1271, 1280, 1294, 1306]
[0, 1287, 1276, 1265, 1255, 1251, 1242, 1229, 1221, 1214, 1206, 1200, 1193, 1187, 1181, 1176, 1175, 1170, 1161, 0, 0, 698, 697, 0, 1148, 1140, 1138, 1137, 1136, 1136, 1136, 1137, 1137, 1138, 1139, 1141, 1143, 1146, 1148, 1149, 1153, 1158, 1163, 1168, 1172, 1177, 1185, 1191, 1197, 1204, 1210, 1215, 1225, 1234, 1243, 1253, 1261, 1270, 1281, 1294, 1308]
[0, 1290, 1278, 1265, 1256, 1248, 1239, 1228, 1222, 1215, 1207, 1202, 1195, 1186, 1180, 1175, 1173, 1169, 1162, 0, 0, 698, 696, 0, 1144, 1141, 1137, 1136, 1136, 1135, 1134, 1135, 1137, 1139, 1139, 1141, 1145, 1147, 1148, 1151, 1155, 1159, 1163, 1167, 1172, 1178, 1184, 1191, 1196, 1203, 1210, 1215, 1225, 1235, 1243, 1253, 1261, 1269, 1281, 1294, 1308]
