[0, 0, 0, 0, 0, 0, 0, 0, 0, 0, 0, 0, 0, 0, 0, 0, 0, 0, 0, 0, 0, 0, 0, 0, 0, 0, 0, 0, 0, 0, 0, 0, 0, 0, 0, 0, 0, 0, 0, 0, 0, 0, 0, 0, 0, 0, 0, 0, 0, 0, 0, 0, 0, 0, 0, 0, 0, 0, 0, 0, 0]
[0, 530, 525, 522, 517, 513, 510, 508, 505, 502, 499, 498, 497, 495, 493, 491, 489, 487, 486, 484, 483, 482, 482, 481, 480, 479, 480, 479, 479, 479, 479, 480, 481, 481, 482, 483, 484, 485, 487, 489, 491, 493, 495, 497, 500, 503, 507, 510, 513, 517, 522, 526, 531, 535, 540, 546, 551, 557, 562, 568, 575]
[0, 530, 527, 523, 519, 515, 512, 509, 506, 503, 500, 498, 496, 494, 492, 490, 488, 487, 485, 484, 483, 482, 482, 481, 480, 479, 479, 479, 479, 479, 480, 480, 481, 482, 482, 483, 485, 485, 486, 488, 490, 492, 497, 497, 502, 506, 507, 509, 512, 516, 520, 524, 529, 533, 538, 543, 549, 554, 559, 565, 571]
[0, 531, 527, 522, 519, 515, 512, 509, 506, 503, 500, 498, 496, 494, 492, 489, 488, 486, 485, 485, 484, 483, 482, 481, 481, 480, 480, 479, 479, 479, 480, 480, 481, 482, 482, 483, 485, 486, 487, 489, 492, 494, 496, 498, 501, 504, 507, 510, 514, 518, 522, 526, 531, 536, 541, 546, 551, 557, 562, 568, 575]
[0, 531, 527, 523, 519, 515, 512, 509, 506, 503, 500, 498, 496, 494, 492, 490, 488, 487, 485, 485, 483, 483, 482, 481, 481, 480, 479, 479, 479, 480, 480, 480, 481, 481, 482, 483, 485, 486, 487, 489, 492, 494, 496, 498, 502, 504, 507, 511, 514, 518, 522, 527, 532, 536, 541, 547, 552, 557, 562, 569, 576]
[0, 529, 525, 522, 517, 513, 510, 508, 506, 505, 502, 499, 497, 495, 493, 490, 489, 487, 485, 484, 483, 482, 482, 481, 481, 480, 479, 479, 479, 479, 480, 480, 481, 481, 482, 483, 485, 486, 487, 489, 491, 494, 496, 498, 501, 504, 507, 511, 514, 518, 522, 527, 531, 536, 541, 546, 552, 557, 562, 569, 576]
[0, 531, 527, 522, 518, 515, 511, 509, 506, 503, 500, 498, 496, 494, 491, 490, 487, 487, 485, 484, 484, 483, 482, 481, 480, 479, 479, 479, 479, 479, 480, 480, 481, 482, 482, 483, 485, 486, 488, 489, 490, 492, 495, 497, 500, 503, 506, 509, 512, 516, 520, 525, 530, 535, 539, 544, 550, 555, 560, 566, 572]
[0, 528, 523, 520, 518, 513, 511, 507, 506, 504, 501, 499, 496, 494, 492, 490, 488, 486, 485, 484, 483, 482, 481, 481, 480, 479, 479, 479, 479, 480, 480, 480, 481, 482, 482, 483, 485, 486, 487, 489, 492, 494, 496, 499, 502, 505, 506, 511, 515, 520, 520, 524, 533, 535, 543, 544, 549, 553, 558, 564, 571]
[0, 531, 527, 522, 518, 515, 511, 509, 506, 503, 500, 498, 496, 494, 492, 490, 488, 487, 485, 484, 484, 483, 482, 481, 480, 479, 479, 479, 479, 480, 480, 481, 481, 481, 482, 483, 484, 485, 487, 489, 491, 493, 495, 497, 500, 503, 507, 510, 514, 517, 521, 525, 530, 536, 541, 545, 551, 556, 561, 567, 575]
[0, 535, 527, 527, 523, 520, 511, 517, 514, 511, 509, 506, 503, 501, 499, 498, 496, 495, 494, 492, 491, 489, 488, 481, 481, 480, 479, 479, 479, 479, 480, 480, 481, 481, 482, 483, 484, 486, 487, 489, 492, 494, 496, 498, 501, 504, 507, 511, 514, 518, 522, 527, 532, 536, 541, 547, 552, 557, 562, 569, 577]
[0, 537, 532, 528, 524, 521, 518, 515, 512, 510, 507, 505, 502, 501, 501, 497, 496, 496, 493, 492, 491, 490, 489, 488, 487, 487, 486, 486, 479, 486, 487, 487, 488, 488, 489, 491, 493, 494, 496, 498, 500, 502, 505, 507, 510, 513, 516, 519, 523, 527, 531, 536, 541, 545, 550, 556, 561, 567, 573, 579, 586]
[0, 536, 532, 528, 524, 521, 517, 515, 512, 509, 507, 505, 504, 502, 500, 498, 497, 495, 494, 493, 491, 490, 489, 488, 487, 487, 487, 487, 486, 487, 487, 488, 489, 490, 491, 492, 494, 495, 497, 500, 502, 504, 506, 509, 512, 515, 518, 522, 526, 530, 534, 539, 544, 549, 554, 558, 564, 567, 570, 584, 591]
[0, 536, 532, 528, 524, 521, 517, 515, 515, 509, 507, 507, 504, 502, 500, 498, 497, 496, 494, 493, 491, 490, 489, 488, 487, 487, 487, 487, 487, 487, 487, 488, 489, 490, 491, 492, 494, 495, 497, 499, 502, 505, 507, 509, 512, 512, 518, 522, 526, 530, 534, 539, 544, 549, 554, 555, 559, 564, 577, 584, 591]
[0, 536, 531, 527, 524, 521, 517, 514, 515, 512, 509, 507, 504, 502, 500, 498, 497, 495, 494, 493, 491, 490, 489, 488, 488, 487, 487, 487, 487, 487, 488, 488, 489, 489, 492, 492, 495, 496, 497, 498, 500, 503, 505, 508, 510, 513, 516, 520, 524, 527, 532, 536, 541, 546, 551, 556, 561, 567, 573, 580, 586]
[0, 536, 535, 530, 526, 523, 520, 517, 514, 511, 509, 506, 504, 502, 500, 499, 497, 496, 495, 494, 491, 491, 489, 490, 488, 487, 486, 487, 487, 487, 487, 488, 488, 489, 491, 492, 493, 494, 496, 498, 500, 503, 505, 507, 510, 513, 516, 519, 524, 527, 531, 536, 541, 545, 550, 556, 561, 567, 573, 580, 586]
[0, 541, 537, 533, 529, 525, 522, 519, 516, 514, 511, 509, 504, 504, 503, 499, 501, 499, 498, 497, 496, 495, 494, 493, 489, 487, 488, 488, 488, 489, 489, 490, 491, 492, 493, 494, 496, 497, 499, 501, 504, 506, 508, 511, 513, 517, 521, 524, 528, 532, 536, 541, 545, 550, 555, 561, 566, 572, 579, 585, 592]
[0, 541, 537, 533, 529, 525, 522, 519, 516, 514, 511, 509, 507, 505, 503, 503, 501, 499, 498, 497, 496, 495, 494, 493, 492, 492, 491, 491, 492, 492, 493, 493, 494, 495, 496, 497, 499, 501, 502, 504, 507, 510, 512, 511, 517, 517, 521, 524, 527, 532, 541, 541, 546, 556, 562, 567, 566, 572, 579, 585, 591]
[0, 541, 537, 533, 529, 526, 522, 519, 516, 514, 511, 509, 507, 505, 503, 503, 501, 499, 499, 498, 496, 495, 494, 493, 492, 492, 491, 491, 491, 492, 493, 493, 494, 495, 496, 497, 499, 501, 502, 504, 507, 510, 512, 514, 517, 521, 521, 528, 527, 533, 541, 546, 551, 556, 562, 562, 567, 579, 579, 592, 599]
[0, 541, 535, 532, 529, 527, 524, 522, 519, 516, 514, 511, 508, 506, 504, 503, 501, 499, 498, 497, 496, 495, 494, 493, 492, 492, 492, 491, 492, 493, 493, 493, 494, 495, 496, 498, 499, 502, 502, 504, 506, 507, 510, 515, 517, 517, 521, 528, 527, 533, 537, 542, 546, 551, 557, 563, 567, 573, 580, 587, 593]
[0, 539, 535, 532, 529, 524, 522, 522, 519, 516, 513, 511, 508, 506, 504, 503, 501, 499, 498, 497, 496, 495, 494, 494, 493, 492, 492, 491, 493, 493, 494, 493, 495, 495, 496, 498, 499, 500, 502, 504, 506, 509, 512, 513, 516, 520, 524, 527, 531, 535, 539, 544, 549, 554, 559, 564, 570, 577, 584, 590, 596]
[0, 543, 539, 535, 529, 531, 528, 522, 519, 519, 516, 514, 512, 510, 508, 506, 504, 502, 501, 500, 499, 498, 497, 497, 493, 492, 492, 492, 493, 493, 494, 495, 495, 495, 496, 498, 499, 500, 502, 504, 506, 509, 512, 513, 516, 520, 524, 527, 531, 535, 539, 544, 549, 554, 559, 564, 570, 577, 584, 590, 596]
[0, 545, 541, 537, 534, 530, 526, 523, 521, 518, 515, 513, 511, 509, 507, 505, 503, 502, 501, 500, 500, 498, 497, 497, 496, 496, 495, 496, 496, 493, 496, 498, 495, 499, 499, 502, 499, 506, 502, 507, 511, 509, 514, 517, 520, 523, 526, 530, 534, 538, 543, 547, 552, 557, 562, 567, 573, 579, 586, 592, 598]
[0, 556, 552, 547, 544, 540, 537, 534, 531, 528, 526, 524, 522, 520, 507, 515, 503, 514, 513, 512, 511, 510, 509, 508, 497, 496, 496, 496, 496, 496, 497, 498, 499, 499, 500, 501, 502, 505, 506, 508, 511, 513, 515, 518, 521, 525, 528, 532, 536, 540, 544, 549, 554, 558, 563, 569, 575, 582, 588, 594, 601]
[0, 556, 551, 547, 544, 540, 537, 534, 531, 531, 528, 526, 522, 520, 520, 517, 515, 514, 513, 511, 511, 510, 509, 508, 507, 507, 507, 507, 508, 508, 508, 509, 510, 511, 512, 513, 514, 516, 518, 521, 523, 525, 528, 531, 534, 538, 542, 546, 550, 554, 558, 562, 567, 573, 580, 586, 591, 597, 603, 594, 617]
[0, 556, 552, 548, 545, 541, 538, 535, 532, 529, 526, 524, 522, 520, 518, 516, 514, 513, 512, 511, 511, 509, 509, 509, 507, 507, 507, 507, 507, 508, 508, 509, 510, 511, 512, 513, 514, 516, 518, 521, 523, 525, 528, 531, 534, 538, 542, 546, 550, 554, 558, 563, 568, 573, 573, 580, 586, 597, 603, 611, 617]
[0, 562, 558, 555, 551, 541, 548, 544, 541, 539, 536, 534, 531, 529, 527, 525, 524, 522, 521, 519, 518, 517, 517, 516, 507, 507, 507, 507, 507, 508, 508, 509, 510, 511, 511, 512, 514, 515, 517, 520, 522, 525, 527, 530, 534, 537, 540, 544, 548, 553, 557, 561, 566, 572, 578, 584, 590, 596, 601, 608, 615]
[0, 564, 560, 556, 552, 548, 545, 542, 539, 537, 534, 532, 529, 527, 526, 524, 523, 522, 520, 519, 517, 517, 517, 516, 515, 514, 514, 515, 515, 515, 515, 516, 517, 518, 520, 521, 523, 525, 527, 529, 532, 525, 534, 541, 544, 537, 547, 550, 555, 559, 564, 568, 573, 579, 585, 591, 597, 602, 608, 615, 621]
[0, 569, 564, 561, 557, 553, 550, 547, 544, 541, 538, 536, 534, 533, 530, 528, 527, 525, 520, 522, 522, 517, 521, 516, 515, 515, 514, 514, 515, 515, 515, 516, 517, 519, 520, 520, 522, 524, 526, 529, 531, 533, 536, 538, 542, 546, 549, 553, 557, 561, 566, 570, 576, 582, 587, 593, 599, 605, 612, 619, 626]
[0, 568, 564, 560, 556, 553, 550, 547, 544, 541, 538, 536, 534, 532, 530, 528, 527, 527, 525, 523, 522, 522, 521, 520, 520, 519, 519, 519, 519, 519, 520, 521, 522, 522, 524, 525, 526, 528, 530, 533, 535, 537, 540, 543, 546, 549, 554, 558, 562, 566, 570, 576, 582, 588, 593, 598, 604, 611, 617, 624, 632]
[0, 576, 572, 568, 564, 560, 557, 554, 551, 549, 547, 544, 534, 540, 538, 528, 537, 534, 533, 532, 530, 530, 529, 527, 520, 519, 519, 519, 519, 519, 520, 521, 522, 522, 523, 525, 526, 529, 531, 533, 535, 537, 541, 543, 546, 550, 554, 558, 562, 566, 570, 576, 582, 588, 593, 598, 604, 611, 617, 624, 632]
[0, 580, 572, 575, 571, 566, 563, 561, 558, 555, 552, 549, 547, 546, 544, 542, 540, 539, 537, 536, 535, 534, 533, 527, 527, 527, 527, 528, 528, 528, 528, 529, 529, 530, 532, 533, 536, 538, 539, 542, 544, 546, 550, 553, 556, 559, 563, 567, 571, 576, 581, 587, 592, 596, 602, 609, 615, 622, 629, 636, 644]
[0, 586, 582, 578, 571, 569, 563, 566, 563, 560, 558, 556, 554, 552, 549, 548, 546, 545, 544, 542, 541, 541, 540, 532, 533, 532, 532, 532, 533, 533, 533, 534, 529, 535, 536, 538, 539, 541, 543, 545, 547, 550, 553, 556, 559, 561, 564, 570, 575, 579, 584, 589, 594, 598, 604, 611, 617, 623, 630, 637, 645]
[0, 592, 588, 584, 579, 575, 571, 567, 564, 562, 559, 557, 555, 553, 551, 549, 548, 546, 545, 544, 542, 542, 541, 539, 539, 539, 539, 539, 540, 540, 541, 541, 543, 544, 545, 547, 549, 541, 553, 545, 558, 560, 553, 563, 566, 570, 574, 583, 575, 588, 592, 597, 602, 607, 612, 619, 626, 633, 640, 648, 654]
[0, 590, 586, 582, 578, 574, 571, 566, 564, 561, 559, 557, 557, 554, 552, 550, 548, 547, 545, 544, 542, 541, 540, 540, 539, 540, 540, 540, 540, 540, 541, 542, 542, 544, 545, 546, 548, 550, 552, 554, 556, 559, 562, 564, 568, 572, 576, 580, 585, 590, 594, 599, 604, 609, 615, 621, 628, 636, 643, 650, 658]
[0, 594, 590, 585, 578, 582, 577, 574, 571, 567, 565, 563, 561, 558, 556, 554, 553, 552, 550, 549, 548, 547, 546, 540, 541, 541, 540, 540, 540, 541, 542, 542, 543, 544, 545, 547, 548, 549, 553, 555, 556, 558, 560, 563, 566, 570, 575, 580, 584, 589, 594, 598, 602, 608, 614, 619, 626, 633, 641, 648, 655]
[0, 603, 599, 595, 592, 588, 577, 585, 582, 578, 575, 572, 569, 564, 563, 559, 557, 561, 560, 558, 557, 556, 556, 545, 545, 545, 546, 546, 540, 546, 542, 548, 543, 549, 550, 551, 553, 555, 557, 559, 561, 563, 566, 569, 574, 578, 581, 586, 590, 595, 600, 604, 609, 614, 620, 627, 635, 642, 649, 655, 662]
[0, 606, 602, 597, 593, 590, 586, 583, 580, 577, 574, 571, 569, 564, 555, 559, 560, 561, 561, 559, 557, 556, 556, 555, 554, 554, 554, 555, 556, 556, 542, 557, 559, 560, 550, 562, 564, 555, 566, 568, 571, 574, 577, 580, 584, 587, 591, 596, 600, 605, 609, 614, 619, 625, 632, 638, 645, 651, 659, 667, 675]
[0, 610, 602, 605, 601, 598, 595, 591, 588, 585, 582, 579, 575, 565, 555, 552, 554, 562, 566, 563, 562, 562, 561, 555, 554, 554, 555, 555, 555, 556, 556, 557, 558, 559, 560, 561, 563, 566, 568, 570, 572, 575, 579, 583, 586, 589, 593, 597, 601, 606, 611, 616, 621, 628, 634, 641, 648, 654, 662, 669, 677]
[0, 611, 606, 602, 598, 595, 592, 588, 586, 583, 580, 576, 575, 567, 552, 552, 560, 562, 565, 563, 563, 562, 561, 560, 560, 560, 559, 560, 561, 561, 562, 563, 564, 565, 566, 568, 570, 572, 574, 576, 579, 583, 586, 589, 592, 596, 600, 604, 609, 614, 618, 624, 630, 636, 643, 649, 655, 663, 670, 677, 685]
[0, 611, 608, 604, 599, 596, 593, 589, 587, 583, 580, 577, 569, 558, 551, 552, 560, 566, 564, 563, 563, 561, 561, 561, 560, 560, 560, 560, 560, 561, 561, 561, 562, 564, 566, 567, 569, 571, 573, 575, 578, 581, 585, 588, 592, 595, 599, 603, 609, 613, 617, 622, 628, 634, 641, 648, 654, 660, 668, 676, 683]
[0, 629, 624, 620, 616, 613, 609, 606, 603, 599, 597, 594, 0, 553, 548, 548, 551, 559, 573, 580, 579, 578, 577, 561, 560, 560, 560, 560, 560, 561, 561, 562, 563, 564, 565, 567, 568, 570, 573, 576, 579, 582, 585, 588, 591, 595, 599, 603, 607, 612, 616, 621, 628, 634, 640, 647, 653, 659, 667, 675, 683]
[0, 631, 627, 622, 618, 614, 611, 609, 606, 599, 602, 600, 0, 557, 550, 547, 547, 559, 573, 0, 584, 582, 582, 581, 576, 576, 576, 576, 577, 578, 579, 580, 563, 582, 584, 567, 586, 590, 592, 576, 594, 600, 585, 603, 606, 610, 614, 618, 622, 627, 632, 639, 645, 650, 656, 663, 669, 676, 685, 694, 701]
[0, 631, 627, 622, 618, 614, 611, 609, 609, 603, 602, 600, 0, 556, 549, 547, 548, 559, 573, 0, 584, 582, 581, 581, 581, 580, 580, 581, 581, 582, 583, 584, 585, 586, 587, 589, 591, 593, 595, 597, 599, 602, 605, 609, 612, 616, 620, 625, 629, 635, 640, 645, 650, 656, 662, 669, 676, 683, 693, 700, 707]
[0, 646, 642, 637, 632, 629, 625, 621, 618, 615, 612, 0, 0, 551, 548, 547, 549, 559, 573, 0, 594, 593, 593, 0, 0, 580, 580, 580, 581, 582, 583, 584, 585, 586, 587, 589, 591, 593, 594, 596, 599, 601, 605, 608, 611, 615, 619, 623, 628, 633, 644, 645, 649, 654, 667, 669, 674, 689, 697, 705, 713]
[0, 644, 639, 634, 630, 626, 625, 622, 619, 617, 614, 611, 0, 554, 548, 545, 547, 559, 573, 0, 595, 594, 593, 0, 593, 593, 593, 592, 593, 593, 594, 595, 597, 598, 599, 601, 604, 605, 607, 609, 612, 615, 618, 622, 626, 629, 634, 640, 644, 649, 654, 660, 666, 672, 678, 686, 694, 702, 710, 717, 725]
[0, 659, 654, 650, 647, 643, 639, 636, 633, 630, 627, 611, 0, 553, 547, 545, 546, 559, 573, 0, 0, 608, 607, 0, 0, 592, 593, 593, 592, 593, 594, 595, 596, 598, 599, 601, 602, 605, 607, 609, 612, 615, 618, 622, 626, 629, 634, 640, 645, 649, 654, 660, 666, 672, 678, 686, 694, 702, 708, 716, 726]
[0, 658, 654, 654, 649, 645, 641, 638, 635, 632, 628, 0, 558, 549, 545, 545, 548, 559, 573, 0, 610, 609, 607, 0, 0, 607, 606, 607, 608, 609, 610, 611, 611, 613, 614, 615, 618, 619, 621, 624, 628, 632, 635, 639, 643, 629, 651, 640, 661, 649, 667, 673, 678, 684, 692, 700, 707, 714, 721, 730, 739]
[0, 659, 655, 650, 647, 643, 639, 636, 633, 630, 627, 0, 0, 552, 547, 545, 546, 559, 573, 0, 0, 608, 608, 0, 0, 606, 607, 607, 607, 607, 608, 611, 612, 613, 613, 614, 616, 618, 620, 622, 626, 630, 633, 637, 641, 645, 648, 653, 658, 663, 669, 675, 681, 688, 695, 703, 710, 717, 725, 733, 742]
[0, 671, 667, 663, 647, 654, 651, 636, 648, 645, 642, 641, 0, 549, 544, 544, 546, 552, 573, 0, 0, 620, 619, 607, 0, 0, 607, 607, 608, 609, 610, 610, 611, 613, 615, 616, 617, 618, 621, 625, 626, 633, 633, 637, 640, 643, 648, 653, 657, 662, 668, 675, 681, 686, 693, 701, 709, 715, 722, 732, 742]
[0, 672, 668, 664, 660, 655, 651, 648, 646, 643, 640, 641, 0, 549, 544, 544, 546, 552, 573, 0, 0, 621, 619, 619, 0, 0, 618, 619, 620, 621, 622, 624, 611, 625, 626, 627, 629, 631, 634, 637, 641, 644, 647, 650, 653, 658, 662, 666, 671, 677, 683, 690, 697, 703, 710, 717, 724, 732, 741, 750, 760]
[0, 673, 668, 664, 660, 656, 653, 650, 646, 644, 641, 641, 0, 551, 546, 544, 545, 548, 573, 0, 0, 621, 620, 0, 0, 618, 619, 620, 620, 621, 622, 624, 624, 625, 627, 630, 631, 634, 637, 637, 644, 644, 648, 649, 653, 657, 661, 665, 670, 676, 682, 688, 695, 702, 709, 715, 723, 731, 739, 748, 758]
[0, 673, 678, 673, 669, 662, 653, 658, 655, 652, 649, 648, 0, 548, 544, 543, 545, 552, 573, 0, 0, 627, 627, 619, 0, 0, 619, 619, 620, 621, 622, 623, 624, 626, 627, 629, 631, 633, 636, 639, 642, 645, 649, 652, 656, 660, 664, 669, 675, 680, 686, 693, 700, 707, 713, 720, 728, 737, 746, 754, 763]
[0, 693, 688, 683, 679, 675, 672, 669, 666, 662, 659, 0, 554, 546, 544, 542, 545, 545, 553, 0, 0, 640, 639, 626, 0, 0, 626, 627, 628, 628, 629, 631, 632, 633, 634, 636, 639, 641, 644, 646, 649, 652, 655, 659, 663, 667, 671, 676, 682, 687, 693, 700, 707, 713, 719, 727, 735, 743, 752, 760, 770]
[0, 693, 693, 687, 683, 679, 676, 673, 670, 667, 663, 0, 556, 548, 543, 542, 545, 545, 553, 0, 0, 646, 645, 0, 0, 0, 638, 639, 640, 641, 643, 643, 644, 646, 647, 649, 650, 652, 655, 658, 661, 664, 667, 671, 675, 679, 684, 690, 696, 701, 706, 711, 718, 725, 732, 740, 749, 757, 764, 773, 783]
[0, 698, 693, 688, 682, 679, 676, 673, 669, 666, 664, 0, 0, 549, 544, 542, 543, 548, 0, 0, 647, 646, 645, 644, 644, 644, 644, 645, 645, 645, 647, 648, 648, 650, 651, 653, 655, 657, 660, 663, 666, 668, 671, 675, 679, 684, 689, 695, 701, 706, 711, 716, 730, 725, 737, 751, 749, 759, 776, 786, 796]
[0, 712, 707, 702, 697, 692, 689, 686, 682, 678, 675, 0, 0, 547, 543, 541, 543, 548, 0, 0, 660, 659, 658, 0, 645, 644, 644, 645, 645, 646, 647, 648, 649, 650, 651, 653, 655, 657, 660, 663, 666, 669, 673, 676, 680, 684, 690, 696, 701, 707, 712, 717, 725, 733, 739, 746, 754, 762, 771, 779, 789]
[0, 721, 716, 712, 707, 703, 700, 695, 691, 687, 684, 0, 552, 547, 543, 542, 545, 548, 552, 0, 0, 665, 664, 657, 0, 0, 657, 657, 658, 659, 660, 661, 662, 664, 666, 667, 669, 672, 675, 677, 680, 683, 687, 692, 697, 702, 707, 711, 716, 722, 728, 736, 743, 750, 758, 765, 773, 782, 791, 800, 810]
[0, 717, 712, 712, 708, 703, 699, 696, 692, 688, 684, 0, 552, 543, 540, 541, 544, 548, 551, 0, 0, 665, 664, 664, 0, 0, 665, 665, 665, 666, 667, 668, 669, 671, 674, 675, 677, 681, 684, 685, 689, 683, 697, 702, 706, 711, 716, 720, 726, 732, 739, 746, 753, 760, 758, 776, 785, 794, 804, 814, 823]
[0, 737, 733, 728, 724, 719, 715, 712, 708, 705, 702, 0, 0, 547, 541, 540, 541, 545, 0, 685, 684, 682, 664, 664, 665, 665, 664, 665, 665, 666, 667, 668, 669, 671, 674, 675, 677, 681, 683, 685, 689, 683, 693, 702, 706, 711, 716, 720, 721, 727, 733, 739, 746, 761, 758, 768, 776, 785, 794, 805, 815]
[0, 739, 733, 729, 724, 720, 716, 712, 709, 707, 704, 0, 0, 546, 541, 540, 541, 545, 0, 685, 686, 685, 683, 0, 682, 681, 682, 683, 683, 683, 684, 685, 687, 689, 691, 693, 696, 699, 701, 703, 707, 710, 714, 719, 724, 728, 733, 739, 745, 752, 758, 764, 771, 780, 787, 795, 805, 814, 823, 832, 842]
[0, 740, 734, 729, 725, 720, 716, 712, 708, 706, 704, 0, 0, 546, 541, 540, 541, 545, 0, 0, 686, 685, 684, 0, 683, 682, 682, 684, 684, 684, 685, 687, 688, 690, 693, 695, 697, 699, 702, 705, 707, 711, 716, 720, 726, 731, 735, 741, 748, 754, 761, 768, 775, 782, 790, 798, 807, 817, 826, 835, 846]
[0, 738, 733, 728, 723, 718, 714, 711, 708, 709, 706, 0, 552, 543, 540, 540, 542, 549, 0, 0, 0, 684, 683, 684, 0, 0, 683, 684, 684, 685, 686, 687, 690, 691, 693, 695, 698, 700, 702, 706, 708, 711, 716, 721, 727, 731, 735, 741, 748, 754, 761, 768, 775, 783, 791, 799, 808, 817, 826, 835, 846]
[0, 753, 748, 743, 723, 734, 714, 725, 708, 722, 719, 0, 552, 543, 539, 539, 542, 542, 549, 0, 0, 700, 699, 684, 0, 0, 684, 685, 685, 686, 687, 688, 690, 691, 694, 696, 698, 701, 704, 707, 710, 711, 717, 722, 727, 728, 733, 744, 748, 750, 756, 763, 770, 778, 785, 794, 803, 811, 821, 829, 838]
[0, 753, 752, 747, 741, 737, 732, 728, 725, 722, 718, 0, 549, 543, 541, 539, 539, 552, 549, 0, 0, 700, 700, 699, 0, 0, 700, 700, 701, 702, 702, 704, 705, 707, 709, 710, 713, 715, 717, 721, 725, 730, 735, 739, 744, 750, 756, 744, 762, 768, 780, 763, 788, 805, 785, 813, 821, 829, 838, 848, 860]
[0, 762, 752, 756, 752, 746, 741, 737, 734, 731, 727, 0, 549, 547, 540, 538, 539, 543, 553, 0, 0, 708, 708, 700, 0, 0, 701, 701, 701, 702, 704, 704, 705, 706, 708, 709, 712, 714, 717, 719, 723, 727, 732, 737, 742, 747, 752, 758, 764, 770, 777, 784, 791, 799, 807, 815, 825, 832, 841, 853, 863]
[0, 783, 776, 770, 766, 761, 756, 753, 750, 747, 743, 0, 0, 545, 539, 537, 538, 543, 0, 724, 724, 708, 723, 0, 708, 708, 708, 708, 701, 710, 704, 711, 713, 715, 716, 718, 719, 722, 725, 729, 733, 736, 740, 746, 751, 757, 762, 768, 774, 780, 786, 793, 802, 810, 818, 826, 834, 843, 855, 865, 873]
[0, 779, 773, 768, 764, 759, 756, 756, 748, 747, 745, 0, 550, 545, 539, 537, 539, 542, 549, 0, 724, 722, 723, 723, 0, 723, 723, 723, 724, 725, 727, 728, 729, 730, 733, 735, 737, 740, 743, 747, 751, 756, 760, 765, 769, 776, 781, 786, 793, 801, 808, 815, 823, 830, 836, 845, 857, 866, 874, 882, 893]
[0, 788, 783, 777, 772, 767, 763, 760, 756, 753, 745, 0, 551, 542, 537, 537, 539, 546, 549, 0, 732, 731, 731, 723, 0, 722, 722, 723, 724, 725, 726, 729, 731, 732, 734, 736, 738, 741, 745, 749, 754, 758, 760, 763, 767, 773, 778, 785, 791, 798, 805, 812, 820, 827, 834, 843, 853, 863, 871, 880, 889]
[0, 789, 783, 777, 772, 767, 763, 760, 757, 754, 745, 0, 551, 542, 539, 538, 540, 546, 0, 732, 731, 731, 731, 0, 731, 730, 731, 731, 732, 733, 734, 735, 737, 738, 741, 743, 746, 749, 753, 757, 761, 764, 769, 774, 779, 785, 791, 796, 804, 810, 817, 825, 832, 840, 849, 859, 868, 874, 883, 895, 906]
[0, 797, 791, 786, 781, 776, 772, 768, 766, 763, 745, 0, 551, 542, 537, 537, 539, 544, 0, 0, 741, 740, 740, 731, 0, 730, 731, 730, 730, 732, 733, 735, 737, 738, 740, 742, 744, 747, 751, 755, 760, 764, 768, 772, 778, 783, 789, 795, 801, 808, 814, 822, 830, 836, 844, 855, 864, 873, 880, 888, 899]
[0, 807, 801, 794, 789, 785, 781, 777, 773, 770, 745, 0, 550, 542, 537, 537, 539, 545, 0, 0, 750, 750, 749, 740, 0, 738, 739, 740, 740, 741, 743, 745, 747, 748, 750, 752, 754, 757, 760, 764, 767, 771, 777, 782, 787, 793, 800, 806, 811, 817, 825, 831, 838, 846, 856, 865, 872, 881, 889, 900, 912]
[0, 833, 827, 823, 819, 813, 809, 805, 801, 799, 745, 0, 0, 542, 536, 535, 537, 544, 0, 778, 777, 775, 749, 0, 749, 750, 750, 750, 751, 753, 754, 754, 755, 757, 759, 761, 763, 766, 770, 773, 778, 782, 787, 792, 797, 804, 809, 816, 823, 828, 834, 842, 851, 859, 867, 875, 883, 892, 901, 911, 923]
[0, 836, 831, 826, 821, 815, 811, 807, 803, 800, 796, 0, 0, 543, 538, 536, 537, 541, 551, 0, 778, 775, 775, 774, 0, 775, 750, 778, 751, 778, 778, 780, 782, 784, 787, 789, 791, 794, 798, 802, 806, 811, 816, 821, 827, 832, 836, 843, 851, 859, 866, 874, 881, 888, 897, 906, 917, 927, 936, 946, 956]
[0, 843, 836, 831, 828, 824, 818, 814, 812, 808, 796, 0, 0, 541, 536, 535, 537, 544, 0, 786, 786, 775, 784, 775, 0, 774, 775, 776, 778, 779, 780, 782, 783, 787, 789, 791, 791, 799, 798, 807, 806, 811, 815, 821, 826, 831, 836, 843, 849, 857, 866, 873, 879, 887, 896, 905, 916, 926, 934, 945, 956]
[0, 843, 836, 831, 827, 824, 818, 814, 812, 809, 796, 0, 0, 541, 536, 535, 537, 544, 0, 786, 786, 775, 785, 783, 0, 783, 784, 785, 786, 787, 789, 790, 792, 795, 798, 800, 802, 806, 810, 814, 818, 823, 827, 832, 838, 844, 851, 858, 864, 871, 877, 885, 893, 901, 911, 921, 931, 940, 950, 961, 975]
[0, 866, 860, 854, 847, 841, 838, 834, 830, 827, 796, 0, 0, 541, 536, 535, 537, 544, 0, 786, 0, 806, 785, 783, 0, 0, 0, 785, 786, 787, 789, 790, 793, 796, 798, 800, 803, 807, 810, 814, 818, 823, 827, 832, 838, 844, 851, 858, 864, 871, 878, 886, 893, 901, 911, 922, 931, 940, 950, 961, 975]
[0, 865, 858, 853, 847, 841, 836, 832, 830, 827, 796, 0, 548, 539, 536, 536, 538, 544, 0, 807, 0, 807, 806, 807, 0, 806, 0, 807, 808, 809, 810, 813, 815, 816, 818, 823, 826, 828, 830, 834, 838, 844, 850, 856, 862, 868, 873, 878, 885, 891, 899, 909, 919, 927, 935, 945, 954, 964, 978, 990, 1002]
[0, 881, 876, 871, 867, 863, 859, 854, 850, 846, 796, 0, 548, 539, 536, 536, 538, 543, 0, 826, 826, 826, 806, 807, 0, 806, 807, 807, 808, 809, 810, 813, 815, 816, 818, 823, 826, 828, 830, 834, 838, 844, 850, 856, 862, 868, 873, 878, 885, 892, 900, 909, 918, 926, 935, 944, 952, 963, 976, 988, 1001]
[0, 880, 875, 870, 866, 862, 857, 853, 850, 843, 796, 0, 544, 539, 536, 534, 538, 547, 0, 0, 826, 826, 826, 825, 0, 826, 826, 827, 828, 829, 830, 831, 834, 835, 838, 840, 844, 849, 852, 857, 862, 866, 871, 876, 881, 886, 892, 898, 905, 913, 922, 931, 939, 947, 956, 965, 977, 989, 999, 1010, 1022]
[0, 888, 882, 877, 873, 870, 865, 862, 859, 855, 796, 0, 548, 538, 535, 535, 537, 543, 0, 0, 833, 833, 826, 826, 0, 0, 826, 827, 828, 829, 830, 832, 834, 835, 838, 841, 846, 852, 855, 859, 863, 867, 872, 877, 882, 888, 894, 901, 908, 915, 924, 933, 942, 950, 959, 969, 982, 993, 1002, 1014, 1028]
[0, 888, 883, 878, 873, 870, 866, 862, 863, 859, 855, 0, 0, 543, 537, 535, 535, 538, 546, 0, 834, 835, 834, 834, 0, 0, 833, 834, 835, 836, 837, 839, 842, 846, 849, 851, 855, 859, 863, 868, 871, 875, 879, 883, 889, 895, 902, 909, 915, 923, 932, 940, 949, 958, 967, 977, 988, 1000, 1011, 1022, 1035]
[0, 906, 900, 895, 889, 883, 879, 876, 874, 871, 855, 0, 0, 539, 535, 534, 537, 538, 546, 0, 850, 851, 0, 0, 0, 834, 834, 835, 835, 836, 839, 840, 843, 847, 849, 852, 857, 861, 863, 868, 871, 875, 880, 884, 889, 896, 903, 909, 916, 924, 933, 940, 949, 958, 968, 979, 990, 1000, 1010, 1022, 1035]
[0, 917, 910, 905, 900, 894, 889, 885, 882, 879, 877, 0, 0, 540, 534, 533, 535, 540, 550, 0, 860, 859, 860, 852, 0, 851, 852, 855, 857, 857, 859, 861, 864, 868, 871, 873, 876, 880, 884, 889, 894, 899, 904, 911, 919, 924, 931, 936, 944, 951, 959, 969, 981, 992, 1000, 1010, 1020, 1033, 1047, 1059, 1071]
[0, 948, 943, 938, 934, 929, 925, 920, 916, 914, 877, 0, 544, 537, 533, 533, 537, 544, 550, 0, 895, 896, 860, 860, 0, 0, 861, 862, 864, 865, 865, 868, 870, 872, 874, 878, 881, 884, 889, 894, 897, 902, 909, 914, 920, 926, 932, 940, 946, 952, 961, 970, 982, 993, 1001, 1012, 1022, 1033, 1047, 1059, 1072]
[0, 962, 956, 950, 945, 941, 938, 934, 930, 925, 877, 0, 543, 536, 533, 533, 537, 544, 0, 0, 908, 906, 896, 895, 0, 896, 897, 898, 900, 901, 901, 903, 907, 909, 912, 917, 922, 925, 930, 935, 939, 944, 949, 954, 961, 969, 977, 986, 993, 1000, 1007, 1017, 1027, 1036, 1046, 1057, 1069, 1081, 1094, 1110, 1125]
[0, 962, 956, 950, 945, 941, 938, 934, 930, 925, 877, 0, 543, 536, 532, 533, 537, 544, 0, 0, 906, 906, 906, 907, 0, 0, 908, 910, 911, 913, 914, 915, 917, 920, 925, 929, 933, 936, 940, 945, 951, 954, 959, 968, 976, 982, 989, 996, 1003, 1011, 1020, 1031, 1040, 1050, 1062, 1073, 1084, 1097, 1112, 1127, 1142]
[0, 981, 973, 964, 957, 953, 950, 947, 944, 941, 877, 0, 542, 536, 535, 533, 534, 537, 545, 0, 925, 922, 923, 907, 0, 907, 908, 910, 911, 913, 914, 915, 917, 920, 925, 929, 933, 936, 940, 945, 950, 954, 960, 967, 976, 983, 991, 998, 1004, 1012, 1021, 1031, 1042, 1052, 1063, 1075, 1087, 1100, 1114, 1130, 1146]
[0, 1006, 1000, 996, 989, 983, 976, 971, 967, 965, 877, 0, 543, 536, 532, 533, 534, 536, 543, 0, 948, 922, 947, 924, 0, 0, 925, 926, 929, 931, 932, 934, 936, 938, 941, 944, 947, 951, 956, 962, 968, 974, 981, 988, 995, 1000, 1007, 1015, 1023, 1032, 1041, 1051, 1063, 1074, 1083, 1096, 1111, 1124, 1139, 1130, 1168]
[0, 1008, 1003, 998, 991, 984, 977, 972, 969, 966, 877, 0, 547, 536, 533, 532, 535, 541, 543, 0, 946, 947, 947, 947, 0, 0, 950, 951, 952, 952, 954, 956, 958, 961, 965, 969, 974, 980, 985, 990, 994, 999, 1005, 1012, 1019, 1025, 1032, 1041, 1051, 1061, 1071, 1080, 1089, 1101, 1115, 1128, 1141, 1157, 1170, 1183, 1199]
[0, 1008, 1048, 1040, 1033, 1028, 1023, 1018, 1013, 1010, 877, 0, 547, 536, 532, 532, 535, 541, 543, 0, 994, 994, 948, 948, 0, 0, 950, 951, 952, 953, 954, 955, 958, 962, 965, 968, 973, 980, 985, 989, 993, 998, 1005, 1012, 1019, 1026, 1034, 1040, 1048, 1058, 1068, 1078, 1087, 1099, 1111, 1123, 1140, 1155, 1167, 1181, 1195]
[0, 1008, 1048, 1040, 1033, 1027, 1023, 1018, 1013, 1010, 877, 0, 546, 536, 532, 532, 534, 540, 543, 0, 994, 994, 993, 994, 0, 0, 996, 997, 997, 999, 954, 1003, 1006, 962, 1009, 1013, 1019, 1023, 1028, 1033, 1040, 1047, 1053, 1060, 1066, 1074, 1082, 1090, 1098, 1107, 1119, 1131, 1143, 1156, 1168, 1180, 1193, 1205, 1221, 1237, 1253]
[0, 1063, 1056, 1048, 1042, 1036, 1030, 1025, 1023, 1019, 877, 0, 0, 540, 534, 532, 533, 537, 546, 0, 0, 1002, 1002, 994, 0, 0, 996, 997, 997, 999, 1001, 1003, 1007, 962, 1015, 1019, 1019, 1024, 1028, 1033, 1040, 1047, 1054, 1060, 1067, 1074, 1082, 1089, 1098, 1109, 1120, 1131, 1144, 1157, 1169, 1181, 1194, 1210, 1225, 1238, 1254]
[0, 1089, 1056, 1083, 1076, 1070, 1065, 1059, 1055, 1050, 877, 0, 545, 536, 532, 532, 534, 540, 546, 0, 1031, 1031, 1002, 1002, 0, 0, 1004, 1006, 1008, 1009, 1011, 1012, 1015, 1020, 1024, 1028, 1032, 1038, 1043, 1050, 1056, 1062, 1068, 1075, 1081, 1089, 1098, 1106, 1116, 1127, 1138, 1150, 1163, 1174, 1186, 1199, 1212, 1210, 1242, 1238, 1258]
[0, 1107, 1099, 1091, 1085, 1081, 1075, 1070, 1066, 1062, 877, 0, 0, 538, 534, 533, 533, 540, 546, 0, 1047, 1045, 0, 0, 0, 1035, 1036, 1037, 1038, 1040, 1043, 1046, 1050, 1054, 1059, 1063, 1067, 1038, 1072, 1079, 1084, 1089, 1096, 1104, 1112, 1120, 1129, 1136, 1148, 1160, 1169, 1179, 1192, 1203, 1216, 1231, 1245, 1260, 1274, 1292, 1258]
[0, 1112, 1105, 1097, 1089, 1083, 1078, 1074, 1069, 1064, 877, 0, 543, 535, 532, 532, 534, 540, 546, 0, 1046, 1048, 1046, 1046, 0, 0, 1050, 1051, 1055, 1057, 1059, 1061, 1064, 1069, 1074, 1077, 1080, 1085, 1091, 1097, 1104, 1112, 1120, 1128, 1136, 1145, 1154, 1162, 1172, 1182, 1194, 1206, 1192, 1218, 1232, 1259, 1245, 1273, 1290, 1292, 1258]
[0, 1111, 1104, 1096, 1089, 1083, 1078, 1075, 1070, 1065, 877, 0, 543, 535, 532, 532, 534, 543, 546, 0, 1047, 1048, 1048, 1047, 0, 0, 1050, 1053, 1057, 1058, 1061, 1064, 1066, 1069, 1070, 1074, 1080, 1085, 1088, 1093, 1099, 1107, 1115, 1123, 1132, 1140, 1149, 1158, 1166, 1176, 1187, 1200, 1213, 1226, 1238, 1251, 1265, 1282, 1299, 1292, 1325]
[0, 1138, 1130, 1122, 1115, 1109, 1103, 1097, 1093, 1090, 877, 0, 0, 539, 533, 531, 532, 536, 547, 0, 0, 1076, 1048, 1048, 0, 0, 1053, 1053, 1055, 1057, 1059, 1062, 1065, 1069, 1073, 1075, 1080, 1087, 1091, 1096, 1104, 1111, 1117, 1124, 1134, 1143, 1150, 1159, 1169, 1178, 1189, 1203, 1216, 1228, 1241, 1255, 1270, 1286, 1304, 1292, 1328]
[0, 1143, 1135, 1127, 1122, 1115, 1110, 1105, 1099, 1097, 877, 0, 0, 538, 532, 531, 533, 536, 547, 0, 1085, 1082, 0, 0, 0, 1079, 1080, 1081, 1083, 1086, 1089, 1094, 1096, 1099, 1103, 1109, 1115, 1121, 1127, 1132, 1139, 1147, 1156, 1162, 1168, 1175, 1185, 1195, 1208, 1221, 1233, 1246, 1259, 1228, 1286, 1301, 1270, 1286, 1327, 1356, 1371]
[0, 1145, 1137, 1130, 1123, 1116, 1111, 1106, 1100, 1096, 877, 0, 0, 540, 533, 531, 532, 535, 546, 0, 1083, 1082, 1083, 1084, 0, 0, 1087, 1089, 1091, 1093, 1096, 1099, 1102, 1106, 1111, 1117, 1123, 1128, 1133, 1139, 1146, 1154, 1162, 1169, 1176, 1183, 1191, 1202, 1214, 1226, 1240, 1253, 1262, 1276, 1286, 1295, 1317, 1334, 1343, 1359, 1376]
[0, 1155, 1148, 1130, 1141, 1133, 1127, 1123, 1118, 1115, 877, 0, 544, 535, 532, 532, 534, 540, 546, 0, 1101, 1102, 1083, 1083, 0, 0, 1087, 1087, 1090, 1093, 1096, 1098, 1102, 1106, 1112, 1117, 1120, 1125, 1130, 1136, 1144, 1151, 1158, 1165, 1171, 1179, 1188, 1198, 1210, 1223, 1236, 1249, 1262, 1275, 1290, 1308, 1317, 1333, 1354, 1370, 1386]
[0, 1192, 1148, 1185, 1178, 1172, 1165, 1160, 1156, 1153, 877, 0, 544, 535, 532, 531, 534, 540, 546, 0, 1136, 1137, 1104, 1105, 0, 0, 1113, 1114, 1118, 1122, 1124, 1128, 1132, 1134, 1138, 1144, 1151, 1157, 1162, 1136, 1167, 1179, 1158, 1187, 1197, 1205, 1215, 1227, 1239, 1251, 1265, 1279, 1291, 1306, 1322, 1337, 1352, 1371, 1395, 1412, 1422]
[0, 1198, 1191, 1184, 1176, 1171, 1166, 1161, 1158, 1155, 877, 0, 542, 535, 532, 531, 531, 534, 541, 0, 1136, 1136, 1137, 1138, 0, 0, 1142, 1145, 1148, 1150, 1154, 1158, 1161, 1163, 1168, 1173, 1177, 1182, 1189, 1197, 1210, 1179, 1219, 1222, 1230, 1239, 1250, 1263, 1276, 1286, 1293, 1305, 1322, 1340, 1354, 1369, 1385, 1403, 1425, 1412, 1451]
[0, 1218, 1210, 1204, 1197, 1191, 1186, 1180, 1177, 1174, 877, 0, 540, 535, 534, 531, 531, 535, 543, 0, 1161, 1163, 1136, 1138, 0, 0, 1143, 1146, 1149, 1150, 1154, 1158, 1160, 1163, 1163, 1167, 1177, 1182, 1183, 1190, 1197, 1210, 1222, 1226, 1231, 1240, 1252, 1265, 1277, 1287, 1298, 1309, 1323, 1341, 1354, 1370, 1387, 1405, 1425, 1412, 1455]
[0, 1214, 1207, 1200, 1194, 1189, 1183, 1179, 1175, 1171, 877, 0, 0, 537, 532, 531, 533, 535, 543, 0, 0, 1161, 0, 0, 0, 0, 1166, 1146, 1168, 1170, 1172, 1173, 1175, 1180, 1184, 1190, 1196, 1204, 1215, 1227, 1236, 1245, 1256, 1263, 1266, 1269, 1277, 1288, 1304, 1322, 1335, 1346, 1356, 1369, 1384, 1401, 1419, 1405, 1451, 1478, 1496]
[0, 1237, 1229, 1219, 1211, 1206, 1200, 1196, 1192, 1189, 877, 0, 0, 537, 532, 531, 532, 535, 543, 0, 0, 1174, 0, 0, 0, 0, 1163, 1167, 1169, 1171, 1173, 1174, 1178, 1182, 1187, 1193, 1202, 1214, 1222, 1230, 1242, 1252, 1256, 1262, 1269, 1273, 1283, 1297, 1310, 1324, 1339, 1352, 1363, 1376, 1392, 1411, 1419, 1452, 1451, 1473, 1490]
[0, 1275, 1267, 1261, 1254, 1247, 1242, 1237, 1192, 1233, 877, 0, 0, 535, 532, 531, 533, 539, 543, 0, 0, 1224, 1174, 1175, 0, 0, 0, 1182, 1186, 1188, 1192, 1197, 1200, 1203, 1214, 1222, 1226, 1233, 1240, 1247, 1252, 1259, 1269, 1277, 1287, 1297, 1306, 1318, 1333, 1346, 1354, 1365, 1380, 1393, 1409, 1411, 1432, 1453, 1474, 1488, 1499]
[0, 1272, 0, 1265, 1257, 1251, 1246, 1241, 1236, 1232, 877, 0, 542, 535, 531, 531, 533, 539, 540, 0, 1221, 1224, 1224, 1228, 0, 0, 1236, 1234, 1235, 1235, 1235, 1238, 1242, 1246, 1252, 1260, 1268, 1272, 1276, 1284, 1293, 1300, 1310, 1320, 1331, 1343, 1352, 1318, 1362, 1372, 1380, 1388, 1398, 1409, 1421, 1434, 1449, 1463, 1476, 1490, 1504]
[0, 1326, 1312, 1306, 1300, 1293, 1288, 1283, 1278, 1275, 877, 0, 0, 537, 532, 531, 532, 539, 540, 0, 0, 1269, 0, 0, 0, 0, 1234, 1232, 1235, 1235, 1235, 1239, 1243, 1248, 1254, 1261, 1268, 1273, 1278, 1284, 1293, 1302, 1310, 1312, 1323, 1335, 1345, 1353, 1363, 1373, 1381, 1390, 1400, 1409, 1421, 1433, 1447, 1462, 1477, 1491, 1505]
[0, 1351, 1342, 1306, 1300, 1326, 1310, 1305, 1300, 1296, 0, 0, 0, 534, 532, 531, 531, 534, 542, 0, 1281, 1280, 1267, 1266, 0, 0, 1274, 1276, 1278, 1280, 1285, 1286, 1288, 1294, 1299, 1299, 1300, 1303, 1306, 1310, 1315, 1319, 1323, 1331, 1338, 1343, 1350, 1360, 1369, 1376, 1385, 1393, 1402, 1413, 1424, 1436, 1452, 1469, 1485, 1499, 1511]
[0, 1371, 1365, 1361, 1353, 1343, 1337, 1333, 1300, 1327, 0, 0, 0, 538, 532, 531, 532, 536, 547, 0, 1303, 1280, 1282, 1286, 0, 0, 1288, 1288, 1289, 1290, 1293, 1291, 1290, 1294, 1296, 1299, 1302, 1303, 1308, 1310, 1312, 1316, 1320, 1324, 1333, 1340, 1345, 1355, 1364, 1373, 1381, 1391, 1400, 1407, 1419, 1433, 1447, 1460, 1474, 1491, 1503]
[0, 1398, 1391, 1385, 1377, 1372, 1366, 1362, 1359, 1352, 0, 0, 0, 539, 533, 531, 531, 535, 545, 0, 1303, 1299, 1300, 1286, 0, 0, 1293, 1292, 1292, 1291, 1289, 1289, 1292, 1293, 1294, 1297, 1300, 1302, 1306, 1309, 1313, 1317, 1322, 1327, 1335, 1341, 1349, 1357, 1364, 1374, 1383, 1393, 1402, 1411, 1420, 1436, 1452, 1468, 1483, 1496, 1509]
[0, 1421, 1410, 1401, 1395, 1391, 1385, 1378, 1373, 1369, 0, 0, 0, 536, 532, 531, 532, 535, 545, 0, 0, 1304, 0, 0, 0, 0, 1291, 1290, 1289, 1291, 1289, 1287, 1289, 1292, 1295, 1297, 1296, 1298, 1304, 1308, 1312, 1316, 1320, 1324, 1333, 1340, 1344, 1353, 1365, 1372, 1379, 1389, 1398, 1408, 1420, 1434, 1448, 1459, 1476, 1493, 1504]
[0, 1421, 1410, 1447, 1423, 1414, 1405, 1400, 1390, 1377, 0, 0, 542, 534, 532, 531, 531, 541, 545, 0, 1307, 1302, 1299, 1295, 0, 0, 1290, 1289, 1289, 1286, 1285, 1287, 1287, 1290, 1292, 1295, 1299, 1303, 1306, 1308, 1312, 1317, 1323, 1328, 1335, 1342, 1350, 1357, 1365, 1375, 1383, 1392, 1401, 1410, 1421, 1436, 1451, 1463, 1478, 1495, 1508]
[0, 1421, 1410, 1442, 1424, 1414, 1405, 1399, 1387, 1375, 0, 0, 0, 541, 533, 531, 532, 535, 545, 0, 1305, 1301, 1298, 1296, 0, 0, 1290, 1288, 1287, 1287, 1287, 1288, 1289, 1289, 1291, 1294, 1296, 1300, 1304, 1309, 1314, 1316, 1322, 1330, 1336, 1343, 1352, 1361, 1368, 1373, 1384, 1395, 1401, 1411, 1420, 1433, 1451, 1451, 1466, 1482, 1499]
[0, 1421, 1410, 0, 1419, 1410, 1402, 1393, 0, 1380, 0, 0, 0, 535, 531, 531, 534, 540, 545, 0, 0, 1302, 1298, 1295, 0, 0, 0, 1288, 1289, 1289, 1288, 1289, 1291, 1289, 1291, 1293, 1299, 1301, 1304, 1305, 1308, 1315, 1319, 1324, 1328, 1335, 1345, 1353, 1359, 1369, 1379, 1386, 1396, 1405, 1413, 1426, 1439, 1453, 1470, 1489, 1503]
[0, 1467, 1452, 1438, 1424, 1412, 1400, 1390, 1379, 1369, 0, 0, 0, 538, 532, 531, 533, 538, 545, 0, 0, 1302, 1297, 0, 0, 0, 1292, 1290, 1285, 1285, 1287, 1287, 1289, 1290, 1290, 1294, 1299, 1301, 1305, 1310, 1313, 1316, 1319, 1326, 1336, 1342, 1348, 1356, 1365, 1375, 1381, 1389, 1401, 1411, 1422, 1436, 1451, 1463, 1480, 1498, 1511]
[0, 1471, 1456, 1443, 1428, 1414, 1405, 1395, 1384, 1374, 0, 0, 0, 542, 534, 533, 534, 536, 546, 0, 1303, 1299, 1299, 1295, 0, 0, 1287, 1288, 1286, 1284, 1285, 1287, 1288, 1288, 1291, 1294, 1298, 1302, 1305, 1308, 1311, 1314, 1319, 1321, 1326, 1337, 1347, 1354, 1360, 1370, 1380, 1386, 1398, 1410, 1420, 1435, 1448, 1460, 1476, 1490, 1505]
[0, 1471, 1455, 1442, 1428, 1415, 1404, 1395, 1384, 1374, 0, 0, 0, 541, 534, 533, 533, 536, 546, 0, 1304, 1301, 1297, 1295, 0, 0, 1287, 1288, 1286, 1287, 1288, 1289, 1290, 1288, 1287, 1292, 1295, 1298, 1302, 1306, 1311, 1313, 1315, 1322, 1329, 1337, 1345, 1353, 1361, 1368, 1378, 1387, 1396, 1407, 1419, 1430, 1441, 1456, 1475, 1492, 1503]
[0, 1464, 1447, 1432, 1419, 1408, 1397, 1389, 1384, 1379, 0, 0, 0, 537, 531, 531, 534, 541, 546, 0, 1310, 1302, 1297, 1294, 0, 0, 1289, 1288, 1287, 1287, 1288, 1287, 1288, 1288, 1288, 1292, 1295, 1298, 1303, 1306, 1310, 1314, 1318, 1323, 1330, 1337, 1344, 1352, 1360, 1368, 1378, 1388, 1397, 1407, 1416, 1427, 1441, 1456, 1475, 1491, 1502]
[0, 1465, 1450, 1434, 1421, 1411, 1400, 1389, 1378, 1369, 0, 0, 0, 538, 532, 532, 534, 538, 546, 0, 0, 1301, 1298, 0, 0, 1289, 0, 1285, 1281, 1283, 1287, 1287, 1288, 1289, 1291, 1293, 1296, 1300, 1303, 1305, 1310, 1316, 1317, 1322, 1332, 1339, 1345, 1351, 1360, 1360, 1372, 1380, 1389, 1400, 1411, 1423, 1437, 1451, 1462, 1479, 1496]
[0, 1472, 1456, 1439, 1424, 1414, 1404, 1394, 1382, 1374, 0, 0, 0, 535, 532, 532, 532, 544, 546, 0, 1303, 1301, 1298, 1294, 0, 0, 1287, 1285, 1283, 1284, 1286, 1287, 1287, 1288, 1289, 1293, 1297, 1300, 1304, 1308, 1312, 1315, 1319, 1323, 1333, 1341, 1346, 1351, 1358, 1370, 1379, 1386, 1397, 1409, 1421, 1431, 1443, 1458, 1475, 1490, 1505]
[0, 1470, 1453, 1440, 1427, 1413, 1403, 1394, 1382, 1373, 0, 0, 0, 542, 536, 534, 534, 537, 549, 0, 1302, 1296, 1296, 1293, 0, 0, 1288, 1287, 1285, 1284, 1285, 1286, 1289, 1290, 1290, 1292, 1297, 1294, 1300, 1304, 1308, 1311, 1315, 1321, 1325, 1335, 1344, 1348, 1354, 1365, 1375, 1385, 1392, 1401, 1413, 1425, 1438, 1452, 1466, 1480, 1494]
[0, 1469, 1453, 1439, 1426, 1413, 1402, 1393, 1382, 1372, 0, 0, 0, 542, 536, 534, 535, 539, 549, 0, 1302, 1296, 1293, 1293, 0, 0, 1286, 1282, 1285, 1283, 1285, 1283, 1287, 1287, 1288, 1288, 1291, 1295, 1300, 1305, 1306, 1310, 1317, 1320, 1324, 1334, 1343, 1349, 1356, 1365, 1373, 1380, 1389, 1400, 1412, 1425, 1438, 1450, 1465, 1484, 1500]
[0, 1469, 1453, 1439, 1426, 1413, 1402, 1392, 1381, 1371, 0, 0, 0, 543, 536, 534, 535, 539, 549, 0, 1301, 1296, 1293, 1292, 0, 0, 1286, 1283, 1284, 1283, 1284, 1284, 1287, 1287, 1288, 1288, 1291, 1295, 1299, 1304, 1306, 1310, 1316, 1322, 1327, 1334, 1342, 1348, 1356, 1367, 1374, 1380, 1389, 1400, 1412, 1426, 1439, 1449, 1464, 1483, 1500]
[0, 1468, 1452, 1439, 1425, 1413, 1402, 1392, 1380, 1370, 0, 0, 0, 543, 536, 534, 535, 539, 549, 0, 1301, 1296, 0, 0, 0, 0, 1285, 1283, 1284, 1284, 1284, 1284, 1286, 1286, 1287, 1289, 1291, 1294, 1296, 1301, 1305, 1310, 1316, 1319, 1324, 1333, 1342, 1348, 1355, 1365, 1373, 1379, 1389, 1400, 1412, 1424, 1437, 1450, 1465, 1482, 1499]
[0, 1468, 1452, 1438, 1425, 1412, 1401, 1391, 1380, 1371, 0, 0, 0, 545, 536, 535, 535, 539, 549, 0, 1300, 1296, 0, 0, 0, 0, 1285, 1287, 1284, 1284, 1282, 1286, 1291, 1290, 1288, 1292, 1296, 1297, 1301, 1304, 1307, 1310, 1315, 1321, 1328, 1334, 1340, 1348, 1356, 1366, 1374, 1381, 1390, 1403, 1415, 1426, 1440, 1453, 1468, 1486, 1501]
[0, 1464, 1451, 1437, 1423, 1411, 1399, 1389, 1379, 1370, 0, 0, 0, 544, 536, 535, 537, 541, 549, 0, 1300, 1296, 1293, 0, 0, 0, 1283, 1284, 1284, 1284, 1283, 1282, 1284, 1287, 1288, 1289, 1291, 1296, 1298, 1298, 1303, 1310, 1315, 1321, 1330, 1340, 1348, 1356, 1366, 1377, 1388, 1403, 1416, 1426, 1435, 1448, 1460, 1472, 1486, 1502, 1509]
[0, 1466, 1450, 1437, 1424, 1411, 1400, 1390, 1380, 1370, 0, 0, 0, 545, 537, 535, 536, 541, 549, 0, 1299, 1296, 1298, 0, 0, 0, 1286, 1283, 1282, 1283, 1284, 1286, 1286, 1286, 1288, 1293, 1292, 1294, 1298, 1303, 1310, 1315, 1326, 1336, 1340, 1347, 1354, 1357, 1370, 1386, 1395, 1405, 1414, 1424, 1436, 1449, 1464, 1477, 1490, 1506, 1510]
[0, 1471, 1456, 1439, 1424, 1414, 1404, 1394, 1383, 1374, 1364, 0, 0, 0, 541, 537, 537, 552, 549, 0, 1299, 1294, 1291, 1288, 0, 0, 1286, 1284, 1284, 1283, 1282, 1282, 1283, 1284, 1286, 1289, 1290, 1295, 1300, 1305, 1313, 1321, 1328, 1335, 1340, 1347, 1354, 1361, 1373, 1385, 1395, 1406, 1414, 1424, 1437, 1449, 1463, 1475, 1488, 1505, 1510]
[0, 1470, 1454, 1439, 1425, 1413, 1401, 1391, 1382, 1372, 1364, 0, 0, 0, 541, 537, 537, 0, 549, 0, 1299, 1296, 0, 0, 0, 0, 1286, 1289, 1291, 1291, 1293, 1297, 1283, 1300, 1301, 1302, 1305, 1310, 1314, 1315, 1317, 1321, 1327, 1332, 1335, 1341, 1352, 1360, 1367, 1380, 1392, 1402, 1415, 1425, 1435, 1448, 1458, 1470, 1486, 1502, 1507]
[0, 1456, 1454, 1438, 1423, 1413, 1401, 1390, 1381, 1373, 1364, 0, 0, 0, 537, 536, 537, 540, 551, 0, 1299, 1296, 1293, 1290, 0, 0, 1290, 1290, 1291, 1291, 1295, 1298, 1299, 1299, 1299, 1300, 1305, 1309, 1310, 1312, 1317, 1321, 1327, 1334, 1341, 1348, 1355, 1362, 1373, 1384, 1391, 1403, 1414, 1423, 1435, 1448, 1459, 1471, 1488, 1503, 1507]
[0, 1455, 1441, 1429, 1417, 1404, 1392, 1382, 1375, 1367, 1364, 0, 0, 543, 538, 537, 539, 546, 551, 0, 1299, 1298, 1295, 1293, 0, 0, 1294, 1296, 1298, 1297, 1299, 1301, 1300, 1301, 1299, 1305, 1305, 1309, 1313, 1316, 1317, 1320, 1326, 1331, 1339, 1346, 1351, 1359, 1368, 1380, 1392, 1402, 1414, 1425, 1435, 1448, 1458, 1471, 1487, 1502, 1508]
[0, 1457, 1445, 1429, 1417, 1414, 1404, 1393, 1381, 1371, 1362, 0, 0, 543, 538, 537, 541, 550, 551, 0, 1315, 1311, 1297, 1295, 0, 0, 1295, 1298, 1298, 1296, 1297, 1301, 1300, 1301, 1304, 1305, 1307, 1308, 1311, 1316, 1320, 1325, 1328, 1336, 1344, 1350, 1357, 1359, 1366, 1378, 1388, 1397, 1410, 1421, 1428, 1441, 1453, 1465, 1482, 1495, 1504]
[0, 1469, 1459, 1445, 1439, 1435, 1416, 1403, 1399, 1389, 1362, 0, 0, 0, 542, 539, 540, 545, 0, 0, 1322, 1312, 1308, 0, 0, 1301, 1299, 1299, 1298, 1297, 1298, 1300, 1301, 1301, 1303, 1305, 1309, 1312, 1311, 1315, 1317, 1319, 1325, 1331, 1338, 1346, 1352, 1359, 1368, 1379, 1387, 1395, 1409, 1422, 1431, 1441, 1456, 1471, 1484, 1497, 1502]
[0, 1465, 1459, 1443, 1439, 1438, 1430, 1421, 1407, 1394, 1384, 0, 0, 0, 540, 539, 541, 552, 0, 0, 1316, 1310, 1309, 1307, 0, 0, 1300, 1300, 1298, 1297, 1297, 1298, 1299, 1300, 1300, 1302, 1305, 1307, 1310, 1314, 1317, 1318, 1324, 1333, 1340, 1346, 1353, 1361, 1373, 1386, 1395, 1404, 1415, 1426, 1436, 1450, 1463, 1475, 1488, 1502, 1509]
[0, 1469, 1459, 1448, 1436, 1431, 1424, 1412, 1400, 1391, 1381, 0, 0, 0, 542, 538, 539, 544, 0, 0, 1313, 1310, 1308, 0, 0, 0, 1300, 1299, 1298, 1297, 1298, 1299, 1300, 1300, 1302, 1305, 1306, 1309, 1310, 1314, 1317, 1319, 1324, 1330, 1337, 1346, 1352, 1358, 1367, 1378, 1388, 1397, 1410, 1422, 1432, 1442, 1456, 1468, 1481, 1496, 1506]
[0, 1482, 1465, 1454, 1444, 1434, 1424, 1412, 1400, 1391, 1381, 0, 0, 0, 546, 542, 542, 547, 0, 1326, 1313, 1310, 1307, 0, 0, 1302, 1301, 1300, 1298, 1298, 1298, 1299, 1300, 1303, 1303, 1301, 1304, 1308, 1312, 1314, 1317, 1321, 1326, 1333, 1340, 1345, 1353, 1362, 1369, 1380, 1391, 1399, 1411, 1424, 1433, 1445, 1458, 1470, 1483, 1499, 1507]
[0, 1483, 1466, 1454, 1444, 1433, 1424, 1411, 1400, 1391, 1381, 0, 0, 0, 546, 541, 542, 546, 0, 1327, 1313, 1310, 1308, 0, 0, 1301, 1300, 1298, 1298, 1297, 1297, 1298, 1299, 1295, 1295, 1301, 1304, 1307, 1311, 1314, 1317, 1319, 1323, 1332, 1340, 1345, 1350, 1356, 1367, 1380, 1391, 1399, 1408, 1421, 1434, 1446, 1458, 1471, 1484, 1499, 1507]
[0, 1478, 1462, 1454, 1445, 1434, 1420, 1407, 1404, 1393, 1379, 0, 0, 0, 547, 544, 545, 552, 0, 1327, 1317, 1312, 1308, 0, 0, 1301, 1300, 1298, 1297, 1297, 1297, 1297, 1299, 1294, 1295, 1301, 1303, 1307, 1311, 1313, 1317, 1319, 1323, 1332, 1339, 1347, 1352, 1357, 1370, 1382, 1390, 1403, 1412, 1420, 1431, 1445, 1459, 1468, 1484, 1502, 1506]
[0, 1483, 1466, 1455, 1444, 1433, 1423, 1411, 1399, 1391, 1381, 0, 0, 0, 550, 544, 544, 549, 0, 1319, 1313, 1310, 1309, 0, 0, 1301, 1301, 1300, 1298, 1297, 1297, 1299, 1300, 1300, 1300, 1302, 1305, 1307, 1311, 1314, 1317, 1319, 1324, 1330, 1337, 1346, 1356, 1363, 1372, 1385, 1393, 1402, 1415, 1425, 1436, 1449, 1460, 1472, 1487, 1492, 1500]
