[0, 0, 0, 0, 0, 0, 0, 0, 0, 0, 0, 0, 0, 0, 0, 0, 0, 0, 0, 0, 0, 0, 0, 0, 0, 0, 0, 0, 0, 0, 0, 0, 0, 0, 0, 0, 0, 0, 0, 0, 0, 0, 0, 0, 0, 0, 0, 0, 0, 0, 0, 0, 0, 0, 0, 0, 0, 0, 0, 0, 0]
[0, 541, 536, 533, 530, 526, 524, 521, 518, 514, 511, 510, 508, 506, 504, 502, 500, 498, 496, 0, 0, 468, 469, 469, 0, 0, 493, 493, 0, 494, 495, 497, 498, 499, 500, 501, 503, 505, 507, 509, 510, 512, 516, 519, 521, 524, 527, 531, 534, 538, 543, 547, 551, 555, 560, 565, 570, 577, 583, 589, 603]
[0, 541, 538, 534, 530, 526, 523, 521, 517, 514, 512, 510, 507, 505, 504, 502, 501, 499, 498, 0, 0, 468, 469, 469, 0, 488, 493, 492, 0, 494, 496, 496, 497, 498, 499, 501, 503, 505, 507, 508, 510, 512, 515, 517, 520, 523, 526, 530, 535, 539, 542, 550, 551, 559, 560, 570, 576, 583, 589, 595, 601]
[0, 541, 535, 530, 526, 526, 522, 521, 519, 515, 512, 510, 508, 506, 504, 502, 500, 497, 497, 0, 0, 466, 469, 471, 0, 491, 493, 493, 494, 495, 495, 496, 498, 498, 500, 501, 503, 505, 507, 509, 510, 512, 515, 518, 521, 524, 527, 531, 534, 538, 543, 547, 551, 555, 560, 565, 571, 577, 583, 590, 596]
[0, 539, 535, 532, 530, 527, 523, 519, 517, 514, 511, 509, 507, 505, 503, 502, 500, 499, 500, 0, 0, 468, 469, 471, 0, 0, 494, 494, 493, 494, 496, 496, 497, 498, 499, 500, 502, 504, 506, 508, 510, 513, 515, 517, 520, 523, 526, 535, 539, 538, 546, 550, 555, 559, 563, 570, 576, 583, 588, 594, 601]
[0, 538, 535, 531, 528, 527, 521, 519, 516, 512, 511, 509, 507, 507, 505, 503, 502, 501, 499, 0, 0, 469, 468, 472, 0, 493, 493, 494, 494, 494, 496, 496, 497, 498, 500, 502, 504, 506, 508, 509, 511, 513, 515, 519, 522, 525, 528, 531, 535, 539, 543, 548, 552, 556, 561, 566, 572, 579, 586, 592, 599]
[0, 539, 535, 532, 529, 525, 521, 519, 516, 512, 511, 509, 506, 507, 504, 503, 501, 499, 499, 0, 0, 469, 468, 472, 0, 0, 493, 495, 494, 494, 494, 495, 498, 498, 499, 502, 504, 506, 508, 508, 510, 514, 517, 520, 522, 526, 530, 533, 537, 541, 545, 549, 553, 558, 563, 569, 575, 580, 587, 593, 600]
[0, 542, 537, 533, 530, 526, 524, 521, 518, 514, 511, 510, 508, 506, 504, 502, 500, 499, 498, 0, 0, 468, 469, 472, 0, 0, 493, 494, 0, 0, 495, 495, 496, 498, 499, 502, 504, 506, 508, 508, 512, 514, 517, 520, 520, 526, 530, 534, 538, 541, 545, 549, 554, 558, 564, 569, 576, 581, 587, 594, 600]
[0, 543, 539, 535, 531, 528, 525, 521, 518, 515, 513, 511, 509, 508, 505, 503, 501, 500, 501, 0, 469, 468, 468, 472, 0, 490, 494, 493, 0, 494, 495, 496, 497, 498, 499, 501, 503, 505, 507, 508, 511, 513, 515, 518, 521, 523, 526, 530, 534, 539, 542, 546, 551, 555, 565, 571, 576, 583, 589, 595, 602]
[0, 549, 545, 541, 534, 531, 525, 528, 524, 522, 519, 517, 515, 513, 511, 510, 509, 506, 501, 0, 467, 466, 467, 470, 0, 492, 495, 496, 496, 495, 496, 498, 499, 499, 500, 503, 504, 506, 508, 511, 512, 514, 516, 519, 523, 525, 528, 532, 537, 540, 543, 547, 551, 556, 562, 567, 574, 585, 592, 599, 602]
[0, 548, 543, 540, 536, 532, 530, 527, 524, 522, 520, 517, 514, 512, 510, 509, 507, 506, 501, 0, 467, 466, 467, 468, 0, 492, 0, 502, 502, 502, 503, 504, 505, 505, 507, 509, 510, 511, 513, 516, 518, 520, 526, 519, 529, 532, 535, 542, 537, 550, 554, 559, 563, 568, 574, 580, 586, 592, 598, 605, 612]
[0, 548, 543, 540, 536, 533, 530, 527, 524, 520, 518, 517, 514, 512, 510, 509, 507, 506, 501, 0, 467, 466, 468, 470, 0, 492, 0, 502, 502, 503, 503, 504, 506, 506, 507, 509, 511, 513, 515, 517, 519, 522, 525, 527, 530, 533, 536, 540, 544, 548, 552, 557, 560, 565, 571, 577, 588, 594, 600, 607, 614]
[0, 546, 542, 539, 536, 533, 529, 526, 524, 521, 518, 517, 516, 512, 511, 509, 507, 506, 509, 0, 465, 463, 467, 471, 0, 492, 0, 502, 502, 502, 503, 504, 505, 507, 508, 509, 511, 513, 515, 517, 519, 521, 525, 528, 530, 533, 536, 540, 544, 548, 553, 557, 561, 565, 571, 577, 582, 594, 600, 607, 615]
[0, 549, 545, 542, 538, 534, 531, 529, 526, 524, 521, 517, 517, 512, 513, 513, 510, 506, 509, 0, 465, 463, 465, 468, 0, 492, 503, 502, 503, 504, 503, 506, 505, 508, 508, 511, 512, 514, 517, 517, 521, 523, 526, 529, 532, 536, 539, 542, 546, 551, 555, 559, 564, 568, 574, 581, 586, 591, 598, 605, 612]
[0, 549, 545, 541, 538, 534, 532, 529, 526, 524, 521, 519, 517, 512, 514, 512, 510, 510, 509, 0, 467, 465, 466, 467, 0, 0, 506, 506, 507, 0, 507, 509, 510, 511, 512, 514, 517, 518, 517, 522, 525, 528, 531, 534, 537, 541, 544, 548, 551, 555, 559, 563, 568, 573, 580, 585, 591, 597, 603, 611, 618]
[0, 550, 545, 542, 538, 535, 532, 529, 526, 525, 521, 519, 517, 516, 515, 513, 511, 510, 509, 0, 467, 464, 465, 467, 0, 0, 0, 506, 506, 507, 0, 508, 510, 510, 512, 514, 517, 518, 517, 520, 522, 528, 531, 534, 537, 540, 544, 548, 551, 555, 559, 563, 568, 573, 580, 585, 591, 597, 603, 610, 618]
[0, 553, 549, 545, 541, 537, 534, 532, 529, 526, 524, 522, 520, 518, 516, 514, 513, 514, 0, 469, 467, 465, 467, 469, 0, 0, 0, 509, 506, 509, 509, 0, 512, 514, 515, 517, 517, 520, 523, 525, 528, 530, 533, 536, 540, 544, 547, 550, 554, 558, 562, 567, 571, 577, 583, 588, 594, 600, 607, 613, 621]
[0, 555, 550, 546, 543, 539, 536, 533, 530, 527, 524, 523, 521, 519, 517, 515, 514, 512, 0, 0, 467, 466, 466, 468, 0, 0, 0, 508, 509, 509, 509, 510, 512, 512, 514, 516, 518, 520, 522, 524, 526, 529, 532, 534, 537, 541, 544, 548, 553, 556, 560, 569, 571, 581, 583, 592, 597, 603, 609, 617, 624]
[0, 553, 549, 545, 542, 539, 536, 532, 529, 526, 524, 522, 520, 518, 516, 515, 513, 514, 0, 0, 466, 465, 467, 469, 0, 0, 0, 508, 509, 510, 511, 511, 512, 513, 515, 516, 517, 519, 522, 526, 529, 532, 534, 534, 541, 543, 547, 552, 556, 559, 564, 568, 573, 579, 585, 590, 596, 603, 609, 615, 623]
[0, 554, 551, 547, 544, 541, 536, 534, 531, 529, 526, 524, 522, 520, 519, 517, 515, 514, 0, 0, 465, 465, 467, 471, 0, 0, 0, 508, 509, 509, 510, 511, 512, 513, 514, 517, 518, 520, 522, 524, 527, 529, 532, 534, 537, 542, 544, 548, 553, 560, 564, 564, 569, 575, 581, 592, 597, 603, 610, 617, 625]
[0, 557, 553, 550, 545, 542, 540, 536, 534, 531, 529, 526, 523, 521, 520, 518, 517, 514, 0, 0, 464, 464, 465, 468, 0, 0, 0, 512, 512, 513, 513, 514, 515, 517, 518, 521, 522, 524, 526, 528, 531, 534, 536, 539, 542, 546, 550, 554, 557, 561, 564, 569, 575, 581, 587, 592, 596, 609, 610, 617, 632]
[0, 559, 556, 553, 548, 545, 543, 540, 537, 534, 532, 530, 528, 526, 524, 523, 521, 514, 0, 0, 464, 462, 464, 465, 0, 0, 0, 513, 515, 516, 516, 516, 517, 519, 520, 522, 524, 526, 528, 530, 533, 535, 538, 542, 545, 548, 552, 556, 558, 562, 566, 570, 576, 587, 593, 599, 605, 611, 617, 625, 633]
[0, 559, 556, 552, 548, 545, 543, 540, 537, 534, 532, 529, 528, 526, 524, 523, 521, 514, 0, 0, 465, 464, 465, 466, 469, 0, 0, 518, 519, 520, 520, 521, 522, 524, 526, 527, 529, 531, 533, 536, 539, 541, 544, 547, 551, 554, 557, 561, 564, 568, 573, 579, 584, 589, 594, 599, 605, 612, 619, 626, 634]
[0, 562, 558, 555, 552, 549, 546, 543, 537, 538, 536, 533, 531, 530, 528, 523, 524, 514, 0, 0, 465, 463, 463, 464, 470, 0, 0, 518, 519, 520, 0, 521, 522, 524, 526, 527, 529, 531, 533, 536, 539, 541, 544, 547, 550, 554, 557, 561, 564, 568, 573, 579, 584, 589, 594, 600, 606, 612, 619, 626, 634]
[0, 574, 570, 566, 563, 560, 557, 553, 551, 548, 546, 543, 541, 538, 536, 536, 534, 514, 0, 0, 463, 461, 463, 465, 467, 0, 0, 521, 522, 523, 524, 525, 527, 529, 530, 531, 532, 535, 537, 540, 542, 545, 548, 552, 555, 558, 562, 565, 569, 573, 578, 583, 588, 593, 598, 604, 610, 617, 623, 632, 640]
[0, 575, 570, 563, 563, 558, 557, 554, 552, 549, 545, 543, 542, 540, 538, 536, 535, 514, 0, 0, 465, 461, 462, 464, 472, 0, 0, 0, 531, 531, 532, 533, 535, 536, 538, 539, 541, 543, 546, 548, 550, 553, 556, 562, 566, 558, 570, 574, 582, 586, 590, 595, 600, 606, 611, 617, 624, 631, 639, 646, 654]
[0, 576, 571, 567, 564, 561, 558, 556, 553, 550, 547, 546, 544, 543, 541, 539, 538, 514, 0, 0, 465, 461, 464, 0, 466, 0, 0, 0, 531, 531, 532, 534, 536, 538, 539, 541, 543, 545, 547, 550, 553, 556, 559, 562, 565, 569, 572, 576, 581, 585, 590, 595, 600, 605, 610, 616, 623, 630, 637, 645, 652]
[0, 584, 579, 576, 572, 568, 565, 562, 559, 557, 555, 553, 551, 548, 546, 544, 543, 514, 0, 0, 462, 461, 461, 464, 466, 0, 0, 0, 535, 537, 537, 539, 540, 541, 543, 545, 546, 549, 552, 554, 556, 559, 562, 566, 569, 572, 576, 580, 584, 588, 598, 595, 608, 613, 610, 624, 632, 640, 647, 654, 662]
[0, 588, 584, 580, 577, 573, 569, 566, 563, 561, 558, 556, 555, 552, 550, 548, 550, 514, 0, 466, 464, 461, 460, 462, 466, 0, 0, 0, 539, 540, 542, 543, 544, 547, 548, 545, 551, 555, 552, 557, 562, 565, 568, 572, 576, 580, 583, 587, 591, 596, 600, 605, 610, 616, 622, 628, 635, 642, 649, 657, 665]
[0, 594, 590, 587, 584, 580, 576, 574, 571, 568, 565, 563, 562, 560, 558, 556, 561, 514, 0, 467, 462, 460, 460, 461, 468, 0, 0, 0, 545, 546, 548, 549, 550, 552, 553, 555, 557, 559, 561, 564, 567, 569, 573, 577, 581, 585, 588, 592, 596, 600, 604, 609, 614, 619, 625, 632, 639, 646, 652, 668, 676]
[0, 600, 596, 592, 584, 585, 576, 580, 576, 568, 570, 568, 565, 560, 563, 560, 561, 0, 472, 465, 461, 461, 460, 462, 466, 476, 0, 0, 555, 556, 556, 558, 559, 561, 563, 564, 566, 569, 572, 575, 579, 582, 585, 589, 592, 595, 598, 602, 607, 611, 615, 620, 626, 631, 638, 644, 651, 658, 665, 673, 680]
[0, 601, 597, 594, 590, 587, 583, 580, 577, 574, 571, 569, 567, 564, 562, 561, 559, 0, 469, 465, 462, 460, 461, 462, 466, 0, 0, 556, 557, 558, 559, 561, 563, 565, 566, 568, 570, 572, 576, 580, 583, 585, 589, 593, 596, 599, 603, 606, 611, 615, 620, 625, 631, 637, 644, 651, 657, 663, 670, 678, 687]
[0, 604, 601, 597, 594, 590, 587, 583, 580, 577, 575, 572, 569, 567, 565, 564, 562, 0, 469, 464, 460, 460, 459, 463, 471, 0, 0, 0, 558, 559, 559, 560, 562, 563, 565, 567, 569, 572, 574, 578, 581, 584, 587, 591, 594, 597, 601, 605, 609, 613, 618, 629, 631, 635, 641, 654, 661, 668, 675, 684, 693]
[0, 604, 601, 597, 594, 591, 588, 583, 582, 578, 575, 573, 569, 571, 568, 566, 565, 0, 473, 465, 461, 459, 459, 462, 470, 0, 0, 0, 560, 561, 562, 563, 564, 566, 568, 570, 572, 575, 578, 581, 584, 588, 591, 595, 598, 601, 609, 605, 613, 618, 628, 635, 631, 646, 653, 659, 667, 674, 681, 690, 700]
[0, 613, 610, 606, 602, 598, 596, 593, 590, 587, 585, 583, 580, 578, 576, 574, 565, 0, 475, 467, 461, 457, 457, 459, 470, 0, 0, 561, 562, 563, 564, 566, 564, 568, 571, 573, 574, 580, 582, 585, 584, 589, 592, 598, 602, 606, 609, 613, 618, 623, 628, 633, 639, 646, 651, 658, 665, 672, 679, 688, 697]
[0, 617, 613, 609, 605, 601, 597, 594, 592, 589, 588, 586, 581, 580, 579, 578, 565, 0, 475, 465, 459, 457, 457, 460, 464, 473, 0, 0, 573, 574, 575, 577, 578, 581, 583, 585, 588, 591, 594, 596, 599, 602, 606, 610, 613, 616, 621, 625, 630, 635, 641, 645, 651, 657, 663, 670, 676, 682, 691, 700, 709]
[0, 622, 618, 615, 612, 609, 604, 601, 598, 595, 591, 589, 588, 587, 585, 583, 565, 0, 475, 465, 459, 456, 456, 459, 465, 472, 0, 0, 573, 574, 575, 577, 578, 581, 583, 585, 588, 591, 593, 596, 599, 602, 606, 609, 612, 616, 620, 625, 629, 634, 640, 644, 650, 656, 662, 669, 676, 682, 690, 699, 708]
[0, 622, 618, 615, 611, 607, 604, 601, 598, 595, 593, 590, 588, 586, 585, 583, 583, 0, 475, 465, 458, 456, 456, 459, 464, 472, 0, 0, 581, 582, 583, 584, 585, 587, 589, 591, 594, 597, 599, 602, 605, 608, 610, 614, 617, 622, 627, 631, 635, 641, 646, 651, 656, 662, 669, 676, 682, 690, 698, 706, 724]
[0, 623, 619, 615, 612, 608, 605, 602, 598, 596, 594, 591, 589, 587, 585, 583, 583, 0, 0, 466, 460, 457, 457, 458, 464, 473, 0, 0, 581, 582, 583, 584, 586, 587, 590, 592, 594, 597, 599, 601, 605, 608, 611, 615, 617, 622, 627, 631, 636, 641, 646, 650, 656, 662, 669, 676, 683, 690, 699, 707, 715]
[0, 644, 640, 635, 631, 627, 622, 619, 616, 614, 612, 609, 606, 604, 603, 600, 600, 0, 0, 465, 459, 456, 455, 456, 469, 473, 0, 0, 580, 581, 582, 583, 586, 587, 588, 590, 593, 596, 598, 601, 604, 607, 610, 614, 617, 620, 624, 629, 634, 639, 649, 654, 660, 667, 669, 680, 688, 696, 704, 712, 721]
[0, 646, 642, 638, 633, 629, 625, 621, 617, 615, 613, 610, 608, 606, 604, 602, 600, 0, 0, 459, 459, 455, 455, 457, 461, 468, 0, 597, 598, 599, 600, 602, 603, 605, 607, 609, 612, 615, 618, 620, 623, 626, 630, 634, 638, 642, 647, 651, 656, 661, 666, 672, 678, 685, 698, 705, 712, 721, 730, 739, 749]
[0, 656, 652, 649, 645, 642, 638, 633, 630, 627, 624, 621, 618, 616, 615, 613, 613, 0, 0, 463, 458, 456, 455, 455, 467, 468, 0, 598, 599, 599, 601, 603, 604, 606, 608, 610, 613, 616, 618, 621, 624, 627, 631, 634, 638, 643, 648, 651, 656, 667, 666, 677, 685, 692, 698, 705, 713, 720, 729, 738, 748]
[0, 657, 653, 649, 645, 642, 638, 634, 630, 628, 624, 621, 618, 616, 615, 614, 613, 0, 471, 461, 456, 455, 455, 457, 467, 468, 0, 611, 612, 613, 614, 615, 616, 618, 621, 623, 626, 629, 632, 635, 638, 642, 645, 649, 653, 657, 661, 666, 670, 676, 689, 677, 694, 708, 714, 720, 729, 738, 746, 756, 765]
[0, 657, 652, 649, 645, 641, 638, 634, 630, 628, 624, 621, 619, 617, 615, 613, 613, 0, 470, 460, 456, 455, 455, 456, 461, 469, 0, 613, 614, 614, 615, 615, 617, 619, 622, 625, 627, 630, 633, 637, 640, 643, 647, 650, 654, 658, 663, 668, 673, 678, 684, 690, 696, 703, 709, 716, 723, 733, 750, 756, 759]
[0, 672, 667, 663, 659, 655, 651, 648, 646, 643, 639, 636, 633, 631, 629, 627, 627, 0, 0, 463, 456, 454, 454, 456, 461, 470, 0, 613, 614, 614, 615, 616, 618, 620, 621, 624, 627, 630, 633, 636, 640, 643, 647, 650, 654, 658, 663, 668, 674, 678, 684, 691, 698, 704, 711, 716, 724, 733, 742, 751, 760]
[0, 672, 665, 663, 660, 657, 653, 649, 646, 644, 640, 636, 634, 632, 630, 628, 626, 0, 464, 463, 458, 454, 455, 456, 459, 466, 0, 626, 626, 628, 629, 630, 632, 635, 637, 639, 642, 645, 647, 650, 652, 656, 660, 663, 667, 672, 677, 687, 674, 699, 684, 711, 698, 723, 730, 739, 748, 757, 766, 776, 785]
[0, 677, 673, 668, 664, 661, 657, 653, 649, 646, 644, 642, 639, 637, 634, 632, 632, 0, 0, 463, 456, 453, 453, 455, 458, 465, 0, 626, 626, 627, 629, 631, 632, 635, 638, 640, 642, 645, 648, 651, 655, 659, 665, 663, 669, 673, 677, 687, 694, 700, 706, 712, 719, 726, 734, 741, 749, 760, 768, 776, 786]
[0, 680, 673, 675, 670, 667, 664, 659, 656, 653, 651, 648, 646, 644, 642, 639, 637, 0, 0, 458, 456, 454, 453, 457, 466, 465, 0, 630, 631, 632, 634, 636, 638, 640, 642, 644, 647, 650, 652, 655, 659, 662, 665, 669, 673, 676, 681, 686, 692, 699, 705, 717, 724, 732, 734, 746, 749, 765, 773, 781, 792]
[0, 680, 673, 675, 671, 667, 664, 660, 656, 653, 651, 648, 646, 644, 642, 639, 637, 0, 464, 458, 454, 454, 453, 454, 466, 463, 0, 0, 631, 640, 643, 0, 645, 648, 642, 653, 647, 658, 661, 664, 668, 672, 675, 678, 682, 687, 693, 699, 704, 710, 716, 723, 730, 736, 744, 753, 761, 769, 778, 788, 798]
[0, 695, 691, 686, 682, 678, 674, 672, 668, 664, 662, 659, 656, 653, 651, 651, 652, 0, 0, 462, 456, 453, 453, 455, 463, 463, 0, 0, 640, 641, 0, 643, 645, 648, 650, 653, 655, 658, 661, 664, 668, 672, 675, 678, 682, 687, 693, 699, 704, 710, 716, 723, 730, 736, 744, 752, 760, 769, 777, 787, 797]
[0, 694, 689, 684, 680, 676, 673, 669, 666, 663, 661, 658, 655, 653, 651, 650, 652, 0, 466, 458, 453, 451, 453, 455, 458, 464, 0, 0, 0, 651, 652, 654, 655, 656, 659, 662, 665, 667, 670, 674, 680, 672, 691, 693, 697, 701, 706, 711, 717, 724, 731, 738, 745, 753, 760, 768, 776, 785, 795, 804, 814]
[0, 708, 703, 699, 695, 691, 687, 683, 680, 677, 674, 672, 669, 667, 665, 664, 652, 0, 468, 458, 453, 451, 452, 454, 459, 468, 0, 649, 650, 652, 654, 655, 658, 660, 661, 664, 666, 669, 671, 674, 678, 683, 687, 691, 695, 700, 705, 709, 715, 720, 728, 735, 742, 749, 756, 764, 772, 780, 789, 799, 809]
[0, 706, 702, 698, 694, 689, 685, 682, 679, 676, 673, 670, 669, 667, 664, 663, 652, 0, 463, 456, 453, 451, 452, 455, 458, 466, 0, 662, 664, 665, 666, 668, 670, 673, 675, 677, 678, 682, 685, 689, 693, 697, 701, 705, 709, 713, 717, 723, 729, 736, 742, 750, 766, 749, 780, 788, 797, 805, 815, 826, 835]
[0, 717, 713, 709, 705, 702, 698, 694, 689, 686, 683, 680, 677, 675, 673, 672, 672, 0, 0, 462, 456, 452, 451, 453, 458, 466, 0, 664, 665, 666, 667, 669, 671, 673, 675, 678, 680, 683, 687, 691, 694, 698, 703, 707, 711, 715, 719, 725, 732, 738, 745, 752, 759, 767, 774, 782, 791, 801, 810, 822, 831]
[0, 717, 713, 709, 705, 702, 698, 694, 689, 686, 683, 680, 677, 675, 673, 672, 672, 0, 0, 462, 456, 452, 451, 453, 457, 463, 0, 0, 673, 674, 675, 676, 678, 680, 685, 678, 687, 694, 697, 701, 705, 709, 713, 716, 720, 726, 731, 737, 743, 750, 758, 765, 772, 780, 788, 797, 806, 815, 824, 835, 846]
[0, 717, 713, 709, 705, 702, 698, 694, 689, 686, 683, 680, 677, 675, 673, 672, 672, 0, 0, 462, 456, 452, 451, 453, 457, 463, 0, 0, 673, 674, 675, 676, 678, 680, 685, 678, 687, 694, 697, 701, 705, 709, 713, 716, 720, 726, 731, 737, 743, 750, 758, 765, 772, 780, 788, 797, 806, 815, 824, 835, 846]
[0, 717, 713, 709, 705, 702, 698, 694, 689, 686, 683, 680, 677, 675, 673, 672, 672, 0, 0, 462, 456, 452, 451, 453, 457, 463, 0, 0, 673, 674, 675, 676, 678, 680, 685, 678, 687, 694, 697, 701, 705, 709, 713, 716, 720, 726, 731, 737, 743, 750, 758, 765, 772, 780, 788, 797, 806, 815, 824, 835, 846]
[0, 731, 713, 709, 705, 702, 698, 694, 689, 686, 683, 680, 677, 675, 673, 672, 672, 0, 0, 462, 456, 452, 451, 453, 457, 463, 0, 0, 673, 674, 675, 676, 678, 680, 685, 678, 687, 694, 697, 701, 705, 709, 713, 716, 720, 726, 731, 737, 743, 750, 758, 765, 772, 780, 788, 797, 806, 815, 824, 835, 846]
[0, 731, 713, 709, 705, 702, 698, 694, 689, 686, 683, 680, 677, 675, 673, 672, 672, 0, 0, 462, 452, 451, 452, 454, 457, 463, 0, 0, 673, 674, 675, 3968, 678, 680, 685, 678, 687, 694, 697, 701, 705, 709, 713, 716, 15183, 726, 731, 737, 743, 750, 758, 765, 772, 780, 788, 797, 806, 815, 824, 835, 846]
[0, 731, 713, 709, 705, 702, 698, 694, 689, 686, 683, 680, 677, 675, 673, 672, 672, 0, 0, 462, 452, 451, 452, 454, 459, 468, 0, 689, 691, 693, 694, 697, 699, 701, 704, 706, 710, 713, 715, 719, 723, 727, 732, 736, 741, 747, 752, 759, 765, 770, 776, 785, 793, 802, 810, 818, 827, 835, 846, 858, 868]
[0, 731, 713, 709, 705, 702, 698, 694, 689, 686, 683, 680, 677, 675, 673, 672, 672, 0, 0, 462, 452, 451, 452, 454, 459, 468, 0, 689, 691, 693, 694, 697, 699, 701, 704, 706, 710, 713, 715, 719, 723, 727, 732, 736, 741, 747, 752, 759, 765, 770, 776, 785, 793, 802, 810, 818, 827, 835, 846, 858, 868]
[0, 731, 713, 709, 705, 702, 698, 694, 689, 686, 683, 680, 677, 675, 673, 672, 672, 0, 0, 462, 452, 451, 452, 454, 459, 468, 0, 689, 691, 693, 694, 697, 699, 701, 704, 706, 710, 713, 715, 719, 723, 727, 732, 736, 741, 747, 752, 759, 765, 770, 776, 785, 793, 802, 810, 818, 827, 835, 846, 858, 868]
[0, 780, 774, 770, 766, 762, 758, 754, 751, 748, 744, 741, 738, 736, 735, 734, 672, 0, 465, 457, 451, 448, 448, 450, 459, 468, 0, 689, 691, 693, 128, 697, 699, 701, 704, 706, 710, 713, 715, 719, 723, 727, 732, 736, 741, 747, 752, 759, 765, 770, 776, 785, 793, 802, 810, 818, 827, 835, 846, 858, 868]
[0, 777, 773, 768, 766, 764, 759, 755, 751, 748, 745, 742, 737, 735, 734, 736, 672, 0, 0, 457, 451, 448, 448, 450, 454, 462, 0, 0, 736, 738, 740, 743, 745, 747, 751, 754, 757, 760, 763, 770, 775, 727, 784, 789, 795, 801, 808, 816, 822, 828, 834, 842, 852, 861, 870, 879, 888, 897, 908, 920, 933]
[0, 783, 778, 773, 768, 765, 762, 758, 755, 752, 749, 746, 743, 742, 740, 738, 672, 0, 462, 454, 449, 448, 449, 451, 454, 461, 0, 737, 738, 738, 741, 743, 746, 749, 753, 756, 759, 762, 765, 769, 773, 779, 784, 788, 794, 800, 806, 813, 820, 827, 833, 841, 850, 860, 868, 875, 885, 895, 906, 919, 931]
[0, 797, 792, 787, 783, 780, 775, 770, 768, 765, 763, 760, 757, 756, 754, 753, 672, 0, 459, 453, 449, 448, 449, 451, 457, 466, 0, 0, 745, 747, 749, 752, 757, 759, 761, 764, 767, 770, 774, 779, 784, 789, 795, 799, 805, 811, 817, 824, 830, 836, 844, 852, 861, 869, 885, 895, 907, 918, 929, 940, 953]
[0, 797, 791, 786, 783, 779, 774, 770, 767, 765, 762, 760, 759, 757, 754, 752, 672, 0, 0, 458, 452, 449, 449, 451, 456, 465, 0, 0, 756, 759, 762, 764, 765, 768, 771, 773, 777, 781, 785, 789, 794, 798, 802, 807, 813, 819, 825, 831, 837, 845, 854, 861, 876, 884, 893, 904, 916, 926, 936, 948, 961]
[0, 820, 815, 810, 806, 801, 797, 793, 790, 788, 785, 782, 780, 778, 775, 773, 672, 0, 459, 452, 452, 449, 447, 451, 456, 465, 0, 756, 758, 759, 761, 764, 766, 768, 771, 774, 777, 781, 785, 789, 794, 799, 805, 809, 814, 820, 826, 832, 839, 847, 856, 864, 870, 877, 886, 897, 906, 917, 940, 952, 965]
[0, 824, 819, 814, 810, 805, 801, 798, 795, 791, 787, 785, 783, 781, 778, 777, 672, 0, 465, 456, 451, 448, 448, 450, 456, 466, 0, 0, 779, 781, 783, 786, 788, 792, 795, 799, 803, 807, 811, 814, 818, 824, 828, 833, 838, 844, 851, 858, 866, 873, 879, 894, 903, 913, 924, 934, 943, 955, 968, 982, 996]
[0, 821, 816, 811, 807, 803, 799, 796, 792, 789, 785, 782, 781, 779, 777, 777, 672, 0, 0, 457, 451, 448, 448, 449, 453, 460, 0, 781, 782, 781, 784, 789, 792, 796, 799, 802, 807, 810, 813, 817, 822, 827, 832, 836, 843, 850, 857, 865, 871, 877, 884, 892, 901, 910, 921, 932, 942, 952, 963, 979, 994]
[0, 833, 829, 825, 820, 816, 812, 810, 807, 804, 802, 800, 798, 796, 794, 794, 672, 0, 0, 457, 451, 448, 447, 448, 452, 457, 0, 780, 781, 784, 787, 789, 791, 795, 798, 802, 805, 809, 813, 817, 822, 826, 831, 836, 842, 848, 856, 863, 869, 875, 883, 891, 899, 909, 920, 930, 940, 949, 962, 976, 991]
[0, 840, 835, 832, 828, 825, 821, 817, 814, 812, 809, 806, 804, 802, 802, 802, 672, 0, 0, 456, 451, 448, 447, 448, 452, 457, 0, 800, 801, 804, 807, 810, 813, 816, 821, 825, 827, 831, 834, 838, 844, 850, 856, 862, 868, 873, 879, 886, 893, 900, 908, 917, 929, 937, 945, 955, 967, 982, 994, 1005, 1020]
[0, 849, 843, 838, 835, 831, 827, 824, 821, 817, 814, 812, 810, 808, 807, 806, 672, 0, 459, 456, 452, 447, 448, 448, 451, 457, 0, 807, 807, 811, 813, 814, 817, 823, 826, 829, 833, 836, 840, 846, 851, 858, 863, 867, 873, 879, 886, 892, 900, 908, 917, 926, 935, 943, 953, 964, 977, 991, 1003, 1016, 1048]
[0, 852, 846, 841, 837, 833, 828, 825, 823, 819, 816, 814, 812, 810, 809, 808, 672, 0, 461, 453, 448, 446, 447, 449, 451, 457, 0, 0, 811, 814, 816, 818, 821, 825, 828, 830, 833, 837, 841, 846, 852, 857, 862, 867, 873, 878, 891, 892, 906, 914, 924, 934, 942, 950, 960, 973, 987, 999, 1011, 1026, 1041]
[0, 852, 868, 865, 856, 833, 847, 825, 842, 838, 836, 834, 832, 830, 828, 808, 672, 0, 463, 454, 448, 446, 446, 447, 453, 461, 0, 0, 811, 813, 815, 817, 820, 828, 828, 832, 836, 840, 846, 851, 856, 862, 867, 872, 877, 883, 890, 896, 904, 913, 922, 932, 941, 950, 960, 972, 985, 997, 1010, 1023, 1038]
[0, 868, 868, 865, 856, 851, 847, 847, 842, 836, 834, 832, 830, 829, 828, 828, 672, 0, 463, 454, 448, 447, 446, 448, 452, 459, 0, 830, 833, 835, 838, 840, 844, 848, 852, 856, 860, 865, 869, 873, 877, 882, 887, 893, 900, 907, 914, 921, 930, 938, 947, 955, 966, 979, 990, 999, 1011, 1024, 1037, 1053, 1068]
[0, 897, 893, 889, 885, 882, 877, 874, 870, 867, 866, 863, 862, 861, 859, 857, 672, 0, 461, 453, 448, 446, 446, 448, 452, 458, 0, 831, 833, 835, 837, 840, 844, 848, 852, 856, 860, 865, 869, 873, 877, 882, 887, 893, 900, 907, 914, 921, 930, 938, 946, 955, 965, 978, 989, 999, 1011, 1024, 1038, 1053, 1068]
[0, 896, 891, 887, 884, 880, 875, 872, 869, 868, 865, 862, 860, 859, 857, 856, 672, 0, 0, 457, 450, 447, 446, 446, 453, 461, 0, 863, 833, 866, 869, 871, 874, 877, 880, 884, 888, 892, 897, 902, 908, 915, 921, 928, 935, 941, 948, 955, 964, 973, 984, 995, 1004, 1015, 1028, 1041, 1053, 1067, 1082, 1097, 1113]
[0, 906, 900, 896, 893, 889, 885, 882, 879, 876, 874, 872, 871, 870, 869, 873, 672, 0, 0, 454, 448, 446, 445, 447, 449, 461, 0, 0, 862, 865, 867, 870, 873, 876, 878, 882, 885, 890, 894, 899, 905, 911, 917, 924, 931, 938, 945, 952, 959, 969, 979, 988, 999, 1021, 1033, 1046, 1061, 1076, 1090, 1105, 1123]
[0, 908, 903, 897, 894, 890, 886, 883, 880, 876, 874, 872, 871, 870, 869, 868, 672, 0, 0, 456, 449, 446, 446, 447, 451, 458, 0, 0, 873, 875, 878, 881, 883, 887, 891, 894, 899, 904, 908, 914, 920, 927, 934, 939, 946, 952, 960, 969, 978, 987, 998, 1008, 1018, 1029, 1041, 1053, 1067, 1082, 1095, 1111, 1130]
[0, 906, 903, 896, 893, 889, 885, 883, 879, 876, 873, 872, 871, 870, 868, 868, 672, 0, 462, 453, 448, 446, 446, 447, 450, 457, 0, 0, 873, 875, 878, 881, 883, 887, 891, 895, 899, 904, 909, 915, 920, 926, 933, 940, 946, 952, 960, 968, 977, 987, 996, 1005, 1017, 1029, 1040, 1053, 1067, 1081, 1094, 1111, 1146]
[0, 906, 901, 896, 893, 889, 885, 882, 879, 876, 873, 871, 871, 870, 868, 868, 672, 0, 462, 453, 448, 446, 446, 447, 451, 458, 0, 875, 873, 876, 879, 882, 884, 887, 891, 894, 900, 906, 911, 916, 922, 930, 936, 942, 948, 954, 962, 972, 982, 991, 1002, 1011, 1020, 1033, 1045, 1058, 1072, 1086, 1101, 1116, 1135]
[0, 943, 940, 935, 931, 928, 924, 920, 916, 911, 909, 907, 905, 903, 900, 899, 672, 0, 0, 450, 448, 446, 445, 446, 451, 458, 0, 876, 873, 875, 879, 881, 884, 888, 891, 895, 900, 905, 910, 916, 922, 929, 936, 942, 948, 954, 962, 972, 982, 991, 1001, 1010, 1020, 1033, 1045, 1058, 1072, 1086, 1101, 1116, 1134]
[0, 956, 951, 946, 943, 940, 935, 931, 929, 925, 922, 920, 917, 915, 914, 912, 672, 0, 459, 450, 446, 445, 445, 447, 449, 458, 0, 0, 909, 912, 916, 919, 922, 927, 932, 936, 941, 945, 950, 955, 960, 966, 973, 983, 991, 998, 1005, 1013, 1022, 1031, 1043, 1055, 1066, 1076, 1089, 1117, 1072, 1149, 1164, 1180, 1197]
[0, 980, 975, 969, 966, 961, 956, 953, 950, 948, 945, 944, 941, 939, 938, 937, 672, 0, 0, 455, 449, 446, 445, 446, 452, 461, 0, 0, 923, 925, 928, 932, 935, 937, 942, 946, 950, 955, 959, 966, 972, 979, 994, 1001, 1008, 1016, 1025, 1034, 1044, 1054, 1065, 1077, 1089, 1102, 1115, 1131, 1147, 1161, 1177, 1193, 0]
[0, 980, 975, 969, 965, 961, 956, 953, 950, 947, 945, 944, 941, 938, 937, 940, 672, 0, 0, 454, 448, 445, 445, 446, 449, 461, 0, 0, 949, 952, 955, 958, 961, 966, 972, 978, 983, 989, 995, 1000, 1005, 1011, 1017, 1025, 1033, 1041, 1051, 1061, 1070, 1081, 1092, 1103, 1115, 1143, 1157, 1171, 1186, 1201, 1218, 1238, 1258]
[0, 989, 985, 979, 974, 970, 965, 961, 958, 953, 951, 950, 948, 946, 945, 943, 672, 0, 0, 450, 446, 445, 445, 445, 447, 456, 0, 0, 949, 952, 955, 957, 962, 968, 973, 979, 984, 989, 995, 999, 1005, 1011, 1017, 1025, 1034, 1042, 1052, 1061, 1071, 1081, 1092, 1103, 1116, 1133, 1148, 1160, 1173, 1188, 1218, 0, 1264]
[0, 990, 985, 981, 976, 971, 967, 963, 959, 956, 954, 952, 950, 947, 946, 943, 672, 0, 461, 453, 447, 445, 445, 446, 452, 460, 0, 0, 958, 958, 961, 964, 974, 968, 983, 990, 995, 999, 1005, 1010, 1015, 1021, 1029, 1037, 1046, 1055, 1065, 1075, 1085, 1095, 1107, 1119, 1134, 1149, 1162, 1176, 1191, 0, 0, 1240, 1261]
[0, 992, 988, 984, 979, 972, 968, 965, 961, 958, 955, 954, 952, 951, 949, 948, 672, 0, 0, 456, 449, 446, 445, 446, 450, 457, 0, 0, 961, 963, 967, 972, 977, 982, 988, 992, 996, 1000, 1007, 1013, 1018, 1023, 1030, 1039, 1049, 1057, 1066, 1077, 1086, 1097, 1107, 1119, 1134, 1149, 1162, 1176, 0, 0, 0, 1242, 1260]
[0, 1056, 1052, 1046, 1040, 1037, 1036, 1034, 1031, 1027, 1024, 1022, 1020, 1019, 1018, 1019, 672, 0, 0, 455, 448, 444, 444, 446, 448, 457, 0, 0, 965, 967, 970, 976, 982, 988, 991, 995, 1000, 1005, 1012, 1018, 1024, 1029, 1036, 1046, 1055, 1064, 1074, 1085, 1096, 1107, 1135, 1148, 1159, 1172, 1189, 0, 0, 1239, 1258, 1279, 1303]
[0, 1056, 1052, 1045, 1040, 1037, 1036, 1034, 1031, 1027, 1025, 1022, 1020, 1019, 1018, 1018, 672, 0, 0, 454, 448, 444, 444, 446, 449, 457, 0, 0, 1036, 1038, 1041, 1044, 1049, 1055, 1062, 1068, 1074, 1078, 1084, 1089, 1096, 1104, 1112, 1120, 1131, 1142, 1153, 1164, 1176, 1188, 1212, 1226, 1159, 1255, 1275, 1294, 1311, 1329, 1350, 1370, 1391]
[0, 1097, 1093, 1088, 1084, 1080, 1078, 1076, 1074, 1073, 1071, 1069, 1067, 1065, 1064, 1072, 672, 0, 0, 453, 447, 444, 444, 446, 449, 457, 0, 0, 1036, 1038, 1041, 1044, 1049, 1055, 1062, 1068, 1074, 1079, 1084, 1089, 1096, 1105, 1113, 1121, 1132, 1143, 1153, 1164, 1176, 1189, 1200, 1227, 1241, 1256, 1275, 1294, 1311, 1323, 1350, 1370, 1391]
[0, 1101, 1096, 1091, 1086, 1083, 1080, 1077, 1075, 1074, 1071, 1069, 1067, 1065, 1064, 1063, 672, 0, 0, 455, 449, 445, 444, 445, 449, 455, 0, 0, 1088, 1091, 1096, 1101, 1104, 1109, 1115, 1122, 1129, 1135, 1142, 1149, 1156, 1164, 1172, 1182, 1192, 1202, 1211, 1224, 1236, 1248, 1261, 1276, 1294, 1256, 1320, 1344, 1362, 1380, 1399, 1370, 0]
[0, 1101, 1096, 1091, 1088, 1085, 1080, 1077, 1076, 1074, 1071, 1069, 1067, 1064, 1063, 1063, 672, 0, 0, 457, 450, 445, 444, 448, 448, 455, 0, 0, 1088, 1089, 1093, 1098, 1103, 1107, 1112, 1119, 1126, 1133, 1141, 1149, 1156, 1172, 1182, 1191, 1200, 1209, 1219, 1233, 1247, 1259, 1273, 1290, 1307, 1256, 1333, 1359, 1376, 1394, 1399, 1370, 0]
[0, 1101, 1096, 1092, 1089, 1085, 1080, 1078, 1076, 1074, 1072, 1070, 1068, 1065, 1065, 1065, 672, 0, 0, 457, 449, 444, 444, 448, 452, 461, 0, 0, 0, 1090, 1094, 1099, 1102, 1106, 1112, 1125, 1126, 1141, 1149, 1156, 1163, 1171, 1181, 1190, 1200, 1209, 1219, 1232, 1245, 1256, 1269, 1288, 1307, 1256, 1331, 1358, 1374, 1390, 1411, 1370, 0]
[0, 1100, 1093, 1091, 1089, 1086, 1083, 1078, 1074, 1073, 1072, 1069, 1070, 1068, 1065, 1070, 672, 0, 0, 453, 447, 444, 443, 445, 452, 461, 0, 0, 0, 1090, 1099, 1103, 1107, 1113, 1118, 1125, 1133, 1141, 1149, 1156, 1163, 1171, 1181, 1190, 1200, 1209, 1219, 1233, 1246, 1258, 1271, 1288, 1306, 1256, 1332, 1359, 1376, 1393, 1413, 1370, 0]
[0, 1139, 1093, 1132, 1127, 1086, 1122, 1118, 1114, 1112, 1111, 1109, 1109, 1108, 1106, 1070, 672, 0, 460, 450, 446, 444, 444, 447, 449, 455, 0, 0, 1089, 1092, 1097, 1102, 1106, 1111, 1117, 1123, 1131, 1140, 1146, 1153, 1162, 1169, 1178, 1188, 1198, 1208, 1218, 1231, 1243, 1254, 1268, 1284, 1302, 1256, 1328, 1352, 1384, 1399, 1413, 0, 0]
[0, 1173, 1169, 1167, 1127, 1164, 1162, 1156, 1153, 1151, 1151, 1149, 1149, 1149, 1148, 1070, 672, 0, 458, 450, 445, 444, 445, 447, 450, 458, 0, 0, 1136, 1142, 1146, 1151, 1155, 1160, 1168, 1175, 1179, 1185, 1192, 1200, 1208, 1219, 1231, 1242, 1251, 1263, 1274, 1288, 1303, 1254, 1327, 1349, 1363, 1380, 1399, 1420, 0, 1452, 1484, 1509, 1535]
[0, 1175, 1170, 1167, 1165, 1162, 1159, 1156, 1155, 1155, 1154, 1150, 1149, 1150, 1150, 1070, 672, 0, 0, 451, 446, 444, 445, 447, 450, 457, 0, 0, 1172, 1176, 1182, 1186, 1191, 1196, 1201, 1207, 1179, 1219, 1232, 1240, 1250, 1261, 1270, 1282, 1294, 1305, 1274, 1324, 1343, 1359, 1373, 1386, 1403, 0, 1399, 0, 1479, 1501, 1525, 1549, 0]
[0, 1205, 1202, 1199, 1196, 1193, 1190, 1186, 1185, 1184, 1182, 1182, 1181, 1180, 1179, 1179, 672, 0, 0, 456, 448, 445, 444, 445, 450, 456, 0, 0, 1175, 1179, 1182, 1187, 1192, 1197, 1203, 1209, 1179, 1221, 1233, 1240, 1250, 1261, 1271, 1283, 1294, 1305, 1274, 1324, 1330, 1359, 1374, 1387, 1403, 0, 0, 0, 1478, 1501, 1525, 1549, 0]
[0, 1204, 1202, 1199, 1195, 1192, 1190, 1187, 1184, 1182, 1182, 1182, 1182, 1180, 1179, 1187, 672, 0, 0, 453, 447, 444, 444, 445, 448, 452, 461, 0, 0, 1207, 1212, 1216, 0, 1235, 1242, 1250, 1179, 1265, 1274, 1286, 1297, 1307, 1271, 1283, 1331, 1354, 1367, 1379, 1392, 1406, 0, 1387, 1403, 0, 1496, 1519, 1542, 0, 0, 0, 1636]
[0, 1205, 1202, 1199, 1196, 1193, 1190, 1187, 1185, 1184, 1182, 1182, 1182, 1180, 1179, 1180, 672, 0, 0, 456, 448, 445, 444, 445, 448, 455, 461, 0, 0, 1210, 1214, 0, 1221, 1232, 1239, 1245, 1252, 1259, 1268, 1278, 1289, 1302, 1313, 1283, 1327, 1345, 1358, 1372, 1384, 1397, 1412, 1387, 1403, 0, 1506, 1528, 1550, 0, 0, 0, 1650]
[0, 1204, 1202, 1199, 1195, 1192, 1190, 1187, 1184, 1182, 1182, 1182, 1182, 1180, 1179, 1186, 672, 0, 0, 453, 447, 444, 444, 445, 448, 460, 461, 0, 1207, 1213, 1214, 1217, 1223, 0, 1242, 1250, 1257, 1265, 1274, 1286, 1297, 1307, 1313, 1283, 1331, 1354, 1367, 1379, 1392, 1406, 0, 1387, 0, 1477, 1497, 1521, 1543, 0, 0, 0, 1639]
[0, 1223, 1219, 1216, 1212, 1209, 1207, 1206, 1205, 1204, 1202, 1201, 1200, 1200, 1201, 1186, 672, 0, 0, 451, 446, 444, 444, 446, 448, 455, 461, 0, 0, 1209, 1214, 1217, 1223, 1232, 1238, 1245, 1251, 1258, 1267, 1277, 1288, 1302, 1313, 1283, 1324, 1345, 1358, 1371, 1384, 1397, 1411, 1387, 0, 1486, 1505, 1528, 1549, 0, 0, 0, 1651]
[0, 1253, 1249, 1245, 1241, 1238, 1236, 1234, 1232, 1230, 1202, 1229, 1227, 1227, 1227, 1186, 672, 0, 0, 458, 449, 445, 444, 445, 449, 456, 461, 0, 1231, 1233, 1239, 1244, 1249, 1255, 1262, 1270, 1279, 1289, 1299, 1309, 1288, 1324, 1340, 1352, 1365, 1375, 1385, 1396, 1412, 1397, 1411, 0, 1485, 1497, 1517, 1539, 0, 0, 0, 1647, 1677]
[0, 1272, 1268, 1264, 1261, 1259, 1256, 1253, 1251, 1250, 1249, 1248, 1248, 1248, 1248, 1186, 672, 0, 0, 452, 447, 444, 444, 445, 449, 459, 461, 0, 1257, 1262, 1269, 1276, 1284, 1291, 1297, 1306, 1279, 0, 0, 0, 1355, 1366, 1377, 1386, 1399, 1412, 1385, 1396, 1412, 0, 1505, 1521, 1534, 1544, 0, 0, 0, 1655, 1679, 1700, 1677]
[0, 1283, 1279, 1277, 1273, 1271, 1269, 1266, 1264, 1264, 1264, 1262, 1262, 1264, 1263, 1262, 672, 0, 456, 452, 448, 445, 444, 445, 448, 455, 461, 0, 0, 1286, 1293, 1299, 1304, 1310, 1316, 1306, 1329, 1346, 0, 1389, 1377, 1387, 1405, 1430, 1441, 1412, 1455, 1487, 1510, 1515, 1520, 1531, 1547, 1566, 0, 1646, 1674, 1698, 1720, 1700, 1677]
[0, 1292, 1289, 1284, 1279, 1277, 1275, 1274, 1272, 1270, 1267, 1266, 1267, 1266, 1265, 1262, 672, 0, 0, 450, 446, 444, 444, 446, 451, 455, 459, 0, 1303, 1309, 1293, 0, 1323, 1336, 1357, 1366, 1363, 1382, 1403, 1408, 1409, 1427, 1447, 1453, 1469, 1492, 1503, 1515, 1530, 1540, 1552, 1566, 1547, 1599, 1635, 1663, 1689, 1709, 1720, 0, 1677]
[0, 1385, 1380, 1377, 1374, 1373, 1372, 1370, 1369, 1369, 1367, 1367, 1368, 1368, 1370, 1262, 672, 0, 0, 453, 448, 446, 447, 449, 449, 456, 459, 0, 0, 1308, 1313, 0, 0, 1327, 1342, 1351, 1360, 1368, 1387, 1405, 1412, 1429, 1445, 1453, 1459, 1485, 1497, 1506, 1522, 1531, 1544, 1561, 1547, 1592, 1626, 1653, 1699, 1709, 1720, 0, 1677]
[0, 1386, 1382, 1379, 1377, 1373, 1372, 1371, 1371, 1369, 1368, 1370, 1369, 1368, 1368, 1374, 672, 0, 0, 455, 450, 447, 447, 448, 453, 459, 459, 0, 0, 1435, 1435, 1440, 1450, 1461, 1468, 1475, 1482, 1493, 1501, 1510, 1521, 1528, 1531, 1538, 1544, 1550, 1556, 1564, 1572, 1578, 1585, 1610, 1631, 1637, 1646, 1656, 1670, 1685, 1698, 1712, 1728]
[0, 0, 1413, 1408, 1404, 1398, 0, 1396, 1371, 1395, 1395, 1395, 1395, 1396, 1397, 1374, 672, 0, 0, 460, 453, 447, 448, 448, 451, 456, 459, 0, 0, 1426, 1433, 1437, 1447, 1458, 1464, 1473, 1482, 1486, 1495, 1508, 1518, 1527, 1530, 1534, 1541, 1549, 1555, 1570, 1578, 1584, 1604, 1626, 1635, 1645, 1655, 1667, 1682, 1698, 1709, 1721, 1728]
[0, 0, 1413, 1408, 1448, 1425, 1426, 1423, 1420, 1419, 1420, 1422, 1421, 1424, 1426, 1425, 672, 0, 0, 459, 452, 449, 449, 449, 456, 465, 459, 0, 1460, 1465, 1469, 1474, 1482, 1487, 1495, 1503, 1508, 1513, 1518, 1519, 1523, 1527, 1530, 1537, 1543, 1550, 1556, 1564, 1573, 1579, 1590, 1612, 1629, 1639, 1649, 1661, 1673, 1687, 1702, 1714, 1728]
[0, 0, 1413, 0, 0, 1425, 0, 1423, 1421, 1422, 1423, 1423, 1424, 1425, 1427, 1425, 672, 0, 0, 456, 451, 448, 448, 449, 452, 458, 459, 0, 0, 1479, 1487, 1495, 1501, 1503, 1504, 1508, 1510, 1513, 1513, 1514, 1526, 1527, 1534, 1539, 1547, 1553, 1559, 1569, 1576, 1583, 1603, 1626, 1635, 1642, 1653, 1666, 1681, 1694, 1705, 1718, 1732]
[0, 1474, 1413, 0, 0, 1425, 0, 0, 1421, 0, 0, 0, 0, 0, 0, 0, 0, 0, 0, 456, 451, 0, 450, 452, 454, 461, 459, 0, 0, 1480, 1488, 1496, 1502, 1505, 1506, 1507, 1510, 1514, 1515, 1517, 1522, 1527, 1529, 1533, 1539, 1547, 1553, 1561, 1570, 1578, 1584, 1605, 1627, 1636, 1655, 1667, 1682, 1694, 1706, 1721, 1732]
[0, 1495, 1492, 1488, 1485, 1483, 1481, 1478, 1483, 1485, 1488, 1498, 1493, 1482, 1482, 1492, 0, 0, 0, 0, 451, 0, 450, 452, 454, 456, 459, 0, 1502, 1501, 1499, 1501, 1505, 1506, 1506, 1508, 1509, 1513, 1515, 1518, 1521, 1525, 1530, 1536, 1542, 1548, 1557, 1564, 1572, 1579, 1586, 1608, 1629, 1638, 1648, 1656, 1669, 1686, 1700, 1712, 1728]
[0, 1501, 1496, 1492, 1489, 1485, 1483, 1483, 1489, 1493, 1492, 1497, 1495, 1486, 1488, 1489, 0, 0, 0, 460, 454, 450, 450, 452, 454, 456, 459, 0, 1507, 1504, 1502, 1503, 1503, 1505, 1506, 1506, 1508, 1512, 1515, 1517, 1521, 1524, 1529, 1535, 1541, 1548, 1556, 1564, 1571, 1575, 1582, 1608, 1629, 1635, 1644, 1656, 1669, 1686, 1699, 1712, 1728]
[0, 1498, 1493, 1491, 1489, 1486, 1485, 1483, 1489, 1494, 1494, 1494, 1494, 1490, 1490, 1493, 0, 0, 0, 462, 454, 449, 449, 451, 456, 464, 459, 0, 1507, 1507, 1504, 1501, 1502, 1504, 1506, 1507, 1509, 1512, 1515, 1516, 1520, 1524, 1531, 1535, 1540, 1548, 1555, 1562, 1568, 1576, 1584, 1605, 1625, 1634, 1645, 1655, 1681, 1694, 1706, 1721, 1728]
[0, 1617, 1616, 1614, 1610, 1609, 1609, 1483, 1489, 1494, 1602, 1591, 1578, 1565, 1559, 1553, 0, 0, 0, 463, 454, 457, 453, 454, 454, 461, 459, 0, 1509, 1504, 1503, 1500, 1501, 1503, 1504, 1507, 1510, 1512, 1514, 1516, 1519, 1525, 1534, 1538, 1546, 1552, 1559, 1568, 1575, 1582, 1602, 1622, 1631, 1642, 1652, 1665, 1680, 1693, 1705, 1718, 1728]
[0, 1621, 1619, 1615, 1611, 1611, 1610, 1483, 1489, 1494, 1603, 1591, 1577, 1567, 1561, 1553, 0, 0, 0, 464, 457, 454, 453, 457, 463, 461, 0, 1509, 1503, 1501, 1499, 1500, 1503, 1504, 1505, 1506, 1508, 1512, 1514, 1517, 1520, 1524, 1527, 1533, 1539, 1542, 1551, 1562, 1571, 1575, 1583, 1607, 1629, 1635, 1645, 1656, 1669, 1686, 1700, 1712, 1726]
[0, 1624, 1621, 1617, 1611, 1611, 1611, 1483, 1489, 1494, 1602, 1586, 1576, 1569, 1558, 1550, 0, 0, 0, 464, 457, 454, 454, 457, 462, 461, 0, 1505, 1502, 1501, 1499, 1501, 1500, 1501, 1505, 1506, 1509, 1510, 1512, 1515, 1518, 1523, 1528, 1535, 1540, 1544, 1549, 1557, 1567, 1576, 1584, 1605, 1626, 1635, 1644, 1655, 1669, 1684, 1697, 1711, 1727]
[0, 1627, 1624, 1620, 1614, 1611, 1610, 1609, 1489, 1494, 1602, 1596, 1576, 1568, 1562, 1553, 0, 0, 0, 463, 457, 454, 453, 455, 463, 461, 0, 1514, 1502, 1501, 1500, 1500, 1499, 1500, 1504, 1506, 1508, 1511, 1513, 1516, 1519, 1523, 1528, 1533, 1539, 1543, 1549, 1560, 1569, 1574, 1582, 1606, 1627, 1635, 1644, 1654, 1669, 1681, 1694, 1710, 1725]
[0, 1678, 1673, 1669, 1663, 1650, 1638, 1627, 1616, 1604, 1596, 1589, 1579, 1567, 1557, 1551, 0, 0, 0, 0, 459, 454, 457, 460, 461, 461, 0, 0, 1502, 1502, 1503, 1501, 1501, 1502, 1503, 1505, 1509, 1510, 1511, 1516, 1518, 1523, 1530, 1534, 1535, 1543, 1554, 1561, 1567, 1575, 1584, 1605, 1625, 1633, 1644, 1654, 1666, 1680, 1706, 1710, 1721]
[0, 1695, 1684, 1676, 1663, 1663, 1650, 1625, 1613, 1604, 1596, 1586, 1573, 1565, 1558, 1551, 0, 0, 0, 0, 465, 459, 458, 458, 466, 461, 0, 1503, 1501, 1499, 1498, 1499, 1500, 1501, 1502, 1503, 1507, 1510, 1512, 1514, 1518, 1521, 1527, 1532, 1538, 1542, 1551, 1560, 1569, 1574, 1582, 1606, 1627, 1635, 1645, 1656, 1669, 1682, 1695, 1709, 1724]
[0, 1693, 1688, 1681, 1672, 1658, 1643, 1632, 1621, 1610, 1600, 1589, 1579, 1569, 1561, 1555, 1547, 0, 0, 0, 461, 457, 457, 459, 460, 467, 0, 1503, 1500, 1499, 1499, 1499, 1499, 1500, 1501, 1503, 1507, 1510, 1511, 1514, 1517, 1522, 1527, 1531, 1536, 1544, 1552, 1558, 1567, 1574, 1582, 1606, 1627, 1635, 1646, 1657, 1670, 1684, 1697, 1709, 1724]
[0, 1721, 1702, 1686, 1670, 1656, 1646, 1636, 1622, 1609, 1600, 1591, 1581, 1572, 1563, 1554, 1547, 0, 0, 0, 461, 0, 460, 459, 0, 0, 0, 0, 0, 1502, 1503, 1501, 1501, 1503, 1501, 1504, 1508, 1509, 1512, 1514, 1514, 1518, 1525, 1529, 1533, 1538, 1545, 1552, 1569, 1579, 1595, 1618, 1633, 1639, 1649, 1665, 1676, 1685, 1701, 1717, 1724]
[0, 1721, 1702, 1685, 1670, 1656, 1644, 1634, 1622, 1609, 1600, 1590, 1581, 1571, 1563, 1554, 1547, 1551, 0, 0, 461, 0, 460, 461, 0, 0, 1511, 0, 1502, 1498, 1498, 1497, 1495, 1496, 1499, 1503, 1504, 1505, 1509, 1514, 1517, 1520, 1524, 1529, 1534, 1539, 1549, 1558, 1568, 1576, 1584, 1606, 1627, 1635, 1643, 1655, 1668, 1682, 1696, 1710, 1726]
[0, 1702, 1702, 1672, 1659, 1648, 1638, 1626, 1614, 1603, 1591, 1581, 1573, 1564, 1555, 1549, 1543, 1551, 0, 0, 0, 462, 460, 463, 0, 0, 1511, 1502, 1499, 1497, 1497, 1497, 1495, 1495, 1499, 1503, 1504, 1505, 1509, 1513, 1516, 1521, 1525, 1529, 1535, 1542, 1556, 1568, 1577, 1579, 1583, 1607, 1627, 1634, 1643, 1655, 1669, 1683, 1697, 1709, 1724]
[0, 1720, 1702, 1685, 1670, 1656, 1646, 1635, 1622, 1610, 1600, 1590, 1580, 1572, 1563, 1554, 1546, 1540, 0, 0, 0, 0, 462, 464, 0, 0, 1511, 1502, 1500, 1495, 1492, 1493, 1495, 1495, 1497, 1503, 1507, 1509, 1511, 1515, 1525, 1534, 1537, 1544, 1550, 1555, 1563, 1571, 1578, 1578, 1581, 1600, 1618, 1630, 1642, 1654, 1668, 1681, 1694, 1709, 1721]
[0, 1713, 1695, 1679, 1665, 1652, 1639, 1628, 1617, 1604, 1592, 1586, 1576, 1568, 1561, 1552, 1545, 1540, 0, 0, 0, 0, 463, 464, 0, 0, 1509, 1501, 0, 1496, 1493, 1493, 1495, 1496, 1498, 1501, 1505, 1507, 1510, 1518, 1529, 1533, 1536, 1543, 1549, 1557, 1565, 1571, 1578, 1579, 1582, 1606, 1626, 1633, 1644, 1657, 1669, 1681, 1694, 1709, 1724]
[0, 1720, 1700, 1684, 1669, 1656, 1644, 1633, 1621, 1609, 1599, 1589, 1579, 1571, 1562, 1553, 1545, 1538, 0, 0, 0, 0, 462, 464, 0, 0, 0, 1497, 1496, 1496, 1492, 1495, 1500, 1498, 1499, 1505, 1510, 1515, 1518, 1522, 1529, 1534, 1535, 1538, 1546, 1553, 1558, 1566, 1576, 0, 0, 1595, 1620, 1628, 1634, 1648, 1675, 1688, 1701, 1717, 1730]
[0, 1719, 1701, 1685, 1670, 1656, 1645, 1634, 1621, 1609, 1599, 1589, 1580, 1571, 1562, 1554, 1546, 1539, 0, 0, 0, 0, 462, 464, 0, 0, 0, 1503, 1498, 1492, 1491, 1492, 1492, 1494, 1500, 1503, 1506, 1523, 1524, 1527, 1529, 1535, 1540, 1544, 1550, 1555, 1563, 1573, 1561, 1561, 1585, 1608, 1624, 1632, 1648, 1661, 1671, 1684, 1697, 1712, 1731]
[0, 1705, 1690, 1676, 1662, 1649, 1637, 1627, 1616, 1603, 1592, 1583, 1574, 1566, 1558, 1550, 1544, 1539, 0, 0, 0, 0, 463, 464, 0, 0, 1504, 1501, 0, 1509, 1506, 1506, 1512, 1514, 1512, 1513, 1514, 1517, 1524, 1529, 1532, 1536, 1539, 1543, 1548, 1553, 1561, 1571, 1580, 1580, 1583, 1606, 1623, 1631, 1644, 1656, 1668, 1681, 1695, 1709, 1726]
[0, 1711, 1693, 1680, 1665, 1651, 1643, 1632, 1620, 1609, 1599, 1588, 1578, 1568, 1557, 1548, 1543, 1539, 0, 0, 0, 466, 463, 465, 0, 0, 0, 1501, 1502, 1507, 1512, 1508, 1507, 1511, 1509, 1512, 1518, 1519, 1520, 1524, 1530, 1534, 1538, 1539, 1544, 1552, 1560, 1569, 1578, 1581, 1582, 1603, 1621, 1626, 1638, 1650, 1664, 1679, 1692, 1705, 1717]
[0, 1704, 1687, 1672, 1661, 1649, 1637, 1625, 1613, 1603, 1591, 1581, 1574, 1566, 1556, 1546, 1538, 1539, 0, 0, 0, 463, 461, 465, 0, 0, 0, 1510, 0, 1507, 1508, 1504, 1509, 1513, 1513, 1516, 1517, 1517, 1521, 1525, 1529, 1535, 1538, 1539, 1544, 1550, 1557, 1574, 1578, 1571, 1586, 1611, 1627, 1632, 1647, 1661, 1672, 1685, 1697, 1713, 1731]
[0, 1701, 1686, 1671, 1655, 1644, 1637, 1633, 1611, 1603, 1590, 1580, 1574, 1563, 1554, 1551, 1550, 1539, 0, 0, 0, 0, 461, 462, 0, 0, 1525, 1513, 1511, 1508, 1508, 1510, 1508, 1509, 1511, 1513, 1516, 1518, 1521, 1525, 1531, 1534, 1537, 1543, 1548, 1554, 1565, 1572, 1578, 1578, 1580, 1600, 1618, 1629, 1641, 1653, 1667, 1680, 1692, 1704, 1718]
[0, 1704, 1687, 1673, 1661, 1648, 1636, 1626, 1615, 1603, 1591, 1582, 1574, 1566, 1556, 1549, 1548, 1539, 0, 0, 0, 463, 462, 462, 0, 0, 1517, 1512, 0, 1509, 1510, 1510, 1512, 1513, 1512, 1513, 1515, 1518, 1524, 1528, 1532, 1533, 1537, 1543, 1548, 1556, 1563, 1569, 1578, 1579, 1581, 1605, 1623, 1630, 1643, 1655, 1668, 1682, 1695, 1708, 1724]
[0, 1711, 1693, 1679, 1665, 1651, 1642, 1632, 1619, 1608, 1598, 1588, 1577, 1568, 1561, 1556, 1553, 1549, 0, 0, 0, 0, 466, 469, 0, 0, 0, 1515, 1514, 1511, 1511, 1508, 1507, 1511, 1510, 1512, 1518, 1519, 1521, 1525, 1530, 1533, 1537, 1539, 1544, 1552, 1563, 1571, 1578, 1580, 1582, 1602, 1621, 1626, 1637, 1649, 1664, 1678, 1690, 1703, 1717]
[0, 1703, 1693, 1690, 1684, 1670, 1656, 1641, 1629, 1619, 1608, 1598, 1589, 1581, 1572, 1563, 1555, 1549, 0, 0, 0, 0, 462, 469, 466, 0, 0, 1521, 0, 1508, 1503, 1505, 1505, 1504, 1509, 1514, 1515, 1522, 1521, 1527, 1530, 1535, 1537, 1544, 1550, 1555, 1563, 1573, 1582, 1582, 1585, 1603, 1619, 1632, 1646, 1658, 1671, 1684, 1696, 1710, 1728]
[0, 1725, 1717, 1699, 1682, 1667, 1655, 1643, 1631, 1620, 1608, 1597, 1587, 1581, 1571, 1562, 1554, 1549, 0, 0, 0, 0, 464, 469, 466, 0, 0, 1513, 0, 1508, 1507, 1507, 1507, 1510, 1513, 1515, 1517, 1518, 1520, 1525, 1529, 1532, 1536, 1542, 1547, 1553, 1560, 1567, 1577, 1581, 1582, 1599, 1618, 1628, 1640, 1652, 1666, 1679, 1690, 1703, 1717]
[0, 1729, 1716, 1699, 1682, 1668, 1654, 1640, 1628, 1618, 1607, 1596, 1588, 1581, 1571, 1563, 1555, 1549, 0, 0, 0, 0, 465, 469, 473, 0, 0, 1515, 0, 1506, 1512, 1509, 1509, 1512, 1514, 1516, 1516, 1518, 1521, 1525, 1530, 1533, 1535, 1538, 1545, 1553, 1558, 1566, 1576, 1577, 1578, 1589, 1615, 1632, 1633, 1647, 1675, 1691, 1704, 1719, 1733]
