[0, 0, 0, 0, 0, 0, 0, 0, 0, 0, 0, 0, 0, 0, 0, 0, 0, 0, 0, 0, 0, 0, 0, 0, 0, 0, 0, 0, 0, 0, 0, 0, 0, 0, 0, 0, 0, 0, 0, 0, 0, 0, 0, 0, 0, 0, 0, 0, 0, 0, 0, 0, 0, 0, 0, 0, 0, 0, 0, 0, 0]
[0, 529, 525, 521, 517, 513, 512, 510, 505, 503, 502, 499, 497, 495, 493, 491, 489, 487, 486, 485, 484, 483, 482, 481, 481, 480, 480, 480, 480, 480, 481, 481, 481, 482, 483, 484, 485, 487, 488, 490, 492, 495, 498, 500, 503, 503, 506, 510, 516, 517, 521, 525, 530, 534, 539, 545, 550, 556, 561, 567, 573]
[0, 527, 525, 523, 520, 516, 512, 509, 506, 504, 501, 498, 496, 495, 492, 489, 488, 487, 486, 485, 483, 482, 482, 481, 481, 480, 479, 479, 480, 480, 480, 480, 481, 482, 483, 484, 485, 486, 488, 489, 492, 494, 496, 498, 502, 505, 508, 511, 515, 519, 523, 527, 532, 536, 542, 548, 553, 558, 564, 570, 577]
[0, 531, 526, 522, 518, 514, 511, 508, 505, 503, 500, 498, 496, 493, 492, 492, 490, 487, 485, 485, 484, 483, 482, 481, 481, 481, 480, 479, 479, 480, 481, 481, 481, 482, 483, 484, 485, 486, 488, 490, 492, 495, 497, 500, 503, 506, 509, 512, 516, 520, 524, 528, 533, 536, 538, 544, 554, 560, 565, 572, 577]
[0, 529, 525, 522, 517, 513, 510, 508, 505, 503, 502, 499, 497, 495, 493, 491, 489, 487, 485, 485, 483, 483, 482, 481, 480, 480, 480, 479, 480, 481, 481, 480, 481, 482, 483, 484, 485, 485, 487, 489, 491, 493, 496, 498, 500, 503, 506, 510, 513, 517, 521, 526, 530, 535, 540, 545, 551, 556, 561, 567, 574]
[0, 531, 526, 522, 518, 514, 511, 508, 505, 503, 502, 498, 497, 493, 493, 491, 489, 487, 486, 485, 484, 483, 482, 481, 480, 480, 479, 480, 480, 479, 480, 481, 481, 482, 483, 483, 484, 486, 488, 489, 492, 494, 496, 498, 501, 504, 508, 511, 514, 518, 522, 527, 531, 537, 542, 547, 552, 557, 563, 569, 577]
[0, 531, 527, 523, 519, 515, 512, 509, 506, 503, 500, 498, 496, 494, 492, 489, 488, 487, 486, 485, 484, 483, 482, 481, 480, 480, 480, 480, 480, 481, 481, 481, 482, 482, 483, 483, 486, 486, 487, 489, 491, 494, 496, 498, 500, 503, 507, 510, 513, 517, 522, 526, 530, 535, 541, 546, 551, 556, 562, 569, 574]
[0, 530, 526, 522, 518, 514, 511, 508, 505, 503, 500, 498, 496, 493, 492, 491, 489, 486, 485, 485, 484, 483, 482, 481, 481, 480, 480, 479, 479, 480, 481, 481, 481, 482, 483, 484, 485, 486, 488, 490, 492, 495, 497, 500, 503, 505, 508, 510, 512, 521, 524, 526, 528, 534, 539, 544, 549, 554, 560, 566, 572]
[0, 529, 524, 520, 518, 516, 510, 508, 507, 504, 502, 499, 497, 495, 493, 490, 489, 487, 486, 485, 484, 483, 482, 481, 480, 480, 479, 479, 480, 481, 481, 481, 481, 482, 483, 484, 485, 487, 489, 490, 491, 496, 497, 498, 500, 504, 507, 510, 514, 517, 522, 526, 531, 535, 541, 546, 551, 556, 562, 568, 574]
[0, 529, 533, 529, 525, 522, 518, 515, 512, 510, 507, 505, 503, 500, 498, 497, 495, 494, 492, 491, 490, 483, 488, 487, 480, 480, 480, 480, 480, 481, 480, 480, 481, 482, 483, 484, 485, 486, 488, 489, 492, 495, 497, 499, 502, 505, 508, 512, 515, 519, 524, 529, 532, 536, 542, 548, 554, 559, 564, 570, 578]
[0, 534, 530, 526, 525, 523, 516, 513, 512, 511, 508, 505, 503, 501, 499, 497, 496, 494, 493, 492, 491, 489, 488, 487, 486, 486, 486, 486, 486, 486, 487, 487, 488, 489, 490, 491, 492, 494, 496, 498, 500, 503, 506, 508, 510, 514, 517, 521, 525, 529, 533, 537, 542, 548, 553, 557, 563, 569, 575, 582, 589]
[0, 538, 534, 530, 526, 522, 519, 516, 513, 510, 508, 506, 503, 500, 499, 498, 496, 495, 494, 492, 491, 489, 489, 488, 487, 486, 487, 487, 486, 487, 487, 487, 488, 489, 490, 492, 493, 495, 497, 499, 501, 503, 506, 509, 511, 514, 518, 522, 525, 529, 533, 538, 543, 548, 554, 559, 564, 569, 576, 583, 590]
[0, 538, 534, 530, 526, 522, 519, 516, 514, 511, 508, 506, 503, 501, 499, 498, 496, 496, 494, 492, 491, 489, 490, 489, 488, 487, 487, 486, 487, 487, 488, 489, 489, 490, 492, 492, 493, 496, 497, 499, 501, 505, 507, 509, 511, 514, 518, 523, 526, 529, 534, 540, 545, 551, 555, 559, 560, 572, 579, 583, 592]
[0, 535, 532, 528, 523, 520, 518, 516, 514, 512, 509, 506, 504, 502, 499, 498, 497, 495, 494, 492, 492, 491, 489, 488, 488, 487, 487, 486, 487, 487, 488, 489, 489, 490, 492, 493, 494, 496, 497, 499, 502, 505, 507, 509, 511, 514, 518, 523, 527, 530, 535, 540, 545, 551, 555, 555, 560, 572, 579, 583, 585]
[0, 535, 535, 532, 528, 524, 521, 519, 515, 511, 510, 508, 505, 503, 501, 499, 497, 496, 495, 494, 493, 491, 492, 490, 488, 487, 487, 487, 487, 488, 488, 489, 489, 491, 492, 493, 494, 495, 497, 499, 501, 503, 506, 509, 511, 514, 518, 521, 525, 529, 533, 538, 543, 548, 553, 558, 564, 569, 576, 583, 590]
[0, 541, 537, 533, 530, 525, 521, 519, 517, 513, 510, 509, 507, 503, 501, 501, 500, 498, 496, 495, 493, 495, 494, 493, 490, 490, 489, 489, 489, 490, 490, 491, 492, 493, 494, 495, 495, 497, 500, 502, 504, 507, 509, 511, 514, 518, 522, 525, 529, 533, 538, 542, 547, 551, 556, 562, 568, 575, 581, 583, 595]
[0, 539, 535, 531, 528, 524, 521, 519, 518, 515, 512, 510, 508, 505, 503, 501, 500, 498, 497, 496, 495, 494, 493, 493, 492, 492, 491, 491, 491, 491, 493, 493, 494, 495, 496, 497, 499, 500, 502, 505, 507, 509, 511, 514, 517, 520, 524, 528, 531, 536, 540, 545, 550, 555, 560, 566, 571, 578, 585, 591, 595]
[0, 542, 537, 533, 530, 526, 522, 519, 517, 514, 512, 510, 507, 504, 502, 501, 500, 498, 497, 496, 495, 495, 495, 494, 492, 491, 492, 492, 492, 491, 494, 493, 494, 495, 495, 496, 498, 499, 501, 503, 505, 508, 510, 513, 515, 519, 522, 526, 530, 534, 538, 543, 547, 553, 558, 563, 569, 576, 582, 588, 595]
[0, 539, 535, 533, 532, 524, 522, 522, 519, 516, 512, 510, 509, 507, 504, 502, 501, 500, 500, 499, 497, 495, 494, 494, 494, 493, 491, 492, 492, 492, 493, 493, 494, 495, 496, 498, 499, 500, 502, 505, 507, 509, 511, 514, 517, 520, 524, 528, 531, 536, 540, 545, 550, 555, 560, 566, 572, 578, 585, 591, 598]
[0, 542, 537, 533, 530, 526, 524, 521, 517, 514, 512, 510, 508, 506, 503, 501, 500, 498, 497, 496, 497, 494, 494, 494, 492, 492, 492, 492, 492, 493, 494, 493, 494, 494, 497, 498, 498, 500, 502, 504, 507, 509, 511, 513, 517, 521, 523, 526, 530, 535, 540, 544, 548, 553, 558, 563, 570, 577, 583, 588, 596]
[0, 542, 542, 537, 534, 530, 527, 524, 521, 519, 516, 513, 511, 509, 507, 505, 503, 502, 502, 501, 499, 498, 498, 494, 494, 493, 492, 492, 492, 493, 494, 494, 494, 495, 497, 498, 499, 501, 503, 505, 508, 510, 512, 513, 517, 521, 525, 529, 532, 536, 541, 546, 551, 556, 560, 566, 572, 579, 585, 591, 598]
[0, 548, 543, 539, 535, 532, 529, 526, 523, 519, 518, 513, 514, 509, 512, 510, 508, 507, 506, 504, 503, 503, 501, 500, 497, 496, 496, 496, 496, 496, 497, 498, 499, 500, 500, 502, 503, 505, 507, 509, 511, 514, 516, 519, 521, 525, 529, 532, 536, 541, 545, 550, 554, 560, 565, 571, 577, 583, 589, 595, 602]
[0, 547, 543, 539, 536, 532, 529, 529, 526, 524, 522, 519, 516, 514, 512, 510, 509, 507, 506, 506, 505, 503, 503, 502, 500, 500, 499, 499, 499, 500, 501, 501, 502, 503, 504, 506, 507, 509, 511, 513, 516, 518, 516, 524, 527, 525, 533, 537, 536, 546, 550, 550, 555, 560, 565, 570, 577, 590, 589, 596, 602]
[0, 555, 550, 546, 536, 540, 529, 537, 531, 524, 528, 526, 524, 522, 519, 517, 515, 514, 513, 512, 511, 510, 510, 509, 502, 502, 502, 502, 502, 503, 504, 505, 505, 503, 506, 509, 507, 513, 511, 515, 517, 520, 523, 525, 528, 531, 535, 539, 543, 548, 552, 556, 561, 566, 571, 578, 584, 590, 596, 601, 608]
[0, 560, 556, 546, 549, 540, 545, 542, 539, 536, 534, 531, 529, 527, 525, 523, 521, 520, 518, 518, 517, 515, 514, 509, 508, 507, 508, 508, 508, 509, 509, 510, 505, 512, 512, 509, 513, 515, 520, 522, 524, 520, 527, 530, 532, 535, 539, 543, 547, 551, 556, 560, 564, 570, 576, 581, 588, 594, 599, 606, 614]
[0, 562, 558, 554, 550, 547, 544, 541, 538, 535, 534, 531, 529, 528, 524, 523, 521, 521, 519, 518, 517, 516, 515, 515, 514, 514, 514, 514, 514, 514, 515, 516, 516, 512, 519, 509, 520, 522, 524, 526, 528, 533, 527, 540, 532, 543, 550, 543, 554, 558, 562, 567, 572, 579, 584, 589, 595, 601, 607, 613, 620]
[0, 564, 560, 556, 552, 548, 545, 542, 539, 536, 534, 531, 529, 527, 526, 524, 522, 521, 519, 518, 517, 516, 516, 516, 515, 514, 514, 514, 514, 515, 515, 515, 516, 518, 519, 520, 522, 523, 525, 528, 530, 533, 535, 539, 542, 545, 549, 553, 557, 561, 565, 570, 576, 582, 587, 593, 599, 606, 612, 619, 627]
[0, 566, 562, 559, 555, 552, 548, 545, 543, 540, 538, 531, 534, 532, 529, 527, 522, 524, 519, 523, 522, 521, 520, 519, 515, 515, 514, 514, 514, 515, 515, 516, 517, 518, 519, 521, 522, 524, 526, 528, 530, 532, 536, 539, 542, 544, 548, 553, 557, 561, 565, 570, 575, 580, 586, 592, 599, 605, 611, 618, 625]
[0, 572, 567, 563, 559, 557, 553, 550, 547, 544, 542, 539, 537, 535, 533, 531, 529, 528, 527, 526, 525, 524, 523, 519, 519, 519, 519, 519, 519, 519, 520, 521, 521, 522, 523, 524, 526, 528, 529, 532, 534, 537, 540, 543, 547, 550, 553, 557, 561, 565, 570, 576, 580, 585, 591, 598, 604, 611, 617, 624, 632]
[0, 570, 567, 565, 558, 557, 554, 551, 548, 546, 543, 541, 538, 536, 534, 532, 531, 529, 527, 526, 525, 525, 524, 524, 523, 522, 519, 522, 523, 523, 520, 524, 525, 526, 526, 528, 530, 532, 534, 535, 538, 541, 543, 546, 550, 553, 556, 560, 564, 568, 573, 578, 584, 589, 594, 600, 607, 612, 619, 626, 633]
[0, 587, 582, 578, 573, 569, 566, 563, 560, 558, 556, 553, 551, 549, 547, 545, 543, 542, 540, 539, 525, 537, 537, 524, 523, 523, 522, 523, 523, 524, 524, 524, 525, 527, 527, 528, 531, 533, 535, 537, 540, 542, 545, 548, 552, 556, 559, 563, 566, 571, 577, 582, 587, 592, 598, 605, 611, 616, 622, 629, 637]
[0, 584, 582, 580, 571, 567, 566, 564, 561, 558, 556, 554, 552, 550, 548, 546, 545, 543, 541, 540, 539, 538, 537, 524, 536, 536, 536, 536, 536, 536, 537, 538, 539, 539, 541, 543, 544, 545, 548, 550, 553, 555, 557, 560, 564, 567, 571, 575, 580, 584, 590, 594, 599, 604, 609, 615, 622, 629, 637, 644, 651]
[0, 584, 580, 575, 571, 568, 564, 561, 559, 558, 556, 554, 552, 550, 548, 546, 544, 543, 541, 540, 539, 538, 537, 536, 536, 536, 536, 537, 537, 536, 537, 539, 539, 540, 542, 544, 545, 547, 549, 551, 554, 557, 559, 562, 566, 569, 573, 578, 583, 588, 592, 594, 602, 604, 613, 620, 627, 633, 640, 648, 655]
[0, 590, 586, 582, 571, 574, 570, 567, 559, 564, 562, 559, 557, 556, 553, 551, 549, 548, 547, 545, 544, 543, 542, 542, 536, 536, 536, 536, 536, 536, 536, 538, 539, 540, 541, 543, 545, 547, 549, 552, 554, 556, 559, 562, 566, 569, 573, 578, 583, 588, 592, 596, 602, 608, 613, 620, 627, 633, 640, 647, 654]
[0, 594, 590, 586, 582, 578, 575, 571, 568, 565, 563, 561, 557, 557, 553, 555, 553, 551, 550, 549, 547, 547, 546, 545, 542, 542, 542, 542, 542, 542, 543, 544, 545, 546, 547, 549, 550, 551, 554, 557, 559, 561, 564, 567, 571, 575, 580, 584, 588, 592, 597, 603, 608, 613, 619, 626, 633, 640, 647, 653, 661]
[0, 608, 604, 600, 596, 593, 589, 586, 568, 582, 579, 577, 574, 572, 569, 567, 566, 564, 563, 562, 561, 560, 559, 545, 545, 546, 546, 545, 545, 546, 546, 547, 548, 549, 550, 552, 554, 556, 557, 559, 562, 565, 567, 571, 575, 579, 583, 587, 591, 596, 601, 605, 611, 617, 623, 629, 636, 643, 651, 657, 664]
[0, 608, 607, 603, 599, 596, 592, 589, 586, 583, 579, 577, 575, 572, 569, 568, 566, 565, 564, 562, 562, 561, 560, 559, 558, 558, 558, 558, 559, 560, 560, 561, 562, 563, 565, 566, 567, 570, 573, 576, 578, 581, 585, 588, 592, 595, 600, 604, 608, 613, 618, 624, 611, 636, 642, 648, 655, 663, 671, 678, 686]
[0, 610, 606, 603, 598, 595, 591, 588, 585, 581, 579, 577, 573, 570, 569, 568, 567, 565, 563, 562, 562, 561, 560, 559, 559, 559, 559, 560, 559, 560, 560, 562, 562, 563, 565, 566, 567, 570, 573, 575, 577, 580, 583, 586, 589, 594, 598, 602, 606, 611, 615, 620, 626, 632, 639, 646, 652, 659, 667, 674, 682]
[0, 609, 605, 601, 597, 594, 591, 587, 584, 582, 579, 580, 576, 572, 571, 570, 568, 566, 564, 562, 562, 561, 559, 559, 559, 559, 559, 559, 560, 560, 560, 561, 562, 564, 565, 567, 569, 570, 572, 574, 578, 581, 584, 587, 591, 595, 599, 603, 607, 612, 617, 622, 629, 635, 641, 647, 654, 661, 669, 677, 685]
[0, 629, 624, 619, 616, 612, 609, 605, 602, 599, 596, 594, 587, 579, 573, 568, 570, 574, 580, 582, 579, 578, 577, 559, 559, 558, 559, 560, 560, 560, 561, 562, 562, 564, 566, 567, 569, 572, 574, 574, 580, 583, 584, 589, 593, 596, 600, 603, 609, 613, 619, 622, 625, 630, 644, 650, 654, 665, 669, 680, 685]
[0, 625, 620, 619, 613, 612, 609, 606, 603, 600, 597, 594, 589, 582, 574, 566, 567, 572, 577, 581, 578, 577, 577, 576, 576, 576, 576, 576, 577, 578, 561, 578, 579, 580, 582, 584, 586, 587, 589, 592, 594, 597, 600, 603, 607, 611, 615, 618, 622, 627, 634, 640, 645, 651, 657, 664, 670, 678, 685, 694, 703]
[0, 633, 628, 624, 620, 615, 613, 609, 606, 603, 600, 595, 588, 580, 572, 567, 570, 574, 580, 585, 583, 581, 581, 577, 576, 576, 576, 576, 577, 578, 579, 579, 580, 582, 584, 584, 586, 587, 589, 592, 594, 596, 600, 603, 606, 610, 614, 618, 622, 627, 634, 640, 645, 651, 657, 663, 670, 678, 685, 693, 703]
[0, 640, 634, 630, 626, 621, 618, 615, 612, 610, 607, 611, 0, 580, 575, 567, 571, 577, 580, 586, 589, 581, 588, 587, 580, 580, 576, 581, 581, 581, 582, 583, 584, 585, 587, 589, 591, 592, 594, 596, 598, 601, 605, 608, 612, 616, 620, 625, 630, 635, 640, 646, 651, 658, 663, 670, 678, 686, 694, 703, 710]
[0, 644, 639, 634, 630, 626, 622, 619, 616, 613, 610, 611, 0, 580, 0, 567, 572, 0, 0, 0, 584, 593, 592, 591, 0, 587, 588, 581, 588, 588, 588, 590, 591, 592, 593, 595, 596, 599, 601, 603, 606, 609, 612, 615, 619, 624, 628, 633, 637, 642, 648, 654, 659, 665, 672, 679, 687, 695, 703, 711, 719]
[0, 642, 637, 632, 628, 624, 622, 620, 617, 615, 612, 608, 0, 580, 0, 0, 567, 0, 0, 0, 595, 592, 591, 0, 591, 591, 590, 591, 592, 592, 593, 593, 595, 596, 598, 599, 600, 603, 605, 608, 611, 614, 617, 620, 624, 629, 634, 639, 644, 648, 653, 660, 666, 671, 678, 685, 694, 702, 708, 715, 725]
[0, 657, 652, 648, 645, 640, 636, 633, 631, 627, 624, 608, 0, 580, 0, 564, 567, 0, 0, 0, 0, 607, 606, 0, 0, 591, 591, 591, 591, 591, 592, 594, 596, 597, 598, 600, 602, 603, 604, 609, 611, 612, 615, 618, 622, 626, 630, 635, 640, 645, 650, 656, 662, 668, 675, 681, 689, 698, 705, 713, 721]
[0, 658, 654, 650, 645, 642, 639, 636, 632, 628, 625, 608, 0, 580, 0, 0, 567, 0, 0, 0, 0, 608, 607, 0, 0, 605, 605, 606, 606, 607, 608, 608, 610, 612, 614, 615, 616, 618, 621, 609, 626, 612, 635, 638, 643, 626, 647, 650, 655, 661, 666, 672, 678, 684, 692, 700, 707, 714, 722, 730, 738]
[0, 666, 661, 657, 652, 648, 646, 643, 640, 636, 633, 608, 0, 580, 0, 0, 567, 0, 0, 0, 0, 615, 615, 0, 0, 606, 606, 606, 606, 607, 608, 609, 610, 613, 614, 615, 616, 619, 622, 624, 628, 632, 635, 638, 643, 647, 650, 655, 661, 661, 667, 672, 678, 684, 692, 700, 707, 714, 722, 730, 738]
[0, 666, 658, 657, 654, 651, 647, 645, 642, 638, 634, 608, 0, 580, 0, 0, 0, 0, 0, 0, 615, 614, 613, 0, 0, 612, 612, 613, 614, 615, 615, 616, 617, 619, 621, 622, 624, 627, 629, 632, 636, 639, 642, 646, 650, 653, 658, 655, 663, 668, 674, 680, 686, 693, 702, 709, 715, 722, 731, 739, 748]
[0, 669, 664, 660, 656, 652, 648, 645, 642, 639, 635, 608, 0, 580, 0, 0, 565, 0, 0, 0, 615, 618, 615, 614, 0, 613, 612, 613, 614, 615, 615, 616, 617, 619, 620, 622, 624, 626, 628, 631, 634, 638, 642, 645, 649, 653, 657, 662, 667, 673, 678, 684, 691, 699, 706, 712, 719, 728, 737, 746, 755]
[0, 685, 679, 675, 672, 668, 664, 661, 657, 654, 652, 608, 0, 580, 0, 0, 565, 0, 0, 0, 0, 634, 633, 0, 0, 614, 614, 614, 615, 616, 617, 618, 619, 620, 621, 623, 625, 628, 631, 634, 637, 641, 644, 648, 652, 656, 660, 665, 671, 676, 682, 690, 696, 702, 706, 717, 719, 733, 737, 752, 755]
[0, 682, 679, 677, 673, 670, 666, 662, 659, 656, 653, 608, 0, 580, 0, 560, 565, 0, 0, 0, 630, 633, 632, 0, 0, 632, 632, 633, 634, 634, 635, 636, 637, 639, 641, 643, 645, 647, 649, 653, 657, 660, 663, 648, 670, 674, 678, 685, 692, 676, 698, 704, 710, 716, 723, 731, 739, 747, 755, 764, 772]
[0, 692, 686, 681, 677, 674, 671, 666, 663, 660, 658, 608, 0, 580, 0, 558, 558, 0, 0, 0, 630, 0, 640, 0, 0, 0, 633, 633, 633, 634, 634, 636, 637, 639, 640, 642, 643, 646, 648, 651, 654, 657, 660, 663, 667, 670, 676, 682, 688, 694, 699, 705, 711, 717, 725, 733, 741, 749, 759, 767, 776]
[0, 689, 685, 680, 676, 674, 672, 669, 665, 662, 659, 608, 0, 0, 558, 558, 558, 0, 0, 0, 0, 640, 639, 0, 0, 0, 639, 639, 639, 640, 642, 643, 644, 645, 647, 649, 650, 653, 655, 658, 660, 664, 667, 671, 675, 680, 685, 691, 698, 703, 708, 714, 720, 728, 735, 742, 751, 760, 768, 777, 786]
[0, 698, 692, 680, 687, 683, 679, 676, 673, 669, 666, 608, 0, 564, 559, 558, 558, 0, 0, 0, 0, 0, 647, 0, 0, 0, 0, 639, 641, 641, 643, 644, 644, 646, 647, 649, 650, 653, 656, 659, 660, 665, 669, 671, 676, 680, 681, 686, 691, 704, 708, 710, 723, 728, 730, 737, 744, 753, 762, 771, 781]
[0, 702, 692, 697, 693, 689, 685, 681, 677, 674, 672, 608, 0, 563, 558, 556, 557, 0, 562, 0, 0, 0, 651, 646, 0, 0, 0, 647, 647, 649, 650, 650, 651, 653, 654, 657, 659, 661, 664, 667, 670, 665, 677, 681, 686, 691, 697, 703, 691, 707, 712, 718, 725, 741, 748, 737, 764, 753, 773, 783, 792]
[0, 712, 708, 703, 698, 694, 691, 686, 683, 680, 677, 608, 0, 568, 560, 557, 557, 559, 564, 0, 0, 0, 659, 658, 0, 0, 652, 652, 653, 653, 654, 655, 656, 653, 660, 657, 662, 668, 664, 670, 672, 675, 678, 682, 687, 692, 698, 703, 708, 712, 718, 725, 732, 738, 746, 754, 761, 771, 780, 788, 799]
[0, 716, 712, 707, 704, 700, 695, 691, 688, 685, 685, 608, 0, 564, 558, 556, 557, 561, 566, 0, 0, 0, 665, 658, 0, 657, 0, 659, 653, 660, 660, 661, 663, 664, 665, 667, 669, 672, 674, 677, 680, 683, 686, 690, 695, 701, 706, 711, 715, 720, 727, 734, 741, 748, 756, 763, 771, 780, 789, 799, 809]
[0, 720, 716, 711, 706, 702, 699, 696, 692, 687, 684, 0, 572, 563, 558, 556, 557, 561, 570, 0, 0, 0, 665, 664, 664, 0, 0, 665, 665, 665, 666, 667, 669, 671, 673, 674, 676, 679, 682, 685, 689, 692, 696, 701, 705, 709, 714, 719, 724, 731, 738, 744, 751, 759, 765, 773, 783, 791, 801, 809, 819]
[0, 733, 729, 724, 719, 715, 711, 708, 705, 701, 698, 0, 0, 565, 559, 555, 556, 559, 564, 0, 0, 679, 679, 665, 665, 665, 665, 665, 666, 666, 667, 669, 671, 671, 673, 676, 679, 682, 684, 686, 689, 693, 698, 702, 706, 711, 716, 721, 727, 733, 739, 747, 753, 760, 769, 777, 785, 794, 805, 814, 823]
[0, 741, 735, 730, 725, 721, 717, 713, 711, 708, 705, 0, 0, 564, 558, 555, 555, 557, 563, 0, 685, 686, 679, 678, 665, 679, 679, 679, 679, 680, 681, 682, 684, 686, 688, 689, 691, 694, 696, 700, 702, 706, 710, 714, 718, 722, 728, 734, 739, 746, 753, 759, 767, 774, 781, 789, 797, 806, 816, 825, 833]
[0, 749, 743, 738, 733, 728, 724, 720, 716, 714, 711, 0, 0, 566, 558, 555, 555, 557, 561, 570, 685, 0, 693, 685, 685, 0, 0, 686, 687, 687, 688, 689, 690, 693, 695, 697, 699, 701, 704, 706, 709, 713, 717, 721, 726, 731, 735, 741, 748, 754, 761, 767, 774, 782, 789, 798, 807, 815, 824, 832, 842]
[0, 765, 759, 753, 748, 743, 739, 735, 732, 729, 726, 0, 0, 564, 558, 555, 554, 557, 563, 573, 685, 0, 693, 693, 693, 0, 0, 693, 694, 695, 696, 698, 700, 693, 703, 697, 705, 707, 709, 712, 715, 723, 717, 728, 737, 731, 742, 748, 755, 766, 761, 772, 788, 782, 796, 813, 807, 822, 839, 850, 842]
[0, 771, 765, 759, 748, 751, 739, 746, 742, 739, 736, 0, 569, 559, 554, 553, 554, 558, 565, 573, 685, 0, 715, 708, 693, 0, 0, 709, 709, 710, 712, 698, 715, 693, 717, 718, 720, 723, 725, 728, 733, 736, 741, 746, 752, 757, 762, 767, 773, 780, 786, 793, 801, 810, 817, 824, 832, 842, 853, 863, 873]
[0, 771, 766, 762, 756, 751, 747, 743, 740, 737, 736, 0, 0, 560, 555, 554, 555, 557, 563, 577, 0, 716, 716, 715, 715, 716, 715, 715, 716, 717, 718, 719, 720, 722, 726, 729, 731, 732, 736, 740, 744, 749, 754, 759, 764, 769, 774, 780, 787, 793, 800, 808, 816, 824, 832, 841, 851, 860, 853, 878, 888]
[0, 778, 772, 767, 762, 758, 754, 751, 740, 747, 744, 0, 569, 559, 554, 553, 554, 558, 565, 577, 0, 0, 722, 715, 715, 0, 0, 715, 715, 716, 717, 719, 721, 723, 724, 727, 730, 732, 735, 739, 743, 748, 752, 758, 763, 767, 773, 779, 786, 793, 799, 806, 815, 823, 831, 839, 848, 858, 867, 876, 886]
[0, 780, 774, 769, 765, 760, 756, 752, 749, 745, 744, 0, 0, 560, 555, 553, 554, 557, 565, 577, 0, 723, 723, 722, 0, 0, 721, 722, 723, 724, 725, 728, 730, 731, 733, 734, 737, 740, 744, 748, 753, 757, 762, 767, 772, 778, 783, 790, 796, 803, 810, 806, 826, 823, 842, 839, 861, 858, 870, 878, 887]
[0, 789, 783, 777, 771, 767, 763, 759, 756, 753, 744, 0, 572, 560, 555, 553, 554, 556, 562, 0, 0, 729, 730, 723, 723, 723, 722, 723, 724, 725, 726, 728, 731, 732, 734, 736, 739, 742, 745, 749, 754, 758, 763, 767, 772, 779, 785, 791, 798, 805, 813, 820, 827, 834, 844, 855, 863, 872, 880, 889, 901]
[0, 789, 783, 777, 771, 767, 763, 759, 756, 753, 744, 0, 572, 560, 555, 553, 554, 556, 562, 0, 0, 729, 730, 731, 730, 730, 730, 730, 731, 732, 733, 735, 736, 737, 739, 742, 745, 748, 751, 755, 760, 764, 769, 773, 778, 784, 791, 797, 803, 810, 816, 824, 831, 836, 845, 858, 867, 874, 882, 893, 903]
[0, 806, 799, 793, 788, 784, 780, 776, 772, 769, 744, 0, 568, 558, 554, 552, 553, 557, 562, 0, 0, 749, 749, 731, 0, 0, 730, 730, 731, 732, 733, 735, 736, 737, 739, 742, 745, 748, 751, 755, 760, 764, 769, 773, 778, 784, 791, 798, 803, 810, 816, 824, 831, 838, 847, 857, 867, 876, 884, 893, 904]
[0, 806, 800, 795, 789, 785, 780, 777, 773, 770, 744, 0, 0, 560, 554, 552, 553, 556, 562, 0, 0, 748, 748, 748, 0, 0, 750, 750, 751, 751, 752, 754, 757, 759, 760, 762, 765, 767, 770, 775, 780, 784, 790, 795, 801, 806, 812, 818, 824, 830, 837, 846, 854, 863, 871, 879, 888, 898, 907, 919, 931]
[0, 822, 816, 810, 806, 802, 798, 777, 790, 770, 788, 0, 565, 556, 554, 551, 550, 553, 557, 564, 0, 770, 769, 748, 749, 0, 750, 751, 751, 752, 753, 754, 756, 758, 759, 761, 764, 766, 769, 773, 778, 784, 789, 793, 799, 805, 811, 817, 824, 830, 837, 845, 853, 861, 869, 878, 887, 895, 905, 917, 929]
[0, 833, 828, 824, 818, 813, 809, 805, 802, 799, 788, 0, 566, 557, 554, 551, 553, 553, 565, 564, 0, 777, 777, 768, 767, 0, 769, 770, 771, 772, 773, 775, 779, 781, 782, 784, 787, 791, 795, 800, 804, 809, 789, 814, 819, 826, 831, 836, 843, 851, 859, 866, 873, 881, 889, 898, 907, 919, 930, 939, 949]
[0, 842, 836, 830, 826, 822, 818, 813, 811, 808, 788, 0, 572, 559, 554, 551, 552, 555, 561, 0, 0, 0, 784, 776, 776, 777, 0, 778, 779, 780, 781, 783, 786, 788, 791, 793, 796, 800, 803, 807, 811, 817, 822, 828, 832, 837, 844, 852, 843, 860, 868, 874, 880, 888, 897, 907, 917, 928, 937, 947, 958]
[0, 852, 845, 839, 835, 822, 831, 827, 823, 820, 817, 0, 572, 561, 554, 551, 550, 552, 557, 567, 0, 798, 784, 783, 783, 0, 784, 784, 786, 787, 788, 790, 792, 795, 798, 800, 802, 806, 810, 814, 818, 824, 828, 832, 837, 844, 851, 858, 865, 872, 879, 888, 895, 903, 913, 924, 933, 942, 952, 963, 978]
[0, 865, 859, 853, 846, 840, 835, 832, 829, 826, 824, 0, 0, 560, 553, 550, 549, 552, 558, 569, 0, 804, 798, 797, 797, 0, 799, 799, 800, 801, 804, 806, 792, 808, 810, 812, 816, 820, 823, 826, 830, 834, 839, 845, 852, 858, 865, 871, 877, 883, 891, 900, 908, 917, 926, 936, 944, 954, 965, 978, 992]
[0, 865, 859, 853, 845, 839, 836, 833, 829, 826, 824, 0, 571, 559, 553, 550, 551, 555, 558, 569, 0, 804, 805, 803, 0, 0, 0, 805, 806, 801, 808, 810, 811, 814, 817, 819, 822, 826, 829, 832, 836, 841, 847, 853, 859, 866, 871, 876, 883, 891, 899, 907, 916, 926, 935, 942, 951, 964, 977, 989, 1001]
[0, 870, 866, 861, 857, 851, 846, 841, 837, 834, 824, 0, 563, 559, 551, 550, 551, 555, 555, 564, 0, 815, 815, 805, 805, 0, 804, 805, 807, 809, 810, 811, 813, 816, 818, 822, 825, 828, 831, 834, 838, 844, 850, 856, 862, 868, 874, 880, 886, 893, 901, 911, 920, 929, 938, 946, 957, 970, 983, 993, 1005]
[0, 892, 886, 881, 877, 872, 869, 865, 862, 857, 824, 0, 566, 555, 551, 550, 551, 554, 555, 564, 0, 0, 835, 815, 0, 0, 0, 817, 818, 819, 821, 824, 825, 828, 830, 833, 836, 840, 844, 848, 838, 854, 865, 856, 870, 875, 880, 887, 894, 901, 909, 919, 928, 936, 945, 954, 964, 977, 988, 1000, 1012]
[0, 892, 886, 881, 876, 872, 868, 864, 861, 857, 824, 0, 564, 554, 550, 549, 551, 554, 561, 564, 0, 835, 835, 836, 836, 0, 835, 836, 837, 838, 840, 842, 845, 848, 852, 856, 859, 863, 867, 871, 874, 879, 885, 890, 895, 901, 908, 915, 922, 930, 939, 948, 928, 968, 945, 978, 1000, 977, 1010, 1022, 1034]
[0, 891, 886, 880, 875, 871, 868, 864, 861, 857, 824, 0, 564, 554, 550, 549, 551, 554, 561, 561, 0, 835, 835, 836, 835, 0, 835, 836, 837, 839, 840, 844, 846, 848, 852, 856, 860, 863, 867, 871, 874, 879, 885, 890, 895, 901, 909, 915, 923, 931, 939, 948, 958, 968, 978, 978, 1000, 977, 1011, 1022, 1034]
[0, 903, 897, 891, 885, 881, 877, 874, 871, 868, 824, 0, 564, 554, 550, 549, 550, 554, 561, 561, 0, 848, 848, 836, 835, 0, 835, 836, 838, 839, 840, 844, 847, 848, 852, 856, 860, 864, 868, 871, 875, 880, 885, 890, 895, 902, 909, 915, 923, 931, 939, 948, 958, 968, 968, 988, 1000, 977, 1011, 1022, 1034]
[0, 904, 898, 892, 886, 882, 878, 875, 871, 869, 824, 0, 566, 555, 551, 549, 550, 554, 561, 561, 0, 848, 847, 848, 0, 0, 0, 849, 850, 853, 855, 857, 859, 863, 864, 868, 871, 875, 880, 884, 887, 892, 898, 903, 910, 916, 923, 930, 937, 944, 952, 961, 973, 985, 994, 1004, 1000, 1026, 1011, 1038, 1065]
[0, 950, 944, 939, 933, 928, 924, 921, 916, 912, 824, 0, 563, 554, 549, 548, 550, 554, 561, 561, 0, 894, 847, 848, 849, 0, 0, 849, 851, 852, 853, 855, 858, 861, 865, 868, 870, 874, 878, 882, 887, 891, 896, 902, 909, 916, 923, 930, 936, 943, 951, 961, 971, 983, 994, 1003, 1012, 1023, 1036, 1050, 1064]
[0, 948, 943, 938, 933, 928, 924, 924, 917, 912, 914, 0, 563, 559, 552, 548, 548, 551, 555, 564, 0, 898, 897, 894, 894, 0, 895, 896, 897, 898, 899, 901, 904, 906, 909, 914, 919, 923, 928, 933, 938, 943, 949, 954, 960, 968, 977, 985, 992, 1000, 1008, 1018, 1029, 1038, 1050, 1064, 1076, 1086, 1100, 1115, 1131]
[0, 971, 964, 957, 952, 948, 944, 941, 938, 935, 914, 0, 0, 558, 551, 547, 547, 549, 554, 563, 0, 917, 918, 898, 899, 0, 901, 903, 905, 907, 908, 910, 913, 916, 921, 926, 929, 935, 939, 943, 948, 953, 960, 968, 976, 984, 992, 999, 1007, 1016, 1025, 1036, 1045, 1055, 1068, 1081, 1093, 1107, 1122, 1138, 1154]
[0, 990, 982, 975, 970, 964, 959, 955, 953, 949, 914, 0, 559, 558, 551, 547, 547, 549, 553, 561, 0, 0, 934, 918, 918, 0, 0, 922, 925, 926, 926, 927, 930, 933, 937, 940, 943, 948, 953, 956, 962, 968, 975, 981, 989, 996, 1003, 1011, 1019, 1027, 1036, 1046, 1056, 1067, 1079, 1090, 1102, 1117, 1132, 1148, 1161]
[0, 990, 1000, 994, 988, 983, 977, 971, 966, 963, 914, 0, 0, 554, 549, 547, 548, 551, 555, 566, 0, 945, 934, 934, 935, 0, 937, 937, 938, 939, 941, 943, 945, 948, 951, 954, 957, 962, 967, 971, 979, 986, 992, 997, 1004, 1010, 1017, 1025, 1034, 1042, 1051, 1063, 1073, 1082, 1094, 1106, 1119, 1135, 1150, 1164, 1177]
[0, 1005, 1000, 994, 988, 982, 975, 969, 966, 963, 914, 0, 0, 554, 548, 546, 547, 550, 555, 566, 0, 945, 945, 946, 947, 0, 949, 950, 950, 951, 953, 955, 958, 961, 965, 970, 975, 981, 986, 990, 996, 1001, 1007, 1014, 1020, 1028, 1036, 1025, 1052, 1042, 1072, 1063, 1082, 1092, 1116, 1106, 1130, 1145, 1160, 1173, 1185]
[0, 1053, 1046, 1040, 1035, 1029, 1024, 1021, 1017, 1012, 914, 0, 561, 552, 548, 547, 548, 552, 558, 566, 0, 999, 945, 945, 947, 0, 0, 949, 950, 951, 953, 955, 958, 961, 965, 969, 974, 980, 986, 990, 996, 1001, 1007, 1013, 1019, 1027, 1036, 1043, 1053, 1042, 1062, 1082, 1082, 1092, 1103, 1116, 1131, 1146, 1159, 1173, 1185]
[0, 1063, 1056, 1050, 1044, 1037, 1032, 1027, 1023, 1019, 914, 0, 565, 554, 548, 546, 547, 550, 558, 566, 0, 1002, 999, 1000, 0, 0, 0, 1003, 1006, 1009, 1011, 1013, 958, 1017, 1021, 1025, 1030, 1035, 1039, 1045, 1052, 1057, 1063, 1069, 1076, 1085, 1093, 1102, 1110, 1121, 1131, 1142, 1155, 1167, 1179, 1191, 1204, 1218, 1232, 1247, 1264]
[0, 1062, 1055, 1047, 1041, 1036, 1030, 1025, 1022, 1019, 914, 0, 560, 552, 548, 546, 547, 551, 558, 566, 0, 1002, 1002, 1001, 1002, 0, 0, 1005, 1005, 1008, 1010, 1013, 1017, 1021, 1024, 1028, 1033, 1039, 1043, 1050, 1056, 1062, 1063, 1068, 1084, 1091, 1093, 1098, 1109, 1120, 1130, 1142, 1154, 1166, 1177, 1189, 1203, 1217, 1232, 1247, 1262]
[0, 1092, 1086, 1080, 1075, 1069, 1063, 1059, 1055, 1051, 914, 0, 558, 552, 550, 547, 546, 548, 552, 561, 0, 0, 1035, 1002, 1002, 0, 0, 1005, 1007, 1009, 1010, 1012, 1015, 1020, 1022, 1025, 1030, 1036, 1041, 1046, 1053, 1060, 1066, 1073, 1081, 1087, 1096, 1105, 1113, 1124, 1136, 1147, 1159, 1170, 1183, 1196, 1209, 1223, 1237, 1254, 1270]
[0, 1093, 1086, 1079, 1073, 1068, 1064, 1058, 1054, 1051, 914, 0, 0, 555, 549, 546, 546, 549, 554, 563, 0, 0, 1035, 1036, 1036, 0, 0, 1038, 1040, 1041, 1044, 1048, 1052, 1056, 1060, 1063, 1068, 1074, 1079, 1085, 1090, 1097, 1105, 1114, 1121, 1130, 1140, 1149, 1159, 1168, 1178, 1190, 1202, 1215, 1228, 1243, 1258, 1271, 1288, 1306, 1323]
[0, 1106, 1099, 1091, 1086, 1080, 1075, 1058, 1071, 1065, 914, 0, 0, 554, 548, 546, 546, 549, 555, 566, 0, 0, 1036, 1035, 1035, 0, 1038, 0, 1041, 1043, 1046, 1050, 1054, 1058, 1061, 1064, 1070, 1076, 1080, 1085, 1090, 1098, 1107, 1114, 1122, 1129, 1139, 1150, 1160, 1169, 1179, 1191, 1204, 1216, 1230, 1245, 1258, 1273, 1292, 1309, 1323]
[0, 1110, 1103, 1094, 1088, 1083, 1078, 1073, 1067, 1063, 914, 0, 559, 551, 548, 547, 547, 548, 551, 559, 0, 1049, 1049, 1049, 1051, 0, 0, 1055, 1057, 1059, 1062, 1064, 1068, 1072, 1076, 1081, 1086, 1090, 1095, 1101, 1109, 1115, 1123, 1132, 1141, 1150, 1159, 1167, 1177, 1169, 1200, 1213, 1204, 1226, 1238, 1250, 1264, 1280, 1298, 1309, 1323]
[0, 1131, 1123, 1116, 1109, 1102, 1096, 1091, 1087, 1083, 914, 0, 561, 552, 547, 546, 547, 550, 551, 559, 0, 1069, 1049, 1049, 0, 0, 0, 1054, 1056, 1059, 1060, 1063, 1065, 1069, 1074, 1079, 1084, 1088, 1093, 1098, 1105, 1113, 1120, 1127, 1136, 1146, 1154, 1162, 1171, 1181, 1192, 1204, 1218, 1230, 1244, 1258, 1272, 1288, 1304, 1309, 1332]
[0, 1144, 1136, 1128, 1121, 1116, 1109, 1104, 1100, 1095, 914, 0, 0, 555, 549, 546, 545, 547, 552, 561, 0, 0, 1070, 1071, 1072, 0, 0, 1076, 1078, 1081, 1084, 1063, 1090, 1094, 1098, 1079, 1103, 1110, 1115, 1122, 1129, 1135, 1145, 1154, 1162, 1169, 1177, 1187, 1196, 1208, 1223, 1236, 1249, 1263, 1278, 1293, 1272, 1318, 1345, 1364, 1380]
[0, 1161, 1154, 1148, 1141, 1135, 1129, 1123, 1118, 1115, 914, 0, 0, 555, 549, 547, 546, 547, 552, 561, 0, 0, 1100, 1083, 1085, 0, 0, 1088, 1090, 1093, 1096, 1099, 1103, 1106, 1111, 1116, 1121, 1127, 1133, 1140, 1147, 1154, 1162, 1168, 1174, 1182, 1192, 1201, 1214, 1227, 1239, 1252, 1265, 1278, 1294, 1314, 1332, 1344, 1360, 1377, 1394]
[0, 1161, 1155, 1149, 1142, 1134, 1127, 1123, 1119, 1116, 914, 0, 0, 557, 550, 547, 546, 548, 552, 560, 0, 0, 1101, 1101, 1104, 0, 0, 1110, 1112, 1114, 1117, 1121, 1125, 1130, 1133, 1136, 1142, 1150, 1156, 1162, 1167, 1172, 1178, 1185, 1195, 1206, 1216, 1225, 1236, 1250, 1262, 1275, 1287, 1304, 1325, 1338, 1351, 1371, 1391, 1409, 1425]
[0, 1196, 1189, 1183, 1176, 1169, 1165, 1161, 1157, 1154, 914, 0, 0, 555, 549, 546, 546, 547, 551, 560, 0, 0, 1140, 1103, 1104, 0, 0, 1110, 1114, 1117, 1119, 1120, 1123, 1128, 1132, 1135, 1142, 1149, 1155, 1161, 1165, 1169, 1176, 1184, 1194, 1202, 1214, 1224, 1235, 1247, 1260, 1275, 1288, 1304, 1325, 1328, 1350, 1367, 1386, 1406, 1422]
[0, 1197, 1189, 1183, 1174, 1168, 1165, 1162, 1159, 1157, 914, 0, 0, 554, 548, 546, 545, 547, 552, 562, 0, 0, 1140, 1140, 1142, 0, 0, 1147, 1150, 1152, 1156, 1160, 1163, 1165, 1168, 1172, 1176, 1183, 1190, 1198, 1204, 1214, 1227, 1235, 1240, 1255, 1267, 1273, 1284, 1295, 1308, 1322, 1338, 1352, 1366, 1381, 1398, 1418, 1386, 1447, 1477]
[0, 1233, 1224, 1215, 1209, 1201, 1196, 1191, 1188, 1183, 914, 0, 561, 551, 547, 546, 546, 549, 552, 562, 0, 1174, 1141, 1140, 0, 0, 0, 1147, 1149, 1151, 1155, 1160, 1163, 1166, 1169, 1172, 1181, 1187, 1191, 1199, 1205, 1213, 1227, 1236, 1240, 1255, 1267, 1273, 1284, 1295, 1308, 1323, 1339, 1352, 1366, 1380, 1398, 1417, 1438, 1458, 1475]
[0, 1228, 1222, 1212, 1203, 1199, 1195, 1189, 1185, 1183, 914, 0, 0, 554, 548, 546, 546, 547, 552, 562, 0, 0, 1172, 1172, 1172, 0, 0, 1176, 1180, 1183, 1184, 1188, 1191, 1196, 1205, 1214, 1223, 1229, 1236, 1245, 1252, 1260, 1266, 1273, 1283, 1293, 1302, 1316, 1331, 1343, 1351, 1363, 1377, 1388, 1403, 1423, 1447, 1417, 1485, 1458, 1502]
[0, 1231, 1223, 1216, 1207, 1202, 1197, 1193, 1189, 1185, 914, 0, 0, 555, 549, 546, 545, 547, 551, 559, 0, 1174, 1171, 1172, 1173, 0, 0, 1176, 1179, 1181, 1183, 1186, 1190, 1194, 1203, 1211, 1216, 1224, 1233, 1244, 1250, 1253, 1260, 1269, 1278, 1287, 1297, 1309, 1323, 1337, 1348, 1358, 1371, 1384, 1400, 1417, 1435, 1457, 1478, 1496, 1509]
[0, 1234, 1225, 1216, 1211, 1206, 1199, 1193, 1192, 1186, 914, 0, 562, 552, 548, 546, 546, 549, 555, 566, 0, 0, 1174, 1174, 1176, 1177, 0, 0, 1186, 1189, 1190, 1194, 1190, 1196, 1215, 1211, 1227, 1224, 1243, 1244, 1248, 1254, 1261, 1271, 1279, 1289, 1298, 1309, 1322, 1335, 1348, 1357, 1369, 1383, 1398, 1415, 1433, 1454, 1473, 1489, 1501]
[0, 1232, 1225, 1216, 1209, 1204, 1199, 1194, 1190, 1186, 914, 0, 561, 552, 547, 546, 546, 547, 550, 566, 0, 1176, 1173, 1174, 0, 0, 0, 1179, 1183, 1186, 1187, 1192, 1195, 1200, 1210, 1216, 1221, 1228, 1238, 1247, 1252, 1258, 1264, 1273, 1284, 1294, 1304, 1316, 1328, 1341, 1352, 1362, 1376, 1390, 1406, 1423, 1444, 1463, 1483, 1504, 1515]
[0, 1306, 1301, 1291, 1284, 1276, 1270, 1265, 1259, 1257, 914, 0, 562, 552, 548, 545, 546, 549, 554, 565, 0, 0, 1173, 1176, 1176, 1178, 0, 0, 1189, 1193, 1196, 1199, 1201, 1206, 1216, 1223, 1231, 1238, 1243, 1253, 1259, 1268, 1278, 1286, 1293, 1303, 1316, 1330, 1344, 1355, 1366, 1380, 1395, 1410, 1427, 1423, 1448, 1468, 1485, 1500, 1511]
[0, 1316, 1310, 1304, 1295, 1287, 1283, 1279, 1273, 1257, 914, 0, 565, 553, 548, 546, 545, 547, 552, 562, 0, 0, 1244, 1246, 1247, 0, 0, 1262, 1264, 1264, 1268, 1271, 1273, 1277, 1282, 1286, 1291, 1296, 1303, 1310, 1313, 1316, 1322, 1329, 1337, 1342, 1346, 1353, 1362, 1372, 1380, 1389, 1398, 1407, 1417, 1428, 1443, 1457, 1473, 1488, 1501]
[0, 1393, 1388, 1380, 1374, 1369, 1364, 1361, 1357, 1351, 914, 0, 0, 555, 549, 546, 544, 545, 551, 558, 0, 1302, 1263, 1261, 1260, 0, 0, 1266, 1269, 1274, 1275, 1279, 1283, 1287, 1293, 1297, 1299, 1299, 1302, 1309, 1313, 1316, 1322, 1328, 1336, 1341, 1346, 1353, 1363, 1372, 1380, 1389, 1398, 1408, 1417, 1428, 1442, 1457, 1474, 1488, 1501]
[0, 1393, 1387, 1380, 1373, 1369, 1364, 1361, 1357, 1351, 914, 0, 0, 555, 548, 545, 544, 545, 551, 558, 0, 1305, 1299, 1295, 1293, 0, 0, 1290, 1290, 1288, 1287, 1289, 1291, 1292, 1294, 1297, 1298, 1302, 1307, 1310, 1314, 1318, 1321, 1328, 1336, 1342, 1348, 1356, 1366, 1373, 1380, 1391, 1402, 1410, 1421, 1434, 1448, 1460, 1474, 1490, 1506]
[0, 1428, 1417, 1406, 1400, 1395, 1389, 1383, 1378, 1372, 914, 0, 560, 551, 547, 545, 544, 548, 554, 567, 0, 0, 1298, 1295, 1293, 1292, 0, 0, 1289, 1286, 1287, 1288, 1289, 1291, 1294, 1297, 1299, 1302, 1304, 1307, 1314, 1318, 1320, 1327, 1335, 1340, 1346, 1354, 1363, 1371, 1378, 1387, 1397, 1407, 1418, 1429, 1443, 1459, 1474, 1487, 1499]
[0, 1427, 1416, 1405, 1398, 1393, 1388, 1382, 1377, 1372, 914, 0, 558, 550, 547, 545, 544, 546, 548, 567, 0, 0, 1297, 1294, 0, 0, 0, 0, 1286, 1287, 1287, 1288, 1291, 1292, 1293, 1295, 1296, 1298, 1300, 1306, 1312, 1316, 1320, 1327, 1333, 1338, 1345, 1352, 1361, 1371, 1379, 1388, 1397, 1407, 1415, 1427, 1438, 1450, 1467, 1484, 1501]
[0, 1462, 1447, 1433, 1420, 1411, 1399, 1388, 1378, 1372, 914, 0, 562, 552, 547, 545, 546, 548, 552, 563, 0, 0, 1298, 1295, 1291, 0, 0, 1289, 1287, 1289, 1289, 1289, 1289, 1290, 1291, 1293, 1296, 1299, 1303, 1307, 1312, 1316, 1321, 1325, 1332, 1340, 1345, 1353, 1362, 1371, 1379, 1388, 1397, 1407, 1417, 1428, 1442, 1456, 1469, 1485, 1500]
[0, 1467, 1452, 1438, 1424, 1412, 1402, 1394, 1383, 1372, 914, 0, 0, 554, 548, 545, 544, 545, 550, 558, 0, 1300, 1298, 1295, 1293, 0, 0, 1287, 1286, 1286, 1285, 1284, 1284, 1287, 1291, 1293, 1296, 1299, 1301, 1307, 1311, 1315, 1317, 1321, 1329, 1338, 1344, 1351, 1360, 1370, 1376, 1384, 1394, 1404, 1416, 1427, 1441, 1453, 1466, 1483, 1499]
[0, 1466, 1452, 1438, 1424, 1413, 1403, 1393, 1383, 1372, 914, 0, 0, 554, 548, 545, 544, 545, 550, 558, 0, 1301, 1296, 1292, 1293, 0, 0, 1285, 1285, 1286, 1285, 1286, 1284, 1287, 1288, 1291, 1294, 1295, 1300, 1306, 1308, 1308, 1313, 1319, 1325, 1334, 1341, 1348, 1355, 1363, 1373, 1382, 1392, 1400, 1411, 1425, 1437, 1449, 1465, 1482, 1496]
[0, 1477, 1460, 1444, 1430, 1417, 1406, 1396, 1387, 1374, 914, 0, 560, 551, 548, 545, 546, 548, 550, 558, 0, 0, 1297, 1292, 0, 0, 0, 0, 1285, 1284, 1284, 1286, 1287, 1287, 1290, 1293, 1296, 1299, 1300, 1304, 1307, 1308, 1312, 1319, 1325, 1334, 1341, 1348, 1355, 1362, 1373, 1382, 1392, 1400, 1410, 1424, 1436, 1448, 1464, 1481, 1495]
[0, 1471, 1455, 1441, 1428, 1415, 1403, 1393, 1383, 1373, 914, 0, 560, 555, 549, 545, 545, 547, 550, 557, 0, 1305, 1294, 1291, 1291, 0, 0, 1287, 1285, 1287, 1288, 1288, 1289, 1290, 1291, 1294, 1298, 1301, 1304, 1306, 1309, 1314, 1320, 1324, 1329, 1338, 1347, 1353, 1360, 1370, 1380, 1387, 1396, 1407, 1420, 1433, 1447, 1458, 1472, 1489, 1502]
[0, 1471, 1455, 1441, 1428, 1414, 1402, 1394, 1384, 1373, 914, 0, 560, 557, 549, 545, 545, 546, 549, 556, 0, 1302, 1298, 1295, 1292, 0, 0, 1289, 1289, 1286, 1285, 1288, 1289, 1290, 1291, 1293, 1296, 1299, 1304, 1307, 1308, 1313, 1319, 1324, 1324, 1340, 1347, 1348, 1355, 1362, 1370, 1380, 1391, 1400, 1410, 1421, 1433, 1448, 1465, 1482, 1495]
[0, 1473, 1455, 1442, 1428, 1414, 1403, 1394, 1383, 1372, 914, 0, 558, 557, 550, 545, 544, 546, 549, 555, 0, 0, 1298, 1294, 1292, 0, 0, 0, 1286, 1285, 1285, 1288, 1290, 1291, 1291, 1291, 1294, 1299, 1303, 1306, 1308, 1313, 1313, 1319, 1324, 1332, 1340, 1347, 1355, 1362, 1372, 1381, 1391, 1400, 1410, 1421, 1432, 1447, 1463, 1482, 1497]
[0, 1466, 1451, 1435, 1421, 1411, 1399, 1391, 1381, 1371, 914, 0, 0, 554, 548, 545, 545, 547, 552, 561, 0, 0, 1297, 1294, 1291, 0, 0, 1286, 1283, 1282, 1284, 1287, 1289, 1290, 1291, 1291, 1294, 1298, 1303, 1306, 1308, 1309, 1313, 1318, 1324, 1331, 1338, 1347, 1354, 1362, 1372, 1380, 1389, 1400, 1409, 1420, 1433, 1447, 1463, 1481, 1494]
[0, 1466, 1450, 1434, 1421, 1411, 1399, 1390, 1380, 1370, 914, 0, 0, 553, 547, 545, 545, 547, 552, 560, 0, 0, 1298, 1294, 1292, 0, 0, 1287, 1285, 1285, 1285, 1287, 1287, 1288, 1291, 1293, 1293, 1296, 1301, 1305, 1310, 1312, 1314, 1321, 1328, 1336, 1345, 1352, 1359, 1368, 1378, 1387, 1395, 1406, 1416, 1426, 1437, 1455, 1474, 1489, 1501]
[0, 1465, 1450, 1434, 1421, 1411, 1399, 1390, 1379, 1370, 914, 0, 0, 554, 547, 545, 544, 546, 551, 560, 0, 0, 1297, 1294, 1292, 0, 0, 1283, 1285, 1286, 1286, 1286, 1288, 1286, 1287, 1289, 1291, 1296, 1302, 1303, 1304, 1309, 1314, 1318, 1325, 1335, 1343, 1351, 1358, 1367, 1377, 1383, 1390, 1402, 1415, 1426, 1438, 1454, 1473, 1488, 1500]
[0, 1473, 1457, 1443, 1428, 1416, 1405, 1394, 1383, 1372, 914, 0, 559, 554, 550, 545, 546, 546, 549, 555, 0, 0, 1296, 1293, 1292, 0, 0, 0, 1284, 1286, 1285, 1286, 1284, 1282, 1286, 1289, 1291, 1296, 1301, 1302, 1304, 1309, 1314, 1318, 1325, 1334, 1342, 1350, 1358, 1368, 1376, 1385, 1392, 1402, 1414, 1425, 1438, 1453, 1471, 1487, 1501]
[0, 1472, 1457, 1443, 1427, 1415, 1404, 1391, 1379, 1372, 914, 0, 559, 550, 545, 545, 544, 546, 548, 555, 0, 0, 1297, 1293, 1291, 0, 0, 0, 1283, 1282, 1284, 1286, 1287, 1288, 1286, 1292, 1291, 1294, 1297, 1302, 1307, 1308, 1312, 1317, 1321, 1328, 1338, 1345, 1353, 1361, 1371, 1380, 1389, 1400, 1414, 1427, 1437, 1450, 1466, 1483, 1499]
[0, 1472, 1456, 1442, 1427, 1414, 1403, 1391, 1381, 1373, 914, 0, 560, 550, 545, 544, 544, 545, 548, 555, 0, 0, 1297, 1293, 0, 0, 0, 0, 1281, 1281, 1284, 1285, 1286, 1287, 1286, 1290, 1293, 1294, 1296, 1299, 1303, 1308, 1312, 1317, 1321, 1326, 1335, 1344, 1351, 1361, 1369, 1377, 1389, 1401, 1413, 1426, 1442, 1462, 1480, 1498, 1506]
[0, 1461, 1445, 1431, 1419, 1407, 1398, 1386, 1376, 1369, 914, 0, 0, 553, 547, 545, 545, 547, 551, 561, 0, 0, 1290, 1290, 1290, 0, 1285, 0, 1282, 1282, 1284, 1285, 1286, 1288, 1291, 1293, 1299, 1306, 1310, 1314, 1303, 1320, 1325, 1330, 1338, 1345, 1351, 1359, 1370, 1379, 1389, 1402, 1414, 1423, 1431, 1442, 1455, 1468, 1483, 1499, 1502]
[0, 1468, 1454, 1440, 1426, 1413, 1402, 1390, 1379, 1372, 914, 0, 558, 553, 550, 545, 544, 546, 549, 555, 0, 1299, 1295, 1293, 1291, 0, 0, 1284, 1285, 1285, 1283, 1284, 1284, 1286, 1291, 1294, 1298, 1302, 1306, 1312, 1316, 1321, 1327, 1333, 1343, 1349, 1355, 1366, 1375, 1384, 1395, 1405, 1415, 1425, 1438, 1450, 1460, 1475, 1490, 1486, 1492]
[0, 1468, 1456, 1441, 1428, 1415, 1403, 1391, 1381, 1373, 914, 0, 560, 553, 550, 544, 544, 545, 548, 555, 0, 0, 1293, 1291, 0, 0, 0, 0, 1285, 1285, 1283, 1284, 1284, 1287, 1289, 1290, 1296, 1302, 1309, 1315, 1316, 1318, 1324, 1330, 1338, 1346, 1354, 1363, 1371, 1381, 1391, 1401, 1413, 1421, 1431, 1445, 1456, 1471, 1484, 1498, 1507]
[0, 1461, 1445, 1431, 1419, 1407, 1397, 1386, 1376, 1369, 914, 0, 0, 553, 547, 545, 544, 546, 551, 560, 0, 0, 1291, 1290, 1289, 0, 0, 1284, 1287, 1290, 1292, 1296, 1298, 1300, 1289, 1302, 1305, 1302, 1307, 1310, 1313, 1319, 1325, 1331, 1337, 1345, 1351, 1359, 1369, 1379, 1389, 1401, 1412, 1422, 1431, 1442, 1454, 1469, 1484, 1498, 1505]
[0, 1459, 1443, 1429, 1419, 1410, 1397, 1398, 1384, 1374, 914, 0, 0, 552, 547, 545, 545, 548, 553, 564, 0, 0, 1295, 1292, 1291, 1287, 0, 0, 1284, 1285, 1289, 1294, 1298, 1300, 1302, 1304, 1305, 1309, 1310, 1312, 1317, 1322, 1327, 1332, 1342, 1349, 1356, 1362, 1370, 1382, 1393, 1404, 1415, 1422, 1432, 1446, 1458, 1473, 1489, 1503, 1509]
[0, 1470, 1453, 1439, 1426, 1413, 1401, 1389, 1378, 1371, 914, 0, 0, 558, 550, 545, 544, 546, 550, 556, 0, 0, 1296, 1294, 1294, 0, 0, 0, 1296, 1293, 1294, 1298, 1298, 1300, 1302, 1305, 1308, 1306, 1310, 1316, 1317, 1321, 1329, 1336, 1343, 1349, 1355, 1363, 1373, 1384, 1394, 1405, 1415, 1424, 1438, 1450, 1460, 1475, 1490, 1504, 1510]
[0, 1456, 1442, 1430, 1418, 1408, 1400, 1391, 1384, 1371, 914, 0, 0, 552, 547, 545, 545, 548, 553, 563, 0, 0, 1293, 1294, 1294, 1295, 0, 0, 1297, 1298, 1295, 1296, 1298, 1300, 1299, 1301, 1303, 1305, 1309, 1312, 1314, 1319, 1324, 1330, 1337, 1346, 1352, 1358, 1369, 1379, 1389, 1400, 1412, 1422, 1432, 1444, 1455, 1469, 1483, 1498, 1506]
[0, 1466, 1450, 1434, 1424, 1414, 1403, 1395, 1388, 1383, 914, 0, 0, 558, 549, 545, 544, 545, 550, 558, 0, 1315, 1309, 1305, 1303, 0, 0, 1299, 1297, 1297, 1297, 1298, 1298, 1300, 1301, 1304, 1307, 1307, 1310, 1316, 1317, 1320, 1325, 1332, 1343, 1349, 1354, 1362, 1373, 1385, 1394, 1405, 1416, 1426, 1438, 1444, 1451, 1475, 1483, 1487, 1501]
[0, 1465, 1452, 1442, 1435, 1429, 1414, 1400, 1396, 1383, 914, 0, 0, 553, 547, 545, 545, 548, 553, 563, 0, 0, 1305, 1303, 1303, 1301, 0, 0, 1297, 1295, 1296, 1299, 1300, 1299, 1301, 1302, 1303, 1306, 1309, 1313, 1316, 1318, 1324, 1331, 1336, 1343, 1352, 1358, 1366, 1379, 1391, 1401, 1413, 1421, 1431, 1446, 1457, 1469, 1485, 1501, 1506]
[0, 1476, 1463, 1454, 1446, 1434, 1417, 1404, 1396, 1389, 914, 0, 0, 553, 547, 545, 545, 547, 552, 561, 0, 0, 1309, 1305, 1303, 1301, 0, 0, 1297, 1296, 1297, 1298, 1298, 1299, 1301, 1304, 1307, 1307, 1310, 1315, 1317, 1321, 1326, 1332, 1338, 1345, 1354, 1362, 1373, 1385, 1394, 1404, 1416, 1421, 1438, 1446, 1451, 1462, 1475, 1491, 1501]
[0, 1488, 1471, 1457, 1446, 1435, 1425, 1412, 1399, 1399, 914, 0, 562, 551, 547, 546, 545, 545, 554, 568, 0, 0, 1309, 1306, 1302, 1300, 0, 0, 1297, 1295, 1297, 1298, 1298, 1300, 1300, 1302, 1302, 1303, 1308, 1312, 1317, 1319, 1324, 1333, 1343, 1349, 1355, 1362, 1370, 1382, 1393, 1404, 1414, 1422, 1432, 1446, 1459, 1473, 1486, 1496, 1504]
[0, 1483, 1468, 1456, 1443, 1432, 1421, 1408, 1398, 1390, 914, 0, 0, 558, 549, 545, 544, 546, 550, 557, 0, 1315, 1307, 1303, 1302, 0, 0, 1301, 1298, 1297, 1295, 1295, 1298, 1298, 1300, 1304, 1305, 1307, 1311, 1315, 1320, 1323, 1328, 1334, 1342, 1349, 1345, 1352, 1366, 1377, 1388, 1396, 1407, 1418, 1425, 1437, 1450, 1462, 1477, 1489, 0]
[0, 1477, 1463, 1450, 1439, 1428, 1415, 1408, 1403, 1396, 914, 0, 0, 553, 548, 545, 545, 547, 553, 564, 0, 0, 1305, 1303, 1301, 0, 0, 0, 1298, 1298, 1298, 1299, 1299, 1293, 1295, 1302, 1303, 1306, 1310, 1313, 1316, 1319, 1324, 1330, 1337, 1345, 1352, 1358, 1368, 1379, 1389, 1400, 1411, 1421, 1432, 1444, 1454, 1468, 1480, 1495, 1505]
[0, 1483, 1468, 1456, 1443, 1431, 1421, 1408, 1397, 1384, 914, 0, 0, 560, 551, 547, 546, 546, 550, 557, 0, 0, 1309, 1305, 1302, 0, 0, 0, 1297, 1296, 1297, 1298, 1298, 1299, 1300, 1303, 1306, 1307, 1310, 1315, 1325, 1329, 1325, 1332, 1339, 1348, 1357, 1362, 1373, 1385, 1394, 1404, 1415, 1425, 1438, 1450, 1461, 1474, 1490, 1488, 1505]
