[0, 0, 0, 0, 0, 0, 0, 0, 0, 0, 0, 0, 0, 0, 0, 0, 0, 0, 0, 0, 0, 0, 0, 0, 0, 0, 0, 0, 0, 0, 0, 0, 0, 0, 0, 0, 0, 0, 0, 0, 0, 0, 0, 0, 0, 0, 0, 0, 0, 0, 0, 0, 0, 0, 0, 0, 0, 0, 0, 0, 0]
[0, 528, 523, 520, 516, 512, 510, 507, 504, 502, 500, 498, 496, 493, 491, 489, 486, 485, 485, 484, 482, 480, 480, 480, 479, 480, 0, 0, 410, 404, 402, 401, 403, 406, 414, 479, 0, 486, 487, 489, 0, 491, 494, 496, 501, 501, 504, 507, 511, 515, 519, 523, 528, 534, 538, 543, 549, 554, 559, 565, 572]
[0, 528, 526, 521, 517, 514, 510, 508, 505, 502, 500, 497, 494, 492, 490, 489, 487, 485, 484, 483, 482, 481, 480, 479, 479, 480, 0, 415, 407, 403, 401, 402, 404, 406, 414, 0, 483, 485, 486, 488, 490, 493, 496, 498, 500, 502, 506, 510, 513, 516, 520, 525, 531, 536, 540, 546, 552, 557, 559, 562, 569]
[0, 528, 526, 521, 517, 514, 511, 508, 505, 502, 500, 497, 495, 492, 490, 489, 486, 484, 484, 483, 482, 481, 481, 480, 480, 480, 0, 418, 409, 404, 401, 401, 403, 407, 415, 0, 483, 485, 486, 487, 489, 491, 493, 496, 498, 501, 505, 508, 511, 515, 520, 524, 528, 533, 538, 543, 549, 554, 560, 566, 573]
[0, 528, 523, 521, 514, 514, 512, 509, 505, 502, 499, 497, 495, 493, 491, 489, 487, 486, 485, 483, 482, 481, 480, 480, 480, 0, 0, 417, 409, 404, 402, 401, 403, 407, 414, 0, 0, 485, 486, 487, 489, 491, 493, 496, 498, 501, 504, 507, 511, 515, 520, 524, 528, 533, 538, 543, 549, 554, 560, 566, 572]
[0, 529, 525, 521, 517, 514, 510, 509, 507, 505, 501, 498, 496, 495, 493, 491, 488, 486, 485, 484, 483, 482, 481, 480, 479, 479, 0, 411, 405, 404, 402, 401, 405, 407, 412, 0, 0, 484, 485, 488, 491, 493, 495, 498, 501, 504, 507, 507, 511, 514, 518, 522, 527, 532, 537, 542, 547, 553, 558, 564, 571]
[0, 530, 526, 522, 517, 514, 510, 507, 504, 505, 501, 499, 497, 495, 493, 491, 489, 486, 485, 484, 482, 481, 480, 480, 479, 479, 0, 413, 406, 402, 401, 402, 405, 405, 412, 0, 484, 486, 488, 490, 492, 494, 496, 499, 502, 505, 508, 511, 515, 519, 523, 528, 527, 536, 537, 542, 554, 553, 558, 564, 572]
[0, 530, 526, 522, 517, 514, 510, 507, 504, 505, 501, 499, 497, 495, 493, 491, 489, 487, 485, 484, 482, 481, 481, 480, 480, 479, 0, 415, 406, 402, 401, 402, 404, 405, 412, 0, 485, 485, 486, 489, 491, 493, 496, 498, 501, 505, 508, 511, 515, 519, 523, 527, 531, 536, 542, 542, 547, 557, 558, 564, 579]
[0, 529, 525, 522, 518, 515, 511, 507, 504, 502, 499, 497, 497, 495, 492, 490, 489, 487, 485, 484, 484, 483, 481, 481, 480, 479, 0, 415, 406, 402, 401, 402, 404, 405, 412, 0, 484, 485, 486, 488, 491, 494, 496, 498, 501, 505, 508, 510, 513, 518, 523, 527, 532, 537, 542, 547, 552, 557, 564, 571, 578]
[0, 531, 525, 527, 523, 520, 516, 513, 510, 508, 506, 503, 500, 499, 497, 495, 493, 492, 491, 489, 488, 483, 487, 481, 480, 479, 0, 416, 408, 403, 401, 401, 404, 405, 412, 0, 484, 485, 487, 489, 491, 494, 495, 497, 501, 504, 508, 511, 513, 517, 522, 526, 531, 536, 541, 547, 553, 557, 563, 570, 577]
[0, 536, 531, 528, 524, 520, 517, 513, 511, 508, 506, 503, 504, 501, 500, 498, 496, 494, 493, 492, 491, 489, 488, 481, 486, 0, 417, 408, 408, 403, 401, 401, 405, 405, 413, 0, 0, 494, 496, 498, 500, 503, 505, 507, 510, 513, 517, 521, 513, 529, 522, 534, 538, 549, 541, 554, 559, 565, 571, 577, 584]
[0, 536, 532, 527, 524, 524, 521, 517, 514, 512, 509, 506, 503, 502, 500, 498, 497, 495, 494, 493, 491, 490, 489, 487, 487, 0, 0, 410, 404, 401, 401, 402, 404, 405, 413, 0, 493, 495, 497, 498, 500, 503, 506, 508, 510, 514, 517, 521, 525, 528, 533, 538, 543, 549, 555, 558, 564, 565, 569, 576, 590]
[0, 537, 532, 528, 524, 521, 518, 515, 512, 512, 509, 506, 504, 502, 500, 498, 497, 496, 494, 493, 492, 490, 489, 488, 487, 0, 417, 408, 404, 400, 401, 400, 401, 411, 413, 0, 0, 494, 497, 498, 501, 504, 506, 508, 512, 515, 519, 522, 526, 531, 535, 539, 544, 550, 555, 559, 565, 571, 578, 576, 584]
[0, 536, 532, 528, 527, 521, 518, 517, 514, 512, 509, 506, 503, 502, 500, 498, 497, 495, 494, 492, 491, 490, 489, 488, 488, 0, 0, 411, 404, 401, 401, 401, 404, 411, 413, 0, 493, 495, 497, 499, 501, 503, 506, 508, 511, 514, 518, 521, 525, 529, 533, 538, 543, 548, 553, 558, 563, 569, 575, 582, 589]
[0, 536, 536, 531, 527, 524, 521, 518, 515, 512, 510, 507, 504, 503, 501, 499, 497, 498, 496, 494, 491, 493, 492, 490, 488, 0, 0, 409, 403, 400, 400, 401, 401, 404, 411, 0, 0, 495, 497, 499, 501, 504, 506, 509, 512, 515, 518, 521, 526, 530, 535, 539, 544, 550, 553, 559, 564, 569, 578, 582, 584]
[0, 539, 535, 531, 527, 523, 520, 517, 514, 511, 509, 507, 504, 503, 501, 499, 497, 498, 495, 494, 493, 491, 490, 491, 490, 0, 0, 406, 403, 401, 400, 401, 402, 404, 411, 0, 0, 498, 500, 502, 504, 507, 510, 509, 512, 514, 522, 521, 525, 530, 534, 538, 543, 548, 553, 558, 564, 570, 576, 583, 590]
[0, 542, 538, 534, 530, 526, 523, 521, 517, 514, 512, 510, 507, 504, 502, 499, 500, 498, 495, 497, 497, 496, 495, 494, 490, 0, 0, 412, 405, 401, 401, 401, 403, 404, 0, 0, 494, 499, 500, 502, 503, 505, 508, 509, 512, 516, 519, 523, 526, 530, 536, 540, 544, 548, 554, 560, 565, 570, 577, 585, 591]
[0, 542, 538, 534, 530, 526, 523, 520, 517, 514, 512, 510, 507, 504, 502, 499, 501, 500, 498, 497, 497, 496, 495, 494, 493, 0, 0, 413, 404, 401, 399, 400, 403, 404, 0, 495, 500, 502, 504, 506, 508, 505, 513, 509, 516, 519, 522, 525, 529, 533, 538, 542, 547, 553, 557, 562, 569, 575, 581, 587, 594]
[0, 542, 538, 534, 530, 526, 523, 520, 517, 514, 512, 510, 507, 504, 502, 499, 500, 500, 497, 497, 497, 496, 495, 494, 493, 0, 0, 413, 404, 401, 399, 400, 402, 404, 0, 495, 0, 502, 504, 506, 508, 510, 513, 516, 519, 522, 522, 525, 529, 533, 538, 542, 547, 553, 557, 562, 568, 574, 580, 587, 593]
[0, 542, 538, 533, 530, 526, 523, 521, 518, 514, 512, 510, 508, 506, 504, 502, 501, 499, 498, 497, 496, 496, 495, 494, 493, 0, 0, 413, 405, 401, 399, 400, 402, 404, 0, 495, 0, 501, 504, 506, 508, 510, 513, 516, 519, 521, 525, 525, 533, 533, 538, 547, 552, 557, 557, 563, 568, 573, 580, 586, 593]
[0, 538, 538, 534, 530, 526, 523, 521, 518, 514, 512, 510, 508, 506, 504, 502, 501, 499, 498, 497, 496, 495, 494, 494, 493, 0, 0, 406, 402, 400, 399, 400, 401, 413, 0, 495, 0, 501, 503, 506, 508, 510, 512, 515, 518, 521, 524, 528, 532, 537, 541, 546, 551, 556, 561, 566, 572, 573, 585, 592, 598]
[0, 548, 543, 539, 536, 532, 529, 526, 523, 520, 518, 515, 513, 511, 504, 509, 507, 505, 504, 504, 503, 501, 501, 499, 493, 0, 0, 406, 402, 399, 399, 401, 401, 412, 0, 495, 0, 501, 503, 506, 508, 510, 512, 515, 518, 521, 524, 528, 532, 537, 541, 546, 551, 556, 561, 566, 573, 579, 585, 592, 599]
[0, 548, 543, 539, 535, 532, 529, 526, 523, 520, 517, 515, 513, 511, 511, 507, 507, 505, 504, 504, 503, 501, 501, 499, 498, 0, 0, 412, 404, 400, 398, 399, 402, 412, 0, 495, 0, 508, 510, 512, 514, 517, 519, 522, 518, 525, 529, 533, 536, 541, 545, 550, 554, 560, 565, 570, 576, 582, 589, 594, 601]
[0, 555, 551, 547, 544, 540, 536, 533, 531, 528, 525, 524, 522, 519, 516, 514, 507, 513, 512, 511, 510, 510, 509, 508, 498, 0, 412, 412, 404, 400, 398, 399, 402, 412, 0, 495, 0, 508, 510, 512, 514, 517, 520, 522, 518, 529, 529, 533, 536, 541, 545, 550, 554, 559, 565, 570, 576, 582, 589, 594, 601]
[0, 555, 551, 547, 543, 540, 536, 533, 531, 528, 525, 523, 521, 519, 519, 517, 514, 513, 512, 511, 510, 510, 509, 508, 507, 0, 412, 409, 402, 399, 397, 398, 401, 412, 0, 495, 0, 516, 518, 520, 522, 517, 525, 528, 531, 534, 538, 542, 546, 550, 554, 559, 563, 568, 574, 580, 587, 593, 598, 605, 612]
[0, 555, 558, 554, 543, 550, 547, 544, 541, 538, 535, 533, 530, 528, 526, 524, 523, 521, 520, 518, 517, 517, 509, 516, 507, 0, 0, 409, 402, 399, 397, 398, 401, 412, 0, 495, 0, 516, 518, 520, 522, 525, 525, 531, 534, 534, 537, 541, 546, 550, 554, 559, 563, 568, 574, 580, 587, 593, 598, 605, 611]
[0, 561, 558, 554, 551, 550, 548, 544, 541, 538, 536, 533, 531, 529, 527, 525, 523, 522, 520, 519, 517, 517, 517, 515, 507, 0, 412, 409, 403, 399, 396, 398, 398, 409, 0, 0, 522, 524, 526, 528, 530, 533, 536, 539, 542, 545, 549, 553, 557, 561, 565, 570, 576, 581, 587, 593, 599, 605, 611, 617, 625]
[0, 572, 567, 563, 560, 556, 553, 550, 547, 545, 542, 539, 531, 535, 527, 533, 530, 522, 527, 519, 526, 525, 524, 524, 516, 0, 0, 405, 399, 397, 396, 397, 400, 409, 0, 0, 521, 524, 526, 527, 530, 533, 535, 538, 541, 544, 548, 552, 556, 560, 564, 569, 574, 580, 586, 592, 598, 603, 610, 617, 623]
[0, 572, 567, 563, 559, 557, 553, 550, 547, 544, 542, 539, 537, 535, 533, 531, 530, 529, 528, 527, 526, 525, 524, 524, 523, 0, 0, 408, 400, 396, 395, 396, 398, 409, 0, 0, 531, 533, 534, 537, 539, 542, 545, 548, 552, 554, 557, 562, 566, 571, 576, 581, 586, 592, 586, 603, 598, 616, 624, 631, 639]
[0, 570, 565, 561, 558, 557, 555, 552, 549, 546, 543, 541, 538, 537, 535, 532, 531, 529, 527, 526, 525, 525, 523, 524, 523, 0, 0, 408, 400, 396, 395, 395, 398, 409, 0, 0, 531, 533, 534, 537, 539, 542, 545, 548, 552, 554, 557, 562, 566, 571, 576, 581, 586, 592, 597, 603, 609, 616, 624, 631, 639]
[0, 583, 578, 574, 570, 566, 562, 559, 556, 554, 551, 548, 546, 544, 543, 541, 538, 537, 527, 535, 534, 525, 533, 532, 523, 0, 412, 404, 399, 396, 395, 397, 400, 406, 0, 530, 531, 532, 534, 536, 538, 541, 544, 547, 550, 553, 556, 560, 564, 568, 574, 579, 584, 589, 595, 601, 607, 613, 620, 627, 634]
[0, 583, 585, 580, 575, 571, 568, 564, 562, 559, 556, 554, 552, 549, 547, 545, 543, 542, 541, 539, 538, 538, 537, 532, 532, 0, 0, 408, 400, 396, 394, 394, 396, 406, 0, 0, 539, 541, 543, 545, 548, 551, 553, 556, 560, 563, 566, 570, 576, 580, 585, 590, 595, 600, 606, 612, 619, 625, 632, 639, 647]
[0, 591, 587, 583, 579, 575, 571, 568, 564, 562, 560, 554, 557, 555, 553, 551, 550, 548, 546, 545, 544, 543, 542, 541, 536, 0, 0, 408, 400, 396, 394, 394, 395, 399, 407, 0, 543, 545, 548, 550, 552, 555, 558, 560, 563, 567, 570, 576, 580, 584, 589, 594, 600, 604, 610, 616, 623, 630, 637, 645, 652]
[0, 591, 587, 582, 579, 575, 571, 567, 564, 562, 559, 557, 557, 555, 553, 551, 549, 547, 546, 545, 543, 542, 542, 541, 541, 0, 0, 404, 397, 394, 393, 394, 397, 399, 407, 0, 550, 552, 554, 556, 558, 561, 563, 567, 571, 567, 574, 584, 580, 588, 597, 594, 602, 608, 614, 619, 626, 633, 641, 647, 654]
[0, 595, 591, 587, 584, 579, 571, 574, 571, 568, 567, 564, 561, 559, 557, 555, 554, 552, 551, 549, 548, 547, 547, 541, 541, 0, 0, 403, 397, 394, 393, 394, 398, 399, 407, 0, 550, 552, 554, 556, 0, 561, 564, 567, 571, 567, 575, 579, 584, 589, 593, 597, 603, 609, 614, 619, 627, 634, 641, 647, 655]
[0, 599, 595, 592, 589, 584, 571, 578, 571, 574, 571, 568, 566, 564, 562, 560, 559, 557, 555, 554, 554, 553, 551, 546, 541, 0, 409, 401, 396, 393, 393, 394, 397, 403, 407, 0, 550, 555, 557, 561, 0, 564, 567, 570, 574, 578, 582, 586, 591, 595, 600, 605, 611, 616, 621, 628, 635, 642, 649, 657, 664]
[0, 599, 595, 591, 587, 584, 584, 580, 577, 573, 570, 568, 565, 563, 562, 560, 558, 556, 555, 554, 553, 552, 551, 551, 541, 0, 0, 400, 396, 393, 393, 394, 394, 404, 407, 0, 550, 560, 562, 564, 566, 569, 572, 576, 580, 584, 588, 592, 596, 600, 605, 610, 615, 620, 627, 634, 642, 649, 655, 662, 671]
[0, 616, 612, 608, 605, 601, 598, 594, 591, 588, 585, 582, 580, 578, 576, 573, 558, 571, 569, 569, 568, 566, 565, 564, 541, 0, 408, 400, 399, 394, 393, 393, 394, 399, 406, 0, 558, 561, 563, 564, 567, 570, 574, 577, 581, 585, 589, 593, 597, 602, 606, 611, 616, 622, 629, 636, 644, 650, 657, 665, 672]
[0, 619, 615, 611, 607, 604, 598, 601, 598, 595, 592, 589, 587, 585, 583, 581, 580, 577, 575, 574, 572, 571, 570, 564, 564, 0, 0, 402, 396, 393, 391, 392, 394, 399, 406, 0, 575, 577, 580, 583, 585, 587, 590, 593, 597, 601, 606, 610, 613, 618, 606, 630, 636, 622, 643, 655, 662, 650, 670, 678, 686]
[0, 624, 615, 619, 615, 612, 609, 606, 602, 599, 596, 593, 591, 589, 587, 585, 583, 582, 580, 579, 578, 577, 570, 576, 564, 0, 407, 402, 393, 393, 391, 392, 396, 399, 403, 0, 0, 581, 583, 586, 589, 591, 594, 597, 601, 605, 610, 613, 617, 621, 627, 633, 640, 646, 652, 658, 664, 672, 679, 688, 697]
[0, 627, 621, 617, 614, 611, 607, 604, 601, 598, 595, 592, 590, 589, 588, 585, 583, 583, 581, 580, 579, 577, 576, 576, 575, 0, 407, 403, 396, 392, 391, 391, 393, 399, 403, 0, 584, 587, 589, 592, 595, 597, 599, 603, 608, 611, 615, 619, 624, 629, 635, 641, 647, 652, 659, 665, 672, 680, 687, 696, 704]
[0, 632, 627, 622, 619, 615, 611, 609, 601, 607, 603, 600, 598, 595, 593, 592, 590, 589, 588, 586, 584, 583, 583, 575, 575, 0, 0, 399, 393, 391, 391, 391, 394, 399, 403, 0, 586, 588, 590, 592, 595, 597, 600, 604, 608, 613, 616, 621, 624, 631, 637, 643, 649, 654, 661, 665, 668, 675, 683, 692, 700]
[0, 633, 627, 623, 620, 616, 612, 609, 606, 603, 601, 598, 598, 595, 594, 592, 590, 589, 588, 586, 584, 584, 583, 582, 575, 0, 0, 397, 393, 391, 390, 391, 394, 400, 403, 0, 592, 594, 596, 0, 599, 605, 600, 608, 612, 615, 619, 624, 628, 633, 639, 645, 650, 655, 662, 669, 676, 683, 693, 701, 708]
[0, 641, 637, 631, 620, 627, 623, 619, 617, 614, 612, 609, 606, 604, 602, 600, 599, 597, 595, 594, 593, 592, 591, 582, 575, 0, 0, 398, 393, 0, 391, 392, 394, 394, 403, 0, 592, 594, 596, 599, 602, 605, 608, 612, 615, 618, 623, 628, 634, 633, 639, 644, 649, 655, 662, 669, 675, 682, 691, 699, 707]
[0, 647, 642, 637, 633, 628, 624, 621, 618, 614, 612, 610, 607, 604, 603, 601, 599, 597, 596, 596, 595, 593, 592, 591, 575, 0, 403, 398, 395, 391, 390, 391, 392, 396, 403, 0, 0, 601, 604, 606, 609, 612, 615, 618, 621, 626, 631, 636, 641, 646, 650, 656, 662, 668, 675, 682, 690, 698, 707, 714, 721]
[0, 655, 650, 646, 642, 638, 635, 621, 631, 628, 625, 622, 619, 617, 615, 613, 611, 610, 608, 607, 606, 605, 604, 592, 575, 0, 0, 402, 395, 391, 390, 390, 392, 396, 403, 0, 0, 603, 606, 608, 610, 612, 616, 620, 624, 628, 632, 637, 642, 647, 653, 658, 664, 670, 675, 684, 693, 701, 708, 715, 724]
[0, 658, 653, 649, 645, 641, 638, 634, 631, 627, 624, 621, 618, 616, 614, 613, 611, 610, 608, 607, 606, 605, 604, 604, 575, 0, 0, 395, 392, 391, 389, 389, 390, 394, 400, 0, 0, 616, 618, 621, 0, 624, 627, 630, 639, 628, 644, 648, 652, 657, 663, 669, 675, 681, 689, 696, 703, 710, 717, 726, 735]
[0, 661, 657, 652, 649, 645, 641, 637, 634, 631, 628, 625, 623, 620, 618, 616, 614, 610, 613, 613, 612, 611, 609, 608, 575, 0, 0, 401, 395, 391, 390, 390, 392, 396, 403, 0, 0, 614, 616, 619, 622, 625, 629, 633, 636, 641, 645, 649, 653, 659, 664, 671, 676, 682, 690, 698, 704, 712, 720, 728, 738]
[0, 663, 658, 654, 650, 646, 643, 640, 637, 633, 630, 628, 625, 622, 619, 618, 616, 614, 613, 612, 611, 609, 609, 608, 608, 0, 0, 398, 392, 389, 388, 389, 391, 396, 403, 0, 0, 620, 622, 625, 628, 632, 634, 638, 643, 647, 650, 655, 661, 665, 671, 677, 683, 690, 697, 705, 712, 719, 728, 737, 745]
[0, 675, 670, 665, 662, 658, 654, 651, 647, 645, 643, 639, 636, 634, 633, 630, 627, 626, 625, 623, 622, 621, 620, 608, 608, 0, 404, 395, 392, 391, 389, 389, 393, 400, 403, 0, 619, 621, 623, 627, 630, 635, 638, 641, 643, 649, 653, 655, 662, 668, 671, 679, 685, 693, 697, 708, 715, 723, 731, 740, 750]
[0, 675, 669, 665, 661, 657, 654, 650, 647, 644, 641, 638, 636, 633, 631, 629, 628, 627, 625, 623, 624, 621, 622, 620, 608, 0, 0, 400, 392, 389, 387, 389, 391, 393, 400, 0, 0, 633, 635, 637, 641, 644, 647, 651, 654, 658, 663, 667, 671, 677, 683, 689, 696, 703, 710, 716, 723, 731, 739, 748, 758]
[0, 684, 680, 665, 677, 672, 668, 664, 661, 658, 655, 652, 650, 649, 646, 644, 643, 642, 640, 639, 638, 636, 634, 620, 620, 0, 0, 398, 392, 389, 388, 389, 391, 393, 400, 0, 0, 633, 635, 638, 642, 646, 649, 652, 656, 660, 664, 668, 673, 679, 685, 691, 698, 705, 711, 718, 726, 733, 742, 752, 761]
[0, 693, 688, 683, 678, 674, 671, 668, 665, 661, 659, 656, 654, 651, 650, 647, 646, 644, 643, 641, 640, 639, 638, 633, 620, 0, 0, 400, 393, 390, 387, 387, 389, 393, 399, 0, 648, 651, 653, 657, 660, 663, 666, 669, 656, 674, 684, 690, 696, 679, 708, 691, 720, 705, 734, 718, 751, 733, 759, 777, 761]
[0, 692, 686, 681, 677, 674, 671, 667, 663, 660, 657, 655, 653, 651, 649, 647, 646, 645, 643, 642, 641, 639, 638, 637, 620, 0, 0, 398, 392, 388, 386, 387, 389, 393, 399, 0, 0, 650, 652, 655, 659, 661, 664, 668, 672, 676, 680, 685, 692, 697, 703, 710, 715, 721, 729, 735, 744, 753, 760, 770, 778]
[0, 692, 687, 682, 678, 674, 671, 668, 664, 661, 658, 655, 653, 652, 649, 648, 647, 646, 644, 642, 641, 640, 638, 637, 620, 0, 0, 398, 392, 388, 386, 387, 389, 393, 400, 0, 649, 652, 656, 658, 661, 661, 666, 670, 672, 679, 685, 691, 697, 702, 707, 713, 719, 727, 734, 741, 749, 758, 766, 775, 785]
[0, 713, 708, 704, 699, 695, 691, 686, 683, 680, 678, 675, 674, 671, 667, 666, 666, 665, 663, 661, 659, 658, 658, 638, 620, 0, 0, 394, 389, 388, 387, 388, 389, 390, 400, 0, 0, 650, 653, 657, 660, 662, 666, 669, 672, 676, 681, 686, 692, 697, 703, 710, 715, 720, 728, 735, 743, 752, 760, 768, 788]
[0, 709, 704, 704, 700, 696, 691, 687, 684, 680, 678, 675, 674, 670, 667, 666, 666, 664, 663, 661, 659, 658, 657, 657, 620, 0, 0, 393, 389, 389, 386, 387, 389, 390, 400, 0, 0, 672, 674, 676, 679, 682, 686, 691, 696, 700, 704, 710, 715, 721, 726, 733, 740, 747, 755, 762, 770, 778, 788, 797, 805]
[0, 729, 704, 723, 718, 715, 712, 708, 704, 700, 697, 696, 694, 691, 688, 686, 684, 682, 681, 681, 680, 678, 677, 657, 620, 0, 0, 400, 393, 386, 386, 386, 387, 390, 400, 0, 0, 673, 675, 677, 679, 683, 687, 692, 697, 702, 707, 712, 716, 722, 729, 735, 741, 749, 757, 764, 772, 781, 790, 799, 809]
[0, 732, 727, 723, 718, 714, 710, 707, 703, 700, 697, 695, 693, 691, 689, 686, 684, 682, 681, 680, 678, 677, 677, 676, 620, 0, 399, 400, 391, 387, 386, 385, 386, 390, 396, 0, 0, 693, 696, 699, 702, 705, 709, 713, 717, 723, 728, 734, 739, 745, 752, 758, 766, 773, 780, 789, 798, 807, 815, 825, 834]
[0, 735, 729, 724, 719, 715, 712, 708, 704, 700, 698, 696, 693, 691, 689, 686, 685, 683, 681, 680, 679, 678, 677, 677, 620, 0, 0, 395, 389, 386, 386, 385, 387, 390, 396, 0, 691, 694, 697, 700, 703, 707, 711, 715, 720, 725, 731, 736, 742, 748, 755, 762, 768, 775, 784, 792, 801, 810, 819, 828, 836]
[0, 740, 735, 730, 724, 720, 716, 713, 710, 707, 705, 702, 699, 697, 695, 686, 692, 683, 689, 688, 679, 687, 685, 676, 620, 0, 0, 391, 389, 387, 386, 385, 386, 390, 396, 0, 0, 693, 696, 699, 702, 705, 710, 713, 717, 723, 729, 734, 739, 745, 752, 760, 767, 773, 781, 789, 797, 806, 815, 825, 834]
[0, 741, 736, 731, 726, 722, 717, 714, 711, 708, 706, 703, 700, 699, 697, 694, 693, 691, 690, 689, 687, 685, 685, 676, 620, 0, 0, 393, 388, 385, 384, 385, 388, 390, 396, 0, 0, 701, 703, 705, 709, 712, 715, 719, 730, 723, 735, 740, 745, 758, 764, 760, 777, 785, 794, 803, 811, 820, 829, 837, 848]
[0, 741, 735, 730, 726, 721, 717, 714, 711, 708, 705, 703, 700, 699, 697, 694, 692, 691, 690, 689, 687, 685, 685, 685, 620, 0, 0, 395, 389, 386, 385, 385, 387, 391, 397, 0, 700, 702, 706, 708, 711, 715, 718, 722, 729, 734, 739, 745, 751, 757, 763, 769, 776, 783, 792, 800, 809, 818, 826, 835, 846]
[0, 758, 753, 749, 743, 738, 734, 729, 726, 722, 720, 717, 715, 713, 711, 709, 707, 706, 705, 704, 703, 702, 701, 685, 620, 0, 0, 395, 389, 386, 385, 385, 387, 391, 397, 0, 701, 703, 705, 708, 711, 714, 718, 723, 729, 734, 739, 745, 751, 757, 763, 771, 777, 784, 792, 801, 810, 818, 826, 836, 846]
[0, 776, 769, 765, 761, 757, 734, 749, 726, 746, 743, 741, 738, 735, 733, 731, 729, 727, 726, 725, 723, 722, 721, 701, 620, 0, 0, 394, 388, 385, 384, 385, 387, 391, 397, 0, 715, 717, 720, 723, 727, 732, 736, 741, 747, 752, 758, 764, 769, 775, 782, 789, 797, 805, 813, 822, 830, 837, 846, 858, 869]
[0, 780, 774, 769, 764, 759, 755, 751, 747, 744, 741, 738, 736, 733, 731, 731, 729, 727, 727, 724, 722, 723, 723, 721, 620, 0, 0, 396, 390, 386, 383, 384, 385, 389, 395, 0, 0, 739, 743, 747, 751, 756, 760, 764, 769, 774, 780, 786, 793, 799, 806, 814, 822, 829, 836, 845, 856, 866, 874, 882, 893]
[0, 778, 772, 765, 761, 759, 753, 751, 749, 746, 743, 740, 738, 735, 733, 731, 728, 726, 726, 724, 722, 722, 721, 722, 620, 0, 0, 398, 389, 386, 384, 383, 385, 389, 395, 0, 0, 739, 743, 746, 750, 756, 760, 765, 769, 775, 780, 786, 793, 799, 806, 814, 822, 829, 836, 845, 855, 865, 874, 882, 893]
[0, 785, 772, 780, 774, 768, 765, 762, 758, 754, 751, 749, 746, 743, 740, 738, 736, 735, 733, 732, 731, 731, 731, 721, 620, 0, 0, 395, 388, 385, 384, 384, 386, 390, 397, 0, 740, 740, 743, 743, 752, 757, 762, 765, 771, 775, 776, 782, 787, 795, 802, 817, 822, 825, 833, 840, 849, 860, 868, 877, 887]
[0, 790, 784, 777, 771, 767, 763, 760, 757, 753, 749, 747, 744, 742, 739, 736, 736, 735, 733, 732, 732, 731, 731, 731, 620, 0, 0, 393, 388, 385, 384, 384, 386, 386, 397, 0, 0, 747, 751, 755, 758, 762, 766, 772, 777, 782, 788, 794, 801, 807, 814, 822, 830, 836, 844, 855, 864, 873, 882, 891, 901]
[0, 807, 801, 795, 790, 785, 781, 777, 772, 770, 768, 747, 765, 763, 760, 757, 755, 754, 753, 752, 750, 750, 750, 731, 620, 0, 398, 393, 390, 385, 383, 383, 385, 388, 397, 0, 0, 748, 752, 756, 760, 764, 768, 774, 779, 784, 791, 796, 804, 810, 816, 825, 832, 839, 849, 859, 868, 876, 885, 895, 907]
[0, 807, 801, 795, 790, 785, 781, 777, 772, 773, 770, 768, 765, 763, 760, 757, 755, 754, 753, 751, 750, 750, 750, 750, 620, 0, 0, 395, 388, 384, 383, 384, 385, 389, 397, 0, 0, 768, 772, 777, 781, 0, 791, 774, 796, 803, 808, 814, 820, 827, 833, 841, 849, 857, 866, 875, 882, 890, 900, 911, 923]
[0, 834, 829, 825, 820, 814, 810, 806, 803, 800, 797, 793, 791, 763, 786, 757, 785, 783, 781, 780, 779, 779, 778, 750, 620, 0, 0, 394, 387, 384, 383, 384, 386, 389, 397, 0, 0, 768, 769, 773, 778, 781, 786, 791, 797, 802, 809, 816, 822, 828, 834, 842, 851, 859, 867, 876, 885, 892, 902, 914, 926]
[0, 841, 834, 830, 825, 820, 815, 812, 809, 806, 803, 800, 796, 793, 791, 789, 787, 783, 786, 785, 784, 783, 782, 777, 620, 0, 0, 394, 388, 384, 382, 382, 384, 389, 396, 0, 0, 799, 803, 808, 812, 816, 822, 827, 797, 838, 809, 852, 822, 860, 868, 875, 881, 889, 896, 907, 918, 927, 937, 947, 958]
[0, 845, 838, 833, 829, 824, 819, 815, 812, 809, 805, 802, 800, 797, 794, 792, 790, 789, 787, 787, 787, 785, 782, 781, 620, 0, 0, 395, 387, 384, 383, 382, 384, 387, 393, 0, 0, 803, 807, 811, 816, 821, 826, 831, 836, 842, 848, 856, 864, 870, 877, 884, 892, 899, 909, 920, 931, 941, 950, 947, 961]
[0, 852, 845, 838, 833, 829, 827, 823, 819, 816, 813, 802, 810, 807, 805, 803, 801, 800, 798, 797, 795, 794, 794, 781, 620, 0, 0, 390, 387, 385, 383, 382, 385, 387, 393, 0, 0, 807, 808, 811, 815, 820, 825, 829, 834, 840, 848, 856, 863, 868, 874, 882, 891, 898, 907, 918, 927, 937, 946, 957, 970]
[0, 870, 865, 859, 853, 848, 827, 840, 836, 816, 832, 831, 829, 826, 824, 821, 821, 818, 817, 816, 815, 814, 813, 793, 620, 0, 0, 394, 387, 384, 382, 382, 384, 387, 393, 0, 0, 817, 820, 825, 829, 832, 837, 843, 849, 856, 862, 868, 874, 881, 889, 897, 904, 913, 923, 933, 941, 950, 961, 975, 989]
[0, 872, 867, 863, 857, 851, 846, 841, 838, 835, 832, 830, 828, 825, 823, 821, 819, 818, 816, 815, 814, 815, 813, 814, 620, 0, 0, 393, 387, 383, 382, 382, 384, 387, 393, 0, 0, 836, 840, 845, 851, 857, 862, 867, 872, 877, 882, 888, 895, 902, 911, 920, 930, 938, 945, 954, 966, 978, 990, 1001, 1012]
[0, 873, 867, 862, 857, 851, 845, 841, 838, 835, 832, 830, 828, 826, 823, 821, 820, 818, 816, 815, 814, 815, 814, 814, 620, 0, 0, 390, 385, 0, 382, 382, 384, 387, 393, 0, 0, 837, 840, 846, 852, 857, 862, 868, 873, 878, 884, 890, 897, 904, 913, 922, 932, 940, 948, 957, 968, 981, 992, 1003, 1015]
[0, 879, 874, 862, 870, 866, 862, 859, 854, 850, 846, 843, 839, 837, 836, 833, 832, 830, 829, 828, 827, 827, 828, 816, 620, 0, 0, 390, 385, 0, 382, 382, 384, 387, 393, 0, 0, 837, 841, 847, 852, 857, 862, 868, 875, 879, 884, 890, 896, 904, 913, 921, 931, 939, 948, 957, 968, 980, 991, 1003, 1014]
[0, 883, 877, 871, 867, 863, 859, 855, 851, 847, 844, 840, 837, 835, 833, 833, 832, 831, 829, 828, 827, 827, 827, 827, 620, 0, 0, 393, 386, 383, 382, 382, 384, 387, 393, 0, 0, 852, 856, 861, 866, 870, 875, 879, 884, 890, 895, 903, 911, 918, 927, 936, 944, 951, 959, 969, 981, 993, 1004, 1016, 1028]
[0, 891, 877, 879, 867, 875, 871, 866, 864, 861, 857, 854, 851, 848, 845, 842, 840, 840, 838, 837, 836, 836, 836, 827, 620, 0, 0, 395, 388, 384, 382, 381, 383, 386, 393, 0, 0, 851, 855, 859, 864, 869, 873, 878, 883, 889, 895, 901, 907, 915, 923, 932, 942, 950, 957, 967, 980, 992, 1001, 1012, 1026]
[0, 904, 899, 893, 886, 882, 879, 875, 871, 869, 867, 864, 862, 859, 856, 854, 852, 852, 838, 850, 848, 849, 836, 835, 620, 0, 0, 391, 386, 383, 382, 382, 383, 387, 394, 0, 0, 865, 868, 872, 875, 879, 885, 891, 896, 902, 908, 915, 923, 931, 939, 947, 955, 963, 974, 986, 996, 1006, 1018, 1030, 1043]
[0, 917, 911, 905, 899, 894, 890, 886, 882, 879, 876, 874, 873, 871, 869, 867, 866, 865, 863, 862, 862, 861, 836, 849, 620, 0, 0, 395, 388, 383, 382, 381, 382, 385, 394, 0, 0, 878, 877, 882, 886, 891, 895, 900, 906, 913, 920, 927, 934, 941, 948, 957, 967, 977, 988, 996, 1005, 1016, 1029, 1041, 1055]
[0, 921, 911, 910, 899, 905, 899, 895, 892, 888, 885, 884, 882, 880, 877, 875, 874, 872, 871, 871, 871, 870, 862, 849, 620, 0, 0, 397, 384, 383, 381, 381, 384, 385, 394, 0, 0, 0, 888, 892, 897, 902, 907, 912, 919, 927, 933, 939, 944, 951, 960, 969, 981, 992, 1001, 1010, 1021, 1032, 1043, 1056, 1069]
[0, 976, 969, 962, 956, 951, 947, 943, 940, 937, 933, 930, 927, 925, 922, 921, 920, 919, 917, 917, 917, 916, 870, 871, 620, 0, 0, 390, 384, 382, 381, 382, 384, 385, 394, 0, 0, 896, 902, 906, 912, 918, 923, 929, 935, 940, 946, 952, 960, 970, 980, 990, 981, 1009, 1001, 1030, 1021, 1041, 1053, 1080, 1093]
[0, 976, 968, 960, 955, 951, 946, 943, 940, 936, 933, 930, 928, 925, 922, 921, 920, 918, 917, 917, 916, 916, 916, 871, 620, 0, 0, 389, 384, 0, 382, 381, 384, 385, 394, 0, 0, 947, 952, 956, 962, 968, 975, 982, 989, 996, 1002, 1010, 1019, 1027, 1036, 1045, 1056, 1069, 1079, 1089, 1102, 1117, 1131, 1147, 1160]
[0, 988, 981, 974, 967, 962, 957, 953, 951, 947, 933, 941, 939, 925, 937, 935, 934, 933, 932, 932, 932, 931, 931, 871, 620, 0, 0, 396, 384, 0, 382, 381, 382, 384, 394, 0, 0, 947, 952, 0, 957, 963, 968, 977, 986, 992, 997, 1004, 1011, 1020, 1029, 1038, 1048, 1058, 1068, 1079, 1090, 1104, 1120, 1134, 1148]
[0, 991, 985, 979, 972, 965, 960, 956, 953, 950, 946, 944, 943, 941, 938, 936, 935, 935, 934, 934, 934, 931, 934, 933, 620, 0, 0, 390, 385, 382, 381, 382, 383, 387, 394, 0, 0, 961, 965, 970, 978, 985, 991, 996, 1002, 1008, 1015, 1023, 1031, 1041, 1050, 1061, 1070, 1081, 1092, 1104, 1118, 1133, 1148, 1160, 1174]
[0, 991, 984, 977, 971, 965, 959, 956, 954, 951, 947, 945, 943, 940, 938, 937, 936, 935, 934, 935, 935, 931, 934, 933, 620, 0, 0, 394, 386, 383, 382, 381, 382, 386, 392, 0, 0, 967, 966, 971, 979, 986, 991, 997, 1002, 1009, 1017, 1024, 1032, 1040, 1051, 1062, 1071, 1081, 1091, 1103, 1116, 1131, 1147, 1160, 1175]
[0, 1048, 1040, 1033, 1027, 1023, 1017, 1011, 1008, 1004, 1002, 1000, 998, 940, 996, 994, 992, 991, 991, 991, 991, 991, 990, 934, 620, 0, 0, 392, 385, 382, 381, 381, 383, 387, 392, 0, 0, 966, 965, 971, 979, 986, 991, 997, 1003, 1009, 1018, 1024, 1032, 1041, 1050, 1062, 1071, 1082, 1092, 1103, 1118, 1134, 1148, 1163, 1176]
[0, 1047, 1040, 1033, 1026, 1022, 1017, 1011, 1009, 1005, 1002, 1000, 998, 996, 994, 994, 992, 990, 991, 991, 990, 991, 990, 989, 620, 0, 0, 390, 384, 382, 381, 381, 383, 387, 394, 0, 0, 1024, 1026, 1032, 1038, 1043, 1050, 1058, 1065, 1072, 1080, 1089, 1098, 1109, 1119, 1129, 1143, 1155, 1166, 1179, 1192, 1205, 1219, 1235, 1251]
[0, 1045, 1040, 1039, 1032, 1026, 1021, 1016, 1012, 1008, 1005, 1002, 1000, 999, 997, 995, 994, 993, 994, 994, 993, 993, 990, 989, 620, 0, 0, 390, 385, 382, 381, 382, 383, 386, 393, 0, 0, 1025, 1026, 1032, 1039, 1044, 1050, 1058, 1065, 1072, 1080, 1089, 1098, 1109, 1119, 1129, 1143, 1155, 1166, 1179, 1192, 1205, 1219, 1235, 1251]
[0, 1091, 1083, 1077, 1072, 1066, 1060, 1056, 1052, 1048, 1043, 1041, 1038, 1035, 1034, 1033, 1034, 1033, 994, 1031, 993, 1031, 1031, 989, 620, 0, 397, 388, 383, 382, 381, 381, 382, 384, 393, 0, 0, 1027, 1033, 1039, 1044, 1051, 1058, 1065, 1072, 1072, 1080, 1088, 1098, 1107, 1117, 1127, 1140, 1154, 1165, 1177, 1189, 1201, 1216, 1233, 1249]
[0, 1091, 1083, 1076, 1072, 1066, 1060, 1055, 1051, 1048, 1047, 1044, 1040, 1038, 1037, 1034, 1033, 1033, 1033, 1032, 1031, 1032, 1031, 1032, 620, 0, 0, 390, 385, 382, 381, 382, 383, 384, 393, 0, 0, 1074, 1075, 1079, 1084, 1091, 1098, 1107, 1115, 1124, 1132, 1142, 1153, 1162, 1172, 1183, 1194, 1207, 1222, 1236, 1249, 1265, 1281, 1297, 1249]
[0, 1096, 1089, 1081, 1074, 1070, 1065, 1059, 1054, 1050, 1046, 1043, 1040, 1038, 1037, 1034, 1033, 1033, 1033, 1032, 1032, 1033, 1033, 1036, 620, 0, 0, 389, 385, 382, 381, 382, 384, 384, 393, 0, 0, 1072, 1076, 1081, 1087, 1094, 1102, 1110, 1119, 1126, 1134, 1145, 1154, 1164, 1174, 1186, 1197, 1209, 1226, 1238, 1252, 1268, 1284, 1302, 1249]
[0, 1123, 1116, 1081, 1110, 1102, 1096, 1091, 1086, 1082, 1078, 1076, 1075, 1070, 1068, 1068, 1067, 1067, 1067, 1065, 1063, 1064, 1032, 1036, 620, 0, 0, 388, 385, 383, 382, 381, 382, 385, 393, 0, 0, 1073, 1077, 1083, 1090, 0, 1096, 1104, 1112, 1121, 1128, 1138, 1148, 1157, 1167, 1177, 1189, 1201, 1213, 1227, 1241, 1255, 1270, 1288, 1249]
[0, 1123, 1116, 1110, 1110, 1102, 1096, 1092, 1086, 1082, 1079, 1077, 1075, 1072, 1070, 1068, 1068, 1068, 1067, 1065, 1064, 1065, 1066, 1036, 620, 0, 0, 388, 388, 381, 381, 382, 382, 384, 393, 0, 0, 1108, 1113, 1119, 1127, 1134, 1142, 1150, 1158, 1166, 1173, 1182, 1192, 1204, 1217, 1231, 1244, 1256, 1269, 1284, 1300, 1255, 1325, 1352, 1369]
[0, 1160, 1116, 1153, 1145, 1138, 1132, 1127, 1122, 1118, 1114, 1111, 1108, 1106, 1104, 1103, 1103, 1101, 1100, 1099, 1099, 1099, 1066, 1069, 620, 0, 0, 388, 384, 381, 381, 382, 382, 384, 393, 0, 0, 1108, 1113, 1119, 1126, 1134, 1142, 1151, 1158, 1166, 1175, 1184, 1193, 1205, 1219, 1231, 1245, 1258, 1270, 1287, 1306, 1255, 1332, 1356, 1370]
[0, 1163, 1157, 1151, 1144, 1137, 1130, 1124, 1119, 1117, 1113, 1109, 1105, 1103, 1103, 1103, 1102, 1101, 1100, 1100, 1099, 1100, 1101, 1069, 620, 0, 0, 396, 388, 384, 382, 381, 382, 385, 393, 0, 0, 1150, 1156, 1162, 1167, 1174, 1181, 1189, 1196, 1206, 1175, 1227, 1240, 1259, 1219, 1276, 1281, 1290, 1309, 1329, 1341, 1353, 1374, 1396, 1418]
[0, 1198, 1192, 1185, 1177, 1171, 1166, 1161, 1158, 1156, 1151, 1147, 1142, 1139, 1138, 1136, 1137, 1137, 1136, 1135, 1135, 1136, 1101, 1102, 620, 0, 0, 391, 385, 382, 381, 381, 383, 385, 393, 0, 0, 0, 1155, 1160, 1166, 1172, 1178, 1186, 1194, 1202, 1213, 1223, 1236, 1249, 1264, 1277, 1286, 1308, 1309, 1333, 1349, 1365, 1384, 1405, 1421]
[0, 1211, 1205, 1199, 1192, 1186, 1181, 1176, 1172, 1169, 1165, 1162, 1160, 1159, 1156, 1156, 1155, 1156, 1156, 1156, 1156, 1157, 1137, 1102, 620, 0, 0, 396, 388, 383, 381, 381, 382, 386, 392, 0, 0, 1184, 1191, 1199, 0, 1210, 1218, 1221, 1229, 1242, 1252, 1264, 1276, 1286, 1298, 1311, 1325, 1340, 1354, 1370, 1385, 1401, 1422, 1405, 1451]
[0, 1210, 1204, 1198, 1190, 1184, 1180, 1175, 1172, 1167, 1163, 1163, 1161, 1159, 1159, 1157, 1157, 1157, 1157, 1157, 1157, 1158, 1159, 1102, 620, 0, 0, 394, 387, 383, 381, 382, 383, 386, 392, 0, 0, 0, 1209, 1221, 1229, 1242, 1254, 1257, 1262, 1269, 1276, 1285, 1300, 1314, 1325, 1338, 1349, 1363, 1378, 1394, 1414, 1401, 1445, 1474, 1492]
[0, 1232, 1225, 1215, 1206, 1200, 1195, 1192, 1172, 1189, 1185, 1181, 1178, 1177, 1174, 1173, 1172, 1171, 1171, 1170, 1171, 1172, 1159, 1159, 620, 0, 0, 391, 387, 382, 381, 382, 385, 386, 392, 0, 0, 1206, 1213, 1225, 1239, 1248, 1251, 1253, 1258, 1268, 1280, 1287, 1301, 1317, 1330, 1344, 1355, 1368, 1383, 1399, 1418, 1401, 1450, 1481, 1500]
[0, 1233, 1226, 1218, 1209, 1202, 1196, 1193, 1189, 1184, 1180, 1178, 1176, 1175, 1173, 1172, 1172, 1172, 1171, 1170, 1171, 1172, 1174, 1176, 620, 0, 0, 391, 386, 383, 381, 382, 382, 385, 392, 0, 0, 1226, 1236, 1247, 1254, 1260, 1266, 1273, 1282, 1291, 1301, 1313, 1327, 1341, 1349, 1361, 1376, 1388, 1404, 1424, 1444, 1464, 1482, 1501, 1514]
[0, 1242, 1235, 1226, 1216, 1210, 1205, 1200, 1196, 1191, 1187, 1184, 1182, 1180, 1178, 1176, 1176, 1176, 1175, 1175, 1175, 1175, 1174, 1174, 620, 0, 0, 392, 386, 383, 382, 383, 385, 385, 392, 0, 0, 1228, 1235, 1246, 1253, 1258, 1264, 1273, 1281, 1291, 1301, 1313, 1328, 1342, 1350, 1360, 1374, 1390, 1405, 1423, 1444, 1464, 1481, 1501, 1515]
[0, 1297, 1288, 1280, 1273, 1210, 1267, 1261, 1257, 1253, 1250, 1248, 1244, 1241, 1240, 1244, 1246, 1243, 1244, 1245, 1244, 1241, 1175, 1174, 620, 0, 0, 396, 388, 383, 381, 381, 383, 387, 393, 0, 0, 1238, 1244, 1255, 0, 1259, 1264, 1276, 1284, 1294, 1303, 1312, 1325, 1339, 1351, 1360, 1374, 1387, 1402, 1420, 1439, 1461, 1480, 1500, 1512]
[0, 1297, 1288, 1280, 1273, 1267, 1267, 1261, 1257, 1253, 1250, 1248, 1245, 1242, 1240, 1244, 1246, 1243, 1244, 1245, 1244, 1241, 1240, 1245, 620, 0, 0, 0, 385, 383, 383, 383, 385, 388, 393, 0, 0, 1292, 1300, 1308, 1316, 1326, 1330, 1335, 1343, 1348, 1354, 1363, 1371, 1339, 1379, 1389, 1399, 1409, 1419, 1432, 1445, 1459, 1475, 1489, 1501]
[0, 1297, 1296, 1288, 1280, 1272, 1267, 1263, 1257, 1252, 1249, 1245, 1243, 1240, 1241, 1244, 1248, 1248, 1243, 1244, 1242, 1240, 1240, 1244, 620, 0, 0, 0, 385, 383, 383, 383, 385, 388, 393, 0, 0, 1292, 1300, 1308, 1316, 1325, 1330, 1335, 1343, 1348, 1355, 1363, 1371, 1379, 1379, 1389, 1400, 1409, 1419, 1432, 1446, 1460, 1475, 1489, 1502]
[0, 1374, 1368, 1362, 1352, 1343, 1337, 1263, 1329, 1321, 1317, 1315, 1312, 1309, 1307, 1306, 1303, 1302, 1302, 1302, 1301, 1240, 1240, 1244, 620, 0, 0, 0, 388, 385, 383, 383, 384, 388, 395, 0, 0, 1293, 1300, 1301, 1310, 1317, 1327, 1335, 1337, 1342, 1350, 1358, 1367, 1374, 1383, 1393, 1402, 1412, 1423, 1435, 1449, 1462, 1478, 1493, 1504]
[0, 1371, 1365, 1359, 1350, 1341, 1335, 1263, 1328, 1321, 1320, 1317, 1314, 1313, 1312, 1308, 1307, 1305, 1304, 1304, 1305, 1303, 1240, 1297, 620, 0, 0, 395, 388, 385, 385, 385, 387, 388, 395, 0, 0, 1306, 1306, 1308, 1313, 1318, 1322, 1328, 1336, 1343, 1349, 1356, 1363, 1372, 1382, 1392, 1401, 1410, 1423, 1435, 1448, 1464, 1480, 1495, 1509]
[0, 1417, 1405, 1397, 1393, 1389, 1382, 1375, 1370, 1368, 1362, 1355, 1350, 1340, 1312, 1328, 1307, 1321, 1315, 1310, 1306, 1303, 1300, 1298, 620, 0, 0, 395, 391, 386, 384, 383, 385, 388, 393, 0, 0, 1304, 1306, 1308, 1315, 1319, 1324, 1331, 1337, 1346, 1351, 1357, 1366, 1377, 1386, 1394, 1405, 1410, 1418, 1427, 1442, 1457, 1470, 1486, 1500]
[0, 1420, 1406, 1397, 1392, 1388, 1382, 1376, 1370, 1372, 1367, 1360, 1354, 1351, 1344, 1334, 1326, 1320, 1316, 1313, 1309, 1305, 1298, 1294, 620, 0, 0, 395, 389, 386, 385, 386, 385, 394, 393, 0, 0, 1303, 1307, 1309, 1312, 1317, 1323, 1330, 1337, 1343, 1349, 1356, 1366, 1376, 1385, 1394, 1403, 1413, 1424, 1437, 1449, 1463, 1480, 1497, 1500]
[0, 1420, 1450, 1426, 1417, 1408, 1399, 1392, 1383, 1372, 1371, 1362, 1354, 1347, 1341, 1333, 1324, 1319, 1316, 1310, 1305, 1304, 1301, 1296, 620, 0, 0, 395, 393, 387, 384, 383, 385, 389, 396, 0, 0, 1303, 1305, 1309, 1314, 1320, 1324, 1330, 1339, 1343, 1344, 1349, 1360, 1371, 1376, 1385, 1398, 1406, 1416, 1430, 1444, 1456, 1472, 1489, 1500]
[0, 1420, 1452, 1428, 1417, 1407, 1400, 1394, 1386, 1373, 1364, 1357, 1349, 1343, 1336, 1328, 1321, 1316, 1316, 1310, 1307, 1302, 1301, 1297, 620, 0, 0, 0, 393, 387, 385, 385, 386, 389, 396, 0, 0, 1302, 1305, 1309, 1314, 1319, 1324, 1329, 1336, 1342, 1349, 1349, 1359, 1370, 1376, 1385, 1397, 1406, 1416, 1429, 1440, 1453, 1471, 1488, 1500]
[0, 1480, 1465, 1446, 1432, 1419, 1408, 1397, 1385, 1375, 1367, 1360, 1353, 1346, 1338, 1331, 1323, 1317, 1312, 1308, 1304, 1299, 1296, 1294, 620, 0, 0, 395, 388, 385, 385, 386, 386, 388, 394, 0, 0, 1303, 1306, 1309, 1312, 1317, 1323, 1330, 1337, 1343, 1349, 1356, 1366, 1375, 1381, 1390, 1399, 1410, 1424, 1438, 1450, 1463, 1471, 1482, 1498]
[0, 1475, 1460, 1445, 1432, 1418, 1405, 1395, 1385, 1374, 1366, 1360, 1351, 1343, 1337, 1330, 1321, 1315, 1312, 1308, 1304, 1299, 1297, 1294, 620, 0, 0, 0, 391, 387, 386, 387, 388, 388, 394, 0, 0, 1306, 1304, 1305, 1310, 1313, 1317, 1322, 1331, 1339, 1344, 1353, 1361, 1368, 1379, 1387, 1395, 1407, 1418, 1430, 1443, 1456, 1476, 1492, 1502]
[0, 1475, 1459, 1445, 1431, 1418, 1405, 1394, 1384, 1374, 1364, 1358, 1351, 1343, 1337, 1327, 1319, 1315, 1312, 1308, 1304, 1299, 1293, 1294, 620, 0, 0, 0, 391, 387, 385, 386, 388, 388, 394, 0, 0, 1299, 1304, 1306, 1310, 1315, 1321, 1323, 1331, 1339, 1344, 1353, 1362, 1371, 1380, 1387, 1397, 1409, 1418, 1431, 1445, 1457, 1476, 1494, 1504]
[0, 1475, 1461, 1445, 1430, 1418, 1408, 1396, 1384, 1374, 1366, 1359, 1352, 1345, 1337, 1329, 1322, 1316, 1312, 1308, 1303, 1300, 1294, 1294, 620, 0, 0, 0, 391, 387, 386, 386, 388, 388, 394, 0, 0, 1302, 1303, 1305, 1309, 1312, 1317, 1322, 1330, 1338, 1344, 1352, 1361, 1369, 1378, 1387, 1395, 1407, 1418, 1430, 1443, 1456, 1475, 1491, 1502]
[0, 1471, 1453, 1438, 1425, 1413, 1403, 1394, 1383, 1372, 1364, 1356, 1348, 1341, 1334, 1324, 1319, 1316, 1312, 1307, 1303, 1300, 1298, 1294, 620, 0, 0, 0, 393, 388, 386, 386, 388, 388, 394, 0, 0, 1300, 1300, 1304, 1309, 1314, 1316, 1320, 1326, 1334, 1342, 1348, 1357, 1366, 1374, 1383, 1393, 1403, 1414, 1428, 1441, 1455, 1472, 1487, 1502]
[0, 1471, 1453, 1438, 1425, 1413, 1402, 1394, 1383, 1372, 1364, 1356, 1348, 1342, 1333, 1324, 1319, 1316, 1312, 1307, 1303, 1299, 1295, 1294, 620, 0, 0, 0, 391, 387, 387, 388, 389, 394, 394, 0, 0, 1298, 1302, 1305, 1308, 1312, 1317, 1323, 1327, 1335, 1343, 1349, 1358, 1369, 1377, 1386, 1394, 1403, 1415, 1427, 1441, 1456, 1474, 1490, 1502]
[0, 1470, 1456, 1441, 1425, 1415, 1404, 1393, 1383, 1373, 1364, 1357, 1350, 1341, 1335, 1327, 1319, 1315, 1311, 1307, 1302, 1299, 1295, 1293, 620, 0, 0, 0, 392, 387, 387, 387, 389, 394, 394, 0, 0, 1298, 1302, 1305, 1308, 1311, 1317, 1322, 1327, 1335, 1343, 1349, 1357, 1369, 1378, 1386, 1396, 1405, 1414, 1427, 1441, 1456, 1473, 1489, 1502]
[0, 1459, 1445, 1431, 1417, 1406, 1404, 1395, 1385, 1375, 1366, 1358, 1350, 1343, 1336, 1330, 1323, 1315, 1313, 1309, 1303, 1302, 1295, 1293, 620, 0, 0, 0, 393, 388, 387, 387, 389, 394, 394, 0, 0, 1296, 1299, 1304, 1309, 1313, 1316, 1321, 1326, 1334, 1342, 1349, 1354, 1364, 1376, 1384, 1393, 1403, 1414, 1427, 1441, 1452, 1466, 1485, 1501]
[0, 1470, 1453, 1438, 1425, 1414, 1403, 1393, 1382, 1372, 1364, 1356, 1348, 1341, 1333, 1325, 1319, 1315, 1311, 1306, 1302, 1299, 1300, 1294, 620, 0, 0, 0, 396, 390, 387, 386, 388, 394, 394, 0, 1305, 1298, 1301, 1308, 1313, 1316, 1318, 1326, 1334, 1339, 1346, 1354, 1363, 1364, 1371, 1389, 1393, 1410, 1414, 1423, 1435, 1446, 1462, 1481, 1495]
[0, 1462, 1447, 1434, 1420, 1408, 1398, 1387, 1378, 1370, 1361, 1356, 1354, 1344, 1335, 1329, 1321, 1316, 1313, 1307, 1304, 1302, 1295, 1293, 620, 0, 0, 0, 392, 388, 387, 388, 390, 394, 394, 0, 0, 1297, 1301, 1304, 1308, 1311, 1316, 1321, 1327, 1335, 1342, 1349, 1354, 1364, 1376, 1383, 1392, 1403, 1413, 1427, 1441, 1454, 1469, 1485, 1501]
[0, 1458, 1446, 1431, 1416, 1407, 1397, 1387, 1378, 1374, 1366, 1359, 1351, 1344, 1335, 1328, 1320, 1316, 1313, 1307, 1301, 1299, 1296, 1292, 620, 0, 0, 0, 392, 393, 389, 0, 393, 400, 394, 0, 0, 1295, 1297, 1301, 1305, 1309, 1314, 1319, 1325, 1333, 1344, 1354, 1360, 1368, 1377, 1387, 1398, 1411, 1429, 1446, 1463, 1477, 1492, 1509, 1515]
[0, 1469, 1452, 1437, 1424, 1413, 1402, 1389, 1379, 1372, 1363, 1353, 1345, 1340, 1330, 1323, 1318, 1314, 1310, 1306, 1301, 1298, 1296, 1293, 620, 0, 0, 400, 392, 393, 389, 390, 393, 400, 394, 0, 1303, 1298, 1300, 1307, 1308, 1310, 1316, 1321, 1328, 1337, 1345, 1352, 1359, 1368, 1377, 1390, 1404, 1415, 1431, 1448, 1463, 1479, 1497, 0, 1538]
[0, 1458, 1442, 1428, 1416, 1405, 1402, 1394, 1384, 1375, 1366, 1358, 1350, 1342, 1335, 1327, 1320, 1316, 1311, 1305, 1301, 1296, 1294, 1292, 620, 0, 0, 0, 397, 392, 390, 390, 392, 397, 394, 0, 0, 1293, 1297, 1301, 1308, 1318, 1326, 1333, 1338, 1346, 1353, 1360, 1369, 1380, 1392, 1401, 1412, 1421, 1431, 1446, 1457, 1469, 1483, 1500, 1508]
[0, 1463, 1449, 1433, 1417, 1407, 1399, 1388, 1378, 1369, 1360, 1353, 1346, 1337, 1330, 1324, 1316, 1310, 1307, 1305, 1300, 1296, 1292, 1290, 620, 0, 0, 400, 394, 392, 390, 389, 391, 397, 394, 0, 1295, 1297, 1301, 1307, 1313, 1323, 1332, 1337, 1343, 1352, 1360, 1369, 1369, 1389, 1398, 1401, 1418, 1421, 1430, 1443, 1454, 1467, 1482, 1498, 1508]
[0, 1462, 1448, 1434, 1419, 1407, 1396, 1386, 1378, 1367, 1356, 1347, 1340, 1334, 1328, 1324, 1316, 1310, 1313, 1308, 1302, 1298, 1295, 1292, 1290, 0, 0, 0, 396, 392, 391, 391, 394, 400, 394, 0, 0, 1309, 1312, 1315, 1319, 1323, 1327, 1331, 1339, 1348, 1354, 1362, 1370, 1380, 1392, 1402, 1413, 1423, 1435, 1448, 1460, 1473, 1487, 1502, 1510]
[0, 1470, 1452, 1441, 1429, 1414, 1404, 1394, 1383, 1373, 1365, 1355, 1346, 1340, 1333, 1323, 1317, 1314, 1311, 1306, 1302, 1299, 1296, 1293, 1290, 0, 0, 0, 396, 392, 390, 390, 394, 400, 394, 0, 1313, 1309, 1314, 1318, 1321, 1325, 1328, 1333, 1343, 1349, 1354, 1362, 1375, 1386, 1394, 1404, 1417, 1429, 1440, 1450, 1463, 1477, 1492, 1501, 1507]
[0, 1463, 1448, 1433, 1418, 1407, 1398, 1388, 1378, 1369, 1360, 1350, 1343, 1337, 1328, 1322, 1315, 1310, 1307, 1306, 1304, 1299, 1297, 1293, 1290, 0, 0, 0, 401, 394, 391, 391, 392, 396, 394, 0, 1309, 1310, 1313, 1317, 1319, 1325, 1331, 1333, 1341, 1349, 1359, 1362, 1368, 1379, 1388, 1398, 1413, 1423, 1430, 1443, 1453, 1466, 1481, 1497, 1507]
[0, 1465, 1451, 1437, 1424, 1412, 1400, 1388, 1379, 1370, 1362, 1355, 1348, 1343, 1342, 1336, 1330, 1325, 1322, 1319, 1315, 1310, 1295, 1292, 1290, 0, 0, 0, 396, 394, 392, 391, 392, 400, 394, 0, 0, 1310, 1313, 1315, 1319, 1323, 1327, 1335, 1343, 1349, 1355, 1362, 1370, 1381, 1393, 1403, 1414, 1422, 1434, 1448, 1460, 1473, 1490, 1506, 1510]
[0, 1465, 1452, 1437, 1423, 1412, 1402, 1389, 1380, 1372, 1364, 1358, 1355, 1349, 1342, 1338, 1336, 1331, 1323, 1318, 1315, 1312, 1307, 1306, 1290, 0, 0, 0, 400, 394, 391, 392, 395, 401, 394, 0, 0, 1309, 1310, 1313, 1318, 1323, 1324, 1331, 1342, 1348, 1353, 1361, 1371, 1381, 1391, 1402, 1412, 1421, 1433, 1445, 1456, 1469, 1485, 1501, 1507]
[0, 1467, 1452, 1441, 1429, 1416, 1405, 1404, 1401, 1394, 1384, 1371, 1361, 1355, 1350, 1341, 1331, 1327, 1324, 1318, 1314, 1311, 1308, 1306, 1290, 0, 0, 0, 401, 394, 392, 393, 395, 401, 394, 0, 0, 1310, 1311, 1313, 1318, 1322, 1324, 1331, 1339, 1345, 1353, 1362, 1371, 1381, 1391, 1401, 1411, 1421, 1433, 1445, 1456, 1468, 1484, 1500, 1506]
[0, 1462, 1449, 1438, 1432, 1428, 1426, 1414, 1399, 1388, 1376, 1368, 1359, 1351, 1346, 1338, 1331, 1327, 1326, 1322, 1317, 1313, 1308, 1306, 1290, 0, 0, 0, 0, 397, 394, 393, 395, 401, 394, 0, 1309, 1311, 0, 1312, 1314, 1317, 1325, 1332, 1338, 1346, 1352, 1359, 1369, 1380, 1389, 1398, 1411, 1421, 1431, 1444, 1457, 1468, 1482, 1500, 1508]
[0, 1476, 1461, 1449, 1438, 1429, 1419, 1407, 1401, 1394, 1377, 1366, 1360, 1351, 1353, 1344, 1335, 1328, 1325, 1321, 1317, 1313, 1310, 1307, 1305, 0, 0, 0, 0, 399, 393, 394, 395, 401, 394, 0, 1308, 1310, 1314, 1317, 1320, 1323, 1328, 1334, 1343, 1349, 1354, 1362, 1369, 1379, 1389, 1401, 1412, 1420, 1435, 1450, 1460, 1473, 1491, 1506, 1512]
[0, 1482, 1466, 1454, 1444, 1432, 1420, 1407, 1398, 1389, 1382, 1372, 1360, 1352, 1343, 1335, 1330, 1328, 1322, 1321, 1317, 1313, 1308, 1306, 1305, 0, 0, 0, 400, 395, 393, 394, 399, 401, 394, 0, 1305, 1309, 1311, 1316, 1320, 1323, 1327, 1334, 1342, 1352, 1357, 1362, 1372, 1383, 1394, 1404, 1412, 1424, 1438, 1449, 1462, 1478, 1492, 1490, 1493]
[0, 1479, 1465, 1452, 1444, 1432, 1418, 1406, 1397, 1390, 1377, 1366, 1360, 1352, 1353, 1344, 1335, 1330, 1327, 1321, 1316, 1312, 1310, 1306, 1305, 0, 0, 0, 402, 396, 394, 394, 399, 401, 394, 0, 1307, 1309, 1311, 1314, 1319, 1323, 1327, 1332, 1340, 1348, 1354, 1362, 1371, 1380, 1389, 1400, 1413, 1422, 1434, 1448, 1459, 1472, 1486, 1502, 1509]
[0, 1474, 1460, 1450, 1438, 1432, 1426, 1416, 1404, 1393, 1384, 1375, 1365, 1356, 1350, 1345, 1336, 1328, 1324, 1320, 1316, 1314, 1309, 1306, 1304, 0, 0, 0, 403, 398, 394, 396, 402, 401, 394, 0, 1306, 1308, 1311, 1315, 1320, 1324, 1327, 1333, 1341, 1349, 1355, 1363, 1370, 1381, 1394, 1404, 1413, 1425, 1439, 1450, 1459, 1473, 1490, 1479, 0]
[0, 1474, 1460, 1450, 1438, 1432, 1427, 1416, 1404, 1393, 1384, 1375, 1366, 1358, 1353, 1345, 1336, 1328, 1324, 1320, 1313, 1311, 1309, 1305, 1304, 0, 0, 0, 404, 398, 399, 397, 399, 404, 394, 0, 1307, 1310, 1312, 1316, 1318, 1321, 1326, 1333, 1343, 1351, 1359, 1365, 1373, 1385, 1396, 1404, 1415, 1427, 1438, 1449, 1460, 1475, 1490, 1494, 0]
