[0, 0, 0, 0, 0, 0, 0, 0, 0, 0, 0, 0, 0, 0, 0, 0, 0, 0, 0, 0, 0, 0, 0, 0, 0, 0, 0, 0, 0, 0, 0, 0, 0, 0, 0, 0, 0, 0, 0, 0, 0, 0, 0, 0, 0, 0, 0, 0, 0, 0, 0, 0, 0, 0, 0, 0, 0, 0, 0, 0, 0]
[0, 516, 511, 508, 505, 501, 498, 497, 495, 492, 489, 487, 484, 483, 481, 480, 478, 476, 475, 474, 473, 472, 471, 470, 469, 470, 471, 470, 470, 471, 471, 471, 472, 473, 474, 475, 477, 477, 480, 480, 481, 483, 485, 486, 489, 492, 495, 498, 501, 505, 510, 514, 518, 522, 527, 532, 538, 543, 549, 555, 561]
[0, 515, 511, 511, 505, 501, 498, 498, 495, 492, 489, 487, 484, 483, 481, 479, 478, 476, 475, 474, 473, 472, 471, 471, 470, 470, 469, 470, 470, 471, 471, 471, 472, 472, 473, 474, 475, 477, 479, 480, 482, 483, 485, 487, 490, 493, 496, 499, 503, 507, 511, 514, 519, 524, 529, 534, 539, 545, 551, 557, 563]
[0, 517, 513, 509, 506, 503, 499, 496, 493, 490, 487, 485, 484, 482, 480, 479, 478, 477, 476, 474, 473, 472, 471, 471, 470, 470, 469, 470, 470, 470, 471, 471, 472, 473, 474, 474, 475, 477, 479, 480, 482, 483, 485, 487, 490, 493, 496, 499, 503, 507, 511, 515, 519, 525, 530, 535, 540, 545, 552, 557, 564]
[0, 514, 513, 510, 506, 504, 500, 497, 494, 491, 488, 486, 484, 483, 481, 479, 478, 476, 476, 475, 472, 472, 471, 470, 470, 470, 471, 470, 470, 471, 471, 471, 472, 473, 474, 475, 477, 478, 480, 481, 482, 483, 485, 487, 489, 492, 495, 498, 501, 506, 510, 515, 519, 522, 527, 532, 538, 543, 549, 555, 561]
[0, 516, 511, 508, 505, 501, 500, 498, 495, 492, 489, 487, 484, 483, 481, 479, 478, 476, 475, 474, 473, 472, 471, 470, 470, 470, 470, 470, 470, 471, 470, 472, 473, 473, 474, 475, 476, 478, 479, 481, 482, 485, 486, 489, 492, 492, 495, 500, 504, 506, 508, 513, 517, 521, 526, 531, 536, 542, 548, 554, 560]
[0, 516, 514, 510, 506, 504, 500, 497, 494, 491, 488, 486, 484, 483, 481, 479, 478, 476, 475, 475, 474, 472, 471, 470, 470, 470, 469, 469, 470, 470, 471, 471, 472, 473, 474, 474, 475, 477, 479, 480, 482, 483, 485, 487, 490, 493, 496, 499, 503, 508, 511, 514, 519, 525, 529, 534, 539, 545, 551, 557, 563]
[0, 515, 512, 508, 505, 504, 501, 498, 495, 492, 489, 487, 485, 483, 481, 479, 478, 477, 475, 474, 473, 472, 471, 470, 469, 470, 470, 470, 470, 471, 471, 472, 473, 473, 474, 475, 476, 478, 479, 481, 482, 483, 486, 488, 492, 495, 497, 500, 504, 508, 508, 512, 517, 521, 526, 531, 536, 542, 548, 554, 560]
[0, 519, 514, 511, 505, 508, 505, 502, 499, 495, 493, 490, 488, 487, 485, 484, 482, 480, 479, 478, 477, 476, 471, 476, 470, 470, 470, 470, 470, 470, 471, 471, 472, 473, 474, 474, 476, 478, 480, 481, 482, 484, 485, 487, 490, 493, 496, 499, 503, 508, 511, 515, 519, 525, 530, 534, 540, 546, 553, 558, 564]
[0, 519, 518, 514, 511, 508, 505, 501, 497, 495, 493, 490, 488, 486, 484, 483, 482, 481, 479, 479, 478, 477, 476, 475, 470, 475, 470, 475, 475, 475, 475, 476, 477, 477, 478, 479, 480, 482, 483, 485, 486, 488, 491, 494, 496, 499, 503, 505, 509, 513, 517, 522, 527, 531, 536, 541, 547, 553, 559, 565, 571]
[0, 519, 515, 512, 511, 509, 506, 503, 499, 497, 494, 491, 488, 488, 487, 484, 483, 481, 480, 478, 477, 477, 476, 475, 475, 474, 474, 474, 474, 475, 475, 476, 476, 477, 478, 480, 481, 482, 483, 486, 487, 489, 491, 494, 496, 499, 502, 506, 510, 514, 518, 522, 526, 532, 536, 541, 547, 554, 560, 566, 571]
[0, 522, 518, 514, 510, 507, 503, 500, 498, 496, 493, 490, 488, 488, 487, 486, 483, 482, 481, 480, 479, 478, 476, 475, 476, 475, 476, 474, 476, 475, 475, 477, 477, 478, 478, 479, 481, 483, 484, 485, 487, 489, 492, 494, 496, 499, 502, 505, 509, 513, 517, 522, 527, 531, 536, 541, 547, 553, 558, 564, 571]
[0, 521, 518, 518, 515, 512, 508, 504, 501, 499, 496, 494, 492, 490, 488, 487, 485, 483, 482, 481, 479, 480, 479, 479, 475, 475, 475, 475, 475, 476, 476, 477, 477, 478, 478, 481, 481, 482, 483, 485, 487, 489, 491, 493, 495, 498, 501, 504, 508, 511, 516, 520, 524, 529, 534, 540, 545, 551, 556, 562, 569]
[0, 525, 522, 519, 515, 511, 508, 505, 502, 499, 496, 494, 494, 491, 489, 487, 487, 484, 482, 483, 481, 481, 481, 481, 479, 478, 478, 479, 479, 479, 480, 480, 481, 481, 482, 484, 485, 486, 487, 489, 491, 494, 497, 499, 495, 504, 508, 511, 508, 519, 523, 527, 524, 532, 537, 542, 548, 554, 560, 566, 573]
[0, 525, 521, 517, 513, 511, 510, 505, 502, 502, 499, 496, 494, 492, 490, 489, 487, 486, 485, 484, 482, 481, 481, 481, 480, 480, 479, 479, 480, 481, 481, 481, 481, 482, 483, 484, 485, 486, 489, 492, 494, 495, 498, 500, 502, 506, 508, 510, 514, 517, 521, 525, 530, 535, 540, 544, 550, 557, 562, 569, 576]
[0, 526, 522, 519, 516, 512, 508, 505, 502, 500, 497, 495, 494, 492, 492, 490, 488, 486, 485, 484, 483, 482, 482, 481, 480, 480, 480, 479, 480, 481, 481, 482, 482, 483, 484, 485, 486, 487, 489, 491, 493, 495, 497, 499, 502, 505, 508, 512, 516, 520, 524, 528, 533, 538, 543, 548, 554, 560, 566, 573, 580]
[0, 525, 521, 517, 514, 511, 508, 509, 506, 503, 501, 497, 496, 496, 494, 492, 488, 486, 486, 486, 485, 484, 484, 481, 480, 480, 479, 479, 480, 481, 481, 481, 481, 483, 484, 485, 486, 488, 491, 491, 494, 496, 498, 499, 501, 504, 510, 512, 514, 521, 524, 526, 530, 535, 540, 545, 551, 557, 563, 569, 577]
[0, 526, 521, 523, 518, 515, 512, 509, 507, 504, 501, 498, 497, 496, 494, 492, 489, 488, 486, 485, 485, 484, 484, 484, 483, 482, 479, 483, 484, 481, 483, 484, 484, 485, 486, 487, 489, 491, 493, 495, 496, 498, 501, 503, 506, 509, 512, 516, 519, 523, 528, 533, 538, 542, 548, 554, 559, 565, 572, 579, 586]
[0, 529, 525, 522, 517, 513, 511, 508, 505, 502, 500, 498, 496, 495, 494, 492, 490, 488, 487, 485, 486, 485, 484, 484, 483, 483, 483, 483, 482, 483, 484, 485, 485, 486, 487, 488, 490, 492, 493, 495, 498, 500, 502, 504, 507, 510, 513, 517, 520, 525, 530, 534, 538, 544, 548, 549, 560, 565, 566, 573, 580]
[0, 535, 532, 528, 524, 521, 517, 513, 511, 509, 506, 504, 503, 501, 499, 492, 498, 497, 495, 494, 493, 492, 490, 489, 483, 482, 483, 483, 483, 483, 484, 485, 486, 486, 487, 488, 489, 491, 493, 495, 498, 499, 501, 504, 507, 511, 513, 517, 521, 525, 530, 535, 538, 539, 545, 549, 554, 560, 566, 574, 582]
[0, 535, 531, 528, 524, 521, 517, 514, 512, 509, 507, 505, 504, 501, 501, 499, 499, 498, 496, 494, 492, 491, 491, 490, 489, 489, 490, 489, 489, 490, 491, 492, 493, 494, 495, 496, 498, 491, 501, 503, 505, 508, 501, 510, 512, 515, 519, 523, 526, 531, 535, 539, 544, 549, 555, 559, 564, 571, 578, 585, 592]
[0, 543, 539, 535, 531, 528, 525, 522, 519, 516, 507, 512, 504, 509, 501, 507, 505, 504, 503, 502, 500, 500, 500, 499, 489, 490, 490, 490, 490, 491, 492, 493, 494, 494, 495, 496, 498, 499, 501, 501, 503, 506, 508, 510, 513, 517, 521, 524, 527, 531, 535, 539, 544, 550, 555, 560, 565, 571, 578, 585, 592]
[0, 548, 544, 539, 536, 533, 530, 527, 524, 521, 518, 516, 504, 514, 512, 511, 510, 509, 507, 506, 505, 504, 503, 503, 499, 498, 498, 498, 498, 499, 499, 500, 502, 502, 503, 505, 498, 506, 508, 512, 514, 506, 517, 520, 522, 526, 529, 532, 536, 540, 545, 549, 554, 559, 565, 571, 577, 584, 591, 596, 603]
[0, 548, 544, 540, 537, 534, 530, 527, 524, 521, 518, 516, 514, 513, 511, 510, 509, 508, 507, 506, 505, 504, 503, 503, 503, 502, 502, 502, 502, 503, 503, 504, 506, 507, 508, 509, 510, 506, 514, 512, 516, 521, 517, 523, 525, 529, 533, 537, 541, 545, 549, 553, 559, 564, 569, 575, 581, 588, 595, 601, 608]
[0, 547, 543, 540, 536, 533, 530, 526, 524, 521, 518, 516, 514, 513, 511, 510, 509, 508, 507, 506, 505, 504, 503, 503, 503, 502, 502, 502, 502, 503, 504, 505, 505, 506, 507, 509, 510, 512, 514, 515, 518, 520, 521, 525, 525, 532, 535, 540, 545, 549, 553, 553, 563, 564, 568, 574, 581, 588, 593, 599, 606]
[0, 548, 544, 539, 536, 533, 530, 527, 524, 521, 518, 516, 514, 513, 512, 510, 510, 509, 508, 506, 505, 505, 505, 504, 503, 502, 502, 502, 502, 502, 504, 505, 505, 506, 507, 508, 510, 512, 513, 515, 517, 520, 521, 525, 529, 532, 535, 535, 540, 544, 547, 552, 558, 562, 568, 574, 581, 587, 593, 599, 607]
[0, 556, 552, 548, 545, 542, 538, 535, 532, 529, 526, 524, 522, 521, 519, 510, 517, 514, 508, 514, 513, 511, 511, 511, 504, 505, 504, 503, 504, 504, 505, 507, 509, 510, 511, 512, 513, 512, 516, 519, 517, 522, 524, 527, 530, 533, 537, 540, 544, 548, 552, 557, 562, 567, 574, 580, 586, 593, 599, 605, 612]
[0, 558, 554, 550, 546, 543, 540, 537, 532, 535, 528, 524, 527, 526, 524, 522, 520, 520, 518, 517, 516, 515, 514, 514, 510, 510, 510, 510, 510, 511, 510, 512, 513, 513, 515, 516, 517, 519, 521, 523, 525, 527, 530, 534, 538, 541, 544, 540, 552, 548, 556, 560, 565, 578, 574, 584, 589, 596, 602, 609, 616]
[0, 558, 552, 548, 546, 545, 542, 539, 536, 533, 531, 529, 526, 525, 523, 521, 520, 519, 517, 516, 515, 514, 514, 514, 514, 513, 513, 513, 513, 513, 514, 516, 516, 513, 519, 520, 522, 519, 523, 525, 527, 530, 533, 536, 539, 542, 546, 549, 553, 557, 561, 565, 571, 577, 582, 589, 595, 601, 608, 615, 622]
[0, 559, 556, 553, 549, 546, 542, 540, 536, 537, 534, 533, 530, 529, 527, 525, 524, 523, 522, 521, 521, 520, 519, 513, 513, 513, 513, 513, 513, 513, 514, 514, 515, 516, 518, 519, 521, 522, 524, 526, 528, 531, 534, 537, 539, 542, 546, 550, 554, 558, 562, 567, 573, 579, 585, 591, 598, 604, 610, 617, 625]
[0, 564, 560, 556, 552, 549, 546, 543, 541, 537, 538, 536, 533, 531, 530, 528, 526, 525, 524, 524, 523, 523, 522, 521, 519, 518, 518, 519, 519, 520, 520, 520, 522, 516, 523, 519, 525, 527, 529, 530, 533, 536, 539, 541, 544, 547, 551, 555, 558, 562, 566, 571, 578, 584, 590, 596, 602, 608, 616, 623, 630]
[0, 572, 568, 556, 564, 560, 557, 555, 552, 549, 547, 545, 543, 540, 539, 537, 535, 534, 534, 533, 532, 532, 522, 531, 520, 520, 520, 520, 521, 521, 521, 522, 523, 524, 526, 519, 527, 529, 533, 534, 536, 536, 543, 541, 546, 550, 553, 557, 560, 564, 569, 574, 580, 587, 593, 598, 604, 611, 617, 625, 634]
[0, 572, 577, 573, 569, 566, 563, 560, 557, 554, 551, 550, 548, 546, 544, 542, 541, 539, 538, 538, 532, 536, 522, 535, 530, 520, 530, 520, 530, 530, 531, 532, 533, 534, 535, 536, 538, 540, 542, 544, 547, 550, 553, 556, 559, 561, 565, 569, 574, 579, 584, 590, 596, 601, 607, 614, 621, 628, 634, 641, 650]
[0, 589, 584, 579, 576, 572, 568, 566, 563, 561, 559, 556, 555, 546, 553, 552, 550, 548, 548, 547, 546, 546, 545, 535, 535, 535, 536, 536, 536, 536, 536, 537, 538, 539, 540, 542, 544, 546, 547, 550, 553, 556, 558, 561, 564, 567, 571, 577, 582, 586, 590, 595, 601, 601, 608, 620, 627, 628, 641, 641, 657]
[0, 592, 588, 584, 581, 576, 572, 568, 565, 563, 560, 558, 557, 555, 552, 551, 550, 548, 548, 547, 547, 546, 545, 545, 545, 545, 544, 545, 545, 545, 546, 546, 547, 539, 550, 552, 553, 556, 558, 550, 560, 563, 565, 569, 572, 576, 580, 584, 589, 593, 598, 603, 608, 614, 620, 627, 634, 642, 649, 656, 664]
[0, 589, 585, 581, 581, 576, 572, 569, 566, 564, 561, 559, 557, 555, 553, 552, 551, 550, 548, 547, 546, 545, 545, 545, 545, 545, 545, 544, 544, 545, 546, 547, 547, 549, 550, 551, 553, 555, 557, 559, 561, 564, 567, 570, 575, 579, 583, 588, 589, 596, 601, 607, 608, 612, 625, 631, 638, 642, 646, 661, 669]
[0, 591, 587, 583, 579, 576, 571, 567, 564, 561, 561, 559, 557, 556, 554, 552, 551, 550, 549, 547, 546, 546, 546, 545, 545, 545, 545, 545, 545, 546, 545, 546, 547, 548, 549, 553, 555, 555, 557, 559, 561, 563, 566, 570, 573, 577, 582, 586, 590, 595, 600, 605, 611, 616, 622, 630, 637, 644, 651, 658, 666]
[0, 597, 593, 589, 586, 581, 577, 574, 571, 568, 565, 563, 557, 560, 559, 557, 551, 555, 554, 553, 553, 552, 551, 551, 545, 545, 544, 545, 545, 545, 546, 547, 548, 549, 550, 552, 555, 554, 558, 559, 560, 563, 566, 569, 572, 577, 581, 584, 589, 593, 598, 604, 609, 614, 621, 627, 634, 642, 649, 657, 665]
[0, 610, 606, 602, 598, 595, 591, 574, 588, 585, 583, 580, 578, 575, 573, 571, 570, 569, 568, 567, 566, 565, 564, 551, 551, 551, 551, 550, 551, 551, 552, 552, 553, 554, 556, 558, 560, 560, 562, 565, 568, 570, 574, 569, 578, 586, 581, 590, 593, 598, 603, 608, 613, 619, 625, 632, 640, 646, 653, 661, 669]
[0, 612, 609, 604, 601, 597, 594, 590, 588, 585, 582, 579, 577, 575, 573, 571, 569, 568, 568, 567, 566, 565, 564, 564, 564, 564, 564, 565, 565, 551, 565, 552, 566, 567, 569, 571, 572, 575, 578, 580, 583, 586, 589, 592, 595, 599, 603, 608, 612, 617, 622, 627, 634, 641, 647, 653, 660, 668, 675, 683, 692]
[0, 613, 609, 604, 600, 597, 594, 590, 587, 584, 581, 579, 577, 575, 573, 571, 570, 569, 568, 567, 566, 565, 564, 564, 564, 564, 564, 564, 565, 565, 565, 565, 567, 568, 570, 571, 573, 576, 578, 581, 583, 586, 590, 593, 596, 601, 605, 609, 613, 617, 623, 629, 635, 642, 648, 655, 663, 669, 676, 685, 692]
[0, 611, 607, 603, 599, 595, 592, 589, 586, 583, 580, 578, 576, 574, 573, 572, 570, 569, 568, 567, 566, 565, 564, 564, 564, 563, 563, 563, 564, 564, 565, 566, 566, 568, 570, 571, 574, 575, 577, 580, 583, 586, 590, 592, 596, 600, 603, 607, 611, 617, 623, 629, 634, 641, 648, 655, 654, 668, 677, 685, 692]
[0, 620, 615, 611, 607, 604, 600, 598, 595, 583, 592, 589, 588, 586, 584, 583, 581, 579, 578, 577, 576, 576, 574, 564, 563, 564, 563, 563, 564, 565, 565, 566, 567, 569, 570, 572, 574, 577, 579, 582, 585, 586, 591, 592, 594, 597, 602, 606, 609, 614, 619, 625, 630, 637, 644, 650, 656, 664, 671, 679, 688]
[0, 619, 615, 612, 607, 609, 604, 601, 598, 595, 592, 589, 588, 587, 584, 583, 581, 580, 579, 579, 577, 576, 576, 574, 574, 575, 575, 575, 576, 576, 577, 578, 567, 578, 580, 582, 583, 588, 579, 590, 592, 595, 598, 601, 605, 609, 614, 618, 622, 628, 634, 639, 645, 651, 657, 663, 671, 679, 686, 695, 704]
[0, 638, 633, 629, 624, 620, 617, 614, 611, 595, 608, 606, 604, 601, 599, 598, 597, 596, 594, 594, 593, 593, 591, 575, 575, 576, 576, 575, 576, 577, 578, 578, 567, 579, 582, 583, 584, 587, 590, 592, 593, 596, 599, 603, 606, 610, 615, 619, 624, 629, 635, 641, 647, 653, 658, 666, 673, 681, 689, 698, 706]
[0, 640, 634, 629, 625, 621, 618, 615, 612, 609, 606, 605, 603, 601, 600, 598, 596, 596, 595, 594, 592, 593, 592, 592, 592, 592, 592, 592, 592, 592, 593, 594, 595, 597, 598, 599, 602, 604, 606, 609, 593, 613, 615, 618, 623, 626, 631, 636, 641, 647, 652, 658, 664, 670, 676, 683, 692, 700, 708, 716, 725]
[0, 646, 641, 636, 632, 629, 624, 620, 617, 615, 613, 611, 608, 606, 600, 605, 603, 601, 600, 599, 599, 598, 598, 592, 592, 592, 592, 592, 592, 593, 594, 594, 595, 596, 598, 599, 601, 604, 607, 611, 613, 614, 617, 621, 626, 630, 635, 641, 646, 651, 656, 658, 668, 670, 682, 683, 689, 698, 706, 713, 721]
[0, 645, 640, 635, 632, 628, 624, 620, 618, 615, 613, 611, 608, 606, 600, 604, 603, 601, 600, 601, 600, 599, 598, 598, 598, 598, 598, 598, 598, 599, 600, 601, 602, 604, 605, 606, 608, 611, 613, 615, 619, 623, 626, 629, 626, 638, 643, 641, 649, 653, 657, 663, 670, 676, 683, 690, 698, 706, 714, 722, 731]
[0, 656, 651, 647, 643, 639, 636, 633, 618, 627, 613, 621, 608, 619, 617, 615, 613, 613, 612, 611, 610, 609, 608, 597, 598, 598, 598, 598, 598, 599, 600, 601, 602, 604, 606, 607, 608, 609, 613, 615, 616, 619, 622, 626, 629, 633, 638, 644, 649, 653, 657, 664, 671, 678, 684, 692, 700, 708, 715, 723, 732]
[0, 656, 651, 647, 643, 639, 635, 633, 630, 627, 613, 621, 608, 619, 617, 615, 613, 613, 612, 611, 609, 609, 608, 608, 608, 608, 608, 608, 609, 609, 610, 611, 613, 614, 616, 618, 608, 622, 625, 615, 628, 634, 622, 639, 643, 647, 651, 656, 661, 666, 671, 678, 684, 691, 698, 706, 713, 720, 728, 737, 748]
[0, 663, 660, 656, 651, 648, 635, 644, 641, 638, 636, 633, 631, 628, 626, 624, 623, 622, 621, 620, 620, 620, 619, 608, 608, 608, 608, 608, 609, 609, 610, 611, 613, 614, 616, 618, 619, 622, 622, 628, 628, 631, 634, 639, 643, 647, 651, 656, 661, 666, 671, 678, 684, 691, 698, 706, 713, 720, 728, 737, 748]
[0, 664, 661, 657, 652, 648, 648, 642, 641, 639, 636, 633, 632, 629, 626, 624, 623, 622, 621, 620, 620, 620, 619, 618, 618, 618, 618, 618, 619, 620, 621, 623, 613, 626, 616, 628, 630, 632, 635, 638, 641, 645, 648, 652, 655, 659, 663, 668, 674, 681, 686, 691, 699, 706, 712, 719, 726, 735, 745, 755, 764]
[0, 678, 661, 674, 669, 664, 660, 657, 653, 651, 649, 647, 645, 643, 640, 639, 637, 636, 634, 634, 634, 633, 633, 618, 618, 618, 618, 618, 619, 619, 621, 623, 625, 626, 616, 628, 630, 632, 635, 638, 640, 644, 647, 650, 655, 660, 664, 669, 674, 680, 685, 692, 699, 706, 713, 720, 727, 736, 745, 756, 765]
[0, 681, 677, 673, 668, 664, 660, 656, 653, 650, 648, 647, 645, 643, 640, 638, 637, 636, 635, 634, 634, 633, 632, 632, 618, 627, 622, 628, 619, 633, 634, 635, 636, 638, 641, 644, 646, 647, 648, 651, 654, 658, 662, 666, 671, 675, 679, 684, 690, 696, 703, 709, 714, 722, 730, 738, 746, 755, 765, 776, 784]
[0, 680, 675, 671, 667, 663, 659, 656, 652, 650, 648, 646, 644, 643, 643, 641, 639, 637, 636, 634, 633, 633, 632, 632, 631, 627, 622, 626, 631, 633, 634, 636, 637, 638, 641, 644, 645, 648, 650, 653, 656, 659, 663, 667, 671, 676, 681, 686, 692, 699, 705, 709, 716, 724, 730, 740, 746, 749, 758, 766, 776]
[0, 695, 689, 684, 680, 676, 672, 668, 665, 650, 661, 646, 659, 656, 654, 653, 651, 650, 649, 648, 648, 647, 646, 632, 629, 623, 621, 626, 632, 633, 634, 636, 637, 640, 643, 645, 647, 648, 651, 654, 657, 660, 665, 669, 673, 678, 681, 683, 689, 695, 701, 707, 712, 718, 727, 736, 744, 753, 763, 772, 781]
[0, 707, 704, 699, 694, 691, 687, 682, 680, 677, 675, 672, 659, 667, 666, 653, 664, 663, 663, 662, 661, 660, 659, 639, 628, 621, 619, 623, 632, 643, 648, 649, 651, 653, 655, 657, 659, 662, 665, 668, 657, 674, 678, 669, 682, 688, 693, 702, 689, 707, 713, 719, 727, 734, 742, 750, 759, 767, 776, 786, 796]
[0, 716, 711, 706, 702, 699, 695, 692, 688, 684, 682, 679, 677, 676, 675, 653, 672, 663, 670, 668, 667, 667, 666, 0, 627, 620, 619, 622, 632, 643, 0, 663, 664, 666, 668, 671, 674, 676, 678, 681, 685, 688, 693, 698, 703, 708, 711, 717, 722, 707, 727, 742, 727, 758, 742, 766, 774, 784, 794, 815, 796]
[0, 716, 711, 706, 703, 700, 696, 692, 688, 685, 682, 679, 678, 676, 675, 673, 673, 671, 669, 668, 668, 667, 666, 0, 627, 620, 617, 620, 632, 643, 0, 671, 673, 674, 676, 678, 679, 682, 686, 689, 693, 697, 701, 705, 710, 714, 718, 724, 730, 736, 744, 742, 759, 758, 775, 783, 793, 784, 813, 823, 796]
[0, 718, 714, 710, 706, 702, 699, 696, 688, 692, 689, 686, 684, 682, 679, 678, 677, 676, 675, 673, 672, 671, 669, 0, 627, 621, 618, 619, 632, 643, 0, 670, 672, 674, 675, 678, 681, 683, 685, 689, 692, 697, 701, 705, 710, 714, 718, 724, 729, 736, 743, 750, 758, 766, 774, 783, 792, 802, 812, 822, 831]
[0, 722, 716, 712, 708, 704, 701, 698, 693, 689, 686, 685, 682, 680, 679, 677, 676, 675, 674, 673, 672, 671, 669, 0, 624, 619, 618, 621, 632, 643, 0, 675, 677, 678, 681, 684, 687, 689, 693, 689, 696, 698, 702, 707, 712, 716, 720, 725, 731, 737, 744, 752, 760, 766, 773, 783, 793, 801, 811, 821, 831]
[0, 736, 731, 726, 721, 717, 714, 711, 708, 705, 703, 700, 697, 696, 693, 691, 691, 690, 689, 689, 686, 671, 685, 0, 628, 621, 618, 618, 632, 643, 0, 674, 676, 677, 679, 682, 685, 688, 690, 694, 697, 701, 705, 709, 713, 718, 722, 727, 733, 739, 746, 755, 762, 770, 778, 786, 796, 806, 815, 824, 833]
[0, 733, 731, 728, 723, 719, 716, 712, 709, 706, 703, 701, 699, 697, 696, 694, 692, 690, 690, 688, 687, 686, 0, 0, 627, 619, 615, 617, 632, 643, 0, 690, 692, 695, 697, 699, 702, 705, 707, 709, 712, 716, 720, 724, 730, 734, 739, 746, 753, 759, 765, 773, 781, 789, 799, 808, 816, 825, 834, 845, 857]
[0, 742, 737, 732, 727, 723, 718, 715, 713, 711, 708, 706, 699, 704, 702, 700, 699, 698, 697, 696, 695, 693, 693, 634, 627, 617, 615, 621, 632, 643, 0, 691, 693, 695, 698, 0, 701, 704, 706, 708, 711, 714, 718, 723, 728, 732, 738, 744, 750, 756, 763, 771, 778, 785, 794, 803, 813, 822, 831, 841, 852]
[0, 750, 745, 739, 735, 731, 727, 724, 720, 717, 715, 706, 713, 711, 710, 708, 706, 705, 705, 703, 702, 702, 701, 0, 622, 616, 616, 619, 632, 643, 0, 698, 700, 703, 704, 706, 709, 711, 714, 716, 720, 725, 729, 734, 728, 743, 749, 756, 750, 768, 776, 784, 791, 785, 800, 809, 818, 827, 836, 845, 856]
[0, 749, 745, 739, 734, 730, 727, 726, 722, 720, 717, 715, 713, 711, 709, 707, 706, 705, 703, 702, 701, 701, 0, 0, 622, 616, 616, 619, 632, 643, 0, 706, 708, 710, 712, 714, 716, 720, 723, 726, 720, 734, 729, 743, 728, 748, 753, 760, 766, 773, 780, 786, 794, 804, 812, 821, 830, 838, 848, 859, 869]
[0, 764, 758, 753, 749, 744, 740, 737, 733, 731, 728, 725, 713, 723, 721, 719, 718, 718, 717, 716, 714, 714, 715, 0, 620, 617, 616, 619, 620, 643, 0, 707, 709, 711, 713, 0, 717, 720, 719, 723, 727, 731, 735, 739, 744, 749, 755, 762, 767, 773, 780, 788, 797, 805, 814, 822, 830, 839, 850, 861, 870]
[0, 767, 763, 758, 753, 749, 744, 740, 737, 734, 731, 729, 726, 723, 722, 721, 720, 720, 719, 716, 718, 717, 717, 0, 620, 616, 616, 620, 620, 643, 0, 719, 721, 724, 725, 728, 731, 734, 737, 741, 745, 731, 750, 758, 744, 763, 769, 775, 782, 790, 797, 804, 812, 820, 828, 835, 844, 856, 866, 875, 885]
[0, 772, 767, 762, 758, 753, 749, 745, 741, 738, 736, 733, 730, 728, 726, 725, 720, 723, 719, 722, 721, 721, 721, 0, 622, 615, 613, 617, 620, 643, 0, 723, 724, 727, 729, 732, 734, 737, 740, 744, 749, 753, 757, 762, 767, 772, 778, 785, 793, 801, 807, 814, 823, 831, 839, 849, 859, 869, 878, 888, 901]
[0, 787, 783, 778, 773, 769, 749, 765, 762, 759, 756, 753, 750, 747, 745, 743, 742, 741, 740, 740, 738, 737, 0, 0, 620, 616, 616, 619, 620, 643, 0, 726, 729, 731, 732, 735, 738, 741, 744, 748, 752, 756, 761, 765, 770, 775, 781, 788, 795, 803, 810, 814, 826, 831, 833, 842, 852, 863, 873, 881, 891]
[0, 788, 784, 778, 774, 770, 767, 764, 760, 756, 752, 749, 748, 746, 744, 743, 743, 742, 741, 739, 738, 738, 739, 630, 620, 618, 612, 612, 634, 0, 743, 745, 747, 750, 752, 755, 758, 762, 764, 767, 771, 756, 776, 780, 785, 791, 798, 805, 811, 817, 825, 832, 839, 848, 858, 868, 876, 885, 894, 905, 917]
[0, 807, 801, 797, 793, 788, 783, 764, 780, 776, 772, 769, 768, 766, 763, 761, 761, 761, 758, 757, 757, 757, 0, 0, 618, 614, 616, 618, 626, 0, 743, 745, 747, 749, 751, 754, 757, 761, 764, 767, 770, 774, 778, 784, 790, 796, 803, 810, 817, 823, 830, 837, 846, 855, 864, 873, 882, 890, 901, 913, 926]
[0, 813, 801, 808, 804, 799, 795, 791, 786, 782, 780, 778, 774, 771, 770, 769, 768, 766, 766, 766, 764, 764, 0, 0, 616, 614, 612, 618, 616, 0, 762, 764, 766, 768, 770, 772, 776, 780, 783, 787, 791, 774, 795, 800, 812, 796, 826, 810, 831, 838, 846, 854, 863, 870, 878, 888, 898, 908, 919, 931, 941]
[0, 815, 811, 807, 801, 796, 792, 788, 784, 781, 779, 776, 773, 771, 771, 769, 768, 767, 766, 765, 764, 764, 0, 0, 624, 615, 611, 612, 619, 0, 0, 764, 772, 775, 777, 779, 782, 786, 789, 792, 798, 803, 807, 811, 817, 824, 829, 835, 841, 850, 860, 867, 875, 883, 890, 901, 912, 922, 934, 945, 955]
[0, 826, 820, 816, 812, 807, 803, 799, 795, 792, 788, 785, 783, 781, 771, 779, 778, 777, 776, 773, 772, 772, 0, 0, 616, 615, 612, 616, 628, 0, 770, 771, 773, 776, 779, 781, 784, 787, 791, 795, 800, 805, 810, 811, 816, 827, 829, 839, 841, 846, 856, 865, 871, 878, 886, 896, 906, 918, 931, 941, 951]
[0, 825, 820, 816, 811, 807, 803, 799, 795, 792, 787, 785, 783, 781, 771, 779, 778, 777, 776, 773, 772, 771, 0, 0, 615, 611, 612, 615, 627, 0, 779, 780, 783, 785, 787, 791, 795, 798, 802, 806, 810, 814, 819, 825, 830, 836, 829, 852, 860, 846, 867, 873, 881, 889, 898, 908, 918, 930, 941, 951, 961]
[0, 851, 844, 839, 835, 831, 827, 799, 820, 792, 816, 814, 812, 809, 807, 806, 804, 803, 803, 801, 800, 799, 0, 629, 615, 611, 611, 615, 626, 0, 779, 781, 783, 785, 787, 791, 794, 798, 802, 806, 810, 814, 819, 824, 830, 836, 843, 852, 860, 860, 873, 880, 881, 898, 898, 908, 918, 929, 941, 950, 960]
[0, 851, 849, 844, 838, 834, 831, 826, 823, 819, 815, 812, 811, 809, 806, 805, 804, 803, 802, 801, 801, 801, 0, 629, 620, 613, 610, 611, 616, 0, 0, 808, 811, 814, 816, 820, 794, 826, 829, 806, 833, 837, 841, 849, 857, 863, 869, 875, 881, 888, 896, 905, 914, 925, 935, 945, 956, 966, 978, 990, 1002]
[0, 851, 845, 839, 835, 831, 828, 825, 821, 817, 815, 814, 812, 810, 807, 806, 805, 804, 803, 802, 800, 801, 0, 0, 618, 611, 609, 612, 620, 0, 0, 0, 810, 812, 815, 818, 821, 824, 827, 831, 835, 839, 845, 853, 860, 866, 871, 877, 884, 892, 899, 908, 920, 929, 937, 946, 958, 972, 984, 995, 1007]
[0, 851, 844, 839, 834, 831, 831, 828, 825, 820, 816, 813, 811, 809, 807, 806, 805, 804, 802, 801, 801, 801, 0, 625, 615, 611, 611, 611, 620, 0, 806, 809, 812, 814, 817, 821, 825, 827, 830, 833, 837, 843, 849, 853, 857, 864, 869, 875, 882, 889, 897, 905, 915, 925, 934, 945, 956, 966, 978, 990, 1002]
[0, 866, 861, 855, 850, 844, 839, 836, 833, 829, 826, 824, 822, 820, 818, 816, 815, 814, 812, 811, 812, 811, 0, 0, 621, 612, 610, 612, 619, 0, 0, 810, 813, 814, 814, 818, 822, 825, 827, 831, 835, 839, 845, 853, 860, 867, 872, 877, 883, 892, 900, 909, 919, 929, 939, 948, 958, 970, 982, 995, 1006]
[0, 882, 878, 873, 850, 865, 839, 861, 857, 852, 849, 846, 843, 840, 838, 836, 836, 834, 833, 831, 832, 833, 0, 0, 616, 611, 612, 615, 621, 0, 0, 0, 822, 824, 827, 830, 832, 835, 837, 843, 849, 852, 859, 866, 871, 877, 882, 889, 897, 906, 915, 924, 934, 942, 951, 963, 975, 987, 997, 1009, 1022]
[0, 894, 889, 885, 880, 876, 872, 869, 865, 860, 857, 855, 852, 851, 848, 846, 844, 834, 842, 831, 841, 840, 844, 0, 619, 611, 609, 611, 619, 0, 0, 842, 822, 846, 849, 853, 857, 861, 865, 868, 872, 877, 881, 885, 891, 899, 907, 915, 923, 931, 939, 948, 957, 968, 980, 990, 1000, 1012, 1024, 1036, 1050]
[0, 910, 904, 898, 894, 891, 886, 881, 876, 874, 873, 871, 869, 866, 848, 864, 864, 834, 864, 863, 862, 862, 0, 0, 614, 609, 609, 614, 624, 0, 0, 0, 855, 858, 861, 865, 868, 871, 875, 879, 883, 887, 893, 899, 907, 915, 922, 930, 938, 946, 955, 963, 975, 988, 997, 1007, 1000, 1031, 1024, 1043, 1055]
[0, 918, 910, 904, 900, 896, 890, 887, 884, 880, 877, 871, 875, 872, 848, 870, 869, 868, 867, 866, 865, 866, 0, 625, 614, 609, 608, 609, 625, 0, 0, 873, 876, 879, 882, 886, 889, 893, 897, 903, 909, 914, 920, 928, 936, 942, 949, 957, 966, 975, 986, 995, 1004, 1015, 1028, 1007, 1039, 1050, 1062, 1075, 1087]
[0, 937, 932, 927, 922, 917, 912, 907, 903, 901, 898, 894, 892, 891, 889, 888, 887, 885, 884, 866, 884, 884, 890, 622, 612, 609, 608, 608, 613, 0, 871, 875, 878, 879, 883, 888, 890, 893, 898, 903, 909, 914, 921, 929, 935, 942, 949, 957, 966, 965, 974, 984, 994, 1004, 1015, 1028, 1039, 1049, 1062, 1076, 1089]
[0, 937, 932, 928, 923, 917, 912, 908, 904, 901, 897, 894, 892, 891, 889, 887, 886, 885, 884, 866, 884, 884, 889, 0, 612, 608, 609, 608, 623, 0, 0, 896, 898, 901, 904, 908, 914, 918, 923, 929, 934, 940, 945, 950, 959, 966, 974, 984, 992, 1001, 1009, 1018, 1029, 1039, 1051, 1064, 1076, 1087, 1100, 1076, 1116]
[0, 938, 932, 927, 922, 918, 913, 907, 903, 901, 897, 895, 893, 891, 889, 887, 886, 885, 884, 885, 884, 885, 0, 0, 612, 608, 608, 613, 623, 0, 0, 895, 898, 901, 904, 908, 914, 918, 923, 929, 934, 940, 945, 950, 959, 966, 974, 983, 992, 1001, 1009, 1018, 1028, 1039, 1051, 1063, 1075, 1087, 1100, 1114, 1116]
[0, 1006, 1001, 995, 991, 985, 978, 972, 968, 964, 962, 958, 956, 955, 955, 953, 950, 950, 951, 950, 950, 950, 0, 622, 612, 608, 608, 612, 623, 0, 0, 895, 898, 901, 904, 909, 914, 918, 923, 930, 935, 940, 945, 951, 959, 966, 975, 984, 993, 1002, 1009, 1018, 1030, 1040, 1052, 1064, 1078, 1087, 1091, 1103, 1117]
[0, 1006, 997, 995, 992, 986, 981, 974, 968, 965, 964, 960, 956, 955, 954, 953, 952, 952, 951, 950, 950, 951, 0, 0, 611, 607, 606, 610, 618, 0, 0, 965, 968, 972, 976, 980, 985, 991, 994, 999, 1006, 1012, 1018, 1027, 1034, 1041, 1050, 1059, 1067, 1077, 1086, 1096, 1108, 1121, 1134, 1149, 1162, 1174, 1189, 1205, 1222]
[0, 1006, 1001, 995, 989, 984, 979, 974, 970, 966, 963, 959, 957, 955, 954, 953, 952, 951, 951, 951, 951, 954, 0, 0, 612, 607, 606, 608, 615, 0, 966, 965, 972, 972, 976, 981, 986, 990, 995, 1000, 1006, 1012, 1019, 1026, 1034, 1043, 1051, 1059, 1067, 1077, 1088, 1098, 1108, 1121, 1135, 1150, 1162, 1174, 1189, 1203, 1219]
[0, 1031, 1025, 1020, 1015, 1010, 1005, 1001, 998, 995, 992, 990, 988, 985, 984, 984, 952, 982, 981, 981, 981, 981, 0, 0, 611, 607, 606, 610, 619, 0, 0, 965, 969, 973, 977, 980, 985, 992, 995, 1000, 1008, 1015, 1020, 1027, 1036, 1043, 1051, 1060, 1070, 1079, 1086, 1097, 1111, 1123, 1136, 1152, 1165, 1176, 1190, 1206, 1227]
[0, 1032, 1026, 1020, 1015, 1010, 1005, 1001, 997, 994, 991, 990, 988, 985, 985, 983, 983, 982, 981, 981, 982, 983, 0, 0, 615, 609, 606, 606, 609, 0, 0, 1000, 1002, 1004, 1007, 1012, 1018, 1022, 1026, 1033, 1040, 1047, 1055, 1061, 1070, 1079, 1087, 1094, 1103, 1116, 1128, 1139, 1111, 1152, 1174, 1152, 1188, 1203, 1219, 1235, 1252]
[0, 1065, 1059, 1053, 1046, 1040, 1036, 1032, 1027, 1023, 1019, 1017, 1015, 1013, 1013, 983, 1011, 1010, 981, 1010, 1009, 1009, 0, 0, 613, 609, 607, 606, 610, 0, 0, 0, 1001, 1004, 1010, 1015, 1019, 1022, 1027, 1034, 1041, 1047, 1055, 1062, 1071, 1079, 1087, 1094, 1096, 1107, 1117, 1129, 1142, 1153, 1163, 1176, 1191, 1204, 1220, 1237, 1255]
[0, 1068, 1061, 1054, 1048, 1042, 1038, 1034, 1029, 1022, 1020, 1018, 1017, 1016, 1015, 1013, 1012, 1012, 1011, 1011, 1010, 1012, 0, 0, 619, 607, 603, 606, 610, 0, 0, 1028, 1032, 1036, 1039, 1044, 1047, 1051, 1058, 1067, 1073, 1078, 1086, 1094, 1105, 1113, 1120, 1130, 1141, 1152, 1164, 1175, 1186, 1199, 1163, 1227, 1191, 1244, 1258, 1276, 1294]
[0, 1061, 1061, 1055, 1050, 1044, 1038, 1034, 1031, 1027, 1023, 1018, 1017, 1016, 1015, 1013, 1012, 1012, 1011, 1011, 1010, 1012, 0, 0, 611, 607, 606, 609, 618, 0, 0, 1029, 1032, 1036, 1039, 1042, 1047, 1053, 1059, 1065, 1072, 1077, 1084, 1091, 1100, 1111, 1118, 1127, 1141, 1152, 1160, 1171, 1181, 1194, 1207, 1223, 1241, 1255, 1271, 1290, 1294]
[0, 1061, 1060, 1054, 1050, 1045, 1038, 1034, 1030, 1026, 1022, 1019, 1017, 1016, 1016, 1013, 1012, 1012, 1012, 1011, 1010, 1012, 0, 0, 611, 606, 606, 609, 616, 0, 1029, 1033, 1032, 1036, 1039, 1042, 1046, 1053, 1059, 1065, 1072, 1078, 1084, 1091, 1100, 1111, 1119, 1128, 1141, 1152, 1161, 1171, 1182, 1194, 1206, 1223, 1240, 1255, 1271, 1290, 1294]
[0, 1108, 1101, 1095, 1088, 1082, 1079, 1076, 1072, 1069, 1065, 1062, 1061, 1060, 1059, 1059, 1012, 1059, 1058, 1057, 1058, 1059, 0, 0, 611, 607, 606, 609, 618, 0, 1029, 1029, 1032, 1036, 1040, 1042, 1047, 1054, 1059, 1065, 1072, 1078, 1084, 1092, 1100, 1111, 1119, 1128, 1141, 1152, 1161, 1171, 1182, 1194, 1207, 1223, 1241, 1255, 1272, 1290, 1294]
[0, 1117, 1111, 1105, 1098, 1092, 1086, 1082, 1078, 1075, 1073, 1071, 1061, 1067, 1064, 1064, 1062, 1061, 1061, 1061, 1060, 1061, 0, 0, 615, 607, 604, 605, 610, 0, 0, 1082, 1086, 1089, 1094, 1099, 1106, 1113, 1118, 1125, 1133, 1142, 1150, 1158, 1166, 1175, 1185, 1194, 1202, 1214, 1227, 1239, 1254, 1268, 1284, 1302, 1241, 1326, 1272, 1350, 1368]
[0, 1152, 1145, 1139, 1131, 1124, 1119, 1115, 1111, 1106, 1102, 1099, 1097, 1096, 1095, 1064, 1094, 1093, 1093, 1092, 1092, 1092, 0, 0, 613, 606, 604, 606, 611, 0, 0, 1083, 1086, 1090, 1095, 1100, 1105, 1110, 1117, 1125, 1132, 1142, 1150, 1157, 1166, 1175, 1185, 1194, 1203, 1216, 1228, 1242, 1254, 1256, 1269, 1286, 1304, 1321, 1338, 1356, 1374]
[0, 1165, 1159, 1152, 1147, 1142, 1134, 1128, 1125, 1122, 1119, 1099, 1113, 1096, 1112, 1111, 1109, 1108, 1109, 1109, 1109, 1111, 0, 0, 613, 607, 605, 605, 610, 0, 0, 1115, 1121, 1126, 1131, 1136, 1142, 1149, 1154, 1160, 1168, 1176, 1182, 1190, 1199, 1207, 1217, 1229, 1240, 1252, 1265, 1281, 1299, 1256, 1321, 1344, 1361, 1378, 1395, 1356, 0]
[0, 1168, 1161, 1154, 1149, 1143, 1137, 1131, 1127, 1123, 1118, 1114, 1113, 1112, 1111, 1110, 1109, 1108, 1109, 1109, 1109, 1110, 0, 0, 614, 606, 604, 605, 610, 0, 0, 1135, 1142, 1149, 1151, 1155, 1161, 1165, 1169, 1177, 1185, 1191, 1199, 1207, 1219, 1230, 1238, 1246, 1259, 1274, 1288, 1304, 1321, 1338, 1353, 1370, 1398, 1378, 1421, 1356, 0]
[0, 1170, 1165, 1158, 1151, 1147, 1141, 1134, 1129, 1125, 1121, 1117, 1115, 1113, 1112, 1111, 1108, 1108, 1111, 1111, 1110, 1110, 0, 0, 613, 607, 605, 604, 608, 0, 0, 1135, 1141, 1147, 1151, 1155, 1160, 1165, 1171, 1179, 1184, 1191, 1199, 1208, 1219, 1229, 1237, 1248, 1260, 1272, 1286, 1304, 1321, 1327, 1351, 1368, 1394, 1411, 1420, 0, 0]
[0, 1186, 1178, 1172, 1167, 1162, 1157, 1152, 1149, 1145, 1139, 1135, 1134, 1113, 1132, 1130, 1108, 1128, 1128, 1129, 1129, 1132, 0, 0, 608, 607, 606, 606, 608, 0, 0, 1133, 1138, 1144, 1150, 1155, 1159, 1164, 1170, 1179, 1185, 1191, 1199, 1207, 1215, 1227, 1236, 1246, 1259, 1271, 1285, 1300, 1321, 1325, 1350, 1366, 1393, 1410, 1419, 0, 0]
[0, 1184, 1178, 1178, 1171, 1166, 1162, 1157, 1152, 1148, 1145, 1140, 1136, 1134, 1133, 1132, 1131, 1131, 1132, 1131, 1131, 1135, 0, 0, 613, 606, 604, 604, 609, 0, 0, 1159, 1164, 1168, 1171, 1175, 1180, 1187, 1193, 1198, 1207, 1215, 1223, 1233, 1241, 1251, 1264, 1274, 1283, 1295, 1285, 0, 1361, 1371, 1387, 1409, 1421, 0, 0, 1492, 1511]
[0, 1242, 1236, 1230, 1223, 1215, 1209, 1205, 1201, 1198, 1195, 1193, 1136, 1190, 1188, 1186, 1186, 1187, 1187, 1187, 1189, 1191, 0, 0, 609, 604, 604, 607, 615, 0, 1159, 1164, 1167, 1169, 1174, 1179, 1185, 1187, 1192, 1199, 1206, 1212, 1220, 1231, 1239, 1247, 1259, 1271, 1283, 1295, 1314, 0, 1347, 1369, 1385, 1404, 1414, 1428, 1455, 1486, 1506]
[0, 1246, 1239, 1233, 1225, 1217, 1212, 1207, 1203, 1198, 1195, 1194, 1192, 1192, 1190, 1187, 1186, 1186, 1186, 1188, 1191, 1191, 0, 0, 613, 604, 602, 605, 610, 0, 0, 1222, 1225, 1228, 1234, 1240, 1245, 1252, 1263, 1273, 1283, 1293, 1307, 1327, 1338, 1340, 1345, 1355, 1370, 1390, 1404, 1414, 1428, 1443, 1462, 1481, 1501, 1526, 1549, 1486, 1506]
[0, 1246, 1239, 1233, 1226, 1218, 1212, 1206, 1202, 1198, 1195, 1193, 1191, 1191, 1190, 1187, 1186, 1186, 1186, 1187, 1190, 1191, 0, 0, 614, 606, 603, 603, 610, 0, 0, 1221, 1225, 1228, 1231, 1239, 1245, 1253, 1263, 1269, 1279, 1292, 1309, 1324, 1329, 1335, 1346, 1355, 1366, 1385, 1399, 1411, 1426, 1443, 1461, 1480, 1501, 1525, 1547, 1486, 1506]
[0, 1307, 1303, 1296, 1288, 1282, 1275, 1268, 1265, 1262, 1258, 1256, 1255, 1254, 1252, 1251, 1251, 1250, 1252, 1254, 1256, 1191, 0, 0, 614, 606, 603, 603, 609, 0, 0, 1221, 1225, 1229, 1232, 1239, 1244, 1252, 1263, 1269, 1279, 1294, 1311, 1324, 1328, 1334, 1346, 1355, 1366, 1384, 1399, 1410, 1426, 1443, 1461, 1480, 1501, 1524, 1546, 1564, 1580]
[0, 1314, 1309, 1301, 1291, 1283, 1276, 1270, 1265, 1263, 1259, 1256, 1255, 1254, 1252, 1251, 1251, 1250, 1252, 1254, 1255, 1191, 0, 616, 614, 605, 601, 603, 0, 0, 1288, 1221, 1289, 1291, 1296, 1302, 1311, 1323, 1332, 1340, 1348, 1354, 1364, 1375, 1386, 1394, 1404, 1418, 1430, 1442, 1451, 1461, 1473, 1486, 1498, 1508, 1522, 1537, 1551, 1565, 1579]
[0, 1358, 1348, 1341, 1335, 1283, 1276, 1321, 1311, 1308, 1306, 1303, 0, 1299, 1252, 1299, 1299, 1298, 1304, 1313, 1317, 1313, 0, 616, 605, 605, 602, 606, 615, 0, 0, 1289, 1292, 1298, 1302, 0, 1311, 1322, 1331, 1341, 1348, 1356, 1366, 1376, 1386, 1395, 1406, 1418, 1429, 1440, 1451, 1462, 1474, 1484, 1494, 1507, 1519, 1532, 1547, 1563, 1578]
[0, 1383, 1378, 1372, 1365, 1360, 1352, 1345, 1340, 1308, 1306, 1303, 0, 1331, 1321, 1321, 0, 1324, 1322, 1322, 1329, 1313, 0, 0, 611, 604, 601, 604, 612, 0, 0, 1337, 1342, 1347, 1352, 1358, 1363, 1371, 1374, 1376, 1380, 1384, 1391, 1399, 1406, 1413, 1421, 1429, 1436, 1445, 1455, 1464, 1477, 1490, 1494, 1500, 1512, 1525, 1537, 1552, 1570]
[0, 1381, 1375, 1368, 1363, 1356, 1349, 1344, 1340, 1336, 1306, 1303, 1330, 1323, 1320, 1322, 1326, 1328, 1324, 1325, 1331, 1313, 0, 0, 616, 602, 601, 603, 616, 0, 0, 1357, 1361, 1362, 1352, 1362, 1367, 1370, 1373, 1377, 1378, 1382, 1388, 1393, 1400, 1407, 1412, 1419, 1429, 1440, 1450, 1461, 1473, 1484, 1495, 1507, 1518, 1531, 1546, 1562, 1575]
[0, 1382, 1375, 1369, 1362, 1358, 1351, 1346, 1344, 1340, 1337, 1303, 1330, 1323, 1320, 1322, 1334, 1332, 1328, 1326, 1335, 1340, 0, 0, 612, 606, 602, 602, 609, 0, 0, 1356, 1360, 1365, 1366, 1363, 1367, 1371, 1373, 1377, 1381, 1386, 1390, 1395, 1404, 1410, 1416, 1425, 1433, 1441, 1449, 1460, 1474, 1486, 1498, 1508, 1521, 1534, 1547, 1564, 1579]
[0, 1411, 1403, 1396, 1390, 1383, 1377, 1373, 1369, 1366, 1364, 1361, 1359, 1358, 1357, 1354, 1351, 1351, 1351, 1352, 1353, 1340, 0, 0, 611, 604, 601, 603, 610, 0, 0, 1358, 1362, 1364, 1360, 1360, 1366, 1370, 1373, 1376, 1380, 1384, 1392, 1399, 1405, 1413, 1419, 1426, 1435, 1443, 1453, 1464, 1476, 1488, 1500, 1512, 1523, 1534, 1553, 1567, 1579]
[0, 1411, 0, 1420, 1416, 1413, 1408, 1402, 1393, 1390, 1391, 1387, 1385, 1383, 1380, 1378, 1378, 1376, 1376, 1377, 1378, 1340, 0, 0, 615, 606, 602, 602, 608, 621, 0, 1360, 1357, 1357, 1362, 1366, 1368, 1372, 1374, 1377, 1379, 1382, 1387, 1395, 1402, 1408, 1413, 1419, 1430, 1442, 1450, 1459, 1472, 1483, 1495, 1507, 1521, 1532, 1543, 1560, 1578]
[0, 1501, 1494, 1485, 1479, 1472, 1467, 1402, 1393, 1390, 1452, 1432, 1417, 1407, 1401, 1398, 0, 1392, 1385, 1382, 1378, 1374, 0, 0, 614, 605, 602, 603, 608, 621, 0, 1356, 1357, 1358, 1361, 1363, 1365, 1368, 1372, 1376, 1380, 1385, 1393, 1398, 1403, 1409, 1415, 1424, 1432, 1438, 1446, 1460, 1473, 1485, 1498, 1508, 1520, 1536, 1549, 1563, 1579]
[0, 1503, 1496, 1490, 1485, 1476, 1467, 1402, 1393, 1390, 1452, 1435, 1422, 1410, 1406, 1401, 1394, 1388, 1383, 1378, 1375, 1374, 0, 0, 609, 603, 601, 604, 610, 621, 0, 1354, 1355, 1358, 1360, 1364, 1366, 1370, 1374, 1376, 1379, 1383, 1390, 1395, 1401, 1407, 1416, 1428, 1435, 1441, 1451, 1460, 1474, 1485, 1488, 1499, 1510, 1523, 1536, 1551, 1566]
[0, 1540, 1532, 1521, 1506, 1476, 1493, 1480, 1466, 1454, 1443, 1432, 1423, 1415, 1408, 1401, 1394, 1388, 1382, 1379, 1375, 1374, 0, 0, 615, 606, 603, 603, 0, 620, 0, 1360, 1356, 1357, 1358, 1362, 1365, 1367, 1371, 1375, 1379, 1382, 1386, 1392, 1399, 1408, 1413, 1419, 1430, 1441, 1449, 1456, 1468, 1482, 1495, 1507, 1520, 1531, 1543, 1560, 1577]
[0, 1544, 1533, 1523, 1510, 1496, 1482, 1469, 1457, 1447, 1438, 1430, 1419, 1408, 1402, 1401, 1398, 1392, 1385, 1381, 1377, 1374, 0, 0, 615, 603, 603, 603, 607, 615, 0, 1355, 1356, 1356, 1356, 1360, 1366, 1369, 1373, 1375, 1376, 1380, 1384, 1389, 1399, 1405, 1409, 1418, 1426, 1434, 1443, 1456, 1469, 1477, 1491, 1502, 1512, 1528, 1542, 1554, 1570]
[0, 1547, 1535, 1524, 1512, 1500, 1486, 1473, 1461, 1449, 1437, 1427, 1420, 1413, 1407, 1399, 1392, 1386, 1380, 1377, 1374, 1374, 0, 0, 610, 604, 601, 603, 610, 615, 0, 1355, 1355, 1355, 1355, 1357, 1362, 1366, 1371, 1375, 1379, 1383, 1387, 1392, 1399, 1406, 1412, 1422, 1434, 1441, 1447, 1458, 1474, 1477, 1493, 1502, 1504, 1519, 1535, 1550, 1566]
[0, 1541, 1528, 1524, 1513, 1501, 1490, 1478, 1466, 1454, 1444, 1433, 1425, 1416, 1407, 1401, 1395, 1389, 1383, 1379, 1371, 1374, 0, 0, 614, 605, 602, 602, 608, 615, 0, 1356, 1356, 1357, 1357, 1360, 1365, 1365, 1369, 1375, 1378, 1381, 1385, 1393, 1399, 1405, 1411, 1420, 1431, 1438, 1445, 1458, 1472, 1484, 1493, 1503, 1520, 1532, 1545, 1559, 1575]
[0, 1549, 1534, 1523, 1510, 1496, 1485, 1472, 1459, 1447, 1438, 1428, 1421, 1413, 1405, 1399, 1392, 1385, 1383, 1381, 1377, 1373, 0, 618, 606, 605, 602, 602, 606, 616, 0, 1356, 1356, 1356, 1357, 1360, 1363, 1366, 1369, 1372, 1376, 1380, 1384, 1389, 1396, 1403, 1410, 1414, 1423, 1434, 1443, 1452, 1464, 1476, 1490, 1501, 1511, 1522, 1536, 1553, 1569]
[0, 1544, 1533, 1522, 1509, 1496, 1483, 1470, 1457, 1447, 1437, 1428, 1420, 1411, 1403, 1399, 1392, 1385, 1385, 1380, 1376, 1373, 0, 0, 611, 604, 601, 603, 609, 616, 0, 1355, 1353, 1352, 1355, 1357, 1361, 1365, 1371, 1375, 1378, 1382, 1386, 1392, 1399, 1406, 1412, 1422, 1433, 1439, 1446, 1458, 1473, 1483, 1490, 1493, 1505, 1519, 1533, 1549, 1565]
[0, 1541, 1528, 1513, 1509, 1501, 1491, 1479, 1465, 1453, 1442, 1432, 1424, 1416, 1407, 1401, 1394, 1388, 1382, 1378, 1374, 1373, 0, 0, 611, 603, 601, 603, 0, 616, 0, 1354, 1353, 1352, 1355, 1357, 1361, 1365, 1370, 1371, 1374, 1382, 1386, 1391, 1398, 1405, 1410, 1417, 1428, 1437, 1445, 1458, 1471, 1483, 1494, 1505, 1518, 1531, 1542, 1557, 1565]
[0, 1548, 1533, 1519, 1506, 1495, 1484, 1472, 1459, 1447, 1437, 1427, 1419, 1412, 1404, 1395, 1389, 1385, 1380, 1376, 1372, 1373, 0, 0, 606, 603, 602, 603, 605, 613, 0, 1355, 1353, 1353, 1357, 1360, 1362, 1365, 1366, 1369, 1372, 1378, 1383, 1386, 1392, 1398, 1403, 1408, 1417, 1428, 1437, 1446, 1460, 1472, 1481, 1495, 1510, 1526, 1544, 1563, 1583]
[0, 1549, 1532, 1518, 1505, 1495, 1485, 1471, 1457, 1446, 1437, 1427, 1420, 1412, 1404, 1397, 1391, 1386, 1380, 1376, 1373, 1373, 0, 0, 610, 604, 601, 603, 608, 613, 0, 1351, 1350, 1351, 1354, 1356, 1359, 1363, 1368, 1371, 1374, 1380, 1384, 1388, 1394, 1402, 1408, 1417, 1424, 1433, 1444, 1454, 1466, 1483, 1493, 1503, 1519, 1538, 1556, 1574, 1584]
[0, 1552, 1538, 1524, 1510, 1499, 1485, 1470, 1459, 1448, 1436, 1427, 1422, 1413, 1404, 1400, 1394, 1387, 1382, 1375, 1369, 1373, 0, 0, 613, 604, 601, 602, 608, 613, 0, 1352, 1350, 1352, 1353, 1356, 1358, 1362, 1368, 1370, 1374, 1380, 1380, 1384, 1394, 1401, 1408, 1415, 1422, 1433, 1444, 1453, 1466, 1481, 1492, 1504, 1520, 1539, 1557, 1574, 1585]
[0, 1540, 1527, 1513, 1510, 1500, 1489, 1474, 1462, 1452, 1442, 1432, 1423, 1415, 1407, 1400, 1393, 1387, 1381, 1377, 1374, 1373, 0, 0, 617, 607, 602, 602, 0, 615, 0, 1352, 1350, 1353, 1355, 1355, 1357, 1360, 1365, 1369, 1374, 1378, 1379, 1384, 1391, 1398, 1404, 1411, 1421, 1431, 1440, 1453, 1470, 1487, 1501, 1514, 1525, 1537, 1553, 1570, 1595]
[0, 1551, 1538, 1525, 1510, 1498, 1485, 1470, 1461, 1451, 1438, 1429, 1423, 1414, 1406, 1399, 1391, 1385, 1381, 1377, 1372, 1373, 0, 0, 606, 607, 602, 602, 0, 615, 0, 1351, 1352, 1353, 1356, 1359, 1361, 1365, 1369, 1369, 1372, 1375, 1380, 1386, 1392, 1398, 1403, 1414, 1431, 1444, 1454, 1466, 1479, 1490, 1503, 1515, 1525, 1538, 1550, 1564, 1583]
[0, 1547, 1532, 1520, 1507, 1495, 1483, 1470, 1457, 1446, 1437, 1427, 1418, 1409, 1404, 1398, 1390, 1385, 1380, 1374, 1372, 1373, 0, 0, 606, 606, 602, 602, 615, 615, 0, 1347, 1350, 1353, 1356, 1359, 1361, 1365, 1369, 1368, 1371, 1375, 1380, 1388, 1399, 1411, 1422, 1432, 1439, 1445, 1455, 1466, 1480, 1491, 1503, 1515, 1525, 1538, 1551, 1565, 1582]
[0, 1542, 1527, 1514, 1502, 1490, 1475, 1460, 1450, 1442, 1433, 1427, 1423, 1413, 1407, 1402, 1394, 1386, 1382, 1378, 1374, 1371, 0, 0, 612, 605, 602, 602, 606, 0, 0, 1355, 1351, 1355, 1354, 1351, 1354, 1360, 1367, 1371, 1373, 1381, 1387, 1394, 1403, 1410, 1422, 1435, 1443, 1450, 1461, 1469, 1479, 1489, 1501, 1516, 1528, 1538, 1553, 1570, 1580]
[0, 1542, 1538, 1524, 1511, 1499, 1485, 1471, 1458, 1447, 1438, 1429, 1422, 1413, 1405, 1399, 1391, 1385, 1381, 1377, 1372, 1371, 0, 0, 609, 602, 601, 604, 0, 0, 0, 1351, 1352, 1354, 1357, 1357, 1361, 1365, 1366, 1368, 1375, 1382, 1389, 1395, 1405, 1418, 1427, 1436, 1445, 1453, 1464, 1473, 1485, 1497, 1505, 1517, 1534, 1546, 1560, 1577, 1580]
[0, 1539, 1527, 1512, 1498, 1499, 1472, 1471, 1458, 1449, 1442, 1430, 1422, 1413, 1405, 1398, 1392, 1386, 1379, 1376, 1374, 1369, 0, 0, 606, 601, 601, 602, 605, 613, 0, 1362, 1365, 1370, 1370, 1371, 1376, 1383, 1366, 1388, 1390, 1392, 1399, 1404, 1411, 1418, 1423, 1432, 1439, 1446, 1455, 1466, 1478, 1489, 1499, 1511, 1525, 1537, 1549, 1563, 1582]
[0, 1541, 1526, 1514, 1500, 1485, 1472, 1460, 1448, 1449, 1440, 1433, 1423, 1413, 1407, 1400, 1397, 1395, 1393, 1397, 1398, 1392, 0, 0, 610, 604, 600, 604, 612, 613, 0, 1365, 1362, 1366, 1368, 1371, 1377, 1381, 1387, 1389, 1392, 1396, 1399, 1406, 1414, 1423, 1431, 1434, 1439, 1454, 1455, 1463, 1473, 1485, 1497, 1510, 1522, 1534, 1548, 1563, 1578]
[0, 1538, 1525, 1512, 1498, 1485, 1472, 1472, 1461, 1449, 1439, 1431, 1422, 1412, 1405, 1399, 1396, 1395, 1395, 1395, 1394, 1390, 0, 0, 610, 604, 601, 604, 610, 613, 0, 0, 1366, 1367, 1369, 1371, 1372, 1374, 1383, 1389, 1392, 1396, 1399, 1406, 1415, 1424, 1431, 1434, 1434, 1442, 1454, 1463, 1473, 1485, 1496, 1508, 1521, 1533, 1543, 1559, 1578]
[0, 1553, 1543, 1531, 1518, 1505, 1494, 1487, 1476, 1462, 1454, 1447, 1438, 1431, 1426, 1420, 1411, 1403, 1395, 1397, 1393, 1389, 0, 0, 609, 604, 602, 604, 611, 613, 0, 0, 1369, 1370, 1369, 1372, 1377, 1379, 1384, 1388, 1393, 1398, 1404, 1406, 1419, 1424, 1424, 1430, 1437, 1445, 1454, 1463, 1475, 1488, 1498, 1510, 1525, 1534, 1546, 1563, 1578]
[0, 1557, 1549, 1534, 1520, 1508, 1496, 1483, 1472, 1463, 1455, 1444, 1437, 1433, 1427, 1418, 1412, 1406, 1398, 1395, 1393, 1389, 0, 0, 611, 605, 603, 604, 609, 613, 0, 0, 1368, 1364, 1367, 1369, 1369, 1373, 1379, 1385, 1391, 1394, 1398, 1406, 1416, 1422, 1428, 1436, 1444, 1453, 1459, 1469, 1484, 1496, 1508, 1521, 1533, 1534, 1560, 1563, 1576]
[0, 1562, 1549, 1534, 1520, 1508, 1495, 1483, 1472, 1463, 1454, 1444, 1437, 1432, 1426, 1418, 1412, 1406, 1399, 1395, 1392, 1389, 0, 0, 614, 606, 604, 603, 608, 613, 0, 0, 1368, 1363, 1366, 1369, 1371, 1374, 1380, 1386, 1390, 1395, 1399, 1404, 1412, 1421, 1427, 1433, 1441, 1450, 1458, 1468, 1479, 1488, 1502, 1518, 1529, 1542, 1556, 1567, 1591]
[0, 1561, 1548, 1538, 1524, 1510, 1497, 1483, 1474, 1466, 1457, 1449, 1441, 1433, 1426, 1417, 1411, 1404, 1398, 1394, 1391, 1389, 0, 0, 613, 608, 604, 604, 0, 613, 0, 0, 1369, 1365, 1366, 1368, 1370, 1374, 1379, 1384, 1390, 1392, 1397, 1404, 1411, 1421, 1427, 1433, 1441, 1450, 1458, 1467, 1478, 1489, 1500, 1515, 1528, 1541, 1554, 1569, 1577]
