[0, 0, 0, 0, 0, 0, 0, 0, 0, 0, 0, 0, 0, 0, 0, 0, 0, 0, 0, 0, 0, 0, 0, 0, 0, 0, 0, 0, 0, 0, 0, 0, 0, 0, 0, 0, 0, 0, 0, 0, 0, 0, 0, 0, 0, 0, 0, 0, 0, 0, 0, 0, 0, 0, 0, 0, 0, 0, 0, 0, 0]
[0, 531, 527, 522, 518, 515, 512, 508, 505, 503, 500, 498, 496, 493, 491, 491, 489, 487, 486, 485, 1315, 1311, 1308, 1307, 0, 0, 0, 0, 0, 479, 476, 480, 481, 482, 482, 484, 485, 486, 488, 489, 492, 494, 497, 498, 503, 504, 506, 509, 512, 516, 521, 525, 529, 534, 539, 544, 550, 555, 560, 566, 573]
[0, 528, 524, 520, 518, 516, 513, 510, 506, 504, 501, 498, 496, 494, 492, 490, 488, 487, 485, 485, 1315, 1311, 1308, 1307, 0, 0, 0, 0, 0, 481, 479, 481, 481, 482, 482, 484, 485, 487, 488, 490, 492, 492, 495, 498, 500, 503, 506, 509, 512, 516, 520, 525, 530, 535, 540, 545, 551, 556, 561, 567, 574]
[0, 531, 527, 522, 518, 514, 510, 508, 505, 503, 500, 498, 496, 494, 493, 491, 489, 487, 486, 485, 1315, 1311, 1308, 1307, 0, 0, 0, 0, 0, 481, 482, 480, 481, 481, 482, 483, 485, 485, 487, 489, 491, 493, 496, 498, 501, 503, 507, 511, 514, 519, 523, 527, 532, 537, 541, 546, 552, 557, 562, 569, 577]
[0, 528, 524, 522, 516, 514, 513, 510, 506, 503, 501, 498, 496, 494, 492, 489, 488, 487, 485, 485, 1315, 1311, 1308, 1307, 0, 0, 0, 0, 0, 481, 479, 480, 481, 482, 482, 484, 485, 487, 487, 489, 491, 492, 495, 498, 500, 503, 506, 509, 512, 516, 520, 525, 530, 535, 539, 544, 550, 556, 561, 567, 574]
[0, 530, 526, 522, 518, 515, 511, 508, 505, 503, 501, 497, 495, 494, 493, 491, 489, 487, 486, 485, 1315, 1311, 1308, 1307, 0, 0, 0, 0, 0, 0, 482, 480, 481, 481, 482, 483, 484, 485, 487, 489, 491, 494, 496, 498, 501, 504, 507, 511, 514, 519, 523, 525, 532, 537, 539, 546, 550, 557, 563, 567, 569]
[0, 529, 525, 522, 517, 513, 510, 507, 505, 505, 502, 499, 497, 495, 493, 491, 489, 486, 485, 487, 1315, 1311, 1308, 1307, 0, 0, 0, 0, 0, 481, 479, 481, 481, 482, 482, 483, 485, 485, 487, 488, 490, 493, 495, 497, 500, 503, 506, 509, 512, 516, 520, 525, 530, 535, 540, 545, 550, 556, 561, 567, 574]
[0, 532, 527, 523, 519, 515, 512, 509, 506, 503, 500, 498, 496, 494, 492, 490, 488, 486, 485, 487, 1315, 1311, 1308, 1307, 0, 0, 0, 0, 0, 484, 0, 481, 0, 482, 482, 483, 484, 485, 486, 488, 491, 493, 495, 497, 500, 503, 506, 510, 513, 517, 520, 525, 530, 535, 541, 545, 551, 556, 562, 567, 574]
[0, 529, 525, 522, 517, 513, 510, 508, 506, 505, 501, 499, 497, 495, 493, 491, 489, 487, 486, 487, 1315, 1311, 1308, 1307, 0, 0, 0, 0, 0, 0, 482, 480, 481, 481, 482, 483, 484, 485, 487, 489, 491, 494, 496, 498, 501, 504, 506, 511, 514, 519, 523, 527, 530, 537, 541, 547, 551, 552, 563, 569, 574]
[0, 535, 531, 527, 517, 523, 520, 516, 513, 511, 509, 506, 503, 501, 499, 498, 496, 495, 494, 487, 1315, 1311, 1308, 1307, 0, 0, 0, 0, 0, 484, 480, 481, 0, 482, 482, 483, 484, 485, 486, 488, 491, 493, 494, 497, 500, 503, 507, 510, 513, 517, 521, 525, 530, 536, 541, 546, 551, 556, 562, 568, 574]
[0, 536, 532, 528, 524, 521, 517, 515, 512, 509, 509, 506, 504, 502, 500, 498, 496, 495, 494, 487, 1315, 1311, 1308, 1307, 0, 0, 0, 0, 0, 484, 490, 488, 488, 489, 490, 492, 493, 495, 497, 498, 500, 503, 506, 509, 511, 514, 517, 521, 525, 528, 533, 538, 543, 549, 554, 558, 563, 570, 576, 583, 590]
[0, 536, 531, 527, 523, 520, 517, 517, 513, 511, 509, 506, 503, 501, 499, 498, 496, 495, 494, 487, 1315, 1311, 1308, 1307, 0, 0, 0, 0, 0, 0, 490, 488, 489, 0, 490, 491, 493, 494, 496, 498, 500, 503, 505, 508, 510, 513, 517, 520, 524, 528, 531, 536, 541, 547, 552, 557, 562, 568, 574, 580, 588]
[0, 539, 531, 527, 527, 523, 520, 517, 514, 511, 508, 506, 504, 502, 500, 498, 496, 496, 494, 487, 1315, 1311, 1308, 1307, 0, 0, 0, 0, 0, 0, 490, 488, 488, 489, 491, 492, 493, 495, 497, 499, 501, 503, 506, 508, 511, 514, 517, 521, 525, 529, 533, 538, 542, 548, 553, 558, 563, 569, 574, 581, 589]
[0, 538, 534, 530, 526, 522, 519, 516, 513, 510, 508, 506, 503, 501, 500, 498, 496, 497, 494, 494, 1315, 1311, 1308, 1307, 0, 0, 0, 0, 0, 0, 491, 489, 489, 490, 491, 492, 493, 495, 497, 499, 501, 503, 507, 509, 511, 515, 518, 522, 525, 530, 534, 538, 539, 549, 555, 559, 564, 570, 578, 581, 591]
[0, 539, 536, 532, 527, 523, 521, 519, 515, 512, 510, 508, 505, 502, 500, 499, 497, 496, 495, 494, 1315, 1311, 1308, 1307, 0, 0, 0, 0, 0, 489, 486, 490, 489, 490, 491, 493, 494, 496, 497, 499, 502, 505, 507, 509, 512, 515, 518, 522, 526, 531, 534, 539, 539, 550, 555, 554, 559, 570, 578, 578, 585]
[0, 539, 537, 533, 528, 524, 521, 519, 516, 512, 510, 509, 507, 504, 503, 501, 499, 498, 497, 494, 1315, 1311, 1308, 1307, 0, 0, 0, 0, 0, 0, 493, 492, 492, 493, 494, 495, 496, 498, 500, 502, 504, 507, 509, 511, 514, 518, 522, 526, 529, 532, 536, 542, 547, 553, 558, 563, 568, 574, 581, 588, 595]
[0, 539, 537, 533, 528, 524, 521, 519, 515, 512, 510, 508, 506, 504, 502, 500, 499, 498, 497, 494, 1315, 1311, 1308, 1307, 0, 0, 0, 0, 0, 0, 493, 492, 492, 493, 495, 495, 496, 498, 501, 502, 504, 507, 510, 512, 515, 518, 522, 526, 529, 533, 538, 542, 547, 553, 558, 563, 568, 575, 581, 588, 595]
[0, 538, 534, 531, 528, 527, 523, 520, 518, 515, 512, 510, 507, 505, 503, 502, 500, 498, 497, 494, 1315, 1311, 1308, 1307, 0, 0, 0, 0, 0, 0, 494, 492, 492, 493, 494, 495, 496, 498, 501, 503, 505, 507, 510, 512, 515, 518, 522, 526, 530, 534, 538, 543, 548, 553, 558, 564, 570, 576, 582, 588, 596]
[0, 543, 538, 533, 530, 526, 523, 520, 517, 514, 512, 510, 508, 506, 503, 503, 501, 500, 498, 494, 1315, 1311, 1308, 1307, 0, 0, 0, 0, 0, 0, 494, 492, 493, 494, 494, 496, 498, 499, 501, 503, 505, 507, 510, 512, 515, 518, 522, 525, 530, 533, 537, 542, 548, 553, 558, 563, 569, 576, 582, 588, 595]
[0, 542, 538, 533, 530, 526, 523, 520, 517, 514, 512, 510, 508, 507, 505, 503, 501, 500, 499, 494, 1315, 1311, 1308, 1307, 0, 0, 0, 0, 0, 495, 492, 493, 494, 495, 496, 498, 500, 502, 503, 506, 505, 508, 513, 512, 515, 521, 525, 525, 529, 533, 542, 542, 547, 557, 558, 563, 568, 573, 580, 586, 593]
[0, 543, 538, 534, 531, 528, 524, 521, 518, 515, 512, 510, 508, 506, 504, 503, 501, 500, 500, 494, 1315, 1311, 1308, 1307, 0, 0, 0, 0, 0, 495, 493, 494, 495, 495, 497, 499, 500, 502, 503, 505, 506, 511, 513, 512, 518, 521, 522, 525, 529, 533, 538, 543, 548, 552, 558, 564, 568, 573, 580, 587, 594]
[0, 550, 546, 542, 538, 528, 534, 531, 528, 525, 523, 521, 518, 516, 514, 512, 510, 509, 508, 494, 1315, 1311, 1308, 1307, 0, 0, 0, 0, 0, 0, 498, 494, 495, 496, 497, 499, 500, 501, 502, 504, 508, 510, 513, 515, 518, 522, 525, 529, 533, 537, 542, 547, 552, 552, 562, 567, 573, 580, 580, 591, 594]
[0, 555, 550, 546, 543, 539, 536, 532, 530, 527, 525, 523, 518, 520, 516, 512, 514, 512, 511, 494, 1315, 1311, 1308, 1307, 0, 0, 0, 0, 0, 506, 0, 504, 505, 506, 507, 508, 510, 511, 512, 515, 517, 519, 521, 524, 528, 531, 534, 538, 543, 547, 551, 556, 561, 566, 571, 578, 584, 589, 596, 602, 609]
[0, 559, 555, 551, 547, 544, 541, 538, 535, 533, 530, 523, 525, 520, 523, 521, 519, 517, 516, 494, 1315, 1311, 1308, 1307, 0, 0, 0, 0, 0, 507, 506, 508, 508, 509, 511, 512, 513, 515, 517, 520, 522, 519, 524, 531, 528, 534, 537, 541, 545, 549, 554, 558, 563, 568, 574, 581, 587, 593, 599, 605, 612]
[0, 560, 555, 551, 547, 544, 540, 537, 535, 533, 530, 527, 525, 523, 523, 521, 519, 517, 516, 494, 1315, 1311, 1308, 1307, 0, 0, 0, 0, 0, 512, 511, 513, 513, 515, 516, 517, 519, 521, 517, 525, 522, 528, 530, 533, 536, 539, 543, 547, 551, 555, 559, 564, 569, 574, 580, 586, 592, 598, 605, 611, 617]
[0, 564, 560, 556, 552, 548, 545, 542, 539, 536, 533, 532, 525, 527, 523, 525, 523, 521, 520, 494, 1315, 1311, 1308, 1307, 0, 0, 0, 0, 0, 512, 510, 512, 513, 514, 516, 517, 519, 521, 522, 525, 522, 528, 530, 533, 536, 539, 543, 547, 551, 555, 559, 564, 569, 574, 580, 587, 592, 598, 605, 611, 617]
[0, 567, 563, 559, 556, 552, 548, 545, 542, 540, 537, 535, 525, 533, 531, 527, 523, 525, 524, 494, 1315, 1311, 1308, 1307, 0, 0, 0, 0, 0, 516, 514, 517, 518, 519, 520, 521, 523, 525, 522, 527, 532, 528, 534, 537, 541, 544, 548, 551, 555, 560, 564, 568, 574, 580, 585, 592, 598, 603, 610, 617, 623]
[0, 567, 563, 559, 556, 552, 548, 545, 542, 540, 537, 535, 535, 533, 531, 529, 527, 525, 524, 494, 1315, 1311, 1308, 1307, 0, 0, 0, 0, 0, 0, 522, 520, 521, 523, 0, 525, 527, 525, 528, 530, 533, 535, 538, 541, 544, 548, 551, 555, 559, 563, 567, 572, 579, 584, 589, 594, 600, 607, 613, 620, 628]
[0, 568, 565, 561, 557, 553, 550, 547, 544, 540, 538, 536, 534, 531, 529, 527, 526, 524, 529, 494, 1315, 1311, 1308, 1307, 0, 0, 0, 0, 0, 0, 521, 520, 521, 523, 524, 525, 527, 528, 530, 533, 535, 535, 541, 541, 544, 547, 551, 555, 558, 562, 567, 572, 578, 584, 589, 595, 600, 607, 613, 619, 626]
[0, 568, 573, 568, 564, 561, 558, 555, 552, 549, 546, 544, 542, 540, 538, 537, 535, 533, 529, 494, 1315, 1311, 1308, 1307, 0, 0, 0, 0, 0, 0, 527, 520, 521, 522, 523, 524, 526, 528, 530, 532, 534, 536, 539, 542, 545, 549, 553, 557, 561, 565, 569, 575, 581, 586, 591, 597, 603, 610, 616, 623, 630]
[0, 576, 571, 567, 563, 561, 557, 554, 551, 548, 546, 544, 541, 540, 539, 537, 535, 534, 532, 494, 1315, 1311, 1308, 1307, 0, 0, 0, 0, 0, 0, 531, 529, 529, 531, 532, 533, 535, 537, 539, 541, 544, 546, 549, 552, 555, 558, 562, 566, 571, 576, 582, 586, 591, 596, 602, 609, 615, 621, 628, 636, 644]
[0, 591, 587, 582, 579, 575, 571, 567, 564, 562, 559, 557, 555, 553, 551, 537, 549, 548, 546, 494, 1315, 1311, 1308, 1307, 0, 0, 0, 0, 0, 0, 530, 529, 530, 531, 0, 535, 535, 537, 538, 540, 542, 544, 547, 550, 554, 557, 560, 564, 568, 573, 578, 583, 588, 593, 598, 605, 612, 618, 624, 631, 640]
[0, 589, 585, 582, 580, 576, 572, 569, 566, 563, 560, 558, 556, 554, 552, 550, 548, 546, 546, 494, 1315, 1311, 1308, 1307, 0, 0, 0, 0, 0, 0, 544, 543, 544, 546, 546, 548, 551, 552, 554, 556, 559, 544, 564, 550, 567, 571, 575, 579, 584, 589, 593, 597, 603, 608, 613, 620, 627, 634, 641, 648, 654]
[0, 594, 589, 585, 581, 576, 573, 570, 566, 563, 562, 559, 557, 555, 553, 551, 549, 548, 546, 494, 1315, 1311, 1308, 1307, 0, 0, 0, 0, 0, 0, 544, 542, 543, 544, 546, 547, 549, 551, 553, 556, 557, 560, 562, 565, 569, 573, 577, 582, 586, 591, 595, 600, 606, 611, 617, 623, 629, 637, 645, 652, 659]
[0, 597, 592, 588, 584, 581, 577, 573, 569, 567, 562, 563, 557, 558, 553, 556, 554, 553, 552, 494, 1315, 1311, 1308, 1307, 0, 0, 0, 0, 0, 0, 546, 545, 546, 547, 548, 550, 552, 555, 556, 558, 560, 563, 566, 569, 573, 578, 582, 586, 590, 595, 600, 605, 611, 616, 622, 629, 637, 644, 650, 657, 666]
[0, 606, 592, 602, 599, 595, 592, 589, 586, 582, 579, 577, 575, 572, 569, 568, 566, 565, 552, 494, 1315, 1311, 1308, 1307, 0, 0, 0, 0, 0, 0, 549, 548, 549, 550, 552, 554, 556, 557, 559, 561, 563, 563, 570, 573, 577, 581, 585, 590, 594, 598, 600, 603, 609, 614, 620, 626, 633, 641, 648, 655, 661]
[0, 612, 609, 604, 600, 596, 593, 590, 587, 583, 580, 578, 575, 573, 569, 571, 568, 566, 552, 494, 1315, 1311, 1308, 1307, 0, 0, 0, 0, 0, 0, 563, 562, 563, 564, 565, 567, 568, 570, 571, 574, 578, 580, 583, 587, 590, 594, 598, 602, 607, 611, 616, 621, 627, 634, 641, 647, 652, 660, 668, 676, 684]
[0, 612, 608, 603, 599, 596, 593, 589, 586, 583, 581, 578, 575, 573, 569, 571, 569, 567, 566, 494, 1315, 1311, 1308, 1307, 0, 0, 0, 0, 0, 0, 563, 562, 563, 564, 566, 567, 569, 571, 574, 576, 580, 583, 586, 589, 593, 596, 600, 605, 609, 614, 618, 621, 624, 631, 643, 649, 652, 665, 668, 673, 680]
[0, 622, 617, 613, 610, 606, 602, 599, 596, 594, 591, 588, 586, 583, 582, 580, 578, 577, 566, 494, 1315, 1311, 1308, 1307, 0, 0, 0, 0, 0, 0, 564, 563, 563, 565, 566, 568, 569, 572, 574, 576, 580, 583, 586, 590, 593, 597, 600, 605, 609, 609, 614, 625, 631, 631, 637, 650, 652, 656, 665, 673, 680]
[0, 621, 617, 613, 610, 606, 602, 599, 596, 593, 591, 588, 586, 583, 581, 580, 579, 577, 566, 494, 1315, 1311, 1308, 1307, 0, 0, 0, 0, 0, 0, 574, 573, 574, 575, 577, 579, 580, 583, 585, 587, 590, 592, 596, 599, 602, 607, 610, 614, 618, 623, 630, 635, 642, 648, 654, 660, 667, 656, 684, 691, 699]
[0, 630, 617, 626, 621, 617, 614, 611, 608, 605, 602, 599, 596, 594, 593, 591, 588, 587, 566, 494, 1315, 1311, 1308, 1307, 0, 0, 0, 0, 0, 0, 574, 573, 574, 575, 577, 578, 580, 582, 585, 587, 590, 592, 595, 598, 602, 606, 610, 614, 618, 623, 629, 636, 642, 648, 654, 660, 667, 675, 683, 691, 699]
[0, 633, 628, 623, 619, 615, 612, 609, 606, 603, 601, 598, 595, 593, 593, 589, 588, 587, 588, 494, 1315, 1311, 1308, 1307, 0, 0, 0, 0, 0, 0, 0, 585, 584, 585, 587, 589, 590, 592, 594, 596, 598, 602, 606, 608, 612, 616, 620, 624, 629, 635, 640, 645, 650, 656, 662, 670, 677, 684, 693, 701, 709]
[0, 640, 635, 630, 625, 622, 619, 616, 606, 613, 610, 607, 605, 603, 600, 598, 597, 595, 588, 494, 1315, 1311, 1308, 0, 0, 0, 0, 0, 0, 0, 586, 584, 585, 586, 587, 589, 591, 593, 594, 597, 600, 603, 606, 610, 613, 617, 621, 626, 631, 637, 643, 648, 653, 659, 666, 672, 679, 687, 696, 704, 712]
[0, 645, 640, 635, 630, 626, 623, 619, 617, 614, 611, 609, 605, 603, 601, 600, 598, 597, 588, 494, 1315, 1311, 1308, 0, 0, 0, 0, 0, 0, 0, 593, 592, 593, 594, 596, 598, 600, 593, 604, 597, 607, 609, 612, 616, 619, 624, 628, 632, 638, 642, 648, 654, 660, 666, 672, 678, 686, 694, 702, 710, 718]
[0, 642, 638, 633, 628, 625, 621, 617, 617, 613, 610, 609, 608, 604, 602, 601, 598, 596, 588, 494, 1315, 1311, 1308, 0, 0, 0, 0, 0, 0, 0, 0, 595, 595, 596, 597, 599, 600, 602, 604, 607, 610, 612, 615, 619, 623, 627, 632, 636, 641, 646, 652, 659, 664, 670, 677, 684, 692, 700, 707, 715, 724]
[0, 661, 656, 651, 647, 644, 640, 637, 634, 630, 627, 625, 622, 619, 617, 615, 614, 613, 588, 494, 1315, 1311, 1308, 0, 0, 0, 0, 0, 0, 0, 593, 593, 594, 595, 596, 598, 600, 602, 604, 607, 610, 612, 616, 620, 623, 624, 629, 633, 638, 643, 648, 654, 660, 666, 673, 679, 686, 695, 703, 710, 718]
[0, 661, 657, 652, 647, 644, 640, 637, 634, 630, 627, 625, 622, 619, 617, 615, 614, 613, 588, 494, 1315, 1311, 1308, 0, 0, 0, 0, 0, 0, 0, 0, 611, 610, 611, 612, 614, 616, 617, 619, 623, 626, 629, 633, 637, 640, 644, 648, 653, 658, 663, 669, 674, 681, 687, 694, 703, 710, 717, 725, 733, 743]
[0, 663, 658, 654, 649, 645, 642, 639, 636, 632, 629, 626, 623, 620, 619, 617, 615, 616, 588, 494, 1315, 1311, 1308, 0, 0, 0, 0, 0, 0, 0, 0, 611, 610, 611, 612, 614, 616, 617, 619, 623, 626, 629, 633, 636, 640, 644, 648, 653, 658, 663, 669, 674, 681, 688, 695, 703, 710, 717, 725, 733, 743]
[0, 666, 661, 657, 652, 649, 642, 643, 636, 638, 635, 633, 630, 628, 626, 623, 621, 619, 588, 494, 1315, 1311, 1308, 0, 0, 0, 0, 0, 0, 0, 0, 615, 613, 613, 614, 616, 617, 619, 622, 625, 629, 632, 635, 639, 643, 646, 649, 655, 660, 665, 672, 678, 684, 691, 698, 705, 711, 719, 728, 737, 745]
[0, 673, 668, 664, 661, 656, 653, 650, 636, 647, 644, 641, 638, 636, 633, 631, 629, 627, 588, 494, 1315, 1311, 1308, 0, 0, 0, 0, 0, 0, 0, 617, 617, 619, 620, 621, 623, 625, 627, 629, 633, 636, 632, 640, 643, 650, 654, 649, 659, 664, 669, 675, 681, 687, 695, 701, 708, 715, 723, 732, 740, 749]
[0, 673, 677, 673, 669, 665, 660, 657, 654, 650, 647, 645, 644, 642, 639, 636, 634, 635, 588, 494, 1315, 1311, 1308, 0, 0, 0, 0, 0, 0, 0, 625, 625, 626, 627, 628, 631, 633, 627, 635, 638, 641, 644, 648, 651, 654, 659, 663, 667, 672, 678, 684, 690, 697, 704, 711, 716, 724, 733, 741, 751, 760]
[0, 683, 677, 673, 669, 664, 660, 657, 653, 650, 647, 645, 644, 641, 638, 636, 634, 637, 588, 494, 1315, 1311, 1308, 0, 0, 0, 0, 0, 0, 0, 0, 635, 631, 632, 634, 636, 637, 640, 643, 645, 648, 651, 654, 658, 662, 666, 670, 675, 681, 687, 693, 700, 707, 713, 719, 728, 736, 743, 752, 761, 770]
[0, 695, 689, 684, 680, 676, 673, 669, 665, 662, 659, 657, 654, 652, 650, 648, 647, 637, 588, 494, 1315, 1311, 1308, 0, 0, 0, 0, 0, 0, 0, 0, 636, 631, 632, 633, 636, 637, 639, 642, 645, 648, 651, 655, 658, 662, 666, 670, 675, 681, 688, 694, 700, 707, 713, 719, 728, 735, 744, 754, 762, 770]
[0, 698, 692, 684, 687, 683, 679, 676, 673, 670, 666, 664, 662, 659, 656, 655, 653, 654, 588, 494, 1315, 1311, 1308, 0, 0, 0, 0, 0, 0, 0, 0, 645, 645, 646, 647, 649, 651, 653, 655, 657, 660, 664, 667, 671, 675, 680, 685, 691, 696, 702, 708, 714, 720, 728, 736, 743, 751, 759, 768, 778, 786]
[0, 703, 698, 694, 687, 689, 685, 680, 677, 674, 671, 669, 666, 665, 663, 660, 658, 659, 588, 494, 1315, 1311, 1308, 0, 0, 0, 0, 0, 0, 0, 0, 653, 650, 652, 653, 655, 657, 659, 662, 665, 668, 670, 673, 677, 681, 686, 692, 698, 703, 709, 714, 720, 727, 735, 742, 749, 758, 766, 774, 784, 795]
[0, 707, 702, 697, 692, 687, 683, 679, 677, 674, 671, 669, 666, 663, 661, 660, 658, 659, 588, 494, 1315, 1311, 1308, 0, 0, 0, 0, 0, 0, 0, 0, 658, 654, 656, 658, 659, 662, 664, 667, 670, 672, 675, 679, 683, 686, 691, 698, 703, 708, 713, 718, 725, 733, 739, 746, 754, 762, 771, 780, 789, 799]
[0, 707, 709, 704, 700, 695, 691, 687, 683, 680, 677, 675, 674, 671, 668, 666, 664, 668, 588, 494, 1315, 1311, 1308, 0, 0, 0, 0, 0, 0, 0, 0, 656, 656, 657, 658, 660, 663, 665, 667, 670, 672, 675, 679, 684, 689, 694, 700, 705, 709, 714, 720, 727, 735, 741, 749, 758, 765, 774, 783, 792, 803]
[0, 711, 707, 703, 698, 693, 690, 686, 682, 679, 676, 673, 671, 669, 667, 665, 664, 664, 588, 494, 1315, 1311, 1308, 0, 0, 0, 0, 0, 0, 0, 666, 0, 662, 0, 664, 666, 667, 670, 673, 676, 678, 682, 686, 689, 694, 700, 705, 709, 714, 719, 725, 732, 739, 747, 755, 762, 770, 779, 788, 798, 807]
[0, 736, 731, 726, 721, 716, 713, 709, 706, 703, 700, 697, 694, 692, 690, 688, 685, 664, 588, 494, 1315, 1311, 1308, 0, 0, 0, 0, 0, 0, 0, 0, 662, 661, 663, 665, 667, 669, 672, 675, 677, 680, 683, 687, 691, 696, 701, 707, 711, 716, 721, 728, 735, 742, 750, 758, 766, 774, 782, 792, 803, 813]
[0, 731, 726, 726, 720, 716, 712, 709, 706, 702, 700, 697, 694, 692, 690, 688, 685, 689, 588, 494, 1315, 1311, 1308, 0, 0, 0, 0, 0, 0, 0, 686, 685, 683, 685, 688, 0, 693, 672, 695, 698, 701, 705, 709, 713, 717, 721, 727, 732, 738, 744, 751, 758, 765, 771, 779, 788, 796, 805, 815, 823, 833]
[0, 742, 737, 732, 727, 722, 717, 713, 710, 708, 705, 703, 701, 698, 695, 693, 692, 689, 588, 494, 1315, 1311, 1308, 0, 0, 0, 0, 0, 0, 0, 690, 685, 684, 686, 688, 0, 692, 672, 695, 701, 705, 705, 709, 713, 717, 721, 727, 732, 738, 744, 751, 757, 764, 771, 779, 788, 796, 805, 815, 823, 833]
[0, 742, 737, 732, 727, 722, 717, 714, 711, 708, 705, 703, 701, 698, 695, 693, 691, 689, 588, 494, 1315, 1311, 1308, 0, 0, 0, 0, 0, 0, 0, 690, 0, 689, 691, 693, 696, 698, 701, 703, 705, 708, 711, 715, 719, 725, 730, 735, 739, 746, 754, 760, 766, 773, 781, 789, 797, 806, 815, 824, 833, 843]
[0, 756, 750, 744, 739, 735, 731, 728, 724, 721, 717, 714, 712, 698, 710, 708, 707, 705, 588, 494, 1315, 1311, 1308, 0, 0, 0, 0, 0, 0, 0, 0, 689, 689, 691, 693, 696, 698, 701, 703, 705, 708, 711, 715, 719, 725, 730, 734, 739, 746, 754, 760, 766, 773, 781, 789, 797, 806, 815, 824, 833, 843]
[0, 774, 768, 763, 758, 753, 749, 745, 741, 738, 735, 732, 730, 727, 710, 725, 722, 721, 588, 494, 1315, 1311, 1308, 0, 0, 0, 0, 0, 0, 0, 0, 705, 706, 708, 710, 711, 713, 715, 718, 722, 726, 731, 735, 740, 745, 751, 756, 762, 746, 773, 780, 766, 796, 781, 813, 797, 830, 838, 824, 848, 860]
[0, 774, 769, 763, 759, 755, 749, 751, 746, 743, 739, 737, 735, 732, 729, 727, 725, 721, 588, 494, 1315, 1311, 1308, 0, 0, 0, 0, 0, 0, 0, 0, 721, 721, 723, 725, 728, 730, 733, 736, 740, 745, 749, 754, 758, 764, 769, 774, 780, 787, 773, 801, 809, 817, 781, 826, 833, 841, 852, 862, 870, 879]
[0, 778, 769, 771, 766, 762, 757, 754, 750, 745, 742, 739, 735, 733, 731, 729, 727, 721, 588, 494, 1315, 1311, 1308, 0, 0, 0, 0, 0, 0, 0, 0, 0, 724, 725, 727, 730, 732, 734, 738, 742, 746, 750, 755, 759, 764, 769, 775, 782, 788, 795, 802, 809, 817, 825, 832, 840, 850, 860, 869, 878, 889]
[0, 781, 775, 769, 765, 760, 755, 752, 748, 745, 741, 738, 737, 734, 731, 730, 728, 721, 588, 494, 1315, 1311, 1308, 0, 0, 0, 0, 0, 0, 0, 0, 730, 730, 728, 731, 733, 735, 738, 742, 746, 750, 754, 759, 764, 768, 774, 780, 785, 792, 799, 806, 813, 821, 828, 836, 845, 856, 866, 874, 882, 893]
[0, 781, 786, 780, 775, 770, 766, 762, 758, 754, 752, 749, 746, 744, 742, 739, 736, 721, 588, 494, 1315, 1311, 1308, 0, 0, 0, 0, 0, 0, 0, 0, 727, 728, 730, 732, 733, 737, 740, 743, 747, 752, 756, 761, 765, 770, 776, 780, 782, 787, 794, 809, 813, 817, 825, 832, 840, 850, 861, 869, 878, 888]
[0, 797, 791, 785, 780, 775, 771, 762, 767, 764, 762, 760, 757, 755, 751, 748, 747, 721, 588, 494, 1315, 1311, 1308, 0, 0, 0, 0, 0, 0, 0, 0, 737, 738, 738, 740, 743, 746, 749, 752, 757, 761, 765, 769, 773, 778, 784, 791, 798, 805, 811, 817, 826, 833, 840, 850, 860, 869, 877, 886, 878, 896]
[0, 804, 797, 791, 786, 782, 778, 774, 767, 770, 767, 764, 761, 759, 756, 754, 752, 756, 588, 494, 1315, 1311, 1308, 0, 0, 0, 0, 0, 0, 0, 0, 746, 748, 0, 749, 752, 754, 756, 759, 763, 769, 773, 777, 782, 787, 793, 800, 805, 811, 818, 825, 832, 839, 847, 858, 866, 875, 883, 892, 902, 914]
[0, 808, 802, 795, 790, 785, 780, 776, 772, 770, 767, 765, 763, 760, 757, 755, 752, 754, 588, 494, 1315, 1311, 1308, 0, 0, 0, 0, 0, 0, 0, 0, 756, 753, 755, 757, 760, 763, 756, 766, 769, 773, 778, 783, 787, 792, 798, 804, 811, 818, 824, 830, 836, 844, 854, 863, 871, 879, 888, 897, 908, 920]
[0, 829, 824, 817, 812, 808, 804, 800, 795, 792, 789, 787, 783, 781, 779, 777, 775, 754, 588, 494, 1315, 1311, 1308, 0, 0, 0, 0, 0, 0, 0, 0, 755, 755, 757, 759, 762, 764, 768, 771, 775, 779, 784, 789, 795, 801, 798, 813, 811, 818, 825, 831, 838, 847, 856, 865, 873, 880, 889, 899, 910, 921]
[0, 843, 836, 832, 827, 822, 817, 814, 811, 809, 789, 805, 802, 799, 796, 793, 791, 754, 588, 494, 1315, 1311, 1308, 0, 0, 0, 0, 0, 0, 0, 0, 776, 779, 781, 782, 785, 789, 792, 796, 801, 806, 811, 816, 821, 827, 832, 838, 845, 854, 862, 869, 877, 884, 892, 865, 902, 910, 921, 932, 942, 952]
[0, 844, 837, 833, 828, 824, 820, 815, 812, 809, 806, 803, 800, 798, 795, 792, 791, 754, 588, 494, 1315, 1311, 1308, 0, 0, 0, 0, 0, 0, 0, 0, 0, 0, 797, 800, 803, 806, 0, 812, 801, 817, 822, 826, 832, 836, 842, 849, 857, 863, 869, 877, 884, 892, 899, 908, 919, 929, 938, 948, 958, 971]
[0, 857, 850, 844, 837, 833, 829, 825, 820, 818, 816, 812, 809, 808, 806, 803, 802, 754, 588, 494, 1315, 1311, 1308, 0, 0, 0, 0, 0, 0, 0, 0, 795, 797, 796, 799, 801, 804, 808, 811, 814, 819, 824, 829, 833, 838, 845, 852, 859, 866, 872, 879, 887, 895, 903, 914, 924, 933, 943, 953, 958, 977]
[0, 857, 850, 843, 837, 832, 829, 825, 820, 818, 816, 812, 809, 808, 806, 803, 801, 754, 588, 494, 1315, 1311, 1308, 0, 0, 0, 0, 0, 0, 0, 0, 0, 803, 805, 807, 811, 814, 818, 821, 825, 829, 833, 837, 843, 850, 857, 863, 869, 875, 882, 890, 898, 905, 915, 925, 934, 943, 952, 963, 977, 991]
[0, 871, 866, 861, 856, 851, 846, 825, 841, 836, 834, 831, 830, 828, 825, 822, 821, 754, 588, 494, 1315, 1311, 1308, 0, 0, 0, 0, 0, 0, 0, 0, 0, 803, 806, 808, 811, 814, 817, 821, 825, 828, 832, 837, 843, 850, 856, 863, 869, 875, 881, 889, 896, 905, 914, 924, 933, 943, 952, 962, 975, 990]
[0, 871, 866, 864, 860, 855, 850, 845, 840, 837, 834, 832, 830, 827, 825, 823, 821, 754, 588, 494, 1315, 1311, 1308, 0, 0, 0, 0, 0, 0, 0, 0, 0, 0, 829, 830, 832, 836, 839, 844, 825, 854, 832, 859, 869, 850, 874, 880, 886, 893, 899, 907, 917, 927, 935, 942, 951, 961, 974, 986, 998, 1009]
[0, 885, 880, 864, 875, 870, 867, 864, 861, 856, 852, 850, 847, 843, 840, 840, 838, 754, 588, 494, 1315, 1311, 1308, 0, 0, 0, 0, 0, 0, 0, 0, 0, 0, 828, 0, 830, 833, 837, 840, 845, 850, 854, 861, 866, 871, 876, 881, 888, 894, 901, 909, 919, 929, 937, 946, 953, 963, 977, 990, 1000, 1010]
[0, 890, 884, 878, 873, 870, 866, 863, 859, 855, 851, 848, 847, 845, 843, 840, 838, 754, 588, 494, 1315, 1311, 1308, 0, 0, 0, 0, 0, 0, 0, 0, 0, 0, 845, 848, 853, 858, 0, 866, 845, 869, 874, 878, 883, 888, 894, 901, 907, 914, 922, 931, 939, 947, 956, 966, 977, 988, 998, 1009, 1021, 1034]
[0, 892, 886, 880, 877, 872, 867, 865, 861, 858, 851, 851, 847, 850, 848, 845, 843, 754, 588, 494, 1315, 1311, 1308, 0, 0, 0, 0, 0, 0, 0, 0, 0, 0, 0, 850, 853, 857, 862, 866, 870, 874, 878, 883, 888, 893, 900, 907, 913, 921, 930, 938, 939, 947, 956, 964, 975, 987, 998, 1008, 1020, 1033]
[0, 901, 896, 889, 883, 880, 867, 877, 874, 871, 868, 865, 863, 861, 857, 854, 853, 754, 588, 494, 1315, 1311, 1308, 0, 0, 0, 0, 0, 0, 0, 0, 0, 0, 852, 856, 859, 863, 867, 871, 874, 878, 882, 888, 894, 899, 906, 913, 913, 928, 930, 936, 944, 953, 963, 974, 984, 994, 1004, 1016, 1029, 1041]
[0, 929, 923, 917, 911, 905, 900, 896, 893, 890, 887, 884, 882, 880, 878, 877, 853, 754, 588, 494, 1315, 1311, 1308, 0, 0, 0, 0, 0, 0, 0, 0, 0, 0, 0, 865, 0, 869, 871, 875, 879, 884, 889, 893, 898, 904, 911, 918, 925, 931, 938, 946, 953, 963, 975, 987, 995, 1005, 1017, 1029, 1041, 1053]
[0, 926, 919, 914, 908, 905, 903, 898, 895, 891, 887, 885, 883, 881, 879, 877, 877, 754, 588, 494, 1315, 1311, 1308, 0, 0, 0, 0, 0, 0, 0, 0, 0, 0, 0, 886, 890, 894, 898, 903, 908, 913, 919, 925, 931, 937, 942, 948, 955, 962, 970, 980, 991, 1001, 1010, 1020, 1030, 1042, 1055, 1069, 1082, 1096]
[0, 964, 958, 952, 947, 943, 939, 936, 933, 927, 923, 921, 918, 916, 915, 913, 877, 754, 588, 494, 1315, 1311, 1308, 0, 0, 0, 0, 0, 0, 0, 0, 0, 0, 884, 887, 891, 0, 899, 0, 904, 910, 917, 923, 927, 933, 939, 945, 951, 958, 966, 975, 986, 996, 1005, 1015, 1026, 1037, 1049, 1062, 1074, 1087]
[0, 962, 956, 951, 946, 942, 938, 934, 931, 927, 927, 923, 921, 918, 917, 916, 913, 754, 588, 494, 1315, 1311, 1308, 0, 0, 0, 0, 0, 0, 0, 0, 0, 917, 922, 925, 930, 934, 938, 942, 946, 951, 956, 962, 969, 977, 985, 993, 1000, 1007, 1016, 1025, 1034, 1043, 1054, 1066, 1078, 1089, 1103, 1119, 1135, 1150]
[0, 980, 972, 965, 958, 953, 950, 946, 943, 939, 936, 933, 931, 928, 926, 925, 913, 754, 588, 494, 1315, 1311, 1308, 0, 0, 0, 0, 0, 0, 0, 0, 0, 917, 925, 930, 933, 936, 939, 944, 949, 954, 959, 965, 973, 981, 988, 993, 995, 1001, 1009, 1018, 1029, 1037, 1048, 1060, 1071, 1083, 1094, 1108, 1124, 1141]
[0, 975, 967, 960, 955, 953, 951, 947, 944, 941, 937, 934, 932, 929, 927, 925, 928, 754, 588, 494, 1315, 1311, 1308, 0, 0, 0, 0, 0, 0, 0, 0, 0, 930, 935, 937, 940, 944, 949, 954, 958, 964, 970, 977, 985, 992, 998, 1004, 1012, 1020, 1030, 1039, 1047, 1058, 1069, 1080, 1091, 1104, 1118, 1134, 1149, 1163]
[0, 1004, 998, 992, 987, 980, 974, 969, 966, 941, 962, 958, 956, 954, 951, 950, 949, 754, 588, 494, 1315, 1311, 1308, 0, 0, 0, 0, 0, 0, 0, 0, 937, 939, 0, 940, 0, 943, 946, 951, 956, 962, 968, 976, 982, 989, 996, 1002, 1010, 1018, 1026, 1036, 1045, 1055, 1067, 1077, 1087, 1099, 1114, 1131, 1146, 1160]
[0, 1043, 1036, 1031, 1025, 1021, 1016, 1010, 1007, 1004, 1002, 1000, 999, 954, 997, 996, 994, 754, 588, 494, 1315, 1311, 1308, 0, 0, 0, 0, 0, 0, 0, 0, 937, 954, 963, 967, 971, 977, 982, 987, 991, 996, 1002, 1008, 1015, 1022, 996, 1029, 1036, 1045, 1055, 1064, 1074, 1083, 1094, 1105, 1119, 1134, 1148, 1160, 1174, 1188]
[0, 1064, 1057, 1049, 1042, 1038, 1034, 1030, 1025, 1021, 1018, 1015, 999, 1013, 1011, 1009, 1008, 754, 588, 494, 1315, 1311, 1308, 0, 0, 0, 0, 0, 0, 0, 0, 0, 1000, 1009, 1013, 1017, 1021, 1025, 1030, 1036, 1041, 1048, 1056, 1061, 1068, 1076, 1084, 1092, 1100, 1111, 1122, 1132, 1146, 1158, 1171, 1184, 1197, 1210, 1226, 1174, 1257]
[0, 1079, 1071, 1064, 1058, 1053, 1046, 1041, 1038, 1034, 1030, 1028, 1025, 1024, 1021, 1009, 1019, 754, 588, 494, 1315, 1311, 1308, 0, 0, 0, 0, 0, 0, 0, 0, 0, 1015, 1024, 1027, 1031, 1036, 1040, 1044, 1050, 1057, 1063, 1071, 1078, 1085, 1093, 1101, 1110, 1120, 1133, 1145, 1154, 1164, 1177, 1189, 1202, 1218, 1232, 1246, 1262, 1257]
[0, 1083, 1076, 1070, 1064, 1059, 1055, 1051, 1044, 1034, 1041, 1039, 1038, 1035, 1032, 1030, 1035, 754, 588, 494, 1315, 1311, 1308, 0, 0, 0, 0, 0, 0, 0, 0, 0, 1027, 1037, 1040, 1043, 1049, 1056, 1061, 1066, 1072, 1078, 1086, 1092, 1099, 1108, 1117, 1127, 1137, 1147, 1159, 1171, 1181, 1177, 1207, 1202, 1221, 1235, 1248, 1264, 1283]
[0, 1094, 1086, 1080, 1074, 1068, 1062, 1058, 1054, 1049, 1044, 1042, 1039, 1037, 1036, 1036, 1035, 754, 588, 494, 1315, 1311, 1308, 0, 0, 0, 0, 0, 0, 0, 0, 0, 0, 0, 1058, 1062, 1068, 1073, 1078, 1084, 1089, 1097, 1086, 1104, 1112, 1121, 1129, 1140, 1151, 1160, 1170, 1180, 1193, 1205, 1218, 1232, 1247, 1260, 1274, 1292, 1283]
[0, 1108, 1102, 1095, 1089, 1082, 1077, 1072, 1068, 1066, 1063, 1061, 1057, 1054, 1054, 1036, 1055, 754, 588, 494, 1315, 1311, 1308, 0, 0, 0, 0, 0, 0, 0, 0, 0, 0, 0, 1058, 1062, 1066, 1072, 1077, 1081, 1087, 1094, 1101, 1111, 1119, 1128, 1137, 1147, 1157, 1167, 1178, 1189, 1193, 1201, 1213, 1228, 1242, 1255, 1270, 1289, 1283]
[0, 1114, 1106, 1097, 1091, 1085, 1080, 1076, 1071, 1066, 1063, 1060, 1058, 1055, 1054, 1051, 1055, 754, 588, 494, 1315, 1311, 1308, 0, 0, 0, 0, 0, 0, 0, 0, 0, 0, 0, 1075, 1079, 1084, 1089, 1093, 1099, 1106, 1114, 1122, 1131, 1139, 1148, 1137, 1157, 1165, 1176, 1187, 1199, 1212, 1224, 1238, 1252, 1265, 1279, 1296, 1289, 1323]
[0, 1145, 1136, 1128, 1122, 1085, 1116, 1110, 1104, 1100, 1096, 1093, 1090, 1086, 1084, 1086, 1055, 754, 588, 494, 1315, 1311, 1308, 0, 0, 0, 0, 0, 0, 0, 0, 0, 0, 0, 1074, 1079, 1084, 1088, 1093, 1098, 1106, 1112, 1120, 1129, 1138, 1147, 1155, 1164, 1172, 1183, 1195, 1206, 1220, 1235, 1248, 1261, 1273, 1290, 1296, 1289, 0]
[0, 1145, 1137, 1130, 1123, 1117, 1111, 1106, 1101, 1100, 1096, 1092, 1089, 1086, 1084, 1085, 1055, 754, 588, 494, 1315, 1311, 0, 0, 0, 0, 0, 0, 0, 0, 0, 0, 0, 0, 1114, 0, 1121, 1125, 1131, 1138, 1145, 1151, 1158, 1164, 1171, 1180, 1189, 1197, 1209, 1222, 1234, 1247, 1260, 1273, 1288, 1303, 1320, 1338, 1355, 1372, 1388]
[0, 1162, 1155, 1148, 1141, 1135, 1129, 1124, 1119, 1100, 1115, 1112, 1110, 1106, 1104, 1103, 1055, 754, 588, 494, 1315, 1311, 0, 0, 0, 0, 0, 0, 0, 0, 0, 0, 0, 0, 1114, 1119, 1124, 1130, 1136, 1142, 1151, 1151, 1158, 1164, 1170, 1178, 1186, 1196, 1209, 1220, 1232, 1245, 1257, 1271, 1287, 1303, 1320, 1327, 1352, 1369, 1386]
[0, 1164, 1157, 1152, 1146, 1138, 1132, 1128, 1123, 1119, 1116, 1113, 1111, 1108, 1107, 1103, 1055, 754, 588, 494, 1315, 1311, 0, 0, 0, 0, 0, 0, 0, 0, 0, 0, 0, 0, 1132, 1137, 1144, 1152, 1157, 1162, 1168, 1151, 1175, 1181, 1189, 1197, 1208, 1220, 1232, 1243, 1264, 1281, 1284, 1299, 1319, 1334, 1346, 1359, 1379, 1398, 1418]
[0, 1196, 1189, 1181, 1175, 1170, 1164, 1159, 1156, 1152, 1147, 1143, 1140, 1137, 1136, 1136, 1055, 754, 588, 494, 1315, 1311, 0, 0, 0, 0, 0, 0, 0, 0, 0, 0, 0, 0, 1141, 1148, 1155, 1160, 1166, 1172, 1177, 1187, 1195, 1203, 1189, 1213, 1224, 1234, 1245, 1261, 1275, 1285, 1297, 1314, 1332, 1348, 1364, 1382, 1401, 1422, 1418]
[0, 1212, 1189, 1205, 1199, 1193, 1188, 1182, 1177, 1174, 1171, 1168, 1165, 1163, 1161, 1160, 1055, 754, 588, 494, 1315, 1311, 0, 0, 0, 0, 0, 0, 0, 0, 0, 0, 1152, 1165, 1164, 1168, 1174, 1180, 1186, 1193, 1204, 1213, 1219, 1226, 1234, 1244, 1258, 1271, 1280, 1291, 1303, 1317, 1334, 1349, 1332, 1366, 1382, 1398, 1418, 1422, 1447]
[0, 1220, 1211, 1204, 1197, 1191, 1186, 1182, 1176, 1172, 1171, 1168, 1166, 1163, 1162, 1162, 1055, 754, 588, 494, 1315, 1311, 0, 0, 0, 0, 0, 0, 0, 0, 0, 0, 0, 1170, 1185, 1191, 1198, 1206, 1216, 1232, 1240, 1245, 1257, 1264, 1264, 1269, 1280, 1294, 1310, 1324, 1336, 1348, 1360, 1375, 1390, 1406, 1426, 1449, 1471, 1490, 1447]
[0, 1232, 1223, 1214, 1207, 1202, 1197, 1193, 1189, 1184, 1180, 1177, 1175, 1173, 1171, 1174, 1055, 754, 588, 494, 1315, 1311, 0, 0, 0, 0, 0, 0, 0, 0, 0, 0, 1176, 1188, 1189, 1196, 1204, 1215, 1224, 1232, 1242, 1251, 1255, 1261, 1270, 1278, 1290, 1306, 1320, 1332, 1344, 1357, 1371, 1375, 1385, 1398, 1415, 1441, 1464, 1481, 1497]
[0, 1236, 1227, 1221, 1212, 1206, 1198, 1193, 1191, 1187, 1181, 1178, 1177, 1176, 1173, 1174, 1055, 754, 588, 494, 1315, 1311, 0, 0, 0, 0, 0, 0, 0, 0, 0, 0, 1185, 1196, 1205, 1214, 1220, 1227, 1235, 1243, 1251, 1258, 1265, 1272, 1281, 1290, 1303, 1317, 1320, 1331, 1343, 1352, 1365, 1379, 1393, 1408, 1428, 1452, 1473, 1489, 1505]
[0, 1233, 1226, 1217, 1208, 1203, 1198, 1194, 1191, 1189, 1185, 1181, 1179, 1177, 1175, 1174, 1055, 754, 588, 494, 1315, 1311, 0, 0, 0, 0, 0, 0, 0, 0, 0, 0, 1191, 1205, 1210, 1217, 1220, 1228, 1239, 1248, 1253, 1259, 1267, 1275, 1284, 1295, 1306, 1317, 1332, 1344, 1353, 1364, 1379, 1391, 1408, 1408, 1431, 1455, 1474, 1486, 1498]
[0, 1283, 1273, 1266, 1260, 1255, 1248, 1242, 1239, 1236, 1230, 1226, 1222, 1220, 1218, 1222, 1055, 754, 588, 494, 1315, 1311, 0, 0, 0, 0, 0, 0, 0, 0, 0, 0, 1186, 1202, 1214, 1224, 1229, 1234, 1242, 1252, 1255, 1259, 1261, 1272, 1281, 1292, 1300, 1310, 1324, 1338, 1350, 1358, 1372, 1386, 1402, 1419, 1440, 1463, 1480, 1498, 1512]
[0, 1283, 1348, 1340, 1260, 1329, 1316, 1309, 1304, 1303, 1300, 1295, 1291, 1286, 1285, 1286, 1055, 754, 588, 494, 1315, 1311, 0, 0, 368, 0, 0, 0, 0, 0, 0, 0, 0, 1239, 1255, 1263, 1268, 1274, 1278, 1284, 1291, 1301, 1311, 1272, 1326, 1342, 1352, 1360, 1367, 1374, 1384, 1393, 1405, 1416, 1428, 1441, 1455, 1472, 1486, 1500, 1514]
[0, 1372, 1365, 1360, 1352, 1343, 1316, 1309, 1330, 1319, 1316, 1313, 1310, 1307, 1303, 1303, 1055, 754, 588, 494, 1315, 1311, 0, 0, 0, 0, 0, 0, 0, 0, 0, 0, 0, 1294, 0, 1297, 1299, 1303, 1305, 1308, 1312, 1316, 1320, 1325, 1333, 1342, 1350, 1357, 1365, 1373, 1383, 1392, 1400, 1410, 1422, 1435, 1448, 1462, 1479, 1496, 1510]
[0, 1371, 1365, 1357, 1347, 1340, 1316, 1330, 1323, 1320, 1314, 1311, 1309, 1306, 1303, 1303, 1055, 754, 588, 494, 1315, 1311, 0, 369, 368, 0, 0, 0, 0, 0, 0, 0, 0, 0, 0, 1297, 1300, 1303, 1306, 1308, 1313, 1318, 1323, 1328, 1333, 1341, 1349, 1359, 1367, 1374, 1383, 1393, 1404, 1415, 1426, 1440, 1455, 1468, 1482, 1500, 1513]
[0, 1394, 1389, 1381, 1373, 1369, 1365, 1361, 1323, 1356, 1349, 1343, 1340, 1340, 1337, 1330, 1055, 754, 588, 494, 1315, 1311, 0, 0, 369, 0, 0, 0, 0, 0, 0, 0, 0, 1301, 1296, 1298, 1299, 1304, 1308, 1311, 1315, 1319, 1323, 1328, 1336, 1343, 1349, 1358, 1367, 1376, 1386, 1396, 1404, 1404, 1415, 1426, 1437, 1452, 1471, 1486, 1498]
[0, 1400, 1392, 1386, 1381, 1375, 1368, 1364, 1362, 1356, 1348, 1343, 1341, 1339, 1336, 1333, 1055, 754, 588, 494, 1315, 1311, 0, 0, 369, 0, 0, 0, 0, 0, 0, 0, 0, 1294, 1293, 1298, 1302, 1303, 1305, 1310, 1314, 1319, 1324, 1328, 1331, 1337, 1343, 1351, 1361, 1370, 1378, 1386, 1395, 1406, 1417, 1430, 1444, 1457, 1475, 1489, 1499]
[0, 1418, 1406, 1398, 1394, 1388, 1381, 1375, 1371, 1367, 1361, 1355, 1341, 1351, 1343, 1334, 1055, 754, 588, 494, 1315, 1311, 0, 0, 369, 0, 0, 0, 0, 0, 0, 0, 0, 0, 1294, 1297, 1298, 1300, 1304, 1308, 1311, 1314, 1319, 1327, 1334, 1343, 1351, 1358, 1365, 1373, 1383, 1392, 1400, 1411, 1422, 1434, 1450, 1464, 1481, 1495, 1507]
[0, 1425, 1415, 1402, 1395, 1390, 1385, 1378, 1374, 1370, 1365, 1358, 1354, 1347, 1337, 1335, 1055, 754, 588, 494, 1315, 1311, 0, 0, 0, 0, 0, 0, 0, 0, 0, 0, 0, 1297, 1294, 1296, 1300, 1302, 1305, 1310, 1315, 1319, 1324, 1331, 1334, 1337, 1343, 1351, 1360, 1369, 1377, 1386, 1395, 1405, 1417, 1430, 1444, 1457, 1474, 1488, 1499]
[0, 1473, 1458, 1436, 1422, 1412, 1401, 1390, 1380, 1370, 1370, 1363, 1356, 1347, 1340, 1332, 1055, 754, 588, 494, 1315, 1311, 0, 0, 0, 0, 0, 0, 0, 0, 0, 0, 0, 0, 0, 1297, 1299, 1302, 1304, 1307, 1313, 1318, 1323, 1328, 1334, 1341, 1348, 1357, 1366, 1374, 1383, 1392, 1404, 1414, 1423, 1436, 1450, 1463, 1481, 1498, 1499]
[0, 1462, 1458, 1446, 1430, 1418, 1408, 1397, 1386, 1374, 1366, 1360, 1354, 1345, 1336, 1331, 1055, 754, 588, 494, 1315, 1311, 0, 0, 370, 0, 0, 0, 0, 0, 0, 0, 0, 0, 1292, 1296, 1301, 1303, 1305, 1309, 1313, 1318, 1317, 1323, 1330, 1337, 1342, 1350, 1360, 1368, 1375, 1384, 1395, 1405, 1416, 1428, 1445, 1458, 1472, 1487, 1500]
[0, 1472, 1456, 1442, 1428, 1413, 1401, 1392, 1383, 1373, 1365, 1358, 1348, 1340, 1334, 1338, 1055, 754, 588, 494, 1315, 1311, 0, 0, 0, 0, 0, 0, 0, 0, 0, 0, 0, 0, 0, 1296, 1297, 1299, 1303, 1307, 1310, 1314, 1319, 1325, 1332, 1340, 1344, 1352, 1363, 1370, 1380, 1391, 1399, 1407, 1419, 1432, 1446, 1463, 1479, 1493, 1506]
[0, 1472, 1456, 1442, 1428, 1413, 1401, 1393, 1383, 1372, 1364, 1358, 1348, 1342, 1336, 1332, 1055, 754, 588, 494, 1315, 1311, 0, 0, 0, 0, 0, 0, 0, 0, 0, 0, 0, 0, 1293, 1294, 1296, 1299, 1302, 1306, 1309, 1315, 1319, 1321, 1328, 1337, 1345, 1352, 1363, 1373, 1381, 1388, 1396, 1410, 1422, 1435, 1449, 1463, 1462, 1480, 1494]
[0, 1472, 1461, 1445, 1431, 1419, 1407, 1396, 1386, 1374, 1366, 1359, 1352, 1344, 1337, 1330, 1055, 754, 588, 494, 1315, 1311, 0, 0, 0, 0, 0, 0, 0, 0, 0, 0, 0, 0, 1291, 1294, 1294, 1299, 1303, 1306, 1309, 1315, 1318, 1322, 1328, 1337, 1345, 1351, 1362, 1372, 1381, 1387, 1396, 1409, 1420, 1433, 1448, 1462, 1479, 1494, 1508]
[0, 1472, 1454, 1440, 1427, 1413, 1401, 1393, 1383, 1372, 1364, 1357, 1348, 1342, 1335, 1326, 1055, 754, 588, 494, 1315, 1311, 0, 0, 0, 0, 0, 0, 0, 0, 0, 0, 1307, 1291, 0, 1295, 1296, 1297, 1302, 1304, 1306, 1313, 1319, 1323, 1328, 1337, 1345, 1350, 1358, 1366, 1374, 1383, 1393, 1404, 1415, 1427, 1443, 1457, 1471, 1488, 1500]
[0, 1472, 1460, 1445, 1431, 1418, 1407, 1396, 1385, 1374, 1366, 1359, 1352, 1344, 1334, 1328, 1055, 754, 588, 494, 1315, 1311, 0, 0, 0, 0, 0, 0, 0, 0, 0, 0, 0, 1305, 1288, 1290, 1293, 1298, 1303, 1307, 1310, 1313, 1318, 1322, 1327, 1336, 1343, 1351, 1362, 1369, 1376, 1387, 1398, 1406, 1416, 1429, 1445, 1459, 1475, 1492, 1505]
[0, 1470, 1454, 1438, 1425, 1413, 1402, 1392, 1382, 1372, 1364, 1356, 1348, 1340, 1333, 1325, 1055, 754, 588, 494, 1315, 1311, 0, 0, 0, 0, 0, 0, 0, 0, 0, 0, 1306, 1288, 1292, 1295, 1295, 1299, 0, 1303, 1307, 1312, 1316, 1319, 1323, 1332, 1342, 1346, 1351, 1363, 1376, 1385, 1394, 1404, 1414, 1423, 1437, 1454, 1469, 1483, 1498]
[0, 1467, 1450, 1437, 1423, 1411, 1401, 1391, 1378, 1368, 1362, 1355, 1345, 1338, 1331, 1322, 1055, 754, 588, 494, 1315, 1311, 0, 0, 0, 0, 0, 0, 0, 0, 0, 0, 1313, 1297, 1291, 1292, 1293, 1295, 1300, 1306, 1309, 1311, 1317, 1322, 1327, 1336, 1343, 1350, 1358, 1366, 1376, 1385, 1395, 1406, 1417, 1429, 1443, 1461, 1475, 1489, 1505]
[0, 1469, 1452, 1440, 1427, 1413, 1401, 1393, 1382, 1370, 1365, 1356, 1345, 1339, 1333, 1325, 1055, 754, 588, 494, 1315, 1311, 0, 0, 0, 0, 0, 0, 0, 0, 0, 1302, 1286, 1288, 1291, 1293, 1296, 1297, 1299, 1305, 1309, 1311, 1315, 1320, 1326, 1335, 1343, 1350, 1358, 1365, 1374, 1384, 1395, 1406, 1417, 1429, 1445, 1463, 1482, 1506, 1514]
[0, 1465, 1449, 1435, 1422, 1410, 1399, 1389, 1377, 1367, 1362, 1354, 1345, 1338, 1331, 1322, 1055, 754, 588, 494, 1315, 1311, 0, 0, 0, 0, 0, 0, 0, 0, 0, 1306, 1286, 1284, 1286, 1291, 1296, 1298, 1302, 1306, 1309, 1310, 1314, 1319, 1324, 1332, 1337, 1344, 1353, 1365, 1372, 1378, 1390, 1401, 1413, 1427, 1443, 1463, 1478, 1495, 1507]
[0, 1468, 1452, 1440, 1426, 1412, 1401, 1390, 1378, 1370, 1364, 1355, 1345, 1340, 1333, 1324, 1319, 1313, 1307, 1301, 1295, 1311, 0, 0, 0, 0, 0, 0, 0, 0, 0, 1302, 1286, 1287, 1290, 1292, 1295, 1297, 1299, 1304, 1308, 1311, 1314, 1320, 1326, 1334, 1342, 1349, 1357, 1366, 1375, 1383, 1394, 1405, 1416, 1429, 1444, 1462, 1482, 1501, 1510]
[0, 1458, 1443, 1432, 1419, 1406, 1394, 1383, 1378, 1372, 1366, 1359, 1350, 1343, 1333, 1326, 1321, 1316, 1311, 1306, 1301, 1303, 1288, 1282, 1282, 0, 1284, 1283, 1280, 0, 1281, 1282, 1284, 1284, 1286, 1288, 1292, 1294, 1294, 1299, 1307, 1316, 1324, 1332, 1338, 1342, 1350, 1361, 1370, 1381, 1392, 1401, 1413, 1424, 1435, 1447, 1458, 1471, 1485, 1500, 1508]
[0, 1466, 1449, 1435, 1422, 1412, 1400, 1390, 1380, 1371, 1363, 1353, 1345, 1338, 1331, 1324, 1318, 1311, 1305, 1301, 1296, 1303, 1295, 1282, 1281, 0, 1282, 1282, 1281, 1282, 1281, 1283, 1285, 1286, 1286, 1289, 1291, 1295, 1299, 1303, 1313, 1321, 1326, 1335, 1342, 1349, 1357, 1364, 1378, 1389, 1398, 1407, 1416, 1426, 1440, 1453, 1464, 1480, 1497, 0, 1508]
[0, 1463, 1448, 1431, 1418, 1407, 1396, 1388, 1377, 1368, 1360, 1350, 1342, 1334, 1327, 1322, 1315, 1311, 1309, 1305, 1301, 1297, 1290, 1284, 1283, 1293, 1282, 1294, 1285, 1285, 1286, 1289, 1291, 1296, 1298, 1301, 1305, 1310, 1313, 1314, 1317, 1321, 1326, 1333, 1339, 1347, 1354, 1361, 1371, 1381, 1392, 1403, 1412, 1422, 1434, 1448, 1459, 1473, 1489, 1507, 1510]
[0, 1458, 1443, 1429, 1416, 1405, 1393, 1388, 1373, 1368, 1366, 1358, 1349, 1342, 1333, 1325, 1321, 1315, 1311, 1305, 1301, 1304, 1284, 1282, 1291, 1284, 1284, 1288, 1286, 1287, 1289, 1290, 1293, 1298, 1301, 1303, 1305, 1308, 1311, 1314, 1318, 1323, 1328, 1333, 1342, 1350, 1354, 1362, 1371, 1382, 1395, 1406, 1414, 1424, 1436, 1447, 1459, 1473, 1490, 1505, 1510]
[0, 1465, 1448, 1435, 1422, 1411, 1399, 1389, 1379, 1371, 1362, 1352, 1344, 1338, 1331, 1323, 1317, 1311, 1306, 1301, 1296, 1304, 1299, 1290, 1290, 1284, 1286, 1285, 0, 1290, 1292, 1293, 1297, 1299, 1302, 1305, 1306, 1309, 1311, 1313, 1321, 1325, 1329, 1333, 1341, 1351, 1357, 1366, 1379, 1389, 1396, 1406, 1414, 1416, 1427, 1441, 1452, 1463, 1478, 1496, 0]
[0, 1462, 1449, 1435, 1422, 1410, 1399, 1389, 1379, 1371, 1362, 1352, 1344, 1338, 1336, 1333, 1328, 1323, 1319, 1316, 1313, 1310, 1292, 1288, 1286, 1284, 1285, 1285, 0, 1288, 1289, 1289, 1294, 1298, 1299, 1301, 1305, 1309, 1312, 1314, 1318, 1323, 1327, 1332, 1338, 1346, 1354, 1362, 1371, 1381, 1391, 1401, 1413, 1423, 1434, 1447, 1457, 1471, 1485, 1500, 1508]
[0, 1467, 1452, 1441, 1429, 1416, 1405, 1395, 1384, 1374, 1366, 1359, 1353, 1349, 1344, 1340, 1337, 1329, 1322, 1317, 1312, 1310, 1308, 1304, 1301, 1300, 1300, 1300, 0, 1299, 1300, 1300, 1300, 1298, 1299, 1302, 1305, 1309, 1311, 1314, 1318, 1322, 1327, 1329, 1335, 1346, 1353, 1361, 1370, 1380, 1391, 1400, 1412, 1423, 1432, 1444, 1457, 1470, 1484, 1500, 1507]
[0, 1467, 1459, 1448, 1436, 1431, 1428, 1420, 1406, 1394, 1382, 1369, 1360, 1354, 1349, 1339, 1329, 1327, 1322, 1316, 1314, 1311, 1309, 1307, 1304, 1301, 1299, 1299, 1299, 1298, 1297, 1298, 1300, 1301, 1303, 1306, 1309, 1311, 1313, 1315, 1320, 1325, 1327, 1332, 1342, 1351, 1357, 1365, 1375, 1380, 1396, 1408, 1412, 1417, 1428, 1442, 1452, 1463, 1476, 1491, 1506]
[0, 1479, 1468, 1457, 1446, 1436, 1423, 1412, 1401, 1392, 1384, 1371, 1363, 1358, 1348, 1340, 1336, 1330, 1323, 1318, 1315, 1311, 1308, 1305, 1300, 1298, 1300, 1299, 1299, 1300, 1299, 1298, 1299, 1302, 1303, 1302, 1305, 1307, 1310, 1313, 1316, 1321, 1325, 1331, 1338, 1345, 1352, 1360, 1369, 1379, 1390, 1397, 1407, 1421, 1431, 1441, 1454, 1467, 1480, 1498, 1507]
[0, 1480, 1467, 1453, 1442, 1432, 1421, 1408, 1395, 1387, 1378, 1367, 1359, 1352, 1346, 1338, 1336, 1330, 1325, 1320, 1315, 1313, 1307, 1303, 1303, 1302, 1301, 1300, 1296, 1296, 1298, 1299, 1300, 1300, 1302, 1305, 1307, 1309, 1312, 1316, 1319, 1321, 1323, 1330, 1336, 1342, 1351, 1358, 1367, 1376, 1385, 1395, 1408, 1421, 1430, 1442, 1454, 1467, 1480, 1497, 1506]
[0, 1474, 1460, 1449, 1442, 1436, 1424, 1412, 1403, 1395, 1385, 1372, 1363, 1357, 1348, 1339, 1333, 1327, 1322, 1319, 1315, 1310, 1310, 1307, 1304, 1302, 1300, 1298, 1297, 1298, 1299, 1299, 1301, 1302, 1302, 1303, 1305, 1309, 1312, 1315, 1318, 1323, 1327, 1333, 1342, 1349, 1354, 1362, 1372, 1383, 1395, 1405, 1414, 1425, 1437, 1448, 1462, 1475, 1490, 1504, 1510]
[0, 1478, 1464, 1451, 1442, 1430, 1418, 1408, 1398, 1386, 1374, 1364, 1357, 1357, 1345, 1339, 1337, 1330, 1325, 1320, 1315, 1312, 1308, 1306, 1304, 1301, 1299, 1299, 1299, 1298, 1297, 1299, 1300, 1300, 1302, 1306, 1308, 1311, 1314, 1315, 1319, 1324, 1328, 1333, 1333, 1343, 1351, 1358, 1366, 1375, 1385, 1395, 1407, 1419, 1430, 1442, 1454, 1466, 1478, 1490, 1502]
[0, 1473, 1458, 1451, 1447, 1436, 1425, 1413, 1402, 1395, 1385, 1372, 1364, 1357, 1351, 1343, 1336, 1330, 1323, 1320, 1315, 1310, 1309, 1307, 1304, 1301, 1300, 1298, 1297, 1297, 1298, 1297, 1299, 1302, 1301, 1302, 1305, 1308, 1310, 1313, 1318, 1322, 1330, 1336, 1342, 1346, 1351, 1362, 1372, 1383, 1395, 1405, 1414, 1424, 1436, 1448, 1459, 1473, 1490, 1504, 1507]
[0, 1481, 1467, 1454, 1441, 1432, 1422, 1409, 1398, 1397, 1389, 1371, 1359, 1351, 1346, 1339, 1333, 1328, 1322, 1317, 1313, 1309, 1308, 1306, 1307, 1304, 1299, 1298, 1297, 1298, 1298, 1299, 1300, 1300, 1306, 1310, 1306, 1307, 1310, 1315, 1317, 1319, 1326, 1333, 1340, 1349, 1357, 1365, 1374, 1385, 1396, 1407, 1416, 1426, 1439, 1451, 1462, 1475, 1490, 1481, 1507]
