[0, 0, 0, 0, 0, 0, 0, 0, 0, 0, 0, 0, 0, 0, 0, 0, 0, 0, 0, 0, 0, 0, 0, 0, 0, 0, 0, 0, 0, 0, 0, 0, 0, 0, 0, 0, 0, 0, 0, 0, 0, 0, 0, 0, 0, 0, 0, 0, 0, 0, 0, 0, 0, 0, 0, 0, 0, 0, 0, 0, 0]
[0, 541, 532, 528, 524, 521, 518, 515, 513, 510, 507, 504, 503, 502, 500, 497, 497, 497, 495, 493, 492, 491, 490, 490, 489, 486, 489, 489, 490, 491, 492, 493, 494, 495, 489, 0, 441, 435, 433, 432, 433, 435, 446, 0, 516, 519, 522, 525, 528, 532, 535, 539, 547, 552, 556, 561, 566, 572, 578, 584, 590]
[0, 537, 533, 530, 526, 521, 519, 517, 513, 510, 509, 506, 504, 501, 500, 499, 498, 495, 494, 494, 493, 491, 490, 490, 489, 486, 488, 489, 490, 491, 492, 492, 493, 495, 495, 0, 441, 436, 433, 432, 432, 435, 446, 0, 516, 519, 522, 525, 528, 532, 535, 539, 543, 552, 556, 561, 566, 572, 578, 583, 590]
[0, 540, 535, 531, 527, 524, 520, 514, 512, 510, 507, 505, 503, 501, 500, 498, 496, 495, 494, 493, 493, 491, 491, 490, 490, 490, 489, 490, 490, 491, 492, 493, 494, 495, 495, 0, 444, 437, 433, 432, 432, 439, 446, 0, 512, 517, 521, 524, 527, 534, 537, 542, 546, 551, 556, 560, 565, 570, 575, 581, 594]
[0, 539, 535, 531, 527, 524, 520, 516, 513, 511, 509, 505, 503, 500, 498, 496, 495, 494, 492, 492, 493, 491, 491, 490, 490, 489, 489, 490, 490, 491, 493, 493, 493, 495, 495, 449, 444, 435, 432, 432, 433, 437, 443, 0, 0, 520, 523, 526, 530, 533, 536, 541, 544, 548, 553, 558, 567, 573, 579, 585, 593]
[0, 540, 536, 531, 527, 524, 517, 514, 513, 511, 507, 505, 503, 501, 500, 498, 496, 495, 494, 493, 492, 491, 491, 490, 490, 490, 489, 489, 489, 490, 493, 494, 493, 494, 495, 0, 447, 439, 434, 432, 432, 433, 443, 0, 0, 0, 521, 527, 531, 534, 538, 542, 546, 551, 555, 559, 564, 569, 582, 588, 594]
[0, 541, 536, 531, 524, 521, 518, 515, 513, 511, 508, 506, 503, 501, 500, 498, 496, 495, 494, 493, 492, 491, 490, 490, 489, 489, 488, 489, 490, 490, 493, 493, 494, 494, 0, 0, 439, 434, 432, 432, 433, 437, 444, 0, 0, 520, 523, 526, 529, 532, 537, 542, 545, 549, 554, 559, 563, 568, 581, 587, 593]
[0, 539, 535, 531, 527, 524, 521, 518, 514, 511, 509, 507, 505, 503, 501, 499, 497, 496, 495, 494, 493, 491, 491, 490, 489, 489, 490, 489, 490, 491, 493, 493, 493, 495, 0, 448, 439, 434, 432, 432, 433, 437, 443, 0, 0, 520, 523, 526, 529, 532, 536, 540, 544, 548, 553, 558, 567, 573, 580, 586, 593]
[0, 541, 532, 531, 524, 521, 518, 515, 513, 511, 508, 506, 503, 501, 500, 498, 498, 497, 495, 494, 493, 493, 492, 490, 490, 490, 489, 490, 490, 490, 492, 494, 493, 495, 0, 0, 444, 437, 433, 431, 432, 433, 443, 0, 512, 518, 521, 528, 531, 534, 537, 542, 546, 551, 555, 559, 565, 570, 582, 586, 594]
[0, 541, 533, 529, 525, 522, 519, 515, 513, 510, 508, 506, 504, 502, 501, 500, 498, 497, 495, 495, 493, 492, 491, 490, 490, 489, 491, 490, 490, 491, 493, 493, 494, 495, 0, 450, 440, 434, 432, 432, 433, 437, 443, 0, 512, 520, 523, 526, 530, 533, 536, 541, 544, 549, 558, 562, 568, 573, 579, 586, 593]
[0, 538, 534, 530, 525, 522, 520, 516, 513, 511, 509, 507, 505, 503, 501, 499, 498, 496, 494, 493, 492, 492, 491, 491, 490, 490, 490, 490, 490, 491, 492, 493, 494, 495, 494, 0, 441, 435, 433, 432, 432, 435, 443, 0, 516, 519, 522, 525, 528, 532, 535, 539, 543, 548, 557, 561, 566, 572, 579, 584, 590]
[0, 539, 535, 531, 528, 525, 522, 519, 516, 512, 509, 506, 504, 503, 502, 501, 500, 499, 498, 497, 496, 496, 495, 494, 490, 490, 489, 490, 491, 492, 493, 493, 494, 495, 494, 0, 442, 435, 433, 431, 432, 434, 443, 0, 515, 519, 522, 524, 527, 531, 536, 542, 547, 552, 556, 560, 565, 570, 576, 582, 588]
[0, 546, 542, 538, 531, 525, 524, 522, 519, 516, 514, 512, 510, 508, 506, 504, 503, 502, 501, 500, 498, 498, 498, 497, 494, 494, 489, 495, 495, 496, 497, 498, 499, 500, 0, 446, 438, 434, 432, 431, 432, 436, 443, 0, 0, 527, 530, 534, 537, 541, 545, 548, 553, 558, 562, 567, 578, 583, 589, 595, 602]
[0, 546, 541, 537, 534, 530, 527, 524, 522, 516, 514, 512, 510, 509, 507, 505, 504, 503, 502, 501, 499, 499, 498, 498, 494, 497, 497, 496, 498, 498, 499, 499, 500, 501, 0, 447, 437, 433, 431, 431, 432, 436, 443, 0, 0, 528, 530, 534, 537, 541, 544, 548, 557, 558, 566, 571, 577, 583, 589, 595, 600]
[0, 546, 543, 540, 537, 532, 527, 525, 523, 517, 514, 513, 511, 510, 508, 508, 506, 503, 502, 502, 502, 501, 500, 500, 497, 497, 497, 496, 499, 500, 500, 499, 500, 503, 0, 446, 437, 438, 431, 431, 432, 436, 443, 0, 0, 528, 530, 534, 538, 541, 545, 548, 552, 557, 566, 572, 577, 583, 589, 595, 601]
[0, 546, 542, 538, 535, 532, 529, 525, 522, 520, 518, 515, 513, 511, 508, 507, 506, 505, 506, 504, 502, 501, 500, 500, 499, 498, 498, 499, 500, 502, 502, 502, 504, 505, 0, 448, 439, 434, 431, 430, 432, 435, 443, 0, 527, 530, 533, 536, 543, 547, 551, 555, 559, 564, 568, 573, 580, 585, 591, 597, 609]
[0, 545, 542, 538, 534, 531, 527, 525, 522, 520, 517, 514, 513, 512, 510, 508, 505, 504, 503, 502, 501, 501, 500, 500, 500, 500, 500, 500, 499, 501, 502, 503, 504, 506, 0, 446, 437, 433, 431, 431, 432, 435, 442, 0, 0, 531, 533, 537, 541, 544, 548, 555, 559, 564, 569, 575, 581, 586, 592, 597, 603]
[0, 545, 543, 538, 536, 532, 530, 527, 524, 521, 519, 517, 515, 513, 512, 509, 508, 508, 506, 505, 504, 503, 503, 503, 499, 499, 499, 500, 500, 501, 502, 504, 504, 506, 0, 0, 442, 436, 432, 431, 433, 437, 445, 0, 0, 532, 536, 539, 542, 546, 550, 555, 558, 563, 571, 575, 583, 589, 594, 601, 607]
[0, 548, 544, 542, 538, 533, 530, 528, 525, 521, 519, 518, 516, 514, 511, 510, 509, 507, 506, 505, 503, 503, 502, 502, 502, 502, 502, 502, 503, 504, 504, 505, 506, 511, 0, 0, 439, 433, 432, 431, 433, 438, 446, 0, 533, 536, 539, 543, 546, 549, 554, 558, 561, 565, 570, 576, 587, 592, 599, 605, 611]
[0, 551, 547, 543, 536, 533, 530, 527, 524, 521, 519, 517, 515, 513, 512, 509, 508, 508, 508, 506, 504, 503, 503, 503, 503, 502, 502, 503, 504, 504, 505, 506, 507, 508, 0, 0, 437, 432, 431, 430, 432, 436, 442, 0, 0, 534, 538, 541, 544, 548, 552, 555, 560, 568, 574, 580, 586, 592, 597, 603, 609]
[0, 551, 547, 543, 540, 533, 530, 526, 524, 521, 519, 517, 515, 513, 511, 510, 508, 508, 508, 505, 504, 503, 503, 503, 502, 502, 502, 502, 503, 504, 505, 506, 507, 510, 0, 0, 441, 434, 431, 430, 433, 436, 442, 0, 0, 536, 539, 542, 545, 549, 553, 556, 560, 565, 569, 581, 586, 592, 597, 603, 608]
[0, 556, 553, 549, 545, 541, 538, 535, 530, 527, 525, 524, 522, 520, 518, 516, 515, 514, 513, 511, 510, 510, 510, 503, 502, 502, 502, 502, 503, 503, 504, 506, 508, 509, 0, 443, 441, 436, 430, 430, 432, 436, 442, 0, 0, 534, 537, 541, 544, 548, 552, 559, 563, 568, 573, 579, 585, 590, 595, 602, 614]
[0, 561, 554, 549, 546, 543, 541, 537, 534, 532, 530, 528, 526, 524, 522, 521, 520, 515, 515, 515, 515, 514, 513, 513, 509, 509, 509, 510, 510, 511, 511, 513, 515, 517, 0, 0, 440, 434, 430, 430, 432, 436, 443, 0, 0, 543, 546, 549, 553, 556, 559, 568, 563, 577, 583, 588, 593, 599, 605, 616, 624]
[0, 560, 557, 553, 549, 546, 542, 538, 534, 531, 529, 528, 525, 524, 522, 520, 519, 518, 516, 515, 515, 515, 514, 513, 512, 513, 514, 515, 515, 515, 516, 517, 517, 519, 0, 446, 437, 432, 429, 429, 430, 432, 443, 0, 539, 545, 548, 554, 558, 561, 565, 569, 574, 579, 589, 594, 600, 605, 610, 617, 624]
[0, 560, 556, 552, 549, 542, 538, 536, 534, 531, 529, 527, 525, 524, 522, 520, 519, 515, 515, 515, 515, 514, 513, 513, 512, 512, 513, 514, 514, 515, 516, 517, 517, 519, 0, 446, 437, 431, 429, 429, 430, 432, 443, 0, 539, 544, 551, 554, 558, 561, 565, 569, 573, 584, 589, 594, 599, 605, 610, 615, 629]
[0, 560, 556, 553, 546, 543, 540, 537, 534, 532, 529, 528, 526, 524, 522, 519, 518, 516, 515, 515, 514, 514, 513, 513, 512, 512, 513, 514, 514, 515, 516, 517, 517, 518, 0, 448, 438, 432, 429, 429, 430, 431, 443, 0, 544, 547, 550, 553, 557, 561, 564, 568, 576, 581, 586, 591, 596, 602, 609, 620, 628]
[0, 573, 569, 565, 562, 556, 540, 549, 547, 544, 542, 540, 537, 536, 533, 532, 530, 528, 527, 527, 526, 526, 525, 525, 512, 513, 514, 514, 514, 515, 516, 517, 518, 524, 0, 0, 438, 432, 429, 429, 431, 436, 443, 0, 544, 546, 549, 553, 556, 559, 563, 571, 576, 581, 586, 591, 601, 606, 613, 619, 625]
[0, 570, 566, 562, 559, 556, 553, 550, 547, 545, 543, 541, 539, 535, 533, 531, 530, 530, 528, 527, 527, 526, 526, 525, 524, 513, 526, 526, 527, 527, 528, 529, 530, 532, 0, 446, 437, 432, 429, 427, 427, 430, 442, 0, 557, 560, 563, 565, 569, 573, 577, 586, 591, 596, 601, 606, 611, 617, 622, 635, 643]
[0, 578, 574, 570, 566, 563, 559, 557, 554, 551, 549, 546, 544, 542, 540, 538, 537, 535, 534, 534, 533, 532, 532, 525, 525, 525, 526, 526, 526, 527, 528, 529, 531, 534, 0, 0, 439, 432, 429, 427, 428, 433, 440, 0, 556, 559, 562, 565, 572, 577, 581, 585, 590, 594, 599, 605, 610, 622, 628, 634, 642]
[0, 578, 574, 570, 566, 563, 560, 557, 555, 552, 548, 546, 543, 542, 540, 538, 536, 535, 534, 534, 533, 532, 531, 532, 532, 532, 532, 533, 533, 534, 534, 536, 537, 539, 0, 439, 439, 432, 429, 427, 428, 432, 437, 0, 561, 565, 569, 573, 580, 584, 587, 592, 597, 602, 607, 617, 610, 629, 635, 642, 649]
[0, 580, 575, 572, 568, 564, 561, 558, 555, 553, 551, 549, 547, 545, 542, 541, 540, 538, 537, 537, 536, 535, 534, 534, 532, 531, 531, 532, 533, 534, 534, 535, 537, 540, 0, 0, 437, 432, 429, 427, 428, 433, 440, 0, 563, 566, 569, 573, 578, 582, 585, 594, 598, 603, 609, 614, 620, 625, 631, 646, 652]
[0, 587, 582, 575, 571, 567, 564, 561, 558, 556, 554, 551, 550, 548, 546, 543, 542, 538, 540, 540, 538, 538, 538, 537, 534, 534, 536, 536, 537, 537, 538, 539, 540, 542, 0, 444, 435, 429, 427, 426, 428, 431, 440, 0, 0, 569, 577, 581, 585, 589, 593, 597, 602, 607, 612, 623, 629, 636, 643, 650, 656]
[0, 600, 596, 593, 589, 586, 582, 575, 572, 570, 567, 565, 563, 561, 560, 558, 557, 556, 555, 554, 553, 552, 552, 537, 537, 537, 537, 538, 539, 540, 541, 542, 543, 544, 0, 0, 441, 428, 427, 426, 427, 430, 436, 0, 569, 571, 576, 583, 0, 589, 594, 599, 603, 608, 613, 619, 625, 636, 643, 650, 657]
[0, 601, 597, 594, 590, 587, 579, 575, 572, 570, 568, 565, 563, 562, 561, 559, 558, 555, 554, 554, 553, 552, 552, 551, 553, 553, 552, 553, 553, 554, 555, 557, 558, 560, 0, 0, 437, 431, 427, 425, 425, 431, 438, 0, 586, 590, 593, 596, 600, 604, 613, 617, 622, 628, 634, 640, 646, 651, 664, 650, 678]
[0, 607, 602, 598, 594, 591, 588, 585, 582, 579, 576, 574, 569, 567, 565, 564, 563, 562, 561, 560, 559, 558, 558, 558, 552, 553, 553, 553, 554, 555, 556, 557, 558, 558, 0, 0, 437, 430, 427, 425, 427, 430, 436, 0, 586, 0, 592, 596, 603, 0, 611, 616, 621, 626, 632, 637, 644, 656, 662, 669, 677]
[0, 609, 605, 601, 598, 595, 591, 588, 582, 580, 577, 574, 572, 570, 568, 567, 565, 564, 563, 562, 561, 561, 561, 559, 559, 559, 559, 559, 560, 561, 561, 562, 563, 571, 0, 0, 434, 428, 425, 424, 425, 427, 431, 0, 594, 598, 602, 605, 609, 613, 617, 622, 633, 639, 645, 650, 656, 662, 669, 676, 690]
[0, 611, 607, 603, 600, 595, 589, 586, 583, 581, 578, 577, 575, 572, 569, 567, 566, 566, 564, 563, 562, 562, 561, 561, 561, 561, 561, 561, 562, 563, 564, 562, 566, 567, 0, 0, 436, 429, 426, 425, 427, 430, 436, 0, 0, 598, 602, 605, 613, 617, 622, 627, 632, 638, 644, 649, 654, 668, 674, 681, 689]
[0, 615, 611, 608, 604, 600, 596, 591, 588, 585, 582, 580, 579, 577, 575, 573, 572, 570, 569, 568, 567, 567, 567, 562, 562, 562, 562, 562, 563, 564, 564, 566, 567, 568, 0, 0, 437, 426, 426, 424, 425, 429, 435, 0, 0, 598, 602, 606, 613, 618, 622, 627, 632, 638, 644, 649, 654, 668, 674, 681, 689]
[0, 622, 615, 611, 607, 603, 600, 597, 594, 591, 589, 587, 585, 581, 580, 578, 576, 575, 574, 573, 572, 571, 571, 572, 567, 567, 568, 568, 568, 569, 571, 572, 574, 575, 0, 0, 435, 429, 424, 424, 424, 430, 435, 0, 0, 605, 608, 611, 615, 624, 630, 635, 640, 645, 651, 656, 662, 668, 682, 689, 697]
[0, 621, 617, 613, 610, 606, 598, 596, 593, 590, 589, 587, 585, 583, 581, 579, 576, 575, 574, 574, 573, 572, 572, 572, 572, 571, 572, 573, 573, 574, 575, 576, 577, 580, 0, 441, 432, 427, 424, 423, 424, 426, 435, 0, 0, 611, 615, 619, 623, 627, 633, 638, 642, 647, 658, 664, 671, 676, 683, 691, 707]
[0, 621, 617, 613, 609, 606, 601, 596, 593, 590, 589, 587, 585, 582, 580, 579, 578, 576, 574, 573, 572, 572, 572, 572, 572, 571, 571, 572, 574, 575, 576, 577, 578, 580, 0, 0, 429, 426, 424, 424, 425, 429, 434, 0, 0, 609, 616, 620, 624, 629, 633, 639, 644, 649, 655, 666, 672, 678, 686, 694, 702]
[0, 638, 634, 629, 625, 620, 617, 614, 608, 606, 603, 602, 599, 596, 596, 595, 593, 591, 591, 589, 589, 589, 588, 572, 571, 572, 572, 572, 573, 574, 576, 578, 579, 580, 0, 0, 435, 428, 425, 424, 426, 429, 435, 0, 0, 609, 613, 617, 621, 630, 636, 640, 645, 651, 656, 661, 667, 674, 688, 696, 703]
[0, 637, 633, 629, 624, 620, 616, 613, 611, 606, 603, 601, 598, 596, 596, 595, 593, 591, 591, 589, 589, 589, 588, 588, 589, 589, 589, 589, 589, 590, 592, 593, 594, 595, 0, 0, 436, 428, 423, 424, 423, 426, 435, 0, 0, 630, 635, 639, 643, 647, 651, 656, 660, 670, 677, 683, 690, 698, 704, 710, 725]
[0, 644, 639, 634, 631, 623, 619, 616, 613, 610, 608, 606, 604, 601, 598, 597, 596, 595, 594, 594, 594, 593, 592, 588, 588, 589, 589, 589, 589, 590, 592, 593, 594, 595, 0, 438, 436, 429, 423, 422, 423, 426, 431, 0, 625, 629, 633, 638, 643, 647, 651, 660, 664, 669, 675, 683, 689, 695, 703, 716, 723]
[0, 644, 639, 634, 630, 626, 619, 616, 613, 610, 608, 607, 604, 602, 601, 599, 597, 595, 595, 594, 593, 593, 592, 592, 593, 593, 593, 594, 594, 594, 597, 598, 599, 603, 0, 0, 433, 426, 423, 421, 423, 427, 433, 0, 0, 633, 637, 644, 649, 653, 657, 661, 667, 673, 684, 690, 696, 703, 710, 717, 725]
[0, 649, 645, 641, 637, 628, 625, 622, 620, 616, 614, 612, 611, 608, 606, 603, 602, 602, 601, 600, 600, 599, 600, 599, 593, 593, 593, 593, 594, 594, 596, 597, 598, 605, 0, 0, 432, 426, 423, 421, 422, 424, 432, 0, 0, 633, 641, 644, 649, 653, 657, 661, 667, 672, 684, 690, 697, 703, 710, 717, 732]
[0, 665, 662, 657, 653, 649, 646, 643, 640, 635, 632, 630, 627, 624, 622, 621, 619, 617, 616, 616, 616, 615, 615, 599, 599, 599, 599, 600, 600, 601, 604, 605, 606, 608, 0, 0, 432, 426, 423, 422, 423, 426, 432, 0, 0, 639, 648, 651, 655, 659, 664, 669, 674, 685, 692, 699, 705, 710, 724, 732, 739]
[0, 665, 660, 655, 653, 649, 646, 643, 639, 637, 630, 629, 627, 624, 622, 620, 619, 617, 617, 616, 616, 616, 615, 615, 615, 615, 616, 617, 617, 618, 620, 621, 622, 623, 0, 437, 429, 424, 422, 421, 422, 427, 432, 434, 0, 659, 663, 668, 672, 680, 684, 690, 697, 703, 709, 714, 727, 733, 741, 749, 758]
[0, 674, 665, 661, 657, 654, 650, 647, 644, 642, 639, 637, 631, 630, 628, 625, 624, 624, 623, 622, 622, 620, 620, 615, 615, 615, 615, 615, 617, 618, 619, 621, 622, 623, 0, 0, 436, 424, 422, 421, 421, 424, 428, 436, 0, 660, 664, 668, 672, 676, 681, 691, 697, 703, 709, 715, 721, 734, 742, 751, 758]
[0, 671, 666, 661, 657, 654, 650, 647, 644, 642, 637, 634, 632, 630, 629, 627, 624, 624, 623, 623, 622, 622, 622, 620, 621, 621, 621, 621, 623, 618, 626, 627, 628, 629, 0, 0, 432, 426, 423, 420, 422, 424, 428, 436, 0, 668, 671, 676, 679, 683, 689, 694, 706, 712, 718, 724, 730, 737, 744, 761, 769]
[0, 680, 675, 670, 666, 663, 660, 653, 651, 648, 646, 644, 641, 639, 637, 635, 632, 631, 630, 628, 629, 629, 629, 628, 622, 623, 622, 623, 624, 625, 626, 627, 629, 631, 0, 0, 434, 423, 423, 420, 421, 424, 428, 436, 0, 669, 672, 676, 681, 685, 690, 695, 707, 712, 718, 724, 730, 737, 753, 761, 769]
[0, 683, 678, 675, 671, 664, 661, 658, 655, 652, 650, 647, 645, 643, 639, 635, 636, 635, 634, 633, 633, 632, 632, 632, 628, 628, 629, 630, 630, 631, 632, 634, 635, 636, 0, 437, 428, 423, 421, 420, 421, 423, 428, 436, 0, 674, 678, 682, 687, 692, 701, 707, 713, 717, 723, 731, 737, 751, 759, 767, 775]
[0, 684, 678, 671, 668, 664, 661, 659, 655, 652, 650, 647, 645, 642, 640, 638, 637, 636, 634, 633, 633, 633, 633, 632, 632, 633, 634, 634, 634, 635, 636, 638, 639, 641, 0, 437, 428, 423, 421, 420, 420, 423, 428, 436, 0, 678, 682, 686, 692, 702, 707, 711, 717, 724, 731, 736, 743, 758, 766, 774, 782]
[0, 686, 676, 671, 668, 665, 662, 659, 655, 652, 650, 647, 643, 642, 640, 638, 637, 636, 634, 633, 633, 633, 632, 633, 633, 633, 633, 634, 636, 636, 636, 638, 641, 646, 0, 0, 430, 424, 421, 420, 420, 421, 431, 436, 0, 679, 683, 691, 696, 700, 706, 711, 716, 722, 729, 741, 748, 756, 763, 771, 778]
[0, 705, 701, 695, 691, 688, 685, 677, 676, 673, 669, 667, 664, 662, 660, 659, 659, 658, 653, 653, 654, 653, 652, 633, 633, 633, 633, 634, 636, 636, 638, 638, 641, 646, 0, 0, 429, 424, 421, 420, 420, 421, 431, 436, 0, 678, 683, 691, 695, 700, 706, 711, 716, 722, 735, 741, 748, 756, 763, 771, 778]
[0, 719, 715, 710, 705, 702, 695, 692, 689, 686, 683, 680, 677, 675, 673, 671, 670, 667, 667, 666, 665, 666, 666, 653, 654, 653, 654, 655, 655, 656, 657, 659, 661, 662, 0, 0, 433, 426, 422, 419, 420, 422, 431, 436, 0, 702, 707, 711, 714, 718, 729, 734, 741, 747, 754, 761, 768, 775, 794, 801, 809]
[0, 721, 717, 713, 709, 705, 702, 698, 692, 686, 686, 683, 680, 678, 676, 674, 674, 673, 672, 671, 670, 670, 671, 666, 666, 666, 667, 667, 668, 670, 671, 673, 674, 676, 0, 0, 429, 424, 420, 419, 419, 420, 431, 436, 0, 717, 718, 722, 732, 737, 743, 749, 756, 762, 768, 775, 793, 801, 809, 818, 827]
[0, 724, 719, 715, 710, 706, 702, 699, 694, 691, 690, 687, 682, 678, 677, 676, 675, 674, 673, 673, 671, 670, 671, 670, 671, 671, 672, 673, 673, 675, 676, 677, 679, 682, 0, 0, 429, 423, 420, 419, 419, 421, 425, 432, 0, 722, 727, 731, 736, 741, 747, 753, 759, 766, 774, 790, 797, 806, 816, 825, 833]
[0, 724, 719, 714, 710, 706, 703, 700, 696, 689, 686, 683, 682, 681, 679, 676, 675, 675, 673, 672, 671, 670, 670, 671, 671, 671, 672, 673, 673, 674, 676, 677, 679, 681, 0, 0, 430, 423, 420, 419, 419, 420, 429, 432, 0, 723, 724, 729, 734, 743, 750, 756, 763, 770, 777, 784, 792, 801, 810, 826, 834]
[0, 724, 719, 715, 711, 707, 698, 696, 694, 691, 688, 685, 682, 680, 679, 677, 675, 674, 673, 673, 671, 671, 671, 671, 672, 672, 673, 673, 673, 677, 678, 679, 680, 686, 0, 0, 428, 423, 420, 418, 419, 420, 423, 429, 0, 720, 725, 731, 738, 744, 750, 756, 763, 769, 777, 783, 791, 800, 817, 825, 834]
[0, 738, 734, 730, 725, 721, 718, 714, 708, 706, 703, 701, 699, 697, 696, 694, 690, 689, 688, 687, 686, 686, 686, 671, 672, 672, 673, 673, 673, 675, 676, 677, 680, 686, 0, 0, 435, 422, 420, 418, 418, 421, 425, 432, 0, 720, 726, 731, 735, 743, 749, 756, 762, 769, 776, 782, 797, 806, 815, 824, 832]
[0, 743, 738, 734, 730, 726, 719, 717, 713, 711, 708, 706, 704, 700, 699, 697, 696, 695, 693, 691, 691, 691, 691, 686, 686, 688, 689, 689, 690, 691, 692, 694, 697, 686, 0, 435, 435, 422, 419, 418, 418, 420, 423, 429, 0, 0, 745, 749, 754, 760, 765, 770, 783, 790, 797, 805, 813, 821, 829, 844, 855]
[0, 746, 741, 737, 733, 726, 722, 718, 715, 714, 711, 708, 704, 702, 701, 699, 698, 696, 694, 693, 693, 692, 693, 691, 692, 691, 691, 692, 694, 695, 697, 701, 703, 686, 0, 0, 428, 423, 419, 418, 418, 419, 426, 434, 0, 742, 747, 751, 761, 766, 771, 777, 784, 797, 805, 811, 819, 826, 842, 851, 860]
[0, 762, 757, 752, 744, 739, 736, 733, 730, 727, 724, 721, 718, 715, 712, 711, 710, 708, 708, 708, 707, 707, 705, 693, 694, 694, 694, 695, 695, 699, 700, 702, 703, 705, 0, 0, 430, 424, 420, 417, 418, 421, 426, 434, 0, 0, 752, 757, 761, 767, 772, 776, 790, 797, 804, 811, 820, 833, 842, 851, 860]
[0, 759, 755, 751, 746, 742, 738, 734, 732, 729, 722, 720, 717, 715, 713, 711, 710, 710, 707, 706, 707, 707, 706, 705, 706, 706, 706, 707, 708, 710, 712, 713, 715, 717, 0, 0, 429, 423, 419, 418, 418, 419, 421, 434, 0, 759, 765, 770, 774, 779, 785, 799, 807, 813, 820, 827, 833, 852, 861, 869, 876]
[0, 762, 757, 753, 744, 740, 737, 733, 730, 727, 724, 721, 717, 715, 713, 711, 710, 710, 709, 707, 707, 707, 706, 706, 706, 706, 707, 709, 709, 710, 711, 713, 715, 716, 0, 0, 430, 423, 419, 417, 418, 421, 421, 434, 0, 760, 764, 769, 774, 779, 792, 798, 806, 813, 820, 827, 833, 852, 861, 869, 876]
[0, 780, 769, 766, 762, 758, 754, 751, 748, 744, 738, 735, 733, 731, 730, 728, 725, 724, 723, 722, 721, 721, 721, 706, 706, 706, 707, 709, 709, 710, 711, 713, 715, 717, 0, 0, 432, 425, 420, 417, 418, 420, 423, 429, 0, 0, 762, 773, 777, 783, 789, 795, 802, 816, 823, 831, 837, 846, 856, 865, 881]
[0, 792, 786, 781, 776, 772, 768, 765, 762, 758, 755, 750, 748, 745, 743, 740, 739, 738, 737, 737, 736, 735, 735, 721, 721, 722, 723, 725, 725, 726, 727, 729, 732, 734, 0, 0, 430, 423, 419, 417, 418, 421, 423, 429, 0, 780, 785, 790, 796, 809, 815, 822, 828, 833, 841, 851, 867, 874, 882, 892, 902]
[0, 794, 788, 783, 779, 771, 767, 764, 760, 756, 754, 751, 748, 746, 744, 742, 739, 738, 736, 736, 736, 735, 735, 734, 735, 735, 735, 737, 739, 741, 742, 744, 747, 750, 0, 0, 427, 421, 417, 416, 416, 417, 421, 429, 0, 796, 801, 806, 812, 818, 824, 830, 837, 853, 861, 870, 877, 885, 893, 901, 922]
[0, 802, 796, 791, 786, 781, 777, 770, 768, 764, 761, 759, 756, 752, 750, 748, 747, 745, 745, 744, 743, 743, 743, 735, 735, 737, 738, 738, 739, 741, 741, 742, 745, 747, 0, 0, 431, 423, 419, 417, 416, 419, 421, 429, 0, 797, 799, 804, 809, 821, 826, 833, 841, 849, 858, 865, 873, 888, 896, 904, 915]
[0, 813, 808, 804, 799, 794, 790, 786, 783, 780, 773, 771, 769, 766, 765, 765, 763, 760, 745, 759, 759, 760, 760, 744, 744, 745, 745, 746, 748, 749, 749, 751, 756, 747, 0, 0, 431, 423, 419, 416, 417, 419, 423, 429, 0, 0, 812, 817, 822, 827, 835, 842, 850, 865, 871, 878, 887, 895, 903, 912, 922]
[0, 816, 812, 807, 802, 797, 794, 790, 781, 777, 775, 773, 770, 767, 766, 764, 762, 761, 759, 759, 759, 759, 759, 759, 760, 760, 760, 761, 762, 762, 764, 767, 770, 772, 0, 0, 430, 423, 419, 417, 417, 419, 423, 430, 0, 0, 824, 828, 840, 848, 854, 861, 868, 874, 887, 896, 906, 915, 924, 935, 945]
[0, 834, 828, 824, 819, 815, 812, 808, 801, 797, 795, 792, 790, 787, 785, 783, 780, 780, 779, 778, 778, 777, 778, 759, 759, 759, 760, 761, 762, 764, 765, 766, 772, 772, 0, 0, 424, 419, 419, 416, 417, 419, 422, 428, 0, 0, 827, 832, 839, 847, 854, 860, 867, 873, 886, 894, 904, 914, 924, 933, 942]
[0, 834, 828, 824, 819, 815, 812, 808, 805, 797, 794, 792, 789, 787, 785, 783, 782, 781, 779, 778, 777, 778, 778, 778, 778, 780, 783, 783, 784, 785, 787, 789, 792, 772, 0, 0, 430, 423, 419, 417, 417, 419, 422, 429, 0, 0, 845, 850, 864, 870, 876, 882, 888, 896, 905, 923, 932, 940, 949, 958, 968]
[0, 856, 850, 843, 838, 834, 831, 828, 824, 818, 815, 812, 810, 807, 805, 804, 802, 800, 799, 798, 797, 798, 798, 777, 777, 779, 781, 783, 784, 785, 787, 788, 791, 794, 0, 0, 426, 421, 417, 416, 416, 417, 425, 429, 0, 842, 849, 855, 861, 867, 873, 879, 886, 892, 911, 919, 927, 937, 945, 954, 964]
[0, 858, 851, 845, 840, 831, 828, 824, 822, 818, 816, 813, 810, 809, 807, 803, 800, 800, 799, 798, 797, 797, 798, 798, 798, 799, 801, 802, 802, 804, 806, 808, 811, 817, 0, 0, 424, 419, 416, 416, 416, 418, 421, 426, 0, 0, 864, 875, 880, 885, 891, 896, 902, 908, 914, 929, 935, 943, 951, 959, 967]
[0, 858, 851, 845, 840, 831, 828, 824, 822, 818, 815, 813, 810, 809, 807, 803, 800, 800, 799, 798, 797, 797, 798, 799, 800, 800, 802, 802, 803, 804, 806, 808, 809, 811, 0, 0, 427, 420, 417, 415, 415, 416, 418, 426, 0, 865, 867, 872, 878, 883, 889, 894, 898, 911, 919, 927, 934, 941, 948, 954, 964]
[0, 875, 869, 865, 861, 856, 853, 844, 840, 836, 834, 832, 830, 827, 825, 824, 822, 820, 819, 818, 817, 817, 817, 798, 799, 798, 799, 802, 803, 804, 806, 808, 809, 811, 0, 0, 427, 420, 417, 416, 416, 416, 419, 426, 0, 865, 867, 872, 878, 883, 889, 894, 898, 912, 919, 927, 933, 940, 949, 958, 967]
[0, 877, 867, 862, 857, 854, 851, 846, 841, 837, 835, 833, 831, 829, 825, 823, 821, 820, 818, 817, 817, 817, 818, 816, 818, 818, 820, 824, 825, 825, 826, 828, 830, 832, 0, 0, 426, 420, 416, 415, 415, 416, 419, 424, 0, 865, 870, 875, 880, 885, 890, 896, 902, 907, 918, 925, 932, 940, 949, 957, 964]
[0, 893, 882, 877, 873, 871, 868, 865, 862, 858, 853, 850, 843, 841, 839, 838, 836, 835, 835, 834, 833, 832, 832, 818, 819, 820, 822, 823, 824, 825, 825, 826, 828, 831, 0, 0, 429, 422, 418, 415, 415, 418, 419, 424, 0, 0, 869, 873, 878, 883, 889, 899, 904, 910, 918, 924, 930, 939, 947, 954, 963]
[0, 889, 884, 879, 875, 872, 869, 866, 860, 856, 851, 848, 845, 842, 839, 838, 837, 835, 834, 833, 833, 833, 832, 833, 833, 834, 834, 834, 835, 836, 836, 837, 828, 837, 0, 0, 429, 422, 418, 415, 415, 418, 419, 424, 0, 0, 869, 873, 878, 882, 888, 893, 904, 909, 916, 922, 929, 936, 945, 953, 970]
[0, 889, 884, 880, 876, 872, 869, 866, 859, 855, 852, 848, 845, 842, 839, 838, 837, 835, 834, 833, 833, 833, 833, 833, 833, 832, 833, 835, 835, 836, 838, 837, 835, 837, 0, 0, 433, 423, 418, 416, 415, 418, 419, 424, 0, 0, 867, 872, 877, 886, 890, 895, 900, 907, 914, 920, 926, 934, 948, 957, 966]
[0, 887, 882, 878, 874, 870, 868, 865, 862, 858, 853, 850, 847, 841, 839, 838, 837, 835, 835, 834, 833, 832, 833, 833, 833, 832, 833, 835, 835, 837, 838, 837, 835, 837, 0, 0, 0, 418, 418, 415, 415, 417, 421, 427, 0, 0, 867, 871, 876, 886, 891, 896, 900, 907, 914, 920, 926, 941, 948, 957, 965]
[0, 919, 913, 902, 897, 894, 890, 885, 882, 880, 877, 874, 871, 868, 863, 861, 856, 851, 848, 847, 845, 843, 842, 834, 834, 834, 835, 835, 835, 836, 835, 836, 837, 837, 0, 0, 429, 422, 418, 415, 416, 417, 418, 427, 0, 0, 868, 873, 877, 882, 891, 898, 903, 909, 915, 921, 928, 934, 942, 958, 965]
[0, 923, 917, 912, 906, 901, 896, 893, 889, 885, 881, 877, 870, 865, 863, 859, 855, 852, 850, 847, 846, 843, 841, 840, 837, 834, 835, 833, 832, 833, 833, 833, 835, 836, 0, 0, 427, 420, 417, 415, 415, 416, 419, 427, 0, 865, 867, 872, 877, 883, 887, 892, 898, 904, 915, 920, 928, 934, 942, 953, 963]
[0, 939, 930, 923, 917, 910, 904, 896, 889, 885, 881, 876, 872, 863, 859, 855, 852, 851, 848, 847, 845, 842, 840, 837, 835, 834, 833, 833, 835, 833, 833, 834, 832, 834, 0, 0, 429, 421, 417, 415, 415, 416, 417, 427, 0, 0, 868, 872, 877, 882, 886, 891, 897, 910, 915, 921, 929, 936, 944, 952, 960]
[0, 942, 933, 924, 917, 911, 904, 898, 892, 882, 877, 872, 868, 864, 860, 857, 853, 850, 847, 846, 844, 839, 840, 837, 835, 834, 833, 832, 833, 831, 829, 828, 828, 829, 0, 0, 426, 419, 416, 415, 415, 416, 417, 427, 0, 867, 865, 870, 876, 880, 884, 889, 894, 899, 905, 920, 927, 934, 942, 949, 957]
[0, 938, 930, 923, 916, 910, 904, 896, 889, 885, 881, 876, 868, 863, 859, 855, 853, 850, 848, 846, 844, 842, 840, 834, 833, 833, 834, 833, 830, 828, 829, 830, 832, 829, 0, 0, 429, 421, 417, 415, 416, 417, 417, 427, 0, 0, 866, 870, 873, 878, 884, 889, 895, 905, 912, 919, 924, 932, 941, 949, 956]
[0, 940, 931, 923, 917, 910, 903, 897, 886, 882, 877, 871, 866, 862, 860, 857, 853, 850, 847, 845, 841, 838, 840, 839, 837, 835, 834, 833, 832, 831, 829, 829, 830, 832, 0, 0, 425, 419, 416, 415, 415, 416, 418, 427, 0, 0, 863, 870, 874, 879, 885, 890, 895, 901, 907, 914, 926, 934, 943, 951, 959]
[0, 944, 926, 923, 912, 906, 899, 893, 887, 880, 876, 871, 866, 862, 860, 856, 853, 849, 847, 846, 844, 840, 837, 834, 833, 833, 832, 830, 829, 829, 830, 828, 828, 829, 0, 0, 427, 420, 416, 414, 414, 416, 418, 427, 0, 0, 865, 867, 872, 877, 882, 888, 894, 901, 907, 913, 920, 932, 941, 951, 958]
[0, 940, 931, 923, 917, 910, 903, 896, 890, 885, 880, 875, 869, 864, 861, 856, 853, 850, 847, 843, 844, 838, 837, 837, 835, 833, 833, 831, 831, 829, 829, 829, 831, 829, 0, 0, 0, 422, 417, 415, 415, 415, 417, 427, 0, 0, 863, 867, 872, 878, 883, 888, 895, 901, 907, 914, 921, 927, 935, 944, 953]
[0, 940, 931, 923, 916, 910, 903, 896, 889, 884, 877, 873, 869, 864, 859, 855, 851, 849, 847, 845, 838, 838, 838, 834, 833, 833, 832, 830, 830, 831, 829, 829, 830, 832, 0, 0, 0, 424, 418, 416, 415, 415, 420, 427, 429, 866, 865, 867, 872, 878, 883, 888, 895, 901, 907, 914, 920, 927, 935, 944, 954]
[0, 934, 925, 917, 910, 904, 898, 892, 886, 880, 875, 870, 865, 859, 855, 853, 850, 846, 843, 841, 838, 836, 834, 832, 832, 831, 829, 829, 827, 826, 827, 829, 827, 831, 0, 0, 0, 422, 417, 415, 415, 415, 418, 427, 429, 0, 859, 863, 867, 871, 877, 883, 889, 900, 907, 913, 920, 929, 938, 946, 954]
[0, 938, 929, 922, 915, 907, 898, 891, 885, 880, 876, 871, 866, 860, 855, 854, 852, 849, 845, 842, 840, 837, 836, 833, 833, 830, 828, 827, 825, 824, 824, 825, 826, 826, 0, 0, 425, 422, 416, 415, 415, 417, 418, 427, 0, 858, 861, 867, 872, 877, 882, 886, 892, 898, 904, 912, 918, 926, 934, 943, 952]
[0, 934, 925, 917, 911, 905, 898, 890, 884, 879, 873, 869, 863, 859, 855, 853, 850, 846, 843, 840, 838, 835, 836, 833, 832, 831, 830, 830, 829, 826, 826, 828, 826, 827, 0, 0, 429, 420, 416, 415, 415, 417, 420, 426, 0, 0, 860, 864, 870, 876, 880, 885, 890, 897, 905, 911, 918, 924, 931, 940, 951]
[0, 942, 933, 923, 915, 911, 903, 889, 883, 878, 871, 866, 863, 858, 855, 850, 847, 845, 842, 839, 837, 835, 833, 833, 832, 830, 829, 827, 824, 827, 826, 824, 827, 828, 0, 0, 0, 424, 418, 415, 415, 415, 418, 426, 0, 0, 858, 863, 867, 871, 876, 882, 888, 900, 907, 913, 922, 929, 936, 945, 953]
[0, 933, 924, 917, 915, 910, 895, 889, 884, 878, 871, 866, 862, 858, 854, 850, 848, 846, 842, 839, 837, 835, 833, 831, 830, 830, 829, 827, 825, 824, 824, 824, 825, 826, 0, 0, 0, 424, 418, 415, 415, 415, 418, 426, 0, 0, 858, 862, 865, 870, 876, 882, 887, 899, 907, 913, 920, 927, 934, 943, 953]
[0, 941, 932, 923, 916, 902, 895, 888, 884, 883, 871, 866, 862, 861, 854, 850, 847, 845, 842, 839, 838, 836, 832, 830, 830, 830, 829, 828, 826, 824, 824, 824, 825, 828, 0, 0, 0, 424, 418, 415, 415, 415, 418, 426, 0, 0, 858, 862, 865, 870, 876, 882, 887, 899, 906, 913, 920, 927, 934, 943, 953]
[0, 939, 930, 920, 913, 906, 901, 893, 885, 881, 876, 871, 866, 863, 858, 852, 849, 846, 843, 841, 838, 836, 834, 830, 830, 830, 829, 828, 826, 825, 824, 824, 825, 829, 0, 0, 0, 424, 418, 415, 415, 415, 418, 426, 0, 0, 858, 861, 865, 870, 876, 881, 887, 893, 899, 906, 914, 928, 934, 946, 953]
[0, 937, 926, 918, 911, 905, 898, 891, 884, 879, 874, 867, 864, 860, 855, 853, 850, 847, 845, 840, 837, 837, 833, 830, 830, 827, 829, 830, 826, 825, 824, 824, 825, 829, 0, 0, 0, 422, 417, 415, 415, 416, 420, 425, 0, 0, 857, 861, 866, 872, 878, 883, 889, 895, 901, 908, 915, 921, 930, 938, 947]
[0, 939, 930, 923, 915, 901, 898, 894, 881, 876, 871, 866, 862, 857, 853, 850, 847, 845, 842, 839, 837, 834, 833, 830, 829, 826, 825, 825, 824, 826, 826, 824, 824, 825, 0, 0, 429, 420, 416, 415, 416, 417, 420, 427, 0, 0, 859, 863, 867, 873, 877, 882, 890, 896, 901, 909, 916, 922, 929, 939, 949]
[0, 931, 924, 915, 909, 900, 894, 888, 881, 876, 871, 866, 862, 858, 854, 851, 847, 845, 842, 838, 836, 834, 832, 832, 831, 829, 828, 827, 825, 824, 826, 826, 825, 826, 0, 0, 0, 425, 418, 416, 415, 415, 418, 427, 0, 0, 856, 859, 863, 869, 874, 880, 885, 897, 903, 911, 919, 926, 936, 945, 954]
[0, 934, 926, 915, 909, 903, 896, 889, 882, 879, 872, 866, 861, 858, 854, 851, 847, 845, 843, 839, 837, 835, 833, 831, 829, 828, 828, 827, 825, 825, 825, 826, 825, 826, 0, 0, 0, 425, 419, 416, 415, 418, 423, 431, 0, 0, 856, 859, 870, 875, 879, 885, 890, 896, 903, 911, 918, 925, 935, 945, 954]
[0, 935, 926, 918, 910, 903, 896, 890, 885, 879, 873, 868, 863, 858, 854, 850, 848, 845, 843, 840, 838, 836, 831, 830, 829, 826, 824, 824, 824, 823, 823, 824, 825, 826, 0, 0, 429, 422, 417, 415, 415, 417, 421, 429, 0, 857, 857, 862, 867, 872, 877, 883, 892, 900, 908, 918, 927, 937, 947, 957, 966]
[0, 937, 928, 920, 912, 906, 898, 891, 886, 881, 873, 867, 863, 859, 852, 850, 846, 845, 844, 838, 834, 832, 831, 827, 826, 826, 824, 824, 825, 823, 824, 825, 826, 829, 0, 0, 0, 424, 418, 415, 415, 416, 419, 425, 0, 0, 856, 861, 865, 871, 877, 882, 888, 896, 905, 913, 922, 932, 942, 961, 971]
[0, 936, 927, 918, 911, 904, 896, 891, 885, 880, 874, 868, 863, 858, 854, 851, 848, 846, 840, 838, 834, 832, 831, 830, 827, 827, 826, 825, 825, 823, 824, 824, 825, 824, 0, 0, 0, 425, 419, 416, 415, 416, 420, 425, 0, 0, 858, 864, 870, 876, 883, 888, 895, 912, 919, 927, 934, 943, 953, 961, 970]
[0, 938, 929, 921, 913, 906, 892, 891, 880, 873, 874, 862, 858, 855, 852, 849, 846, 844, 841, 838, 836, 834, 831, 829, 827, 826, 826, 825, 825, 824, 823, 824, 825, 824, 0, 0, 0, 426, 420, 416, 415, 417, 420, 425, 0, 0, 858, 863, 870, 876, 882, 895, 904, 912, 919, 926, 934, 943, 953, 961, 970]
[0, 933, 925, 917, 911, 903, 896, 890, 883, 878, 873, 867, 861, 857, 854, 851, 847, 845, 842, 839, 836, 835, 832, 828, 825, 825, 826, 825, 825, 824, 823, 823, 824, 825, 0, 0, 0, 427, 420, 417, 415, 417, 419, 425, 0, 0, 871, 876, 880, 891, 897, 902, 907, 913, 921, 928, 934, 942, 952, 961, 970]
[0, 930, 922, 916, 907, 900, 893, 886, 880, 875, 870, 865, 860, 857, 854, 850, 846, 844, 842, 838, 836, 835, 833, 827, 824, 825, 824, 822, 825, 824, 823, 823, 825, 829, 0, 0, 0, 424, 419, 417, 416, 418, 421, 426, 0, 0, 872, 877, 882, 888, 894, 899, 905, 910, 916, 923, 931, 935, 944, 955, 973]
[0, 929, 919, 913, 906, 898, 892, 886, 880, 875, 870, 864, 858, 855, 854, 850, 846, 844, 842, 842, 842, 841, 833, 828, 826, 826, 825, 825, 824, 824, 824, 824, 826, 826, 0, 0, 0, 430, 419, 417, 416, 419, 423, 431, 0, 874, 876, 881, 884, 888, 894, 900, 906, 911, 917, 925, 931, 938, 947, 957, 966]
[0, 934, 926, 917, 910, 903, 896, 890, 883, 877, 873, 867, 862, 860, 858, 856, 855, 853, 850, 849, 848, 846, 845, 840, 840, 841, 841, 841, 840, 841, 841, 842, 841, 841, 0, 0, 431, 430, 419, 417, 418, 421, 423, 431, 0, 870, 873, 879, 885, 889, 894, 900, 906, 912, 917, 925, 931, 938, 948, 957, 966]
[0, 936, 922, 917, 909, 905, 901, 895, 891, 887, 883, 881, 877, 872, 868, 864, 860, 857, 856, 854, 851, 849, 845, 846, 845, 842, 842, 841, 840, 840, 840, 841, 842, 841, 0, 0, 0, 426, 421, 419, 418, 419, 422, 428, 0, 0, 872, 877, 882, 888, 893, 898, 903, 909, 914, 920, 928, 935, 942, 953, 971]
[0, 930, 922, 916, 909, 905, 901, 895, 890, 887, 884, 881, 878, 874, 869, 865, 861, 858, 856, 853, 852, 850, 848, 845, 844, 843, 841, 840, 840, 840, 840, 840, 840, 841, 0, 0, 0, 432, 423, 419, 419, 421, 422, 426, 0, 0, 869, 874, 885, 0, 895, 900, 906, 912, 918, 924, 932, 940, 950, 960, 967]
[0, 936, 929, 921, 914, 909, 901, 897, 890, 891, 883, 881, 877, 872, 867, 864, 860, 857, 856, 853, 850, 849, 848, 846, 844, 842, 842, 842, 841, 841, 840, 839, 839, 841, 847, 0, 0, 425, 421, 419, 419, 421, 422, 426, 0, 871, 873, 878, 884, 888, 894, 899, 905, 911, 917, 922, 928, 938, 947, 957, 965]
[0, 934, 926, 918, 911, 907, 903, 899, 894, 888, 887, 884, 878, 875, 870, 865, 862, 859, 857, 852, 850, 849, 849, 845, 844, 843, 841, 840, 840, 840, 840, 840, 840, 841, 847, 0, 0, 431, 423, 419, 419, 421, 421, 426, 0, 0, 869, 880, 885, 0, 895, 900, 906, 912, 918, 924, 932, 940, 950, 960, 967]
[0, 943, 934, 928, 925, 921, 914, 905, 899, 895, 889, 883, 878, 874, 869, 865, 861, 858, 856, 853, 851, 850, 848, 845, 843, 842, 841, 840, 840, 840, 840, 840, 840, 841, 847, 0, 0, 429, 423, 420, 418, 419, 422, 428, 0, 0, 873, 877, 878, 884, 890, 896, 901, 912, 919, 928, 935, 942, 952, 961, 968]
[0, 951, 942, 935, 929, 920, 917, 902, 899, 892, 885, 881, 877, 871, 867, 864, 860, 857, 854, 852, 851, 849, 848, 846, 844, 842, 842, 841, 840, 840, 839, 839, 839, 840, 842, 0, 0, 427, 422, 419, 419, 422, 425, 433, 0, 869, 873, 878, 883, 887, 893, 899, 904, 910, 914, 920, 929, 938, 947, 956, 964]
[0, 950, 940, 933, 927, 919, 911, 905, 899, 894, 890, 885, 879, 874, 869, 866, 862, 859, 856, 854, 853, 851, 848, 844, 842, 841, 841, 840, 839, 840, 840, 839, 840, 841, 842, 0, 0, 431, 423, 421, 419, 420, 423, 428, 0, 0, 869, 874, 879, 884, 890, 896, 901, 911, 918, 924, 932, 940, 949, 960, 970]
[0, 949, 945, 938, 926, 918, 911, 905, 899, 898, 893, 884, 878, 874, 869, 864, 860, 858, 856, 853, 851, 850, 848, 846, 844, 842, 841, 839, 840, 840, 839, 839, 840, 841, 842, 0, 0, 431, 424, 421, 421, 422, 426, 434, 0, 868, 871, 875, 878, 886, 892, 896, 901, 909, 915, 919, 927, 935, 942, 952, 963]
[0, 946, 937, 930, 922, 915, 910, 902, 896, 892, 886, 881, 876, 871, 866, 862, 860, 857, 855, 853, 850, 849, 848, 846, 844, 842, 842, 841, 840, 839, 839, 836, 837, 840, 841, 0, 0, 429, 423, 421, 421, 422, 426, 434, 0, 867, 871, 876, 881, 887, 891, 897, 902, 908, 915, 920, 928, 937, 944, 953, 963]
[0, 946, 937, 930, 922, 915, 909, 902, 896, 892, 886, 881, 877, 872, 866, 862, 860, 857, 855, 853, 850, 849, 847, 844, 843, 842, 840, 840, 839, 839, 839, 839, 840, 841, 847, 0, 0, 0, 426, 422, 421, 425, 431, 434, 0, 0, 868, 873, 879, 884, 889, 895, 901, 910, 918, 924, 932, 939, 947, 958, 968]
[0, 946, 938, 931, 924, 917, 910, 905, 899, 893, 887, 882, 877, 872, 867, 863, 861, 858, 856, 853, 851, 850, 847, 845, 844, 842, 840, 839, 839, 839, 839, 840, 840, 840, 843, 0, 0, 428, 426, 424, 422, 422, 425, 430, 0, 0, 868, 873, 878, 884, 895, 900, 905, 911, 917, 924, 931, 939, 947, 958, 967]
[0, 950, 940, 933, 926, 918, 911, 905, 899, 894, 890, 884, 879, 874, 869, 866, 862, 858, 856, 854, 852, 850, 848, 846, 843, 841, 840, 839, 839, 839, 839, 840, 841, 840, 843, 0, 0, 428, 428, 424, 422, 425, 430, 430, 0, 0, 868, 872, 884, 889, 894, 899, 905, 911, 917, 924, 931, 939, 948, 958, 967]
[0, 950, 940, 933, 926, 918, 911, 905, 899, 894, 889, 884, 878, 873, 869, 866, 862, 858, 856, 854, 852, 850, 848, 846, 843, 842, 841, 839, 839, 839, 838, 839, 841, 840, 841, 0, 0, 432, 426, 423, 422, 425, 430, 430, 0, 867, 869, 873, 880, 887, 892, 898, 902, 908, 914, 920, 928, 937, 944, 954, 964]
[0, 954, 936, 933, 929, 913, 911, 902, 899, 896, 886, 881, 876, 871, 866, 863, 860, 857, 854, 852, 851, 849, 848, 845, 843, 841, 840, 840, 839, 839, 838, 838, 839, 841, 841, 0, 0, 432, 426, 422, 422, 425, 430, 430, 0, 867, 866, 869, 878, 886, 892, 897, 903, 909, 914, 920, 928, 936, 946, 956, 965]
[0, 949, 941, 933, 926, 918, 911, 904, 899, 893, 884, 879, 878, 874, 869, 864, 860, 858, 856, 854, 852, 849, 848, 844, 843, 841, 840, 840, 838, 838, 839, 839, 840, 841, 842, 0, 0, 0, 430, 426, 424, 425, 434, 430, 0, 869, 869, 873, 878, 884, 889, 894, 900, 905, 918, 924, 932, 939, 947, 959, 968]
[0, 954, 943, 935, 929, 920, 913, 908, 900, 895, 891, 884, 880, 876, 870, 865, 862, 859, 857, 852, 852, 849, 848, 846, 844, 842, 840, 840, 839, 838, 838, 838, 839, 840, 841, 0, 0, 436, 429, 426, 426, 428, 432, 430, 0, 866, 870, 875, 880, 886, 891, 897, 902, 908, 914, 920, 928, 936, 943, 953, 962]
[0, 952, 942, 934, 928, 921, 913, 907, 900, 895, 898, 891, 879, 874, 870, 865, 861, 858, 856, 854, 850, 849, 848, 845, 844, 842, 840, 840, 838, 839, 840, 839, 840, 841, 842, 0, 0, 0, 430, 426, 426, 427, 432, 430, 0, 867, 870, 873, 879, 887, 890, 895, 901, 908, 913, 920, 928, 935, 942, 950, 967]
[0, 952, 942, 934, 928, 920, 912, 907, 900, 895, 898, 891, 879, 874, 870, 865, 861, 858, 856, 854, 852, 850, 848, 846, 843, 842, 840, 839, 839, 839, 840, 839, 840, 841, 842, 0, 0, 0, 430, 426, 426, 427, 431, 430, 0, 863, 867, 874, 879, 885, 891, 895, 901, 908, 915, 920, 926, 933, 942, 952, 962]
[0, 948, 940, 932, 925, 917, 910, 904, 899, 895, 889, 882, 878, 874, 869, 864, 860, 858, 855, 853, 851, 849, 847, 846, 844, 841, 840, 839, 838, 838, 839, 839, 839, 841, 842, 0, 0, 0, 430, 427, 426, 427, 430, 430, 0, 863, 867, 873, 878, 885, 891, 895, 901, 908, 914, 919, 927, 934, 941, 951, 961]
[0, 949, 940, 933, 926, 919, 912, 905, 899, 895, 889, 883, 876, 871, 869, 865, 861, 858, 856, 852, 850, 849, 847, 846, 843, 841, 841, 840, 838, 838, 839, 840, 840, 840, 840, 0, 0, 0, 431, 427, 428, 430, 437, 430, 0, 863, 870, 876, 882, 888, 893, 898, 904, 910, 916, 923, 931, 937, 946, 955, 962]
[0, 953, 944, 935, 929, 920, 914, 908, 904, 899, 892, 885, 880, 870, 869, 866, 862, 859, 853, 849, 850, 846, 847, 845, 843, 841, 840, 839, 839, 838, 838, 838, 839, 840, 840, 841, 0, 0, 432, 428, 428, 429, 434, 0, 866, 866, 870, 873, 878, 887, 893, 898, 904, 908, 914, 920, 928, 935, 945, 955, 962]
[0, 948, 940, 932, 924, 917, 910, 904, 899, 895, 889, 882, 880, 875, 868, 863, 860, 857, 855, 852, 851, 847, 845, 841, 839, 839, 839, 839, 838, 838, 839, 839, 839, 841, 842, 841, 0, 0, 434, 429, 427, 428, 433, 0, 0, 864, 867, 873, 879, 886, 890, 895, 901, 906, 911, 920, 927, 933, 941, 949, 958]
[0, 950, 941, 934, 927, 919, 912, 905, 900, 895, 890, 884, 878, 874, 869, 865, 861, 858, 856, 853, 852, 848, 843, 843, 841, 840, 840, 839, 839, 838, 838, 839, 840, 839, 840, 841, 0, 0, 431, 428, 427, 430, 437, 0, 0, 863, 865, 876, 0, 887, 893, 898, 904, 910, 916, 923, 930, 937, 945, 954, 962]
[0, 948, 939, 932, 924, 916, 910, 904, 898, 892, 885, 881, 874, 867, 863, 861, 859, 857, 853, 851, 848, 845, 843, 841, 841, 841, 840, 838, 839, 838, 838, 838, 839, 840, 842, 841, 0, 0, 433, 429, 428, 429, 433, 0, 0, 864, 867, 872, 878, 885, 890, 895, 901, 907, 913, 919, 927, 933, 941, 950, 959]
[0, 952, 944, 935, 928, 920, 913, 908, 895, 892, 885, 881, 878, 867, 863, 859, 856, 855, 853, 850, 846, 845, 843, 841, 841, 841, 838, 838, 838, 837, 838, 838, 838, 839, 840, 840, 0, 0, 434, 430, 430, 432, 438, 0, 862, 866, 870, 873, 878, 886, 892, 898, 903, 908, 914, 920, 928, 935, 944, 955, 962]
[0, 948, 940, 932, 924, 917, 910, 903, 898, 893, 886, 881, 874, 868, 864, 861, 859, 857, 853, 851, 848, 845, 843, 842, 840, 839, 840, 839, 839, 839, 838, 838, 839, 840, 841, 840, 0, 0, 0, 434, 432, 436, 438, 0, 0, 865, 868, 873, 877, 883, 889, 894, 899, 905, 911, 917, 924, 932, 947, 958, 968]
[0, 947, 939, 931, 923, 916, 909, 903, 898, 892, 886, 881, 874, 868, 864, 860, 858, 856, 854, 852, 848, 845, 843, 841, 840, 840, 838, 838, 838, 837, 837, 838, 838, 839, 840, 840, 0, 0, 435, 431, 431, 436, 438, 0, 861, 865, 870, 874, 879, 887, 892, 898, 903, 909, 916, 920, 927, 937, 944, 954, 962]
[0, 950, 941, 933, 926, 919, 912, 906, 899, 894, 889, 884, 878, 872, 865, 862, 860, 857, 855, 852, 847, 844, 843, 841, 840, 839, 838, 838, 838, 836, 836, 837, 838, 839, 839, 840, 0, 0, 435, 431, 431, 436, 438, 0, 0, 865, 870, 874, 880, 886, 892, 898, 903, 909, 915, 920, 926, 936, 944, 954, 962]
[0, 946, 937, 930, 922, 915, 910, 902, 896, 892, 886, 878, 875, 870, 863, 861, 859, 857, 854, 850, 846, 846, 843, 841, 840, 841, 840, 838, 838, 838, 838, 837, 839, 840, 839, 841, 0, 0, 437, 432, 431, 433, 440, 0, 862, 864, 868, 874, 879, 885, 890, 896, 901, 907, 913, 920, 927, 934, 942, 951, 960]
