[0, 0, 0, 0, 0, 0, 0, 0, 0, 0, 0, 0, 0, 0, 0, 0, 0, 0, 0, 0, 0, 0, 0, 0, 0, 0, 0, 0, 0, 0, 0, 0, 0, 0, 0, 0, 0, 0, 0, 0, 0, 0, 0, 0, 0, 0, 0, 0, 0, 0, 0, 0, 0, 0, 0, 0, 0, 0, 0, 0, 0]
[0, 531, 527, 523, 518, 514, 511, 509, 506, 503, 500, 500, 1360, 1352, 1345, 1337, 0, 0, 0, 0, 0, 0, 480, 481, 0, 0, 479, 479, 480, 478, 480, 481, 481, 482, 482, 483, 485, 486, 486, 488, 491, 493, 495, 498, 500, 503, 506, 509, 512, 516, 520, 525, 530, 535, 539, 544, 550, 555, 560, 566, 573]
[0, 530, 525, 521, 518, 513, 510, 508, 505, 502, 500, 500, 1360, 1352, 1345, 1337, 0, 0, 0, 0, 0, 0, 481, 481, 0, 0, 480, 479, 479, 480, 480, 480, 481, 482, 483, 484, 485, 486, 487, 489, 492, 495, 497, 498, 499, 502, 505, 511, 512, 515, 519, 528, 533, 538, 539, 543, 549, 554, 558, 564, 571]
[0, 531, 527, 522, 518, 514, 511, 508, 506, 503, 500, 500, 1360, 1352, 1345, 1337, 0, 0, 0, 0, 0, 0, 480, 481, 0, 0, 480, 479, 479, 479, 480, 480, 481, 482, 483, 484, 485, 486, 487, 490, 492, 492, 495, 497, 499, 503, 506, 509, 512, 516, 521, 524, 529, 534, 539, 544, 550, 555, 560, 566, 572]
[0, 528, 527, 523, 519, 516, 513, 510, 507, 504, 501, 500, 1360, 1352, 1345, 1337, 0, 0, 0, 0, 0, 0, 481, 0, 0, 0, 480, 479, 479, 480, 480, 480, 481, 482, 483, 484, 485, 486, 487, 489, 492, 495, 497, 499, 499, 505, 506, 508, 511, 519, 521, 523, 528, 533, 538, 543, 549, 554, 558, 564, 571]
[0, 527, 524, 523, 520, 516, 513, 510, 507, 504, 501, 500, 1360, 1352, 1345, 1337, 0, 0, 0, 0, 0, 0, 481, 0, 0, 0, 480, 479, 479, 479, 479, 480, 481, 482, 482, 483, 485, 485, 487, 489, 491, 494, 496, 498, 501, 504, 507, 511, 514, 517, 522, 527, 531, 535, 541, 546, 552, 557, 562, 568, 576]
[0, 527, 527, 523, 519, 516, 513, 510, 507, 502, 500, 500, 1360, 1352, 1345, 1337, 0, 0, 0, 0, 0, 0, 0, 481, 0, 0, 479, 479, 479, 479, 480, 480, 481, 481, 482, 483, 484, 486, 487, 489, 491, 494, 496, 498, 501, 503, 507, 510, 514, 517, 522, 526, 531, 535, 540, 546, 551, 556, 562, 568, 576]
[0, 527, 527, 523, 519, 516, 513, 510, 507, 504, 502, 500, 1360, 1352, 1345, 1337, 0, 0, 0, 0, 0, 0, 0, 483, 0, 480, 0, 479, 479, 480, 480, 480, 481, 482, 482, 483, 484, 485, 487, 489, 492, 494, 496, 498, 501, 504, 507, 511, 514, 517, 522, 527, 532, 536, 541, 547, 552, 557, 562, 568, 576]
[0, 532, 528, 523, 519, 517, 513, 510, 507, 504, 505, 500, 1360, 1352, 1345, 1337, 0, 0, 0, 0, 0, 0, 484, 483, 0, 0, 481, 482, 482, 482, 483, 483, 484, 484, 485, 486, 487, 489, 491, 494, 496, 498, 500, 502, 506, 509, 512, 516, 520, 523, 527, 532, 537, 541, 546, 552, 557, 563, 569, 575, 583]
[0, 531, 527, 523, 520, 517, 516, 512, 510, 507, 504, 500, 1360, 1352, 1345, 1337, 0, 0, 0, 0, 0, 0, 484, 0, 0, 0, 481, 482, 482, 483, 482, 482, 484, 484, 485, 485, 488, 490, 491, 491, 493, 495, 498, 500, 503, 506, 509, 512, 516, 520, 524, 528, 532, 537, 543, 548, 553, 558, 564, 570, 577]
[0, 531, 529, 525, 522, 518, 513, 511, 509, 506, 502, 500, 1360, 1352, 1345, 1337, 0, 0, 0, 0, 0, 0, 0, 483, 0, 0, 482, 482, 482, 483, 482, 483, 483, 484, 485, 486, 487, 489, 490, 493, 495, 497, 500, 502, 504, 507, 510, 513, 517, 521, 525, 530, 534, 539, 545, 550, 555, 560, 566, 572, 578]
[0, 536, 531, 527, 523, 520, 516, 513, 511, 508, 508, 500, 1360, 1352, 1345, 1337, 0, 0, 0, 0, 0, 0, 487, 486, 0, 0, 482, 482, 482, 482, 483, 483, 484, 484, 485, 486, 487, 489, 491, 493, 495, 498, 500, 502, 505, 509, 512, 516, 519, 523, 527, 532, 537, 541, 546, 552, 557, 563, 569, 575, 582]
[0, 537, 531, 527, 524, 521, 517, 514, 511, 509, 508, 500, 1360, 1352, 1345, 1337, 0, 0, 0, 0, 0, 0, 489, 488, 0, 0, 485, 485, 485, 485, 486, 486, 487, 488, 489, 491, 491, 493, 496, 498, 500, 502, 505, 502, 510, 509, 517, 520, 519, 529, 527, 538, 537, 543, 547, 553, 558, 563, 570, 576, 583]
[0, 536, 532, 527, 524, 521, 521, 515, 511, 512, 510, 500, 1360, 1352, 1345, 1337, 0, 0, 0, 0, 0, 0, 489, 0, 0, 0, 487, 487, 488, 488, 488, 489, 490, 490, 491, 491, 495, 496, 498, 498, 500, 503, 505, 508, 510, 513, 516, 520, 524, 528, 532, 536, 541, 546, 551, 556, 562, 567, 573, 580, 587]
[0, 536, 535, 531, 527, 524, 520, 517, 514, 511, 509, 500, 1360, 1352, 1345, 1337, 0, 0, 0, 0, 0, 0, 0, 489, 0, 0, 487, 487, 488, 488, 488, 489, 490, 490, 491, 492, 494, 495, 497, 499, 501, 503, 506, 508, 511, 514, 517, 521, 525, 528, 532, 537, 542, 547, 552, 557, 563, 568, 574, 581, 588]
[0, 539, 535, 531, 528, 525, 521, 518, 515, 513, 509, 500, 1360, 1352, 1345, 1337, 0, 0, 0, 0, 0, 0, 493, 492, 0, 0, 487, 487, 487, 488, 488, 489, 489, 490, 491, 493, 495, 496, 498, 500, 501, 504, 507, 509, 512, 515, 518, 522, 526, 530, 534, 539, 544, 549, 554, 559, 564, 570, 576, 583, 590]
[0, 538, 534, 531, 530, 526, 523, 521, 517, 514, 512, 500, 1360, 1352, 1345, 1337, 0, 0, 0, 0, 0, 0, 493, 0, 0, 0, 491, 490, 491, 491, 492, 493, 493, 494, 496, 497, 498, 500, 502, 500, 507, 504, 512, 515, 512, 517, 520, 524, 527, 531, 536, 541, 545, 550, 555, 560, 565, 572, 578, 585, 592]
[0, 541, 536, 532, 529, 525, 522, 518, 516, 514, 516, 500, 1360, 1352, 1345, 1337, 0, 0, 0, 0, 0, 0, 493, 492, 0, 0, 491, 491, 491, 492, 492, 492, 493, 495, 496, 496, 497, 499, 501, 503, 505, 507, 510, 512, 514, 518, 521, 525, 529, 533, 537, 542, 547, 552, 557, 562, 567, 574, 581, 587, 593]
[0, 539, 535, 532, 528, 525, 521, 518, 518, 513, 516, 500, 1360, 1352, 1345, 1337, 0, 0, 0, 0, 0, 0, 493, 492, 0, 0, 490, 491, 491, 491, 492, 492, 493, 494, 496, 497, 498, 500, 502, 504, 507, 509, 511, 514, 514, 520, 524, 527, 531, 536, 537, 540, 544, 549, 560, 564, 567, 570, 577, 584, 590]
[0, 543, 538, 535, 531, 527, 525, 522, 519, 513, 516, 500, 1360, 1352, 1345, 1337, 0, 0, 0, 0, 0, 0, 497, 496, 0, 0, 491, 491, 491, 491, 492, 493, 493, 494, 496, 497, 498, 500, 502, 504, 507, 509, 509, 512, 514, 516, 520, 524, 527, 531, 536, 540, 545, 550, 555, 560, 566, 572, 578, 585, 592]
[0, 543, 542, 537, 533, 530, 527, 524, 521, 518, 515, 500, 1360, 1352, 1345, 1337, 0, 0, 0, 0, 0, 0, 0, 497, 0, 495, 0, 495, 496, 496, 492, 497, 498, 500, 500, 497, 502, 505, 502, 507, 509, 512, 514, 517, 520, 523, 526, 529, 534, 538, 542, 547, 552, 557, 561, 566, 573, 580, 586, 592, 599]
[0, 552, 548, 544, 539, 536, 533, 530, 527, 524, 515, 500, 1360, 1352, 1345, 0, 0, 0, 0, 0, 0, 0, 504, 504, 0, 0, 495, 495, 495, 495, 496, 498, 498, 498, 499, 501, 502, 504, 506, 508, 510, 512, 515, 517, 520, 524, 527, 531, 536, 540, 544, 549, 554, 559, 564, 569, 575, 582, 588, 594, 601]
[0, 550, 546, 542, 539, 535, 533, 532, 529, 526, 523, 500, 1360, 1352, 1345, 0, 0, 0, 0, 0, 0, 0, 504, 0, 0, 0, 502, 502, 503, 503, 504, 504, 505, 506, 508, 509, 510, 512, 514, 516, 518, 521, 524, 527, 529, 532, 536, 540, 545, 540, 553, 549, 558, 568, 564, 580, 587, 582, 598, 604, 612]
[0, 550, 546, 542, 538, 535, 535, 532, 526, 526, 524, 500, 1360, 1352, 1345, 0, 0, 0, 0, 0, 0, 0, 504, 0, 0, 0, 503, 502, 503, 503, 504, 504, 505, 506, 507, 508, 510, 511, 513, 515, 517, 519, 522, 525, 528, 531, 535, 538, 543, 547, 551, 556, 560, 566, 571, 577, 584, 590, 595, 602, 609]
[0, 560, 556, 552, 549, 545, 542, 539, 536, 534, 524, 500, 1360, 1352, 1345, 0, 0, 0, 0, 0, 0, 0, 514, 513, 0, 0, 503, 502, 503, 503, 504, 505, 506, 506, 508, 508, 509, 511, 512, 515, 517, 520, 522, 525, 528, 531, 535, 538, 542, 547, 551, 556, 560, 565, 571, 577, 584, 590, 595, 602, 609]
[0, 563, 559, 556, 552, 548, 545, 542, 539, 536, 524, 500, 1360, 1352, 1345, 0, 0, 0, 0, 0, 0, 0, 0, 514, 0, 0, 0, 512, 513, 513, 514, 514, 516, 516, 518, 519, 521, 523, 525, 527, 530, 533, 522, 535, 538, 542, 546, 550, 554, 558, 562, 566, 571, 577, 584, 590, 596, 601, 608, 614, 621]
[0, 561, 558, 553, 549, 547, 545, 543, 540, 537, 535, 500, 1360, 1352, 1345, 0, 0, 0, 0, 0, 0, 0, 515, 0, 0, 0, 514, 514, 514, 514, 514, 515, 516, 518, 519, 520, 521, 522, 525, 527, 530, 532, 535, 538, 541, 545, 548, 552, 557, 560, 565, 570, 575, 581, 587, 593, 599, 606, 612, 618, 626]
[0, 566, 562, 558, 555, 552, 548, 545, 542, 540, 535, 500, 1360, 1352, 1345, 0, 0, 0, 0, 0, 0, 0, 519, 519, 0, 0, 514, 514, 514, 514, 515, 515, 515, 516, 519, 520, 520, 522, 524, 526, 528, 531, 534, 537, 540, 543, 546, 551, 555, 559, 563, 567, 572, 578, 585, 590, 596, 603, 609, 616, 623]
[0, 571, 566, 563, 559, 555, 552, 549, 546, 544, 535, 500, 1360, 1352, 1345, 0, 0, 0, 0, 0, 0, 0, 522, 524, 0, 0, 519, 519, 519, 520, 520, 521, 522, 523, 524, 525, 527, 528, 524, 533, 536, 538, 541, 537, 544, 547, 550, 554, 562, 559, 567, 572, 578, 583, 588, 594, 601, 606, 612, 619, 626]
[0, 574, 569, 561, 559, 557, 554, 551, 547, 545, 548, 500, 1360, 1352, 1345, 0, 0, 0, 0, 0, 0, 0, 523, 0, 0, 522, 0, 522, 523, 523, 523, 524, 525, 526, 527, 529, 531, 532, 534, 536, 539, 538, 545, 548, 552, 547, 555, 558, 562, 567, 572, 577, 582, 587, 593, 599, 605, 611, 617, 624, 631]
[0, 578, 573, 568, 565, 561, 557, 554, 552, 549, 548, 500, 1360, 1352, 1345, 0, 0, 0, 0, 0, 0, 0, 0, 527, 0, 0, 0, 522, 522, 522, 523, 523, 524, 525, 527, 528, 530, 532, 534, 535, 538, 540, 543, 546, 550, 553, 557, 561, 564, 568, 574, 579, 584, 589, 595, 602, 608, 614, 620, 627, 635]
[0, 578, 572, 567, 564, 561, 557, 554, 552, 549, 548, 500, 1360, 1352, 1345, 0, 0, 0, 0, 0, 0, 0, 526, 528, 0, 0, 527, 528, 528, 527, 528, 529, 529, 530, 532, 534, 536, 538, 539, 541, 544, 546, 550, 553, 556, 559, 563, 561, 567, 576, 582, 579, 592, 597, 595, 610, 616, 622, 620, 629, 637]
[0, 591, 587, 582, 578, 574, 570, 567, 564, 549, 565, 500, 1360, 1352, 1345, 0, 0, 0, 0, 0, 0, 0, 542, 0, 0, 0, 527, 527, 527, 527, 528, 529, 530, 530, 532, 534, 535, 538, 540, 542, 544, 546, 550, 554, 557, 559, 563, 568, 573, 578, 582, 582, 587, 598, 595, 603, 610, 616, 623, 630, 638]
[0, 591, 587, 583, 579, 575, 570, 568, 564, 565, 565, 500, 1360, 1352, 1345, 0, 0, 0, 0, 0, 0, 0, 543, 0, 0, 0, 542, 542, 542, 542, 543, 544, 545, 546, 547, 549, 551, 538, 553, 555, 557, 559, 562, 565, 568, 572, 577, 581, 586, 590, 595, 600, 606, 611, 615, 622, 629, 636, 643, 651, 658]
[0, 595, 592, 587, 583, 579, 576, 572, 568, 566, 565, 500, 1360, 1352, 1345, 0, 0, 0, 0, 0, 0, 0, 0, 544, 0, 0, 0, 543, 543, 544, 545, 545, 546, 546, 548, 550, 553, 538, 556, 557, 559, 562, 565, 568, 571, 576, 580, 583, 588, 593, 598, 602, 606, 612, 618, 625, 633, 640, 647, 654, 661]
[0, 597, 592, 589, 583, 585, 582, 577, 574, 571, 565, 500, 1360, 1352, 1345, 0, 0, 0, 0, 0, 0, 0, 549, 544, 0, 0, 0, 545, 545, 545, 546, 546, 547, 549, 550, 552, 554, 556, 557, 559, 562, 565, 568, 571, 575, 580, 583, 587, 588, 596, 601, 607, 612, 617, 623, 630, 638, 645, 647, 651, 666]
[0, 610, 606, 602, 598, 595, 591, 588, 585, 588, 565, 500, 1360, 1352, 1345, 0, 0, 0, 0, 0, 0, 0, 0, 0, 0, 0, 0, 545, 550, 545, 551, 552, 547, 553, 554, 556, 558, 560, 562, 564, 566, 568, 571, 575, 578, 582, 587, 591, 596, 600, 605, 609, 614, 620, 626, 633, 641, 648, 654, 661, 669]
[0, 609, 605, 602, 601, 594, 591, 590, 587, 585, 565, 500, 1360, 1352, 1345, 0, 0, 0, 0, 0, 0, 0, 560, 0, 0, 559, 0, 559, 560, 560, 561, 562, 563, 564, 565, 567, 569, 571, 573, 576, 579, 582, 585, 589, 593, 596, 600, 605, 609, 614, 618, 609, 630, 620, 643, 649, 656, 664, 671, 678, 687]
[0, 611, 606, 602, 598, 595, 592, 588, 586, 586, 565, 500, 1360, 1352, 1345, 0, 0, 0, 0, 0, 0, 0, 0, 560, 0, 0, 0, 560, 561, 561, 561, 562, 563, 564, 565, 568, 569, 570, 572, 574, 577, 580, 582, 586, 589, 594, 597, 601, 605, 610, 615, 620, 625, 632, 638, 645, 651, 657, 665, 673, 681]
[0, 618, 613, 610, 607, 603, 600, 596, 593, 595, 565, 500, 1360, 1352, 1345, 0, 0, 0, 0, 0, 0, 0, 0, 568, 0, 0, 0, 560, 560, 561, 561, 562, 563, 564, 565, 567, 569, 571, 573, 576, 579, 581, 585, 589, 592, 595, 599, 603, 607, 613, 618, 623, 629, 636, 643, 649, 655, 663, 671, 677, 685]
[0, 627, 622, 618, 614, 611, 608, 605, 601, 595, 565, 500, 1360, 1352, 1345, 0, 0, 0, 0, 0, 0, 0, 0, 576, 0, 0, 0, 568, 568, 570, 570, 571, 573, 575, 576, 577, 579, 582, 584, 587, 589, 592, 595, 598, 602, 606, 610, 613, 618, 623, 629, 635, 642, 647, 653, 660, 667, 674, 683, 691, 700]
[0, 628, 622, 618, 614, 611, 608, 605, 601, 603, 565, 500, 1360, 1352, 1345, 0, 0, 0, 0, 0, 0, 0, 0, 576, 0, 0, 0, 577, 578, 578, 578, 579, 580, 581, 583, 585, 587, 588, 590, 593, 596, 599, 602, 604, 608, 613, 616, 620, 625, 631, 637, 642, 648, 653, 660, 667, 674, 681, 690, 699, 707]
[0, 632, 627, 618, 621, 618, 615, 611, 608, 606, 565, 500, 1360, 1352, 1345, 0, 0, 0, 0, 0, 0, 0, 582, 0, 0, 0, 0, 576, 577, 577, 578, 579, 580, 581, 583, 585, 586, 588, 590, 593, 596, 598, 601, 604, 607, 612, 616, 619, 624, 630, 635, 642, 646, 652, 660, 666, 673, 681, 689, 697, 704]
[0, 632, 627, 623, 621, 619, 612, 611, 610, 607, 565, 500, 1360, 1352, 1345, 0, 0, 0, 0, 0, 0, 0, 0, 0, 0, 0, 0, 582, 582, 583, 584, 585, 586, 588, 583, 591, 592, 588, 596, 593, 600, 603, 605, 609, 612, 615, 619, 624, 628, 633, 640, 646, 650, 656, 662, 669, 675, 683, 691, 700, 707]
[0, 644, 639, 623, 631, 619, 627, 623, 620, 617, 565, 500, 1360, 1352, 1345, 0, 0, 0, 0, 0, 0, 0, 0, 0, 0, 0, 0, 0, 582, 583, 584, 585, 586, 587, 589, 590, 592, 594, 596, 599, 601, 604, 607, 611, 614, 618, 622, 627, 632, 639, 644, 649, 655, 660, 667, 673, 680, 688, 696, 706, 714]
[0, 649, 644, 640, 631, 632, 627, 628, 625, 623, 565, 500, 1360, 1352, 1345, 0, 0, 0, 0, 0, 0, 0, 0, 0, 0, 0, 0, 0, 594, 595, 596, 597, 598, 600, 601, 603, 605, 607, 609, 612, 601, 614, 621, 624, 628, 633, 638, 627, 643, 653, 644, 659, 670, 660, 677, 691, 680, 707, 696, 715, 723]
[0, 660, 656, 651, 647, 643, 640, 637, 625, 633, 565, 500, 1360, 1352, 1345, 0, 0, 0, 0, 0, 0, 0, 0, 0, 0, 0, 598, 0, 598, 599, 600, 601, 602, 604, 605, 606, 609, 611, 613, 612, 615, 618, 622, 626, 633, 633, 638, 642, 651, 653, 657, 663, 669, 675, 681, 688, 696, 704, 712, 719, 727]
[0, 663, 658, 653, 649, 645, 642, 638, 635, 636, 565, 500, 1360, 1352, 1345, 0, 0, 0, 0, 0, 0, 0, 608, 0, 0, 0, 0, 607, 608, 610, 611, 611, 612, 614, 615, 616, 618, 621, 623, 625, 629, 633, 637, 640, 644, 648, 638, 657, 651, 662, 668, 673, 679, 685, 700, 688, 707, 714, 722, 730, 750]
[0, 659, 658, 654, 650, 646, 642, 639, 635, 633, 565, 500, 1360, 1352, 1345, 0, 0, 0, 0, 0, 0, 0, 0, 0, 0, 0, 0, 0, 608, 610, 609, 610, 612, 613, 614, 616, 617, 619, 621, 623, 627, 631, 634, 637, 641, 646, 649, 654, 660, 664, 670, 675, 682, 688, 696, 704, 710, 718, 727, 735, 743]
[0, 670, 666, 661, 657, 653, 650, 646, 643, 645, 565, 500, 1360, 1352, 1345, 0, 0, 0, 0, 0, 0, 0, 617, 0, 0, 0, 0, 608, 608, 609, 609, 611, 612, 613, 614, 615, 617, 619, 621, 623, 627, 631, 634, 638, 642, 646, 649, 654, 659, 664, 670, 675, 682, 688, 696, 703, 710, 718, 727, 735, 744]
[0, 680, 675, 670, 666, 663, 660, 656, 652, 645, 565, 500, 1360, 1352, 1345, 0, 0, 0, 0, 0, 0, 0, 0, 616, 0, 0, 0, 0, 615, 616, 617, 617, 619, 620, 621, 623, 625, 627, 630, 633, 636, 641, 644, 647, 651, 655, 659, 664, 668, 674, 679, 686, 693, 699, 706, 713, 720, 729, 738, 746, 756]
[0, 686, 681, 676, 671, 668, 665, 661, 652, 657, 565, 500, 1360, 1352, 1345, 0, 0, 0, 0, 0, 0, 0, 0, 0, 0, 0, 0, 0, 628, 629, 630, 632, 634, 635, 635, 637, 640, 642, 645, 648, 636, 651, 657, 647, 665, 655, 669, 673, 679, 685, 691, 697, 703, 710, 717, 723, 731, 740, 748, 757, 767]
[0, 686, 681, 676, 671, 668, 665, 661, 657, 657, 565, 500, 1360, 1352, 1345, 0, 0, 0, 0, 0, 0, 0, 0, 0, 0, 0, 0, 0, 634, 635, 636, 637, 639, 640, 642, 644, 646, 647, 650, 652, 636, 660, 657, 667, 671, 655, 675, 680, 686, 692, 698, 704, 710, 716, 723, 731, 739, 747, 756, 765, 773]
[0, 702, 696, 691, 687, 682, 677, 674, 671, 657, 565, 500, 1360, 1352, 1345, 0, 0, 0, 0, 0, 0, 0, 0, 0, 0, 0, 0, 633, 633, 634, 635, 637, 638, 640, 641, 644, 646, 647, 650, 652, 656, 660, 663, 667, 671, 655, 675, 680, 686, 692, 698, 704, 710, 716, 723, 731, 739, 748, 756, 765, 773]
[0, 708, 703, 698, 693, 689, 685, 680, 677, 657, 565, 500, 1360, 1352, 1345, 0, 0, 0, 0, 0, 0, 0, 0, 0, 0, 0, 0, 0, 647, 648, 648, 649, 651, 652, 654, 656, 658, 660, 663, 665, 668, 671, 675, 679, 684, 689, 695, 700, 706, 711, 698, 722, 710, 730, 745, 753, 760, 769, 756, 779, 799]
[0, 714, 710, 705, 700, 696, 692, 689, 686, 657, 565, 500, 1360, 1352, 1345, 0, 0, 0, 0, 0, 0, 0, 0, 0, 0, 0, 0, 0, 653, 653, 654, 655, 656, 658, 659, 661, 663, 665, 668, 670, 673, 676, 680, 684, 689, 694, 699, 705, 710, 715, 721, 728, 735, 743, 751, 759, 766, 775, 784, 794, 804]
[0, 718, 713, 709, 705, 700, 696, 692, 689, 657, 565, 500, 1360, 1352, 1345, 0, 0, 0, 0, 0, 0, 0, 0, 0, 661, 0, 0, 0, 663, 663, 664, 665, 666, 668, 670, 673, 675, 677, 679, 682, 685, 689, 694, 698, 703, 694, 712, 717, 710, 730, 721, 743, 751, 758, 751, 765, 773, 782, 792, 802, 812]
[0, 721, 716, 711, 707, 702, 698, 694, 690, 657, 565, 500, 1360, 1352, 1345, 0, 0, 0, 0, 0, 0, 0, 0, 0, 0, 0, 0, 0, 665, 666, 667, 668, 669, 671, 672, 674, 677, 679, 681, 684, 688, 691, 695, 700, 704, 709, 714, 719, 724, 731, 737, 744, 752, 760, 767, 775, 783, 792, 802, 812, 822]
[0, 728, 723, 718, 714, 710, 705, 701, 699, 657, 565, 500, 1360, 1352, 1345, 0, 0, 0, 0, 0, 0, 0, 0, 0, 0, 0, 0, 0, 666, 666, 667, 669, 670, 671, 673, 675, 677, 680, 683, 685, 688, 692, 696, 700, 705, 709, 714, 718, 724, 731, 737, 743, 751, 758, 765, 773, 782, 792, 801, 810, 819]
[0, 738, 734, 730, 724, 719, 716, 712, 712, 657, 565, 500, 1360, 1352, 1345, 0, 0, 0, 0, 0, 0, 0, 0, 0, 0, 0, 0, 0, 673, 673, 674, 675, 676, 678, 680, 681, 683, 686, 690, 693, 696, 700, 703, 708, 712, 717, 721, 727, 733, 739, 746, 752, 759, 766, 773, 782, 791, 800, 810, 819, 829]
[0, 738, 737, 732, 728, 723, 718, 714, 711, 657, 565, 500, 1360, 1352, 1345, 0, 0, 0, 0, 0, 0, 0, 0, 0, 0, 0, 0, 0, 686, 686, 687, 689, 691, 693, 695, 697, 699, 702, 705, 707, 711, 714, 717, 722, 729, 734, 739, 745, 751, 758, 764, 752, 778, 766, 795, 804, 791, 813, 821, 829, 839]
[0, 749, 744, 739, 733, 730, 725, 719, 719, 657, 565, 500, 1360, 1352, 1345, 0, 0, 0, 0, 0, 0, 0, 0, 685, 0, 0, 0, 0, 686, 686, 688, 689, 689, 691, 694, 697, 699, 701, 703, 706, 709, 712, 715, 720, 725, 730, 735, 740, 747, 755, 761, 766, 773, 781, 789, 797, 806, 816, 825, 834, 844]
[0, 766, 760, 755, 749, 744, 740, 735, 732, 657, 565, 500, 1360, 1352, 1345, 0, 0, 0, 0, 0, 0, 0, 0, 0, 0, 0, 694, 0, 0, 695, 697, 698, 699, 701, 703, 704, 707, 709, 712, 715, 719, 723, 729, 734, 737, 742, 748, 740, 761, 767, 761, 773, 780, 788, 805, 797, 814, 822, 831, 840, 851]
[0, 763, 758, 753, 747, 742, 740, 738, 734, 657, 565, 500, 1360, 1352, 1345, 0, 0, 0, 0, 0, 0, 0, 0, 0, 0, 0, 0, 0, 708, 710, 711, 712, 713, 715, 717, 719, 720, 723, 727, 730, 734, 739, 743, 749, 754, 759, 765, 770, 777, 784, 791, 797, 805, 815, 823, 830, 839, 849, 859, 840, 868]
[0, 763, 759, 753, 747, 742, 740, 738, 734, 657, 565, 500, 1360, 1352, 1345, 0, 0, 0, 0, 0, 0, 0, 0, 0, 0, 0, 0, 0, 709, 710, 711, 712, 714, 715, 716, 718, 719, 722, 725, 729, 733, 736, 740, 746, 751, 757, 762, 768, 774, 780, 787, 793, 802, 810, 818, 827, 833, 843, 854, 864, 873]
[0, 779, 759, 773, 768, 764, 759, 754, 751, 657, 565, 500, 1360, 1352, 1345, 0, 0, 0, 0, 0, 0, 0, 0, 0, 0, 0, 0, 0, 709, 710, 711, 713, 714, 715, 716, 718, 719, 722, 725, 729, 733, 736, 740, 746, 751, 756, 762, 768, 774, 780, 787, 793, 802, 810, 818, 827, 833, 843, 855, 864, 873]
[0, 782, 776, 770, 765, 761, 757, 753, 756, 657, 565, 500, 1360, 1352, 1345, 0, 0, 0, 0, 0, 0, 0, 0, 0, 0, 0, 0, 0, 724, 725, 726, 728, 729, 731, 733, 735, 737, 740, 743, 747, 752, 756, 761, 766, 771, 776, 782, 788, 794, 801, 808, 816, 824, 831, 838, 847, 858, 868, 876, 885, 897]
[0, 790, 785, 779, 773, 768, 764, 761, 764, 657, 565, 500, 1360, 1352, 1345, 0, 0, 0, 0, 0, 0, 0, 0, 0, 0, 0, 0, 0, 725, 726, 727, 729, 731, 732, 734, 736, 739, 742, 745, 749, 754, 758, 763, 767, 773, 776, 779, 786, 792, 798, 805, 812, 820, 828, 835, 845, 856, 865, 873, 881, 891]
[0, 795, 789, 783, 778, 773, 768, 765, 764, 657, 565, 500, 1360, 1352, 1345, 0, 0, 0, 0, 0, 0, 0, 0, 0, 0, 0, 0, 0, 733, 734, 734, 736, 738, 740, 742, 744, 747, 751, 755, 759, 763, 758, 767, 771, 777, 782, 788, 795, 802, 808, 814, 821, 829, 835, 845, 856, 865, 873, 881, 891, 901]
[0, 807, 800, 794, 789, 784, 780, 765, 776, 657, 565, 500, 1360, 1352, 1345, 0, 0, 0, 0, 0, 0, 0, 763, 0, 0, 0, 0, 0, 738, 739, 741, 743, 745, 740, 747, 749, 752, 755, 758, 762, 765, 769, 775, 781, 786, 792, 798, 804, 809, 816, 824, 831, 838, 846, 856, 866, 874, 883, 892, 902, 913]
[0, 826, 820, 814, 808, 803, 802, 798, 797, 657, 565, 500, 1360, 1352, 1345, 0, 0, 0, 0, 0, 0, 0, 763, 0, 0, 0, 0, 0, 0, 752, 741, 754, 756, 758, 759, 762, 764, 766, 770, 774, 778, 782, 788, 793, 798, 804, 810, 816, 823, 829, 836, 844, 853, 861, 869, 877, 886, 895, 905, 917, 929]
[0, 824, 818, 811, 808, 803, 800, 798, 795, 657, 565, 500, 1360, 1352, 1345, 0, 0, 0, 0, 0, 0, 0, 0, 0, 0, 0, 0, 0, 768, 769, 770, 772, 775, 777, 778, 780, 784, 788, 791, 795, 799, 805, 810, 815, 821, 827, 832, 838, 823, 854, 836, 861, 868, 876, 883, 892, 902, 911, 922, 933, 944]
[0, 825, 820, 813, 808, 804, 799, 797, 795, 657, 565, 500, 1360, 1352, 1345, 0, 0, 0, 0, 0, 0, 0, 784, 0, 0, 0, 0, 0, 768, 769, 771, 773, 775, 775, 777, 779, 782, 785, 789, 793, 798, 802, 807, 812, 818, 824, 828, 834, 841, 850, 858, 866, 873, 880, 887, 896, 907, 919, 929, 939, 950]
[0, 839, 834, 829, 808, 824, 820, 816, 813, 657, 565, 500, 1360, 1352, 1345, 0, 0, 0, 0, 0, 0, 0, 0, 0, 0, 0, 0, 0, 769, 770, 770, 773, 776, 778, 779, 780, 784, 785, 788, 792, 797, 802, 806, 811, 817, 823, 828, 834, 840, 849, 857, 864, 871, 878, 887, 896, 906, 916, 926, 937, 948]
[0, 839, 853, 847, 840, 834, 831, 827, 827, 657, 565, 500, 1360, 1352, 1345, 0, 0, 0, 0, 0, 0, 0, 0, 0, 0, 0, 0, 0, 0, 787, 788, 791, 792, 795, 798, 800, 802, 805, 809, 812, 817, 823, 828, 832, 837, 843, 851, 858, 864, 871, 878, 886, 893, 901, 912, 922, 932, 942, 951, 937, 962]
[0, 860, 854, 850, 840, 843, 837, 834, 832, 657, 565, 500, 1360, 1352, 1345, 0, 0, 0, 0, 0, 0, 0, 0, 0, 0, 0, 0, 0, 801, 801, 803, 805, 807, 810, 811, 814, 817, 821, 826, 829, 832, 837, 843, 850, 856, 862, 868, 874, 881, 888, 896, 904, 913, 923, 932, 941, 932, 951, 962, 974, 989]
[0, 876, 870, 865, 861, 855, 850, 845, 832, 657, 565, 500, 1360, 1352, 0, 0, 0, 0, 0, 0, 0, 0, 0, 0, 804, 0, 0, 0, 0, 809, 803, 813, 807, 815, 817, 821, 824, 827, 829, 832, 837, 842, 848, 855, 861, 867, 872, 878, 884, 891, 898, 907, 917, 925, 934, 943, 953, 964, 975, 989, 1002]
[0, 876, 874, 865, 870, 865, 861, 857, 832, 657, 565, 500, 1360, 1352, 0, 0, 0, 0, 0, 0, 0, 0, 0, 0, 0, 0, 0, 0, 818, 819, 822, 824, 826, 828, 830, 832, 835, 838, 841, 846, 852, 858, 864, 869, 873, 879, 884, 890, 896, 903, 913, 923, 933, 940, 948, 958, 970, 981, 992, 1004, 1017]
[0, 888, 883, 877, 873, 869, 865, 865, 832, 657, 565, 500, 1360, 1352, 0, 0, 380, 0, 0, 0, 0, 0, 0, 0, 0, 0, 0, 0, 0, 831, 832, 835, 836, 828, 842, 832, 845, 850, 855, 860, 864, 868, 872, 877, 883, 888, 893, 900, 908, 915, 923, 932, 942, 950, 957, 967, 980, 991, 1001, 1013, 1026]
[0, 889, 884, 878, 873, 870, 866, 863, 832, 657, 565, 500, 1360, 1352, 0, 380, 0, 0, 0, 0, 0, 0, 0, 0, 0, 0, 0, 0, 0, 836, 838, 840, 843, 847, 850, 853, 858, 862, 865, 869, 873, 877, 882, 887, 883, 900, 907, 914, 908, 929, 938, 932, 946, 954, 965, 975, 987, 998, 1009, 1020, 1032]
[0, 902, 896, 889, 873, 880, 866, 879, 832, 657, 565, 500, 1360, 1352, 0, 0, 379, 0, 0, 0, 0, 0, 0, 0, 0, 0, 0, 0, 0, 836, 838, 839, 842, 845, 848, 852, 856, 860, 864, 868, 872, 876, 881, 886, 891, 898, 905, 912, 919, 927, 936, 943, 952, 961, 972, 984, 995, 1004, 1015, 1028, 1041]
[0, 915, 909, 903, 898, 892, 887, 884, 832, 657, 565, 500, 1360, 1352, 0, 0, 380, 0, 0, 0, 0, 0, 0, 0, 0, 0, 0, 0, 0, 852, 854, 857, 861, 863, 865, 869, 871, 874, 878, 883, 888, 892, 897, 903, 910, 917, 924, 931, 938, 927, 952, 961, 952, 973, 984, 1002, 995, 1015, 1027, 1038, 1049]
[0, 914, 908, 902, 896, 891, 887, 883, 832, 657, 565, 500, 1360, 1352, 0, 0, 379, 0, 0, 0, 0, 0, 0, 0, 0, 0, 0, 0, 0, 863, 865, 867, 868, 870, 873, 876, 879, 883, 887, 891, 897, 901, 905, 912, 918, 925, 932, 938, 944, 951, 959, 969, 981, 992, 1001, 1011, 1021, 1032, 1047, 1060, 1071]
[0, 931, 925, 919, 913, 907, 902, 898, 832, 657, 565, 500, 1360, 1352, 0, 379, 379, 381, 0, 0, 0, 0, 0, 0, 0, 0, 0, 0, 0, 865, 865, 868, 871, 872, 875, 878, 881, 884, 889, 895, 899, 904, 909, 915, 922, 930, 937, 943, 948, 954, 959, 975, 987, 996, 1001, 1005, 1016, 1028, 1039, 1052, 1066]
[0, 951, 945, 939, 933, 928, 924, 920, 832, 657, 565, 500, 1360, 1352, 0, 0, 379, 0, 0, 0, 0, 0, 0, 0, 0, 0, 0, 0, 0, 878, 879, 882, 885, 887, 890, 894, 897, 901, 907, 913, 918, 925, 931, 935, 941, 948, 954, 962, 969, 978, 989, 999, 1009, 1018, 1029, 1042, 1054, 1066, 1078, 1092, 1108]
[0, 952, 946, 940, 935, 931, 926, 921, 832, 657, 565, 500, 1360, 1352, 0, 0, 0, 0, 0, 0, 0, 0, 0, 0, 0, 0, 0, 0, 0, 898, 899, 900, 903, 906, 910, 914, 918, 922, 927, 931, 937, 942, 948, 954, 959, 965, 974, 983, 991, 998, 1006, 1016, 1026, 1035, 1046, 1058, 1070, 1082, 1095, 1109, 1125]
[0, 952, 992, 984, 978, 971, 965, 961, 832, 657, 565, 500, 1360, 1352, 0, 0, 0, 0, 0, 0, 0, 0, 0, 0, 0, 895, 0, 0, 0, 0, 898, 901, 903, 905, 909, 914, 918, 922, 928, 933, 937, 942, 947, 952, 958, 965, 974, 983, 991, 998, 1006, 1016, 1027, 1036, 1046, 1058, 1072, 1084, 1098, 1113, 1127]
[0, 994, 986, 979, 972, 966, 962, 965, 832, 657, 565, 500, 1360, 1352, 0, 0, 0, 0, 0, 0, 0, 0, 0, 0, 0, 0, 0, 0, 941, 943, 944, 947, 950, 952, 909, 955, 959, 968, 928, 974, 981, 987, 993, 998, 1003, 1010, 1017, 1025, 1034, 1042, 1052, 1062, 1072, 1083, 1094, 1105, 1118, 1134, 1149, 1163, 1176]
[0, 994, 992, 985, 978, 971, 965, 961, 832, 657, 565, 500, 1360, 1352, 0, 0, 0, 0, 0, 0, 0, 0, 0, 0, 0, 0, 0, 0, 0, 942, 944, 946, 949, 951, 955, 958, 961, 966, 971, 978, 985, 990, 996, 998, 1002, 1009, 1016, 1023, 1032, 1041, 1050, 1061, 1072, 1081, 1091, 1104, 1118, 1133, 1148, 1162, 1176]
[0, 1047, 1040, 1033, 1026, 971, 1022, 1017, 832, 657, 565, 500, 1360, 1352, 0, 0, 0, 0, 0, 0, 0, 0, 0, 949, 0, 0, 0, 0, 0, 945, 944, 948, 950, 953, 955, 959, 963, 968, 975, 981, 986, 992, 997, 1004, 1012, 1019, 1027, 1035, 1042, 1053, 1064, 1074, 1083, 1095, 1108, 1121, 1136, 1152, 1164, 1177, 1192]
[0, 1050, 1042, 1036, 1030, 1025, 1019, 1015, 832, 657, 565, 500, 1360, 1352, 0, 0, 0, 0, 0, 0, 0, 0, 0, 0, 0, 0, 0, 0, 0, 999, 1000, 1002, 1005, 1008, 1012, 959, 1017, 1022, 1027, 1032, 1038, 1043, 1050, 1058, 1066, 1073, 1079, 1087, 1097, 1107, 1116, 1127, 1141, 1154, 1166, 1179, 1191, 1204, 1219, 1234, 1250]
[0, 1072, 1065, 1059, 1051, 1043, 1039, 1036, 832, 657, 565, 500, 1360, 1352, 0, 0, 0, 0, 0, 0, 0, 0, 0, 0, 0, 0, 0, 0, 0, 998, 1000, 1002, 1003, 1007, 1011, 1014, 1019, 1024, 1030, 1036, 1041, 1048, 1056, 1061, 1068, 1076, 1084, 1092, 1102, 1112, 1122, 1134, 1146, 1154, 1171, 1179, 1186, 1200, 1211, 1226, 1242]
[0, 1078, 1072, 1064, 1057, 1051, 1045, 1036, 832, 657, 565, 500, 1360, 1352, 0, 0, 0, 0, 0, 0, 0, 0, 0, 0, 0, 1013, 0, 0, 0, 1020, 1022, 1024, 1026, 1030, 1036, 1039, 1042, 1047, 1054, 1060, 1067, 1074, 1080, 1087, 1095, 1102, 1112, 1122, 1132, 1142, 1155, 1167, 1176, 1188, 1201, 1216, 1231, 1244, 1259, 1279, 1297]
[0, 1108, 1100, 1092, 1087, 1081, 1074, 1036, 832, 657, 565, 500, 1360, 1352, 0, 0, 376, 0, 0, 0, 0, 0, 0, 0, 0, 0, 0, 0, 1024, 1027, 1029, 1032, 1036, 1039, 1041, 1044, 1050, 1057, 1054, 1062, 1074, 1074, 1080, 1087, 1096, 1104, 1112, 1122, 1132, 1142, 1152, 1162, 1174, 1187, 1200, 1213, 1226, 1241, 1255, 1271, 1288]
[0, 1107, 1099, 1092, 1086, 1080, 1074, 1036, 832, 657, 565, 500, 1360, 1352, 0, 0, 376, 0, 0, 0, 0, 0, 0, 0, 0, 0, 1052, 0, 0, 1059, 1062, 1064, 1068, 1072, 1076, 1080, 1084, 1089, 1095, 1101, 1107, 1115, 1124, 1132, 1141, 1104, 1149, 1157, 1166, 1176, 1186, 1198, 1210, 1224, 1238, 1250, 1263, 1278, 1295, 1271, 1322]
[0, 1113, 1105, 1097, 1090, 1084, 1078, 1075, 832, 657, 565, 500, 1360, 1352, 0, 0, 376, 0, 0, 0, 0, 0, 0, 0, 0, 0, 0, 0, 0, 1059, 1062, 1064, 1068, 1073, 1076, 1080, 1084, 1089, 1095, 1101, 1108, 1115, 1116, 1123, 1131, 1138, 1148, 1159, 1168, 1178, 1189, 1200, 1212, 1227, 1240, 1254, 1267, 1282, 1301, 1271, 1327]
[0, 1107, 1099, 1092, 1086, 1080, 1077, 1075, 832, 657, 565, 500, 1360, 1352, 0, 0, 377, 0, 0, 0, 0, 0, 0, 0, 0, 0, 0, 0, 0, 1058, 1060, 1062, 1065, 1069, 1074, 1077, 1082, 1087, 1092, 1096, 1103, 1111, 1120, 1128, 1136, 1144, 1154, 1163, 1172, 1182, 1193, 1206, 1220, 1232, 1245, 1259, 1272, 1289, 1307, 1271, 1333]
[0, 1167, 1160, 1153, 1147, 1140, 1134, 1075, 832, 657, 565, 500, 1360, 1352, 0, 0, 381, 0, 0, 0, 0, 0, 0, 0, 0, 0, 1053, 0, 0, 1059, 1062, 1065, 1068, 1073, 1077, 1080, 1082, 1085, 1089, 1094, 1101, 1109, 1116, 1124, 1132, 1141, 1150, 1159, 1168, 1178, 1189, 1200, 1213, 1228, 1241, 1254, 1268, 1285, 1302, 1271, 1328]
[0, 1169, 1161, 1154, 1148, 1142, 1136, 1075, 832, 657, 565, 500, 1360, 1352, 0, 0, 378, 0, 0, 0, 0, 0, 0, 0, 0, 0, 0, 0, 0, 1122, 1124, 1128, 1132, 1134, 1137, 1142, 1150, 1157, 1162, 1168, 1174, 1181, 1116, 1188, 1195, 1205, 1216, 1227, 1239, 1250, 1265, 1279, 1289, 1303, 1321, 1336, 1349, 1365, 1389, 1407, 1421]
[0, 1180, 1172, 1165, 1158, 1153, 1149, 1075, 832, 657, 565, 500, 1360, 1352, 0, 0, 378, 0, 0, 0, 0, 0, 0, 0, 0, 0, 0, 0, 1117, 1120, 1124, 1127, 1130, 1134, 1136, 1141, 1148, 1155, 1161, 1165, 1171, 1177, 1183, 1193, 1203, 1212, 1222, 1232, 1244, 1257, 1271, 1284, 1299, 1317, 1334, 1348, 1363, 1382, 1400, 1416, 1421]
[0, 1182, 1173, 1166, 1161, 1156, 1150, 1153, 832, 657, 565, 500, 1360, 1352, 0, 0, 0, 0, 0, 0, 0, 0, 0, 0, 0, 0, 0, 0, 0, 1135, 1136, 1139, 1141, 1144, 1147, 1153, 1160, 1165, 1171, 1177, 1184, 1192, 1198, 1208, 1218, 1228, 1238, 1249, 1262, 1257, 1286, 1284, 1302, 1318, 1332, 1346, 1361, 1380, 1397, 1417, 1421]
[0, 1219, 1210, 1205, 1200, 1192, 1186, 1182, 832, 657, 565, 500, 1360, 1352, 0, 0, 0, 0, 0, 0, 0, 0, 0, 0, 0, 0, 0, 0, 0, 1134, 1137, 1139, 1141, 1143, 1148, 1154, 1160, 1165, 1170, 1177, 1184, 1190, 1197, 1207, 1217, 1226, 1235, 1245, 1258, 1272, 1284, 1298, 1313, 1328, 1344, 1358, 1376, 1393, 1412, 1417, 1421]
[0, 1216, 1209, 1203, 1195, 1190, 1186, 1182, 832, 657, 565, 500, 1360, 1352, 0, 0, 0, 0, 0, 0, 0, 0, 0, 0, 0, 0, 0, 0, 1169, 0, 1172, 1174, 1177, 1181, 1185, 1190, 1196, 1204, 1215, 1229, 1236, 1244, 1256, 1265, 1269, 1272, 1281, 1292, 1307, 1323, 1335, 1347, 1360, 1373, 1386, 1403, 1420, 1445, 1469, 1485, 1503]
[0, 1231, 1224, 1216, 1207, 1201, 1196, 1182, 832, 657, 565, 500, 1360, 1352, 0, 0, 0, 0, 0, 0, 0, 0, 0, 0, 0, 0, 0, 0, 1169, 1171, 1173, 1176, 1179, 1182, 1187, 1194, 1202, 1213, 1221, 1230, 1242, 1253, 1257, 1264, 1269, 1273, 1284, 1298, 1312, 1326, 1339, 1351, 1364, 1377, 1392, 1410, 1420, 1429, 1452, 1474, 1490]
[0, 1231, 1224, 1216, 1208, 1202, 1195, 1182, 832, 657, 565, 500, 1360, 1352, 0, 0, 0, 0, 0, 0, 0, 0, 0, 0, 0, 0, 0, 0, 1180, 1184, 1187, 1189, 1193, 1197, 1206, 1214, 1220, 1226, 1234, 1245, 1253, 1259, 1264, 1272, 1283, 1290, 1301, 1315, 1327, 1341, 1351, 1363, 1376, 1389, 1405, 1425, 1420, 1449, 1469, 1486, 1503]
[0, 1278, 1270, 1262, 1255, 1250, 1243, 1182, 832, 657, 565, 500, 1360, 1352, 0, 0, 0, 0, 0, 0, 0, 0, 0, 0, 0, 0, 0, 0, 1182, 1185, 1187, 1190, 1193, 1199, 1209, 1217, 1222, 1228, 1236, 1245, 1252, 1260, 1266, 1272, 1281, 1291, 1303, 1316, 1330, 1343, 1352, 1363, 1365, 1380, 1394, 1408, 1428, 1450, 1470, 1487, 1503]
[0, 1340, 1270, 1262, 1327, 1310, 1303, 1300, 832, 0, 565, 500, 1360, 1352, 0, 376, 0, 378, 0, 0, 0, 0, 0, 0, 0, 0, 0, 0, 0, 1235, 1237, 1239, 1241, 1245, 1251, 1258, 1265, 1271, 1275, 1283, 1290, 1298, 1307, 1316, 1328, 1341, 1351, 1360, 1368, 1376, 1386, 1395, 1406, 1418, 1430, 1443, 1456, 1470, 1485, 1500, 1513]
[0, 1340, 1270, 1327, 1327, 1314, 1310, 1304, 832, 0, 565, 500, 1360, 1352, 0, 0, 378, 0, 0, 0, 0, 0, 0, 0, 0, 0, 0, 0, 0, 1289, 1291, 1293, 1292, 1292, 1291, 1295, 1301, 1304, 1307, 1309, 1315, 1320, 1307, 1327, 1334, 1339, 1347, 1355, 1361, 1369, 1379, 1389, 1398, 1407, 1421, 1433, 1445, 1459, 1473, 1488, 1502]
[0, 1344, 1270, 1327, 1328, 1312, 1306, 1304, 832, 0, 0, 500, 1360, 1352, 0, 376, 377, 0, 0, 0, 0, 0, 0, 0, 0, 0, 0, 1288, 0, 1289, 1292, 1293, 1291, 1292, 1294, 1297, 1301, 1305, 1308, 1309, 1315, 1320, 1328, 1327, 1335, 1340, 1347, 1354, 1362, 1371, 1379, 1387, 1396, 1407, 1420, 1432, 1444, 1459, 1472, 1488, 1502]
[0, 1349, 1341, 1327, 1329, 1315, 1307, 1303, 832, 0, 0, 500, 1360, 1352, 0, 0, 376, 377, 0, 0, 0, 0, 0, 0, 0, 0, 0, 0, 0, 1291, 1292, 1293, 1293, 1293, 1295, 1299, 1301, 1303, 1306, 1310, 1315, 1319, 1324, 1329, 1336, 1344, 1351, 1360, 1368, 1376, 1386, 1395, 1405, 1415, 1427, 1442, 1456, 1469, 1484, 1500, 1513]
[0, 1411, 1398, 1391, 0, 1389, 1383, 1378, 832, 0, 0, 500, 1360, 1352, 0, 0, 378, 378, 379, 0, 0, 0, 0, 0, 0, 0, 0, 0, 0, 1290, 1294, 1293, 1291, 1293, 1297, 1299, 1299, 1301, 1305, 1310, 1314, 1316, 1321, 1327, 1334, 1342, 1348, 1355, 1364, 1373, 1382, 1392, 1399, 1409, 1420, 1432, 1447, 1462, 1478, 1493, 1505]
[0, 1417, 1405, 1396, 1390, 1386, 1381, 1378, 832, 0, 0, 500, 1360, 1352, 0, 0, 377, 378, 379, 0, 0, 0, 0, 0, 0, 0, 0, 0, 0, 1289, 1291, 1292, 1292, 1292, 1294, 1298, 1301, 1304, 1309, 1310, 1313, 1316, 1319, 1324, 1332, 1341, 1346, 1353, 1361, 1369, 1377, 1386, 1397, 1407, 1418, 1430, 1444, 1457, 1474, 1491, 1503]
[0, 1467, 1405, 1454, 1434, 1419, 1409, 1378, 832, 0, 0, 500, 1360, 1352, 0, 380, 379, 380, 383, 0, 0, 0, 0, 0, 0, 0, 0, 0, 0, 1288, 1290, 1291, 1291, 1292, 1295, 1297, 1299, 1303, 1306, 1311, 1315, 1320, 1325, 1329, 1335, 1342, 1350, 1357, 1366, 1376, 1385, 1394, 1403, 1413, 1423, 1437, 1451, 1457, 1466, 1485, 1501]
[0, 1467, 1462, 1438, 1423, 1411, 1402, 0, 0, 0, 0, 500, 1360, 1352, 0, 378, 0, 379, 383, 0, 0, 0, 0, 0, 0, 0, 0, 0, 0, 0, 1286, 1291, 1288, 1290, 1291, 1295, 1298, 1300, 1304, 1305, 1308, 1314, 1319, 1326, 1331, 1339, 1344, 1350, 1359, 1370, 1379, 1388, 1397, 1408, 1421, 1433, 1446, 1460, 1476, 1491, 1505]
[0, 1466, 1453, 1438, 1423, 1410, 1402, 0, 0, 0, 0, 500, 1360, 1352, 0, 0, 379, 379, 383, 0, 0, 0, 0, 0, 0, 0, 0, 0, 0, 1288, 1290, 1289, 1288, 1292, 1294, 1297, 1299, 1303, 1307, 1309, 1314, 1317, 1321, 1329, 1335, 1342, 1349, 1359, 1369, 1376, 1379, 1382, 1393, 1404, 1413, 1427, 1441, 1451, 1464, 1483, 1500]
[0, 1469, 1462, 1445, 1425, 1412, 1402, 0, 0, 0, 0, 500, 1360, 1352, 0, 379, 380, 379, 383, 0, 0, 0, 0, 0, 0, 0, 0, 0, 1288, 1288, 1290, 1289, 1288, 1291, 1294, 1296, 1298, 1300, 1304, 1309, 1314, 1317, 1321, 1328, 1335, 1342, 1349, 1358, 1369, 1366, 1373, 1382, 1392, 1404, 1413, 1426, 1440, 1451, 1465, 1481, 1499]
[0, 1470, 1455, 1440, 1427, 1415, 1403, 0, 0, 0, 0, 500, 1360, 1352, 0, 0, 380, 381, 0, 0, 0, 0, 0, 0, 0, 0, 0, 0, 1289, 1290, 1291, 1289, 1287, 1290, 1293, 1297, 1300, 1302, 1305, 1309, 1314, 1317, 1322, 1328, 1335, 1343, 1350, 1357, 1363, 1371, 1379, 1390, 1404, 1414, 1423, 1436, 1450, 1466, 1483, 1481, 1499]
[0, 1470, 1459, 1445, 1431, 1417, 1406, 1398, 0, 0, 0, 500, 1360, 1352, 0, 0, 0, 0, 0, 0, 0, 0, 0, 0, 0, 0, 0, 0, 0, 1285, 1285, 1286, 1289, 1290, 1291, 1295, 1296, 1297, 1302, 1305, 1309, 1316, 1320, 1324, 1333, 1340, 1345, 1353, 1363, 1372, 1377, 1386, 1396, 1407, 1419, 1432, 1446, 1460, 1479, 1495, 1505]
[0, 1472, 1454, 1440, 1425, 1412, 1403, 1398, 0, 0, 0, 500, 1360, 1352, 0, 0, 0, 0, 0, 0, 0, 0, 0, 0, 0, 0, 0, 0, 1286, 1286, 1286, 1289, 1288, 1290, 1295, 1295, 1294, 1298, 1303, 1302, 1304, 1312, 1318, 1321, 1325, 1335, 1345, 1349, 1357, 1368, 1376, 1382, 1393, 1406, 1417, 1429, 1442, 1455, 1469, 1486, 1502]
[0, 1463, 1449, 1434, 1420, 1410, 1401, 1398, 0, 0, 0, 500, 1360, 1352, 0, 0, 0, 0, 0, 0, 0, 0, 0, 0, 0, 0, 0, 0, 0, 1284, 1286, 1286, 1288, 1290, 1290, 1292, 1295, 1297, 1302, 1305, 1309, 1313, 1318, 1323, 1330, 1337, 1344, 1351, 1359, 1369, 1378, 1387, 1396, 1404, 1416, 1430, 1443, 1459, 1475, 1491, 1504]
[0, 1473, 1457, 1440, 1427, 1418, 1406, 1395, 0, 0, 0, 500, 1360, 1352, 0, 0, 0, 0, 0, 0, 0, 0, 0, 0, 0, 0, 0, 0, 0, 1284, 1284, 1287, 1289, 1290, 1291, 1293, 1297, 1300, 1304, 1306, 1308, 1314, 1317, 1322, 1332, 1341, 1345, 1353, 1363, 1372, 1380, 1389, 1401, 1412, 1423, 1430, 1435, 1449, 1461, 1475, 1491]
[0, 1465, 1450, 1434, 1420, 1411, 1401, 1395, 0, 0, 0, 500, 1360, 1352, 0, 0, 0, 0, 0, 0, 0, 0, 0, 0, 0, 1289, 0, 0, 0, 1286, 1284, 1285, 1287, 1289, 1291, 1294, 1294, 1294, 1297, 1301, 1304, 1310, 1316, 1319, 1325, 1332, 1340, 1348, 1355, 1367, 1377, 1383, 1394, 1404, 1414, 1427, 1441, 1456, 1469, 1485, 1501]
[0, 1473, 1457, 1444, 1430, 1416, 1405, 1396, 0, 0, 0, 500, 1360, 1352, 0, 0, 0, 0, 0, 0, 0, 0, 0, 0, 0, 0, 0, 0, 0, 1284, 1284, 1287, 1288, 1290, 1291, 1293, 1294, 1297, 1304, 1306, 1308, 1313, 1317, 1324, 1334, 1340, 1345, 1353, 1362, 1372, 1379, 1386, 1398, 1412, 1423, 1435, 1449, 1456, 1462, 1476, 1491]
[0, 1458, 1444, 1430, 1418, 1408, 1405, 1395, 0, 0, 0, 500, 1360, 1352, 0, 0, 0, 0, 0, 0, 0, 0, 0, 0, 0, 0, 0, 0, 0, 1285, 1285, 1286, 1286, 1286, 1291, 1291, 1294, 1294, 1297, 1300, 1304, 1311, 1315, 1319, 1324, 1332, 1340, 1347, 1354, 1364, 1373, 1382, 1393, 1405, 1415, 1426, 1441, 1455, 1469, 1485, 1501]
[0, 1469, 1450, 1434, 1422, 1411, 1402, 1400, 0, 0, 0, 500, 1360, 1352, 0, 0, 0, 0, 0, 0, 0, 0, 0, 0, 0, 0, 0, 1287, 0, 1281, 1283, 1286, 1285, 1288, 1293, 1294, 1293, 1298, 1302, 1305, 1310, 1313, 1317, 1319, 1323, 1330, 1338, 1346, 1353, 1362, 1372, 1381, 1389, 1399, 1409, 1422, 1437, 1451, 1463, 1482, 1500]
[0, 1472, 1453, 1440, 1429, 1414, 1401, 1393, 1382, 1370, 1360, 500, 1360, 1352, 0, 0, 0, 0, 0, 0, 0, 1296, 0, 0, 0, 0, 0, 1283, 1283, 1282, 1283, 1285, 1287, 1289, 1291, 1292, 1293, 1296, 1300, 1302, 1308, 1313, 1317, 1323, 1331, 1337, 1344, 1352, 1361, 1369, 1378, 1385, 1395, 1405, 1418, 1431, 1442, 1456, 1473, 1482, 1491]
[0, 1460, 1446, 1432, 1420, 1410, 1399, 1387, 1376, 1367, 1358, 500, 1360, 1352, 0, 0, 0, 0, 0, 0, 1301, 1298, 0, 0, 1289, 0, 1285, 1283, 1285, 1282, 1286, 1283, 1284, 1287, 1290, 1291, 1291, 1294, 1300, 1303, 1308, 1317, 1326, 1333, 1340, 1345, 1353, 1362, 1371, 1382, 1392, 1401, 1413, 1423, 1435, 1446, 1457, 1471, 1488, 1506, 1511]
[0, 1458, 1446, 1441, 1428, 1416, 1404, 1396, 1384, 1372, 1363, 1354, 1346, 1352, 1335, 1323, 1310, 1309, 1313, 1305, 1299, 1295, 1295, 1292, 1288, 1289, 1286, 1283, 1282, 1281, 1282, 1283, 1285, 1289, 1290, 1292, 1293, 1294, 1297, 1303, 1308, 1318, 1328, 1336, 1344, 1353, 1360, 1365, 1378, 1389, 1398, 1409, 1417, 1425, 1439, 1452, 1464, 1479, 1495, 1528, 1531]
[0, 1469, 1452, 1437, 1426, 1413, 1401, 1391, 1380, 1370, 1361, 1353, 1356, 1349, 1329, 1321, 1310, 1313, 1306, 1302, 1299, 1296, 1292, 0, 1286, 1286, 1286, 1285, 1285, 1283, 1283, 1284, 1285, 1288, 1293, 1294, 1299, 1308, 1312, 1311, 1316, 1324, 1329, 1336, 1336, 1343, 1350, 1357, 1366, 1379, 1389, 1397, 1412, 1422, 1431, 1443, 1453, 1466, 1482, 1497, 1504]
[0, 1457, 1441, 1428, 1418, 1413, 1406, 1392, 1382, 1374, 1365, 1354, 1347, 1349, 1336, 1324, 1310, 1308, 1312, 1304, 1299, 1295, 1293, 1291, 1288, 1288, 1285, 1284, 1285, 1285, 1283, 1284, 1286, 1288, 1291, 1297, 1303, 1307, 1310, 1314, 1318, 1322, 1326, 1333, 1340, 1346, 1354, 1362, 1372, 1383, 1391, 1401, 1413, 1423, 1434, 1446, 1458, 1472, 1487, 1504, 1511]
[0, 1471, 1455, 1442, 1428, 1414, 1404, 1394, 1382, 1372, 1361, 1351, 1352, 1344, 1328, 1323, 1310, 1315, 1309, 1304, 1300, 1296, 1292, 0, 1287, 1286, 1286, 1285, 1285, 1286, 1287, 1291, 1297, 1300, 1302, 1306, 1309, 1310, 1312, 1314, 1315, 1320, 1321, 1326, 1336, 1345, 1353, 1358, 1365, 1378, 1389, 1400, 1414, 1422, 1431, 1445, 1454, 1466, 1481, 1498, 1507]
[0, 1465, 1448, 1437, 1425, 1413, 1401, 1390, 1380, 1371, 1361, 1352, 1349, 1342, 1332, 1327, 1310, 1321, 1317, 1313, 1310, 1296, 1292, 0, 1287, 1287, 1287, 1286, 1286, 1288, 1292, 1294, 1296, 1300, 1303, 1307, 1309, 1310, 1312, 1313, 1318, 1324, 1327, 1332, 1341, 1347, 1352, 1360, 1371, 1383, 1391, 1401, 1413, 1423, 1434, 1445, 1455, 1468, 1485, 1503, 1511]
[0, 1462, 1448, 1433, 1421, 1410, 1398, 1387, 1379, 1371, 1363, 1358, 1355, 1348, 1342, 1336, 1329, 1324, 1320, 1316, 1313, 1309, 1306, 1305, 1304, 1287, 1302, 1301, 1300, 1297, 1298, 1300, 1301, 1302, 1303, 1304, 1306, 1308, 1311, 1315, 1318, 1321, 1326, 1332, 1339, 1346, 1354, 1361, 1371, 1380, 1389, 1401, 1413, 1424, 1435, 1446, 1460, 1473, 1488, 1504, 1510]
[0, 1464, 1446, 1434, 1423, 1413, 1404, 1396, 1390, 1387, 1381, 1371, 1359, 1351, 1348, 1339, 1328, 1321, 1318, 1316, 1312, 1309, 1310, 1306, 1304, 1303, 1301, 1300, 1299, 1297, 1298, 1299, 1301, 1301, 1302, 1305, 1307, 1309, 1312, 1315, 1318, 1320, 1325, 1332, 1338, 1345, 1353, 1361, 1372, 1383, 1390, 1402, 1417, 1428, 1437, 1449, 1461, 1474, 1487, 1502, 1510]
[0, 1468, 1456, 1443, 1435, 1431, 1423, 1414, 1402, 1392, 1384, 1370, 1360, 1354, 1349, 1340, 1332, 1328, 1324, 1319, 1315, 1312, 1306, 1306, 1304, 1303, 1301, 1300, 1300, 1298, 1298, 1300, 1301, 1301, 1302, 1304, 1306, 1308, 1310, 1314, 1318, 1322, 1326, 1333, 1340, 1347, 1354, 1362, 1370, 1380, 1390, 1401, 1412, 1422, 1434, 1446, 1458, 1471, 1487, 1504, 1509]
[0, 1461, 1452, 1441, 1431, 1428, 1420, 1406, 1396, 1390, 1379, 1366, 1357, 1354, 1349, 1342, 1337, 1331, 1326, 1320, 1315, 1312, 1307, 1305, 1304, 1301, 1300, 1300, 1298, 1297, 1296, 1297, 1301, 1301, 1302, 1303, 1306, 1309, 1311, 1313, 1315, 1320, 1323, 1329, 1337, 1344, 1352, 1359, 1368, 1379, 1389, 1400, 1413, 1423, 1433, 1444, 1454, 1467, 1482, 1498, 1505]
[0, 1485, 1468, 1456, 1445, 1432, 1422, 1411, 1398, 1388, 1381, 1371, 1359, 1352, 1348, 1339, 1331, 1324, 1318, 1317, 1313, 1309, 1309, 1307, 1305, 1303, 1303, 1301, 1298, 1299, 1299, 1300, 1300, 1301, 1301, 1303, 1306, 1307, 1311, 1314, 1317, 1321, 1327, 1332, 1339, 1347, 1351, 1361, 1374, 1386, 1398, 1406, 1414, 1425, 1439, 1451, 1463, 1478, 1492, 1490, 1495]
[0, 1478, 1463, 1451, 1448, 1438, 1420, 1406, 1401, 1391, 1373, 1371, 1363, 1357, 1350, 1343, 1336, 1330, 1325, 1320, 1314, 1310, 1310, 1308, 1303, 1300, 1300, 1301, 1300, 1298, 1298, 1300, 1300, 1301, 1303, 1304, 1305, 1307, 1310, 1314, 1317, 1321, 1326, 1332, 1340, 1347, 1354, 1361, 1370, 1381, 1391, 1401, 1413, 1423, 1434, 1446, 1458, 1471, 1486, 1500, 1506]
[0, 1485, 1471, 1458, 1445, 1434, 1423, 1411, 1399, 1386, 1378, 1371, 1360, 1353, 1348, 1340, 1332, 1328, 1323, 1318, 1315, 1311, 1308, 1306, 1304, 1303, 1300, 1297, 1298, 1299, 1300, 1300, 1300, 1300, 1301, 1303, 1305, 1307, 1310, 1313, 1316, 1321, 1325, 1333, 1343, 1348, 1353, 1362, 1372, 1384, 1397, 1406, 1414, 1425, 1438, 1450, 1460, 1475, 1490, 1500, 1476]
[0, 1478, 1463, 1449, 1438, 1430, 1418, 1404, 1397, 1390, 1377, 1365, 1360, 1356, 1349, 1343, 1336, 1329, 1324, 1320, 1314, 1311, 1310, 1308, 1304, 1300, 1300, 1300, 1298, 1297, 1296, 1297, 1300, 1301, 1301, 1303, 1306, 1308, 1310, 1316, 1319, 1320, 1322, 1328, 1336, 1343, 1352, 1359, 1368, 1379, 1389, 1398, 1410, 1423, 1432, 1444, 1455, 1467, 1484, 1500, 1504]
