[0, 0, 0, 0, 0, 0, 0, 0, 0, 0, 0, 0, 0, 0, 0, 0, 0, 0, 0, 0, 0, 0, 0, 0, 0, 0, 0, 0, 0, 0, 0, 0, 0, 0, 0, 0, 0, 0, 0, 0, 0, 0, 0, 0, 0, 0, 0, 0, 0, 0, 0, 0, 0, 0, 0, 0, 0, 0, 0, 0, 0]
[0, 520, 514, 510, 508, 504, 501, 498, 495, 492, 489, 486, 484, 482, 481, 479, 478, 474, 474, 472, 471, 470, 469, 468, 469, 468, 467, 467, 468, 468, 469, 470, 470, 471, 471, 472, 474, 476, 477, 479, 481, 483, 485, 486, 489, 493, 495, 499, 502, 506, 509, 514, 518, 521, 525, 529, 539, 545, 551, 556, 561]
[0, 518, 514, 509, 506, 503, 500, 498, 495, 491, 487, 485, 483, 481, 480, 478, 476, 474, 474, 472, 470, 469, 469, 467, 466, 467, 467, 467, 468, 467, 467, 468, 469, 470, 471, 472, 473, 474, 476, 479, 481, 482, 484, 487, 489, 491, 495, 498, 501, 503, 510, 514, 519, 524, 527, 531, 536, 541, 546, 552, 557]
[0, 520, 516, 511, 508, 504, 501, 498, 495, 492, 489, 486, 484, 482, 481, 479, 477, 476, 473, 472, 471, 469, 468, 468, 466, 466, 466, 466, 467, 467, 466, 468, 469, 469, 469, 470, 472, 474, 476, 479, 481, 482, 485, 487, 489, 492, 495, 498, 502, 504, 507, 512, 519, 523, 528, 532, 538, 543, 548, 553, 558]
[0, 520, 514, 510, 508, 504, 501, 498, 495, 492, 489, 486, 484, 482, 481, 479, 477, 474, 473, 472, 471, 469, 469, 468, 467, 467, 467, 467, 467, 468, 468, 468, 469, 470, 472, 473, 472, 474, 476, 478, 480, 483, 484, 487, 489, 491, 495, 498, 501, 503, 507, 510, 519, 524, 527, 532, 537, 542, 547, 552, 557]
[0, 520, 517, 510, 508, 505, 499, 496, 492, 492, 487, 485, 483, 482, 480, 479, 477, 475, 474, 473, 471, 470, 469, 469, 467, 466, 466, 467, 467, 467, 467, 468, 468, 469, 471, 473, 472, 475, 477, 479, 481, 483, 485, 486, 488, 492, 495, 497, 501, 504, 507, 512, 516, 523, 528, 532, 538, 543, 548, 553, 557]
[0, 519, 514, 510, 508, 504, 501, 498, 495, 492, 489, 486, 484, 482, 481, 479, 476, 474, 473, 472, 471, 469, 469, 468, 469, 468, 467, 468, 468, 467, 469, 468, 470, 471, 471, 472, 474, 475, 477, 479, 480, 483, 485, 487, 489, 492, 498, 500, 503, 507, 510, 514, 519, 523, 527, 532, 537, 541, 552, 553, 563]
[0, 519, 514, 510, 507, 503, 500, 498, 494, 491, 487, 485, 483, 481, 480, 478, 476, 475, 474, 472, 470, 470, 469, 468, 467, 467, 466, 467, 467, 467, 467, 468, 468, 469, 470, 473, 474, 475, 477, 479, 481, 483, 485, 486, 488, 492, 495, 497, 500, 504, 508, 512, 520, 523, 528, 532, 538, 543, 547, 552, 558]
[0, 521, 513, 510, 507, 503, 499, 496, 494, 491, 488, 486, 483, 481, 480, 479, 477, 475, 474, 472, 471, 470, 468, 468, 466, 466, 466, 466, 467, 467, 466, 468, 469, 469, 469, 471, 473, 474, 476, 478, 481, 483, 485, 487, 489, 492, 495, 498, 502, 505, 509, 512, 516, 524, 528, 533, 539, 543, 549, 554, 559]
[0, 525, 522, 517, 513, 510, 507, 504, 501, 495, 492, 489, 487, 485, 484, 483, 482, 480, 479, 477, 475, 475, 474, 474, 468, 467, 467, 467, 468, 469, 469, 469, 469, 470, 471, 472, 473, 476, 477, 478, 480, 481, 486, 487, 491, 494, 497, 499, 502, 505, 509, 512, 516, 525, 530, 535, 539, 543, 549, 555, 559]
[0, 523, 519, 515, 512, 508, 505, 502, 499, 496, 494, 491, 488, 486, 485, 483, 482, 481, 480, 477, 476, 475, 474, 474, 474, 473, 472, 472, 473, 473, 469, 473, 475, 476, 476, 478, 479, 481, 482, 484, 485, 488, 493, 487, 498, 501, 504, 506, 509, 513, 517, 520, 524, 529, 533, 538, 542, 552, 557, 563, 569]
[0, 523, 524, 516, 512, 510, 507, 503, 500, 498, 496, 493, 491, 488, 485, 485, 484, 483, 482, 479, 478, 478, 476, 474, 474, 473, 473, 473, 473, 474, 474, 475, 475, 476, 476, 478, 479, 481, 483, 485, 487, 488, 491, 495, 497, 500, 502, 506, 509, 511, 519, 523, 527, 531, 536, 540, 545, 551, 556, 561, 566]
[0, 526, 522, 518, 514, 511, 508, 504, 501, 499, 496, 493, 491, 489, 485, 485, 484, 482, 481, 479, 479, 477, 476, 476, 475, 475, 475, 475, 476, 476, 476, 476, 476, 478, 479, 480, 482, 483, 484, 488, 491, 491, 494, 497, 500, 502, 505, 508, 512, 515, 518, 526, 531, 535, 540, 544, 549, 555, 559, 564, 570]
[0, 527, 523, 520, 515, 511, 508, 505, 501, 498, 496, 492, 489, 486, 485, 484, 483, 482, 481, 480, 479, 478, 477, 476, 476, 475, 475, 475, 476, 476, 476, 477, 478, 479, 480, 481, 483, 484, 486, 487, 489, 491, 494, 497, 498, 501, 504, 507, 514, 517, 521, 525, 529, 534, 538, 542, 546, 552, 557, 568, 575]
[0, 527, 523, 519, 516, 512, 509, 505, 501, 497, 496, 492, 489, 489, 485, 484, 483, 482, 481, 480, 479, 478, 477, 476, 476, 476, 475, 476, 476, 476, 477, 477, 478, 479, 480, 481, 482, 483, 485, 486, 488, 490, 495, 498, 500, 504, 507, 510, 512, 516, 520, 524, 527, 534, 541, 546, 550, 555, 560, 565, 572]
[0, 528, 524, 522, 518, 514, 510, 507, 505, 502, 499, 497, 495, 492, 488, 487, 486, 484, 482, 481, 481, 481, 480, 479, 476, 476, 476, 476, 476, 476, 477, 477, 478, 479, 480, 481, 482, 484, 485, 487, 488, 490, 496, 498, 500, 503, 507, 510, 512, 516, 520, 524, 527, 532, 537, 546, 551, 555, 561, 566, 572]
[0, 530, 523, 519, 516, 513, 509, 506, 503, 501, 498, 496, 493, 491, 489, 487, 485, 485, 484, 483, 482, 481, 480, 479, 479, 478, 478, 478, 479, 479, 480, 480, 481, 482, 483, 484, 485, 487, 488, 492, 488, 496, 498, 501, 504, 507, 510, 513, 517, 520, 523, 527, 531, 540, 545, 549, 554, 560, 564, 570, 576]
[0, 528, 524, 521, 518, 514, 510, 507, 504, 502, 499, 497, 495, 490, 488, 487, 486, 484, 483, 482, 481, 481, 480, 479, 479, 478, 478, 478, 478, 479, 479, 480, 480, 481, 483, 484, 485, 487, 489, 491, 493, 495, 497, 500, 503, 505, 508, 514, 517, 521, 524, 528, 532, 538, 542, 552, 556, 561, 566, 572, 578]
[0, 529, 525, 521, 518, 514, 511, 508, 505, 502, 500, 498, 496, 493, 488, 487, 486, 485, 484, 484, 482, 482, 481, 479, 479, 478, 478, 478, 479, 479, 479, 481, 481, 482, 483, 484, 485, 487, 489, 491, 493, 495, 497, 499, 505, 508, 511, 514, 517, 520, 524, 529, 533, 538, 546, 551, 556, 561, 566, 571, 578]
[0, 532, 528, 520, 516, 513, 511, 507, 504, 501, 498, 496, 494, 493, 490, 487, 486, 486, 484, 483, 482, 481, 481, 479, 480, 480, 480, 479, 479, 481, 481, 481, 481, 483, 484, 485, 485, 487, 489, 493, 494, 496, 498, 503, 505, 508, 511, 514, 518, 522, 525, 529, 533, 537, 546, 551, 556, 562, 567, 572, 578]
[0, 531, 527, 523, 520, 516, 510, 507, 504, 501, 499, 497, 496, 494, 492, 487, 486, 485, 484, 483, 483, 482, 481, 481, 480, 480, 480, 480, 480, 481, 480, 481, 482, 482, 484, 485, 486, 489, 491, 493, 495, 497, 500, 502, 503, 506, 510, 516, 520, 523, 527, 531, 536, 540, 545, 549, 554, 559, 569, 576, 581]
[0, 527, 523, 520, 517, 514, 512, 507, 504, 501, 499, 497, 493, 491, 489, 488, 487, 486, 485, 483, 482, 482, 481, 480, 480, 480, 480, 479, 479, 481, 481, 481, 482, 483, 483, 484, 485, 487, 488, 490, 495, 498, 500, 501, 507, 509, 511, 514, 518, 521, 529, 533, 536, 539, 544, 550, 558, 563, 568, 573, 578]
[0, 533, 530, 526, 524, 521, 515, 512, 510, 507, 505, 501, 499, 498, 497, 495, 492, 491, 490, 488, 488, 487, 486, 486, 480, 480, 479, 478, 480, 481, 481, 481, 482, 483, 484, 485, 487, 489, 491, 493, 494, 497, 500, 502, 504, 509, 511, 513, 520, 523, 526, 531, 538, 541, 546, 551, 555, 563, 569, 574, 579]
[0, 534, 530, 527, 524, 521, 515, 513, 511, 509, 506, 501, 499, 498, 496, 494, 493, 491, 490, 488, 487, 487, 486, 485, 485, 485, 485, 485, 485, 485, 486, 487, 487, 488, 490, 491, 493, 494, 497, 499, 501, 503, 507, 509, 511, 517, 511, 523, 525, 532, 536, 539, 542, 547, 554, 558, 563, 568, 578, 584, 589]
[0, 539, 535, 532, 526, 523, 520, 517, 512, 510, 508, 506, 503, 501, 499, 497, 496, 495, 493, 492, 491, 490, 490, 489, 485, 485, 485, 485, 485, 486, 486, 487, 487, 488, 489, 493, 493, 495, 497, 498, 502, 504, 507, 511, 512, 515, 518, 521, 526, 530, 533, 536, 543, 547, 553, 560, 565, 569, 574, 585, 591]
[0, 539, 535, 532, 526, 523, 520, 518, 512, 510, 508, 506, 503, 501, 499, 497, 496, 495, 495, 492, 491, 490, 490, 489, 488, 488, 488, 488, 489, 489, 489, 490, 492, 493, 494, 495, 498, 499, 501, 502, 507, 509, 510, 512, 514, 517, 523, 526, 528, 536, 540, 543, 547, 555, 559, 563, 567, 572, 583, 588, 593]
[0, 546, 540, 537, 535, 531, 527, 523, 521, 519, 516, 513, 509, 508, 507, 505, 502, 501, 501, 500, 498, 498, 497, 497, 489, 488, 488, 488, 489, 489, 489, 490, 492, 493, 493, 494, 498, 499, 500, 502, 504, 508, 510, 514, 516, 519, 522, 525, 528, 535, 538, 541, 549, 553, 557, 561, 566, 575, 581, 586, 596]
[0, 546, 542, 539, 533, 531, 528, 525, 523, 518, 515, 513, 511, 507, 506, 504, 503, 502, 501, 500, 499, 498, 498, 497, 497, 496, 496, 488, 0, 476, 484, 493, 499, 500, 501, 504, 505, 506, 510, 511, 512, 514, 517, 521, 524, 527, 533, 536, 539, 542, 548, 552, 556, 560, 564, 573, 578, 583, 593, 598, 603]
[0, 550, 546, 544, 537, 535, 532, 528, 524, 522, 520, 517, 515, 511, 510, 509, 508, 505, 504, 504, 504, 502, 501, 501, 497, 497, 496, 0, 477, 477, 479, 0, 499, 500, 501, 503, 505, 506, 508, 511, 513, 515, 517, 521, 524, 526, 530, 536, 539, 542, 545, 552, 556, 559, 568, 573, 578, 583, 592, 598, 603]
[0, 553, 550, 543, 540, 538, 535, 529, 527, 525, 523, 521, 517, 515, 513, 512, 509, 508, 507, 507, 507, 504, 504, 503, 500, 500, 501, 0, 0, 476, 481, 0, 0, 505, 506, 508, 509, 511, 513, 515, 517, 519, 523, 526, 528, 534, 537, 539, 542, 549, 553, 556, 560, 567, 572, 577, 587, 591, 595, 601, 611]
[0, 552, 549, 545, 542, 536, 534, 532, 529, 524, 522, 520, 519, 516, 513, 512, 510, 509, 507, 506, 505, 505, 504, 503, 504, 503, 501, 0, 474, 475, 477, 0, 0, 507, 508, 509, 511, 512, 514, 518, 520, 522, 524, 526, 532, 534, 537, 542, 546, 549, 552, 559, 563, 567, 575, 580, 586, 591, 599, 605, 609]
[0, 557, 552, 547, 544, 541, 538, 533, 531, 529, 526, 524, 520, 519, 517, 514, 510, 511, 510, 510, 508, 507, 507, 507, 503, 505, 501, 0, 475, 474, 476, 481, 0, 509, 509, 510, 512, 513, 517, 518, 519, 524, 527, 529, 532, 537, 540, 542, 549, 553, 556, 560, 564, 571, 577, 581, 591, 595, 600, 604, 615]
[0, 556, 552, 550, 543, 541, 538, 535, 531, 528, 526, 523, 520, 518, 516, 515, 513, 511, 510, 510, 508, 507, 507, 507, 506, 509, 501, 0, 472, 472, 477, 0, 0, 510, 511, 512, 515, 516, 518, 519, 524, 526, 528, 530, 536, 538, 541, 544, 550, 554, 557, 560, 567, 572, 581, 586, 592, 595, 599, 610, 615]
[0, 565, 562, 556, 553, 550, 547, 545, 540, 538, 535, 532, 529, 527, 526, 525, 524, 521, 520, 519, 518, 517, 516, 515, 506, 509, 501, 0, 472, 472, 477, 0, 0, 510, 511, 512, 515, 517, 518, 519, 524, 526, 528, 532, 535, 538, 541, 547, 550, 553, 559, 563, 567, 576, 581, 586, 590, 594, 604, 609, 614]
[0, 567, 560, 558, 555, 551, 547, 544, 541, 537, 535, 532, 530, 528, 525, 524, 523, 522, 520, 519, 518, 517, 516, 515, 515, 516, 501, 474, 471, 470, 476, 0, 0, 0, 521, 522, 525, 527, 528, 529, 534, 536, 538, 540, 545, 547, 550, 554, 559, 563, 566, 574, 579, 583, 587, 595, 600, 605, 614, 619, 626]
[0, 574, 570, 567, 563, 558, 556, 553, 550, 546, 544, 542, 537, 537, 536, 534, 530, 529, 527, 527, 526, 525, 525, 524, 515, 516, 0, 474, 471, 474, 476, 0, 0, 0, 521, 522, 524, 526, 527, 531, 533, 535, 537, 542, 544, 549, 553, 556, 559, 564, 568, 572, 577, 585, 590, 594, 602, 607, 613, 617, 627]
[0, 575, 571, 567, 561, 559, 556, 554, 548, 546, 544, 542, 537, 536, 535, 534, 532, 529, 528, 527, 527, 525, 525, 524, 525, 516, 0, 474, 471, 471, 473, 476, 0, 0, 531, 532, 533, 534, 537, 539, 541, 543, 547, 549, 552, 558, 561, 564, 569, 573, 577, 585, 589, 593, 601, 606, 610, 615, 624, 630, 643]
[0, 582, 579, 576, 568, 565, 562, 560, 558, 554, 552, 550, 546, 544, 543, 541, 540, 538, 536, 535, 533, 533, 534, 533, 525, 516, 0, 474, 471, 470, 473, 476, 0, 0, 0, 532, 533, 534, 535, 539, 541, 544, 548, 549, 553, 559, 562, 565, 567, 575, 580, 584, 591, 595, 600, 609, 613, 617, 629, 634, 641]
[0, 588, 584, 581, 578, 575, 571, 565, 562, 560, 558, 554, 552, 550, 548, 547, 545, 543, 542, 541, 540, 539, 539, 533, 533, 516, 0, 471, 469, 470, 473, 477, 483, 0, 0, 540, 540, 543, 544, 546, 551, 553, 555, 560, 563, 565, 568, 575, 579, 583, 587, 594, 598, 602, 606, 615, 620, 625, 637, 644, 649]
[0, 592, 584, 581, 578, 575, 567, 565, 562, 560, 558, 554, 552, 550, 548, 547, 544, 543, 542, 541, 540, 539, 538, 538, 541, 516, 0, 473, 469, 470, 472, 477, 479, 0, 0, 545, 546, 548, 550, 552, 554, 559, 561, 563, 566, 569, 576, 579, 583, 588, 595, 599, 603, 607, 616, 620, 625, 632, 644, 649, 655]
[0, 595, 589, 585, 582, 579, 576, 570, 567, 565, 563, 561, 557, 555, 553, 552, 548, 547, 546, 545, 544, 543, 543, 543, 538, 516, 0, 471, 469, 470, 471, 480, 479, 0, 545, 546, 547, 548, 550, 553, 555, 558, 560, 564, 568, 571, 576, 580, 585, 588, 592, 600, 604, 608, 612, 622, 627, 633, 639, 650, 656]
[0, 595, 588, 585, 582, 579, 575, 570, 567, 564, 562, 561, 557, 555, 553, 551, 549, 547, 546, 545, 544, 543, 543, 543, 543, 516, 0, 469, 467, 468, 470, 475, 479, 0, 0, 550, 550, 554, 555, 557, 559, 563, 565, 567, 570, 577, 580, 584, 590, 594, 597, 601, 609, 614, 618, 623, 634, 640, 645, 655, 661]
[0, 593, 591, 587, 583, 576, 573, 571, 568, 564, 561, 559, 557, 555, 552, 551, 550, 548, 546, 545, 544, 544, 544, 543, 543, 516, 0, 469, 467, 468, 470, 475, 479, 0, 0, 550, 550, 554, 555, 557, 559, 563, 565, 567, 570, 577, 580, 584, 590, 594, 597, 605, 609, 614, 618, 628, 634, 640, 645, 655, 661]
[0, 612, 607, 0, 0, 596, 587, 584, 582, 578, 577, 575, 571, 569, 552, 567, 563, 562, 560, 559, 558, 559, 555, 555, 543, 516, 0, 0, 469, 469, 470, 476, 479, 0, 0, 550, 551, 553, 555, 557, 560, 562, 564, 569, 572, 575, 578, 585, 589, 592, 599, 603, 608, 612, 621, 626, 630, 642, 648, 652, 664]
[0, 610, 604, 601, 597, 592, 585, 584, 580, 578, 576, 573, 572, 567, 565, 565, 563, 561, 560, 559, 559, 559, 557, 558, 557, 516, 0, 469, 467, 466, 467, 473, 477, 0, 0, 563, 563, 565, 567, 571, 574, 576, 580, 584, 572, 575, 588, 598, 601, 592, 0, 0, 624, 629, 639, 642, 645, 654, 664, 668, 675]
[0, 609, 604, 598, 595, 587, 585, 584, 582, 578, 576, 573, 569, 568, 564, 564, 563, 563, 561, 561, 560, 559, 559, 559, 557, 0, 474, 468, 467, 466, 468, 472, 476, 0, 0, 564, 564, 569, 572, 572, 574, 576, 579, 585, 587, 591, 594, 599, 605, 609, 613, 623, 625, 634, 639, 644, 647, 656, 662, 677, 681]
[0, 612, 608, 600, 0, 590, 584, 584, 584, 579, 578, 572, 571, 571, 565, 565, 563, 562, 560, 560, 558, 559, 557, 558, 557, 0, 0, 469, 466, 465, 470, 474, 479, 0, 0, 563, 567, 568, 569, 571, 576, 577, 583, 585, 587, 591, 596, 600, 610, 609, 609, 618, 628, 632, 639, 644, 651, 655, 667, 674, 683]
[0, 606, 601, 602, 595, 587, 585, 584, 581, 581, 574, 573, 570, 567, 564, 564, 562, 562, 560, 560, 559, 559, 559, 558, 558, 0, 474, 472, 467, 466, 468, 472, 476, 0, 0, 563, 565, 566, 569, 572, 577, 578, 581, 585, 587, 591, 599, 600, 603, 610, 0, 618, 627, 632, 637, 644, 650, 657, 662, 674, 683]
[0, 612, 601, 598, 595, 589, 585, 584, 581, 579, 577, 572, 571, 568, 565, 564, 563, 563, 561, 559, 558, 558, 557, 557, 557, 0, 474, 471, 467, 466, 469, 472, 476, 0, 0, 566, 567, 567, 569, 572, 577, 580, 582, 582, 586, 591, 593, 598, 609, 610, 613, 618, 629, 636, 640, 641, 651, 658, 664, 675, 681]
[0, 612, 614, 609, 602, 597, 592, 589, 581, 585, 584, 580, 578, 574, 574, 570, 569, 566, 567, 565, 565, 563, 562, 562, 557, 0, 473, 470, 467, 468, 469, 475, 480, 0, 0, 563, 567, 568, 570, 571, 576, 578, 582, 584, 586, 590, 594, 602, 604, 611, 615, 623, 627, 633, 636, 644, 650, 657, 669, 674, 679]
[0, 623, 614, 616, 610, 608, 602, 598, 595, 592, 588, 586, 584, 583, 579, 578, 578, 574, 574, 575, 574, 574, 570, 570, 557, 0, 473, 469, 466, 465, 470, 473, 484, 0, 568, 572, 572, 574, 578, 579, 581, 582, 586, 589, 592, 597, 606, 608, 609, 611, 625, 629, 634, 637, 646, 0, 654, 662, 673, 679, 687]
[0, 625, 0, 619, 612, 607, 601, 597, 597, 593, 588, 589, 580, 578, 580, 580, 579, 575, 574, 575, 574, 574, 573, 572, 570, 483, 476, 468, 465, 465, 468, 474, 481, 0, 0, 578, 582, 583, 586, 588, 588, 582, 597, 600, 601, 605, 613, 617, 609, 626, 632, 638, 644, 647, 659, 663, 670, 673, 678, 688, 701]
[0, 624, 0, 619, 612, 606, 603, 601, 598, 593, 590, 585, 580, 580, 582, 577, 577, 576, 574, 572, 573, 572, 574, 574, 571, 0, 474, 471, 465, 465, 468, 475, 481, 0, 577, 578, 581, 581, 585, 586, 589, 582, 594, 600, 605, 608, 613, 619, 609, 631, 633, 639, 644, 646, 0, 665, 666, 676, 681, 694, 700]
[0, 626, 0, 621, 612, 605, 603, 601, 595, 593, 589, 586, 585, 581, 581, 579, 578, 576, 575, 574, 575, 574, 573, 573, 573, 483, 476, 470, 465, 465, 466, 475, 479, 0, 0, 578, 581, 583, 585, 588, 590, 594, 597, 599, 604, 610, 613, 615, 0, 629, 633, 638, 640, 644, 0, 656, 670, 675, 680, 688, 703]
[0, 653, 650, 645, 642, 634, 631, 629, 624, 622, 617, 615, 611, 609, 607, 606, 605, 603, 602, 601, 599, 600, 600, 598, 0, 483, 476, 466, 464, 466, 466, 472, 477, 0, 0, 579, 581, 584, 586, 588, 588, 592, 596, 601, 603, 610, 613, 615, 618, 627, 635, 639, 646, 0, 657, 656, 670, 675, 680, 696, 700]
[0, 671, 665, 661, 657, 654, 650, 646, 644, 641, 638, 632, 630, 628, 626, 624, 622, 621, 620, 619, 617, 617, 616, 598, 0, 481, 473, 465, 464, 464, 467, 469, 481, 0, 606, 608, 611, 613, 615, 620, 622, 625, 627, 633, 636, 643, 645, 649, 656, 660, 668, 672, 681, 685, 697, 701, 707, 717, 724, 737, 744]
[0, 675, 671, 667, 664, 660, 653, 650, 649, 646, 643, 641, 636, 634, 632, 630, 629, 629, 625, 624, 624, 623, 622, 622, 0, 0, 470, 466, 463, 462, 465, 468, 474, 0, 606, 625, 627, 629, 632, 634, 641, 643, 645, 649, 655, 658, 662, 666, 674, 679, 683, 688, 699, 705, 710, 714, 719, 733, 741, 748, 755]
[0, 675, 671, 667, 664, 660, 656, 650, 649, 646, 644, 641, 639, 633, 632, 630, 630, 628, 626, 624, 624, 623, 622, 621, 0, 0, 474, 468, 464, 462, 463, 466, 479, 0, 630, 632, 633, 636, 643, 644, 646, 649, 651, 657, 661, 664, 668, 672, 676, 685, 690, 696, 701, 711, 716, 723, 729, 735, 751, 757, 764]
[0, 689, 685, 680, 677, 670, 667, 664, 661, 658, 655, 652, 649, 647, 645, 643, 641, 639, 637, 637, 636, 633, 633, 621, 621, 0, 474, 468, 462, 462, 463, 466, 471, 480, 630, 632, 634, 637, 640, 644, 646, 649, 651, 654, 660, 664, 668, 672, 676, 685, 690, 696, 701, 711, 716, 722, 729, 735, 750, 757, 764]
[0, 691, 686, 678, 675, 670, 666, 664, 658, 656, 654, 652, 650, 648, 645, 644, 642, 641, 639, 636, 635, 634, 633, 633, 621, 0, 468, 465, 462, 461, 462, 468, 476, 0, 640, 644, 647, 650, 653, 655, 657, 659, 666, 669, 673, 677, 679, 688, 692, 698, 703, 708, 718, 723, 729, 735, 741, 755, 762, 769, 777]
[0, 706, 702, 698, 695, 691, 687, 682, 677, 675, 672, 670, 667, 665, 662, 661, 658, 657, 655, 654, 653, 653, 652, 633, 621, 0, 470, 465, 462, 461, 463, 468, 473, 0, 0, 645, 647, 649, 651, 653, 659, 662, 665, 668, 671, 674, 682, 685, 690, 696, 706, 710, 715, 719, 725, 739, 744, 751, 760, 767, 781]
[0, 708, 703, 699, 695, 690, 682, 679, 677, 675, 672, 670, 667, 665, 662, 660, 658, 656, 655, 655, 654, 653, 652, 651, 621, 0, 475, 463, 461, 461, 461, 463, 476, 0, 0, 662, 664, 666, 672, 674, 677, 680, 683, 686, 695, 699, 703, 707, 715, 720, 726, 731, 737, 743, 749, 762, 767, 774, 783, 797, 807]
[0, 711, 706, 699, 695, 692, 687, 684, 680, 676, 673, 670, 669, 667, 664, 663, 662, 659, 657, 656, 655, 655, 655, 654, 621, 0, 473, 466, 461, 461, 462, 465, 476, 0, 0, 663, 666, 668, 671, 673, 675, 682, 685, 689, 693, 697, 705, 709, 713, 718, 724, 730, 734, 746, 753, 760, 766, 772, 789, 798, 806]
[0, 715, 711, 703, 700, 696, 692, 688, 685, 681, 677, 674, 672, 670, 669, 667, 666, 662, 661, 660, 658, 658, 657, 658, 621, 0, 471, 465, 462, 460, 462, 465, 471, 0, 0, 667, 669, 672, 674, 677, 683, 685, 690, 694, 697, 701, 704, 713, 719, 723, 729, 734, 739, 752, 759, 765, 771, 786, 795, 803, 811]
[0, 720, 716, 712, 709, 705, 702, 695, 692, 690, 686, 682, 680, 677, 676, 675, 673, 671, 669, 667, 666, 665, 665, 659, 621, 0, 471, 465, 462, 460, 462, 465, 471, 0, 0, 669, 672, 673, 675, 677, 680, 687, 690, 694, 698, 703, 709, 713, 718, 723, 729, 734, 746, 753, 759, 766, 772, 786, 794, 803, 811]
[0, 722, 715, 712, 708, 704, 701, 697, 693, 688, 685, 682, 680, 678, 677, 674, 672, 670, 669, 668, 667, 666, 665, 665, 621, 0, 467, 463, 460, 460, 461, 467, 474, 0, 0, 677, 678, 682, 685, 689, 692, 696, 699, 707, 710, 713, 717, 720, 731, 735, 741, 747, 752, 759, 770, 776, 784, 792, 800, 816, 824]
[0, 747, 739, 735, 731, 727, 722, 718, 714, 711, 710, 709, 706, 704, 698, 696, 695, 693, 692, 691, 688, 687, 686, 665, 621, 0, 471, 465, 462, 459, 462, 465, 474, 0, 674, 677, 679, 681, 684, 687, 694, 698, 701, 704, 707, 714, 718, 723, 728, 733, 737, 749, 755, 761, 768, 780, 786, 793, 801, 809, 827]
[0, 751, 747, 739, 735, 732, 729, 725, 721, 718, 716, 711, 708, 705, 704, 701, 699, 698, 697, 695, 694, 694, 692, 687, 0, 0, 468, 463, 460, 458, 458, 461, 470, 0, 0, 702, 704, 707, 710, 712, 715, 722, 725, 728, 732, 736, 745, 750, 755, 759, 765, 776, 782, 788, 795, 808, 814, 823, 829, 836, 846]
[0, 750, 745, 742, 735, 731, 727, 724, 722, 718, 716, 713, 710, 705, 704, 701, 699, 698, 696, 695, 694, 693, 692, 692, 0, 0, 467, 462, 459, 458, 459, 464, 470, 0, 704, 706, 708, 711, 716, 718, 721, 725, 728, 735, 738, 743, 749, 758, 763, 767, 772, 778, 791, 797, 803, 809, 816, 829, 835, 845, 857]
[0, 754, 744, 740, 737, 734, 727, 725, 721, 719, 717, 711, 709, 707, 705, 703, 700, 699, 698, 697, 696, 694, 694, 696, 0, 0, 469, 464, 460, 459, 460, 463, 467, 475, 0, 705, 707, 711, 714, 717, 720, 726, 729, 733, 737, 741, 751, 755, 760, 765, 774, 780, 785, 792, 805, 811, 817, 830, 837, 845, 854]
[0, 748, 744, 740, 736, 734, 727, 724, 721, 719, 717, 711, 709, 707, 705, 702, 699, 699, 698, 697, 696, 694, 694, 694, 0, 0, 472, 466, 459, 458, 459, 465, 470, 475, 0, 708, 711, 713, 714, 718, 721, 725, 729, 736, 739, 743, 749, 753, 763, 767, 772, 783, 790, 797, 803, 808, 822, 828, 835, 843, 863]
[0, 769, 764, 760, 756, 748, 744, 741, 737, 734, 731, 729, 727, 725, 720, 718, 716, 715, 714, 713, 712, 711, 711, 694, 0, 0, 472, 466, 459, 457, 458, 461, 470, 475, 704, 707, 709, 711, 714, 718, 721, 725, 729, 732, 739, 743, 749, 758, 763, 767, 772, 778, 790, 797, 803, 809, 822, 829, 835, 844, 865]
[0, 793, 787, 783, 780, 775, 767, 764, 761, 757, 753, 751, 749, 747, 745, 740, 716, 737, 735, 734, 734, 733, 732, 713, 0, 0, 468, 462, 459, 458, 458, 464, 470, 475, 0, 722, 725, 731, 734, 737, 740, 744, 749, 752, 761, 765, 770, 776, 781, 786, 791, 804, 810, 817, 824, 830, 836, 844, 864, 871, 879]
[0, 790, 787, 782, 778, 773, 769, 765, 762, 756, 753, 750, 747, 744, 743, 741, 738, 736, 735, 734, 733, 732, 732, 732, 0, 0, 465, 462, 460, 456, 457, 460, 470, 475, 0, 749, 751, 754, 757, 761, 764, 767, 775, 780, 784, 787, 793, 799, 805, 811, 823, 828, 833, 840, 849, 857, 864, 871, 887, 896, 906]
[0, 805, 799, 791, 787, 783, 778, 775, 771, 768, 765, 759, 758, 756, 754, 752, 750, 749, 747, 744, 745, 744, 743, 732, 0, 0, 471, 463, 459, 456, 457, 463, 468, 475, 0, 749, 752, 755, 758, 762, 765, 768, 771, 775, 786, 790, 795, 802, 807, 813, 818, 823, 833, 840, 849, 857, 864, 872, 879, 897, 907]
[0, 804, 795, 790, 787, 783, 778, 775, 771, 768, 765, 759, 758, 756, 754, 752, 750, 749, 747, 745, 744, 744, 743, 742, 0, 0, 468, 461, 458, 457, 456, 462, 469, 475, 0, 759, 764, 767, 769, 772, 777, 780, 784, 788, 797, 802, 807, 813, 818, 823, 830, 840, 846, 855, 863, 869, 875, 883, 900, 911, 921]
[0, 813, 803, 798, 795, 791, 788, 784, 776, 773, 771, 768, 766, 765, 763, 758, 756, 755, 754, 753, 752, 751, 751, 742, 0, 0, 468, 461, 457, 457, 456, 459, 469, 475, 0, 759, 762, 766, 769, 772, 777, 780, 783, 788, 797, 801, 807, 813, 818, 823, 835, 840, 846, 854, 863, 869, 875, 883, 900, 911, 921]
[0, 808, 803, 799, 796, 793, 788, 781, 778, 775, 773, 770, 767, 764, 762, 760, 759, 757, 755, 753, 752, 752, 752, 751, 0, 0, 468, 462, 458, 457, 458, 461, 469, 475, 0, 767, 769, 772, 775, 778, 785, 789, 794, 798, 806, 811, 816, 821, 826, 831, 843, 849, 856, 863, 869, 876, 888, 897, 906, 915, 925]
[0, 830, 826, 822, 817, 809, 806, 803, 799, 795, 793, 787, 785, 782, 780, 778, 776, 773, 772, 770, 770, 770, 770, 753, 0, 0, 472, 465, 457, 456, 457, 460, 469, 475, 0, 768, 771, 774, 777, 780, 787, 791, 795, 798, 802, 811, 816, 822, 827, 832, 843, 850, 857, 863, 869, 883, 891, 897, 906, 916, 936]
[0, 830, 826, 821, 812, 809, 806, 802, 799, 792, 789, 788, 785, 783, 781, 777, 776, 775, 772, 771, 770, 769, 769, 769, 0, 474, 465, 459, 457, 456, 456, 457, 467, 475, 0, 788, 792, 795, 797, 804, 808, 811, 815, 820, 827, 831, 834, 840, 847, 853, 867, 871, 877, 884, 889, 905, 912, 921, 931, 939, 959]
[0, 846, 841, 837, 835, 827, 824, 821, 817, 814, 812, 809, 804, 802, 800, 798, 796, 796, 794, 793, 791, 791, 790, 770, 0, 0, 467, 461, 458, 456, 456, 460, 465, 474, 0, 788, 791, 796, 800, 804, 806, 809, 818, 821, 826, 829, 833, 838, 851, 859, 865, 869, 880, 886, 892, 901, 909, 918, 937, 945, 956]
[0, 849, 844, 839, 832, 829, 826, 822, 819, 812, 810, 808, 806, 804, 801, 800, 795, 794, 794, 793, 792, 792, 790, 790, 0, 0, 470, 458, 456, 455, 456, 459, 471, 474, 0, 808, 815, 818, 821, 824, 828, 831, 836, 841, 846, 850, 856, 868, 873, 878, 884, 891, 895, 910, 919, 928, 937, 943, 961, 973, 986]
[0, 848, 843, 838, 832, 828, 825, 821, 819, 816, 810, 808, 806, 803, 801, 799, 795, 794, 794, 793, 792, 792, 790, 790, 0, 0, 464, 459, 456, 456, 456, 457, 467, 474, 0, 811, 813, 816, 819, 825, 828, 831, 834, 839, 843, 853, 859, 864, 869, 880, 887, 893, 899, 905, 912, 930, 938, 947, 954, 964, 989]
[0, 859, 854, 849, 838, 836, 834, 830, 827, 824, 822, 816, 815, 813, 810, 809, 808, 807, 804, 803, 802, 801, 800, 794, 0, 0, 465, 460, 457, 456, 457, 460, 467, 474, 0, 810, 813, 819, 822, 825, 828, 830, 835, 842, 846, 851, 858, 863, 874, 880, 885, 890, 895, 910, 919, 928, 936, 945, 961, 973, 985]
[0, 866, 863, 860, 856, 848, 843, 839, 836, 833, 831, 828, 826, 825, 823, 821, 820, 817, 817, 815, 815, 815, 813, 800, 0, 0, 470, 462, 458, 455, 456, 457, 462, 471, 0, 819, 825, 827, 830, 832, 836, 840, 848, 854, 858, 863, 868, 872, 876, 887, 893, 900, 908, 916, 932, 939, 948, 958, 968, 978, 1001]
[0, 876, 872, 870, 862, 859, 855, 852, 848, 843, 837, 836, 834, 832, 830, 829, 826, 825, 824, 824, 823, 822, 813, 812, 0, 0, 470, 462, 456, 455, 456, 457, 461, 467, 0, 0, 836, 839, 841, 843, 847, 852, 861, 865, 873, 877, 882, 886, 891, 903, 910, 919, 927, 934, 949, 955, 963, 974, 997, 1008, 1019]
[0, 921, 917, 912, 907, 900, 896, 892, 889, 887, 883, 881, 879, 877, 875, 873, 872, 871, 870, 869, 868, 869, 868, 826, 0, 0, 465, 459, 456, 455, 457, 459, 466, 475, 0, 838, 841, 850, 853, 857, 860, 864, 871, 875, 879, 883, 887, 893, 904, 911, 918, 926, 934, 947, 955, 963, 973, 984, 1004, 1014, 1024]
[0, 921, 917, 912, 907, 902, 896, 892, 889, 887, 882, 880, 879, 877, 875, 873, 871, 871, 870, 869, 868, 868, 867, 867, 0, 0, 466, 460, 456, 454, 455, 457, 461, 467, 0, 885, 887, 890, 897, 901, 905, 910, 914, 923, 929, 935, 938, 943, 956, 962, 971, 979, 987, 1002, 1009, 1018, 1027, 1046, 1057, 1069, 1079]
[0, 921, 917, 912, 903, 900, 896, 892, 889, 887, 882, 880, 879, 877, 875, 873, 871, 871, 870, 868, 868, 868, 867, 867, 0, 0, 466, 459, 455, 454, 455, 457, 462, 469, 0, 884, 887, 890, 894, 901, 905, 910, 914, 917, 929, 934, 938, 944, 950, 962, 970, 980, 987, 1002, 1010, 1018, 1028, 1047, 1057, 1069, 1079]
[0, 920, 917, 912, 906, 902, 896, 893, 890, 888, 884, 880, 879, 877, 875, 872, 871, 870, 870, 870, 869, 870, 867, 867, 0, 0, 466, 459, 456, 454, 455, 457, 462, 469, 0, 884, 887, 891, 895, 897, 905, 910, 914, 918, 930, 934, 938, 944, 950, 962, 971, 981, 987, 1003, 1011, 1019, 1029, 1040, 1060, 1071, 1080]
[0, 952, 948, 945, 940, 937, 934, 925, 922, 920, 916, 913, 911, 909, 908, 904, 903, 902, 900, 898, 897, 897, 897, 873, 0, 0, 465, 459, 455, 454, 454, 457, 462, 470, 0, 886, 889, 892, 895, 898, 907, 910, 916, 920, 930, 934, 939, 944, 950, 963, 971, 980, 987, 1002, 1011, 1019, 1029, 1047, 1058, 1069, 1080]
[0, 953, 949, 944, 940, 934, 930, 927, 923, 920, 917, 913, 910, 908, 906, 904, 902, 901, 900, 900, 899, 897, 897, 897, 0, 0, 465, 459, 455, 454, 455, 457, 462, 470, 0, 0, 924, 928, 932, 935, 939, 947, 952, 956, 961, 968, 982, 988, 993, 1000, 1006, 1015, 1032, 1041, 1049, 1060, 1070, 1088, 1100, 1112, 1124]
[0, 951, 948, 945, 940, 937, 929, 925, 922, 920, 918, 912, 910, 909, 907, 903, 902, 902, 901, 899, 897, 897, 897, 897, 0, 0, 462, 457, 455, 454, 454, 456, 464, 473, 0, 921, 923, 929, 934, 936, 939, 947, 951, 955, 961, 968, 982, 988, 994, 999, 1006, 1021, 1030, 1038, 1048, 1057, 1077, 1086, 1096, 1106, 1133]
[0, 1009, 1000, 996, 991, 987, 980, 975, 970, 968, 965, 960, 958, 956, 955, 952, 951, 950, 949, 949, 948, 947, 946, 897, 0, 0, 467, 460, 454, 454, 454, 456, 459, 473, 0, 921, 924, 928, 932, 936, 943, 947, 952, 955, 966, 972, 978, 984, 992, 1003, 1010, 1019, 1027, 1043, 1052, 1063, 1071, 1088, 1100, 1113, 1124]
[0, 1005, 1001, 997, 993, 984, 981, 977, 972, 969, 963, 961, 958, 957, 954, 953, 953, 952, 949, 949, 948, 947, 947, 945, 0, 0, 466, 459, 454, 454, 454, 455, 458, 465, 0, 0, 979, 983, 988, 992, 1000, 1005, 1008, 1013, 1024, 1029, 1036, 1042, 1055, 1064, 1072, 1080, 1098, 1107, 1116, 1125, 1147, 1157, 1166, 1177, 1201]
[0, 1022, 1016, 1011, 1007, 1004, 996, 993, 991, 988, 985, 980, 977, 975, 973, 972, 971, 967, 967, 966, 964, 963, 963, 946, 0, 0, 467, 456, 453, 453, 454, 456, 464, 473, 0, 975, 979, 982, 985, 994, 999, 1004, 1007, 1011, 1023, 1028, 1034, 1046, 1054, 1061, 1069, 1078, 1094, 1102, 1112, 1134, 1145, 1155, 1165, 1188, 1199]
[0, 1036, 1032, 1022, 1018, 1013, 1009, 1005, 1002, 999, 997, 994, 992, 988, 986, 984, 982, 981, 981, 979, 978, 979, 979, 946, 0, 470, 467, 461, 454, 453, 454, 458, 464, 474, 0, 0, 997, 1000, 1005, 1009, 1013, 1024, 1028, 1033, 1039, 1044, 1059, 1065, 1073, 1081, 1088, 1106, 1117, 1125, 1133, 1144, 1166, 1175, 1185, 1196, 1223]
[0, 1035, 1028, 1023, 1018, 1013, 1009, 1002, 1000, 998, 996, 993, 990, 988, 986, 983, 982, 983, 981, 979, 977, 977, 978, 977, 0, 0, 464, 459, 455, 454, 455, 457, 462, 468, 0, 1003, 1008, 1012, 1017, 1025, 1028, 1032, 1038, 1043, 1055, 1062, 1068, 1075, 1081, 1098, 1109, 1117, 1126, 1145, 1155, 1164, 1173, 1185, 1205, 1217, 1232]
[0, 1035, 1029, 1023, 1017, 1013, 1008, 1003, 1002, 1000, 996, 994, 992, 990, 987, 986, 984, 984, 982, 980, 980, 978, 978, 977, 0, 0, 466, 459, 455, 454, 454, 455, 466, 468, 0, 1007, 1007, 1010, 1019, 1025, 1028, 1032, 1042, 1047, 1054, 1060, 1066, 1080, 1088, 1097, 1107, 1123, 1134, 1143, 1152, 1162, 1180, 1192, 1203, 1217, 1221]
[0, 1066, 1055, 1048, 1043, 1039, 1035, 1031, 1026, 1023, 1020, 1018, 1017, 1013, 1010, 1010, 1010, 1009, 1005, 1005, 1005, 1003, 1003, 977, 0, 0, 462, 457, 454, 453, 454, 455, 463, 472, 0, 0, 1011, 1014, 1018, 1024, 1028, 1040, 1044, 1050, 1056, 1064, 1077, 1084, 1093, 1103, 1111, 1131, 1139, 1150, 1160, 1169, 1189, 1200, 1203, 1221, 1242]
[0, 1061, 1057, 1052, 1046, 1038, 1034, 1031, 1028, 1024, 1021, 1018, 1016, 1013, 1011, 1009, 1008, 1008, 1007, 1005, 1005, 1004, 1003, 1004, 0, 0, 464, 458, 455, 453, 454, 456, 461, 468, 0, 1033, 1036, 1040, 1042, 1054, 1060, 1064, 1069, 1075, 1085, 1092, 1099, 1108, 1118, 1135, 1145, 1155, 1162, 1181, 1191, 1202, 1189, 1219, 1236, 1261, 1273]
[0, 1077, 1072, 1068, 1064, 1060, 1052, 1048, 1044, 1041, 1038, 1037, 1034, 1031, 1029, 1029, 1027, 1025, 1026, 1025, 1025, 1024, 1004, 1004, 0, 471, 462, 457, 454, 453, 454, 458, 461, 468, 0, 1033, 1037, 1041, 1045, 1051, 1059, 1064, 1071, 1077, 1087, 1095, 1101, 1108, 1118, 1128, 1146, 1155, 1163, 1171, 1191, 1201, 1211, 1223, 1236, 1261, 1273]
[0, 1108, 1102, 1096, 1092, 1089, 1080, 1077, 1075, 1073, 1070, 1067, 1065, 1061, 1060, 1059, 1059, 1059, 1058, 1057, 1057, 1057, 1055, 1024, 0, 0, 463, 457, 454, 453, 454, 456, 460, 467, 0, 0, 1057, 1062, 1067, 1072, 1077, 1086, 1091, 1096, 1102, 1120, 1128, 1135, 1143, 1162, 1169, 1175, 1185, 1192, 1221, 1233, 1238, 1249, 1275, 1299, 1315]
[0, 1117, 1112, 1108, 1104, 1095, 1090, 1087, 1085, 1081, 1079, 1075, 1074, 1073, 1071, 1069, 1067, 1065, 1066, 1066, 1065, 1065, 1055, 1057, 0, 0, 464, 458, 455, 453, 454, 456, 460, 465, 0, 0, 1094, 1097, 1102, 1109, 1117, 1124, 1128, 1134, 1147, 1157, 1163, 1169, 1176, 1194, 1203, 1212, 1234, 1243, 1252, 1265, 1289, 1305, 1323, 1337, 1353]
[0, 1124, 1119, 1114, 1105, 1101, 1096, 1092, 1086, 1083, 1082, 1080, 1077, 1075, 1073, 1073, 1071, 1070, 1070, 1068, 1068, 1068, 1066, 1073, 0, 0, 464, 458, 455, 452, 452, 457, 461, 468, 0, 1101, 1102, 1104, 1115, 1124, 1129, 1129, 1141, 1147, 1154, 1162, 1176, 1182, 1190, 1199, 1218, 1228, 1237, 1247, 1260, 1283, 1296, 1311, 1326, 1349, 1362]
[0, 1121, 1116, 1112, 1105, 1102, 1091, 1088, 1086, 1082, 1078, 1076, 1075, 1073, 1072, 1070, 1068, 1066, 1066, 1066, 1068, 1068, 1068, 1073, 0, 469, 464, 461, 454, 452, 453, 458, 462, 468, 0, 1100, 1106, 1111, 1120, 1124, 1129, 1132, 1144, 1153, 1160, 1166, 1179, 1185, 1193, 1200, 1219, 1229, 1241, 1252, 1274, 1284, 1298, 1313, 1340, 1349, 1362]
[0, 1121, 1116, 1112, 1106, 1102, 1091, 1089, 1087, 1084, 1079, 1077, 1077, 1075, 1072, 1071, 1071, 1070, 1069, 1068, 1069, 1069, 1069, 1074, 0, 0, 463, 458, 454, 452, 454, 456, 460, 466, 0, 1108, 1104, 1116, 1123, 1126, 1128, 1135, 1143, 1151, 1158, 1165, 1179, 1187, 1193, 1202, 1219, 1229, 1241, 1252, 1274, 1284, 1299, 1314, 1329, 1349, 1362]
[0, 1177, 1172, 1167, 1160, 1157, 1152, 1147, 1143, 1136, 1133, 1132, 1131, 1125, 1125, 1123, 1121, 1122, 1124, 1121, 1123, 1125, 1069, 1070, 0, 0, 464, 458, 454, 453, 453, 456, 465, 466, 0, 0, 1112, 1114, 1119, 1121, 1133, 1136, 1142, 1151, 1166, 1174, 1179, 1184, 1192, 1208, 1218, 1228, 1249, 1260, 1272, 1282, 1310, 1326, 1337, 1347, 1359]
[0, 1177, 1172, 1167, 1160, 1157, 1152, 1147, 1143, 1136, 1133, 1133, 1131, 1128, 1125, 1123, 1121, 1122, 1124, 1121, 1123, 1123, 1123, 1123, 0, 0, 463, 457, 454, 452, 453, 456, 460, 467, 0, 0, 1163, 1171, 1175, 1183, 1190, 1192, 1207, 1213, 1218, 1225, 1234, 1248, 1255, 1262, 1271, 1289, 1301, 1315, 1329, 1343, 1366, 1366, 1376, 1385, 1416]
[0, 1214, 1209, 1204, 1194, 1189, 1184, 1179, 1175, 1171, 1168, 1166, 1166, 1165, 1162, 1161, 1161, 1160, 1159, 1161, 1161, 1162, 1121, 1125, 0, 0, 463, 457, 453, 452, 453, 456, 460, 467, 0, 1164, 1163, 1171, 1175, 1183, 1190, 1191, 1207, 1213, 1219, 1225, 1233, 1247, 1255, 1262, 1271, 1289, 1300, 1315, 1329, 1343, 1366, 1367, 1377, 1386, 1416]
[0, 1215, 1209, 1199, 1195, 1190, 1184, 1179, 1174, 1172, 1169, 1167, 1166, 1164, 1163, 1161, 1161, 1160, 1161, 1160, 1161, 1164, 1164, 1166, 0, 0, 461, 456, 454, 453, 452, 456, 461, 468, 0, 1196, 1195, 1200, 1212, 1218, 1224, 1229, 1235, 1247, 1253, 1257, 1261, 1265, 1277, 1284, 1289, 1296, 1313, 1322, 1332, 1340, 1349, 1368, 1378, 1388, 1395]
[0, 1269, 1263, 1257, 1253, 1248, 1240, 1235, 1233, 1228, 1224, 1222, 1222, 1221, 1216, 1216, 1217, 1214, 1213, 1214, 1216, 1216, 1214, 1163, 0, 0, 463, 457, 453, 452, 453, 455, 459, 465, 0, 0, 1195, 1207, 1212, 1218, 1222, 1227, 1238, 1245, 1251, 1256, 1267, 1268, 1275, 1282, 1288, 1303, 1311, 1319, 1329, 1347, 1358, 1366, 1375, 1384, 1405]
[0, 1272, 1265, 1260, 1251, 1245, 1241, 1237, 1235, 1226, 1224, 1223, 1221, 1220, 1219, 1216, 1216, 1215, 1213, 1214, 1215, 1215, 1213, 1163, 0, 0, 464, 458, 454, 453, 452, 456, 460, 467, 0, 1226, 1219, 1222, 1226, 1228, 1232, 1239, 1243, 1246, 1253, 1258, 1263, 1267, 1272, 1284, 1289, 1296, 1306, 1314, 1336, 1344, 1351, 1359, 1369, 1393, 1404]
[0, 1275, 1269, 1258, 1252, 1250, 1250, 1245, 1240, 1231, 1229, 1226, 1226, 1226, 1226, 1223, 1220, 1218, 1219, 1218, 1221, 1221, 1214, 1163, 0, 0, 465, 458, 452, 453, 451, 454, 459, 465, 0, 0, 1220, 1226, 1227, 1230, 1230, 1235, 1243, 1247, 1253, 1258, 1262, 1266, 1272, 1284, 1289, 1296, 1306, 1314, 1335, 1343, 1351, 1359, 1369, 1380, 1404]
[0, 1314, 1313, 1308, 1301, 1290, 1287, 1282, 1279, 1274, 1269, 1263, 1261, 1259, 1257, 1253, 1250, 1242, 1237, 1233, 1231, 1229, 1220, 1163, 0, 0, 467, 459, 455, 452, 452, 455, 458, 464, 0, 0, 1220, 1225, 1227, 1230, 1233, 1237, 1243, 1248, 1252, 1257, 1261, 1265, 1276, 1282, 1289, 1295, 1304, 1313, 1332, 1343, 1351, 1358, 1369, 1392, 1403]
[0, 1352, 1343, 1337, 1301, 1315, 1310, 1306, 1301, 1294, 1289, 1274, 1265, 1260, 1257, 1254, 1250, 1242, 1238, 1234, 1232, 1229, 1225, 1228, 0, 0, 461, 455, 453, 452, 453, 454, 461, 464, 0, 0, 1218, 1222, 1226, 1229, 1232, 1235, 1238, 1246, 1251, 1256, 1260, 1265, 1270, 1282, 1288, 1295, 1302, 1307, 1321, 1343, 1350, 1358, 1368, 1380, 1402]
[0, 1346, 1342, 1336, 1301, 1324, 1308, 1303, 1298, 1292, 1286, 1280, 1265, 1260, 1256, 1253, 1248, 1244, 1239, 1236, 1226, 1222, 1224, 1228, 0, 0, 461, 455, 452, 452, 453, 457, 463, 464, 0, 0, 1218, 1221, 1226, 1229, 1232, 1234, 1238, 1245, 1249, 1255, 1259, 1265, 1268, 1281, 1287, 1295, 1303, 1310, 1318, 1341, 1349, 1358, 1368, 1379, 1402]
[0, 1383, 1372, 1360, 1340, 1329, 1319, 1310, 1302, 1294, 1281, 1274, 1268, 1264, 1259, 1253, 1249, 1240, 1237, 1231, 1228, 1225, 1221, 1228, 0, 0, 466, 455, 452, 452, 452, 454, 459, 465, 0, 0, 1218, 1221, 1223, 1228, 1233, 1236, 1239, 1244, 1247, 1255, 1261, 1267, 1270, 1274, 1280, 1296, 1305, 1312, 1325, 1335, 1342, 1361, 1373, 1383, 1393]
[0, 1383, 1372, 1360, 1341, 1330, 1319, 1310, 1301, 1293, 1287, 1274, 1268, 1262, 1257, 1253, 1249, 1242, 1237, 1232, 1226, 1222, 1218, 1217, 0, 0, 463, 457, 453, 453, 453, 454, 457, 465, 0, 0, 1218, 1220, 1222, 1226, 1230, 1234, 1239, 1245, 1250, 1253, 1257, 1264, 1271, 1278, 1286, 1290, 1298, 1308, 1325, 1338, 1349, 1358, 1369, 1380, 1402]
[0, 1380, 1367, 1357, 1347, 1336, 1318, 1308, 1298, 1291, 1286, 1280, 1265, 1260, 1256, 1252, 1248, 1242, 1236, 1233, 1228, 1224, 1219, 1221, 0, 0, 463, 458, 454, 452, 453, 454, 463, 465, 0, 0, 1217, 1221, 1225, 1227, 1230, 1234, 1241, 1245, 1249, 1252, 1256, 1264, 1269, 1274, 1284, 1290, 1297, 1307, 1317, 1341, 1348, 1357, 1367, 1379, 1401]
[0, 1383, 1369, 1358, 1347, 1329, 1319, 1308, 1298, 1291, 1285, 1278, 1265, 1260, 1257, 1253, 1247, 1242, 1238, 1233, 1228, 1225, 1220, 1226, 0, 0, 463, 462, 454, 452, 453, 455, 464, 465, 0, 0, 1215, 1219, 1225, 1225, 1226, 1232, 1237, 1244, 1248, 1251, 1256, 1263, 1270, 1275, 1284, 1290, 1298, 1307, 1329, 1340, 1347, 1356, 1367, 1378, 1400]
[0, 1380, 1368, 1360, 1340, 1330, 1319, 1310, 1301, 1293, 1286, 1273, 1269, 1264, 1258, 1253, 1249, 1240, 1236, 1232, 1228, 1224, 1222, 1226, 0, 0, 0, 462, 454, 453, 455, 457, 461, 466, 0, 0, 1218, 1218, 1223, 1227, 1231, 1235, 1239, 1245, 1247, 1255, 1260, 1266, 1270, 1274, 1279, 1293, 1304, 1312, 1317, 1328, 1341, 1360, 1369, 1379, 1392]
[0, 1373, 1363, 1354, 1344, 1334, 1323, 1314, 1296, 1287, 1280, 1275, 1269, 1265, 1253, 1249, 1245, 1240, 1235, 1233, 1230, 1222, 1219, 1217, 0, 0, 466, 459, 457, 455, 456, 459, 463, 466, 0, 1214, 1216, 1219, 1222, 1223, 1227, 1233, 1239, 1244, 1249, 1253, 1255, 1266, 1270, 1276, 1283, 1288, 1294, 1315, 1324, 1335, 1345, 1355, 1363, 1383, 1395]
[0, 1372, 1362, 1353, 1344, 1334, 1323, 1313, 1295, 1287, 1280, 1274, 1268, 1264, 1259, 1249, 1245, 1240, 1235, 1233, 1229, 1224, 1222, 1217, 0, 0, 468, 460, 456, 456, 456, 459, 463, 468, 0, 1218, 1215, 1217, 1220, 1227, 1232, 1235, 1237, 1243, 1247, 1249, 1260, 1266, 1269, 1272, 1280, 1287, 1301, 1311, 1321, 1332, 1341, 1351, 1373, 1382, 1392]
[0, 1379, 1368, 1359, 1340, 1330, 1320, 1310, 1300, 1292, 1285, 1271, 1266, 1262, 1257, 1252, 1248, 1244, 1236, 1231, 1226, 1223, 1220, 1217, 0, 0, 471, 464, 460, 458, 459, 462, 466, 468, 0, 1214, 1214, 1217, 1220, 1222, 1227, 1232, 1237, 1240, 1243, 1248, 1254, 1265, 1267, 1272, 1280, 1286, 1303, 1311, 1321, 1330, 1339, 1351, 1372, 1382, 1394]
[0, 1379, 1366, 1355, 1344, 1337, 1314, 1304, 1297, 1290, 1285, 1279, 1271, 1260, 1256, 1250, 1245, 1242, 1238, 1232, 1228, 1222, 1219, 1216, 0, 0, 469, 463, 459, 457, 457, 459, 469, 468, 0, 0, 1213, 1220, 1224, 1225, 1227, 1232, 1239, 1244, 1248, 1251, 1253, 1256, 1270, 1275, 1283, 1290, 1297, 1307, 1316, 1332, 1345, 1356, 1366, 1374, 1400]
[0, 1379, 1366, 1355, 1344, 1328, 1318, 1307, 1297, 1289, 1283, 1277, 1265, 1260, 1254, 1249, 1246, 1241, 1235, 1232, 1228, 1222, 1219, 1217, 0, 0, 470, 463, 460, 458, 458, 461, 471, 468, 0, 1213, 1212, 1215, 1223, 1225, 1226, 1229, 1233, 1238, 1246, 1250, 1253, 1256, 1264, 1274, 1282, 1289, 1299, 1309, 1316, 1333, 1344, 1356, 1365, 1374, 1387]
[0, 1377, 1366, 1354, 1343, 1335, 1314, 1306, 1297, 1289, 1284, 1278, 1265, 1260, 1254, 1249, 1246, 1240, 1233, 1231, 1227, 1223, 1218, 1217, 0, 0, 0, 464, 459, 458, 458, 461, 465, 470, 0, 1213, 1213, 1217, 1222, 1225, 1226, 1228, 1233, 1238, 1246, 1250, 1253, 1257, 1263, 1269, 1282, 1290, 1299, 1308, 1315, 1325, 1344, 1356, 1365, 1374, 1387]
[0, 1378, 1367, 1348, 1338, 1329, 1319, 1308, 1298, 1290, 1279, 1271, 1264, 1261, 1257, 1249, 1240, 1236, 1232, 1227, 1225, 1223, 1219, 1216, 1228, 0, 0, 467, 463, 461, 462, 468, 465, 470, 0, 1210, 1212, 1214, 1218, 1224, 1224, 1227, 1233, 1238, 1242, 1249, 1253, 1257, 1261, 1275, 1282, 1289, 1296, 1305, 1320, 1345, 1355, 1367, 1383, 1393, 1396]
[0, 1384, 1362, 1349, 1340, 1333, 1322, 1312, 1294, 1286, 1279, 1274, 1268, 1264, 1257, 1245, 1244, 1242, 1237, 1229, 1225, 1218, 1216, 1213, 1228, 0, 0, 471, 466, 463, 464, 468, 475, 470, 0, 1213, 1213, 1213, 1217, 1219, 1220, 1232, 1234, 1237, 1243, 1247, 1251, 1265, 1270, 1276, 1283, 1294, 1304, 1326, 1330, 1339, 1356, 1366, 1379, 1376, 1394]
[0, 1380, 1360, 1349, 1337, 1327, 1319, 1310, 1298, 1285, 1278, 1272, 1267, 1263, 1258, 1245, 1243, 1239, 1234, 1228, 1224, 1223, 1221, 1212, 1228, 0, 0, 474, 466, 462, 463, 465, 471, 0, 1213, 1210, 1211, 1211, 1214, 1220, 1222, 1227, 1233, 1236, 1245, 1253, 1256, 1262, 1269, 1274, 1290, 1297, 1307, 1319, 1327, 1337, 1361, 1374, 1386, 1390, 1389]
[0, 1369, 1363, 1352, 1339, 1329, 1320, 1299, 1290, 1285, 1279, 1273, 1267, 1262, 1249, 1246, 1243, 1238, 1233, 1229, 1222, 1218, 1219, 1214, 1228, 0, 0, 471, 465, 462, 464, 467, 474, 0, 1211, 1212, 1214, 1215, 1217, 1218, 1220, 1230, 1236, 1239, 1243, 1248, 1253, 1265, 1271, 1279, 1284, 1293, 1313, 1320, 1328, 1342, 1356, 1365, 1390, 1388, 1389]
[0, 1370, 1360, 1349, 1337, 1327, 1319, 1312, 1294, 1285, 1278, 1272, 1267, 1263, 1257, 1246, 1243, 1238, 1233, 1228, 1225, 1220, 1215, 1212, 1219, 0, 0, 0, 469, 466, 467, 469, 475, 0, 1212, 1214, 1215, 1219, 1225, 1233, 1238, 1244, 1249, 1252, 1256, 1260, 1272, 1276, 1283, 1288, 1295, 1302, 1313, 1321, 1329, 1342, 1356, 1365, 1390, 1386, 1387]
[0, 1380, 1360, 1349, 1336, 1326, 1319, 1311, 1293, 1284, 1278, 1272, 1266, 1262, 1257, 1246, 1243, 1238, 1233, 1228, 1224, 1220, 1218, 1214, 1218, 0, 0, 0, 471, 466, 468, 469, 475, 0, 1220, 1221, 1223, 1228, 1233, 1234, 1242, 1246, 1249, 1254, 1257, 1260, 1271, 1276, 1283, 1289, 1295, 1300, 1313, 1322, 1333, 1345, 1355, 1365, 1390, 1388, 1389]
[0, 1370, 1362, 1352, 1340, 1329, 1320, 1300, 1291, 1284, 1278, 1272, 1267, 1261, 1250, 1247, 1244, 1237, 1232, 1228, 1222, 1218, 1218, 1213, 1218, 0, 0, 0, 471, 466, 468, 469, 475, 0, 1220, 1221, 1224, 1229, 1233, 1234, 1237, 1245, 1249, 1253, 1257, 1261, 1269, 1276, 1284, 1290, 1296, 1300, 1317, 1326, 1336, 1345, 1354, 1368, 1382, 1371, 1390]
[0, 1370, 1360, 1349, 1339, 1329, 1319, 1300, 1291, 1284, 1278, 1271, 1266, 1262, 1250, 1247, 1243, 1241, 1240, 1238, 1236, 1233, 1214, 1212, 1211, 0, 0, 471, 466, 467, 467, 469, 475, 0, 1222, 1222, 1224, 1229, 1230, 1235, 1241, 1245, 1249, 1252, 1255, 1262, 1269, 1276, 1281, 1288, 1295, 1307, 1312, 1319, 1329, 1340, 1350, 1376, 1389, 1389, 1392]
[0, 1374, 1366, 1354, 1343, 1319, 1313, 1306, 1296, 1288, 1280, 1274, 1264, 1260, 1254, 1250, 1246, 1240, 1237, 1237, 1234, 1234, 1232, 1230, 1227, 0, 0, 471, 0, 469, 471, 469, 0, 0, 1223, 1221, 1224, 1229, 1232, 1234, 1239, 1243, 1249, 1252, 1256, 1260, 1263, 1277, 1283, 1289, 1295, 1300, 1308, 1325, 1334, 1343, 1354, 1368, 1381, 1390, 1390]
[0, 1373, 1363, 1351, 1341, 1330, 1311, 1302, 1295, 1287, 1279, 1272, 1264, 1259, 1255, 1250, 1248, 1247, 1241, 1237, 1235, 1234, 1233, 1232, 1231, 0, 0, 471, 0, 467, 468, 0, 0, 0, 1224, 1225, 1227, 1228, 1233, 1237, 1238, 1242, 1247, 1251, 1254, 1262, 1269, 1274, 1280, 1287, 1300, 1304, 1311, 1320, 1329, 1339, 1349, 1376, 1384, 1387, 1390]
[0, 1373, 1363, 1352, 1342, 1331, 1310, 1302, 1295, 1288, 1284, 1281, 1274, 1270, 1266, 1263, 1255, 1250, 1249, 1238, 1235, 1235, 1234, 1232, 1231, 0, 0, 471, 0, 467, 468, 0, 0, 0, 1224, 1225, 1226, 1228, 1233, 1237, 1240, 1244, 1248, 1251, 1253, 1262, 1268, 1273, 1280, 1287, 1300, 1304, 1311, 1320, 1329, 1338, 1361, 1375, 1384, 1387, 1390]
[0, 1396, 1378, 1367, 1353, 1344, 1335, 1325, 1316, 1303, 1297, 1289, 1281, 1275, 1271, 1261, 1256, 1251, 1247, 1245, 1242, 1233, 1234, 1232, 1230, 0, 0, 471, 0, 468, 470, 0, 0, 0, 1224, 1225, 1226, 1228, 1233, 1236, 1240, 1244, 1246, 1250, 1256, 1260, 1266, 1273, 1277, 1284, 1297, 1302, 1311, 1320, 1328, 1337, 1361, 1373, 1385, 1390, 1390]
