[0, 0, 0, 0, 0, 0, 0, 0, 0, 0, 0, 0, 0, 0, 0, 0, 0, 0, 0, 0, 0, 0, 0, 0, 0, 0, 0, 0, 0, 0, 0, 0, 0, 0, 0, 0, 0, 0, 0, 0, 0, 0, 0, 0, 0, 0, 0, 0, 0, 0, 0, 0, 0, 0, 0, 0, 0, 0, 0, 0, 0]
[0, 529, 524, 520, 517, 512, 508, 506, 502, 499, 497, 494, 491, 491, 489, 487, 485, 484, 483, 482, 482, 480, 480, 479, 479, 479, 479, 479, 478, 479, 479, 480, 481, 482, 483, 484, 485, 485, 487, 488, 488, 490, 493, 496, 499, 501, 504, 508, 511, 514, 518, 522, 526, 530, 535, 540, 545, 551, 556, 561, 567]
[0, 525, 524, 521, 517, 513, 510, 506, 503, 500, 497, 495, 493, 490, 488, 486, 485, 484, 483, 482, 481, 480, 479, 479, 479, 478, 479, 478, 478, 479, 480, 480, 481, 482, 483, 484, 485, 486, 487, 489, 491, 493, 496, 496, 500, 503, 507, 508, 514, 518, 518, 525, 526, 530, 533, 538, 544, 549, 554, 560, 567]
[0, 529, 524, 520, 517, 512, 509, 506, 502, 499, 496, 494, 491, 490, 487, 486, 484, 484, 483, 482, 481, 480, 480, 479, 479, 478, 478, 478, 478, 478, 479, 480, 481, 481, 482, 483, 484, 485, 487, 488, 491, 493, 495, 497, 499, 503, 506, 509, 513, 516, 520, 524, 528, 532, 537, 542, 547, 552, 558, 563, 570]
[0, 525, 521, 518, 517, 511, 509, 507, 504, 501, 498, 495, 493, 490, 488, 486, 485, 484, 483, 482, 481, 480, 480, 479, 479, 478, 478, 478, 478, 479, 480, 480, 481, 482, 483, 484, 484, 486, 487, 489, 491, 493, 496, 498, 499, 500, 506, 510, 514, 516, 520, 525, 529, 533, 537, 538, 543, 554, 560, 563, 566]
[0, 529, 524, 520, 517, 513, 509, 506, 502, 499, 496, 494, 493, 489, 488, 486, 485, 484, 483, 482, 481, 481, 480, 479, 479, 479, 478, 479, 478, 479, 478, 480, 480, 481, 482, 483, 484, 485, 486, 488, 490, 492, 494, 497, 499, 501, 505, 508, 511, 514, 518, 523, 526, 531, 536, 541, 545, 551, 556, 563, 568]
[0, 529, 525, 520, 517, 514, 511, 507, 503, 500, 498, 495, 493, 490, 488, 486, 485, 484, 483, 482, 481, 480, 479, 479, 479, 479, 479, 478, 478, 479, 479, 480, 481, 482, 482, 483, 485, 486, 487, 489, 491, 493, 495, 498, 500, 503, 506, 510, 514, 517, 520, 525, 529, 533, 538, 541, 548, 551, 554, 566, 572]
[0, 529, 524, 520, 517, 512, 509, 506, 502, 499, 496, 494, 491, 489, 488, 487, 486, 483, 483, 482, 481, 481, 480, 479, 479, 479, 479, 479, 478, 479, 479, 480, 480, 482, 483, 483, 484, 485, 486, 488, 490, 492, 494, 497, 499, 502, 505, 508, 512, 515, 519, 523, 527, 531, 536, 541, 546, 551, 556, 562, 569]
[0, 527, 523, 519, 515, 511, 509, 508, 505, 502, 498, 496, 493, 490, 489, 487, 485, 484, 483, 482, 481, 480, 480, 479, 479, 479, 479, 478, 478, 479, 479, 480, 481, 482, 482, 483, 485, 486, 487, 489, 491, 493, 495, 498, 500, 503, 506, 508, 509, 513, 520, 523, 529, 531, 533, 543, 548, 551, 560, 562, 566]
[0, 533, 529, 525, 522, 518, 509, 511, 508, 502, 505, 503, 500, 498, 495, 494, 493, 491, 489, 488, 487, 486, 486, 486, 479, 479, 479, 479, 478, 479, 479, 479, 480, 481, 483, 483, 484, 485, 486, 487, 489, 492, 494, 496, 499, 501, 504, 508, 512, 514, 518, 522, 526, 530, 535, 540, 545, 550, 556, 561, 567]
[0, 533, 532, 528, 524, 520, 517, 513, 510, 508, 505, 502, 500, 498, 496, 494, 492, 491, 490, 489, 487, 487, 486, 486, 485, 486, 486, 485, 485, 479, 487, 479, 488, 488, 489, 492, 484, 493, 495, 496, 498, 500, 503, 506, 508, 511, 514, 517, 521, 525, 528, 532, 536, 541, 546, 551, 556, 561, 566, 573, 580]
[0, 533, 529, 525, 522, 518, 517, 511, 510, 508, 505, 503, 500, 498, 495, 494, 493, 491, 489, 488, 488, 486, 486, 486, 487, 486, 486, 486, 486, 486, 487, 488, 488, 489, 491, 492, 492, 494, 496, 497, 499, 501, 504, 506, 509, 512, 515, 519, 522, 526, 529, 533, 538, 543, 547, 553, 558, 564, 569, 575, 582]
[0, 534, 529, 526, 522, 519, 517, 511, 510, 506, 505, 503, 500, 498, 496, 495, 493, 491, 490, 488, 487, 487, 486, 486, 486, 486, 486, 485, 485, 486, 487, 487, 488, 489, 491, 491, 492, 494, 495, 497, 498, 501, 503, 506, 509, 511, 514, 517, 521, 524, 528, 532, 537, 542, 546, 551, 556, 562, 568, 574, 582]
[0, 539, 528, 526, 524, 521, 519, 515, 512, 509, 507, 504, 501, 499, 497, 495, 494, 493, 491, 490, 490, 488, 486, 487, 485, 486, 486, 486, 486, 487, 487, 488, 489, 490, 491, 492, 492, 493, 496, 497, 498, 500, 506, 506, 510, 511, 513, 518, 521, 524, 528, 532, 536, 540, 545, 550, 555, 560, 566, 573, 580]
[0, 538, 534, 529, 525, 522, 518, 516, 512, 509, 507, 504, 501, 499, 497, 495, 494, 493, 491, 490, 490, 488, 488, 487, 487, 487, 488, 486, 488, 488, 487, 489, 489, 491, 493, 494, 495, 496, 497, 499, 502, 504, 505, 508, 511, 514, 518, 521, 525, 529, 532, 536, 540, 545, 550, 555, 560, 565, 571, 578, 585]
[0, 537, 533, 529, 525, 522, 518, 515, 511, 508, 505, 504, 501, 498, 497, 496, 494, 494, 492, 491, 490, 489, 489, 488, 487, 487, 487, 488, 488, 488, 488, 489, 490, 492, 493, 494, 495, 495, 497, 499, 502, 504, 507, 509, 512, 514, 518, 521, 525, 529, 533, 537, 541, 546, 551, 554, 560, 566, 571, 579, 586]
[0, 538, 533, 530, 526, 523, 518, 519, 515, 510, 507, 504, 504, 502, 501, 499, 496, 495, 493, 492, 492, 491, 490, 490, 488, 488, 488, 488, 488, 489, 489, 490, 491, 492, 493, 495, 496, 497, 499, 501, 502, 505, 507, 510, 513, 516, 519, 523, 525, 530, 534, 538, 541, 548, 552, 557, 562, 567, 574, 581, 586]
[0, 538, 535, 530, 526, 523, 520, 516, 512, 510, 507, 505, 503, 501, 499, 498, 496, 493, 492, 490, 490, 490, 490, 490, 490, 489, 488, 490, 490, 490, 492, 492, 493, 494, 495, 496, 497, 499, 500, 501, 505, 505, 510, 510, 512, 516, 519, 522, 525, 529, 533, 537, 541, 546, 550, 555, 561, 565, 571, 579, 585]
[0, 541, 536, 532, 528, 525, 522, 518, 514, 512, 510, 507, 505, 503, 500, 499, 498, 496, 495, 494, 493, 490, 492, 493, 490, 489, 491, 489, 489, 491, 491, 492, 493, 493, 494, 495, 496, 498, 499, 500, 503, 506, 508, 509, 513, 516, 519, 523, 526, 529, 533, 537, 542, 545, 550, 555, 561, 567, 573, 580, 586]
[0, 538, 534, 530, 527, 523, 520, 518, 516, 513, 511, 507, 505, 503, 501, 500, 499, 497, 495, 493, 493, 493, 491, 490, 493, 492, 493, 492, 492, 492, 493, 494, 495, 496, 497, 498, 499, 501, 502, 504, 506, 509, 511, 514, 517, 520, 523, 526, 530, 534, 537, 542, 546, 552, 556, 561, 567, 573, 579, 585, 591]
[0, 542, 538, 535, 531, 527, 524, 520, 517, 514, 511, 509, 505, 505, 503, 500, 501, 500, 498, 497, 496, 495, 495, 495, 491, 492, 492, 491, 491, 493, 493, 494, 495, 496, 497, 499, 499, 500, 503, 505, 506, 510, 511, 511, 514, 518, 521, 525, 528, 532, 536, 540, 544, 549, 554, 559, 563, 569, 575, 582, 589]
[0, 546, 542, 538, 534, 530, 525, 522, 520, 515, 513, 512, 510, 507, 503, 505, 504, 502, 501, 500, 499, 498, 498, 498, 495, 495, 494, 495, 495, 495, 496, 497, 498, 499, 500, 501, 502, 504, 506, 508, 510, 512, 515, 517, 520, 524, 527, 530, 528, 538, 536, 542, 551, 549, 555, 566, 572, 569, 578, 584, 591]
[0, 552, 548, 544, 540, 536, 532, 529, 525, 522, 520, 518, 515, 512, 511, 510, 508, 506, 505, 504, 503, 503, 498, 502, 497, 497, 497, 497, 498, 498, 499, 499, 500, 502, 503, 504, 505, 507, 509, 509, 512, 515, 518, 520, 523, 524, 527, 533, 537, 541, 546, 542, 549, 554, 558, 564, 569, 575, 582, 588, 594]
[0, 552, 548, 543, 539, 536, 533, 529, 526, 522, 523, 521, 519, 517, 515, 512, 510, 509, 508, 507, 506, 506, 506, 505, 502, 502, 497, 503, 503, 504, 504, 505, 506, 507, 509, 509, 510, 512, 513, 515, 518, 521, 523, 525, 528, 532, 535, 538, 542, 546, 550, 555, 559, 564, 569, 575, 581, 587, 593, 599, 606]
[0, 556, 553, 550, 545, 541, 533, 536, 534, 531, 529, 526, 523, 521, 519, 517, 515, 514, 513, 512, 511, 510, 510, 505, 505, 505, 504, 505, 505, 506, 506, 507, 508, 509, 510, 509, 512, 513, 514, 518, 518, 523, 525, 525, 528, 532, 535, 538, 542, 546, 550, 554, 559, 563, 568, 572, 578, 585, 591, 597, 604]
[0, 562, 558, 554, 550, 546, 543, 539, 536, 533, 530, 528, 525, 524, 521, 519, 518, 516, 515, 514, 513, 512, 510, 512, 509, 509, 510, 510, 510, 510, 506, 511, 512, 513, 513, 516, 512, 519, 514, 521, 524, 526, 532, 525, 534, 537, 539, 543, 547, 551, 555, 559, 563, 568, 574, 579, 585, 590, 596, 602, 609]
[0, 562, 559, 555, 551, 547, 544, 539, 536, 534, 531, 528, 526, 524, 522, 520, 518, 517, 516, 514, 513, 512, 511, 512, 512, 513, 512, 512, 510, 512, 513, 514, 515, 516, 517, 518, 519, 521, 523, 525, 527, 529, 532, 535, 538, 541, 544, 548, 552, 555, 559, 563, 567, 573, 579, 584, 589, 595, 600, 607, 614]
[0, 560, 557, 553, 549, 545, 542, 538, 536, 532, 530, 527, 524, 524, 521, 520, 518, 517, 516, 515, 514, 514, 513, 514, 513, 512, 512, 511, 511, 513, 513, 513, 516, 517, 519, 520, 521, 522, 523, 526, 527, 532, 532, 535, 538, 540, 546, 548, 550, 556, 561, 563, 566, 575, 579, 582, 588, 600, 600, 605, 611]
[0, 569, 564, 560, 557, 554, 550, 547, 543, 541, 537, 535, 533, 531, 521, 529, 527, 525, 523, 523, 522, 521, 513, 521, 513, 512, 513, 513, 514, 513, 514, 515, 516, 517, 518, 519, 521, 522, 523, 526, 528, 531, 533, 536, 539, 542, 545, 548, 553, 556, 559, 563, 569, 574, 579, 585, 590, 595, 602, 609, 614]
[0, 571, 566, 563, 559, 554, 551, 548, 544, 541, 539, 536, 534, 532, 530, 528, 526, 524, 523, 523, 522, 522, 521, 521, 520, 521, 520, 520, 521, 521, 521, 522, 523, 524, 525, 527, 528, 529, 531, 533, 536, 538, 541, 544, 547, 549, 553, 557, 560, 564, 568, 572, 577, 583, 588, 593, 598, 604, 610, 617, 625]
[0, 569, 564, 560, 557, 554, 550, 546, 543, 540, 537, 535, 534, 531, 530, 529, 527, 525, 524, 523, 522, 522, 522, 521, 520, 520, 521, 521, 521, 522, 522, 523, 524, 525, 527, 528, 529, 531, 531, 533, 537, 538, 540, 543, 546, 552, 553, 555, 563, 566, 568, 571, 576, 585, 588, 597, 598, 602, 608, 614, 629]
[0, 586, 581, 575, 572, 568, 564, 546, 558, 555, 553, 535, 550, 547, 545, 543, 541, 540, 539, 538, 536, 535, 535, 535, 520, 520, 521, 521, 521, 521, 521, 522, 523, 524, 525, 527, 529, 530, 532, 534, 537, 539, 542, 545, 547, 550, 554, 558, 561, 565, 569, 574, 579, 584, 589, 595, 601, 606, 612, 619, 627]
[0, 586, 583, 575, 572, 571, 567, 563, 560, 557, 555, 551, 549, 546, 544, 543, 541, 540, 538, 537, 537, 536, 535, 535, 535, 534, 534, 534, 535, 535, 535, 537, 538, 539, 540, 541, 543, 545, 548, 550, 553, 555, 558, 559, 562, 566, 569, 573, 578, 583, 587, 591, 596, 601, 606, 611, 617, 623, 631, 639, 647]
[0, 603, 598, 594, 590, 586, 583, 579, 575, 571, 567, 564, 562, 560, 558, 556, 555, 554, 552, 552, 551, 550, 550, 535, 535, 534, 535, 535, 535, 535, 536, 536, 537, 539, 540, 542, 543, 546, 548, 550, 553, 556, 558, 560, 563, 566, 569, 574, 578, 583, 587, 592, 596, 601, 606, 612, 617, 624, 631, 639, 648]
[0, 598, 595, 591, 590, 587, 583, 579, 576, 572, 569, 566, 563, 561, 558, 557, 556, 554, 553, 552, 551, 551, 551, 550, 549, 549, 549, 549, 549, 549, 550, 536, 553, 555, 555, 556, 543, 560, 563, 566, 553, 568, 572, 560, 579, 583, 569, 587, 591, 594, 598, 608, 596, 612, 624, 612, 631, 638, 652, 659, 667]
[0, 602, 597, 593, 589, 585, 580, 576, 573, 570, 567, 564, 562, 560, 558, 556, 555, 553, 553, 552, 551, 551, 550, 549, 549, 549, 549, 549, 550, 550, 550, 551, 552, 554, 555, 556, 558, 560, 563, 565, 566, 569, 572, 576, 579, 583, 587, 591, 594, 594, 598, 607, 612, 612, 624, 612, 637, 645, 652, 659, 667]
[0, 612, 606, 602, 598, 594, 591, 587, 584, 581, 578, 574, 572, 569, 567, 565, 564, 563, 561, 560, 559, 559, 559, 549, 549, 549, 549, 549, 549, 550, 550, 551, 552, 553, 555, 556, 557, 559, 562, 565, 566, 568, 571, 574, 578, 582, 585, 588, 592, 596, 600, 605, 611, 615, 621, 627, 634, 641, 648, 655, 664]
[0, 606, 606, 603, 598, 594, 591, 588, 584, 581, 578, 575, 571, 569, 567, 565, 564, 562, 561, 560, 559, 559, 559, 558, 558, 549, 558, 558, 558, 550, 559, 561, 552, 561, 562, 564, 566, 568, 572, 574, 576, 578, 580, 583, 587, 591, 594, 598, 602, 606, 610, 615, 619, 625, 631, 638, 644, 651, 658, 666, 673]
[0, 609, 604, 603, 600, 596, 592, 588, 584, 581, 577, 575, 572, 570, 567, 566, 564, 562, 562, 561, 560, 559, 559, 558, 558, 558, 558, 558, 558, 550, 559, 561, 552, 561, 563, 564, 566, 568, 571, 574, 576, 578, 580, 583, 587, 591, 594, 598, 601, 606, 610, 614, 619, 625, 631, 638, 644, 650, 658, 666, 673]
[0, 623, 618, 613, 610, 606, 602, 598, 595, 591, 588, 586, 583, 580, 578, 577, 564, 575, 573, 572, 560, 571, 570, 559, 558, 558, 558, 558, 558, 558, 559, 561, 562, 563, 564, 564, 566, 569, 572, 573, 575, 578, 580, 584, 587, 590, 593, 597, 601, 606, 610, 614, 619, 624, 631, 637, 644, 650, 657, 665, 672]
[0, 631, 627, 622, 617, 614, 602, 607, 595, 603, 600, 596, 594, 592, 589, 588, 586, 585, 583, 582, 581, 581, 580, 559, 569, 569, 569, 568, 569, 570, 571, 572, 573, 574, 575, 577, 580, 582, 584, 587, 589, 592, 594, 596, 599, 603, 607, 612, 615, 619, 624, 629, 634, 640, 646, 652, 658, 666, 674, 681, 689]
[0, 630, 627, 621, 617, 614, 613, 610, 607, 603, 599, 596, 593, 591, 589, 588, 586, 585, 584, 582, 582, 581, 581, 580, 580, 579, 579, 578, 578, 580, 581, 582, 583, 585, 586, 588, 591, 594, 595, 598, 599, 601, 605, 608, 611, 614, 617, 622, 626, 630, 635, 641, 646, 651, 657, 663, 671, 678, 686, 695, 703]
[0, 630, 626, 622, 617, 614, 613, 610, 606, 603, 600, 596, 594, 592, 589, 587, 586, 585, 583, 582, 581, 580, 580, 580, 580, 579, 578, 578, 579, 581, 582, 582, 583, 585, 586, 589, 591, 593, 596, 598, 599, 601, 605, 608, 611, 614, 617, 622, 626, 630, 636, 641, 646, 651, 657, 664, 671, 678, 686, 695, 703]
[0, 643, 639, 635, 630, 625, 621, 618, 615, 612, 608, 604, 602, 600, 598, 597, 595, 594, 592, 591, 590, 590, 590, 580, 580, 579, 578, 578, 579, 580, 581, 582, 583, 585, 586, 588, 591, 593, 595, 597, 599, 601, 605, 608, 611, 614, 617, 622, 626, 630, 636, 641, 646, 651, 657, 663, 671, 678, 686, 695, 703]
[0, 643, 638, 634, 630, 624, 620, 616, 614, 611, 607, 604, 601, 600, 599, 596, 595, 595, 593, 592, 592, 591, 591, 590, 590, 589, 591, 591, 590, 591, 593, 593, 593, 594, 596, 588, 599, 600, 599, 599, 599, 612, 614, 608, 616, 625, 617, 629, 639, 630, 644, 648, 653, 658, 671, 677, 684, 678, 692, 709, 717]
[0, 656, 651, 647, 644, 639, 634, 630, 626, 623, 620, 616, 614, 612, 611, 608, 607, 606, 605, 592, 602, 602, 601, 590, 590, 590, 591, 591, 591, 592, 593, 593, 594, 594, 596, 597, 598, 599, 598, 598, 602, 608, 613, 616, 619, 623, 627, 632, 637, 642, 646, 650, 656, 662, 668, 674, 681, 691, 699, 706, 714]
[0, 661, 656, 651, 648, 645, 641, 636, 632, 628, 624, 621, 619, 616, 614, 613, 613, 611, 610, 609, 602, 607, 606, 590, 601, 600, 600, 601, 601, 602, 603, 604, 605, 606, 607, 609, 608, 604, 599, 597, 599, 605, 618, 629, 633, 636, 640, 645, 649, 653, 658, 664, 669, 674, 680, 686, 695, 702, 709, 716, 726]
[0, 662, 657, 653, 649, 645, 641, 635, 631, 630, 626, 622, 620, 617, 615, 614, 611, 611, 610, 608, 607, 607, 607, 607, 606, 600, 605, 606, 607, 608, 608, 609, 610, 611, 612, 614, 615, 608, 599, 596, 598, 604, 634, 629, 640, 636, 646, 650, 660, 653, 665, 674, 669, 680, 686, 694, 702, 709, 724, 732, 741]
[0, 660, 656, 651, 648, 644, 640, 636, 632, 627, 624, 621, 619, 617, 615, 614, 612, 612, 610, 609, 608, 607, 606, 606, 606, 606, 606, 607, 607, 607, 608, 610, 611, 612, 614, 613, 608, 600, 597, 598, 598, 604, 0, 636, 640, 644, 648, 653, 657, 663, 668, 673, 677, 683, 690, 698, 706, 712, 720, 729, 738]
[0, 667, 663, 658, 653, 649, 645, 642, 638, 635, 631, 628, 626, 624, 621, 619, 617, 616, 615, 614, 614, 607, 612, 606, 606, 605, 606, 606, 607, 608, 608, 609, 610, 611, 613, 614, 615, 608, 598, 596, 598, 604, 0, 0, 637, 641, 646, 650, 654, 660, 664, 668, 674, 680, 687, 694, 701, 708, 716, 724, 742]
[0, 676, 670, 666, 662, 657, 653, 650, 646, 643, 640, 635, 632, 630, 629, 627, 625, 623, 622, 621, 620, 620, 619, 612, 611, 611, 611, 606, 613, 614, 615, 609, 617, 611, 619, 620, 616, 606, 598, 596, 598, 604, 0, 0, 645, 648, 652, 656, 661, 666, 676, 681, 674, 687, 694, 701, 708, 714, 730, 724, 750]
[0, 676, 670, 666, 662, 657, 653, 650, 646, 643, 640, 636, 632, 630, 629, 627, 624, 623, 622, 621, 620, 620, 619, 618, 617, 617, 618, 618, 618, 619, 620, 622, 623, 625, 626, 627, 0, 599, 595, 596, 596, 604, 0, 649, 653, 657, 662, 667, 671, 676, 682, 688, 693, 700, 707, 712, 719, 729, 736, 746, 756]
[0, 701, 695, 689, 685, 680, 676, 672, 668, 665, 662, 659, 656, 654, 652, 650, 648, 647, 646, 645, 644, 644, 643, 618, 617, 617, 618, 618, 618, 619, 620, 622, 624, 625, 626, 627, 0, 599, 595, 595, 596, 604, 0, 649, 653, 658, 662, 667, 671, 676, 682, 688, 693, 700, 707, 713, 719, 727, 736, 746, 756]
[0, 698, 693, 688, 683, 678, 676, 675, 671, 667, 663, 660, 658, 656, 653, 651, 649, 648, 647, 646, 645, 644, 644, 643, 617, 643, 618, 644, 644, 619, 645, 647, 624, 650, 626, 652, 0, 602, 595, 593, 595, 604, 0, 0, 677, 681, 686, 690, 696, 701, 707, 712, 718, 724, 731, 738, 746, 754, 763, 772, 781]
[0, 701, 695, 689, 685, 680, 676, 672, 668, 665, 662, 659, 657, 655, 653, 651, 648, 648, 646, 646, 645, 644, 645, 644, 643, 643, 643, 643, 644, 645, 646, 646, 647, 650, 651, 0, 0, 597, 595, 594, 597, 604, 0, 0, 680, 684, 689, 694, 699, 705, 710, 715, 720, 728, 736, 742, 751, 760, 769, 778, 788]
[0, 715, 710, 704, 699, 695, 690, 686, 682, 679, 675, 672, 669, 667, 666, 664, 663, 661, 659, 646, 658, 657, 645, 644, 643, 643, 643, 643, 643, 644, 645, 647, 647, 648, 650, 652, 0, 599, 593, 593, 597, 604, 0, 0, 679, 683, 688, 693, 698, 704, 710, 714, 720, 727, 734, 742, 750, 758, 767, 775, 784]
[0, 714, 709, 704, 699, 695, 691, 686, 682, 679, 675, 672, 669, 667, 666, 664, 662, 661, 659, 660, 659, 658, 657, 656, 656, 656, 656, 657, 657, 657, 658, 659, 660, 662, 664, 666, 0, 599, 594, 593, 596, 604, 0, 0, 694, 699, 703, 708, 712, 717, 723, 730, 736, 743, 752, 759, 767, 774, 784, 794, 804]
[0, 714, 706, 702, 699, 697, 692, 688, 684, 681, 678, 674, 672, 668, 666, 665, 663, 661, 660, 660, 658, 657, 657, 656, 656, 655, 656, 657, 657, 658, 659, 660, 662, 663, 664, 667, 0, 598, 592, 591, 596, 604, 0, 0, 694, 700, 704, 709, 713, 717, 723, 731, 738, 744, 752, 760, 767, 775, 785, 794, 805]
[0, 732, 726, 720, 716, 713, 709, 706, 684, 701, 698, 695, 690, 688, 686, 683, 681, 680, 679, 678, 678, 677, 676, 657, 656, 655, 656, 657, 658, 659, 659, 660, 662, 663, 666, 667, 0, 603, 595, 592, 593, 599, 0, 0, 696, 700, 701, 711, 0, 721, 727, 731, 739, 744, 747, 756, 763, 780, 791, 794, 800]
[0, 733, 727, 722, 717, 713, 710, 706, 702, 699, 695, 695, 689, 688, 686, 684, 682, 680, 679, 678, 678, 677, 676, 675, 676, 675, 675, 676, 676, 677, 679, 680, 680, 682, 684, 687, 0, 596, 591, 591, 594, 604, 0, 711, 715, 719, 724, 730, 735, 740, 747, 755, 761, 768, 775, 784, 792, 801, 809, 819, 828]
[0, 735, 730, 724, 718, 714, 710, 706, 703, 700, 695, 695, 693, 690, 688, 687, 683, 682, 683, 680, 678, 678, 678, 675, 676, 675, 675, 676, 676, 677, 679, 679, 680, 682, 685, 687, 0, 596, 591, 591, 595, 605, 0, 712, 715, 719, 724, 730, 736, 741, 749, 756, 761, 768, 776, 785, 793, 801, 811, 820, 829]
[0, 742, 736, 730, 724, 720, 716, 712, 703, 708, 706, 703, 700, 697, 694, 692, 690, 688, 687, 687, 685, 684, 684, 679, 679, 678, 677, 677, 679, 679, 679, 680, 683, 684, 685, 690, 0, 595, 591, 591, 591, 605, 0, 713, 717, 724, 729, 734, 739, 745, 751, 758, 766, 773, 782, 790, 799, 809, 817, 826, 835]
[0, 742, 736, 730, 724, 720, 716, 712, 708, 706, 702, 703, 700, 697, 694, 692, 690, 688, 687, 687, 685, 684, 684, 684, 684, 683, 683, 683, 685, 686, 687, 687, 689, 691, 693, 0, 603, 595, 591, 591, 591, 605, 0, 720, 724, 729, 734, 739, 745, 751, 758, 765, 772, 779, 786, 794, 802, 811, 822, 830, 840]
[0, 742, 741, 729, 724, 724, 719, 716, 712, 708, 705, 702, 700, 697, 694, 692, 690, 689, 688, 686, 686, 685, 684, 684, 683, 683, 683, 683, 685, 686, 687, 687, 689, 691, 694, 0, 603, 595, 590, 591, 591, 605, 0, 720, 724, 729, 734, 739, 745, 751, 758, 765, 772, 779, 787, 794, 802, 811, 821, 830, 840]
[0, 777, 770, 765, 761, 756, 750, 745, 741, 737, 734, 731, 729, 727, 723, 721, 719, 718, 717, 716, 716, 715, 715, 683, 683, 683, 684, 684, 685, 686, 687, 688, 689, 692, 694, 0, 603, 595, 594, 592, 592, 596, 0, 0, 724, 729, 735, 740, 746, 752, 759, 766, 772, 780, 789, 797, 806, 814, 822, 832, 842]
[0, 776, 770, 765, 760, 755, 750, 745, 741, 737, 734, 731, 729, 727, 724, 721, 719, 718, 716, 716, 715, 715, 715, 715, 715, 715, 715, 715, 716, 717, 718, 720, 722, 724, 726, 0, 0, 598, 591, 588, 590, 598, 0, 0, 761, 765, 735, 775, 783, 0, 789, 803, 772, 810, 827, 797, 842, 852, 862, 872, 881]
[0, 788, 781, 775, 770, 766, 762, 756, 751, 748, 745, 741, 737, 735, 735, 733, 730, 728, 727, 726, 725, 724, 723, 715, 715, 715, 715, 715, 716, 717, 718, 719, 720, 722, 724, 726, 0, 597, 590, 589, 591, 597, 0, 0, 0, 760, 766, 771, 777, 784, 791, 798, 806, 812, 820, 829, 837, 845, 855, 865, 874]
[0, 792, 787, 782, 776, 771, 767, 762, 758, 754, 751, 747, 744, 735, 743, 738, 737, 728, 735, 734, 734, 733, 732, 723, 724, 724, 724, 725, 726, 728, 729, 730, 732, 734, 736, 726, 0, 597, 590, 588, 588, 596, 0, 0, 0, 770, 782, 789, 795, 0, 801, 807, 824, 812, 830, 838, 849, 859, 867, 884, 895]
[0, 804, 797, 791, 786, 781, 776, 771, 766, 762, 758, 755, 752, 750, 748, 746, 744, 743, 741, 739, 739, 738, 737, 731, 731, 732, 732, 733, 734, 734, 736, 737, 739, 741, 743, 746, 0, 595, 589, 592, 597, 602, 0, 771, 776, 780, 787, 793, 800, 806, 812, 820, 827, 834, 842, 852, 861, 868, 878, 887, 896]
[0, 804, 797, 791, 786, 781, 776, 771, 767, 763, 759, 755, 752, 750, 748, 746, 745, 743, 741, 740, 740, 738, 737, 737, 737, 738, 738, 739, 740, 741, 742, 744, 747, 749, 751, 746, 0, 599, 590, 588, 587, 592, 0, 0, 784, 790, 796, 803, 809, 814, 822, 829, 835, 844, 854, 863, 871, 879, 888, 898, 908]
[0, 803, 797, 791, 785, 781, 775, 771, 766, 763, 759, 756, 754, 752, 750, 748, 746, 744, 742, 740, 740, 740, 737, 738, 739, 739, 740, 740, 741, 744, 744, 745, 748, 750, 753, 746, 0, 597, 590, 590, 591, 592, 0, 0, 788, 793, 799, 805, 0, 818, 826, 831, 838, 847, 857, 866, 874, 883, 888, 901, 912]
[0, 838, 832, 827, 822, 817, 812, 809, 804, 800, 796, 756, 789, 752, 786, 784, 783, 781, 779, 777, 777, 776, 775, 738, 739, 740, 740, 741, 741, 743, 745, 747, 749, 751, 753, 755, 0, 593, 588, 587, 591, 600, 0, 781, 786, 792, 797, 804, 810, 817, 824, 829, 835, 844, 854, 864, 872, 881, 889, 900, 911]
[0, 836, 832, 826, 822, 821, 816, 812, 807, 803, 799, 795, 792, 789, 786, 784, 783, 780, 778, 778, 777, 776, 776, 777, 777, 776, 776, 777, 779, 781, 781, 783, 785, 787, 790, 755, 0, 599, 590, 587, 586, 600, 0, 822, 827, 831, 835, 841, 848, 857, 865, 871, 877, 884, 893, 903, 913, 923, 934, 944, 954]
[0, 854, 847, 840, 836, 830, 824, 821, 817, 813, 808, 805, 802, 799, 796, 793, 792, 791, 790, 789, 788, 787, 776, 776, 776, 777, 777, 778, 781, 782, 783, 785, 786, 788, 792, 755, 0, 597, 590, 587, 587, 595, 0, 825, 830, 834, 838, 841, 852, 857, 860, 874, 877, 881, 889, 897, 907, 918, 928, 938, 949]
[0, 861, 854, 848, 841, 836, 831, 827, 823, 819, 814, 811, 808, 805, 803, 802, 792, 800, 798, 796, 788, 796, 795, 788, 776, 788, 787, 788, 789, 790, 791, 793, 796, 799, 801, 804, 0, 592, 587, 586, 589, 597, 0, 0, 835, 840, 846, 854, 861, 868, 874, 880, 886, 894, 904, 915, 925, 935, 944, 953, 966]
[0, 859, 854, 853, 845, 838, 834, 829, 826, 822, 818, 814, 812, 809, 806, 804, 802, 802, 800, 799, 797, 797, 797, 794, 794, 793, 794, 797, 798, 799, 800, 802, 805, 807, 809, 812, 0, 0, 590, 586, 586, 589, 600, 0, 845, 851, 858, 865, 870, 876, 883, 889, 897, 906, 916, 924, 934, 945, 954, 964, 978]
[0, 886, 880, 853, 871, 838, 866, 860, 855, 851, 845, 841, 839, 835, 833, 831, 831, 829, 827, 826, 825, 825, 825, 796, 796, 796, 796, 798, 800, 802, 804, 806, 808, 811, 813, 812, 0, 596, 589, 586, 587, 593, 0, 843, 850, 855, 862, 868, 873, 880, 887, 894, 902, 912, 921, 930, 940, 950, 954, 971, 986]
[0, 886, 880, 875, 870, 866, 861, 857, 852, 847, 845, 844, 839, 836, 834, 831, 830, 829, 827, 826, 827, 826, 825, 824, 824, 825, 825, 827, 828, 829, 831, 833, 835, 837, 838, 812, 0, 595, 587, 585, 586, 591, 0, 872, 877, 882, 888, 895, 902, 909, 918, 926, 934, 942, 950, 961, 973, 985, 995, 1006, 1018]
[0, 889, 883, 877, 872, 867, 863, 858, 853, 848, 845, 841, 837, 834, 833, 831, 830, 828, 826, 826, 825, 825, 825, 824, 825, 826, 826, 826, 828, 830, 830, 832, 834, 835, 837, 840, 0, 591, 585, 585, 585, 597, 0, 0, 875, 881, 887, 892, 897, 904, 913, 921, 930, 939, 947, 956, 965, 977, 989, 1000, 1012]
[0, 886, 881, 875, 871, 867, 866, 861, 857, 852, 845, 841, 839, 835, 833, 831, 830, 829, 828, 827, 826, 825, 825, 825, 825, 826, 826, 828, 829, 830, 832, 833, 835, 837, 840, 840, 0, 592, 586, 585, 587, 593, 0, 874, 879, 885, 891, 896, 902, 910, 919, 928, 936, 944, 952, 961, 973, 985, 996, 1006, 1018]
[0, 894, 888, 883, 876, 871, 867, 863, 858, 854, 850, 845, 841, 839, 837, 835, 833, 832, 831, 830, 830, 829, 829, 825, 826, 826, 827, 827, 829, 830, 831, 833, 835, 836, 838, 844, 0, 0, 590, 586, 585, 588, 599, 0, 876, 881, 887, 893, 898, 905, 914, 923, 932, 941, 948, 956, 966, 979, 990, 1000, 1013]
[0, 916, 910, 902, 895, 890, 885, 879, 875, 872, 869, 865, 863, 859, 856, 854, 852, 850, 850, 849, 849, 847, 829, 829, 830, 830, 830, 831, 833, 835, 836, 838, 840, 844, 847, 844, 0, 595, 587, 585, 586, 591, 0, 879, 885, 891, 896, 903, 911, 920, 929, 936, 943, 952, 961, 972, 983, 994, 1005, 1017, 1029]
[0, 923, 916, 910, 904, 898, 892, 888, 883, 879, 876, 873, 870, 868, 866, 864, 862, 861, 860, 858, 857, 856, 847, 847, 848, 849, 849, 849, 851, 854, 856, 857, 860, 863, 864, 844, 0, 592, 586, 584, 586, 592, 0, 896, 903, 911, 917, 924, 930, 937, 945, 954, 962, 972, 983, 994, 1004, 1014, 1025, 1036, 1050]
[0, 923, 939, 933, 927, 898, 922, 917, 912, 907, 903, 898, 894, 891, 888, 886, 884, 883, 882, 881, 880, 880, 879, 857, 858, 849, 860, 861, 851, 865, 866, 857, 870, 863, 871, 873, 0, 590, 585, 583, 586, 595, 0, 0, 910, 917, 924, 930, 936, 943, 951, 958, 967, 979, 990, 999, 1008, 1018, 1030, 1041, 1054]
[0, 954, 947, 941, 936, 898, 930, 925, 920, 914, 910, 906, 903, 898, 895, 894, 892, 891, 889, 888, 888, 887, 886, 879, 880, 881, 882, 882, 884, 885, 888, 890, 892, 893, 896, 873, 0, 595, 586, 584, 584, 588, 0, 0, 0, 948, 953, 960, 968, 979, 988, 995, 1004, 1016, 1026, 1036, 1047, 1058, 1071, 1084, 1098]
[0, 968, 960, 954, 949, 943, 939, 934, 930, 926, 910, 918, 913, 910, 895, 908, 903, 891, 901, 901, 900, 900, 901, 887, 888, 888, 889, 891, 892, 894, 895, 897, 899, 902, 905, 873, 0, 595, 586, 584, 584, 588, 0, 0, 949, 956, 963, 970, 977, 987, 995, 1002, 1011, 1021, 1032, 1042, 1052, 1063, 1075, 1089, 1103]
[0, 968, 992, 984, 977, 971, 963, 957, 952, 948, 943, 940, 937, 934, 931, 929, 928, 926, 924, 922, 921, 921, 901, 900, 901, 902, 902, 903, 905, 908, 909, 911, 914, 917, 921, 927, 0, 595, 589, 584, 583, 586, 596, 0, 961, 969, 978, 987, 993, 999, 1007, 1015, 1024, 1034, 1046, 1056, 1066, 1078, 1088, 1102, 1118]
[0, 995, 987, 980, 975, 967, 959, 954, 950, 945, 941, 938, 935, 932, 930, 929, 926, 923, 923, 923, 921, 923, 923, 924, 925, 925, 926, 927, 929, 931, 932, 935, 938, 941, 944, 927, 0, 594, 585, 582, 582, 587, 596, 0, 992, 997, 1004, 1012, 1019, 1027, 1035, 1044, 1055, 1065, 1075, 1085, 1096, 1109, 1123, 1140, 1156]
[0, 1010, 1003, 997, 991, 984, 978, 973, 968, 962, 956, 953, 951, 948, 945, 929, 941, 923, 941, 940, 939, 937, 938, 923, 924, 925, 927, 928, 928, 929, 932, 934, 936, 939, 942, 947, 0, 0, 588, 584, 583, 587, 596, 0, 989, 996, 1001, 1009, 1018, 1025, 1034, 1041, 1050, 1061, 1072, 1083, 1092, 1104, 1120, 1134, 1150]
[0, 1023, 1016, 1009, 1003, 996, 992, 987, 982, 976, 970, 967, 963, 960, 958, 958, 955, 952, 951, 952, 949, 949, 938, 940, 941, 940, 942, 944, 947, 947, 949, 952, 954, 957, 961, 947, 0, 0, 586, 582, 583, 587, 598, 0, 1009, 1017, 1026, 1035, 1043, 1052, 1061, 1070, 1081, 1091, 1102, 1115, 1127, 1140, 1155, 1170, 1184]
[0, 1022, 1014, 1007, 1002, 996, 990, 985, 981, 974, 970, 966, 961, 958, 957, 956, 953, 951, 952, 952, 949, 950, 950, 951, 952, 953, 953, 954, 955, 957, 960, 962, 965, 968, 973, 947, 0, 592, 584, 581, 584, 589, 598, 0, 1021, 1028, 1034, 1041, 1050, 1061, 1071, 1080, 1090, 1100, 1111, 1123, 1135, 1147, 1162, 1176, 1188]
[0, 1090, 1084, 1078, 1071, 1064, 1058, 1052, 1047, 1043, 1038, 1035, 1031, 1028, 1025, 1022, 1019, 1018, 1018, 1016, 1015, 1015, 950, 951, 952, 953, 954, 955, 957, 959, 961, 963, 965, 971, 975, 947, 0, 592, 583, 581, 585, 592, 598, 0, 1014, 1030, 1038, 1046, 1055, 1065, 1074, 1083, 1093, 1104, 1116, 1128, 1141, 1155, 1166, 1181, 1196]
[0, 1085, 1080, 1073, 1066, 1061, 1055, 1052, 1043, 1043, 1039, 1036, 1032, 1029, 1025, 1024, 1022, 1019, 1017, 1016, 1016, 1016, 1015, 1015, 1016, 1016, 1017, 1019, 1022, 1024, 1027, 1030, 1033, 1036, 1045, 947, 0, 591, 584, 581, 583, 589, 598, 0, 1092, 1101, 1112, 1125, 1133, 1142, 1151, 1161, 1171, 1180, 1190, 1204, 1218, 1235, 1253, 1267, 1279]
[0, 1091, 1084, 1078, 1071, 1065, 1058, 1052, 1047, 1042, 1038, 1035, 1031, 1029, 1026, 1024, 1021, 1020, 1018, 1016, 1016, 1017, 1015, 1015, 1015, 1016, 1018, 1019, 1021, 1024, 1026, 1029, 1033, 1037, 1043, 947, 0, 591, 584, 581, 582, 588, 598, 0, 1092, 1101, 1112, 1125, 1133, 1142, 1152, 1161, 1171, 1181, 1194, 1206, 1221, 1237, 1253, 1267, 1279]
[0, 1090, 1083, 1076, 1069, 1064, 1058, 1051, 1045, 1042, 1039, 1035, 1030, 1027, 1025, 1023, 1021, 1019, 1018, 1016, 1017, 1017, 1017, 1017, 1018, 1019, 1020, 1022, 1025, 1028, 1030, 1033, 1035, 1039, 1048, 947, 0, 0, 587, 583, 582, 585, 594, 0, 1093, 1102, 1111, 1121, 1128, 1138, 1150, 1158, 1169, 1182, 1190, 1202, 1216, 1230, 1245, 1261, 1275]
[0, 1108, 1101, 1094, 1086, 1080, 1075, 1070, 1065, 1059, 1055, 1052, 1030, 1044, 1025, 1042, 1039, 1038, 1036, 1034, 1034, 1033, 1034, 1017, 1018, 1019, 1020, 1022, 1023, 1025, 1028, 1031, 1033, 1037, 1044, 947, 0, 594, 585, 582, 582, 585, 594, 0, 1095, 1104, 1115, 1124, 1131, 1141, 1152, 1162, 1170, 1180, 1196, 1207, 1218, 1235, 1252, 1266, 1277]
[0, 1109, 1101, 1094, 1086, 1080, 1075, 1070, 1065, 1059, 1055, 1052, 1030, 1048, 1042, 1042, 1040, 1038, 1036, 1034, 1034, 1033, 1034, 1034, 1035, 1037, 1040, 1043, 1042, 1046, 1050, 1057, 1060, 1058, 1064, 947, 0, 592, 583, 580, 582, 586, 594, 0, 1118, 1127, 1136, 1145, 1153, 1161, 1169, 1180, 1191, 1203, 1217, 1232, 1244, 1257, 1272, 1286, 1302]
[0, 1109, 1144, 1127, 1086, 1120, 1114, 1108, 1100, 1093, 1090, 1086, 1082, 1080, 1077, 1074, 1070, 1068, 1067, 1066, 1067, 1069, 1034, 1034, 1035, 1037, 1039, 1042, 1044, 1048, 1050, 1060, 1063, 1058, 1064, 947, 0, 592, 583, 580, 582, 586, 594, 0, 1119, 1127, 1137, 1146, 1153, 1163, 1171, 1179, 1191, 1203, 1217, 1231, 1244, 1258, 1272, 1286, 1303]
[0, 1146, 1137, 1130, 1122, 1115, 1110, 1102, 1094, 1090, 1087, 1083, 1080, 1078, 1074, 1072, 1070, 1070, 1069, 1068, 1067, 1069, 1069, 1069, 1071, 1072, 1073, 1075, 1077, 1080, 1082, 1086, 1089, 1094, 1100, 947, 0, 588, 582, 580, 582, 589, 594, 0, 1154, 1163, 1171, 1178, 1188, 1198, 1208, 1219, 1228, 1236, 1246, 1257, 1267, 1277, 1289, 1302, 1317]
[0, 1174, 1166, 1130, 1161, 1156, 1147, 1141, 1138, 1131, 1125, 1120, 1118, 1117, 1112, 1108, 1106, 1105, 1100, 1098, 1098, 1099, 1069, 1071, 1072, 1072, 1073, 1076, 1080, 1082, 1082, 1087, 1088, 1093, 1101, 947, 0, 591, 583, 580, 582, 586, 594, 0, 1155, 1162, 1168, 1176, 1185, 1197, 1207, 1217, 1226, 1235, 1246, 1256, 1265, 1275, 1286, 1299, 1314]
[0, 1175, 1168, 1162, 1156, 1149, 1142, 1137, 1138, 1130, 1125, 1124, 1121, 1118, 1113, 1107, 1106, 1106, 1105, 1103, 1100, 1100, 1100, 1102, 1104, 1105, 1105, 1109, 1110, 1115, 1119, 1121, 1125, 1128, 1130, 947, 0, 591, 583, 580, 583, 591, 594, 0, 1169, 1175, 1182, 1189, 1195, 1202, 1210, 1217, 1229, 1236, 1246, 1247, 1257, 1268, 1280, 1290, 1302]
[0, 1195, 1187, 1178, 1170, 1165, 1161, 1156, 1148, 1140, 1138, 1136, 1134, 1131, 1113, 1127, 1124, 1123, 1122, 1119, 1120, 1121, 1101, 1102, 1104, 1106, 1106, 1109, 1111, 1114, 1117, 1120, 1124, 1127, 1130, 947, 0, 588, 582, 580, 581, 589, 594, 0, 1170, 1176, 1181, 1187, 1192, 1199, 1209, 1218, 1227, 1236, 1246, 1257, 1266, 1277, 1288, 1290, 1301]
[0, 1197, 1187, 1179, 1172, 1166, 1162, 1158, 1149, 1140, 1138, 1137, 1134, 1131, 1127, 1124, 1123, 1122, 1120, 1119, 1121, 1122, 1119, 1118, 1119, 1119, 1121, 1123, 1124, 1126, 1129, 1133, 1135, 1139, 1139, 947, 0, 589, 581, 580, 582, 588, 594, 0, 1167, 1172, 1179, 1186, 1191, 1197, 1207, 1217, 1227, 1236, 1245, 1256, 1265, 1274, 1284, 1297, 1313]
[0, 1231, 1224, 1214, 1206, 1199, 1191, 1185, 1180, 1176, 1173, 1168, 1165, 1163, 1160, 1158, 1155, 1152, 1152, 1149, 1146, 1145, 1119, 1119, 1120, 1121, 1121, 1124, 1125, 1126, 1129, 1132, 1135, 1137, 1138, 947, 0, 591, 583, 580, 581, 586, 594, 0, 1166, 1172, 1177, 1184, 1192, 1198, 1207, 1215, 1224, 1234, 1242, 1253, 1264, 1273, 1284, 1297, 1311]
[0, 1231, 1223, 1214, 1206, 1200, 1191, 1184, 1179, 1176, 1174, 1168, 1165, 1163, 1160, 1158, 1155, 1153, 1152, 1149, 1145, 1145, 1141, 1135, 1133, 1133, 1121, 1130, 1129, 1131, 1131, 1130, 1131, 1132, 1132, 947, 0, 0, 584, 580, 580, 583, 0, 0, 1164, 1171, 1176, 1182, 1189, 1195, 1201, 1209, 1220, 1232, 1238, 1247, 1259, 1271, 1281, 1290, 1302]
[0, 1263, 1256, 1249, 1242, 1234, 1228, 1222, 1214, 1203, 1192, 1168, 1185, 1179, 1172, 1165, 1160, 1156, 1153, 1149, 1144, 1142, 1141, 1135, 1133, 1133, 1133, 1131, 1130, 1129, 1129, 1130, 1130, 1132, 1132, 947, 0, 0, 583, 579, 580, 0, 0, 0, 1163, 1169, 1177, 1183, 1191, 1198, 1203, 1212, 1223, 1233, 1241, 1250, 1260, 1271, 1283, 1292, 1306]
[0, 1265, 1259, 1252, 1243, 1236, 1229, 1223, 1214, 1203, 1193, 1184, 1180, 1173, 1165, 1162, 1157, 1156, 1153, 1147, 1144, 1143, 1139, 1137, 1135, 1134, 1135, 1133, 1131, 1131, 1131, 1130, 1129, 1130, 1133, 947, 0, 588, 582, 580, 580, 588, 0, 0, 1169, 1175, 1180, 1187, 1193, 1199, 1207, 1216, 1224, 1233, 1241, 1255, 1260, 1264, 1274, 1285, 1295]
[0, 1286, 1274, 1264, 1253, 1242, 1233, 1222, 1214, 1205, 1195, 1187, 1180, 1175, 1168, 1161, 1156, 1152, 1148, 1146, 1143, 1140, 1140, 1139, 1138, 1135, 1134, 1132, 1130, 1132, 1132, 1130, 1130, 1134, 1137, 947, 0, 591, 582, 579, 580, 585, 0, 0, 1163, 1171, 1177, 1184, 1190, 1196, 1206, 1213, 1222, 1233, 1241, 1250, 1261, 1271, 1281, 1292, 1304]
[0, 1286, 1274, 1264, 1253, 1242, 1233, 1222, 1214, 1205, 1195, 1187, 1180, 1175, 1168, 1162, 1157, 1152, 1149, 1146, 1143, 1140, 1139, 1138, 1136, 1133, 1131, 1129, 1130, 1131, 1131, 1131, 1131, 1132, 1137, 1134, 0, 0, 585, 580, 579, 583, 593, 0, 1163, 1164, 1172, 1178, 1184, 1191, 1198, 1208, 1218, 1227, 1235, 1243, 1252, 1264, 1274, 1286, 1298]
[0, 1278, 1267, 1254, 1243, 1235, 1227, 1218, 1214, 1207, 1199, 1192, 1183, 1178, 1172, 1165, 1159, 1154, 1152, 1148, 1143, 1141, 1139, 1138, 1136, 1133, 1131, 1130, 1130, 1131, 1131, 1131, 1131, 1131, 1132, 1134, 0, 0, 585, 580, 579, 583, 593, 0, 1163, 1164, 1172, 1179, 1184, 1191, 1198, 1207, 1218, 1226, 1234, 1243, 1253, 1264, 1274, 1286, 1297]
[0, 1282, 1271, 1259, 1247, 1237, 1228, 1218, 1210, 1200, 1190, 1184, 1179, 1172, 1165, 1161, 1157, 1153, 1152, 1149, 1146, 1142, 1139, 1135, 1132, 1131, 1131, 1132, 1130, 1130, 1128, 1127, 1129, 1130, 1132, 1134, 0, 588, 581, 580, 581, 588, 593, 0, 1162, 1167, 1172, 1180, 1189, 1195, 1200, 1210, 1220, 1229, 1238, 1250, 1260, 1264, 1282, 1286, 1292]
[0, 1276, 1266, 1255, 1247, 1245, 1235, 1225, 1216, 1207, 1197, 1189, 1182, 1177, 1170, 1166, 1160, 1153, 1151, 1147, 1143, 1141, 1139, 1135, 1131, 1132, 1131, 1129, 1129, 1127, 1127, 1129, 1130, 1131, 1134, 1134, 0, 591, 583, 579, 580, 585, 593, 0, 1159, 1164, 1173, 1183, 1189, 1193, 1199, 1209, 1218, 1226, 1238, 1247, 1256, 1266, 1276, 1290, 1304]
[0, 1278, 1267, 1254, 1243, 1235, 1225, 1215, 1216, 1206, 1198, 1191, 1182, 1177, 1171, 1165, 1160, 1155, 1152, 1147, 1143, 1141, 1138, 1134, 1132, 1130, 1129, 1128, 1127, 1126, 1127, 1129, 1131, 1132, 1132, 1134, 0, 0, 581, 579, 583, 585, 589, 0, 1162, 1170, 1177, 1182, 0, 1189, 1194, 1203, 1213, 1221, 1232, 1242, 1250, 1261, 1271, 1283, 1296]
[0, 1285, 1273, 1263, 1251, 1240, 1232, 1222, 1210, 1201, 1193, 1186, 1180, 1173, 1166, 1161, 1156, 1152, 1148, 1145, 1142, 1139, 1137, 1134, 1132, 1130, 1131, 1131, 1129, 1128, 1127, 1127, 1128, 1130, 1131, 1134, 0, 588, 581, 579, 583, 581, 588, 0, 1162, 1167, 1172, 1181, 1189, 1195, 1202, 1211, 1220, 1221, 1241, 1242, 1260, 1261, 1281, 1283, 1293]
[0, 1278, 1269, 1256, 1244, 1237, 1228, 1216, 1205, 1197, 1190, 1183, 1179, 1172, 1165, 1160, 1155, 1152, 1149, 1146, 1144, 1140, 1138, 1135, 1134, 1132, 1129, 1128, 1129, 1128, 1126, 1129, 1129, 1128, 1131, 1134, 0, 0, 585, 580, 579, 583, 593, 0, 1162, 1161, 1167, 1176, 1182, 1187, 1195, 1203, 1210, 1221, 1233, 1242, 1252, 1261, 1272, 1285, 1296]
[0, 1285, 1273, 1262, 1251, 1240, 1231, 1221, 1210, 1201, 1193, 1185, 1179, 1172, 1165, 1160, 1156, 1152, 1147, 1145, 1142, 1139, 1138, 1135, 1132, 1132, 1130, 1129, 1129, 1127, 1128, 1129, 1129, 1130, 1129, 1134, 0, 592, 583, 579, 580, 586, 593, 0, 1159, 1164, 1172, 1179, 1185, 1193, 1199, 1206, 1215, 1226, 1237, 1244, 1254, 1266, 1275, 1284, 1299]
[0, 1283, 1273, 1261, 1249, 1240, 1231, 1220, 1210, 1201, 1193, 1185, 1179, 1173, 1166, 1160, 1155, 1151, 1147, 1143, 1140, 1138, 1137, 1135, 1133, 1131, 1128, 1128, 1129, 1127, 1126, 1129, 1129, 1130, 1128, 1130, 0, 0, 585, 580, 579, 583, 593, 0, 1162, 1161, 1167, 1176, 1183, 1188, 1195, 1203, 1210, 1219, 1231, 1242, 1251, 1263, 1273, 1284, 1296]
[0, 1277, 1267, 1254, 1243, 1234, 1224, 1215, 1204, 1196, 1190, 1185, 1183, 1175, 1168, 1163, 1158, 1154, 1149, 1145, 1143, 1140, 1135, 1133, 1132, 1129, 1127, 1127, 1127, 1126, 1126, 1126, 1127, 1128, 1128, 1130, 0, 0, 587, 581, 581, 583, 593, 0, 1161, 1160, 1167, 1174, 1181, 1187, 1193, 1201, 1209, 1219, 1230, 1241, 1250, 1260, 1271, 1283, 1294]
[0, 1282, 1269, 1257, 1246, 1235, 1225, 1214, 1206, 1200, 1194, 1186, 1179, 1170, 1162, 1158, 1155, 1152, 1148, 1144, 1140, 1137, 1137, 1134, 1132, 1131, 1129, 1129, 1129, 1127, 1127, 1126, 1126, 1129, 1129, 1130, 0, 592, 583, 581, 583, 589, 593, 0, 1158, 1164, 1170, 1177, 1185, 1192, 1198, 1206, 1214, 1225, 1236, 1246, 1255, 1265, 1276, 1286, 1295]
[0, 1281, 1268, 1257, 1246, 1235, 1225, 1215, 1206, 1200, 1193, 1185, 1178, 1170, 1162, 1158, 1155, 1151, 1147, 1144, 1141, 1138, 1137, 1133, 1129, 1128, 1129, 1128, 1127, 1127, 1126, 1126, 1125, 1127, 1129, 1128, 0, 0, 589, 584, 583, 587, 0, 0, 1156, 1161, 1167, 1175, 1180, 1185, 1192, 1200, 1209, 1218, 1230, 1241, 1250, 1262, 1273, 1284, 1300]
[0, 1283, 1272, 1259, 1247, 1239, 1228, 1217, 1209, 1200, 1192, 1185, 1178, 1172, 1165, 1159, 1155, 1151, 1147, 1143, 1140, 1138, 1136, 1134, 1130, 1128, 1127, 1126, 1127, 1126, 1125, 1125, 1126, 1127, 1128, 1128, 0, 0, 588, 583, 582, 586, 597, 0, 1156, 1160, 1166, 1174, 1181, 1186, 1192, 1200, 1209, 1218, 1227, 1238, 1249, 1260, 1272, 1284, 1300]
[0, 1271, 1261, 1251, 1242, 1232, 1221, 1211, 1200, 1192, 1192, 1185, 1180, 1174, 1166, 1161, 1158, 1151, 1146, 1144, 1142, 1139, 1135, 1133, 1129, 1127, 1126, 1126, 1127, 1125, 1124, 1125, 1126, 1127, 1128, 1128, 0, 0, 589, 583, 582, 586, 597, 0, 1156, 1160, 1166, 1174, 1180, 1186, 1193, 1201, 1209, 1218, 1227, 1237, 1249, 1260, 1272, 1284, 1300]
[0, 1277, 1267, 1255, 1243, 1233, 1222, 1213, 1204, 1196, 1189, 1183, 1174, 1167, 1164, 1159, 1152, 1147, 1146, 1144, 1141, 1140, 1138, 1132, 1132, 1130, 1127, 1124, 1123, 1122, 1123, 1124, 1126, 1128, 1127, 1128, 0, 0, 587, 584, 585, 592, 0, 0, 1161, 1167, 1171, 1178, 1186, 1199, 1211, 1219, 1231, 1242, 1248, 1257, 1267, 1279, 1293, 1304, 1317]
[0, 1275, 1265, 1255, 1244, 1233, 1222, 1212, 1203, 1196, 1189, 1182, 1174, 1167, 1162, 1158, 1151, 1146, 1144, 1144, 1139, 1137, 1138, 1134, 1131, 1128, 1126, 1124, 1123, 1125, 1128, 1128, 1124, 1123, 1126, 1127, 0, 0, 590, 586, 586, 590, 0, 0, 1167, 1173, 1180, 1191, 1199, 1205, 1212, 1221, 1230, 1239, 1248, 1253, 1260, 1273, 1288, 1302, 1316]
[0, 1269, 1265, 1260, 1252, 1240, 1228, 1218, 1208, 1200, 1192, 1186, 1180, 1172, 1164, 1159, 1155, 1151, 1147, 1145, 1143, 1143, 1133, 1134, 1131, 1129, 1127, 1125, 1123, 1124, 1127, 1126, 1123, 1123, 1126, 1127, 0, 0, 590, 586, 586, 591, 0, 0, 1167, 1173, 1180, 1190, 1199, 1205, 1213, 1222, 1230, 1239, 1248, 1253, 1261, 1274, 1288, 1303, 1316]
[0, 1271, 1261, 1251, 1242, 1231, 1220, 1212, 1202, 1195, 1188, 1182, 1174, 1167, 1162, 1157, 1153, 1149, 1147, 1145, 1143, 1140, 1144, 1143, 1143, 1141, 1138, 1135, 1135, 1135, 1137, 1138, 1138, 1139, 1141, 1142, 0, 0, 593, 589, 590, 599, 0, 1174, 1176, 1182, 1187, 1191, 1198, 1205, 1211, 1220, 1229, 1239, 1248, 1256, 1264, 1275, 1292, 1303, 1313]
[0, 1278, 1269, 1258, 1247, 1238, 1227, 1213, 1205, 1200, 1193, 1186, 1180, 1171, 1163, 1159, 1155, 1152, 1148, 1145, 1143, 1143, 1144, 1141, 1143, 1140, 1138, 1138, 1136, 1135, 1135, 1136, 1137, 1137, 1139, 1141, 0, 0, 595, 589, 588, 593, 0, 0, 1172, 1175, 1181, 1186, 1193, 1203, 1210, 1216, 1226, 1235, 1245, 1253, 1261, 1271, 1283, 1296, 1308]
[0, 1271, 1260, 1250, 1242, 1231, 1220, 1212, 1202, 1194, 1188, 1182, 1174, 1171, 1170, 1167, 1163, 1161, 1157, 1155, 1154, 1143, 1151, 1143, 1143, 1141, 1138, 1136, 1135, 1135, 1137, 1138, 1139, 1140, 1141, 1142, 0, 0, 593, 589, 590, 598, 0, 1173, 1177, 1182, 1187, 1191, 1197, 1205, 1213, 1221, 1229, 1238, 1247, 1256, 1263, 1275, 1290, 1302, 1314]
[0, 1273, 1262, 1252, 1244, 1235, 1224, 1214, 1206, 1199, 1192, 1185, 1179, 1177, 1175, 1173, 1172, 1166, 1162, 1158, 1153, 1150, 1151, 1148, 1142, 1141, 1138, 1139, 1136, 1135, 1136, 1136, 1137, 1138, 1140, 1142, 0, 0, 0, 592, 592, 596, 0, 0, 1171, 1175, 1181, 1187, 1193, 1200, 1207, 1216, 1225, 1235, 1245, 1252, 1261, 1270, 1283, 1296, 1308]
[0, 1288, 1281, 1272, 1260, 1251, 1242, 1234, 1223, 1215, 1212, 1206, 1198, 1190, 1182, 1176, 1171, 1167, 1163, 1159, 1154, 1153, 1151, 1146, 1146, 1142, 1138, 1137, 1136, 1138, 1139, 1137, 1138, 1140, 1142, 1142, 0, 0, 597, 593, 594, 596, 0, 1169, 1173, 1177, 1186, 1192, 1198, 1205, 1212, 1220, 1229, 1238, 1247, 1255, 1263, 1271, 1283, 1300, 1313]
[0, 1283, 1276, 1268, 1259, 1249, 1240, 1232, 1224, 1216, 1209, 1202, 1195, 1188, 1182, 1178, 1172, 1167, 1162, 1159, 1155, 1151, 1151, 1148, 1145, 1140, 1139, 1137, 1137, 1137, 1136, 1136, 1137, 1135, 1137, 1142, 0, 0, 597, 598, 599, 596, 0, 1166, 1170, 1178, 1187, 1191, 1197, 1204, 1212, 1220, 1229, 1238, 1247, 1254, 1262, 1270, 1282, 1296, 1308]
[0, 1289, 1281, 1267, 1256, 1245, 1235, 1227, 1219, 1213, 1206, 1200, 1193, 1186, 1182, 1176, 1170, 1167, 1163, 1158, 1152, 1149, 1149, 1148, 1146, 1142, 1140, 1138, 1137, 1136, 1136, 1136, 1138, 1140, 1142, 1142, 0, 0, 598, 598, 599, 596, 0, 1167, 1170, 1177, 1186, 1192, 1198, 1204, 1210, 1218, 1227, 1235, 1244, 1252, 1260, 1281, 1294, 1305, 1317]
[0, 1283, 1277, 1268, 1259, 1249, 1240, 1232, 1223, 1215, 1208, 1201, 1194, 1183, 1180, 1177, 1170, 1166, 1163, 1158, 1153, 1150, 1147, 1145, 1144, 1143, 1141, 1138, 1137, 1136, 1137, 1137, 1138, 1140, 1141, 1142, 0, 0, 0, 595, 597, 596, 0, 1165, 1168, 1176, 1183, 1188, 1196, 1202, 1208, 1216, 1225, 1235, 1245, 1252, 1260, 1269, 1281, 1305, 1317]
[0, 1294, 1281, 1268, 1259, 1251, 1243, 1235, 1226, 1217, 1210, 1203, 1195, 1188, 1180, 1176, 1172, 1167, 1163, 1159, 1155, 1151, 1146, 1145, 1145, 1141, 1141, 1139, 1139, 1140, 1139, 1136, 1136, 1137, 1139, 1140, 1142, 0, 0, 596, 596, 596, 0, 1166, 1171, 1175, 1181, 1192, 1204, 1209, 1215, 1224, 1232, 1241, 1250, 1258, 1266, 1278, 1291, 1303, 1313]
[0, 1296, 1283, 1271, 1260, 1251, 1242, 1234, 1226, 1217, 1211, 1205, 1198, 1190, 1182, 1176, 1171, 1167, 1163, 1160, 1156, 1151, 1148, 1146, 1144, 1142, 1139, 1137, 1134, 1136, 1133, 1131, 1136, 1139, 1141, 1140, 1140, 0, 0, 596, 596, 596, 0, 1166, 1171, 1175, 1181, 1188, 1196, 1208, 1215, 1223, 1232, 1241, 1250, 1259, 1267, 1277, 1291, 1303, 1316]
[0, 1286, 1275, 1271, 1255, 1251, 1245, 1235, 1227, 1219, 1212, 1203, 1195, 1190, 1183, 1177, 1172, 1168, 1165, 1160, 1156, 1151, 1148, 1147, 1145, 1142, 1140, 1138, 1136, 1136, 1135, 1136, 1137, 1137, 1140, 1141, 1142, 0, 0, 599, 597, 0, 0, 1170, 1174, 1180, 1187, 1194, 1200, 1206, 1214, 1223, 1235, 1244, 1248, 1256, 1266, 1278, 1291, 1303, 1316]
[0, 1297, 1284, 1272, 1261, 1253, 1244, 1234, 1225, 1217, 1211, 1203, 1195, 1190, 1183, 1176, 1171, 1167, 1162, 1157, 1154, 1151, 1148, 1147, 1145, 1142, 1139, 1138, 1135, 1135, 1135, 1134, 1135, 1138, 1140, 1141, 1141, 0, 0, 598, 596, 0, 0, 1165, 1170, 1174, 1181, 1188, 1195, 1201, 1207, 1215, 1225, 1234, 1243, 1252, 1260, 1270, 1282, 1295, 1305]
[0, 1286, 1284, 1263, 1255, 1253, 1245, 1235, 1227, 1218, 1211, 1203, 1196, 1190, 1183, 1176, 1171, 1167, 1162, 1158, 1154, 1151, 1148, 1146, 1147, 1144, 1139, 1137, 1135, 1135, 1135, 1136, 1139, 1140, 1139, 1140, 1141, 0, 0, 598, 596, 0, 0, 1166, 1170, 1174, 1181, 1188, 1194, 1202, 1208, 1214, 1233, 1234, 1242, 1259, 1260, 1280, 1282, 1293, 1317]
[0, 1289, 1278, 1265, 1256, 1249, 1240, 1230, 1221, 1213, 1205, 1198, 1192, 1188, 1180, 1171, 1170, 1164, 1158, 1155, 1152, 1149, 1148, 1147, 1145, 1142, 1139, 1140, 1138, 1137, 1136, 1135, 1135, 1137, 1141, 1141, 1139, 0, 0, 598, 598, 0, 0, 1164, 1169, 1176, 1183, 1192, 1200, 1202, 1207, 1217, 1226, 1232, 1241, 1253, 1262, 1271, 1282, 1295, 1308]
[0, 1289, 1278, 1266, 1256, 1249, 1239, 1227, 1218, 1212, 1204, 1198, 1192, 1186, 1177, 1171, 1166, 1161, 1158, 1152, 1149, 1148, 1147, 1145, 1142, 1140, 1139, 1139, 1139, 1137, 1136, 1137, 1137, 1137, 1140, 1142, 1139, 0, 0, 599, 597, 604, 1165, 1164, 1169, 1179, 1188, 1193, 1199, 1207, 1207, 1220, 1226, 1229, 1251, 1259, 1267, 1278, 1292, 1305, 1318]
