[0, 0, 0, 0, 0, 0, 0, 0, 0, 0, 0, 0, 0, 0, 0, 0, 0, 0, 0, 0, 0, 0, 0, 0, 0, 0, 0, 0, 0, 0, 0, 0, 0, 0, 0, 0, 0, 0, 0, 0, 0, 0, 0, 0, 0, 0, 0, 0, 0, 0, 0, 0, 0, 0, 0, 0, 0, 0, 0, 0, 0]
[0, 528, 523, 519, 514, 511, 508, 506, 505, 502, 499, 496, 493, 491, 489, 487, 486, 485, 483, 482, 481, 480, 480, 0, 0, 390, 384, 380, 379, 376, 381, 382, 0, 0, 483, 484, 485, 486, 487, 489, 491, 494, 496, 499, 501, 501, 504, 508, 511, 514, 518, 522, 526, 530, 535, 540, 545, 550, 556, 561, 566]
[0, 528, 525, 521, 517, 513, 510, 506, 503, 500, 497, 495, 492, 489, 488, 486, 486, 484, 482, 482, 481, 481, 480, 0, 0, 386, 379, 377, 378, 378, 379, 382, 0, 0, 481, 483, 484, 485, 487, 488, 490, 492, 494, 497, 499, 502, 505, 509, 512, 516, 520, 523, 528, 532, 537, 542, 547, 552, 558, 563, 570]
[0, 527, 523, 519, 515, 513, 511, 505, 503, 502, 499, 496, 493, 490, 489, 487, 485, 484, 483, 482, 480, 480, 480, 0, 0, 392, 383, 379, 378, 377, 378, 382, 0, 0, 483, 483, 485, 486, 487, 488, 490, 492, 493, 498, 500, 504, 508, 510, 514, 518, 522, 523, 525, 529, 533, 539, 544, 549, 555, 560, 566]
[0, 527, 523, 519, 514, 511, 508, 505, 502, 499, 499, 496, 494, 491, 488, 487, 485, 483, 483, 482, 481, 480, 480, 0, 0, 386, 379, 377, 377, 377, 379, 382, 0, 0, 482, 483, 484, 485, 487, 488, 490, 492, 494, 497, 500, 503, 506, 509, 512, 515, 519, 523, 527, 532, 537, 542, 547, 553, 558, 564, 571]
[0, 527, 523, 519, 514, 511, 508, 505, 505, 499, 496, 496, 494, 491, 488, 487, 485, 483, 483, 482, 481, 480, 480, 0, 0, 386, 379, 376, 378, 378, 379, 379, 0, 0, 481, 483, 484, 485, 486, 488, 490, 492, 494, 497, 499, 502, 505, 509, 512, 516, 520, 523, 527, 532, 537, 542, 547, 553, 558, 563, 570]
[0, 529, 524, 520, 517, 513, 509, 506, 502, 500, 497, 495, 492, 489, 488, 488, 484, 483, 483, 482, 481, 480, 480, 0, 0, 386, 378, 376, 378, 377, 379, 379, 0, 0, 481, 483, 484, 485, 486, 488, 490, 492, 494, 497, 499, 502, 505, 509, 512, 516, 520, 523, 528, 532, 537, 542, 547, 553, 558, 563, 570]
[0, 527, 522, 519, 515, 513, 511, 508, 504, 501, 499, 496, 493, 490, 488, 486, 485, 484, 483, 482, 481, 480, 480, 0, 390, 386, 384, 380, 378, 377, 381, 379, 0, 0, 483, 484, 485, 486, 487, 489, 490, 493, 494, 496, 499, 504, 505, 507, 510, 514, 518, 522, 526, 530, 535, 540, 545, 550, 556, 560, 566]
[0, 530, 525, 521, 517, 513, 510, 506, 502, 500, 497, 495, 492, 489, 488, 486, 485, 484, 483, 482, 481, 481, 480, 0, 0, 386, 384, 378, 375, 377, 374, 379, 0, 0, 482, 483, 484, 485, 487, 488, 490, 493, 495, 497, 500, 503, 505, 509, 512, 515, 519, 523, 527, 532, 537, 542, 547, 553, 558, 564, 570]
[0, 536, 531, 527, 524, 521, 517, 513, 510, 507, 504, 501, 499, 497, 495, 486, 492, 484, 491, 489, 488, 487, 487, 0, 0, 390, 383, 379, 375, 377, 380, 379, 0, 0, 483, 483, 485, 486, 487, 488, 491, 493, 496, 499, 500, 501, 504, 508, 511, 514, 518, 522, 526, 530, 535, 540, 545, 550, 556, 562, 567]
[0, 534, 529, 526, 522, 521, 518, 512, 509, 507, 505, 503, 501, 499, 496, 495, 493, 491, 490, 489, 488, 487, 487, 0, 0, 387, 382, 0, 371, 371, 372, 379, 0, 0, 492, 492, 493, 495, 496, 498, 491, 503, 506, 499, 508, 514, 517, 521, 511, 528, 532, 522, 536, 540, 545, 550, 556, 561, 567, 573, 580]
[0, 533, 529, 529, 525, 521, 518, 514, 511, 508, 505, 503, 500, 499, 496, 494, 493, 492, 490, 488, 487, 487, 487, 0, 391, 384, 378, 377, 371, 378, 372, 385, 0, 0, 490, 491, 493, 494, 496, 497, 499, 501, 504, 506, 509, 512, 515, 518, 522, 526, 529, 534, 538, 543, 547, 553, 558, 563, 569, 576, 582]
[0, 537, 533, 528, 524, 521, 518, 514, 510, 507, 505, 502, 500, 497, 495, 495, 493, 491, 489, 488, 488, 488, 487, 0, 0, 381, 378, 379, 374, 378, 373, 385, 0, 0, 491, 492, 493, 495, 497, 499, 501, 502, 505, 508, 511, 514, 517, 521, 524, 528, 532, 536, 540, 545, 550, 555, 560, 563, 571, 578, 586]
[0, 537, 532, 528, 524, 521, 517, 514, 511, 508, 505, 502, 503, 500, 496, 495, 495, 493, 491, 491, 490, 489, 488, 0, 0, 387, 381, 379, 376, 378, 375, 385, 0, 0, 492, 492, 493, 495, 497, 499, 500, 503, 506, 508, 511, 514, 517, 521, 521, 524, 528, 536, 540, 541, 546, 550, 561, 563, 567, 573, 580]
[0, 536, 532, 527, 524, 521, 518, 515, 510, 507, 504, 502, 500, 499, 496, 495, 495, 493, 491, 489, 488, 489, 489, 0, 0, 385, 377, 373, 374, 375, 378, 385, 0, 491, 493, 494, 496, 495, 498, 500, 500, 503, 506, 508, 510, 513, 517, 520, 523, 526, 531, 535, 539, 544, 548, 554, 559, 564, 570, 576, 583]
[0, 536, 532, 528, 525, 521, 518, 512, 510, 507, 504, 502, 501, 500, 498, 497, 494, 492, 492, 491, 489, 488, 488, 0, 0, 387, 381, 379, 376, 375, 378, 385, 0, 0, 492, 494, 496, 496, 498, 501, 502, 504, 508, 510, 512, 513, 519, 522, 523, 530, 531, 537, 539, 542, 552, 558, 559, 562, 567, 582, 583]
[0, 538, 534, 530, 526, 523, 519, 516, 513, 511, 508, 505, 503, 501, 499, 497, 495, 493, 492, 492, 491, 488, 490, 0, 0, 384, 376, 374, 376, 375, 378, 385, 0, 0, 491, 493, 494, 496, 497, 498, 500, 503, 506, 508, 510, 513, 516, 520, 523, 527, 531, 535, 539, 544, 549, 554, 559, 564, 570, 576, 583]
[0, 537, 533, 530, 525, 521, 518, 514, 511, 508, 505, 505, 501, 501, 499, 498, 495, 493, 493, 492, 490, 490, 489, 0, 0, 389, 377, 374, 374, 375, 378, 385, 0, 0, 495, 495, 496, 498, 498, 500, 503, 506, 508, 511, 514, 516, 520, 523, 527, 531, 535, 538, 543, 548, 553, 558, 563, 569, 575, 582, 589]
[0, 539, 534, 530, 526, 523, 520, 516, 511, 513, 510, 508, 505, 503, 500, 499, 498, 497, 495, 494, 494, 493, 489, 0, 391, 386, 381, 378, 375, 373, 376, 385, 0, 0, 495, 495, 497, 500, 501, 503, 505, 507, 509, 511, 514, 517, 522, 525, 528, 531, 536, 538, 545, 550, 553, 554, 560, 572, 575, 578, 592]
[0, 543, 539, 535, 531, 527, 524, 520, 517, 515, 512, 509, 507, 505, 503, 501, 500, 498, 495, 496, 496, 493, 495, 0, 391, 384, 381, 371, 374, 377, 380, 385, 0, 0, 495, 499, 0, 500, 501, 503, 505, 507, 510, 512, 515, 518, 521, 524, 528, 531, 535, 540, 544, 549, 554, 559, 564, 569, 575, 582, 589]
[0, 543, 539, 535, 531, 527, 524, 520, 517, 514, 511, 509, 507, 506, 503, 501, 500, 498, 497, 496, 496, 495, 495, 0, 0, 387, 380, 376, 373, 375, 377, 385, 0, 0, 499, 500, 501, 503, 504, 506, 509, 511, 514, 516, 519, 523, 527, 529, 532, 536, 540, 545, 549, 554, 559, 563, 569, 575, 582, 589, 595]
[0, 543, 539, 535, 531, 527, 524, 521, 517, 514, 512, 510, 507, 506, 504, 501, 500, 499, 497, 496, 496, 495, 495, 0, 387, 387, 379, 375, 373, 375, 377, 385, 0, 0, 499, 501, 501, 503, 505, 507, 510, 511, 514, 516, 519, 523, 526, 530, 532, 536, 540, 545, 549, 554, 559, 564, 570, 576, 582, 589, 595]
[0, 545, 540, 536, 531, 529, 525, 522, 517, 519, 516, 514, 511, 509, 507, 506, 504, 503, 501, 500, 499, 498, 499, 0, 0, 379, 379, 375, 374, 375, 377, 385, 0, 0, 499, 501, 503, 504, 505, 507, 509, 512, 514, 518, 521, 523, 527, 531, 535, 537, 541, 546, 552, 556, 561, 567, 574, 579, 584, 591, 599]
[0, 552, 548, 544, 540, 536, 533, 530, 517, 527, 524, 521, 518, 516, 514, 512, 510, 509, 508, 507, 506, 506, 499, 0, 389, 383, 378, 375, 374, 374, 376, 385, 0, 0, 503, 505, 506, 507, 505, 511, 513, 516, 519, 518, 521, 527, 527, 531, 538, 542, 541, 546, 555, 556, 565, 567, 570, 583, 589, 595, 599]
[0, 561, 557, 553, 550, 546, 542, 539, 517, 536, 533, 530, 528, 525, 524, 522, 520, 518, 517, 516, 515, 514, 499, 0, 389, 381, 377, 374, 373, 374, 377, 385, 0, 0, 511, 512, 513, 0, 516, 511, 518, 521, 523, 529, 521, 535, 538, 531, 542, 549, 554, 558, 555, 562, 567, 572, 578, 585, 591, 597, 603]
[0, 560, 557, 553, 550, 546, 542, 542, 538, 535, 533, 530, 527, 525, 523, 521, 519, 518, 516, 516, 516, 515, 499, 0, 389, 381, 376, 373, 373, 373, 377, 377, 0, 0, 519, 521, 522, 523, 525, 527, 518, 530, 536, 538, 541, 545, 548, 531, 552, 555, 563, 558, 568, 573, 579, 584, 589, 601, 608, 597, 622]
[0, 563, 559, 555, 551, 547, 543, 540, 537, 534, 531, 528, 526, 524, 523, 521, 519, 518, 516, 517, 516, 515, 514, 0, 0, 379, 375, 373, 373, 374, 377, 383, 0, 0, 519, 521, 522, 524, 526, 528, 518, 530, 533, 536, 539, 542, 545, 549, 553, 556, 560, 564, 569, 574, 580, 586, 591, 596, 603, 609, 615]
[0, 565, 560, 557, 553, 547, 546, 540, 542, 539, 536, 534, 531, 529, 527, 525, 524, 522, 521, 519, 519, 518, 514, 0, 387, 383, 376, 373, 372, 373, 375, 383, 0, 0, 520, 521, 522, 524, 526, 528, 529, 532, 536, 538, 541, 544, 548, 551, 555, 558, 562, 567, 572, 576, 582, 589, 595, 601, 606, 612, 620]
[0, 565, 561, 557, 553, 549, 546, 546, 542, 539, 536, 533, 531, 529, 526, 524, 523, 522, 521, 519, 518, 518, 514, 0, 387, 380, 376, 373, 372, 373, 377, 383, 0, 0, 523, 0, 524, 527, 529, 528, 534, 537, 540, 538, 542, 545, 552, 555, 559, 558, 568, 567, 572, 578, 583, 593, 595, 599, 605, 618, 620]
[0, 574, 569, 564, 560, 549, 554, 546, 550, 547, 544, 542, 539, 537, 534, 533, 531, 530, 529, 527, 527, 527, 514, 0, 387, 379, 375, 373, 372, 373, 373, 383, 0, 0, 523, 523, 525, 526, 527, 530, 532, 535, 538, 540, 543, 546, 549, 552, 556, 559, 564, 568, 572, 579, 585, 588, 594, 600, 605, 612, 620]
[0, 574, 569, 564, 560, 558, 555, 546, 550, 544, 544, 542, 539, 537, 534, 533, 531, 530, 528, 527, 527, 527, 514, 0, 387, 379, 374, 373, 372, 372, 375, 383, 0, 0, 531, 533, 534, 536, 537, 539, 542, 545, 548, 550, 553, 557, 560, 563, 567, 571, 564, 581, 572, 586, 597, 602, 608, 613, 605, 620, 628]
[0, 591, 586, 581, 577, 573, 568, 565, 562, 559, 557, 554, 552, 537, 548, 533, 546, 543, 528, 542, 541, 540, 540, 0, 0, 379, 374, 373, 372, 372, 375, 383, 0, 0, 531, 532, 534, 535, 537, 539, 542, 545, 548, 550, 553, 557, 560, 563, 567, 571, 576, 581, 586, 591, 596, 602, 607, 613, 613, 628, 636]
[0, 588, 584, 581, 576, 571, 567, 564, 562, 561, 559, 556, 553, 551, 549, 547, 545, 544, 543, 541, 541, 540, 540, 0, 0, 379, 373, 0, 370, 371, 374, 383, 0, 0, 544, 546, 547, 550, 551, 554, 556, 558, 560, 563, 566, 569, 574, 577, 582, 586, 590, 594, 599, 604, 610, 615, 621, 628, 636, 643, 651]
[0, 603, 598, 593, 589, 585, 582, 578, 574, 570, 567, 564, 562, 560, 558, 556, 554, 553, 552, 552, 551, 550, 540, 0, 0, 379, 373, 371, 370, 371, 374, 383, 0, 0, 545, 546, 548, 549, 552, 555, 557, 558, 561, 564, 567, 570, 574, 578, 582, 587, 592, 597, 601, 605, 611, 616, 622, 629, 637, 646, 653]
[0, 601, 596, 592, 588, 584, 579, 576, 573, 570, 566, 564, 562, 560, 557, 556, 554, 553, 552, 553, 552, 551, 550, 0, 0, 381, 374, 370, 369, 370, 372, 383, 0, 0, 0, 556, 557, 559, 561, 563, 565, 567, 570, 574, 577, 580, 584, 588, 592, 595, 600, 605, 610, 614, 619, 625, 632, 639, 647, 653, 661]
[0, 601, 606, 602, 598, 594, 591, 587, 584, 581, 577, 574, 571, 568, 567, 565, 563, 562, 560, 560, 559, 559, 550, 0, 0, 379, 373, 370, 370, 370, 372, 383, 0, 0, 554, 556, 557, 560, 562, 564, 566, 568, 571, 574, 578, 582, 585, 589, 593, 596, 601, 606, 610, 615, 621, 627, 634, 641, 649, 656, 664]
[0, 601, 602, 602, 595, 594, 591, 588, 584, 581, 577, 574, 571, 568, 566, 565, 563, 562, 561, 561, 560, 559, 550, 0, 0, 381, 374, 370, 369, 368, 371, 375, 381, 0, 0, 566, 557, 568, 570, 572, 574, 577, 580, 583, 586, 590, 593, 597, 602, 605, 609, 613, 618, 623, 629, 635, 643, 650, 656, 663, 672]
[0, 611, 605, 601, 597, 594, 593, 585, 584, 582, 578, 575, 573, 570, 567, 565, 564, 562, 562, 561, 560, 559, 550, 0, 0, 381, 374, 371, 369, 369, 370, 374, 381, 0, 0, 563, 568, 570, 0, 574, 577, 577, 583, 586, 586, 589, 593, 596, 605, 605, 609, 613, 618, 623, 629, 635, 643, 649, 656, 663, 671]
[0, 611, 606, 601, 597, 594, 590, 587, 584, 580, 578, 576, 573, 570, 568, 566, 565, 564, 563, 561, 560, 560, 550, 0, 384, 375, 371, 371, 368, 368, 373, 379, 381, 0, 564, 566, 568, 570, 573, 575, 577, 580, 583, 586, 589, 593, 597, 601, 605, 609, 613, 618, 623, 623, 635, 642, 643, 649, 656, 671, 680]
[0, 629, 623, 619, 614, 610, 607, 604, 600, 597, 594, 591, 588, 585, 584, 582, 581, 580, 578, 577, 576, 576, 550, 0, 0, 376, 371, 371, 368, 370, 373, 379, 381, 0, 564, 566, 568, 570, 573, 576, 578, 580, 583, 586, 590, 593, 593, 601, 605, 609, 613, 618, 623, 623, 636, 642, 643, 649, 656, 664, 680]
[0, 631, 625, 620, 615, 611, 608, 604, 601, 598, 594, 592, 589, 587, 584, 583, 582, 580, 578, 578, 578, 576, 550, 0, 0, 377, 372, 369, 367, 368, 370, 379, 381, 0, 0, 583, 585, 587, 588, 590, 593, 596, 599, 602, 604, 607, 612, 616, 620, 624, 629, 634, 640, 646, 651, 657, 664, 671, 679, 687, 695]
[0, 636, 630, 625, 620, 616, 612, 609, 606, 603, 599, 596, 594, 591, 589, 588, 587, 586, 584, 582, 582, 582, 550, 0, 0, 380, 372, 369, 368, 368, 370, 379, 381, 0, 0, 582, 586, 0, 589, 590, 592, 595, 597, 600, 603, 607, 611, 615, 619, 623, 627, 633, 639, 644, 650, 655, 662, 670, 676, 684, 693]
[0, 632, 627, 623, 619, 615, 611, 608, 606, 604, 598, 596, 595, 592, 590, 589, 588, 586, 586, 584, 583, 582, 550, 0, 0, 378, 372, 368, 367, 367, 370, 379, 381, 0, 0, 589, 591, 593, 595, 596, 599, 601, 604, 607, 610, 613, 616, 621, 626, 630, 634, 640, 645, 650, 656, 662, 669, 675, 683, 692, 701]
[0, 632, 647, 643, 634, 615, 630, 626, 622, 618, 614, 612, 609, 607, 605, 604, 602, 600, 599, 599, 598, 597, 550, 0, 0, 375, 371, 368, 367, 367, 371, 379, 381, 0, 588, 591, 593, 594, 596, 598, 599, 602, 605, 608, 611, 615, 619, 624, 626, 631, 637, 643, 648, 653, 659, 665, 673, 679, 688, 697, 705]
[0, 647, 643, 643, 638, 634, 629, 625, 621, 617, 614, 612, 609, 607, 605, 603, 602, 600, 599, 598, 598, 597, 550, 0, 381, 375, 372, 367, 367, 368, 372, 379, 381, 0, 602, 604, 605, 606, 608, 612, 615, 617, 620, 624, 627, 631, 635, 640, 645, 649, 653, 659, 664, 670, 676, 683, 690, 699, 706, 714, 722]
[0, 651, 646, 642, 638, 633, 629, 626, 622, 618, 615, 612, 609, 607, 605, 604, 602, 601, 600, 599, 598, 598, 550, 0, 0, 380, 369, 367, 367, 367, 372, 371, 377, 0, 602, 604, 605, 606, 608, 612, 615, 617, 620, 624, 627, 631, 635, 641, 646, 649, 654, 659, 665, 670, 677, 683, 691, 699, 707, 714, 723]
[0, 655, 649, 645, 642, 638, 634, 628, 625, 622, 618, 616, 613, 611, 609, 604, 606, 601, 605, 604, 602, 601, 550, 0, 0, 377, 371, 0, 366, 366, 369, 371, 377, 0, 605, 0, 608, 0, 610, 613, 615, 619, 622, 624, 628, 631, 636, 641, 646, 650, 655, 659, 665, 671, 678, 684, 692, 700, 707, 714, 724]
[0, 662, 657, 652, 648, 645, 640, 636, 633, 628, 625, 622, 613, 617, 609, 614, 612, 611, 605, 610, 610, 610, 550, 0, 0, 374, 369, 0, 366, 367, 370, 371, 377, 0, 0, 609, 610, 612, 614, 616, 619, 623, 625, 627, 632, 637, 641, 646, 650, 655, 659, 664, 670, 675, 681, 688, 696, 704, 711, 718, 727]
[0, 661, 656, 652, 650, 647, 644, 640, 635, 631, 627, 624, 621, 618, 616, 615, 616, 614, 611, 611, 610, 608, 550, 0, 0, 374, 369, 367, 366, 366, 370, 369, 377, 0, 0, 614, 616, 618, 621, 624, 627, 630, 632, 636, 641, 645, 648, 652, 657, 662, 665, 670, 676, 683, 690, 697, 704, 711, 718, 727, 736]
[0, 673, 668, 664, 660, 656, 652, 648, 645, 642, 638, 635, 632, 629, 627, 625, 624, 622, 620, 620, 619, 619, 550, 0, 0, 378, 372, 368, 366, 366, 367, 369, 377, 0, 615, 616, 617, 619, 622, 625, 628, 631, 634, 638, 642, 646, 650, 655, 660, 664, 669, 674, 680, 686, 694, 700, 707, 715, 722, 732, 742]
[0, 673, 668, 664, 660, 656, 652, 648, 645, 641, 638, 635, 632, 629, 627, 625, 623, 621, 620, 620, 619, 619, 550, 0, 0, 375, 369, 366, 365, 366, 368, 369, 377, 0, 626, 0, 627, 629, 634, 638, 628, 644, 634, 650, 642, 654, 662, 667, 660, 672, 677, 682, 687, 694, 701, 708, 713, 721, 737, 747, 742]
[0, 684, 678, 674, 670, 667, 662, 659, 654, 650, 648, 646, 644, 642, 627, 640, 638, 635, 635, 634, 632, 619, 550, 0, 0, 375, 369, 0, 365, 365, 368, 369, 377, 0, 626, 626, 627, 629, 631, 634, 641, 644, 647, 650, 642, 658, 662, 667, 672, 672, 677, 687, 694, 694, 701, 708, 713, 721, 737, 747, 757]
[0, 684, 683, 678, 675, 671, 666, 663, 658, 654, 651, 649, 646, 644, 643, 641, 638, 636, 635, 633, 632, 632, 550, 0, 0, 373, 368, 365, 365, 364, 365, 368, 377, 0, 0, 641, 643, 645, 647, 649, 652, 655, 657, 662, 665, 669, 674, 678, 683, 688, 694, 700, 706, 712, 718, 725, 733, 741, 750, 759, 767]
[0, 701, 696, 691, 686, 681, 677, 673, 669, 666, 663, 661, 658, 655, 653, 651, 638, 649, 647, 633, 646, 632, 550, 0, 0, 377, 370, 0, 365, 365, 367, 370, 377, 0, 640, 642, 644, 646, 648, 649, 653, 656, 659, 663, 667, 672, 676, 681, 687, 693, 698, 704, 709, 714, 722, 730, 738, 746, 755, 764, 774]
[0, 703, 698, 692, 686, 682, 677, 673, 670, 667, 663, 660, 658, 656, 653, 651, 649, 648, 648, 646, 644, 645, 550, 0, 0, 373, 370, 365, 364, 365, 368, 370, 377, 0, 0, 653, 655, 657, 659, 662, 665, 668, 672, 675, 679, 683, 688, 693, 698, 704, 709, 714, 720, 727, 734, 741, 749, 758, 767, 777, 787]
[0, 716, 710, 705, 700, 696, 691, 686, 682, 679, 675, 672, 669, 667, 665, 663, 662, 660, 659, 658, 657, 657, 550, 0, 0, 374, 369, 366, 365, 365, 367, 370, 377, 0, 0, 653, 654, 656, 658, 660, 663, 667, 671, 674, 678, 682, 687, 692, 697, 702, 708, 713, 719, 725, 733, 740, 749, 758, 766, 774, 785]
[0, 714, 709, 704, 699, 694, 690, 685, 681, 678, 675, 671, 669, 667, 665, 663, 662, 660, 659, 657, 656, 657, 550, 0, 0, 372, 367, 0, 363, 364, 367, 367, 377, 0, 0, 665, 668, 671, 672, 674, 677, 680, 684, 689, 693, 698, 702, 706, 711, 716, 722, 728, 734, 741, 750, 758, 765, 774, 782, 792, 802]
[0, 727, 721, 716, 712, 708, 704, 700, 697, 692, 689, 685, 682, 680, 678, 676, 675, 674, 673, 672, 671, 657, 550, 0, 0, 372, 367, 0, 364, 365, 367, 367, 377, 0, 0, 665, 668, 670, 672, 674, 677, 680, 684, 689, 693, 698, 702, 706, 711, 716, 722, 728, 735, 741, 749, 758, 766, 774, 783, 793, 802]
[0, 728, 721, 716, 713, 709, 704, 699, 695, 693, 690, 685, 686, 682, 680, 679, 677, 676, 675, 674, 673, 672, 550, 0, 0, 372, 370, 366, 364, 364, 365, 367, 377, 0, 0, 680, 682, 685, 688, 690, 694, 698, 701, 704, 708, 713, 717, 722, 727, 733, 739, 746, 753, 761, 769, 775, 785, 794, 802, 810, 821]
[0, 728, 739, 734, 729, 723, 719, 716, 713, 709, 706, 702, 699, 696, 693, 691, 689, 688, 687, 686, 685, 684, 550, 0, 0, 376, 369, 365, 363, 363, 365, 368, 375, 0, 0, 680, 683, 687, 689, 692, 695, 699, 703, 707, 711, 715, 720, 725, 730, 737, 743, 751, 758, 764, 772, 781, 789, 797, 806, 817, 826]
[0, 743, 737, 731, 726, 722, 718, 714, 709, 707, 704, 701, 698, 695, 693, 691, 690, 689, 686, 686, 685, 684, 550, 0, 0, 373, 367, 364, 363, 363, 365, 368, 375, 0, 697, 697, 700, 703, 705, 708, 710, 713, 703, 717, 725, 730, 735, 725, 742, 748, 755, 761, 768, 776, 784, 791, 799, 807, 817, 826, 834]
[0, 745, 739, 734, 728, 723, 718, 715, 711, 707, 704, 702, 699, 695, 693, 692, 690, 688, 687, 686, 685, 684, 550, 0, 0, 378, 370, 0, 363, 363, 367, 368, 375, 0, 0, 696, 698, 700, 702, 705, 709, 712, 714, 718, 723, 728, 734, 739, 744, 750, 757, 764, 771, 778, 786, 795, 803, 811, 821, 829, 838]
[0, 754, 748, 743, 737, 732, 727, 723, 718, 715, 711, 709, 706, 704, 702, 700, 698, 697, 696, 695, 694, 684, 550, 0, 0, 372, 367, 0, 363, 363, 367, 366, 375, 0, 0, 695, 698, 700, 703, 706, 708, 711, 714, 718, 723, 727, 732, 737, 742, 748, 755, 762, 768, 777, 785, 793, 801, 809, 819, 828, 836]
[0, 758, 752, 746, 740, 735, 732, 723, 727, 723, 720, 717, 714, 712, 709, 707, 706, 705, 704, 703, 702, 701, 550, 0, 0, 370, 367, 363, 363, 364, 366, 366, 375, 0, 0, 704, 707, 709, 712, 714, 717, 720, 723, 727, 732, 736, 741, 748, 754, 759, 765, 772, 780, 788, 797, 804, 812, 821, 829, 837, 848]
[0, 776, 770, 764, 759, 754, 749, 745, 740, 737, 720, 734, 728, 712, 724, 707, 721, 719, 718, 717, 717, 716, 550, 0, 0, 373, 367, 364, 363, 363, 365, 369, 376, 0, 0, 712, 715, 717, 720, 723, 726, 730, 734, 738, 742, 748, 754, 759, 754, 770, 777, 772, 785, 794, 807, 804, 826, 821, 833, 843, 855]
[0, 777, 771, 767, 763, 758, 753, 749, 744, 739, 734, 732, 732, 728, 724, 726, 724, 722, 720, 720, 719, 716, 550, 0, 0, 376, 368, 364, 362, 363, 365, 368, 373, 0, 0, 728, 731, 734, 737, 739, 743, 747, 751, 755, 760, 764, 768, 775, 781, 788, 795, 802, 809, 817, 826, 832, 840, 851, 862, 871, 880]
[0, 780, 771, 774, 769, 764, 759, 754, 750, 747, 743, 738, 735, 734, 732, 731, 729, 726, 724, 723, 722, 721, 550, 0, 377, 376, 369, 365, 362, 362, 367, 368, 373, 0, 0, 732, 734, 737, 740, 743, 747, 751, 754, 758, 762, 766, 771, 777, 783, 790, 798, 805, 812, 820, 827, 834, 842, 852, 863, 873, 881]
[0, 779, 771, 774, 769, 764, 760, 755, 750, 746, 742, 738, 735, 733, 732, 730, 728, 725, 724, 723, 722, 721, 550, 0, 0, 374, 367, 364, 362, 363, 364, 367, 373, 0, 0, 734, 737, 740, 743, 746, 750, 754, 757, 761, 766, 770, 775, 781, 787, 795, 803, 809, 816, 824, 831, 838, 848, 858, 867, 875, 884]
[0, 808, 801, 796, 769, 791, 785, 781, 776, 772, 768, 766, 763, 760, 758, 756, 755, 754, 752, 751, 750, 749, 550, 0, 0, 373, 367, 364, 362, 363, 364, 368, 375, 0, 0, 735, 738, 741, 745, 748, 751, 756, 759, 762, 766, 771, 776, 783, 790, 797, 803, 809, 817, 825, 833, 842, 852, 861, 869, 879, 888]
[0, 813, 807, 800, 794, 789, 784, 780, 776, 772, 767, 764, 762, 759, 757, 755, 753, 752, 751, 749, 749, 749, 550, 0, 0, 372, 366, 0, 362, 362, 364, 368, 375, 0, 0, 765, 766, 769, 772, 775, 779, 783, 788, 792, 796, 801, 807, 813, 819, 826, 833, 839, 847, 856, 865, 873, 881, 890, 899, 910, 922]
[0, 811, 806, 800, 794, 789, 784, 780, 774, 770, 767, 765, 762, 759, 757, 755, 753, 753, 751, 749, 749, 748, 550, 0, 0, 372, 365, 0, 362, 362, 366, 368, 375, 0, 0, 764, 767, 0, 769, 777, 779, 781, 786, 790, 794, 799, 803, 809, 815, 822, 828, 834, 842, 851, 859, 868, 875, 884, 893, 903, 913]
[0, 811, 805, 798, 793, 788, 784, 779, 773, 769, 766, 764, 761, 758, 757, 755, 753, 753, 751, 749, 749, 749, 550, 0, 0, 376, 365, 0, 363, 362, 363, 366, 375, 0, 0, 764, 765, 767, 770, 774, 778, 782, 787, 791, 794, 799, 803, 810, 817, 823, 828, 836, 844, 852, 861, 868, 876, 886, 895, 906, 918]
[0, 811, 844, 838, 834, 828, 822, 819, 814, 811, 806, 803, 800, 797, 793, 791, 789, 787, 786, 785, 784, 784, 550, 0, 0, 374, 368, 364, 362, 362, 363, 366, 373, 0, 0, 763, 765, 768, 771, 774, 779, 783, 786, 790, 795, 800, 806, 813, 819, 824, 830, 838, 846, 854, 862, 870, 878, 887, 896, 907, 919]
[0, 846, 840, 835, 829, 825, 820, 816, 814, 812, 808, 801, 800, 797, 793, 792, 791, 789, 788, 786, 786, 785, 550, 0, 0, 372, 366, 362, 361, 362, 364, 366, 373, 0, 0, 801, 804, 807, 810, 813, 817, 821, 826, 830, 834, 839, 845, 852, 859, 866, 872, 878, 885, 892, 902, 913, 923, 932, 941, 952, 965]
[0, 861, 854, 847, 841, 836, 832, 828, 825, 820, 808, 816, 813, 810, 808, 805, 804, 802, 801, 799, 798, 798, 550, 0, 0, 373, 366, 362, 361, 362, 363, 366, 373, 0, 0, 803, 805, 807, 811, 813, 818, 822, 825, 830, 835, 840, 846, 852, 858, 865, 872, 878, 885, 892, 902, 913, 922, 931, 941, 952, 964]
[0, 869, 854, 863, 856, 850, 845, 840, 835, 832, 828, 825, 822, 819, 816, 813, 812, 811, 810, 809, 808, 798, 550, 0, 0, 372, 365, 0, 361, 362, 364, 366, 373, 0, 0, 815, 818, 822, 825, 828, 831, 834, 839, 844, 850, 856, 863, 868, 874, 880, 887, 894, 902, 911, 921, 931, 940, 949, 960, 973, 986]
[0, 875, 870, 865, 859, 850, 853, 848, 844, 839, 834, 831, 828, 826, 824, 821, 819, 818, 815, 813, 815, 798, 550, 0, 0, 369, 364, 0, 361, 361, 364, 364, 373, 0, 0, 827, 829, 832, 0, 838, 841, 846, 853, 844, 859, 864, 869, 874, 880, 887, 894, 901, 911, 920, 929, 938, 948, 958, 969, 982, 995]
[0, 879, 874, 869, 863, 858, 852, 847, 842, 836, 833, 830, 828, 825, 823, 821, 819, 816, 815, 816, 816, 798, 550, 0, 0, 369, 364, 0, 361, 361, 364, 364, 373, 0, 0, 831, 834, 836, 839, 843, 848, 852, 858, 864, 869, 874, 869, 879, 885, 891, 899, 908, 915, 923, 934, 942, 950, 960, 971, 985, 997]
[0, 891, 884, 879, 874, 868, 863, 859, 854, 848, 844, 841, 837, 835, 833, 831, 829, 827, 826, 826, 826, 798, 550, 0, 0, 373, 367, 363, 362, 361, 363, 366, 372, 0, 0, 834, 834, 836, 838, 842, 847, 852, 857, 862, 867, 872, 876, 882, 889, 896, 903, 911, 921, 930, 937, 946, 955, 966, 980, 992, 1003]
[0, 891, 886, 881, 876, 871, 863, 866, 861, 857, 853, 849, 846, 842, 840, 837, 835, 834, 833, 832, 832, 798, 550, 0, 0, 377, 368, 0, 361, 360, 362, 365, 372, 0, 0, 0, 842, 847, 850, 853, 857, 861, 866, 870, 875, 881, 886, 891, 897, 905, 914, 923, 932, 939, 948, 956, 967, 980, 990, 1001, 1013]
[0, 899, 892, 885, 880, 877, 872, 867, 864, 860, 856, 851, 848, 845, 841, 837, 836, 834, 835, 834, 832, 834, 550, 0, 0, 369, 364, 0, 361, 361, 362, 364, 372, 0, 0, 853, 856, 860, 863, 866, 0, 874, 866, 879, 889, 895, 886, 901, 908, 916, 924, 932, 941, 949, 957, 969, 982, 991, 1002, 1014, 1025]
[0, 903, 896, 891, 885, 879, 873, 870, 867, 861, 857, 854, 850, 847, 844, 841, 839, 838, 836, 835, 834, 834, 550, 0, 0, 372, 365, 362, 361, 361, 363, 366, 372, 0, 0, 853, 856, 860, 863, 866, 869, 873, 877, 882, 887, 892, 900, 906, 913, 921, 930, 937, 946, 954, 964, 976, 986, 997, 1007, 1020, 1033]
[0, 916, 909, 902, 896, 890, 885, 880, 875, 872, 869, 866, 863, 860, 856, 853, 851, 851, 850, 848, 847, 834, 550, 0, 0, 375, 367, 363, 361, 361, 362, 365, 372, 0, 0, 0, 856, 860, 864, 867, 870, 873, 877, 882, 888, 895, 900, 905, 913, 921, 929, 938, 946, 953, 962, 975, 986, 995, 1005, 1018, 1031]
[0, 946, 940, 935, 929, 923, 918, 913, 907, 872, 903, 899, 895, 892, 889, 887, 885, 884, 883, 882, 882, 834, 550, 0, 0, 374, 366, 0, 361, 361, 362, 365, 372, 0, 0, 0, 869, 871, 875, 877, 881, 886, 891, 895, 901, 907, 914, 921, 929, 936, 943, 951, 959, 970, 980, 992, 1003, 1013, 1024, 1035, 1049]
[0, 954, 948, 942, 937, 931, 926, 921, 915, 910, 903, 906, 902, 898, 895, 894, 892, 891, 889, 888, 888, 888, 550, 0, 0, 374, 364, 0, 361, 361, 362, 364, 372, 0, 0, 903, 906, 912, 916, 921, 926, 932, 937, 941, 947, 954, 961, 968, 977, 987, 995, 1003, 1013, 1023, 1033, 1044, 1056, 1068, 1081, 1094, 1109]
[0, 973, 966, 959, 951, 945, 940, 935, 931, 927, 923, 919, 914, 911, 908, 906, 904, 903, 901, 901, 899, 888, 550, 0, 0, 369, 364, 0, 361, 361, 361, 364, 372, 0, 0, 910, 912, 916, 922, 927, 931, 936, 939, 942, 949, 955, 961, 972, 980, 987, 996, 1004, 1013, 1025, 1035, 1045, 1056, 1068, 1081, 1094, 1108]
[0, 975, 967, 959, 953, 946, 941, 937, 932, 928, 923, 919, 916, 912, 908, 906, 905, 903, 902, 901, 900, 888, 550, 0, 0, 372, 365, 362, 361, 361, 362, 365, 372, 0, 0, 0, 927, 929, 934, 939, 942, 946, 951, 955, 962, 969, 977, 985, 993, 1000, 1006, 1016, 1026, 1035, 1046, 1057, 1067, 1078, 1090, 1105, 1121]
[0, 997, 991, 984, 977, 970, 964, 958, 953, 949, 944, 940, 938, 935, 932, 931, 929, 925, 924, 925, 925, 888, 550, 0, 0, 366, 365, 363, 361, 360, 362, 364, 372, 0, 0, 926, 929, 933, 937, 941, 945, 951, 956, 955, 962, 969, 985, 985, 992, 999, 1006, 1014, 1023, 1034, 1045, 1056, 1065, 1076, 1089, 1103, 1118]
[0, 996, 990, 983, 975, 968, 961, 956, 951, 946, 942, 940, 937, 935, 932, 931, 930, 927, 926, 925, 924, 924, 550, 0, 0, 372, 365, 362, 361, 361, 363, 366, 371, 0, 0, 0, 952, 955, 959, 963, 968, 974, 979, 985, 992, 998, 1005, 1012, 1020, 1029, 1036, 1044, 1054, 1064, 1076, 1087, 1099, 1111, 1125, 1141, 1157]
[0, 1041, 1033, 1026, 1020, 1013, 1007, 1002, 997, 993, 989, 985, 980, 977, 975, 972, 969, 966, 965, 966, 966, 924, 550, 0, 0, 370, 365, 362, 361, 362, 363, 367, 373, 0, 0, 0, 951, 954, 958, 963, 969, 975, 981, 986, 993, 999, 1005, 1013, 1022, 1029, 1037, 1047, 1056, 1066, 1078, 1088, 1099, 1112, 1125, 1141, 1158]
[0, 1047, 1040, 1033, 1027, 1021, 1014, 1009, 1004, 1001, 997, 992, 980, 989, 986, 983, 983, 983, 981, 978, 976, 976, 550, 0, 0, 375, 367, 363, 362, 362, 362, 365, 373, 0, 0, 994, 998, 1003, 1008, 1012, 1015, 1021, 1027, 1033, 1041, 999, 1056, 1064, 1073, 1082, 1092, 1103, 1056, 1115, 1127, 1137, 1164, 1176, 1125, 1191, 1226]
[0, 1088, 1081, 1074, 1068, 1062, 1057, 1050, 1045, 1040, 1036, 1033, 1030, 1028, 1025, 1021, 1019, 1019, 1019, 1017, 1016, 976, 550, 0, 0, 371, 367, 365, 361, 362, 362, 364, 373, 0, 0, 1010, 1006, 1010, 1014, 1019, 1024, 1028, 1034, 1042, 1048, 1055, 1064, 1072, 1079, 1090, 1100, 1110, 1121, 1133, 1145, 1157, 1167, 1179, 1195, 1212, 1227]
[0, 1091, 1082, 1078, 1071, 1063, 1059, 1054, 1047, 1042, 1038, 1034, 1031, 1029, 1026, 1024, 1021, 1019, 1019, 1017, 1016, 976, 550, 0, 0, 375, 368, 364, 363, 363, 365, 368, 374, 0, 0, 1054, 1054, 0, 1059, 1065, 1068, 1071, 1077, 1086, 1093, 1102, 1112, 1120, 1127, 1138, 1149, 1157, 1168, 1180, 1190, 1202, 1216, 1230, 1244, 1259, 1274]
[0, 1091, 1084, 1076, 1069, 1063, 1057, 1052, 1047, 1042, 1039, 1036, 1031, 1029, 1028, 1026, 1023, 1021, 1019, 1018, 1018, 1017, 550, 0, 0, 375, 368, 364, 362, 362, 365, 368, 374, 0, 0, 0, 1053, 1055, 1059, 1063, 1068, 1073, 1079, 1087, 1095, 1102, 1113, 1122, 1130, 1142, 1153, 1162, 1166, 1177, 1193, 1206, 1219, 1234, 1248, 1263, 1278]
[0, 1087, 1084, 1081, 1074, 1067, 1061, 1056, 1050, 1046, 1042, 1037, 1033, 1030, 1027, 1025, 1022, 1020, 1020, 1019, 1018, 1017, 550, 0, 0, 371, 366, 364, 0, 362, 363, 365, 374, 0, 0, 1052, 1054, 1056, 1062, 1067, 1069, 1075, 1082, 1089, 1098, 1107, 1116, 1125, 1136, 1147, 1156, 1165, 1173, 1183, 1198, 1212, 1226, 1241, 1256, 1271, 1283]
[0, 1127, 1119, 1112, 1104, 1098, 1092, 1084, 1080, 1076, 1072, 1069, 1065, 1030, 1061, 1059, 1057, 1055, 1052, 1052, 1051, 1052, 550, 0, 0, 0, 369, 365, 363, 362, 364, 367, 374, 0, 0, 1052, 1055, 1061, 1065, 1068, 1072, 1078, 1082, 1085, 1102, 1111, 1116, 1128, 1136, 1139, 1152, 1159, 1168, 1181, 1193, 1204, 1216, 1230, 1244, 1259, 1275]
[0, 1140, 1132, 1125, 1116, 1108, 1102, 1096, 1080, 1091, 1086, 1082, 1079, 1076, 1072, 1068, 1067, 1065, 1064, 1063, 1064, 1065, 550, 0, 0, 373, 367, 365, 364, 364, 366, 367, 374, 0, 0, 1086, 1091, 1095, 1097, 1100, 1106, 1111, 1120, 1130, 1136, 1145, 1156, 1163, 1170, 1179, 1191, 1203, 1214, 1226, 1238, 1250, 1264, 1277, 1289, 1299, 1315]
[0, 1143, 1134, 1128, 1121, 1112, 1104, 1098, 1091, 1087, 1083, 1080, 1077, 1074, 1070, 1066, 1066, 1065, 1063, 1062, 1064, 1065, 550, 0, 0, 0, 372, 366, 365, 365, 366, 368, 374, 0, 0, 1098, 1103, 1108, 1113, 1119, 1124, 1128, 1135, 1144, 1153, 1160, 1167, 1174, 1183, 1195, 1206, 1215, 1225, 1234, 1245, 1255, 1266, 1277, 1277, 1302, 1315]
[0, 1143, 1160, 1153, 1146, 1138, 1132, 1125, 1119, 1114, 1107, 1103, 1099, 1096, 1094, 1091, 1091, 1090, 1087, 1085, 1084, 1085, 550, 0, 0, 375, 369, 366, 364, 365, 367, 368, 374, 0, 0, 1101, 1104, 1108, 1110, 1114, 1120, 1126, 1132, 1139, 1149, 1157, 1164, 1171, 1180, 1190, 1199, 1210, 1222, 1235, 1245, 1254, 1265, 1274, 1285, 1298, 1312]
[0, 1174, 1166, 1160, 1154, 1147, 1140, 1133, 1127, 1121, 1118, 1115, 1114, 1110, 1106, 1104, 1101, 1099, 1099, 1096, 1095, 1085, 550, 0, 0, 0, 372, 367, 365, 365, 366, 369, 375, 0, 0, 1121, 1124, 1126, 1132, 1138, 1143, 1152, 1159, 1166, 1171, 1175, 1180, 1185, 1192, 1202, 1210, 1210, 1220, 1239, 1245, 1248, 1256, 1266, 1278, 1290, 1302]
[0, 1195, 1187, 1178, 1170, 1165, 1161, 1155, 1148, 1141, 1136, 1135, 1133, 1129, 1126, 1122, 1120, 1120, 1119, 1120, 1120, 1085, 550, 0, 0, 379, 371, 367, 365, 365, 367, 369, 375, 0, 0, 0, 1130, 1135, 1139, 1144, 1151, 1157, 1163, 1166, 1167, 1171, 1176, 1183, 1190, 1197, 1204, 1212, 1222, 1232, 1240, 1249, 1259, 1270, 1280, 1292, 1306]
[0, 1190, 1187, 1182, 1174, 1168, 1163, 1158, 1153, 1145, 1139, 1136, 1135, 1131, 1128, 1126, 1124, 1123, 1120, 1120, 1120, 1119, 550, 0, 0, 379, 371, 368, 366, 366, 369, 369, 375, 0, 0, 1146, 1142, 1140, 1140, 1144, 1148, 1151, 1154, 1158, 1163, 1170, 1177, 1184, 1191, 1197, 1202, 1211, 1222, 1234, 1244, 1250, 1261, 1274, 1282, 1292, 1308]
[0, 1216, 1208, 1197, 1188, 1182, 1174, 1170, 1167, 1163, 1159, 1156, 1155, 1150, 1144, 1141, 1138, 1136, 1136, 1120, 1137, 1136, 550, 0, 0, 379, 373, 368, 366, 365, 367, 370, 376, 0, 0, 1138, 1139, 1140, 1143, 1147, 1151, 1155, 1158, 1161, 1168, 1176, 1181, 1186, 1193, 1201, 1209, 1211, 1219, 1230, 1238, 1247, 1256, 1266, 1277, 1289, 1302]
[0, 1217, 1208, 1198, 1190, 1183, 1177, 1173, 1168, 1163, 1161, 1158, 1155, 1150, 1144, 1142, 1139, 1137, 1136, 1136, 1135, 1136, 550, 0, 0, 378, 372, 368, 367, 365, 370, 375, 376, 0, 0, 1137, 1137, 1140, 1143, 1145, 1149, 1152, 1155, 1159, 1164, 1172, 1177, 1183, 1190, 1197, 1205, 1214, 1223, 1233, 1242, 1252, 1263, 1272, 1283, 1296, 1309]
[0, 1231, 1224, 1217, 1209, 1200, 1192, 1173, 1188, 1184, 1179, 1175, 1170, 1167, 1165, 1162, 1159, 1157, 1155, 1155, 1151, 1144, 550, 0, 0, 379, 372, 368, 367, 366, 369, 375, 376, 0, 0, 1137, 1136, 1138, 1140, 1144, 1147, 1151, 1155, 1159, 1166, 1172, 1177, 1183, 1190, 1196, 1203, 1211, 1222, 1231, 1240, 1252, 1263, 1273, 1284, 1294, 1307]
[0, 1235, 1227, 1218, 1211, 1204, 1196, 1191, 1186, 1182, 1178, 1173, 1170, 1167, 1164, 1161, 1160, 1156, 1153, 1150, 1145, 1144, 550, 0, 0, 0, 376, 370, 0, 368, 369, 373, 379, 0, 0, 1137, 1139, 1141, 1144, 1146, 1150, 1154, 1159, 1162, 1167, 1172, 1180, 1183, 1185, 1192, 1199, 1207, 1219, 1227, 1234, 1245, 1257, 1267, 1277, 1288, 1299]
[0, 1270, 1262, 1255, 1246, 1241, 1235, 1227, 1217, 1205, 1197, 1190, 1185, 1178, 1171, 1163, 1156, 1153, 1151, 1147, 1143, 1141, 550, 0, 0, 0, 372, 368, 0, 368, 370, 375, 379, 0, 0, 1136, 1137, 1140, 1142, 1145, 1148, 1152, 1154, 1158, 1164, 1171, 1177, 1183, 1190, 1197, 1204, 1214, 1222, 1233, 1242, 1251, 1262, 1272, 1283, 1294, 1307]
[0, 1266, 1258, 1251, 1245, 1237, 1230, 1222, 1211, 1205, 1200, 1193, 1184, 1177, 1169, 1163, 1159, 1156, 1152, 1148, 1146, 1144, 550, 0, 0, 0, 377, 372, 370, 370, 372, 375, 379, 0, 0, 1136, 0, 1137, 1140, 1142, 1145, 1148, 1152, 1157, 1160, 1167, 1174, 1180, 1185, 1192, 1199, 1207, 1216, 1225, 1234, 1245, 1257, 1267, 1276, 1287, 1300]
[0, 1279, 1270, 1257, 1244, 1235, 1228, 1217, 1208, 1199, 1190, 1183, 1178, 1171, 1169, 1164, 1158, 1154, 1151, 1148, 1143, 1141, 550, 0, 0, 0, 374, 370, 369, 370, 372, 373, 379, 0, 0, 1135, 1138, 1140, 1142, 1145, 1149, 1152, 1155, 1158, 1163, 1171, 1176, 1182, 1190, 1196, 1204, 1213, 1222, 1232, 1241, 1250, 1261, 1271, 1282, 1293, 1306]
[0, 1279, 1270, 1258, 1245, 1235, 1227, 1217, 1207, 1198, 1189, 1183, 1178, 1171, 1169, 1158, 1158, 1154, 1151, 1148, 1143, 1141, 1140, 0, 0, 0, 379, 375, 374, 374, 372, 373, 379, 0, 1132, 1132, 1136, 1139, 1141, 1144, 1144, 1145, 1151, 1158, 1163, 1166, 1172, 1182, 1186, 1193, 1201, 1206, 1217, 1227, 1235, 1245, 1255, 1265, 1275, 1286, 1303]
[0, 1278, 1269, 1256, 1244, 1235, 1226, 1216, 1207, 1199, 1190, 1183, 1178, 1170, 1169, 1164, 1159, 1155, 1151, 1148, 1143, 1140, 1140, 0, 0, 0, 379, 375, 374, 374, 372, 373, 379, 0, 1133, 1132, 1135, 1137, 1141, 1144, 1145, 1146, 1151, 1158, 1162, 1166, 1172, 1181, 1186, 1193, 1200, 1206, 1215, 1225, 1237, 1247, 1255, 1265, 1275, 1286, 1302]
[0, 1278, 1268, 1257, 1246, 1235, 1226, 1217, 1207, 1197, 1189, 1182, 1177, 1170, 1164, 1159, 1154, 1150, 1151, 1147, 1146, 1144, 1137, 0, 0, 0, 381, 375, 377, 375, 376, 380, 379, 0, 1130, 1129, 1133, 1137, 1140, 1141, 1143, 1146, 1151, 1157, 1159, 1163, 1172, 1180, 1186, 1193, 1200, 1206, 1215, 1225, 1237, 1247, 1256, 1266, 1276, 1287, 1302]
[0, 1278, 1268, 1257, 1246, 1235, 1226, 1217, 1207, 1198, 1190, 1183, 1177, 1170, 1164, 1159, 1154, 1150, 1147, 1147, 1143, 1140, 1137, 0, 0, 0, 0, 377, 375, 0, 376, 380, 379, 0, 1132, 1131, 1133, 1136, 1140, 1142, 1144, 1148, 1150, 1154, 1159, 1162, 1170, 1176, 1183, 1192, 1201, 1207, 1214, 1223, 1234, 1243, 1252, 1263, 1273, 1282, 1296]
[0, 1279, 1268, 1256, 1245, 1235, 1226, 1217, 1207, 1198, 1190, 1183, 1177, 1170, 1164, 1158, 1153, 1150, 1147, 1146, 1142, 1138, 1137, 0, 0, 0, 0, 377, 376, 0, 376, 380, 379, 0, 1130, 1130, 1131, 1133, 1137, 1142, 1144, 1145, 1150, 1156, 1159, 1163, 1170, 1176, 1182, 1191, 1198, 1205, 1214, 1224, 1235, 1245, 1256, 1265, 1275, 1286, 1298]
[0, 1273, 1261, 1254, 1244, 1233, 1223, 1214, 1207, 1204, 1197, 1189, 1181, 1175, 1169, 1163, 1158, 1152, 1147, 1145, 1142, 1139, 1134, 0, 0, 0, 0, 380, 377, 378, 380, 380, 379, 0, 1128, 1128, 1131, 1136, 1139, 1141, 1142, 1145, 1150, 1154, 1158, 1162, 1168, 1175, 1181, 1188, 1197, 1204, 1211, 1221, 1229, 1240, 1251, 1261, 1273, 1283, 1293]
[0, 1278, 1268, 1256, 1244, 1235, 1226, 1216, 1206, 1197, 1189, 1183, 1177, 1170, 1163, 1158, 1153, 1150, 1147, 1145, 1145, 1142, 1137, 0, 0, 0, 0, 380, 377, 378, 383, 380, 379, 0, 1130, 1129, 1132, 1136, 1139, 1140, 1143, 1146, 1148, 1154, 1159, 1163, 1172, 1178, 1184, 1190, 1196, 1205, 1215, 1225, 1236, 1246, 1255, 1265, 1275, 1286, 1298]
[0, 1279, 1268, 1256, 1245, 1235, 1225, 1216, 1207, 1198, 1190, 1183, 1177, 1170, 1163, 1157, 1154, 1151, 1145, 1142, 1141, 1138, 1137, 1134, 0, 0, 0, 379, 377, 378, 381, 380, 379, 0, 1129, 1130, 1133, 1135, 1136, 1138, 1142, 1144, 1149, 1155, 1157, 1162, 1169, 1175, 1183, 1189, 1197, 1206, 1213, 1222, 1233, 1242, 1252, 1263, 1273, 1282, 1296]
[0, 1279, 1268, 1256, 1245, 1235, 1225, 1213, 1205, 1199, 1192, 1184, 1177, 1170, 1162, 1159, 1155, 1152, 1150, 1144, 1141, 1137, 1136, 1134, 0, 0, 0, 380, 377, 377, 380, 380, 379, 0, 1129, 1130, 1131, 1133, 1136, 1140, 1144, 1147, 1150, 1154, 1158, 1162, 1167, 1174, 1181, 1187, 1193, 1201, 1211, 1220, 1229, 1238, 1249, 1261, 1272, 1283, 1293]
[0, 1275, 1261, 1251, 1243, 1234, 1225, 1215, 1206, 1197, 1189, 1182, 1176, 1170, 1163, 1157, 1153, 1150, 1146, 1143, 1141, 1137, 1135, 1134, 0, 0, 0, 0, 378, 377, 380, 380, 0, 1127, 1127, 1129, 1131, 1134, 1138, 1140, 1142, 1146, 1150, 1155, 1159, 1164, 1171, 1177, 1181, 1184, 1191, 1198, 1214, 1220, 1222, 1234, 1246, 1257, 1269, 1281, 1294]
[0, 1278, 1268, 1256, 1245, 1235, 1226, 1214, 1204, 1198, 1191, 1184, 1178, 1170, 1162, 1158, 1154, 1151, 1149, 1144, 1140, 1137, 1135, 1134, 0, 0, 0, 381, 377, 378, 381, 380, 0, 0, 1127, 1129, 1131, 1134, 1137, 1140, 1141, 1145, 1149, 1152, 1156, 1160, 1166, 1173, 1179, 1185, 1193, 1200, 1209, 1216, 1224, 1236, 1247, 1258, 1273, 1287, 1298]
[0, 1281, 1271, 1260, 1249, 1238, 1228, 1218, 1209, 1202, 1194, 1186, 1180, 1172, 1164, 1160, 1158, 1153, 1147, 1145, 1141, 1139, 1134, 1134, 0, 0, 0, 0, 378, 377, 0, 380, 0, 1126, 1127, 1129, 1131, 1136, 1139, 1140, 1142, 1146, 1150, 1154, 1157, 1162, 1170, 1175, 1181, 1188, 1195, 1203, 1214, 1224, 1233, 1243, 1255, 1265, 1276, 1291, 1309]
[0, 1274, 1262, 1252, 1244, 1234, 1224, 1214, 1205, 1196, 1189, 1182, 1176, 1169, 1162, 1157, 1153, 1150, 1145, 1141, 1140, 1137, 1137, 1133, 0, 0, 0, 380, 378, 378, 383, 380, 0, 0, 1127, 1130, 1132, 1134, 1135, 1138, 1142, 1144, 1149, 1154, 1157, 1161, 1167, 1175, 1181, 1188, 1193, 1200, 1209, 1219, 1228, 1237, 1249, 1260, 1272, 1286, 1299]
[0, 1278, 1268, 1256, 1244, 1235, 1225, 1214, 1205, 1198, 1191, 1183, 1176, 1169, 1162, 1158, 1154, 1149, 1146, 1143, 1140, 1138, 1135, 1133, 0, 0, 0, 383, 378, 377, 380, 380, 0, 1128, 1128, 1129, 1131, 0, 1137, 1139, 1142, 1145, 1149, 1154, 1154, 1164, 1171, 1175, 1187, 1200, 1193, 1211, 1231, 1242, 1252, 1261, 1268, 1280, 1295, 1308, 1320]
[0, 1278, 1267, 1256, 1245, 1234, 1225, 1215, 1205, 1198, 1191, 1182, 1175, 1169, 1162, 1158, 1154, 1148, 1145, 1143, 1139, 1136, 1136, 1133, 0, 0, 0, 0, 379, 378, 380, 380, 0, 1126, 1128, 1129, 1131, 1135, 1139, 1142, 1147, 1152, 1159, 1165, 1169, 1177, 1187, 1193, 1199, 1205, 1214, 1223, 1233, 1245, 1252, 1259, 1266, 1277, 1291, 1306, 1320]
[0, 1279, 1269, 1257, 1246, 1236, 1225, 1215, 1206, 1199, 1191, 1182, 1175, 1168, 1161, 1158, 1154, 1148, 1144, 1142, 1140, 1138, 1131, 1133, 0, 0, 0, 0, 379, 377, 0, 380, 0, 1126, 1127, 1128, 1131, 1134, 1137, 1142, 1148, 1152, 1159, 1166, 1169, 1171, 1179, 1189, 1195, 1202, 1214, 1223, 1222, 1232, 1242, 1252, 1261, 1270, 1280, 1294, 1308]
[0, 1274, 1262, 1252, 1243, 1234, 1224, 1212, 1203, 1196, 1188, 1181, 1175, 1166, 1160, 1157, 1153, 1148, 1145, 1142, 1140, 1139, 1137, 1131, 0, 0, 0, 0, 379, 378, 0, 380, 0, 1126, 1127, 1129, 1130, 1135, 1138, 1141, 1146, 1150, 1158, 1165, 1170, 1178, 1186, 1193, 1199, 1207, 1215, 1223, 1233, 1244, 1251, 1258, 1266, 1278, 1292, 1306, 1320]
[0, 1269, 1258, 1252, 1238, 1234, 1229, 1222, 1213, 1204, 1198, 1193, 1188, 1185, 1184, 1179, 1173, 1168, 1162, 1156, 1155, 1153, 1137, 1134, 0, 0, 0, 381, 378, 378, 383, 380, 0, 0, 1126, 1129, 1131, 1134, 1135, 1138, 1144, 1149, 1154, 1162, 1167, 1172, 1180, 1189, 1197, 1204, 1214, 1221, 1227, 1238, 1247, 1254, 1261, 1273, 1287, 1300, 1312]
[0, 1269, 1258, 1247, 1238, 1230, 1229, 1222, 1213, 1205, 1198, 1193, 1188, 1185, 1184, 1179, 1173, 1168, 1162, 1156, 1154, 1153, 1150, 1149, 0, 0, 0, 0, 378, 377, 383, 0, 0, 0, 1141, 1144, 1145, 1146, 1148, 1150, 1155, 1163, 1168, 1167, 1170, 1178, 1186, 1191, 1197, 1204, 1210, 1218, 1228, 1235, 1245, 1256, 1265, 1275, 1287, 1300, 1315]
[0, 1279, 1270, 1264, 1254, 1246, 1238, 1222, 1227, 1213, 1198, 1203, 1194, 1190, 1182, 1175, 1173, 1168, 1162, 1156, 1154, 1152, 1150, 1149, 0, 0, 0, 0, 378, 377, 383, 0, 0, 0, 1140, 1144, 1145, 1147, 1148, 1150, 1153, 1159, 1165, 1168, 1171, 1178, 1187, 1191, 1197, 1205, 1211, 1219, 1227, 1238, 1249, 1257, 1264, 1275, 1289, 1301, 1314]
[0, 1281, 1271, 1265, 1255, 1247, 1240, 1228, 1219, 1213, 1198, 1197, 1194, 1183, 1182, 1176, 1172, 1168, 1164, 1158, 1155, 1152, 1149, 1148, 0, 0, 0, 0, 0, 375, 383, 0, 0, 0, 1140, 1143, 1145, 1146, 1148, 1150, 1155, 1160, 1162, 1166, 1171, 1178, 1186, 1191, 1197, 1205, 1211, 1218, 1227, 1239, 1249, 1257, 1265, 1277, 1289, 1301, 1314]
[0, 1286, 1277, 1268, 1259, 1249, 1239, 1231, 1223, 1216, 1209, 1201, 1193, 1182, 1176, 1174, 1169, 1164, 1161, 1156, 1151, 1149, 1150, 1148, 0, 0, 0, 0, 375, 375, 376, 0, 0, 0, 1141, 1142, 1144, 1146, 1147, 1150, 1151, 1156, 1162, 1165, 1167, 1175, 1185, 1191, 1197, 1205, 1211, 1218, 1227, 1237, 1247, 1255, 1264, 1274, 1286, 1299, 1312]
[0, 1288, 1274, 1263, 1253, 1249, 1245, 1238, 1227, 1218, 1211, 1202, 1194, 1188, 1183, 1178, 1172, 1168, 1162, 1157, 1155, 1152, 1147, 1148, 0, 0, 0, 0, 0, 376, 0, 0, 0, 0, 1145, 1143, 1143, 1144, 1146, 1148, 1152, 1156, 1159, 1163, 1170, 1177, 1184, 1190, 1195, 1200, 1208, 1216, 1224, 1235, 1246, 1252, 1261, 1270, 1281, 1294, 1309]
[0, 1297, 1282, 1270, 1261, 1251, 1244, 1235, 1224, 1215, 1208, 1202, 1193, 1188, 1181, 1174, 1170, 1165, 1159, 1154, 1153, 1149, 1149, 1152, 0, 0, 0, 0, 0, 375, 0, 0, 0, 0, 1140, 1142, 1144, 1146, 1146, 1149, 1153, 1158, 1162, 1165, 1171, 1178, 1184, 1189, 1197, 1206, 1212, 1219, 1229, 1240, 1249, 1257, 1267, 1279, 1289, 1301, 1316]
[0, 1297, 1285, 1273, 1261, 1252, 1244, 1235, 1225, 1215, 1207, 1201, 1195, 1188, 1180, 1174, 1170, 1165, 1160, 1156, 1153, 1150, 1147, 1152, 0, 0, 0, 0, 0, 376, 0, 0, 0, 1149, 1138, 1141, 1144, 1146, 1148, 1152, 1156, 1162, 1165, 1165, 1171, 1178, 1179, 1188, 1195, 1202, 1209, 1214, 1222, 1232, 1242, 1252, 1261, 1270, 1280, 1294, 1307]
[0, 1288, 1274, 1273, 1263, 1253, 1244, 1236, 1225, 1216, 1211, 1203, 1195, 1189, 1183, 1177, 1171, 1167, 1162, 1157, 1154, 1152, 1148, 1152, 0, 0, 0, 0, 0, 375, 0, 0, 0, 0, 1139, 1142, 1143, 1144, 1147, 1151, 1155, 1164, 1167, 1165, 1171, 1178, 1186, 1192, 1199, 1205, 1214, 1222, 1230, 1241, 1251, 1258, 1266, 1277, 1291, 1303, 1316]
[0, 1297, 1285, 1274, 1262, 1252, 1243, 1235, 1224, 1214, 1208, 1201, 1195, 1188, 1180, 1174, 1171, 1166, 1161, 1157, 1153, 1150, 1149, 1152, 0, 0, 0, 0, 0, 375, 0, 0, 0, 0, 1140, 1142, 1144, 1146, 1147, 1150, 1152, 1154, 1158, 1164, 1170, 1177, 1185, 1190, 1197, 1204, 1211, 1219, 1228, 1239, 1248, 1256, 1265, 1275, 1288, 1300, 1313]
[0, 1292, 1278, 1266, 1256, 1248, 1240, 1231, 1217, 1209, 1207, 1199, 1193, 1187, 1180, 1175, 1171, 1165, 1161, 1158, 1153, 1149, 1149, 1156, 0, 0, 0, 0, 0, 376, 0, 0, 0, 0, 1140, 1142, 1143, 1145, 1148, 1150, 1155, 1160, 1162, 1165, 1170, 1177, 1184, 1190, 1197, 1204, 1211, 1219, 1228, 1237, 1247, 1256, 1265, 1275, 1288, 1300, 1313]
[0, 1296, 1285, 1273, 1261, 1252, 1243, 1234, 1223, 1214, 1209, 1202, 1195, 1189, 1184, 1178, 1171, 1167, 1162, 1158, 1154, 1151, 1146, 1156, 0, 0, 0, 0, 0, 376, 0, 0, 0, 1146, 1138, 1141, 1144, 1146, 1148, 1152, 1156, 1161, 1165, 1167, 1171, 1179, 1187, 1194, 1201, 1206, 1212, 1220, 1228, 1231, 1248, 1260, 1269, 1278, 1292, 1304, 1316]
[0, 1296, 1282, 1270, 1261, 1251, 1244, 1234, 1224, 1216, 1208, 1201, 1195, 1189, 1184, 1178, 1171, 1166, 1163, 1158, 1154, 1151, 1148, 1149, 0, 0, 0, 380, 0, 383, 0, 0, 0, 0, 1138, 1141, 1143, 1144, 1146, 1149, 1152, 1156, 1161, 1167, 1170, 1173, 1180, 1186, 1191, 1199, 1207, 1213, 1221, 1234, 1245, 1252, 1261, 1270, 1281, 1293, 1308]
[0, 1296, 1284, 1273, 1261, 1251, 1242, 1234, 1224, 1215, 1209, 1202, 1195, 1188, 1179, 1173, 1168, 1160, 1156, 1155, 1154, 1151, 1148, 1146, 0, 0, 0, 0, 381, 380, 0, 0, 0, 0, 1141, 1140, 1142, 1143, 1146, 1148, 1149, 1158, 1161, 1167, 1172, 1179, 1186, 1193, 1199, 1205, 1211, 1219, 1229, 1238, 1247, 1257, 1267, 1278, 1289, 1301, 1311]
