[0, 0, 0, 0, 0, 0, 0, 0, 0, 0, 0, 0, 0, 0, 0, 0, 0, 0, 0, 0, 0, 0, 0, 0, 0, 0, 0, 0, 0, 0, 0, 0, 0, 0, 0, 0, 0, 0, 0, 0, 0, 0, 0, 0, 0, 0, 0, 0, 0, 0, 0, 0, 0, 0, 0, 0, 0, 0, 0, 0, 0]
[0, 511, 510, 508, 504, 501, 498, 494, 490, 487, 485, 484, 481, 479, 478, 476, 475, 473, 471, 471, 470, 469, 468, 468, 466, 467, 467, 467, 468, 468, 468, 468, 469, 470, 470, 472, 473, 475, 476, 478, 480, 482, 484, 486, 488, 491, 492, 498, 499, 501, 510, 510, 518, 522, 524, 533, 535, 538, 543, 550, 556]
[0, 516, 511, 508, 505, 501, 498, 495, 491, 488, 486, 484, 482, 480, 477, 476, 475, 474, 472, 471, 469, 469, 469, 468, 467, 466, 467, 467, 467, 467, 468, 468, 469, 470, 470, 472, 473, 475, 476, 478, 479, 481, 484, 486, 487, 490, 494, 497, 501, 505, 510, 513, 518, 522, 527, 533, 538, 543, 543, 556, 562]
[0, 512, 509, 505, 501, 497, 498, 495, 488, 488, 486, 483, 481, 480, 478, 476, 475, 474, 473, 471, 470, 469, 468, 467, 467, 466, 467, 467, 467, 466, 467, 468, 469, 470, 471, 472, 473, 475, 476, 477, 479, 481, 483, 485, 488, 491, 494, 497, 500, 504, 509, 513, 517, 521, 526, 532, 537, 542, 547, 554, 561]
[0, 513, 509, 506, 502, 498, 496, 494, 490, 488, 485, 483, 481, 480, 479, 478, 476, 474, 473, 471, 470, 469, 468, 467, 467, 467, 467, 467, 467, 466, 467, 468, 469, 469, 470, 471, 473, 474, 474, 476, 478, 480, 482, 485, 486, 489, 492, 495, 499, 502, 506, 510, 514, 520, 525, 529, 534, 540, 547, 553, 559]
[0, 516, 512, 507, 504, 501, 498, 495, 491, 488, 486, 484, 482, 481, 479, 477, 476, 474, 474, 473, 472, 470, 470, 469, 466, 465, 466, 467, 466, 467, 468, 468, 469, 470, 471, 472, 473, 475, 477, 479, 480, 480, 482, 484, 486, 488, 491, 498, 499, 502, 505, 509, 518, 522, 525, 527, 533, 538, 544, 550, 556]
[0, 514, 510, 507, 506, 502, 498, 496, 493, 489, 486, 484, 482, 481, 480, 478, 476, 474, 473, 473, 472, 470, 469, 469, 468, 467, 468, 469, 469, 469, 470, 470, 470, 471, 473, 474, 474, 476, 478, 478, 481, 483, 484, 487, 490, 494, 496, 500, 504, 508, 511, 509, 520, 525, 525, 535, 533, 541, 546, 552, 564]
[0, 516, 512, 508, 505, 502, 498, 495, 491, 489, 487, 484, 482, 482, 479, 477, 476, 475, 473, 473, 471, 471, 470, 469, 468, 467, 467, 468, 469, 470, 470, 470, 471, 471, 471, 473, 475, 476, 478, 480, 482, 483, 484, 486, 489, 492, 495, 498, 502, 506, 510, 514, 519, 523, 529, 534, 539, 544, 550, 557, 563]
[0, 515, 511, 508, 503, 500, 497, 494, 490, 489, 487, 485, 484, 482, 480, 478, 477, 475, 474, 473, 472, 471, 470, 469, 469, 468, 468, 469, 468, 469, 470, 470, 471, 471, 472, 474, 475, 477, 479, 479, 481, 483, 484, 487, 490, 493, 496, 499, 504, 508, 511, 515, 520, 524, 529, 535, 540, 546, 552, 558, 565]
[0, 514, 510, 508, 506, 502, 499, 496, 493, 490, 487, 484, 482, 481, 480, 478, 476, 475, 474, 473, 472, 470, 469, 469, 468, 469, 469, 468, 469, 470, 470, 471, 472, 473, 474, 474, 474, 477, 479, 479, 480, 482, 484, 485, 489, 492, 494, 496, 500, 504, 509, 515, 518, 521, 526, 531, 537, 543, 549, 555, 560]
[0, 520, 516, 512, 509, 505, 502, 499, 496, 493, 491, 489, 482, 485, 480, 484, 482, 481, 480, 478, 477, 477, 475, 475, 468, 469, 468, 469, 469, 470, 470, 470, 471, 472, 472, 473, 475, 476, 478, 480, 482, 483, 485, 488, 490, 493, 496, 499, 504, 509, 512, 516, 519, 525, 530, 535, 541, 548, 554, 560, 566]
[0, 520, 516, 512, 508, 505, 502, 499, 496, 493, 491, 488, 487, 485, 484, 484, 481, 481, 480, 478, 477, 476, 475, 475, 474, 474, 474, 474, 474, 475, 475, 476, 477, 477, 479, 480, 481, 482, 484, 480, 486, 488, 490, 495, 490, 497, 500, 506, 510, 509, 514, 519, 523, 528, 533, 538, 543, 549, 555, 561, 567]
[0, 521, 514, 512, 511, 508, 504, 501, 498, 495, 493, 490, 488, 486, 485, 483, 482, 480, 479, 478, 477, 476, 475, 475, 474, 474, 474, 474, 474, 475, 475, 476, 476, 477, 478, 480, 481, 482, 484, 486, 487, 488, 491, 494, 497, 500, 503, 507, 511, 514, 519, 519, 527, 528, 537, 538, 543, 555, 555, 561, 567]
[0, 520, 516, 512, 509, 506, 502, 499, 496, 493, 491, 488, 487, 486, 484, 483, 481, 480, 480, 478, 477, 476, 475, 475, 475, 474, 474, 474, 475, 475, 476, 476, 476, 477, 478, 480, 481, 482, 484, 485, 487, 489, 491, 494, 496, 499, 502, 505, 509, 514, 518, 522, 527, 531, 536, 541, 547, 552, 558, 565, 571]
[0, 520, 519, 515, 511, 509, 506, 502, 499, 497, 495, 492, 490, 488, 487, 485, 484, 482, 480, 479, 479, 476, 478, 477, 474, 474, 474, 474, 475, 475, 475, 476, 477, 478, 478, 480, 482, 483, 484, 486, 488, 489, 491, 494, 497, 500, 503, 507, 509, 514, 519, 523, 528, 531, 537, 541, 549, 555, 561, 567, 574]
[0, 523, 520, 516, 512, 509, 506, 503, 499, 497, 495, 493, 490, 488, 487, 485, 484, 483, 480, 480, 479, 479, 479, 477, 477, 474, 477, 477, 478, 477, 478, 478, 479, 481, 482, 482, 483, 484, 486, 488, 490, 492, 495, 497, 500, 502, 506, 509, 513, 518, 522, 527, 531, 535, 540, 546, 552, 557, 562, 569, 577]
[0, 521, 517, 514, 511, 508, 505, 503, 502, 499, 496, 494, 492, 490, 488, 487, 485, 484, 482, 481, 480, 479, 479, 479, 477, 477, 478, 477, 478, 478, 479, 479, 479, 481, 482, 482, 483, 485, 487, 488, 490, 493, 495, 497, 500, 503, 506, 509, 513, 518, 522, 527, 532, 536, 540, 546, 552, 558, 563, 569, 578]
[0, 522, 518, 514, 511, 508, 505, 503, 502, 499, 496, 494, 492, 489, 489, 487, 485, 484, 483, 481, 480, 480, 479, 479, 478, 478, 479, 478, 478, 479, 479, 480, 481, 481, 482, 483, 484, 486, 487, 489, 491, 494, 495, 497, 500, 503, 506, 509, 512, 517, 521, 526, 530, 535, 540, 545, 551, 557, 562, 569, 577]
[0, 525, 522, 518, 515, 512, 508, 505, 503, 499, 500, 498, 496, 493, 489, 491, 489, 487, 486, 485, 484, 483, 482, 482, 478, 478, 478, 478, 478, 479, 479, 480, 481, 482, 482, 483, 486, 486, 489, 489, 491, 493, 495, 497, 500, 503, 506, 510, 513, 517, 521, 525, 530, 534, 539, 544, 550, 556, 562, 568, 576]
[0, 525, 522, 518, 514, 511, 508, 505, 503, 500, 500, 498, 495, 494, 493, 490, 489, 487, 485, 485, 484, 483, 482, 482, 481, 481, 481, 481, 482, 482, 482, 483, 484, 485, 486, 487, 486, 490, 489, 495, 496, 493, 498, 500, 503, 506, 510, 513, 517, 520, 524, 529, 534, 539, 544, 550, 555, 560, 566, 573, 580]
[0, 526, 522, 518, 516, 512, 509, 506, 503, 499, 497, 498, 494, 494, 491, 490, 489, 487, 485, 485, 484, 483, 482, 482, 481, 481, 481, 481, 482, 482, 482, 483, 484, 485, 486, 487, 488, 490, 492, 495, 496, 498, 500, 500, 503, 510, 510, 517, 517, 520, 529, 535, 534, 540, 544, 550, 555, 560, 566, 573, 580]
[0, 526, 524, 521, 516, 512, 510, 508, 505, 502, 497, 497, 494, 496, 495, 494, 492, 490, 488, 486, 484, 484, 484, 484, 482, 481, 481, 481, 482, 483, 482, 483, 485, 485, 486, 487, 489, 491, 493, 495, 496, 499, 500, 503, 507, 510, 510, 518, 517, 522, 525, 530, 540, 544, 544, 550, 561, 560, 573, 573, 581]
[0, 533, 529, 525, 522, 519, 516, 512, 510, 508, 505, 503, 502, 501, 495, 497, 495, 490, 493, 486, 491, 490, 490, 490, 484, 484, 483, 483, 483, 484, 485, 486, 487, 488, 488, 489, 491, 493, 495, 497, 499, 499, 503, 506, 509, 512, 510, 516, 520, 524, 532, 530, 537, 542, 548, 553, 558, 564, 570, 577, 584]
[0, 534, 530, 526, 523, 519, 516, 513, 510, 509, 506, 503, 502, 501, 499, 497, 497, 490, 494, 492, 491, 491, 490, 490, 489, 488, 489, 489, 489, 489, 490, 491, 492, 493, 495, 496, 497, 499, 501, 503, 505, 506, 509, 512, 515, 517, 521, 525, 529, 533, 538, 543, 537, 552, 558, 553, 569, 576, 570, 583, 590]
[0, 542, 538, 535, 532, 528, 525, 513, 520, 509, 515, 503, 513, 511, 510, 508, 506, 505, 504, 502, 501, 500, 500, 499, 489, 489, 489, 489, 489, 490, 490, 491, 492, 494, 495, 496, 497, 499, 501, 503, 505, 506, 509, 512, 515, 517, 521, 525, 530, 534, 538, 543, 547, 552, 558, 563, 569, 576, 583, 590, 597]
[0, 547, 543, 540, 536, 533, 529, 526, 523, 520, 518, 515, 514, 513, 510, 509, 508, 507, 505, 504, 503, 503, 500, 503, 499, 499, 498, 499, 499, 500, 501, 502, 503, 503, 504, 506, 508, 499, 511, 503, 512, 518, 509, 520, 524, 527, 534, 525, 537, 541, 550, 543, 555, 560, 565, 571, 578, 584, 590, 597, 604]
[0, 547, 543, 539, 536, 532, 529, 526, 523, 520, 518, 515, 514, 513, 510, 509, 508, 506, 505, 504, 503, 503, 502, 503, 502, 501, 501, 501, 501, 501, 503, 504, 504, 504, 506, 508, 509, 511, 512, 514, 516, 518, 521, 524, 526, 530, 533, 537, 541, 545, 550, 554, 559, 564, 570, 577, 583, 589, 595, 602, 609]
[0, 548, 544, 541, 537, 533, 529, 528, 523, 525, 523, 520, 519, 517, 515, 514, 512, 511, 509, 508, 507, 507, 507, 506, 501, 501, 501, 501, 501, 501, 502, 503, 504, 504, 505, 508, 509, 510, 512, 514, 516, 518, 521, 524, 526, 530, 533, 537, 541, 545, 549, 554, 559, 564, 570, 577, 583, 588, 595, 602, 609]
[0, 550, 546, 542, 538, 535, 532, 529, 527, 524, 521, 519, 518, 516, 514, 512, 511, 510, 509, 509, 507, 506, 506, 506, 505, 505, 505, 505, 505, 506, 507, 508, 508, 509, 511, 508, 514, 510, 517, 519, 516, 522, 524, 526, 529, 533, 537, 540, 544, 548, 552, 557, 562, 567, 573, 579, 585, 592, 598, 605, 611]
[0, 550, 547, 543, 539, 536, 533, 531, 528, 524, 522, 521, 519, 516, 514, 513, 512, 510, 509, 508, 507, 506, 506, 506, 505, 505, 505, 505, 505, 506, 506, 506, 508, 509, 510, 511, 513, 514, 516, 518, 520, 523, 526, 528, 531, 535, 538, 542, 546, 550, 555, 559, 564, 569, 575, 583, 589, 595, 601, 608, 616]
[0, 554, 550, 546, 543, 539, 536, 533, 530, 528, 526, 524, 522, 520, 518, 517, 512, 514, 509, 512, 511, 511, 511, 510, 505, 505, 505, 505, 505, 506, 506, 507, 508, 509, 510, 511, 512, 513, 515, 517, 520, 523, 525, 528, 532, 534, 538, 541, 545, 549, 553, 558, 563, 570, 575, 581, 587, 594, 600, 607, 614]
[0, 565, 562, 546, 559, 555, 551, 548, 546, 544, 541, 538, 537, 535, 533, 531, 530, 529, 528, 527, 526, 526, 526, 510, 510, 510, 510, 510, 510, 510, 510, 511, 512, 513, 515, 516, 517, 519, 521, 523, 525, 528, 530, 533, 537, 540, 544, 541, 548, 555, 560, 558, 570, 576, 583, 590, 596, 594, 602, 608, 615]
[0, 571, 567, 563, 559, 556, 554, 551, 548, 545, 542, 540, 538, 536, 533, 535, 534, 532, 531, 530, 529, 529, 528, 528, 525, 510, 525, 525, 510, 525, 526, 527, 528, 529, 530, 531, 533, 535, 537, 539, 542, 545, 547, 551, 554, 557, 560, 564, 568, 572, 578, 583, 589, 595, 600, 606, 613, 619, 626, 634, 643]
[0, 570, 566, 562, 559, 556, 553, 550, 548, 547, 545, 542, 540, 538, 536, 535, 533, 532, 530, 530, 529, 528, 527, 527, 527, 527, 527, 527, 528, 528, 528, 528, 529, 530, 532, 534, 535, 537, 539, 541, 544, 546, 549, 553, 555, 558, 563, 564, 570, 575, 580, 583, 586, 597, 600, 602, 616, 623, 626, 630, 638]
[0, 575, 566, 571, 563, 556, 560, 557, 554, 551, 549, 547, 545, 543, 541, 540, 538, 536, 535, 535, 534, 534, 533, 527, 527, 527, 527, 527, 527, 528, 528, 529, 530, 531, 532, 533, 536, 538, 540, 541, 541, 544, 551, 554, 557, 560, 563, 567, 572, 575, 577, 582, 587, 593, 599, 605, 611, 617, 624, 631, 639]
[0, 579, 575, 569, 566, 562, 559, 556, 553, 551, 549, 546, 544, 542, 541, 539, 538, 537, 535, 535, 534, 534, 534, 533, 532, 532, 531, 531, 532, 533, 533, 534, 535, 536, 537, 533, 541, 538, 545, 541, 547, 550, 552, 555, 558, 562, 566, 569, 574, 578, 582, 588, 594, 599, 605, 611, 616, 624, 631, 639, 646]
[0, 579, 575, 569, 566, 562, 559, 556, 553, 551, 549, 546, 544, 542, 541, 539, 538, 537, 535, 535, 534, 534, 534, 533, 532, 532, 532, 532, 532, 532, 533, 533, 534, 535, 537, 538, 540, 541, 543, 545, 548, 551, 554, 557, 560, 563, 566, 570, 576, 580, 585, 590, 595, 601, 607, 613, 620, 627, 634, 641, 649]
[0, 579, 575, 569, 566, 562, 559, 556, 553, 551, 549, 546, 544, 542, 541, 539, 538, 537, 535, 535, 534, 534, 534, 533, 532, 532, 532, 532, 532, 532, 533, 533, 534, 535, 537, 538, 540, 541, 543, 545, 548, 551, 554, 557, 560, 563, 566, 570, 576, 10703, 585, 590, 595, 601, 607, 613, 620, 627, 634, 641, 649]
[0, 579, 575, 569, 566, 562, 559, 556, 553, 551, 549, 546, 544, 542, 541, 539, 538, 537, 535, 535, 534, 534, 534, 533, 532, 532, 532, 532, 532, 532, 533, 533, 534, 535, 537, 538, 540, 541, 543, 545, 548, 551, 554, 557, 560, 563, 566, 570, 576, 10703, 585, 590, 595, 601, 607, 613, 620, 627, 634, 641, 649]
[0, 579, 575, 569, 566, 562, 559, 556, 553, 551, 549, 546, 544, 542, 541, 539, 538, 537, 535, 535, 534, 534, 534, 533, 532, 532, 532, 532, 532, 532, 533, 533, 534, 535, 537, 538, 540, 541, 543, 545, 548, 551, 554, 557, 560, 563, 566, 570, 576, 10703, 585, 590, 595, 601, 607, 613, 620, 627, 634, 641, 649]
[0, 579, 575, 569, 566, 562, 559, 567, 564, 551, 561, 559, 557, 555, 554, 552, 551, 549, 548, 547, 547, 546, 545, 533, 532, 532, 532, 532, 532, 532, 533, 533, 534, 535, 537, 538, 540, 541, 543, 545, 548, 551, 554, 557, 560, 563, 566, 570, 576, 10703, 585, 590, 595, 601, 607, 613, 620, 627, 634, 641, 649]
[0, 579, 575, 569, 566, 562, 559, 567, 564, 551, 561, 559, 557, 0, 573, 570, 569, 568, 567, 566, 565, 564, 564, 545, 545, 544, 532, 545, 545, 545, 545, 546, 547, 549, 550, 552, 554, 556, 15917, 545, 548, 551, 554, 557, 560, 563, 566, 570, 576, 10703, 585, 590, 595, 601, 607, 613, 620, 627, 634, 641, 649]
[0, 614, 610, 606, 603, 599, 596, 567, 592, 589, 586, 584, 583, 581, 578, 576, 574, 573, 572, 571, 570, 570, 569, 563, 563, 564, 564, 563, 564, 564, 565, 566, 567, 568, 570, 572, 554, 574, 579, 581, 584, 551, 587, 591, 594, 597, 601, 606, 610, 614, 619, 625, 631, 638, 644, 650, 657, 665, 673, 680, 688]
[0, 613, 610, 609, 602, 599, 598, 595, 592, 589, 587, 584, 581, 579, 578, 576, 575, 574, 572, 571, 570, 569, 568, 569, 568, 568, 570, 570, 570, 570, 570, 571, 573, 575, 576, 577, 554, 581, 584, 587, 584, 590, 592, 596, 600, 603, 607, 612, 615, 620, 626, 631, 637, 644, 650, 656, 663, 671, 678, 686, 695]
[0, 626, 621, 617, 614, 610, 607, 603, 600, 598, 595, 593, 591, 589, 578, 586, 575, 585, 584, 583, 582, 581, 580, 580, 568, 568, 568, 569, 569, 570, 570, 571, 571, 573, 574, 576, 578, 580, 583, 585, 587, 590, 594, 597, 600, 604, 608, 612, 616, 621, 627, 633, 640, 646, 651, 658, 665, 672, 680, 688, 697]
[0, 626, 621, 617, 614, 610, 607, 603, 600, 598, 595, 593, 591, 589, 578, 586, 575, 585, 584, 583, 582, 581, 580, 580, 580, 579, 579, 580, 580, 581, 581, 582, 583, 585, 587, 588, 590, 592, 594, 597, 591, 583, 594, 0, 611, 617, 621, 626, 630, 636, 642, 648, 653, 659, 666, 658, 673, 689, 698, 706, 697]
[0, 626, 621, 617, 614, 610, 607, 603, 600, 598, 595, 593, 591, 589, 578, 586, 575, 585, 584, 583, 582, 581, 580, 580, 580, 579, 579, 580, 580, 581, 581, 582, 583, 585, 587, 588, 590, 592, 594, 597, 591, 583, 594, 0, 611, 617, 621, 626, 630, 636, 642, 648, 653, 659, 666, 658, 673, 689, 698, 706, 697]
[0, 626, 621, 617, 0, 619, 616, 603, 614, 610, 607, 605, 603, 601, 599, 597, 596, 595, 594, 593, 592, 592, 591, 580, 580, 579, 579, 580, 580, 581, 581, 582, 583, 585, 587, 588, 590, 592, 594, 597, 591, 583, 594, 0, 611, 617, 621, 626, 630, 636, 642, 648, 653, 659, 666, 658, 673, 689, 698, 706, 697]
[0, 645, 641, 636, 632, 628, 624, 620, 618, 615, 613, 610, 608, 606, 604, 602, 601, 600, 599, 598, 598, 597, 597, 591, 590, 590, 590, 591, 591, 592, 593, 594, 595, 596, 597, 599, 600, 602, 605, 597, 0, 579, 594, 0, 0, 617, 630, 639, 0, 645, 650, 655, 667, 659, 674, 680, 696, 705, 698, 712, 719]
[0, 646, 641, 636, 632, 628, 624, 620, 617, 615, 613, 610, 608, 606, 604, 602, 601, 600, 599, 598, 598, 597, 596, 596, 596, 595, 595, 596, 596, 597, 593, 598, 601, 596, 602, 606, 600, 608, 610, 597, 0, 580, 580, 0, 0, 0, 637, 642, 648, 653, 658, 663, 670, 676, 682, 690, 698, 705, 712, 720, 730]
[0, 650, 645, 641, 636, 632, 629, 626, 622, 619, 617, 615, 613, 610, 609, 607, 606, 605, 604, 603, 602, 602, 596, 601, 596, 595, 595, 596, 596, 597, 598, 600, 601, 602, 603, 606, 608, 608, 610, 597, 0, 580, 580, 0, 0, 0, 637, 642, 647, 652, 657, 663, 669, 675, 681, 689, 698, 705, 711, 719, 729]
[0, 651, 647, 643, 638, 633, 630, 627, 623, 620, 618, 615, 613, 611, 609, 608, 607, 605, 604, 603, 602, 602, 601, 600, 596, 601, 595, 601, 601, 602, 603, 604, 605, 607, 608, 610, 611, 613, 617, 0, 581, 579, 580, 0, 0, 0, 0, 649, 653, 659, 664, 669, 676, 683, 690, 697, 704, 712, 719, 728, 738]
[0, 660, 656, 651, 647, 644, 640, 636, 633, 630, 628, 625, 623, 620, 609, 618, 616, 605, 615, 613, 613, 612, 612, 601, 600, 600, 601, 601, 601, 602, 604, 605, 606, 607, 608, 611, 613, 615, 617, 0, 0, 579, 579, 581, 0, 0, 0, 648, 652, 657, 663, 669, 675, 680, 687, 696, 703, 710, 718, 728, 736]
[0, 664, 659, 655, 651, 644, 647, 644, 641, 638, 635, 632, 630, 627, 626, 624, 622, 620, 619, 619, 618, 617, 617, 612, 611, 612, 611, 611, 612, 612, 613, 614, 616, 618, 619, 620, 622, 624, 617, 0, 579, 576, 577, 581, 0, 0, 0, 662, 667, 673, 679, 684, 691, 698, 704, 711, 719, 727, 736, 746, 756]
[0, 671, 666, 662, 658, 654, 647, 648, 641, 646, 642, 640, 638, 635, 633, 631, 629, 628, 627, 626, 625, 624, 624, 617, 616, 616, 616, 616, 617, 618, 618, 620, 622, 624, 626, 627, 630, 635, 617, 0, 0, 577, 578, 581, 0, 0, 664, 662, 670, 675, 687, 684, 695, 708, 704, 714, 721, 729, 738, 747, 758]
[0, 685, 681, 676, 672, 668, 664, 661, 658, 656, 653, 651, 638, 647, 646, 644, 629, 642, 627, 640, 639, 638, 638, 623, 623, 623, 623, 624, 624, 625, 625, 627, 629, 630, 632, 634, 636, 642, 617, 0, 576, 577, 576, 578, 0, 0, 672, 677, 682, 688, 694, 701, 707, 714, 720, 728, 736, 729, 755, 764, 758]
[0, 693, 687, 682, 678, 674, 670, 666, 663, 660, 658, 655, 653, 652, 650, 648, 647, 646, 645, 644, 639, 644, 643, 643, 638, 637, 638, 638, 638, 639, 640, 641, 642, 645, 646, 648, 650, 653, 617, 0, 575, 574, 577, 583, 0, 0, 0, 692, 698, 703, 709, 715, 722, 730, 737, 745, 755, 764, 773, 781, 791]
[0, 692, 687, 682, 678, 675, 670, 666, 664, 661, 658, 656, 654, 652, 650, 649, 647, 646, 645, 644, 644, 644, 644, 643, 643, 643, 643, 643, 643, 644, 645, 646, 647, 648, 650, 652, 654, 656, 617, 0, 577, 575, 577, 581, 0, 0, 0, 695, 701, 706, 712, 718, 724, 732, 739, 748, 757, 766, 775, 784, 794]
[0, 701, 696, 691, 687, 683, 679, 675, 671, 668, 666, 664, 662, 661, 659, 657, 656, 654, 653, 652, 652, 651, 650, 644, 644, 643, 643, 643, 643, 644, 645, 646, 647, 648, 650, 652, 654, 656, 617, 0, 577, 575, 575, 580, 0, 0, 0, 695, 700, 705, 711, 717, 725, 733, 739, 746, 756, 765, 774, 782, 792]
[0, 705, 701, 696, 691, 687, 683, 679, 676, 674, 671, 668, 666, 664, 663, 662, 659, 657, 657, 656, 655, 655, 654, 650, 650, 643, 650, 650, 650, 653, 654, 655, 656, 648, 658, 661, 663, 665, 617, 0, 577, 574, 575, 579, 589, 0, 700, 707, 711, 716, 721, 728, 736, 744, 753, 761, 768, 777, 787, 797, 807]
[0, 706, 701, 697, 693, 688, 684, 681, 677, 674, 672, 670, 668, 667, 665, 663, 661, 660, 659, 659, 658, 657, 654, 654, 654, 643, 654, 650, 654, 656, 657, 658, 659, 660, 662, 665, 667, 669, 617, 0, 577, 574, 575, 579, 589, 0, 702, 707, 713, 718, 724, 730, 736, 745, 754, 761, 770, 780, 788, 797, 808]
[0, 710, 706, 701, 697, 693, 689, 684, 681, 678, 676, 674, 671, 668, 666, 666, 665, 664, 661, 659, 660, 660, 657, 658, 654, 657, 657, 657, 658, 659, 660, 661, 663, 664, 666, 668, 671, 674, 0, 582, 577, 574, 575, 579, 589, 0, 708, 713, 718, 724, 730, 738, 746, 754, 761, 769, 777, 787, 796, 806, 816]
[0, 731, 726, 721, 717, 713, 709, 707, 703, 700, 698, 695, 693, 692, 689, 687, 686, 684, 683, 682, 681, 680, 681, 659, 659, 660, 659, 658, 659, 661, 662, 663, 664, 665, 667, 670, 671, 675, 0, 583, 576, 574, 575, 580, 592, 0, 709, 714, 720, 724, 732, 739, 746, 754, 762, 770, 778, 789, 798, 808, 817]
[0, 731, 726, 720, 716, 713, 710, 706, 703, 701, 697, 694, 692, 690, 688, 687, 685, 684, 683, 683, 682, 681, 681, 681, 681, 681, 659, 681, 681, 682, 683, 684, 686, 688, 691, 693, 696, 698, 0, 583, 575, 572, 571, 578, 590, 0, 732, 737, 743, 750, 757, 765, 771, 778, 786, 795, 805, 814, 824, 832, 842]
[0, 730, 725, 720, 717, 713, 710, 706, 703, 700, 698, 695, 693, 690, 689, 687, 685, 684, 683, 682, 682, 681, 681, 681, 680, 681, 681, 680, 681, 682, 683, 684, 685, 687, 691, 694, 695, 698, 0, 583, 581, 575, 572, 573, 578, 0, 0, 739, 745, 751, 758, 765, 773, 781, 789, 798, 807, 817, 826, 834, 845]
[0, 737, 732, 728, 717, 722, 718, 716, 712, 709, 707, 705, 702, 700, 698, 696, 695, 693, 692, 691, 690, 690, 689, 680, 680, 680, 680, 680, 681, 682, 683, 684, 686, 688, 691, 693, 696, 702, 0, 583, 581, 572, 572, 573, 580, 0, 0, 739, 745, 752, 759, 766, 773, 781, 790, 799, 808, 817, 826, 835, 845]
[0, 752, 746, 741, 736, 732, 727, 723, 720, 717, 715, 713, 711, 709, 706, 705, 704, 703, 702, 700, 699, 699, 699, 689, 690, 689, 690, 690, 692, 692, 692, 694, 697, 699, 701, 703, 705, 702, 0, 586, 576, 572, 571, 574, 582, 0, 0, 739, 757, 764, 771, 0, 786, 795, 804, 812, 821, 817, 840, 835, 862]
[0, 749, 744, 740, 736, 731, 727, 722, 718, 716, 714, 712, 711, 708, 706, 704, 704, 703, 702, 700, 701, 699, 699, 699, 699, 699, 699, 699, 700, 702, 703, 694, 704, 707, 709, 710, 712, 714, 0, 582, 575, 571, 571, 574, 584, 0, 0, 0, 763, 770, 777, 784, 793, 801, 810, 818, 826, 834, 844, 856, 866]
[0, 755, 751, 746, 741, 736, 732, 729, 725, 722, 719, 717, 716, 714, 712, 711, 710, 703, 708, 707, 706, 699, 706, 699, 699, 700, 699, 698, 699, 700, 702, 703, 705, 708, 709, 711, 714, 715, 0, 580, 574, 571, 572, 574, 578, 0, 0, 759, 765, 772, 779, 786, 794, 802, 811, 820, 828, 836, 847, 860, 869]
[0, 755, 761, 756, 753, 748, 743, 740, 736, 733, 729, 727, 725, 722, 720, 718, 717, 716, 715, 713, 713, 713, 713, 705, 706, 706, 706, 706, 706, 707, 709, 710, 712, 714, 715, 717, 720, 722, 0, 578, 574, 572, 571, 572, 577, 0, 0, 766, 774, 781, 787, 794, 802, 811, 819, 827, 835, 845, 856, 866, 875]
[0, 755, 777, 771, 767, 764, 760, 755, 752, 748, 744, 741, 739, 737, 735, 734, 733, 731, 730, 730, 730, 729, 728, 714, 713, 713, 714, 714, 715, 715, 716, 718, 720, 722, 724, 727, 730, 722, 0, 582, 573, 569, 570, 575, 582, 0, 0, 0, 781, 787, 794, 802, 809, 818, 826, 833, 842, 853, 864, 872, 881]
[0, 784, 777, 779, 774, 770, 765, 761, 758, 755, 752, 749, 746, 743, 741, 740, 739, 737, 736, 736, 735, 735, 735, 728, 728, 728, 728, 729, 731, 731, 733, 735, 736, 722, 740, 743, 746, 722, 0, 582, 574, 571, 571, 573, 581, 0, 0, 792, 799, 806, 814, 821, 827, 834, 843, 853, 863, 872, 880, 890, 901]
[0, 784, 779, 779, 775, 770, 765, 762, 759, 755, 752, 749, 746, 743, 741, 740, 739, 738, 737, 736, 735, 735, 735, 734, 734, 734, 735, 735, 736, 738, 739, 742, 744, 746, 748, 751, 754, 722, 0, 582, 573, 570, 570, 573, 581, 0, 800, 806, 799, 812, 819, 827, 834, 842, 851, 861, 870, 878, 887, 898, 909]
[0, 805, 801, 795, 789, 784, 781, 777, 759, 773, 769, 767, 765, 763, 761, 759, 759, 757, 755, 755, 754, 754, 754, 735, 734, 734, 735, 735, 736, 738, 739, 742, 744, 746, 748, 751, 754, 722, 0, 582, 573, 569, 569, 573, 581, 0, 800, 806, 806, 813, 820, 828, 834, 842, 851, 861, 870, 878, 887, 898, 910]
[0, 805, 800, 795, 789, 784, 780, 777, 773, 770, 767, 764, 765, 760, 761, 759, 758, 757, 755, 755, 754, 754, 753, 754, 754, 754, 754, 753, 755, 757, 758, 760, 762, 764, 766, 769, 771, 722, 0, 583, 573, 569, 568, 570, 577, 0, 819, 826, 832, 837, 845, 854, 862, 871, 879, 888, 898, 909, 920, 933, 945]
[0, 822, 816, 812, 807, 803, 800, 795, 791, 787, 784, 781, 765, 779, 776, 759, 774, 773, 771, 770, 770, 770, 769, 754, 754, 754, 754, 754, 755, 757, 758, 760, 762, 763, 766, 769, 771, 722, 0, 583, 574, 569, 568, 570, 576, 0, 818, 826, 831, 837, 845, 854, 862, 871, 879, 888, 898, 909, 920, 933, 945]
[0, 822, 816, 812, 808, 804, 800, 795, 791, 787, 784, 781, 779, 777, 776, 774, 774, 772, 771, 770, 770, 770, 770, 769, 768, 768, 769, 771, 772, 772, 774, 776, 778, 780, 783, 786, 788, 722, 0, 583, 573, 569, 567, 569, 576, 0, 835, 842, 851, 859, 866, 872, 879, 888, 899, 907, 918, 931, 942, 952, 962]
[0, 823, 816, 812, 807, 803, 799, 795, 791, 788, 784, 781, 778, 777, 776, 774, 773, 772, 771, 770, 770, 769, 769, 769, 768, 769, 770, 771, 772, 772, 773, 777, 778, 780, 783, 786, 789, 722, 0, 583, 573, 569, 567, 569, 576, 0, 835, 842, 851, 859, 866, 872, 880, 889, 899, 907, 918, 931, 942, 952, 962]
[0, 823, 819, 814, 809, 805, 800, 795, 791, 788, 784, 782, 779, 777, 775, 773, 773, 772, 770, 770, 770, 769, 769, 769, 769, 768, 769, 771, 772, 773, 775, 776, 778, 780, 782, 785, 788, 799, 0, 0, 573, 568, 567, 570, 575, 0, 835, 841, 849, 859, 866, 872, 879, 888, 898, 909, 921, 931, 942, 951, 962]
[0, 825, 820, 814, 810, 805, 801, 797, 793, 789, 785, 782, 780, 778, 776, 774, 773, 772, 771, 770, 769, 769, 769, 769, 769, 770, 770, 770, 771, 773, 774, 776, 778, 780, 783, 786, 787, 791, 0, 575, 569, 568, 567, 568, 585, 0, 0, 840, 848, 857, 864, 871, 878, 886, 895, 905, 916, 927, 939, 949, 959]
[0, 857, 851, 845, 839, 834, 831, 828, 825, 821, 818, 815, 812, 810, 810, 809, 808, 807, 805, 804, 804, 804, 769, 769, 769, 769, 770, 771, 773, 774, 776, 778, 780, 782, 783, 785, 787, 790, 0, 578, 570, 567, 568, 572, 581, 0, 0, 838, 845, 855, 863, 869, 876, 884, 892, 903, 914, 924, 936, 947, 957]
[0, 864, 860, 854, 847, 842, 837, 834, 830, 828, 825, 822, 820, 819, 818, 815, 814, 812, 810, 810, 810, 809, 804, 805, 806, 769, 807, 808, 810, 812, 814, 816, 818, 820, 823, 826, 828, 830, 0, 0, 575, 568, 566, 568, 572, 584, 0, 884, 890, 898, 906, 916, 926, 934, 942, 951, 962, 977, 989, 998, 1011]
[0, 882, 876, 872, 868, 864, 860, 855, 850, 846, 843, 822, 842, 839, 837, 835, 835, 833, 832, 832, 831, 831, 831, 808, 808, 811, 813, 814, 810, 814, 814, 816, 818, 820, 823, 826, 829, 831, 0, 0, 575, 567, 566, 568, 572, 584, 0, 884, 891, 898, 908, 919, 928, 938, 944, 954, 967, 980, 989, 1001, 1015]
[0, 889, 884, 880, 875, 871, 860, 865, 850, 861, 858, 854, 851, 849, 847, 846, 842, 840, 840, 840, 839, 838, 838, 831, 831, 832, 832, 832, 833, 835, 836, 838, 841, 844, 847, 851, 856, 831, 0, 581, 572, 567, 566, 567, 574, 584, 0, 913, 922, 930, 938, 946, 955, 964, 975, 987, 998, 1011, 1022, 1033, 1047]
[0, 889, 889, 884, 880, 876, 872, 868, 864, 860, 856, 854, 850, 848, 847, 845, 843, 841, 840, 839, 839, 838, 838, 839, 840, 840, 840, 841, 842, 844, 846, 849, 852, 855, 858, 862, 866, 831, 0, 578, 569, 566, 565, 568, 575, 0, 918, 926, 934, 943, 950, 959, 971, 983, 992, 1002, 1013, 1024, 1036, 1049, 1064]
[0, 900, 895, 890, 885, 881, 877, 872, 870, 867, 863, 861, 859, 857, 856, 854, 851, 850, 850, 849, 848, 848, 839, 840, 839, 840, 840, 841, 844, 847, 848, 850, 853, 857, 859, 862, 866, 831, 0, 577, 570, 566, 565, 569, 578, 0, 920, 929, 934, 936, 943, 960, 973, 983, 983, 993, 1004, 1014, 1025, 1037, 1050]
[0, 897, 893, 888, 883, 881, 876, 871, 870, 866, 863, 863, 861, 859, 857, 855, 854, 853, 851, 850, 850, 850, 850, 850, 850, 851, 852, 851, 844, 853, 855, 858, 862, 864, 866, 869, 871, 875, 0, 577, 574, 567, 565, 567, 572, 582, 0, 932, 938, 945, 954, 964, 975, 987, 998, 1007, 1017, 1029, 1040, 1052, 1067]
[0, 937, 932, 926, 921, 916, 912, 907, 903, 899, 896, 894, 892, 890, 888, 886, 885, 885, 883, 883, 883, 883, 850, 851, 851, 851, 851, 852, 854, 856, 859, 861, 863, 867, 870, 871, 874, 875, 0, 580, 569, 566, 565, 567, 575, 582, 0, 938, 945, 953, 961, 972, 984, 993, 1003, 1014, 1025, 1036, 1049, 1063, 1077]
[0, 937, 932, 927, 922, 917, 912, 907, 902, 899, 897, 895, 892, 889, 887, 885, 885, 885, 884, 883, 883, 882, 850, 883, 851, 884, 887, 852, 888, 889, 891, 894, 895, 897, 901, 905, 909, 916, 0, 0, 573, 567, 565, 565, 575, 582, 0, 979, 987, 995, 1003, 1012, 1022, 1033, 1045, 1056, 1067, 1079, 1092, 1106, 1120]
[0, 963, 957, 952, 948, 943, 940, 936, 931, 926, 923, 921, 919, 917, 916, 914, 913, 885, 911, 883, 910, 910, 911, 883, 851, 883, 884, 887, 888, 889, 891, 893, 895, 897, 901, 905, 909, 918, 0, 0, 571, 567, 564, 565, 571, 582, 0, 979, 987, 995, 1003, 1012, 1022, 1034, 1045, 1055, 1067, 1080, 1092, 1106, 1120]
[0, 969, 962, 957, 952, 948, 940, 944, 940, 937, 933, 930, 929, 927, 925, 923, 923, 921, 919, 918, 918, 919, 919, 912, 913, 913, 916, 918, 919, 919, 921, 924, 928, 931, 933, 937, 941, 954, 0, 0, 569, 564, 564, 567, 572, 582, 0, 1014, 1022, 1032, 1040, 1050, 1063, 1074, 1085, 1095, 1109, 1124, 1139, 1155, 1169]
[0, 1000, 994, 988, 983, 977, 972, 968, 964, 960, 956, 953, 952, 951, 949, 947, 947, 921, 947, 947, 946, 945, 947, 919, 920, 920, 921, 923, 927, 928, 930, 932, 934, 938, 940, 942, 948, 954, 0, 578, 569, 565, 565, 567, 575, 582, 0, 1022, 1031, 1039, 1047, 1058, 1069, 1081, 1092, 1103, 1117, 1133, 1148, 1163, 1178]
[0, 1001, 996, 990, 984, 979, 972, 968, 965, 961, 956, 954, 952, 950, 949, 948, 948, 948, 947, 945, 944, 945, 947, 948, 948, 949, 950, 951, 952, 954, 956, 959, 962, 965, 969, 973, 977, 954, 0, 578, 569, 565, 563, 566, 573, 582, 0, 1053, 1063, 1071, 1081, 1092, 1102, 1114, 1126, 1140, 1154, 1166, 1181, 1197, 1212]
[0, 1000, 994, 988, 982, 976, 971, 967, 964, 960, 956, 953, 952, 950, 949, 947, 948, 947, 947, 946, 945, 945, 946, 947, 948, 948, 949, 951, 953, 955, 958, 961, 963, 966, 972, 973, 981, 954, 0, 0, 572, 566, 563, 564, 568, 578, 0, 1049, 1058, 1067, 1077, 1087, 1096, 1108, 1120, 1134, 1149, 1162, 1175, 1191, 1205]
[0, 1000, 994, 988, 982, 976, 971, 967, 966, 962, 958, 955, 953, 951, 950, 949, 949, 949, 948, 947, 947, 946, 946, 947, 948, 948, 950, 951, 952, 954, 956, 959, 962, 964, 968, 973, 977, 954, 0, 578, 568, 564, 563, 564, 571, 578, 0, 1053, 1062, 1070, 1081, 1091, 1101, 1113, 1126, 1140, 1154, 1166, 1180, 1197, 1212]
[0, 1000, 993, 988, 982, 976, 977, 971, 966, 963, 959, 956, 954, 951, 950, 950, 949, 948, 948, 947, 947, 947, 947, 948, 949, 950, 950, 952, 954, 956, 958, 961, 964, 968, 972, 975, 981, 954, 0, 576, 567, 564, 563, 565, 574, 578, 0, 1054, 1064, 1072, 1083, 1094, 1105, 1117, 1131, 1145, 1158, 1171, 1185, 1200, 1217]
[0, 1031, 1024, 1018, 1013, 1008, 1003, 999, 996, 992, 990, 988, 987, 984, 981, 981, 980, 978, 977, 978, 979, 979, 948, 948, 949, 950, 951, 952, 954, 957, 960, 963, 964, 967, 973, 977, 982, 954, 0, 574, 566, 564, 563, 564, 575, 578, 0, 1059, 1066, 1075, 1085, 1096, 1107, 1119, 1134, 1147, 1158, 1175, 1188, 1200, 1203]
[0, 1032, 1026, 1019, 1014, 1010, 1005, 1001, 997, 994, 991, 988, 986, 984, 982, 980, 980, 979, 976, 977, 978, 979, 980, 982, 984, 986, 987, 988, 991, 994, 960, 997, 998, 1001, 1004, 1007, 1012, 1021, 0, 0, 569, 564, 563, 564, 570, 578, 0, 1087, 1095, 1106, 1118, 1130, 1142, 1154, 1165, 1177, 1191, 1204, 1219, 1236, 1252]
[0, 1050, 1042, 1036, 1030, 1026, 1022, 1017, 1011, 1007, 1005, 1003, 1001, 1000, 998, 997, 997, 996, 995, 996, 996, 997, 980, 980, 982, 984, 986, 988, 989, 992, 995, 997, 999, 1002, 1005, 1009, 1015, 1021, 0, 0, 570, 565, 563, 564, 568, 578, 0, 0, 1092, 1101, 1113, 1126, 1138, 1149, 1161, 1174, 1187, 1200, 1219, 1222, 1247]
[0, 1082, 1076, 1069, 1064, 1059, 1055, 1052, 1048, 1007, 1040, 1003, 1038, 1036, 1034, 1034, 1033, 1033, 1032, 1030, 1030, 1031, 997, 997, 999, 1001, 1002, 1004, 1007, 1009, 1011, 1014, 1017, 1020, 1024, 1029, 1032, 1021, 0, 571, 570, 564, 562, 563, 568, 577, 0, 1110, 1092, 1121, 1133, 1144, 1156, 1166, 1176, 1190, 1203, 1219, 1236, 1250, 1267]
[0, 1089, 1083, 1078, 1064, 1069, 1055, 1064, 1059, 1054, 1050, 1047, 1043, 1042, 1041, 1040, 1040, 1039, 1039, 1038, 1037, 1038, 1034, 1037, 1038, 1040, 1041, 1042, 1045, 1048, 1051, 1055, 1058, 1061, 1067, 1073, 1078, 1021, 0, 576, 566, 562, 562, 565, 572, 577, 0, 1162, 1172, 1182, 1193, 1203, 1216, 1232, 1247, 1263, 1278, 1296, 1236, 1250, 0]
[0, 1092, 1086, 1081, 1076, 1070, 1065, 1062, 1056, 1051, 1047, 1044, 1043, 1041, 1040, 1040, 1040, 1040, 1039, 1039, 1037, 1039, 1039, 1041, 1041, 1043, 1046, 1048, 1051, 1053, 1054, 1057, 1062, 1063, 1068, 1074, 1078, 1021, 0, 574, 566, 562, 563, 566, 572, 577, 0, 1163, 1171, 1182, 1193, 1203, 1215, 1231, 1247, 1262, 1278, 1296, 1236, 1250, 0]
[0, 1124, 1119, 1113, 1106, 1070, 1102, 1096, 1090, 1086, 1083, 1080, 1078, 1076, 1073, 1072, 1072, 1071, 1070, 1071, 1071, 1071, 1039, 1040, 1042, 1043, 1044, 1047, 1049, 1051, 1055, 1059, 1060, 1063, 1067, 1071, 1075, 1021, 0, 577, 569, 563, 562, 564, 570, 577, 0, 1158, 1167, 1177, 1187, 1199, 1210, 1223, 1239, 1254, 1270, 1286, 1303, 1250, 1330]
[0, 1127, 1120, 1114, 1107, 1101, 1098, 1093, 1087, 1083, 1081, 1078, 1076, 1073, 1072, 1073, 1071, 1070, 1070, 1070, 1069, 1071, 1073, 1075, 1076, 1077, 1078, 1081, 1082, 1083, 1088, 1091, 1094, 1098, 1104, 1110, 1115, 1021, 0, 573, 569, 565, 562, 562, 565, 573, 0, 1200, 1209, 1221, 1233, 1246, 1260, 1276, 1293, 1254, 1316, 1340, 1359, 1376, 1394]
[0, 1152, 1145, 1137, 1130, 1125, 1119, 1113, 1108, 1104, 1100, 1096, 1095, 1093, 1091, 1089, 1088, 1087, 1087, 1088, 1088, 1089, 1073, 1074, 1074, 1076, 1077, 1079, 1080, 1083, 1087, 1090, 1092, 1096, 1102, 1107, 1113, 1021, 0, 576, 567, 562, 562, 564, 570, 573, 0, 1197, 1205, 1217, 1230, 1242, 1255, 1270, 1286, 1302, 1316, 1326, 1350, 1368, 1385]
[0, 1159, 1152, 1145, 1140, 1133, 1126, 1122, 1118, 1115, 1112, 1109, 1095, 1107, 1104, 1102, 1100, 1100, 1100, 1101, 1103, 1104, 1090, 1092, 1093, 1096, 1098, 1099, 1101, 1104, 1108, 1111, 1116, 1121, 1126, 1132, 1137, 1021, 0, 0, 571, 564, 562, 563, 567, 576, 0, 1197, 1235, 1217, 1248, 1261, 1292, 1307, 1286, 1302, 1328, 1353, 1370, 1387, 1405]
[0, 1163, 1157, 1151, 1145, 1138, 1130, 1125, 1121, 1117, 1114, 1110, 1106, 1104, 1105, 1103, 1100, 1100, 1100, 1101, 1103, 1104, 1104, 1103, 1106, 1109, 1110, 1113, 1115, 1117, 1121, 1125, 1130, 1135, 1139, 1144, 1150, 1021, 0, 573, 571, 562, 562, 565, 572, 576, 0, 1236, 1247, 1260, 1272, 1287, 1304, 1307, 1326, 1348, 1366, 1385, 1400, 1387, 0]
[0, 1159, 1153, 1148, 1142, 1134, 1127, 1123, 1118, 1116, 1113, 1110, 1107, 1104, 1104, 1103, 1101, 1100, 1101, 1102, 1104, 1104, 1105, 1106, 1108, 1111, 1110, 1113, 1117, 1119, 1121, 1124, 1129, 1133, 1138, 1144, 1149, 1158, 0, 0, 568, 563, 561, 564, 568, 576, 0, 0, 1244, 1255, 1268, 1283, 1300, 0, 1323, 1344, 1361, 1379, 1394, 1387, 0]
[0, 1187, 1183, 1177, 1170, 1165, 1161, 1157, 1152, 1148, 1145, 1140, 1137, 1137, 1135, 1134, 1133, 1133, 1135, 1137, 1138, 1139, 1105, 1105, 1106, 1110, 1112, 1113, 1116, 1119, 1122, 1125, 1130, 1136, 1140, 1145, 1151, 1158, 0, 575, 566, 562, 562, 565, 571, 576, 0, 1237, 1247, 1260, 1273, 1288, 1304, 1319, 1333, 1350, 1369, 1386, 1401, 1387, 0]
[0, 1238, 1231, 1223, 1215, 1210, 1204, 1200, 1195, 1191, 1190, 1186, 1185, 1184, 1180, 1178, 1178, 1179, 1180, 1181, 1182, 1139, 1141, 1144, 1148, 1150, 1152, 1155, 1161, 1164, 1166, 1171, 1174, 1178, 1183, 1189, 1195, 1158, 0, 0, 570, 564, 561, 563, 567, 576, 0, 1300, 1312, 1326, 1349, 1365, 1381, 1395, 1407, 1427, 1449, 1386, 1474, 1497, 1522]
[0, 1257, 1251, 1245, 1238, 1231, 1204, 1222, 1215, 1211, 1208, 1206, 1206, 1204, 1201, 1200, 1199, 1179, 1199, 1202, 1182, 1204, 1183, 1182, 1185, 1189, 1193, 1195, 1198, 1203, 1208, 1210, 1216, 1220, 1222, 1227, 1233, 1158, 0, 576, 566, 562, 561, 563, 569, 576, 0, 0, 1354, 1368, 1382, 1396, 1410, 1423, 1440, 1461, 1482, 1503, 1525, 1547, 1566]
[0, 1257, 1251, 1245, 1238, 1231, 1204, 1222, 1220, 1211, 1208, 1207, 1207, 1204, 1201, 1200, 1200, 1199, 1199, 1200, 1202, 1203, 1204, 1205, 1208, 1210, 1214, 1217, 1219, 1223, 1228, 1231, 1235, 1240, 1244, 1249, 1254, 1158, 0, 576, 566, 561, 561, 563, 569, 576, 0, 0, 1384, 1395, 1406, 1419, 1430, 1450, 1470, 1487, 1507, 1529, 1548, 1564, 1566]
[0, 1312, 1306, 1296, 1287, 1281, 1274, 1268, 1264, 1260, 1257, 1254, 1252, 1249, 1244, 1243, 1247, 1246, 1245, 1247, 1248, 1254, 1204, 1205, 1208, 1211, 1214, 1217, 1220, 1222, 1228, 1232, 1235, 1241, 1245, 1250, 1256, 1158, 0, 576, 567, 562, 561, 563, 569, 576, 0, 1369, 1384, 1395, 1406, 1419, 1430, 1450, 1470, 1487, 1507, 1529, 1548, 1564, 1566]
[0, 1307, 1300, 1292, 1283, 1277, 1272, 1268, 1263, 1258, 1257, 1254, 1254, 1249, 1244, 1248, 1248, 1248, 1247, 1247, 1248, 1253, 1260, 1261, 1259, 1262, 1264, 1270, 1282, 1284, 1282, 1285, 1286, 1288, 1294, 1300, 1309, 1158, 0, 0, 570, 563, 561, 562, 566, 575, 0, 1421, 1434, 1444, 1455, 1467, 1480, 1492, 1503, 1516, 1528, 1541, 1556, 1571, 1584]
[0, 1307, 1300, 1322, 1304, 1298, 1292, 1286, 1282, 1278, 1274, 1272, 1270, 1267, 1264, 1262, 1263, 1262, 1266, 1247, 1274, 1253, 1261, 1262, 1262, 1264, 1266, 1272, 1282, 1285, 1281, 1283, 1285, 1290, 1293, 1299, 1308, 1158, 0, 573, 565, 563, 562, 564, 566, 572, 0, 1416, 1424, 1444, 1444, 1463, 1474, 1487, 1500, 1512, 1522, 1536, 1551, 1564, 1579]
[0, 1307, 1332, 1312, 1305, 1298, 1291, 1286, 1281, 1277, 1274, 1272, 1272, 1271, 1268, 1266, 1264, 1263, 1267, 1270, 1270, 1273, 1274, 1278, 1281, 1280, 1284, 1289, 1294, 1298, 1299, 1304, 1306, 1309, 1316, 1321, 1330, 1158, 0, 576, 566, 561, 561, 563, 569, 572, 0, 0, 1433, 1441, 1451, 1463, 1475, 1487, 1499, 1510, 1522, 1536, 1550, 1563, 1578]
[0, 1377, 1371, 1365, 1360, 1353, 1344, 1339, 1281, 1336, 1274, 1272, 1328, 1321, 1320, 1320, 1318, 1320, 1324, 1320, 1323, 1328, 1277, 1281, 1282, 1283, 1287, 1292, 1298, 1299, 1302, 1308, 1311, 1314, 1319, 1324, 1334, 1158, 0, 573, 564, 561, 561, 561, 564, 572, 0, 1423, 1431, 1444, 1453, 1464, 1475, 1487, 1498, 1510, 1523, 1536, 1551, 1567, 1581]
[0, 1389, 1383, 1376, 1369, 1353, 1358, 1353, 1281, 1348, 1344, 1341, 1339, 1338, 1338, 1339, 1337, 1336, 1340, 1342, 1343, 1344, 1330, 1332, 1333, 1335, 1339, 1342, 1346, 1350, 1352, 1355, 1359, 1362, 1364, 1364, 1367, 1158, 0, 573, 563, 561, 560, 564, 564, 572, 0, 1424, 1432, 1443, 1453, 1464, 1475, 1487, 1498, 1507, 1520, 1536, 1551, 1567, 1581]
[0, 1401, 1394, 1387, 1382, 1376, 1370, 1364, 1358, 1353, 1349, 1346, 1345, 1345, 1345, 1343, 1341, 1343, 1346, 1346, 1347, 1347, 1345, 1345, 1347, 1350, 1352, 1353, 1354, 1357, 1359, 1360, 1359, 1356, 1359, 1363, 1364, 1158, 0, 0, 570, 563, 561, 561, 564, 574, 0, 1426, 1434, 1444, 1454, 1466, 1479, 1491, 1498, 1514, 1520, 1539, 1551, 1555, 1570]
[0, 1397, 1388, 1381, 1373, 1368, 1365, 1360, 1356, 1353, 1349, 1344, 1346, 1347, 1346, 1345, 1343, 1343, 1347, 1345, 1344, 1345, 1347, 1350, 1355, 1357, 1356, 1357, 1358, 1359, 1358, 1353, 1353, 1358, 1364, 1368, 1370, 1158, 0, 0, 568, 562, 561, 562, 567, 574, 0, 0, 1430, 1437, 1446, 1455, 1466, 1479, 1491, 1502, 1513, 1527, 1541, 1556, 1572]
[0, 1397, 1388, 1381, 1373, 0, 1424, 1418, 1414, 1410, 1410, 1405, 1398, 1396, 1393, 1392, 1390, 1387, 1384, 1379, 1374, 1372, 1346, 1346, 1348, 1350, 1352, 1356, 1360, 1360, 1359, 1358, 1357, 1357, 1361, 1365, 1370, 1158, 0, 0, 571, 563, 560, 561, 564, 572, 0, 1427, 1435, 1444, 1452, 1461, 1474, 1487, 1500, 1510, 1520, 1537, 1552, 1567, 1583]
[0, 1473, 1388, 1381, 1373, 1450, 1427, 1420, 1414, 1411, 1410, 1409, 1402, 1396, 1394, 1393, 1391, 1389, 1385, 1380, 1376, 1372, 1369, 1365, 1361, 1358, 1356, 1357, 1357, 1359, 1357, 1354, 1354, 1358, 1364, 1367, 1369, 1158, 0, 0, 568, 562, 560, 562, 566, 574, 0, 1427, 1424, 1434, 1444, 1455, 1466, 1478, 1490, 1500, 1512, 1525, 1539, 1555, 1569]
[0, 1487, 1388, 1481, 1475, 1450, 1427, 1420, 1414, 1411, 1451, 1429, 1425, 1418, 1407, 1399, 1396, 1391, 1385, 1380, 1376, 1373, 1370, 1368, 1363, 1359, 1358, 1358, 1356, 1356, 1356, 1358, 1360, 1360, 1361, 1362, 1365, 1158, 0, 0, 570, 563, 560, 562, 564, 573, 0, 1425, 1434, 1443, 1453, 1462, 1475, 1490, 1501, 1513, 1525, 1525, 1548, 1566, 1569]
[0, 1535, 1527, 0, 1517, 1503, 1488, 1477, 1463, 1452, 1441, 1430, 1425, 1417, 1407, 1399, 1395, 1390, 1383, 1378, 1375, 1372, 1370, 1368, 1364, 1360, 1358, 1358, 1357, 1355, 1357, 1356, 1357, 1359, 1360, 1362, 1363, 1158, 0, 0, 569, 563, 561, 562, 566, 574, 0, 1425, 1434, 1443, 1453, 1464, 1477, 1490, 1500, 1513, 1511, 1524, 1537, 1551, 1566]
[0, 1541, 1527, 1515, 1502, 1490, 1478, 1465, 1453, 1444, 1441, 1422, 1425, 1416, 1409, 1402, 1394, 1389, 1384, 1380, 1376, 1372, 1370, 1367, 1363, 1360, 1358, 1357, 1356, 1355, 1356, 1355, 1357, 1358, 1359, 1361, 1363, 1158, 0, 0, 569, 563, 561, 562, 566, 574, 0, 1424, 1433, 1442, 1452, 1462, 1475, 1488, 1500, 1496, 1508, 1534, 1537, 1548, 1565]
[0, 1552, 1537, 1522, 1508, 1497, 1485, 1471, 1459, 1449, 1438, 1427, 1418, 1411, 1405, 1400, 1393, 1387, 1383, 1378, 1373, 1371, 1369, 1365, 1361, 1358, 1355, 1355, 1356, 1354, 1352, 1352, 1353, 1354, 1357, 1361, 1364, 1158, 0, 0, 571, 565, 563, 562, 566, 574, 0, 1420, 1431, 1440, 1448, 1458, 1467, 1480, 1494, 1507, 1519, 1532, 1547, 1561, 1576]
[0, 1541, 1527, 1515, 1501, 1489, 1478, 1464, 1453, 1443, 1432, 1422, 1418, 1416, 1409, 1401, 1395, 1389, 1383, 1379, 1375, 1372, 1368, 1361, 1358, 1357, 1355, 1353, 1354, 1354, 1353, 1354, 1355, 1354, 1354, 1357, 1363, 1158, 0, 0, 571, 565, 564, 566, 571, 574, 0, 1420, 1422, 1429, 1436, 1449, 1461, 1470, 1484, 1498, 1511, 1523, 1532, 1546, 1564]
[0, 1537, 1527, 1523, 1509, 1498, 1488, 1473, 1459, 1451, 1440, 1429, 1421, 1414, 1406, 1399, 1394, 1389, 1383, 1378, 1374, 1370, 1368, 1364, 1360, 1358, 1356, 1352, 1350, 1351, 1352, 1351, 1352, 1354, 1356, 1356, 1359, 1158, 0, 578, 571, 569, 566, 566, 570, 577, 0, 1419, 1428, 1436, 1444, 1454, 1466, 1477, 1492, 1506, 1515, 1524, 1539, 1557, 1571]
[0, 1543, 1527, 1515, 1503, 1491, 1479, 1466, 1454, 1444, 1434, 1424, 1416, 1407, 1399, 1399, 1389, 1389, 1379, 1378, 1375, 1372, 1364, 1362, 1361, 1358, 1357, 1354, 1352, 1354, 1351, 1351, 1356, 1357, 1358, 1361, 1363, 1158, 0, 0, 574, 568, 566, 567, 571, 577, 0, 1421, 1428, 1436, 1446, 1459, 1469, 1479, 1493, 1504, 1517, 1532, 1547, 1561, 1573]
[0, 1539, 1526, 1512, 1500, 1489, 1476, 1464, 1451, 1441, 1434, 1431, 1422, 1415, 1408, 1401, 1394, 1388, 1382, 1378, 1372, 1368, 1366, 1362, 1360, 1356, 1355, 1353, 1350, 1350, 1351, 1352, 1351, 1351, 1354, 1360, 1362, 1158, 0, 0, 571, 566, 565, 567, 577, 577, 0, 1414, 1424, 1435, 1443, 1453, 1464, 1476, 1489, 1501, 1513, 1524, 1539, 1556, 1570]
[0, 1541, 1527, 1514, 1502, 1491, 1478, 1466, 1454, 1444, 1433, 1423, 1415, 1407, 1400, 1395, 1389, 1388, 1379, 1378, 1375, 1371, 1367, 1363, 1359, 1357, 1355, 1352, 1350, 1350, 1351, 1351, 1350, 1352, 1355, 1356, 1359, 1368, 0, 0, 571, 568, 565, 569, 571, 577, 0, 1414, 1425, 1435, 1440, 1451, 1464, 1476, 1488, 1500, 1513, 1525, 1543, 1565, 1581]
[0, 1542, 1525, 1513, 1502, 1491, 1479, 1465, 1452, 1442, 1433, 1423, 1414, 1407, 1400, 1395, 1390, 1383, 1379, 1375, 1371, 1371, 1366, 1362, 1359, 1356, 1353, 1351, 1350, 1349, 1350, 1351, 1350, 1351, 1352, 1356, 1360, 1363, 0, 0, 574, 570, 568, 570, 577, 577, 0, 1414, 1422, 1431, 1440, 1450, 1462, 1475, 1486, 1498, 1510, 1527, 1546, 1563, 1579]
[0, 1541, 1525, 1510, 1499, 1491, 1478, 1464, 1451, 1442, 1433, 1422, 1414, 1407, 1399, 1394, 1388, 1383, 1378, 1375, 1375, 1371, 1359, 1362, 1357, 1356, 1353, 1351, 1349, 1347, 1349, 1351, 1350, 1350, 1352, 1355, 1359, 1362, 0, 0, 578, 573, 571, 573, 577, 577, 0, 1414, 1422, 1431, 1445, 1461, 1478, 1490, 1499, 1512, 1524, 1538, 1551, 1564, 1573]
[0, 1551, 1536, 1522, 1509, 1497, 1486, 1472, 1459, 1450, 1440, 1429, 1420, 1411, 1404, 1398, 1392, 1387, 1382, 1377, 1373, 1367, 1365, 1362, 1359, 1356, 1351, 1349, 1351, 1349, 1350, 1350, 1350, 1350, 1354, 1356, 1358, 1362, 0, 0, 579, 574, 573, 577, 577, 0, 1429, 1436, 1444, 1451, 1458, 1469, 1481, 1491, 1503, 1516, 1529, 1541, 1556, 1572, 0]
[0, 1544, 1530, 1518, 1505, 1494, 1484, 1469, 1457, 1448, 1437, 1427, 1417, 1409, 1403, 1397, 1389, 1385, 1379, 1372, 1372, 1367, 1361, 1358, 1354, 1351, 1353, 1353, 1349, 1347, 1350, 1350, 1348, 1351, 1356, 1359, 1363, 1365, 0, 0, 0, 577, 574, 575, 579, 0, 1431, 1437, 1443, 1453, 1466, 1476, 1486, 1497, 1510, 1521, 1529, 1545, 1556, 1576, 0]
[0, 1541, 1526, 1515, 1503, 1490, 1477, 1463, 1452, 1443, 1433, 1423, 1414, 1406, 1400, 1394, 1387, 1385, 1378, 1374, 1372, 1370, 1362, 1359, 1355, 1349, 1347, 1349, 1348, 1349, 1349, 1350, 1354, 1354, 1355, 1357, 1361, 1367, 0, 0, 0, 575, 572, 575, 582, 0, 0, 1431, 1439, 1448, 1459, 1467, 1478, 1490, 1500, 1511, 1522, 1536, 1547, 1561, 1582]
[0, 1546, 1531, 1518, 1504, 1491, 1479, 1466, 1453, 1444, 1437, 1427, 1416, 1407, 1402, 1394, 1387, 1383, 1378, 1374, 1369, 1365, 1365, 1361, 1358, 1355, 1354, 1353, 1350, 1349, 1350, 1349, 1349, 1350, 1353, 1357, 1359, 1363, 0, 0, 580, 574, 574, 575, 582, 0, 1429, 1434, 1442, 1451, 1459, 1470, 1481, 1489, 1501, 1516, 1529, 1540, 1556, 1572, 0]
[0, 1544, 1530, 1518, 1505, 1494, 1480, 1466, 1453, 1444, 1437, 1427, 1417, 1413, 1411, 1411, 1412, 1407, 1400, 1395, 1392, 1385, 1362, 1358, 1355, 1351, 1348, 1348, 1348, 1348, 1348, 1351, 1356, 1350, 1359, 1362, 1366, 1372, 1383, 0, 0, 576, 574, 575, 582, 0, 0, 1435, 1441, 1450, 1456, 1465, 1476, 1488, 1500, 1513, 1525, 1537, 1551, 1567, 1581]
[0, 1540, 1525, 1511, 1500, 1490, 1477, 1462, 1451, 1441, 1432, 1423, 1414, 1411, 1409, 1410, 1413, 1408, 1399, 1393, 1389, 1385, 1377, 1374, 1370, 1367, 1370, 1369, 1365, 1364, 1363, 1364, 1367, 1368, 1371, 1375, 1377, 1382, 1383, 0, 0, 0, 577, 575, 582, 0, 1429, 1434, 1439, 1448, 1456, 1465, 1476, 1488, 1500, 1513, 1525, 1536, 1549, 1561, 1579]
[0, 1539, 1524, 1511, 1499, 1489, 1476, 1462, 1450, 1441, 1432, 1423, 1415, 1411, 1409, 1410, 1412, 1408, 1398, 1393, 1390, 1385, 1384, 1380, 1377, 1373, 1368, 1364, 1365, 1367, 1365, 1364, 1363, 1364, 1366, 1367, 1373, 1379, 1382, 0, 0, 0, 577, 575, 582, 0, 1428, 1434, 1441, 1450, 1458, 1467, 1478, 1490, 1501, 1514, 1526, 1540, 1551, 1564, 1574]
