[0, 0, 0, 0, 0, 0, 0, 0, 0, 0, 0, 0, 0, 0, 0, 0, 0, 0, 0, 0, 0, 0, 0, 0, 0, 0, 0, 0, 0, 0, 0, 0, 0, 0, 0, 0, 0, 0, 0, 0, 0, 0, 0, 0, 0, 0, 0, 0, 0, 0, 0, 0, 0, 0, 0, 0, 0, 0, 0, 0, 0]
[0, 508, 503, 498, 495, 492, 491, 488, 485, 481, 480, 479, 477, 475, 472, 470, 469, 468, 467, 466, 465, 464, 463, 462, 462, 461, 461, 461, 461, 461, 461, 462, 463, 464, 465, 466, 466, 468, 468, 470, 472, 474, 476, 478, 481, 483, 487, 490, 493, 497, 501, 504, 509, 513, 518, 523, 529, 535, 540, 547, 553]
[0, 508, 505, 501, 497, 493, 490, 487, 484, 481, 480, 477, 475, 475, 473, 471, 470, 468, 467, 466, 465, 464, 463, 462, 462, 461, 461, 461, 461, 461, 461, 462, 463, 464, 465, 466, 467, 468, 470, 471, 473, 475, 478, 480, 483, 483, 489, 490, 492, 496, 499, 503, 508, 512, 516, 522, 527, 534, 540, 545, 552]
[0, 506, 502, 498, 497, 495, 491, 487, 484, 482, 480, 478, 476, 474, 472, 470, 469, 468, 467, 466, 466, 465, 463, 462, 461, 461, 461, 461, 461, 461, 461, 462, 463, 464, 465, 465, 466, 467, 469, 471, 473, 475, 477, 479, 482, 484, 487, 490, 494, 498, 501, 506, 510, 512, 520, 525, 531, 537, 540, 550, 556]
[0, 509, 505, 501, 497, 494, 490, 486, 485, 482, 480, 477, 475, 473, 471, 470, 469, 468, 467, 466, 465, 464, 463, 462, 462, 461, 461, 461, 461, 461, 461, 462, 463, 464, 465, 466, 466, 467, 470, 471, 472, 474, 476, 478, 481, 484, 487, 490, 493, 497, 500, 505, 509, 513, 519, 524, 530, 535, 542, 549, 555]
[0, 509, 501, 501, 498, 494, 491, 487, 484, 482, 480, 478, 476, 473, 471, 470, 469, 468, 467, 466, 466, 464, 463, 462, 462, 462, 461, 461, 461, 461, 461, 462, 463, 464, 465, 465, 465, 467, 469, 470, 473, 475, 477, 479, 481, 484, 486, 489, 494, 497, 500, 505, 509, 513, 519, 524, 530, 535, 542, 549, 555]
[0, 507, 502, 501, 499, 495, 491, 487, 484, 483, 481, 478, 476, 474, 472, 470, 469, 468, 467, 466, 466, 465, 464, 463, 462, 461, 461, 461, 461, 461, 461, 462, 463, 464, 465, 466, 466, 468, 470, 470, 472, 474, 476, 478, 481, 483, 487, 490, 493, 497, 500, 504, 509, 513, 518, 523, 529, 534, 540, 547, 553]
[0, 508, 503, 500, 496, 492, 489, 487, 486, 483, 480, 478, 477, 474, 472, 471, 469, 468, 467, 465, 464, 464, 462, 462, 462, 462, 461, 461, 461, 461, 461, 462, 462, 463, 464, 465, 467, 468, 468, 471, 472, 474, 475, 478, 484, 487, 487, 489, 492, 496, 499, 504, 508, 512, 517, 521, 527, 534, 540, 546, 551]
[0, 508, 503, 500, 496, 492, 489, 485, 483, 483, 482, 480, 477, 475, 473, 472, 470, 468, 467, 467, 466, 465, 464, 463, 462, 462, 461, 461, 461, 461, 461, 462, 463, 464, 465, 465, 467, 468, 470, 471, 473, 475, 478, 478, 483, 486, 488, 492, 492, 496, 499, 503, 508, 512, 516, 522, 528, 534, 539, 545, 552]
[0, 512, 508, 504, 500, 496, 493, 490, 487, 484, 482, 481, 477, 479, 477, 475, 474, 472, 470, 469, 468, 467, 467, 467, 463, 462, 461, 462, 461, 463, 464, 464, 464, 464, 465, 467, 467, 469, 472, 473, 475, 477, 479, 483, 486, 488, 492, 495, 492, 502, 506, 511, 516, 512, 520, 525, 531, 537, 543, 550, 556]
[0, 511, 507, 503, 500, 496, 492, 489, 487, 486, 485, 482, 480, 477, 476, 474, 472, 472, 471, 469, 467, 467, 467, 467, 466, 466, 466, 466, 461, 465, 466, 466, 467, 468, 469, 470, 471, 473, 474, 475, 478, 480, 482, 485, 488, 491, 494, 497, 492, 504, 506, 509, 513, 517, 522, 527, 533, 539, 545, 551, 558]
[0, 510, 506, 503, 500, 495, 492, 489, 489, 486, 484, 482, 480, 477, 476, 474, 472, 472, 470, 469, 467, 468, 467, 467, 466, 465, 465, 465, 466, 466, 466, 466, 467, 467, 469, 470, 472, 473, 475, 477, 478, 480, 483, 485, 485, 488, 491, 495, 498, 501, 505, 509, 514, 518, 523, 529, 535, 540, 547, 553, 559]
[0, 510, 506, 503, 502, 498, 495, 493, 489, 486, 484, 482, 480, 478, 477, 475, 473, 472, 470, 470, 469, 469, 467, 467, 466, 466, 466, 465, 465, 466, 466, 466, 467, 468, 469, 470, 472, 474, 475, 477, 479, 480, 483, 485, 486, 489, 492, 495, 498, 501, 505, 509, 513, 519, 524, 529, 535, 541, 547, 553, 559]
[0, 515, 511, 507, 503, 500, 495, 493, 489, 491, 488, 486, 483, 482, 480, 479, 477, 476, 475, 474, 473, 473, 472, 467, 466, 466, 466, 466, 466, 466, 466, 466, 467, 469, 469, 470, 472, 474, 474, 475, 477, 479, 481, 483, 486, 489, 492, 495, 499, 502, 506, 510, 514, 519, 525, 530, 536, 544, 550, 554, 559]
[0, 515, 512, 509, 505, 501, 498, 496, 493, 489, 486, 485, 483, 482, 480, 479, 478, 477, 476, 474, 474, 473, 473, 472, 471, 471, 470, 470, 470, 470, 471, 471, 472, 473, 475, 476, 477, 478, 480, 481, 483, 485, 488, 491, 494, 497, 501, 504, 507, 502, 511, 520, 525, 519, 530, 535, 540, 546, 552, 559, 565]
[0, 513, 510, 509, 506, 502, 499, 496, 493, 490, 487, 485, 483, 482, 480, 478, 477, 476, 475, 474, 474, 473, 472, 471, 471, 470, 470, 470, 470, 470, 471, 472, 473, 473, 474, 476, 477, 478, 480, 481, 482, 484, 486, 489, 491, 495, 498, 501, 505, 509, 512, 517, 521, 526, 531, 537, 542, 550, 556, 562, 569]
[0, 515, 511, 507, 503, 502, 499, 497, 495, 491, 488, 486, 484, 482, 480, 479, 478, 477, 476, 475, 473, 473, 472, 473, 470, 470, 470, 470, 471, 471, 471, 471, 472, 474, 474, 475, 477, 479, 480, 482, 484, 484, 486, 489, 491, 494, 498, 501, 504, 508, 512, 516, 521, 526, 531, 536, 542, 548, 555, 561, 567]
[0, 520, 516, 512, 508, 504, 501, 498, 496, 493, 490, 488, 487, 485, 482, 481, 478, 480, 479, 478, 477, 476, 476, 475, 470, 472, 471, 470, 470, 471, 472, 473, 473, 474, 476, 477, 478, 480, 481, 483, 484, 487, 486, 490, 495, 499, 498, 503, 505, 507, 512, 517, 521, 526, 532, 537, 543, 549, 555, 561, 568]
[0, 518, 515, 511, 507, 503, 500, 497, 495, 492, 490, 488, 487, 485, 484, 482, 481, 480, 479, 478, 477, 476, 476, 475, 474, 474, 474, 474, 474, 475, 475, 473, 476, 474, 478, 478, 479, 482, 483, 484, 486, 488, 490, 493, 497, 500, 503, 506, 510, 514, 518, 522, 527, 532, 538, 543, 549, 555, 561, 568, 575]
[0, 518, 514, 511, 507, 504, 501, 498, 496, 494, 490, 490, 487, 485, 486, 482, 481, 480, 480, 479, 478, 478, 477, 476, 474, 474, 474, 474, 475, 475, 475, 473, 476, 476, 477, 478, 480, 482, 483, 485, 487, 489, 491, 494, 497, 500, 503, 506, 510, 514, 519, 523, 527, 532, 538, 544, 549, 557, 563, 568, 569]
[0, 519, 515, 511, 507, 504, 501, 498, 496, 495, 493, 491, 487, 485, 487, 483, 482, 481, 480, 479, 478, 478, 477, 476, 476, 476, 476, 476, 475, 475, 475, 476, 478, 478, 479, 480, 481, 482, 483, 485, 488, 491, 494, 497, 499, 503, 507, 509, 512, 516, 520, 525, 527, 536, 542, 547, 549, 560, 563, 567, 580]
[0, 519, 523, 511, 519, 516, 512, 509, 506, 504, 493, 0, 478, 476, 477, 483, 488, 481, 489, 488, 487, 487, 485, 486, 476, 476, 476, 476, 476, 476, 476, 477, 477, 479, 480, 481, 482, 484, 485, 487, 489, 492, 494, 497, 500, 503, 507, 511, 512, 514, 518, 527, 532, 536, 538, 543, 549, 554, 560, 567, 575]
[0, 531, 526, 522, 518, 515, 512, 509, 506, 503, 493, 0, 477, 476, 477, 0, 483, 489, 488, 487, 487, 486, 485, 485, 486, 485, 485, 485, 485, 485, 486, 486, 487, 487, 489, 491, 493, 494, 485, 496, 501, 492, 503, 506, 509, 512, 515, 519, 522, 525, 531, 535, 540, 546, 551, 556, 562, 568, 576, 583, 590]
[0, 530, 525, 521, 518, 514, 511, 508, 505, 503, 502, 0, 0, 478, 478, 0, 485, 490, 489, 487, 486, 486, 486, 485, 485, 485, 485, 485, 485, 485, 486, 486, 487, 487, 489, 491, 492, 494, 495, 496, 498, 501, 504, 507, 509, 512, 516, 520, 523, 527, 531, 536, 542, 546, 552, 558, 563, 570, 578, 585, 591]
[0, 532, 528, 521, 525, 521, 518, 515, 512, 509, 502, 0, 0, 478, 475, 477, 0, 490, 495, 494, 493, 492, 491, 491, 485, 485, 485, 485, 485, 485, 485, 486, 486, 488, 489, 490, 491, 493, 495, 497, 499, 502, 505, 508, 510, 513, 517, 521, 524, 527, 528, 533, 538, 543, 548, 553, 559, 565, 572, 579, 586]
[0, 543, 538, 534, 530, 526, 523, 520, 517, 509, 502, 0, 0, 476, 476, 0, 0, 0, 501, 500, 499, 498, 498, 491, 490, 491, 490, 490, 491, 491, 492, 493, 493, 495, 496, 498, 500, 493, 502, 503, 508, 502, 510, 512, 516, 520, 523, 527, 530, 535, 539, 544, 549, 554, 560, 565, 572, 579, 586, 593, 600]
[0, 542, 537, 533, 530, 526, 523, 520, 520, 517, 502, 0, 0, 475, 475, 0, 0, 0, 501, 500, 499, 498, 498, 498, 498, 491, 498, 497, 491, 498, 492, 498, 499, 500, 501, 502, 504, 506, 508, 509, 511, 514, 517, 520, 523, 527, 530, 534, 538, 542, 546, 552, 556, 561, 567, 573, 580, 579, 594, 601, 608]
[0, 545, 541, 537, 534, 530, 526, 524, 521, 517, 502, 0, 0, 474, 475, 0, 0, 0, 505, 503, 502, 501, 501, 497, 497, 491, 498, 497, 497, 497, 498, 498, 499, 500, 501, 502, 504, 506, 508, 509, 511, 514, 517, 520, 523, 526, 530, 534, 538, 542, 547, 552, 556, 562, 567, 567, 573, 587, 594, 594, 601]
[0, 546, 543, 539, 534, 530, 527, 524, 521, 519, 502, 0, 0, 475, 475, 475, 0, 0, 504, 504, 502, 501, 501, 501, 500, 500, 500, 501, 501, 502, 502, 498, 503, 503, 504, 506, 507, 507, 510, 513, 515, 517, 520, 523, 526, 530, 533, 537, 541, 545, 550, 554, 559, 565, 571, 578, 584, 587, 597, 594, 604]
[0, 544, 539, 536, 534, 529, 527, 525, 523, 520, 502, 0, 0, 474, 476, 0, 0, 0, 504, 503, 502, 0, 501, 501, 500, 500, 500, 500, 500, 501, 501, 502, 503, 503, 505, 507, 509, 507, 511, 513, 514, 517, 519, 522, 526, 529, 532, 536, 540, 544, 549, 553, 558, 563, 569, 576, 582, 589, 596, 603, 610]
[0, 546, 543, 539, 534, 531, 527, 524, 521, 516, 502, 0, 475, 474, 477, 0, 0, 0, 503, 504, 503, 501, 501, 501, 501, 501, 500, 501, 501, 501, 501, 502, 502, 503, 505, 507, 509, 510, 512, 514, 516, 519, 521, 524, 527, 531, 532, 538, 542, 547, 552, 553, 556, 561, 567, 573, 579, 586, 593, 600, 607]
[0, 563, 559, 555, 551, 547, 544, 541, 538, 516, 502, 0, 0, 471, 473, 0, 0, 0, 514, 520, 519, 518, 517, 517, 500, 501, 501, 501, 500, 500, 501, 502, 503, 504, 506, 507, 509, 510, 512, 514, 516, 519, 521, 522, 526, 529, 532, 536, 540, 544, 549, 553, 557, 563, 569, 576, 582, 588, 594, 601, 609]
[0, 563, 558, 554, 551, 547, 544, 541, 538, 516, 502, 0, 0, 474, 474, 0, 0, 0, 0, 520, 518, 518, 517, 517, 516, 516, 516, 517, 517, 517, 518, 519, 521, 522, 506, 522, 526, 510, 527, 529, 532, 534, 537, 541, 544, 547, 550, 555, 558, 563, 568, 573, 578, 583, 588, 595, 602, 609, 614, 622, 630]
[0, 569, 565, 561, 558, 547, 551, 541, 548, 545, 0, 475, 473, 471, 472, 0, 0, 0, 0, 528, 528, 526, 0, 526, 516, 516, 516, 517, 517, 517, 518, 518, 519, 520, 521, 522, 524, 526, 528, 530, 533, 535, 538, 541, 544, 547, 552, 555, 558, 563, 568, 573, 579, 584, 590, 597, 602, 609, 616, 624, 632]
[0, 569, 568, 564, 561, 558, 555, 551, 548, 547, 0, 479, 473, 471, 472, 473, 0, 0, 0, 528, 528, 527, 526, 526, 516, 525, 525, 525, 525, 526, 526, 528, 528, 529, 530, 532, 534, 535, 537, 539, 542, 544, 547, 551, 554, 557, 552, 565, 569, 563, 574, 586, 591, 584, 596, 603, 609, 616, 623, 631, 639]
[0, 580, 575, 571, 567, 564, 560, 557, 555, 547, 0, 0, 475, 470, 470, 0, 0, 0, 0, 537, 536, 535, 534, 526, 525, 525, 525, 525, 526, 526, 526, 527, 529, 530, 531, 532, 534, 535, 537, 540, 542, 545, 548, 551, 552, 555, 558, 562, 566, 570, 576, 581, 586, 592, 597, 603, 610, 617, 623, 631, 639]
[0, 580, 575, 571, 567, 563, 560, 557, 554, 547, 0, 0, 474, 469, 470, 0, 0, 0, 0, 537, 536, 535, 534, 534, 533, 533, 533, 533, 533, 534, 535, 536, 537, 539, 531, 540, 541, 543, 545, 547, 549, 552, 555, 558, 562, 565, 569, 574, 579, 583, 588, 593, 598, 604, 610, 616, 623, 629, 638, 647, 654]
[0, 582, 576, 573, 569, 565, 562, 559, 556, 547, 0, 476, 474, 470, 470, 474, 0, 0, 0, 0, 536, 535, 535, 534, 533, 532, 533, 533, 533, 534, 535, 536, 537, 537, 538, 540, 541, 543, 545, 547, 550, 553, 555, 558, 561, 565, 569, 574, 578, 583, 587, 593, 598, 604, 611, 616, 622, 629, 638, 647, 654]
[0, 579, 574, 570, 567, 564, 560, 559, 557, 554, 0, 476, 471, 470, 472, 474, 0, 0, 0, 537, 536, 535, 0, 534, 534, 534, 534, 533, 534, 535, 536, 536, 538, 539, 541, 542, 543, 543, 548, 550, 550, 553, 556, 558, 560, 564, 569, 573, 578, 583, 588, 592, 597, 603, 609, 615, 622, 630, 638, 645, 654]
[0, 595, 591, 586, 582, 578, 575, 571, 568, 554, 0, 0, 469, 467, 469, 473, 0, 0, 0, 551, 549, 549, 548, 534, 533, 534, 533, 533, 534, 534, 535, 537, 537, 538, 539, 541, 543, 545, 547, 549, 552, 555, 557, 560, 563, 566, 571, 573, 580, 583, 586, 591, 595, 601, 607, 612, 619, 627, 634, 642, 650]
[0, 597, 591, 592, 588, 585, 582, 578, 575, 554, 0, 0, 471, 467, 469, 471, 0, 0, 0, 551, 554, 554, 553, 553, 548, 547, 547, 547, 534, 548, 549, 537, 551, 552, 553, 555, 557, 558, 559, 562, 564, 567, 571, 575, 578, 581, 586, 590, 594, 599, 604, 610, 614, 620, 627, 634, 641, 649, 656, 664, 673]
[0, 601, 596, 592, 588, 584, 581, 577, 574, 554, 0, 0, 0, 468, 467, 0, 0, 0, 0, 0, 554, 554, 553, 0, 552, 552, 552, 552, 553, 553, 553, 555, 556, 557, 558, 559, 561, 563, 566, 562, 568, 571, 575, 577, 581, 586, 589, 593, 597, 602, 607, 612, 618, 624, 630, 638, 645, 652, 659, 667, 676]
[0, 605, 600, 596, 592, 588, 585, 581, 579, 554, 0, 0, 469, 467, 467, 0, 0, 0, 0, 0, 560, 559, 559, 0, 552, 552, 552, 552, 553, 553, 554, 555, 557, 557, 558, 559, 560, 564, 566, 566, 569, 572, 575, 579, 582, 585, 589, 594, 599, 603, 608, 613, 619, 625, 632, 638, 645, 652, 661, 669, 677]
[0, 603, 599, 595, 591, 588, 584, 581, 581, 579, 0, 0, 469, 466, 467, 468, 0, 0, 0, 559, 558, 558, 558, 0, 558, 557, 557, 557, 557, 558, 559, 560, 561, 557, 563, 565, 566, 567, 570, 572, 575, 579, 582, 586, 589, 593, 596, 600, 605, 609, 615, 620, 626, 632, 639, 646, 652, 659, 667, 676, 684]
[0, 603, 615, 611, 607, 602, 599, 596, 593, 579, 0, 0, 0, 466, 467, 469, 0, 0, 0, 573, 572, 0, 571, 571, 557, 557, 557, 557, 557, 557, 558, 558, 560, 561, 564, 565, 567, 569, 571, 574, 576, 580, 583, 586, 590, 595, 598, 602, 606, 611, 617, 620, 622, 629, 636, 642, 648, 656, 663, 671, 680]
[0, 619, 615, 611, 607, 603, 599, 597, 594, 579, 0, 0, 466, 465, 467, 0, 0, 0, 0, 576, 575, 573, 572, 571, 570, 571, 571, 571, 571, 572, 573, 575, 576, 577, 579, 581, 583, 585, 588, 590, 576, 596, 583, 599, 603, 607, 611, 614, 619, 624, 629, 635, 642, 648, 654, 661, 667, 675, 684, 692, 701]
[0, 625, 620, 615, 611, 608, 599, 601, 594, 601, 0, 0, 466, 466, 466, 467, 0, 0, 0, 581, 580, 580, 579, 0, 572, 572, 572, 572, 573, 572, 573, 573, 575, 577, 579, 581, 583, 585, 587, 589, 592, 594, 597, 600, 603, 608, 612, 616, 620, 626, 633, 639, 645, 651, 658, 665, 672, 679, 688, 698, 707]
[0, 632, 627, 623, 619, 615, 599, 611, 608, 601, 0, 0, 0, 464, 464, 466, 0, 0, 0, 588, 588, 587, 586, 0, 578, 578, 572, 578, 573, 578, 579, 580, 582, 583, 585, 587, 588, 590, 593, 595, 597, 600, 604, 607, 610, 614, 618, 622, 627, 633, 639, 645, 651, 657, 664, 665, 679, 687, 696, 698, 704]
[0, 632, 627, 622, 618, 615, 611, 609, 608, 607, 0, 0, 466, 466, 464, 467, 0, 0, 0, 588, 587, 587, 586, 0, 585, 578, 585, 585, 585, 585, 586, 587, 588, 591, 593, 594, 595, 598, 600, 602, 605, 608, 611, 614, 617, 622, 627, 632, 638, 644, 639, 648, 660, 666, 673, 665, 681, 688, 696, 705, 714]
[0, 640, 634, 629, 624, 620, 616, 613, 611, 607, 0, 0, 0, 465, 464, 0, 0, 0, 0, 0, 592, 590, 589, 0, 586, 585, 585, 585, 585, 587, 588, 587, 589, 590, 591, 593, 596, 597, 599, 602, 605, 609, 612, 615, 618, 622, 627, 632, 638, 644, 649, 655, 661, 666, 673, 665, 691, 699, 696, 707, 724]
[0, 635, 634, 627, 624, 623, 618, 615, 612, 607, 0, 0, 0, 465, 466, 469, 0, 0, 0, 592, 591, 590, 590, 0, 589, 589, 589, 589, 589, 590, 591, 592, 593, 594, 596, 593, 598, 600, 604, 607, 605, 610, 613, 616, 619, 623, 629, 634, 639, 644, 649, 655, 661, 667, 673, 681, 689, 697, 705, 713, 723]
[0, 655, 651, 646, 643, 638, 635, 631, 631, 607, 0, 0, 465, 464, 467, 0, 0, 0, 0, 609, 607, 606, 606, 0, 590, 590, 590, 590, 590, 591, 592, 593, 594, 595, 597, 598, 601, 604, 606, 609, 611, 614, 618, 622, 625, 630, 635, 634, 640, 645, 650, 656, 662, 668, 674, 683, 691, 698, 707, 716, 725]
[0, 657, 652, 648, 644, 640, 636, 631, 628, 607, 0, 0, 466, 464, 464, 467, 0, 0, 0, 0, 608, 607, 606, 0, 607, 607, 606, 590, 607, 607, 608, 593, 610, 611, 612, 614, 617, 619, 622, 624, 627, 631, 633, 637, 642, 646, 650, 655, 660, 666, 671, 676, 683, 691, 699, 707, 713, 698, 721, 740, 725]
[0, 657, 657, 653, 649, 645, 642, 638, 634, 607, 0, 0, 465, 463, 463, 467, 0, 0, 0, 0, 614, 613, 612, 0, 606, 606, 606, 607, 606, 607, 608, 609, 610, 612, 614, 616, 618, 619, 623, 624, 626, 629, 632, 636, 640, 645, 650, 654, 658, 663, 668, 674, 681, 688, 696, 704, 711, 719, 727, 736, 746]
[0, 672, 667, 663, 659, 654, 651, 648, 649, 607, 0, 0, 0, 463, 464, 0, 0, 0, 0, 0, 624, 622, 622, 612, 0, 612, 611, 611, 611, 613, 614, 615, 615, 616, 618, 621, 624, 626, 629, 631, 626, 635, 642, 636, 645, 649, 652, 657, 663, 668, 673, 679, 686, 693, 702, 709, 715, 723, 732, 742, 751]
[0, 671, 667, 663, 658, 654, 651, 648, 649, 607, 0, 0, 463, 463, 0, 466, 0, 0, 0, 624, 623, 623, 623, 0, 623, 622, 622, 622, 622, 613, 624, 626, 615, 630, 618, 632, 633, 636, 640, 642, 645, 648, 651, 655, 659, 663, 668, 672, 677, 683, 689, 695, 702, 709, 716, 724, 732, 742, 752, 761, 769]
[0, 670, 666, 662, 658, 654, 651, 648, 647, 607, 0, 0, 0, 462, 462, 465, 0, 0, 0, 624, 623, 623, 623, 0, 622, 622, 622, 622, 622, 622, 623, 624, 625, 627, 630, 632, 634, 637, 640, 642, 645, 647, 650, 655, 659, 663, 667, 672, 677, 683, 689, 695, 703, 709, 716, 724, 732, 742, 752, 761, 769]
[0, 686, 680, 676, 672, 668, 665, 661, 658, 607, 0, 0, 464, 461, 463, 467, 0, 0, 0, 0, 637, 637, 636, 0, 622, 622, 622, 622, 623, 623, 623, 625, 626, 627, 630, 632, 634, 637, 640, 642, 645, 647, 650, 654, 659, 663, 668, 672, 677, 683, 689, 696, 703, 710, 717, 724, 733, 742, 752, 762, 771]
[0, 694, 688, 683, 678, 674, 670, 666, 664, 607, 0, 0, 462, 461, 463, 0, 0, 0, 0, 643, 0, 643, 642, 0, 635, 635, 635, 635, 636, 637, 638, 640, 641, 643, 645, 646, 648, 651, 654, 642, 656, 660, 663, 667, 671, 675, 679, 684, 691, 696, 703, 710, 716, 722, 729, 738, 747, 755, 764, 774, 784]
[0, 690, 685, 680, 676, 672, 668, 665, 664, 607, 0, 0, 462, 461, 461, 464, 0, 0, 0, 0, 644, 643, 642, 0, 0, 642, 642, 641, 641, 643, 644, 645, 646, 648, 650, 652, 654, 656, 660, 663, 666, 669, 673, 667, 677, 681, 686, 690, 695, 702, 708, 715, 721, 728, 735, 744, 753, 761, 770, 780, 790]
[0, 700, 694, 689, 684, 680, 676, 672, 669, 607, 0, 0, 463, 461, 462, 0, 0, 0, 0, 0, 649, 648, 648, 0, 642, 642, 641, 641, 641, 642, 644, 645, 646, 647, 650, 651, 652, 655, 658, 661, 664, 667, 671, 675, 679, 682, 688, 694, 700, 706, 712, 717, 725, 733, 740, 749, 757, 765, 775, 785, 790]
[0, 697, 692, 689, 686, 681, 677, 674, 670, 607, 0, 0, 464, 462, 463, 465, 0, 0, 0, 649, 649, 648, 0, 0, 648, 647, 648, 647, 648, 649, 650, 651, 653, 655, 657, 659, 660, 663, 658, 667, 670, 673, 676, 681, 685, 690, 694, 699, 705, 710, 716, 723, 731, 738, 746, 754, 763, 771, 782, 792, 802]
[0, 697, 697, 692, 686, 681, 677, 674, 670, 607, 0, 0, 463, 461, 463, 466, 0, 0, 0, 649, 650, 650, 649, 0, 648, 648, 647, 647, 648, 649, 650, 651, 653, 655, 657, 659, 660, 663, 666, 669, 673, 676, 679, 682, 687, 692, 694, 697, 708, 710, 715, 721, 728, 735, 742, 751, 759, 768, 777, 787, 797]
[0, 710, 705, 700, 696, 692, 687, 684, 670, 607, 0, 0, 465, 462, 461, 464, 0, 0, 0, 0, 662, 661, 660, 0, 0, 648, 648, 649, 649, 650, 650, 652, 654, 656, 658, 659, 661, 664, 667, 671, 675, 678, 680, 685, 687, 691, 697, 702, 707, 713, 718, 725, 732, 741, 749, 758, 766, 775, 784, 794, 806]
[0, 710, 710, 700, 696, 696, 690, 685, 682, 607, 0, 0, 464, 462, 462, 0, 0, 0, 0, 663, 662, 661, 0, 0, 660, 660, 659, 649, 660, 661, 662, 665, 654, 667, 669, 671, 673, 674, 676, 680, 684, 687, 692, 696, 700, 705, 710, 715, 720, 728, 734, 739, 748, 757, 765, 772, 781, 790, 801, 794, 812]
[0, 710, 730, 725, 720, 715, 711, 708, 705, 607, 0, 0, 463, 461, 461, 0, 0, 0, 0, 663, 683, 682, 681, 0, 661, 661, 660, 660, 661, 662, 663, 664, 666, 667, 669, 672, 674, 676, 679, 683, 686, 690, 694, 698, 703, 707, 712, 715, 724, 728, 738, 745, 748, 752, 760, 769, 778, 787, 796, 807, 817]
[0, 741, 735, 732, 727, 715, 721, 717, 715, 607, 0, 0, 0, 459, 459, 463, 0, 0, 696, 693, 693, 693, 692, 681, 681, 682, 682, 682, 683, 684, 685, 686, 688, 690, 692, 695, 698, 701, 704, 707, 710, 713, 694, 717, 721, 726, 732, 738, 744, 751, 757, 764, 771, 779, 788, 797, 806, 816, 825, 834, 844]
[0, 746, 741, 736, 731, 727, 722, 717, 715, 607, 0, 0, 465, 460, 458, 461, 0, 0, 696, 0, 696, 695, 694, 0, 0, 692, 692, 682, 692, 693, 696, 698, 698, 700, 702, 704, 707, 709, 711, 715, 718, 721, 725, 730, 734, 740, 747, 754, 761, 767, 772, 779, 788, 797, 806, 797, 823, 816, 832, 842, 854]
[0, 743, 740, 735, 731, 729, 724, 721, 717, 607, 0, 0, 462, 459, 460, 463, 0, 0, 697, 696, 695, 694, 0, 693, 694, 695, 695, 695, 696, 698, 699, 700, 703, 700, 705, 706, 708, 711, 714, 717, 719, 723, 728, 732, 736, 741, 748, 755, 762, 768, 774, 782, 789, 797, 806, 815, 824, 833, 843, 855, 866]
[0, 745, 740, 740, 735, 731, 727, 722, 717, 607, 0, 0, 461, 460, 461, 0, 0, 0, 0, 698, 696, 696, 0, 0, 694, 694, 694, 695, 696, 698, 700, 700, 701, 703, 705, 707, 710, 713, 716, 717, 721, 725, 729, 734, 739, 746, 751, 758, 765, 771, 774, 778, 785, 792, 802, 810, 819, 829, 838, 849, 860]
[0, 759, 754, 750, 745, 740, 735, 730, 728, 607, 0, 0, 459, 459, 461, 0, 0, 0, 0, 707, 0, 707, 707, 0, 698, 698, 697, 698, 699, 701, 702, 704, 705, 707, 709, 711, 713, 716, 719, 722, 725, 729, 733, 738, 745, 751, 757, 763, 765, 769, 784, 778, 792, 801, 808, 817, 826, 836, 846, 855, 867]
[0, 772, 766, 760, 755, 752, 747, 742, 728, 607, 0, 0, 0, 459, 458, 460, 0, 0, 0, 0, 715, 715, 714, 0, 0, 707, 707, 708, 709, 711, 712, 712, 714, 716, 718, 721, 724, 727, 730, 733, 736, 740, 733, 745, 758, 763, 757, 768, 775, 782, 789, 797, 806, 814, 822, 829, 839, 850, 861, 870, 880]
[0, 782, 777, 771, 767, 762, 758, 754, 728, 607, 0, 0, 458, 459, 458, 459, 0, 0, 0, 0, 729, 728, 727, 0, 0, 714, 714, 715, 717, 717, 718, 721, 723, 725, 728, 731, 733, 735, 738, 742, 746, 750, 733, 755, 761, 767, 772, 778, 784, 791, 799, 807, 814, 822, 830, 839, 849, 861, 870, 879, 890]
[0, 788, 782, 778, 773, 768, 764, 760, 728, 607, 0, 0, 460, 457, 457, 459, 0, 0, 0, 0, 734, 733, 733, 0, 0, 728, 729, 730, 731, 731, 732, 734, 735, 738, 741, 731, 747, 735, 750, 754, 757, 761, 765, 770, 776, 782, 788, 795, 802, 808, 817, 825, 832, 838, 848, 860, 869, 878, 888, 898, 910]
[0, 800, 794, 789, 784, 780, 775, 770, 728, 607, 0, 0, 457, 457, 457, 460, 0, 0, 0, 0, 743, 743, 743, 0, 0, 733, 734, 735, 736, 737, 738, 739, 742, 745, 741, 747, 750, 756, 750, 759, 763, 766, 770, 775, 780, 787, 795, 801, 807, 814, 822, 828, 836, 845, 854, 865, 874, 883, 893, 904, 916]
[0, 798, 792, 787, 782, 780, 777, 772, 768, 607, 0, 0, 461, 459, 458, 461, 0, 0, 0, 0, 744, 744, 0, 0, 0, 744, 744, 745, 747, 749, 750, 752, 754, 756, 758, 747, 763, 766, 750, 769, 773, 778, 783, 787, 793, 800, 806, 812, 819, 826, 833, 841, 848, 857, 868, 875, 884, 895, 905, 917, 930]
[0, 817, 810, 806, 802, 797, 791, 785, 786, 607, 0, 0, 456, 459, 459, 0, 0, 0, 761, 0, 760, 760, 0, 744, 744, 745, 744, 746, 746, 748, 750, 752, 754, 755, 757, 760, 763, 765, 767, 771, 774, 779, 784, 789, 796, 803, 808, 815, 822, 829, 835, 843, 853, 862, 871, 879, 887, 897, 910, 922, 930]
[0, 815, 810, 806, 802, 797, 791, 785, 786, 607, 0, 0, 456, 457, 459, 0, 0, 0, 761, 761, 761, 761, 761, 0, 760, 761, 761, 761, 762, 763, 764, 766, 769, 770, 772, 776, 780, 783, 786, 789, 793, 799, 803, 809, 815, 821, 826, 832, 839, 847, 835, 856, 865, 872, 881, 889, 898, 909, 920, 931, 941]
[0, 815, 817, 806, 812, 807, 802, 798, 796, 607, 0, 0, 457, 457, 459, 0, 0, 0, 774, 771, 771, 770, 0, 761, 760, 760, 761, 761, 762, 763, 765, 766, 768, 770, 772, 775, 779, 783, 786, 789, 793, 799, 804, 809, 815, 821, 827, 832, 840, 847, 848, 857, 866, 874, 881, 889, 899, 910, 922, 931, 943]
[0, 829, 825, 820, 812, 813, 809, 806, 801, 607, 0, 0, 459, 457, 458, 0, 0, 0, 774, 0, 775, 775, 0, 0, 0, 771, 770, 770, 772, 773, 774, 776, 779, 782, 784, 787, 791, 795, 797, 800, 806, 811, 816, 822, 827, 833, 838, 846, 840, 862, 848, 870, 876, 885, 894, 903, 914, 925, 936, 946, 957]
[0, 830, 826, 820, 822, 817, 812, 806, 804, 607, 0, 0, 456, 456, 458, 0, 0, 0, 774, 0, 779, 780, 0, 0, 0, 776, 770, 777, 777, 779, 781, 783, 785, 788, 791, 793, 796, 800, 804, 807, 812, 816, 821, 826, 832, 837, 843, 852, 861, 867, 873, 880, 888, 898, 894, 909, 920, 931, 940, 951, 965]
[0, 833, 828, 825, 820, 814, 810, 806, 804, 607, 0, 0, 460, 456, 456, 0, 0, 0, 774, 0, 780, 779, 779, 0, 0, 780, 780, 780, 781, 783, 785, 787, 789, 791, 795, 797, 800, 804, 808, 812, 815, 821, 826, 830, 835, 842, 850, 852, 864, 867, 871, 878, 887, 896, 906, 916, 926, 937, 945, 956, 970]
[0, 867, 862, 856, 851, 846, 839, 835, 804, 607, 0, 0, 0, 456, 456, 0, 0, 0, 774, 0, 812, 813, 813, 0, 0, 780, 781, 781, 782, 784, 786, 788, 789, 792, 795, 799, 802, 804, 805, 813, 815, 817, 822, 827, 831, 837, 845, 853, 861, 868, 874, 881, 890, 898, 907, 918, 930, 940, 950, 963, 976]
[0, 867, 879, 875, 872, 867, 862, 856, 804, 607, 0, 0, 0, 456, 455, 457, 0, 0, 774, 0, 831, 830, 813, 0, 0, 0, 815, 817, 818, 820, 822, 824, 826, 828, 831, 834, 837, 842, 847, 813, 851, 858, 868, 827, 873, 878, 886, 895, 901, 908, 917, 926, 935, 943, 952, 965, 978, 989, 1001, 1013, 1026]
[0, 881, 877, 873, 867, 862, 858, 856, 855, 607, 0, 0, 457, 456, 458, 0, 0, 0, 774, 0, 830, 829, 0, 0, 0, 831, 832, 832, 834, 835, 836, 838, 841, 843, 845, 851, 856, 859, 864, 869, 873, 878, 882, 888, 895, 900, 907, 915, 923, 932, 940, 926, 948, 956, 968, 982, 993, 1003, 1014, 1027, 1040]
[0, 897, 891, 886, 880, 876, 873, 869, 855, 607, 0, 0, 457, 456, 455, 457, 0, 0, 774, 0, 842, 842, 829, 0, 0, 0, 833, 834, 835, 836, 836, 837, 839, 842, 845, 850, 854, 858, 863, 867, 871, 876, 881, 887, 893, 899, 906, 912, 920, 929, 937, 946, 953, 963, 977, 989, 1000, 1012, 1014, 1036, 1040]
[0, 903, 896, 892, 887, 882, 878, 874, 855, 607, 0, 0, 0, 454, 454, 457, 0, 0, 853, 0, 851, 850, 851, 0, 843, 0, 844, 846, 847, 849, 849, 852, 856, 859, 862, 866, 868, 872, 876, 880, 886, 891, 896, 902, 910, 917, 924, 933, 941, 947, 956, 965, 953, 987, 977, 998, 1010, 1021, 1032, 1045, 1059]
[0, 902, 895, 889, 885, 882, 877, 874, 873, 607, 0, 0, 0, 454, 456, 460, 0, 0, 0, 851, 850, 851, 0, 0, 850, 851, 852, 854, 857, 859, 860, 861, 864, 867, 870, 872, 876, 880, 884, 889, 893, 898, 905, 910, 916, 924, 924, 931, 939, 948, 955, 963, 973, 984, 994, 1006, 1017, 1029, 1042, 1055, 1069]
[0, 931, 925, 920, 914, 910, 905, 899, 873, 607, 0, 0, 459, 455, 454, 456, 0, 0, 0, 0, 850, 878, 879, 0, 0, 0, 852, 855, 857, 858, 860, 862, 865, 867, 868, 870, 873, 876, 881, 886, 890, 895, 901, 908, 914, 921, 929, 936, 943, 951, 957, 966, 977, 989, 1000, 1012, 1023, 1032, 1046, 1061, 1075]
[0, 980, 972, 965, 959, 954, 950, 945, 873, 607, 0, 0, 455, 455, 456, 0, 0, 0, 0, 927, 927, 928, 0, 0, 879, 879, 881, 882, 883, 885, 888, 891, 893, 894, 898, 901, 905, 911, 916, 922, 927, 934, 940, 946, 953, 962, 970, 936, 979, 988, 996, 1004, 1014, 1025, 1036, 1048, 1060, 1073, 1087, 1101, 1117]
[0, 989, 983, 965, 977, 970, 964, 958, 873, 607, 0, 0, 0, 454, 454, 456, 0, 0, 0, 937, 936, 936, 0, 0, 0, 929, 931, 933, 935, 938, 939, 941, 943, 894, 946, 950, 954, 957, 962, 968, 974, 981, 988, 994, 1001, 1007, 1016, 1024, 1032, 1041, 1050, 1063, 1074, 1083, 1094, 1108, 1122, 1137, 1154, 1169, 1184]
[0, 994, 989, 982, 975, 969, 963, 957, 873, 607, 0, 0, 0, 454, 454, 456, 0, 0, 0, 0, 936, 937, 938, 0, 0, 941, 941, 943, 944, 946, 948, 950, 953, 956, 959, 961, 966, 971, 977, 984, 991, 996, 1001, 1008, 1016, 1023, 1030, 1039, 1048, 1058, 1068, 1079, 1074, 1102, 1094, 1114, 1126, 1142, 1158, 1172, 1186]
[0, 991, 985, 978, 972, 968, 961, 956, 873, 607, 0, 0, 456, 454, 455, 0, 0, 0, 0, 937, 936, 936, 0, 0, 939, 940, 941, 943, 945, 947, 949, 951, 953, 955, 958, 962, 966, 971, 976, 983, 990, 996, 1002, 1009, 1016, 1024, 1033, 1039, 1041, 1050, 1059, 1069, 1081, 1093, 1105, 1117, 1131, 1147, 1161, 1174, 1190]
[0, 1002, 997, 992, 987, 968, 982, 978, 873, 607, 0, 0, 454, 453, 0, 455, 0, 0, 0, 949, 950, 951, 0, 938, 0, 940, 941, 943, 946, 947, 949, 950, 953, 956, 960, 964, 966, 969, 974, 980, 985, 992, 998, 1004, 1012, 1019, 1026, 1034, 1044, 1054, 1063, 1073, 1085, 1096, 1107, 1121, 1137, 1151, 1164, 1179, 1195]
[0, 1021, 1015, 1009, 1002, 998, 995, 989, 873, 607, 0, 0, 457, 454, 454, 457, 0, 0, 0, 963, 962, 0, 962, 0, 0, 954, 955, 957, 946, 960, 962, 964, 966, 969, 974, 978, 982, 988, 993, 997, 1001, 1007, 1014, 1021, 1029, 1037, 1045, 1054, 1063, 1073, 1082, 1093, 1105, 1117, 1130, 1144, 1159, 1151, 1175, 1189, 1203]
[0, 1019, 1013, 1007, 1002, 997, 993, 987, 873, 607, 0, 0, 0, 454, 455, 0, 0, 0, 0, 963, 961, 962, 0, 0, 964, 967, 969, 970, 973, 974, 977, 979, 982, 984, 988, 993, 997, 1001, 1006, 1012, 1018, 1024, 1031, 1039, 1046, 1054, 1064, 1073, 1082, 1073, 1091, 1101, 1114, 1126, 1138, 1152, 1165, 1178, 1192, 1207, 1224]
[0, 1055, 1049, 1041, 1035, 1030, 1024, 1019, 873, 607, 0, 0, 0, 454, 455, 0, 0, 0, 0, 963, 0, 996, 996, 0, 0, 0, 968, 971, 975, 975, 977, 981, 984, 987, 991, 994, 998, 1003, 1006, 1008, 1013, 1020, 1026, 1031, 1040, 1049, 1056, 1065, 1075, 1083, 1094, 1105, 1117, 1130, 1142, 1155, 1169, 1184, 1199, 1215, 1231]
[0, 1049, 1042, 1041, 1036, 1030, 1026, 1021, 873, 607, 0, 0, 0, 452, 453, 456, 0, 0, 0, 996, 996, 997, 0, 0, 0, 1000, 1001, 1002, 1004, 1006, 1010, 1012, 1015, 1018, 1021, 1025, 1030, 1035, 1041, 1046, 1053, 1061, 1069, 1076, 1083, 1049, 1092, 1101, 1110, 1121, 1130, 1144, 1156, 1167, 1181, 1194, 1206, 1223, 1238, 1252, 1270]
[0, 1078, 1071, 1041, 1063, 1058, 1053, 1047, 873, 607, 0, 0, 0, 453, 453, 455, 0, 0, 0, 1021, 1020, 1022, 0, 0, 0, 1001, 1001, 1002, 1004, 1005, 1008, 1010, 1013, 1017, 1021, 1024, 1028, 1035, 1040, 1045, 1052, 1058, 1064, 1072, 1081, 1088, 1096, 1107, 1117, 1127, 1139, 1152, 1163, 1175, 1189, 1202, 1217, 1223, 1233, 1246, 1262]
[0, 1078, 1074, 1066, 1059, 1054, 1048, 1043, 873, 607, 0, 0, 454, 453, 454, 0, 0, 0, 0, 1023, 1022, 1023, 0, 0, 1025, 1027, 1030, 1002, 1031, 1033, 1036, 1038, 1040, 1045, 1050, 1054, 1058, 1062, 1068, 1075, 1081, 1087, 1094, 1102, 1112, 1120, 1131, 1141, 1150, 1161, 1170, 1179, 1192, 1206, 1221, 1237, 1252, 1267, 1282, 1300, 1262]
[0, 1078, 1074, 1071, 1063, 1058, 1053, 1047, 873, 607, 0, 0, 0, 453, 453, 455, 0, 0, 0, 1021, 1021, 1023, 0, 0, 0, 1027, 1028, 1029, 1031, 1034, 1037, 1039, 1042, 1045, 1050, 1056, 1061, 1066, 1072, 1075, 1078, 1083, 1091, 1100, 1108, 1116, 1125, 1136, 1147, 1156, 1166, 1177, 1188, 1201, 1216, 1231, 1246, 1261, 1275, 1294, 1262]
[0, 1094, 1088, 1081, 1076, 1071, 1065, 1066, 873, 607, 0, 0, 0, 453, 455, 0, 0, 0, 0, 1038, 1039, 1039, 0, 1024, 0, 1028, 1030, 1029, 1032, 1034, 1036, 1039, 1043, 1047, 1050, 1055, 1059, 1066, 1074, 1080, 1084, 1090, 1099, 1105, 1115, 1126, 1137, 1147, 1155, 1164, 1175, 1189, 1202, 1216, 1231, 1246, 1246, 1261, 1276, 1293, 1262]
[0, 1097, 1089, 1083, 1078, 1072, 1067, 1062, 873, 607, 0, 0, 0, 453, 455, 459, 0, 0, 0, 0, 1041, 1041, 0, 0, 0, 1043, 1044, 1047, 1049, 1052, 1055, 1058, 1043, 1066, 1050, 1072, 1076, 1080, 1085, 1091, 1098, 1104, 1111, 1119, 1129, 1140, 1150, 1157, 1166, 1176, 1188, 1201, 1213, 1228, 1243, 1257, 1272, 1288, 1305, 1293, 1333]
[0, 1129, 1122, 1115, 1110, 1104, 1098, 1093, 873, 607, 0, 0, 454, 453, 455, 454, 0, 0, 0, 1072, 1069, 1070, 0, 0, 1045, 1047, 1048, 1052, 1056, 1058, 1060, 1063, 1068, 1074, 1078, 1083, 1088, 1093, 1099, 1106, 1113, 1121, 1130, 1139, 1149, 1140, 1159, 1168, 1177, 1187, 1198, 1211, 1226, 1241, 1256, 1272, 1289, 1306, 1327, 1345, 1361]
[0, 1129, 1122, 1116, 1109, 1103, 1097, 1095, 873, 607, 0, 0, 454, 453, 455, 0, 0, 0, 0, 1072, 1070, 1072, 0, 0, 1076, 1076, 1078, 1080, 1083, 1086, 1088, 1091, 1096, 1099, 1105, 1110, 1114, 1093, 1121, 1129, 1137, 1144, 1150, 1158, 1166, 1173, 1183, 1192, 1201, 1212, 1224, 1238, 1254, 1268, 1283, 1299, 1321, 1340, 1356, 1372, 1388]
[0, 1128, 1122, 1115, 1108, 1102, 1097, 1098, 873, 607, 0, 0, 454, 453, 455, 455, 459, 0, 0, 1073, 1071, 1072, 0, 0, 1076, 1076, 1078, 1081, 1084, 1086, 1088, 1091, 1096, 1099, 1105, 1110, 1110, 1117, 1125, 1131, 1137, 1144, 1153, 1161, 1167, 1174, 1183, 1194, 1203, 1213, 1227, 1242, 1256, 1272, 1285, 1299, 1324, 1347, 1359, 1372, 1389]
[0, 1198, 1191, 1186, 1180, 1102, 1172, 1165, 873, 607, 0, 0, 0, 454, 452, 455, 459, 0, 0, 1145, 1145, 1144, 0, 0, 0, 1077, 1078, 1081, 1084, 1086, 1088, 1091, 1096, 1101, 1107, 1110, 1111, 1117, 1125, 1131, 1138, 1145, 1153, 1161, 1168, 1176, 1184, 1194, 1204, 1216, 1228, 1242, 1256, 1272, 1289, 1305, 1326, 1347, 1360, 1376, 1396]
[0, 1203, 1196, 1189, 1182, 1175, 1170, 1165, 873, 607, 0, 0, 0, 452, 454, 0, 0, 0, 0, 1145, 0, 1146, 0, 0, 0, 1154, 1157, 1159, 1160, 1163, 1166, 1091, 1168, 1172, 1176, 1179, 1183, 1190, 1199, 1210, 1219, 1228, 1241, 1253, 1264, 1270, 1276, 1284, 1294, 1309, 1331, 1347, 1357, 1371, 1384, 1399, 1416, 1347, 0, 1487, 1509]
[0, 1239, 1232, 1225, 1216, 1175, 1210, 1204, 873, 607, 0, 0, 0, 452, 453, 455, 0, 0, 0, 1183, 1181, 1181, 0, 0, 0, 1153, 1156, 1158, 1160, 1164, 1165, 1168, 1171, 1174, 1178, 1182, 1188, 1197, 1207, 1216, 1226, 1240, 1252, 1261, 1271, 1277, 1276, 1279, 1288, 1302, 1320, 1338, 1350, 1362, 1378, 1392, 1408, 1347, 0, 1475, 1497]
[0, 1261, 1255, 1247, 1239, 1232, 1227, 1222, 873, 607, 0, 0, 453, 452, 454, 0, 0, 0, 0, 1183, 1198, 1206, 0, 0, 0, 1191, 1195, 1197, 1160, 1208, 1218, 1219, 1220, 1222, 1227, 1231, 1235, 1244, 1250, 1260, 1270, 1280, 1288, 1293, 1301, 1312, 1325, 1339, 1350, 1361, 1373, 1386, 1400, 1412, 1425, 1438, 1453, 1470, 0, 1485, 1498]
[0, 1275, 1267, 1259, 1253, 1247, 1240, 1235, 873, 607, 0, 0, 454, 453, 454, 0, 0, 0, 0, 0, 1221, 1222, 0, 0, 0, 1208, 1207, 1216, 1230, 1235, 1232, 1233, 1236, 1238, 1242, 1248, 1253, 1261, 1271, 1280, 1286, 1291, 1299, 1311, 1325, 1337, 1325, 1347, 1358, 1370, 1379, 1388, 1398, 1410, 1420, 1432, 1445, 1457, 1474, 1490, 1502]
[0, 1279, 1272, 1262, 1254, 1250, 1243, 1237, 873, 607, 0, 0, 454, 453, 454, 0, 0, 0, 0, 0, 1224, 1225, 0, 0, 0, 1229, 1235, 1237, 1240, 1244, 1251, 1254, 1259, 1263, 1264, 1268, 1272, 1280, 1287, 1294, 1304, 1315, 1327, 1336, 1344, 1350, 1325, 1355, 1362, 1370, 1379, 1388, 1398, 1408, 1418, 1431, 1444, 1457, 1472, 1488, 1502]
[0, 1279, 1272, 1265, 1258, 1252, 1247, 1241, 873, 607, 0, 0, 454, 452, 453, 0, 0, 0, 0, 0, 1229, 1226, 0, 0, 0, 1230, 1235, 1236, 1240, 1245, 1251, 1254, 1257, 1260, 1264, 1268, 1274, 1281, 1287, 1294, 1304, 1315, 1327, 1336, 1344, 1350, 1325, 1355, 1362, 1370, 1378, 1387, 1398, 1407, 1418, 1431, 1444, 1457, 1472, 1487, 1502]
[0, 1293, 1284, 1277, 1270, 1264, 1257, 1251, 873, 607, 0, 0, 455, 453, 454, 457, 0, 0, 0, 1243, 1244, 0, 0, 0, 0, 1231, 1235, 1237, 1240, 1246, 1252, 1255, 1260, 1263, 1265, 1268, 1273, 1280, 1288, 1298, 1307, 1315, 1327, 1336, 1331, 1344, 1349, 1355, 1361, 1371, 1380, 1388, 1399, 1410, 1420, 1431, 1444, 1458, 1475, 1490, 1503]
[0, 1347, 1340, 1337, 1270, 1328, 1257, 1315, 873, 607, 0, 0, 0, 453, 452, 457, 0, 0, 0, 1289, 1286, 1287, 0, 0, 0, 1245, 1249, 1252, 1258, 1263, 1266, 1271, 1274, 1278, 1282, 1286, 1292, 1300, 1306, 1308, 1312, 1320, 1328, 1333, 1341, 1349, 1354, 1355, 1361, 1369, 1378, 1387, 1396, 1405, 1417, 1428, 1440, 1454, 1469, 1486, 1500]
[0, 1349, 1340, 1342, 1338, 1328, 1329, 1315, 873, 607, 0, 0, 0, 452, 452, 455, 0, 0, 0, 1294, 1295, 1296, 0, 0, 0, 1290, 1292, 1296, 1294, 1291, 1266, 1291, 1292, 1294, 1296, 1298, 1300, 1303, 1306, 1310, 1313, 1317, 1322, 1328, 1336, 1343, 1350, 1357, 1365, 1372, 1380, 1389, 1400, 1412, 1424, 1437, 1440, 1462, 1469, 1480, 1497]
[0, 1374, 1364, 1357, 1354, 1349, 1342, 1315, 873, 607, 0, 0, 453, 452, 454, 0, 0, 0, 0, 0, 1309, 1306, 0, 0, 0, 1292, 1294, 1296, 1293, 1291, 1292, 1290, 1292, 1294, 1296, 1298, 1300, 1302, 1306, 1311, 1313, 1317, 1321, 1326, 1335, 1343, 1350, 1356, 1364, 1372, 1380, 1390, 1400, 1410, 1423, 1436, 1440, 1450, 1464, 1480, 1496]
[0, 1411, 1402, 1396, 1388, 1380, 1377, 1315, 873, 607, 0, 0, 458, 453, 452, 454, 459, 0, 0, 0, 1313, 1308, 0, 0, 0, 0, 1295, 1293, 1290, 1289, 1291, 1293, 1294, 1293, 1294, 1298, 1301, 1304, 1308, 1312, 1315, 1319, 1321, 1323, 1329, 1337, 1343, 1352, 1361, 1368, 1377, 1387, 1398, 1408, 1419, 1431, 1444, 1457, 1474, 1488, 1501]
[0, 1428, 1421, 1410, 1402, 1394, 1386, 1315, 873, 607, 0, 0, 457, 453, 453, 455, 459, 0, 0, 0, 1310, 1306, 0, 0, 0, 0, 1293, 1291, 1289, 1289, 1287, 1288, 1292, 1292, 1291, 1295, 1301, 1303, 1308, 1306, 1309, 1312, 1317, 1323, 1330, 1337, 1343, 1349, 1358, 1368, 1377, 1386, 1394, 1404, 1416, 1430, 1441, 1455, 1473, 1488, 1501]
[0, 1428, 1421, 1448, 1432, 1425, 1413, 1400, 0, 0, 0, 0, 454, 453, 452, 453, 459, 0, 0, 0, 1309, 1306, 0, 0, 0, 1294, 1292, 1289, 1289, 1289, 1289, 1292, 1294, 1292, 1294, 1295, 1298, 1302, 1306, 1307, 1311, 1316, 1320, 1327, 1333, 1338, 1346, 1352, 1359, 1367, 1375, 1386, 1395, 1405, 1417, 1430, 1444, 1458, 1473, 1488, 1503]
[0, 1428, 1421, 1448, 1445, 1425, 1417, 1404, 0, 0, 0, 0, 453, 452, 452, 453, 459, 0, 0, 0, 1309, 1306, 0, 0, 0, 1295, 1295, 1293, 1291, 1290, 1291, 1291, 1291, 1291, 1294, 1296, 1299, 1301, 1304, 1311, 1314, 1318, 1320, 1322, 1326, 1334, 1342, 1348, 1358, 1367, 1376, 1386, 1393, 1399, 1412, 1426, 1440, 1456, 1472, 1487, 1500]
[0, 1471, 1464, 1453, 1436, 1422, 1409, 1409, 0, 0, 0, 0, 458, 453, 452, 454, 459, 0, 0, 0, 1310, 1306, 0, 0, 0, 0, 1294, 1292, 1291, 1290, 1291, 1291, 1290, 1290, 1293, 1297, 1301, 1301, 1304, 1310, 1314, 1318, 1317, 1322, 1326, 1333, 1342, 1349, 1358, 1367, 1375, 1386, 1393, 1399, 1413, 1428, 1442, 1456, 1471, 1486, 1500]
[0, 1471, 1464, 1453, 1436, 1422, 1410, 1408, 0, 0, 0, 458, 458, 453, 451, 454, 459, 0, 0, 0, 1309, 1306, 0, 0, 0, 0, 1292, 1290, 1289, 1288, 1287, 1288, 1289, 1291, 1292, 1297, 1295, 1299, 1302, 1306, 1309, 1312, 1317, 1322, 1328, 1337, 1345, 1351, 1359, 1367, 1375, 1386, 1395, 1405, 1416, 1430, 1444, 1454, 1469, 1489, 1504]
[0, 1483, 1466, 1449, 1433, 1422, 1411, 1399, 0, 0, 0, 458, 0, 454, 454, 0, 459, 0, 0, 0, 1310, 1305, 0, 0, 1297, 0, 1292, 1290, 1289, 1288, 1286, 1287, 1289, 1291, 1292, 1294, 1297, 1299, 1302, 1306, 1309, 1312, 1317, 1322, 1328, 1335, 1343, 1351, 1358, 1367, 1376, 1385, 1395, 1405, 1415, 1428, 1443, 1454, 1468, 1487, 1502]
[0, 1486, 1467, 1451, 1437, 1423, 1410, 1400, 0, 0, 0, 0, 454, 452, 454, 456, 459, 0, 0, 1309, 1310, 1304, 0, 0, 0, 1295, 1294, 1292, 1289, 1289, 1290, 1290, 1289, 1289, 1293, 1294, 1297, 1300, 1303, 1306, 1311, 1312, 1317, 1321, 1326, 1330, 1338, 1346, 1351, 1362, 1374, 1382, 1389, 1399, 1409, 1420, 1433, 1450, 1466, 1481, 1495]
[0, 1478, 1460, 1446, 1430, 1418, 1407, 1406, 0, 0, 0, 0, 453, 453, 453, 455, 458, 0, 0, 0, 1309, 1305, 0, 0, 0, 0, 1291, 1290, 1288, 1286, 1288, 1289, 1290, 1289, 1292, 1296, 1295, 1298, 1305, 1306, 1310, 1314, 1316, 1322, 1330, 1339, 1345, 1346, 1352, 1360, 1368, 1378, 1388, 1402, 1410, 1417, 1432, 1444, 1457, 1476, 1493]
[0, 1477, 1460, 1445, 1429, 1415, 1404, 1404, 0, 0, 0, 0, 452, 452, 453, 454, 458, 0, 0, 0, 1305, 1305, 0, 0, 0, 0, 1292, 1290, 1289, 1288, 1288, 1289, 1289, 1291, 1294, 1296, 1296, 1298, 1301, 1302, 1306, 1312, 1317, 1321, 1327, 1333, 1341, 1350, 1358, 1366, 1374, 1381, 1392, 1401, 1412, 1428, 1440, 1451, 1466, 1485, 1503]
[0, 1477, 1461, 1448, 1435, 1423, 1410, 1398, 0, 0, 0, 456, 451, 452, 453, 457, 458, 464, 0, 0, 1309, 1305, 0, 0, 0, 1293, 1292, 1290, 1289, 1289, 1287, 1287, 1289, 1290, 1291, 1294, 1296, 1298, 1299, 1302, 1308, 1311, 1316, 1321, 1324, 1331, 1342, 1349, 1357, 1363, 1369, 1378, 1389, 1403, 1414, 1427, 1436, 1447, 1467, 1486, 1501]
[0, 1470, 1453, 1448, 1437, 1426, 1413, 1400, 0, 0, 0, 457, 452, 453, 453, 455, 461, 464, 0, 1311, 1304, 1300, 0, 0, 0, 1294, 1291, 1289, 1289, 1289, 1289, 1289, 1289, 1290, 1292, 1294, 1295, 1294, 1300, 1305, 1306, 1310, 1315, 1321, 1322, 1330, 1338, 1345, 1351, 1359, 1368, 1377, 1388, 1398, 1407, 1418, 1432, 1450, 1470, 1487, 1505]
[0, 1476, 1459, 1444, 1429, 1415, 1405, 1400, 0, 0, 0, 452, 452, 453, 454, 455, 458, 466, 0, 0, 1304, 1302, 1297, 0, 0, 0, 1292, 1287, 1286, 1286, 1285, 1284, 1285, 1287, 1288, 1290, 1292, 1294, 1299, 1302, 1306, 1312, 1315, 1318, 1325, 1333, 1340, 1348, 1357, 1364, 1375, 1386, 1392, 1403, 1416, 1428, 1432, 1444, 1463, 1480, 1502]
[0, 1486, 1469, 1452, 1437, 1423, 1410, 1399, 0, 0, 0, 450, 449, 452, 454, 457, 462, 466, 0, 1309, 1304, 1302, 0, 0, 0, 1293, 1291, 1289, 1288, 1288, 1287, 1286, 1288, 1290, 1291, 1294, 1296, 1294, 1298, 1299, 1304, 1310, 1315, 1317, 1320, 1327, 1334, 1345, 1354, 1360, 1369, 1380, 1391, 1402, 1415, 1432, 1451, 1465, 1481, 1500, 1516]
[0, 1478, 1459, 1444, 1430, 1416, 1405, 1399, 0, 0, 0, 450, 453, 452, 454, 455, 466, 466, 0, 0, 1307, 1302, 1297, 0, 0, 0, 1289, 1286, 1286, 1285, 1285, 1287, 1288, 1288, 1289, 1293, 1296, 1296, 1298, 1300, 1302, 1309, 1314, 1319, 1325, 1332, 1341, 1348, 1355, 1364, 1375, 1385, 1397, 1402, 1412, 1426, 1444, 1462, 1477, 1493, 1507]
[0, 1478, 1466, 1449, 1437, 1423, 1409, 1398, 0, 0, 0, 454, 451, 453, 454, 456, 461, 466, 0, 1311, 1304, 1299, 0, 0, 0, 1292, 1291, 1291, 1286, 1285, 1287, 1287, 1288, 1288, 1291, 1293, 1294, 1297, 1300, 1303, 1302, 1311, 1318, 1327, 1337, 1345, 1354, 1359, 1368, 1377, 1386, 1398, 1409, 1421, 1433, 1444, 1455, 1465, 1478, 1496, 1514]
[0, 1469, 1455, 1443, 1428, 1415, 1404, 1398, 0, 0, 0, 456, 452, 453, 454, 455, 459, 468, 0, 0, 1302, 1302, 1297, 0, 0, 0, 1292, 1288, 1283, 1283, 1286, 1285, 1285, 1287, 1288, 1291, 1292, 1295, 1302, 1311, 1319, 1323, 1327, 1334, 1340, 1350, 1358, 1366, 1374, 1382, 1392, 1404, 1418, 1428, 1436, 1448, 1455, 1461, 1474, 1489, 1507]
[0, 1469, 1452, 1440, 1429, 1415, 1404, 1398, 0, 0, 0, 458, 452, 453, 454, 455, 458, 467, 0, 0, 1303, 1301, 1299, 0, 0, 0, 1290, 1285, 1285, 1287, 1288, 1288, 1287, 1287, 1290, 1293, 1298, 1304, 1309, 1314, 1319, 1324, 1327, 1331, 1338, 1346, 1354, 1362, 1371, 1380, 1387, 1399, 1411, 1422, 1432, 1444, 1456, 1467, 1483, 1499, 1515]
[0, 1477, 1462, 1448, 1433, 1419, 1407, 1399, 0, 0, 0, 455, 451, 453, 454, 457, 464, 467, 0, 1320, 1303, 1317, 0, 0, 0, 1287, 1288, 1286, 1285, 1287, 1287, 1289, 1291, 1295, 1303, 1293, 1304, 1305, 1310, 1314, 1319, 1322, 1326, 1332, 1338, 1346, 1354, 1361, 1371, 1379, 1388, 1399, 1410, 1421, 1433, 1446, 1456, 1467, 1483, 1500, 1516]
[0, 1472, 1458, 1442, 1429, 1416, 1404, 1396, 0, 0, 0, 455, 451, 454, 454, 455, 458, 466, 0, 0, 1318, 1315, 1315, 0, 0, 0, 1301, 1303, 1302, 1300, 1300, 1300, 1300, 1303, 1304, 1305, 1309, 1311, 1314, 1318, 1321, 1323, 1330, 1335, 1340, 1349, 1358, 1361, 1366, 1373, 1382, 1392, 1404, 1417, 1428, 1439, 1450, 1460, 1473, 1488, 1503]
[0, 1478, 1460, 1444, 1433, 1421, 1409, 1398, 0, 0, 0, 456, 454, 453, 454, 457, 464, 466, 0, 1321, 1318, 1317, 0, 0, 0, 1306, 1303, 1302, 1301, 1301, 1302, 1302, 1300, 1301, 1305, 1305, 1307, 1311, 1314, 1315, 1320, 1323, 1326, 1330, 1335, 1343, 1353, 1359, 1367, 1376, 1386, 1397, 1408, 1421, 1432, 1443, 1454, 1465, 1479, 1496, 1514]
[0, 1474, 1460, 1462, 1450, 1444, 1433, 1424, 0, 0, 0, 0, 452, 454, 456, 458, 462, 466, 0, 1332, 1320, 1313, 0, 0, 0, 1303, 1302, 1303, 1302, 1300, 1300, 1300, 1301, 1304, 1304, 1306, 1308, 1310, 1313, 1318, 1322, 1324, 1327, 1332, 1340, 1349, 1355, 1363, 1373, 1376, 1382, 1392, 1403, 1417, 1428, 1438, 1449, 1460, 1473, 1489, 1506]
[0, 1493, 1478, 1463, 1450, 1437, 1427, 1416, 0, 0, 0, 459, 452, 456, 456, 459, 462, 466, 0, 1339, 1320, 1314, 0, 0, 0, 1303, 1306, 1302, 1300, 1302, 1302, 1300, 1301, 1302, 1301, 1304, 1306, 1307, 1308, 1312, 1319, 1322, 1327, 1332, 1339, 1349, 1357, 1363, 1372, 1381, 1391, 1401, 1411, 1423, 1436, 1446, 1458, 1473, 1489, 1489, 1502]
