[0, 0, 0, 0, 0, 0, 0, 0, 0, 0, 0, 0, 0, 0, 0, 0, 0, 0, 0, 0, 0, 0, 0, 0, 0, 0, 0, 0, 0, 0, 0, 0, 0, 0, 0, 0, 0, 0, 0, 0, 0, 0, 0, 0, 0, 0, 0, 0, 0, 0, 0, 0, 0, 0, 0, 0, 0, 0, 0, 0, 0]
[0, 527, 523, 519, 515, 512, 509, 506, 503, 500, 498, 497, 495, 493, 491, 488, 486, 485, 483, 482, 481, 480, 479, 478, 478, 478, 477, 477, 478, 477, 477, 478, 478, 479, 480, 481, 483, 484, 485, 486, 489, 492, 494, 496, 499, 502, 505, 508, 512, 515, 520, 525, 529, 530, 539, 544, 544, 554, 560, 566, 572]
[0, 530, 525, 521, 517, 513, 510, 506, 503, 501, 498, 496, 494, 491, 489, 487, 486, 484, 483, 482, 481, 480, 479, 478, 477, 476, 476, 476, 476, 476, 477, 478, 478, 479, 480, 481, 483, 482, 484, 485, 487, 492, 494, 494, 500, 502, 502, 509, 512, 512, 516, 521, 526, 530, 535, 540, 545, 551, 556, 562, 568]
[0, 526, 522, 518, 517, 511, 510, 508, 505, 502, 499, 497, 494, 491, 489, 487, 486, 485, 484, 482, 481, 480, 479, 478, 479, 478, 477, 477, 477, 477, 478, 478, 479, 479, 480, 481, 482, 483, 485, 486, 488, 490, 493, 496, 498, 501, 504, 507, 511, 514, 519, 523, 527, 533, 537, 543, 548, 553, 558, 565, 571]
[0, 529, 525, 522, 517, 512, 509, 507, 504, 501, 500, 498, 494, 495, 493, 491, 489, 487, 486, 485, 483, 482, 482, 481, 478, 478, 477, 477, 477, 477, 477, 478, 478, 479, 480, 481, 482, 483, 485, 486, 488, 491, 493, 495, 498, 500, 504, 507, 510, 514, 519, 523, 526, 531, 536, 542, 547, 552, 558, 564, 570]
[0, 531, 527, 523, 519, 514, 511, 509, 506, 503, 500, 498, 496, 494, 492, 491, 487, 485, 486, 484, 483, 483, 482, 481, 480, 480, 480, 479, 480, 480, 480, 481, 481, 482, 483, 484, 485, 483, 487, 488, 491, 491, 495, 500, 498, 503, 505, 509, 512, 516, 521, 525, 529, 534, 539, 543, 549, 555, 560, 565, 572]
[0, 529, 525, 521, 519, 512, 511, 507, 506, 505, 502, 498, 496, 495, 493, 491, 489, 487, 486, 485, 484, 482, 482, 481, 481, 480, 480, 479, 479, 479, 479, 481, 481, 482, 483, 483, 484, 486, 487, 489, 492, 493, 495, 499, 502, 505, 508, 511, 514, 518, 522, 527, 532, 537, 542, 547, 552, 557, 563, 569, 576]
[0, 528, 524, 521, 516, 512, 510, 507, 507, 504, 502, 499, 497, 495, 492, 490, 488, 487, 485, 485, 484, 482, 481, 481, 480, 479, 479, 479, 480, 480, 480, 481, 482, 482, 482, 483, 485, 486, 487, 489, 491, 493, 495, 497, 500, 503, 506, 509, 513, 516, 521, 524, 529, 534, 539, 544, 550, 555, 560, 566, 573]
[0, 529, 525, 521, 517, 513, 510, 507, 507, 504, 501, 499, 497, 495, 493, 491, 489, 487, 486, 485, 483, 482, 482, 481, 480, 479, 479, 478, 479, 480, 480, 481, 482, 482, 482, 482, 483, 485, 486, 487, 491, 493, 494, 496, 500, 503, 507, 510, 513, 516, 521, 525, 530, 536, 541, 545, 550, 556, 561, 568, 574]
[0, 539, 534, 530, 526, 523, 519, 516, 513, 510, 508, 505, 503, 501, 499, 497, 496, 494, 493, 492, 483, 490, 488, 488, 480, 480, 479, 479, 480, 480, 480, 481, 481, 482, 483, 484, 485, 485, 489, 492, 491, 494, 496, 499, 501, 505, 508, 511, 515, 519, 522, 526, 532, 538, 542, 547, 553, 558, 564, 570, 577]
[0, 537, 532, 528, 524, 521, 518, 515, 512, 509, 507, 504, 502, 501, 498, 497, 497, 496, 495, 493, 491, 490, 489, 488, 487, 487, 486, 486, 486, 487, 488, 489, 488, 489, 490, 491, 493, 495, 497, 499, 501, 503, 506, 508, 511, 514, 517, 520, 525, 528, 533, 538, 543, 548, 553, 558, 563, 569, 575, 581, 588]
[0, 537, 533, 528, 524, 521, 521, 519, 516, 513, 511, 508, 505, 503, 502, 500, 498, 497, 496, 495, 493, 492, 491, 488, 488, 487, 487, 487, 487, 487, 487, 488, 489, 490, 491, 492, 494, 495, 497, 499, 501, 503, 505, 507, 512, 515, 518, 520, 526, 530, 535, 538, 545, 548, 554, 558, 565, 569, 578, 581, 585]
[0, 538, 535, 530, 527, 524, 520, 517, 513, 513, 508, 507, 505, 505, 502, 501, 498, 496, 495, 494, 494, 492, 491, 490, 489, 487, 488, 489, 489, 487, 490, 490, 492, 490, 494, 492, 496, 497, 499, 500, 503, 505, 508, 510, 512, 516, 519, 523, 526, 530, 535, 539, 544, 549, 554, 559, 564, 570, 577, 583, 590]
[0, 537, 533, 529, 527, 524, 518, 517, 516, 513, 510, 508, 505, 503, 501, 500, 498, 497, 496, 494, 493, 492, 491, 490, 490, 489, 489, 489, 489, 489, 490, 492, 492, 493, 494, 495, 496, 498, 500, 502, 504, 506, 508, 511, 514, 518, 522, 525, 526, 533, 537, 542, 547, 553, 557, 561, 564, 574, 581, 587, 594]
[0, 540, 535, 531, 527, 524, 521, 517, 514, 512, 510, 506, 504, 503, 500, 499, 498, 497, 496, 494, 493, 492, 492, 490, 489, 489, 488, 489, 489, 489, 490, 490, 490, 491, 492, 494, 496, 497, 499, 500, 503, 505, 508, 510, 513, 516, 519, 523, 527, 531, 535, 539, 544, 549, 554, 559, 564, 570, 577, 584, 591]
[0, 537, 533, 530, 527, 523, 520, 517, 513, 510, 509, 506, 504, 503, 501, 501, 498, 496, 495, 494, 494, 492, 491, 490, 490, 489, 489, 489, 489, 489, 489, 490, 491, 492, 494, 495, 496, 497, 499, 501, 504, 506, 509, 511, 514, 517, 521, 525, 528, 532, 537, 541, 546, 551, 556, 561, 567, 573, 579, 586, 593]
[0, 537, 533, 529, 525, 522, 520, 519, 516, 513, 511, 508, 506, 503, 502, 500, 498, 497, 496, 495, 493, 492, 491, 490, 490, 489, 488, 489, 489, 489, 490, 490, 490, 492, 494, 495, 497, 499, 499, 502, 505, 506, 510, 512, 514, 518, 521, 522, 525, 530, 534, 538, 543, 548, 553, 557, 563, 569, 575, 582, 589]
[0, 539, 534, 531, 528, 525, 522, 518, 516, 514, 512, 511, 508, 506, 504, 502, 500, 499, 498, 497, 496, 495, 494, 493, 490, 489, 488, 489, 489, 491, 490, 491, 490, 495, 495, 495, 496, 497, 499, 501, 504, 507, 508, 510, 513, 516, 520, 524, 528, 531, 535, 540, 545, 550, 554, 560, 566, 572, 577, 585, 592]
[0, 539, 536, 532, 528, 524, 522, 519, 516, 514, 513, 510, 509, 506, 504, 503, 501, 499, 498, 497, 496, 495, 494, 493, 492, 491, 491, 492, 492, 492, 494, 491, 494, 494, 495, 496, 499, 497, 499, 502, 505, 508, 511, 513, 514, 518, 522, 526, 529, 533, 538, 542, 547, 552, 557, 562, 568, 573, 580, 587, 593]
[0, 540, 536, 532, 528, 524, 521, 519, 516, 513, 513, 510, 509, 506, 504, 503, 501, 499, 498, 497, 496, 495, 494, 493, 492, 492, 492, 492, 492, 493, 494, 495, 495, 495, 495, 498, 500, 502, 499, 504, 508, 508, 513, 516, 514, 519, 525, 526, 529, 533, 538, 547, 547, 552, 557, 562, 568, 573, 580, 587, 593]
[0, 546, 541, 532, 534, 524, 531, 528, 525, 523, 519, 517, 514, 513, 511, 509, 507, 506, 504, 503, 502, 500, 500, 493, 492, 492, 492, 492, 492, 493, 494, 495, 495, 496, 497, 498, 500, 502, 504, 504, 508, 508, 513, 516, 519, 519, 522, 525, 533, 533, 538, 542, 547, 552, 557, 562, 568, 573, 580, 587, 593]
[0, 546, 542, 539, 535, 531, 528, 528, 523, 523, 520, 518, 515, 513, 511, 509, 507, 505, 504, 504, 503, 501, 501, 500, 499, 498, 498, 499, 499, 493, 499, 500, 501, 503, 497, 504, 506, 508, 509, 511, 513, 515, 517, 520, 523, 527, 530, 534, 538, 542, 546, 551, 556, 560, 565, 572, 578, 584, 590, 596, 603]
[0, 546, 542, 538, 535, 531, 528, 528, 526, 523, 519, 517, 515, 513, 511, 509, 507, 505, 504, 503, 502, 501, 500, 499, 500, 499, 499, 499, 499, 500, 500, 502, 503, 503, 504, 505, 507, 509, 510, 512, 513, 515, 518, 520, 523, 526, 530, 533, 537, 542, 546, 550, 555, 560, 565, 570, 577, 583, 589, 595, 601]
[0, 554, 550, 546, 542, 539, 536, 533, 530, 527, 519, 525, 523, 521, 519, 517, 514, 513, 512, 511, 510, 509, 508, 507, 499, 498, 498, 499, 499, 499, 500, 502, 501, 503, 504, 504, 507, 509, 509, 513, 513, 515, 517, 520, 523, 527, 530, 534, 538, 542, 546, 551, 555, 560, 565, 571, 578, 584, 590, 596, 603]
[0, 556, 552, 548, 544, 540, 537, 534, 531, 529, 526, 524, 521, 519, 517, 515, 514, 512, 511, 510, 509, 509, 508, 508, 506, 506, 506, 506, 506, 507, 508, 509, 509, 509, 511, 512, 514, 516, 518, 520, 513, 525, 528, 520, 531, 534, 541, 534, 545, 549, 558, 551, 562, 567, 573, 579, 591, 584, 596, 603, 617]
[0, 560, 552, 556, 553, 549, 546, 543, 539, 536, 534, 532, 529, 527, 525, 524, 522, 520, 519, 518, 517, 516, 515, 508, 507, 506, 506, 506, 507, 507, 507, 508, 509, 510, 511, 512, 513, 515, 517, 519, 521, 523, 526, 529, 532, 535, 538, 543, 547, 551, 556, 560, 565, 570, 576, 582, 588, 595, 600, 607, 614]
[0, 564, 560, 556, 552, 548, 545, 542, 539, 536, 533, 531, 529, 527, 525, 523, 522, 521, 519, 518, 517, 516, 515, 515, 507, 514, 514, 514, 514, 515, 515, 516, 516, 518, 519, 520, 521, 522, 525, 526, 529, 532, 534, 537, 540, 543, 547, 551, 555, 559, 563, 568, 573, 579, 584, 591, 597, 602, 609, 615, 622]
[0, 565, 561, 558, 555, 548, 551, 548, 544, 542, 539, 537, 534, 532, 531, 528, 527, 525, 523, 522, 521, 520, 520, 520, 507, 514, 514, 514, 514, 514, 515, 516, 517, 518, 520, 521, 522, 523, 526, 527, 530, 532, 535, 538, 541, 544, 548, 552, 556, 560, 564, 569, 574, 580, 586, 592, 597, 603, 610, 617, 623]
[0, 567, 563, 559, 556, 552, 549, 546, 543, 541, 538, 536, 534, 532, 529, 528, 527, 526, 524, 523, 522, 522, 521, 520, 519, 518, 518, 519, 519, 519, 520, 521, 522, 523, 524, 526, 527, 528, 530, 533, 535, 538, 535, 541, 547, 550, 548, 554, 558, 562, 567, 577, 583, 580, 594, 592, 600, 612, 610, 625, 623]
[0, 574, 570, 559, 562, 552, 559, 552, 543, 549, 547, 545, 542, 540, 538, 537, 535, 533, 532, 530, 529, 528, 527, 520, 519, 519, 519, 518, 518, 519, 520, 521, 522, 522, 523, 525, 527, 528, 530, 532, 535, 537, 540, 543, 546, 549, 554, 558, 561, 565, 569, 575, 581, 587, 592, 597, 603, 610, 617, 623, 630]
[0, 577, 572, 567, 564, 561, 557, 554, 551, 549, 546, 544, 541, 539, 538, 536, 534, 532, 531, 530, 529, 527, 528, 527, 527, 527, 526, 526, 527, 528, 528, 529, 530, 531, 533, 535, 535, 528, 539, 532, 544, 546, 550, 543, 553, 556, 564, 558, 567, 571, 576, 582, 587, 591, 603, 597, 608, 615, 622, 636, 630]
[0, 590, 587, 583, 578, 573, 570, 566, 563, 561, 559, 557, 554, 552, 550, 536, 548, 547, 546, 545, 544, 542, 542, 541, 527, 527, 526, 527, 527, 528, 528, 529, 530, 530, 532, 533, 534, 535, 537, 540, 542, 545, 547, 550, 554, 557, 559, 563, 568, 573, 578, 582, 588, 593, 598, 604, 610, 617, 623, 630, 637]
[0, 593, 589, 585, 580, 576, 572, 568, 565, 562, 559, 557, 555, 553, 552, 550, 548, 546, 545, 544, 543, 542, 541, 541, 540, 540, 541, 541, 541, 542, 542, 542, 544, 545, 546, 547, 548, 550, 553, 554, 557, 559, 562, 565, 568, 572, 576, 580, 585, 590, 595, 599, 603, 609, 615, 621, 628, 635, 642, 649, 657]
[0, 595, 590, 586, 583, 579, 575, 571, 565, 568, 565, 563, 561, 559, 557, 555, 554, 552, 550, 549, 548, 547, 546, 546, 541, 541, 541, 541, 541, 542, 543, 543, 544, 545, 546, 546, 549, 550, 553, 556, 559, 559, 561, 563, 567, 575, 576, 579, 588, 590, 592, 597, 607, 609, 618, 625, 628, 632, 647, 653, 657]
[0, 594, 589, 586, 585, 582, 579, 575, 571, 568, 565, 563, 561, 559, 557, 554, 553, 552, 550, 549, 548, 547, 546, 546, 545, 545, 545, 546, 546, 547, 547, 547, 548, 549, 551, 553, 555, 556, 558, 560, 562, 564, 568, 571, 575, 579, 583, 587, 591, 596, 600, 605, 610, 616, 621, 628, 635, 643, 649, 656, 664]
[0, 607, 602, 598, 595, 591, 588, 584, 581, 578, 575, 572, 570, 568, 566, 564, 563, 561, 550, 560, 559, 558, 557, 556, 545, 545, 545, 546, 546, 546, 547, 548, 549, 550, 551, 553, 555, 556, 558, 560, 562, 565, 568, 571, 575, 580, 584, 588, 592, 597, 602, 606, 611, 617, 623, 631, 639, 645, 651, 658, 666]
[0, 612, 608, 604, 600, 596, 593, 590, 587, 584, 580, 578, 576, 574, 571, 569, 567, 566, 564, 563, 562, 562, 561, 556, 555, 545, 556, 556, 557, 557, 557, 558, 558, 558, 560, 562, 563, 565, 567, 570, 572, 575, 578, 581, 585, 589, 593, 597, 601, 606, 611, 615, 620, 626, 633, 639, 645, 653, 660, 667, 675]
[0, 612, 608, 604, 600, 597, 593, 590, 587, 584, 581, 578, 576, 574, 571, 569, 567, 566, 564, 563, 562, 562, 561, 560, 560, 560, 556, 560, 557, 561, 561, 558, 561, 557, 566, 562, 569, 570, 575, 570, 577, 580, 583, 586, 589, 593, 597, 601, 606, 610, 615, 620, 626, 632, 638, 645, 651, 658, 665, 673, 681]
[0, 610, 606, 603, 599, 596, 592, 589, 586, 583, 580, 578, 576, 576, 573, 571, 569, 567, 566, 565, 564, 563, 563, 560, 560, 560, 560, 560, 561, 561, 561, 561, 557, 557, 566, 562, 569, 570, 572, 574, 577, 580, 583, 586, 589, 593, 597, 601, 606, 610, 615, 620, 626, 632, 638, 644, 651, 657, 665, 673, 681]
[0, 619, 615, 612, 608, 605, 602, 599, 595, 592, 590, 587, 586, 583, 580, 579, 577, 576, 566, 575, 571, 563, 570, 570, 562, 562, 561, 562, 562, 563, 563, 558, 551, 551, 559, 568, 572, 575, 576, 579, 583, 585, 588, 592, 596, 600, 604, 608, 613, 618, 622, 628, 634, 641, 648, 654, 660, 667, 675, 683, 692]
[0, 628, 623, 619, 615, 611, 608, 605, 602, 598, 595, 593, 591, 589, 587, 585, 583, 582, 580, 579, 578, 577, 570, 576, 570, 569, 569, 569, 570, 571, 567, 557, 549, 548, 559, 568, 0, 582, 584, 586, 589, 592, 595, 598, 601, 605, 610, 614, 618, 623, 629, 635, 641, 647, 652, 659, 666, 673, 681, 689, 698]
[0, 628, 623, 619, 615, 611, 608, 605, 602, 598, 596, 593, 591, 589, 587, 585, 584, 582, 581, 579, 578, 577, 576, 576, 570, 575, 576, 569, 575, 576, 568, 555, 548, 547, 550, 568, 0, 0, 588, 591, 594, 596, 599, 603, 606, 610, 614, 618, 622, 628, 634, 639, 646, 651, 657, 664, 670, 677, 686, 695, 702]
[0, 632, 627, 622, 618, 611, 611, 609, 602, 607, 603, 600, 598, 595, 593, 592, 590, 588, 587, 586, 584, 584, 582, 575, 575, 575, 575, 575, 575, 576, 570, 557, 548, 547, 550, 568, 0, 0, 588, 591, 594, 597, 599, 603, 607, 609, 613, 618, 622, 628, 634, 639, 645, 651, 657, 663, 670, 677, 686, 694, 702]
[0, 636, 632, 627, 623, 619, 611, 616, 613, 611, 607, 604, 602, 600, 598, 596, 594, 593, 592, 590, 589, 588, 587, 581, 581, 581, 581, 581, 581, 577, 0, 549, 547, 547, 550, 568, 0, 594, 596, 598, 601, 604, 607, 611, 615, 618, 623, 628, 633, 637, 643, 650, 655, 651, 668, 663, 682, 690, 699, 707, 702]
[0, 649, 632, 645, 641, 638, 633, 630, 627, 623, 620, 617, 615, 613, 611, 610, 608, 607, 606, 604, 603, 602, 601, 587, 586, 586, 586, 586, 587, 0, 0, 555, 546, 547, 548, 568, 0, 594, 598, 601, 603, 606, 609, 616, 615, 619, 623, 628, 639, 637, 645, 650, 655, 661, 668, 674, 681, 689, 697, 704, 712]
[0, 652, 632, 648, 644, 639, 635, 632, 629, 625, 622, 619, 615, 614, 612, 611, 609, 607, 606, 604, 603, 602, 601, 601, 601, 586, 601, 601, 587, 600, 0, 550, 546, 545, 545, 568, 0, 0, 615, 618, 620, 624, 628, 632, 636, 640, 644, 648, 652, 658, 663, 669, 676, 682, 689, 696, 704, 711, 718, 727, 736]
[0, 652, 653, 649, 645, 637, 635, 633, 630, 626, 624, 620, 617, 615, 613, 611, 610, 608, 607, 607, 606, 604, 603, 601, 601, 586, 601, 601, 602, 600, 0, 550, 546, 545, 546, 568, 0, 0, 615, 618, 620, 624, 628, 632, 635, 640, 644, 648, 652, 658, 663, 669, 675, 681, 688, 696, 703, 711, 718, 726, 735]
[0, 658, 653, 653, 646, 637, 642, 638, 635, 631, 628, 625, 623, 620, 617, 616, 615, 613, 611, 610, 609, 608, 607, 603, 603, 602, 602, 602, 603, 0, 0, 551, 546, 545, 546, 552, 0, 0, 618, 618, 620, 623, 627, 631, 635, 640, 644, 647, 652, 657, 663, 669, 675, 681, 688, 695, 704, 711, 718, 726, 735]
[0, 666, 662, 658, 653, 649, 646, 643, 635, 640, 633, 625, 631, 629, 626, 624, 621, 620, 619, 618, 616, 614, 615, 607, 607, 607, 607, 607, 608, 0, 0, 550, 545, 545, 546, 552, 0, 0, 622, 618, 625, 629, 637, 631, 640, 644, 648, 652, 656, 661, 667, 674, 680, 686, 693, 701, 708, 713, 721, 731, 740]
[0, 668, 663, 659, 655, 650, 647, 645, 641, 638, 634, 632, 629, 627, 625, 622, 620, 619, 617, 618, 616, 616, 615, 614, 613, 613, 613, 613, 614, 0, 552, 545, 543, 544, 546, 552, 0, 0, 630, 632, 635, 638, 642, 647, 649, 653, 658, 663, 668, 674, 679, 685, 693, 700, 707, 714, 721, 713, 738, 747, 757]
[0, 677, 672, 668, 664, 650, 657, 645, 653, 651, 648, 646, 643, 641, 639, 636, 633, 632, 631, 629, 628, 627, 625, 614, 614, 614, 613, 613, 613, 0, 556, 547, 544, 544, 547, 552, 0, 0, 629, 631, 635, 640, 644, 646, 650, 653, 658, 662, 666, 673, 679, 685, 692, 700, 706, 712, 720, 728, 737, 746, 755]
[0, 676, 672, 667, 664, 664, 661, 657, 653, 650, 647, 644, 642, 641, 639, 635, 633, 632, 630, 629, 628, 627, 626, 624, 624, 625, 625, 625, 626, 0, 556, 550, 544, 542, 544, 550, 0, 0, 643, 631, 649, 652, 0, 655, 659, 663, 667, 672, 677, 683, 689, 695, 702, 708, 714, 722, 729, 737, 746, 755, 764]
[0, 690, 685, 680, 676, 672, 669, 666, 662, 659, 656, 654, 652, 650, 648, 646, 645, 643, 642, 640, 640, 638, 637, 625, 625, 625, 625, 626, 626, 0, 558, 549, 544, 543, 545, 550, 0, 0, 0, 643, 646, 649, 653, 656, 659, 663, 667, 672, 677, 684, 690, 695, 701, 708, 715, 722, 730, 738, 746, 755, 765]
[0, 687, 685, 683, 680, 675, 671, 668, 664, 661, 658, 656, 654, 651, 649, 647, 645, 644, 643, 642, 640, 639, 638, 637, 637, 637, 625, 638, 639, 0, 555, 545, 542, 542, 545, 551, 0, 0, 0, 656, 659, 662, 665, 668, 672, 677, 682, 687, 693, 698, 704, 710, 715, 722, 730, 737, 746, 754, 763, 771, 780]
[0, 699, 694, 689, 684, 680, 678, 675, 671, 668, 665, 656, 663, 661, 658, 656, 655, 653, 651, 651, 649, 648, 647, 637, 637, 638, 638, 639, 639, 0, 556, 547, 542, 542, 545, 551, 0, 0, 0, 656, 659, 662, 664, 668, 672, 677, 680, 686, 693, 698, 703, 710, 715, 722, 729, 737, 745, 754, 763, 771, 780]
[0, 703, 698, 694, 689, 684, 678, 680, 674, 668, 672, 669, 666, 664, 662, 660, 658, 657, 656, 653, 651, 651, 650, 647, 647, 647, 647, 647, 649, 0, 550, 543, 542, 540, 542, 551, 0, 663, 665, 667, 670, 674, 677, 682, 687, 691, 697, 703, 708, 714, 719, 726, 734, 741, 749, 756, 763, 773, 782, 791, 802]
[0, 711, 707, 702, 697, 692, 689, 685, 682, 668, 679, 676, 674, 672, 670, 668, 666, 664, 663, 661, 660, 659, 659, 649, 649, 650, 648, 649, 651, 0, 550, 548, 541, 540, 542, 551, 0, 664, 667, 669, 671, 675, 680, 684, 688, 695, 700, 705, 710, 715, 721, 728, 735, 741, 750, 758, 765, 773, 784, 791, 804]
[0, 710, 705, 701, 697, 693, 689, 689, 684, 678, 679, 676, 674, 672, 669, 667, 665, 664, 663, 661, 660, 659, 657, 658, 657, 657, 657, 657, 658, 0, 548, 542, 541, 540, 541, 558, 0, 673, 675, 678, 681, 684, 688, 693, 698, 703, 708, 713, 717, 723, 730, 736, 743, 751, 759, 767, 775, 783, 793, 803, 812]
[0, 734, 729, 724, 697, 718, 715, 712, 709, 706, 703, 701, 699, 696, 693, 691, 689, 687, 686, 685, 684, 682, 681, 657, 657, 658, 658, 658, 659, 0, 548, 547, 542, 541, 542, 546, 0, 0, 676, 678, 681, 685, 689, 694, 698, 704, 709, 713, 717, 725, 731, 736, 745, 751, 753, 761, 768, 776, 786, 795, 805]
[0, 738, 733, 729, 724, 719, 715, 712, 709, 705, 703, 700, 699, 697, 693, 691, 690, 688, 686, 685, 684, 683, 682, 681, 682, 682, 683, 682, 659, 0, 553, 543, 539, 539, 541, 548, 0, 0, 703, 678, 706, 709, 712, 716, 721, 727, 733, 737, 743, 749, 755, 762, 769, 777, 785, 794, 801, 810, 820, 829, 838]
[0, 744, 738, 733, 729, 724, 720, 716, 714, 711, 708, 706, 703, 701, 699, 698, 697, 695, 694, 685, 691, 683, 690, 682, 682, 682, 682, 683, 683, 0, 551, 542, 539, 539, 542, 549, 0, 0, 0, 703, 706, 709, 713, 718, 723, 728, 733, 738, 745, 752, 758, 764, 771, 779, 786, 795, 804, 812, 822, 831, 840]
[0, 749, 743, 738, 733, 728, 724, 719, 714, 712, 710, 709, 707, 704, 702, 700, 697, 695, 695, 695, 694, 683, 693, 690, 690, 690, 692, 692, 692, 0, 548, 542, 539, 539, 542, 552, 0, 0, 0, 712, 716, 719, 724, 730, 735, 740, 745, 751, 757, 763, 770, 776, 783, 791, 800, 809, 817, 825, 833, 842, 854]
[0, 751, 745, 739, 735, 730, 725, 721, 716, 714, 712, 710, 707, 705, 703, 701, 699, 698, 697, 696, 694, 692, 691, 691, 690, 692, 692, 693, 693, 0, 550, 542, 539, 539, 542, 550, 0, 0, 0, 712, 716, 720, 724, 729, 734, 739, 745, 750, 756, 762, 768, 775, 781, 789, 799, 808, 816, 824, 833, 842, 854]
[0, 767, 762, 757, 752, 747, 742, 737, 734, 731, 728, 724, 722, 719, 717, 715, 714, 713, 712, 710, 710, 709, 708, 691, 691, 692, 692, 693, 693, 0, 553, 543, 539, 539, 541, 547, 0, 0, 711, 714, 716, 718, 722, 727, 732, 737, 742, 748, 754, 761, 767, 773, 780, 787, 796, 805, 813, 821, 829, 839, 850]
[0, 778, 772, 766, 762, 747, 758, 754, 750, 747, 743, 740, 738, 735, 733, 731, 729, 727, 726, 724, 723, 722, 722, 708, 708, 708, 708, 709, 693, 0, 552, 542, 538, 538, 541, 547, 0, 0, 725, 728, 732, 737, 742, 746, 751, 756, 761, 767, 772, 779, 786, 792, 800, 809, 816, 825, 832, 840, 850, 861, 871]
[0, 778, 772, 766, 762, 747, 758, 754, 750, 747, 743, 740, 738, 735, 732, 731, 729, 727, 725, 724, 723, 722, 722, 722, 722, 721, 722, 722, 693, 0, 551, 542, 538, 537, 541, 547, 0, 741, 744, 749, 732, 753, 758, 762, 766, 771, 778, 784, 790, 796, 803, 811, 819, 826, 834, 841, 850, 861, 870, 878, 888]
[0, 781, 775, 769, 765, 761, 756, 752, 748, 745, 742, 739, 737, 734, 732, 730, 728, 726, 724, 723, 723, 723, 722, 722, 721, 721, 721, 722, 693, 0, 550, 541, 538, 538, 541, 547, 0, 0, 740, 744, 749, 753, 758, 763, 767, 772, 778, 784, 790, 798, 805, 812, 819, 827, 836, 845, 853, 862, 872, 880, 890]
[0, 781, 784, 778, 772, 768, 763, 760, 757, 753, 750, 748, 744, 742, 739, 737, 735, 734, 732, 731, 730, 729, 722, 723, 723, 723, 722, 721, 722, 0, 0, 545, 539, 537, 539, 543, 0, 736, 743, 748, 752, 756, 761, 765, 769, 775, 781, 788, 794, 800, 808, 815, 823, 831, 839, 848, 858, 868, 876, 885, 890]
[0, 781, 792, 785, 780, 775, 770, 767, 764, 761, 759, 756, 753, 750, 746, 744, 743, 742, 740, 738, 738, 737, 729, 729, 729, 729, 730, 721, 730, 0, 547, 540, 538, 539, 542, 550, 0, 0, 749, 753, 758, 763, 766, 771, 776, 782, 788, 795, 801, 807, 814, 822, 829, 836, 845, 856, 865, 873, 881, 890, 902]
[0, 799, 793, 787, 781, 776, 771, 768, 765, 761, 759, 756, 753, 750, 747, 745, 743, 743, 741, 738, 738, 738, 737, 736, 736, 736, 736, 737, 730, 0, 548, 540, 537, 536, 540, 549, 0, 0, 757, 761, 766, 770, 774, 779, 785, 790, 797, 803, 808, 815, 823, 830, 836, 844, 855, 865, 873, 881, 889, 900, 912]
[0, 799, 813, 807, 802, 797, 792, 789, 784, 781, 778, 775, 772, 769, 767, 765, 763, 762, 762, 762, 761, 760, 737, 736, 736, 736, 737, 738, 738, 0, 546, 539, 536, 537, 540, 541, 550, 0, 760, 764, 767, 771, 777, 781, 785, 793, 800, 805, 812, 819, 826, 832, 840, 848, 858, 867, 876, 884, 892, 903, 915]
[0, 826, 820, 813, 808, 802, 799, 796, 792, 788, 784, 781, 780, 778, 767, 775, 773, 762, 771, 769, 768, 767, 766, 757, 757, 736, 758, 758, 759, 0, 546, 538, 536, 537, 541, 549, 550, 0, 779, 783, 788, 793, 799, 804, 809, 814, 820, 827, 832, 838, 846, 855, 863, 871, 878, 887, 897, 906, 916, 928, 939]
[0, 826, 839, 832, 828, 823, 819, 814, 811, 808, 804, 801, 799, 796, 793, 791, 789, 788, 786, 786, 785, 784, 766, 765, 765, 765, 766, 766, 768, 0, 0, 541, 536, 536, 537, 543, 0, 787, 790, 794, 798, 805, 810, 814, 820, 826, 831, 838, 844, 853, 861, 867, 874, 881, 878, 890, 899, 910, 921, 931, 940]
[0, 842, 835, 831, 826, 822, 817, 813, 810, 808, 804, 801, 798, 795, 793, 791, 791, 789, 788, 788, 787, 785, 783, 783, 783, 783, 783, 766, 785, 0, 545, 538, 536, 537, 540, 543, 548, 0, 808, 812, 816, 821, 826, 830, 835, 841, 848, 856, 863, 869, 877, 884, 890, 898, 908, 918, 927, 938, 948, 957, 970]
[0, 859, 852, 845, 839, 835, 831, 827, 825, 808, 823, 819, 816, 813, 812, 810, 808, 807, 806, 804, 803, 803, 803, 783, 783, 783, 784, 784, 786, 0, 0, 541, 536, 535, 537, 543, 548, 0, 810, 813, 817, 822, 827, 832, 837, 843, 850, 858, 865, 871, 878, 886, 893, 901, 911, 921, 931, 940, 951, 962, 975]
[0, 863, 856, 850, 844, 838, 835, 831, 827, 824, 823, 820, 816, 815, 813, 811, 808, 809, 807, 806, 806, 805, 804, 802, 802, 802, 803, 804, 786, 0, 550, 539, 535, 535, 537, 543, 0, 826, 831, 834, 838, 842, 849, 856, 862, 868, 850, 873, 879, 886, 902, 886, 911, 920, 929, 937, 945, 955, 967, 980, 992]
[0, 865, 859, 852, 845, 840, 837, 832, 829, 826, 824, 821, 817, 815, 813, 811, 809, 808, 807, 805, 805, 805, 804, 803, 803, 803, 804, 804, 805, 0, 0, 541, 536, 535, 536, 543, 0, 0, 830, 833, 837, 842, 847, 853, 860, 866, 872, 878, 883, 890, 899, 907, 917, 927, 935, 944, 953, 963, 977, 990, 1001]
[0, 881, 876, 871, 867, 863, 837, 859, 855, 851, 847, 843, 840, 838, 836, 834, 832, 831, 830, 828, 828, 828, 804, 803, 803, 804, 804, 805, 805, 0, 0, 544, 538, 535, 539, 543, 548, 0, 828, 832, 836, 841, 847, 852, 858, 865, 871, 876, 883, 889, 897, 907, 915, 924, 933, 941, 950, 962, 974, 987, 999]
[0, 887, 881, 875, 871, 868, 864, 859, 857, 851, 853, 849, 846, 843, 840, 839, 838, 835, 834, 833, 833, 833, 833, 826, 827, 828, 829, 829, 805, 0, 545, 537, 534, 535, 538, 544, 0, 854, 860, 865, 836, 869, 873, 878, 883, 889, 894, 901, 909, 916, 923, 932, 941, 950, 958, 968, 980, 992, 1003, 1014, 1026]
[0, 891, 886, 881, 876, 872, 868, 864, 861, 856, 852, 851, 848, 844, 841, 840, 840, 837, 834, 835, 835, 834, 834, 832, 831, 831, 832, 832, 805, 0, 547, 538, 534, 535, 538, 543, 0, 860, 863, 867, 872, 877, 0, 882, 893, 889, 898, 905, 913, 920, 928, 936, 945, 953, 963, 974, 986, 997, 1005, 1016, 1032]
[0, 891, 887, 882, 877, 873, 870, 866, 862, 859, 855, 852, 848, 845, 842, 840, 839, 837, 836, 835, 834, 834, 834, 834, 834, 834, 834, 836, 838, 0, 0, 540, 535, 534, 535, 543, 0, 0, 867, 870, 874, 879, 883, 889, 894, 899, 906, 913, 921, 930, 937, 945, 954, 964, 974, 986, 996, 1006, 1018, 1031, 1044]
[0, 902, 896, 890, 884, 880, 877, 866, 871, 859, 868, 865, 862, 859, 857, 855, 853, 851, 849, 847, 848, 847, 847, 834, 834, 834, 835, 836, 838, 0, 0, 542, 536, 535, 539, 543, 548, 0, 864, 869, 872, 877, 882, 886, 892, 898, 904, 911, 919, 927, 935, 943, 952, 962, 972, 983, 994, 1004, 1015, 1026, 1039]
[0, 902, 900, 895, 889, 884, 880, 877, 873, 870, 868, 865, 863, 860, 857, 855, 853, 852, 851, 849, 848, 848, 847, 847, 847, 847, 848, 849, 838, 0, 547, 538, 534, 534, 537, 543, 548, 0, 878, 883, 888, 892, 897, 903, 909, 916, 923, 929, 936, 944, 952, 961, 952, 983, 993, 1001, 1013, 1004, 1037, 1049, 1039]
[0, 950, 944, 940, 935, 930, 925, 877, 921, 918, 915, 912, 908, 905, 904, 902, 900, 898, 897, 896, 895, 896, 896, 849, 848, 848, 849, 850, 838, 0, 545, 537, 534, 534, 536, 544, 0, 876, 878, 879, 884, 888, 893, 898, 904, 911, 919, 925, 932, 939, 946, 954, 963, 974, 985, 994, 1003, 1015, 1027, 1039, 1052]
[0, 964, 957, 951, 946, 942, 938, 934, 930, 926, 922, 920, 917, 914, 912, 911, 909, 908, 907, 906, 906, 905, 896, 896, 896, 897, 898, 900, 838, 0, 545, 537, 533, 532, 536, 542, 0, 0, 935, 940, 945, 951, 957, 963, 970, 978, 987, 995, 1002, 1010, 1020, 1030, 1041, 1052, 1064, 1074, 1087, 1101, 1117, 1133, 1148]
[0, 976, 957, 967, 960, 955, 951, 948, 945, 941, 937, 934, 932, 929, 927, 925, 924, 923, 921, 921, 921, 921, 905, 906, 906, 907, 908, 910, 838, 0, 0, 534, 533, 532, 533, 537, 0, 0, 939, 943, 948, 953, 957, 964, 973, 981, 987, 994, 1000, 1008, 1018, 1027, 1036, 1046, 1057, 1069, 1081, 1093, 1106, 1121, 1138]
[0, 980, 971, 964, 958, 953, 950, 947, 943, 939, 936, 933, 931, 928, 926, 925, 923, 922, 921, 921, 920, 921, 922, 922, 921, 921, 922, 925, 838, 0, 543, 535, 533, 532, 536, 544, 0, 0, 956, 960, 966, 973, 980, 988, 995, 1000, 1007, 1014, 1024, 1033, 1018, 1053, 1062, 1046, 1072, 1083, 1096, 1110, 1123, 1138, 1154]
[0, 979, 970, 963, 957, 953, 949, 945, 942, 940, 937, 933, 931, 928, 927, 926, 924, 922, 923, 922, 921, 921, 921, 921, 921, 922, 923, 925, 925, 0, 0, 540, 534, 532, 533, 537, 549, 0, 952, 958, 963, 969, 977, 983, 989, 996, 1002, 1010, 1019, 1028, 1037, 1046, 1055, 1066, 1076, 1087, 1100, 1114, 1130, 1145, 1159]
[0, 975, 968, 961, 957, 955, 951, 948, 945, 941, 938, 935, 932, 929, 926, 925, 924, 923, 921, 921, 920, 921, 921, 921, 922, 922, 923, 925, 925, 0, 0, 537, 533, 532, 534, 540, 549, 0, 954, 959, 964, 970, 978, 985, 992, 998, 1004, 1012, 1021, 1029, 1038, 1048, 1059, 1069, 1081, 1092, 1104, 1118, 1133, 1149, 1163]
[0, 1031, 968, 1025, 1018, 1013, 1007, 1001, 998, 997, 994, 991, 988, 985, 982, 981, 979, 977, 976, 975, 975, 976, 921, 921, 921, 921, 922, 924, 925, 0, 543, 536, 533, 532, 536, 544, 549, 0, 955, 960, 966, 972, 980, 988, 994, 1000, 1006, 1014, 1023, 1032, 1038, 1041, 1052, 1062, 1083, 1096, 1104, 1109, 1123, 1138, 1154]
[0, 1047, 1039, 1033, 1026, 1020, 1016, 1011, 1007, 1004, 1002, 999, 997, 995, 992, 991, 990, 990, 990, 975, 989, 989, 990, 977, 978, 978, 979, 979, 925, 0, 541, 536, 532, 532, 532, 536, 545, 0, 1014, 1021, 1026, 1032, 1040, 1047, 1054, 1062, 1006, 1079, 1023, 1088, 1097, 1108, 1120, 1132, 1144, 1158, 1170, 1183, 1196, 1209, 1225]
[0, 1069, 1063, 1057, 1048, 1042, 1039, 1011, 1034, 1029, 1027, 1023, 1021, 1018, 1016, 1014, 1013, 1013, 1013, 1012, 1012, 1012, 990, 990, 990, 990, 991, 992, 925, 0, 547, 537, 533, 532, 534, 539, 545, 0, 1025, 1031, 1037, 1043, 1051, 1059, 1064, 1071, 1080, 1088, 1097, 1108, 1117, 1129, 1142, 1155, 1167, 1180, 1192, 1206, 1220, 1236, 1254]
[0, 1078, 1072, 1064, 1056, 1051, 1046, 1041, 1037, 1034, 1031, 1027, 1025, 1023, 1021, 1019, 1018, 1017, 1017, 1012, 1017, 1018, 1013, 1014, 1015, 1016, 1016, 1017, 925, 0, 547, 534, 531, 532, 531, 544, 545, 0, 1059, 1064, 1070, 1077, 1084, 1091, 1064, 1100, 1109, 1117, 1126, 1138, 1149, 1159, 1170, 1182, 1193, 1206, 1220, 1235, 1249, 1265, 1284]
[0, 1106, 1098, 1091, 1084, 1078, 1075, 1069, 1063, 1061, 1058, 1054, 1051, 1049, 1048, 1045, 1042, 1042, 1043, 1042, 1042, 1043, 1013, 1018, 1019, 1019, 1021, 1021, 925, 0, 546, 536, 532, 532, 533, 539, 545, 0, 1059, 1065, 1071, 1077, 1083, 1090, 1098, 1106, 1115, 1124, 1133, 1145, 1156, 1167, 1178, 1189, 1202, 1217, 1230, 1244, 1260, 1276, 1294]
[0, 1103, 1096, 1089, 1083, 1078, 1073, 1068, 1064, 1061, 1058, 1055, 1052, 1049, 1048, 1048, 1045, 1044, 1043, 1043, 1043, 1042, 1044, 1043, 1044, 1046, 1047, 1047, 925, 0, 0, 537, 532, 531, 533, 539, 545, 0, 1091, 1091, 1098, 1105, 1113, 1120, 1127, 1135, 1144, 1154, 1164, 1173, 1184, 1195, 1207, 1221, 1235, 1248, 1261, 1277, 1294, 1309, 1326]
[0, 1112, 1106, 1097, 1090, 1085, 1080, 1076, 1071, 1066, 1063, 1061, 1058, 1057, 1055, 1053, 1052, 1050, 1049, 1049, 1048, 1049, 1043, 1044, 1044, 1046, 1046, 1048, 925, 0, 542, 535, 531, 531, 535, 539, 542, 0, 1089, 1095, 1102, 1108, 1117, 1125, 1133, 1140, 1150, 1160, 1168, 1178, 1191, 1203, 1213, 1227, 1243, 1254, 1261, 1286, 1294, 1303, 1326]
[0, 1107, 1099, 1097, 1092, 1086, 1081, 1077, 1073, 1068, 1063, 1061, 1058, 1055, 1055, 1053, 1051, 1050, 1050, 1049, 1048, 1050, 1051, 1051, 1054, 1055, 1055, 1057, 925, 0, 0, 537, 532, 531, 533, 539, 542, 0, 1097, 1098, 1104, 1111, 1119, 1127, 1137, 1145, 1153, 1162, 1170, 1179, 1190, 1203, 1217, 1230, 1242, 1256, 1271, 1286, 1303, 1303, 1328]
[0, 1107, 1099, 1098, 1091, 1086, 1081, 1077, 1073, 1068, 1063, 1060, 1058, 1055, 1055, 1053, 1051, 1050, 1050, 1049, 1048, 1050, 1051, 1052, 1053, 1053, 1055, 1057, 925, 0, 0, 538, 532, 531, 532, 536, 546, 0, 0, 1095, 1101, 1110, 1119, 1126, 1133, 1141, 1150, 1157, 1168, 1179, 1190, 1202, 1214, 1228, 1242, 1255, 1269, 1284, 1301, 1303, 1326]
[0, 1176, 1099, 1168, 1162, 1156, 1151, 1144, 1138, 1134, 1131, 1127, 1122, 1121, 1120, 1119, 1119, 1118, 1118, 1117, 1117, 1118, 1051, 1052, 1053, 1053, 1055, 1056, 925, 0, 0, 539, 534, 531, 532, 536, 546, 0, 0, 1095, 1101, 1110, 1119, 1126, 1133, 1141, 1150, 1158, 1168, 1179, 1190, 1202, 1216, 1229, 1242, 1255, 1269, 1285, 1301, 1303, 1327]
[0, 1179, 1171, 1165, 1159, 1154, 1147, 1141, 1136, 1133, 1130, 1127, 1124, 1121, 1120, 1120, 1120, 1118, 1118, 1117, 1117, 1117, 1119, 1122, 1124, 1125, 1127, 1130, 925, 0, 0, 538, 532, 531, 532, 536, 546, 0, 0, 1173, 1180, 1188, 1195, 1205, 1214, 1224, 1235, 1242, 1253, 1268, 1280, 1292, 1305, 1322, 1339, 1353, 1370, 1386, 1404, 1303, 1327]
[0, 1214, 1206, 1199, 1193, 1186, 1180, 1177, 1173, 1170, 1167, 1165, 1163, 1161, 1159, 1159, 1120, 1159, 1158, 1158, 1157, 1159, 1117, 1119, 1122, 1125, 1126, 1129, 925, 0, 542, 538, 530, 531, 534, 542, 546, 0, 1170, 1177, 1184, 1191, 1199, 1208, 1219, 1228, 1238, 1249, 1262, 1275, 1280, 1285, 1302, 1318, 1331, 1346, 1362, 1381, 1397, 1416, 1327]
[0, 1210, 1204, 1197, 1189, 1186, 1182, 1179, 1175, 1172, 1168, 1165, 1163, 1160, 1160, 1159, 1158, 1158, 1159, 1160, 1157, 1158, 1160, 1161, 1161, 1161, 1162, 1165, 925, 0, 542, 541, 531, 531, 534, 534, 542, 0, 1218, 1231, 1244, 1257, 1258, 1258, 1266, 1274, 1283, 1296, 1310, 1275, 1322, 1337, 1350, 1363, 1376, 1390, 1407, 1427, 1449, 1471, 1490]
[0, 1217, 1209, 1202, 1195, 1188, 1184, 1178, 1174, 1171, 1169, 1166, 1163, 1161, 1159, 1157, 1158, 1157, 1158, 1158, 1158, 1159, 1160, 1161, 1161, 1162, 1163, 1165, 925, 0, 0, 538, 532, 530, 532, 537, 548, 0, 1218, 1221, 1230, 1241, 1252, 1259, 1262, 1267, 1276, 1286, 1302, 1316, 1328, 1341, 1352, 1365, 1379, 1395, 1414, 1434, 1455, 1475, 1493]
[0, 1236, 1228, 1219, 1212, 1204, 1200, 1196, 1191, 1186, 1183, 1179, 1176, 1174, 1174, 1173, 1173, 1172, 1172, 1171, 1171, 1172, 1160, 1160, 1161, 1162, 1164, 1165, 925, 0, 0, 536, 532, 531, 533, 538, 548, 0, 0, 1225, 1235, 1245, 1254, 1260, 1263, 1268, 1278, 1288, 1302, 1317, 1331, 1345, 1356, 1369, 1385, 1402, 1418, 1434, 0, 1481, 1499]
[0, 1232, 1226, 1218, 1209, 1202, 1197, 1193, 1188, 1184, 1181, 1179, 1177, 1174, 1174, 1173, 1172, 1171, 1171, 1171, 1172, 1173, 1160, 1173, 1174, 1175, 1176, 1178, 925, 0, 544, 535, 531, 530, 532, 539, 548, 0, 1233, 1246, 1251, 1255, 1263, 1272, 1283, 1293, 1301, 1314, 1328, 1341, 1350, 1361, 1377, 1391, 1406, 1424, 1446, 1467, 1486, 1504, 1515]
[0, 1277, 1269, 1261, 1255, 1250, 1245, 1240, 1235, 1231, 1227, 1223, 1220, 1218, 1217, 1216, 1220, 1219, 1218, 1224, 1230, 1226, 1174, 1175, 1175, 1178, 1178, 1179, 925, 0, 544, 533, 531, 531, 531, 535, 543, 0, 1240, 1250, 1257, 1261, 1268, 1279, 1285, 1294, 1301, 1306, 1318, 1334, 1346, 1354, 1367, 1382, 1397, 1414, 1432, 1454, 1475, 1492, 1505]
[0, 1300, 1293, 1284, 1279, 1274, 1267, 1261, 1258, 1255, 1227, 1251, 1250, 1249, 1246, 1247, 1250, 1250, 1249, 1248, 1244, 1242, 1225, 1224, 1221, 1229, 1178, 1233, 925, 0, 546, 535, 531, 531, 533, 538, 543, 0, 0, 1282, 1288, 1296, 1306, 1315, 1325, 1337, 1348, 1358, 1368, 1376, 1383, 1393, 1404, 1414, 1428, 1441, 1452, 1468, 1483, 1496, 1510]
[0, 1357, 1349, 1342, 1279, 1331, 1323, 1320, 1315, 1309, 1307, 1307, 1305, 1300, 1296, 1247, 1296, 1296, 1296, 1294, 1295, 1298, 1243, 1246, 1247, 1250, 1254, 1262, 925, 0, 0, 540, 533, 531, 531, 535, 544, 0, 1305, 1312, 1319, 1324, 1329, 1335, 1341, 1346, 1353, 1362, 1371, 1379, 1383, 1389, 1398, 1407, 1417, 1429, 1444, 1458, 1475, 1491, 1504]
[0, 1366, 1359, 1352, 1345, 1339, 1323, 1320, 1329, 1321, 1316, 1312, 1311, 1308, 1303, 1300, 1301, 1300, 1300, 1301, 1302, 1299, 1297, 1294, 1294, 1296, 1294, 1291, 925, 0, 0, 540, 533, 531, 531, 535, 544, 0, 1309, 1312, 1315, 1319, 1324, 1329, 1335, 1343, 1349, 1359, 1369, 1377, 1388, 1389, 1398, 1406, 1415, 1428, 1443, 1457, 1473, 1487, 1499]
[0, 1394, 1385, 0, 1377, 1373, 1367, 1364, 1360, 1354, 1347, 1342, 1339, 1337, 1334, 1329, 1327, 1325, 1313, 1304, 1304, 1305, 1299, 1299, 1297, 1297, 1292, 1289, 925, 0, 0, 538, 532, 530, 532, 536, 547, 0, 1307, 1311, 1316, 1321, 1325, 0, 1332, 1340, 1346, 1352, 1359, 1369, 1378, 1386, 1396, 1407, 1418, 1430, 1444, 1458, 1474, 1488, 1500]
[0, 1394, 1417, 1409, 1401, 1395, 1390, 1383, 1378, 1373, 1366, 1360, 1354, 1346, 1337, 1330, 1323, 1317, 1313, 1310, 1306, 1301, 1302, 1298, 1296, 1292, 1289, 1290, 925, 0, 0, 537, 532, 530, 532, 536, 547, 0, 1307, 1311, 1311, 1315, 1319, 1324, 1331, 1339, 1347, 1355, 1361, 1368, 1378, 1387, 1397, 1407, 1419, 1432, 1444, 1457, 1474, 1490, 1500]
[0, 1448, 1428, 1421, 1413, 1404, 0, 1396, 1390, 1384, 1373, 1362, 1353, 1346, 1340, 1332, 1325, 1321, 1316, 1308, 1304, 1302, 1298, 1297, 1294, 1291, 1291, 1289, 925, 0, 0, 537, 532, 531, 533, 538, 547, 0, 0, 1308, 1311, 1314, 1319, 1325, 1333, 1341, 1345, 1352, 1362, 1370, 1379, 1388, 1397, 1406, 1419, 1431, 1444, 1458, 1474, 1490, 1501]
[0, 1448, 1446, 1421, 1412, 1404, 1396, 1390, 1383, 1373, 1362, 1355, 1353, 1348, 1340, 1333, 1325, 1319, 1316, 1312, 1306, 1300, 1300, 1298, 1296, 1293, 1290, 1289, 925, 0, 0, 538, 532, 531, 532, 538, 547, 0, 1304, 1311, 1315, 1318, 0, 1324, 1329, 1336, 1345, 1351, 1359, 1369, 1377, 1386, 1396, 1406, 1417, 1429, 1443, 1457, 1473, 1489, 1502]
[0, 1448, 1446, 1444, 1421, 1412, 1404, 1397, 1391, 1378, 1366, 1360, 1353, 1345, 1337, 1331, 1323, 1317, 1314, 1310, 1306, 1301, 1297, 1294, 1294, 1292, 1291, 1290, 925, 0, 0, 540, 533, 532, 532, 535, 544, 0, 1305, 1311, 1314, 1316, 1322, 1329, 1335, 1342, 1349, 1358, 1359, 1369, 1377, 1385, 1394, 1405, 1415, 1428, 1442, 1455, 1472, 1486, 1498]
[0, 1448, 1452, 1429, 1418, 1407, 1401, 1396, 1383, 1371, 1363, 1354, 1347, 1340, 1337, 1333, 1327, 1322, 1316, 1311, 1308, 1303, 1298, 1296, 1294, 1291, 1290, 1289, 925, 0, 0, 537, 532, 531, 533, 538, 544, 0, 0, 1308, 1311, 1314, 1319, 1324, 1332, 1340, 1345, 1352, 1362, 1370, 1378, 1387, 1397, 1406, 1418, 1430, 1444, 1460, 1476, 1490, 1503]
[0, 1467, 1453, 1439, 1425, 1411, 1401, 1392, 1380, 1371, 1363, 1355, 1348, 1339, 1332, 1333, 1327, 1321, 1316, 1311, 1307, 1302, 1298, 1295, 1294, 1292, 1291, 1290, 925, 0, 540, 537, 533, 532, 532, 535, 544, 0, 1305, 1311, 1314, 1318, 1323, 1329, 1335, 1342, 1349, 1358, 1368, 1370, 1384, 1387, 1394, 1404, 1415, 1428, 1441, 1454, 1467, 1482, 1498]
[0, 1463, 1447, 1435, 1422, 1411, 1407, 1396, 1385, 1375, 1369, 1361, 1352, 1345, 1338, 1330, 1323, 1320, 1315, 1308, 1304, 1301, 1297, 1297, 1296, 1291, 1288, 1287, 925, 0, 540, 542, 534, 532, 532, 535, 544, 0, 1302, 1307, 1313, 1316, 1320, 1327, 1334, 1341, 1348, 1357, 1368, 1363, 1371, 1383, 1393, 1401, 1412, 1424, 1435, 1450, 1465, 1482, 1499]
[0, 1466, 1451, 1437, 1423, 1408, 1399, 1390, 1379, 1370, 1362, 1361, 1354, 1347, 1340, 1332, 1325, 1318, 1315, 1311, 1306, 1301, 1299, 1298, 1294, 1289, 1287, 1287, 925, 0, 0, 538, 532, 532, 534, 535, 544, 0, 1306, 1307, 1308, 1312, 1318, 1323, 1328, 1336, 1344, 1350, 1358, 1368, 1376, 1385, 1395, 1405, 1416, 1425, 1439, 1454, 1466, 1485, 1500]
[0, 1474, 1456, 1443, 1428, 1414, 1404, 1397, 1385, 1373, 1366, 1358, 1351, 1345, 1337, 1330, 1322, 1318, 1314, 1309, 1305, 1300, 1298, 1295, 1294, 1292, 1287, 1286, 925, 0, 0, 542, 534, 533, 533, 535, 545, 0, 1302, 1307, 1312, 1315, 1320, 1327, 1334, 1340, 1346, 1350, 1363, 1371, 1376, 1382, 1392, 1401, 1412, 1423, 1435, 1452, 1467, 1482, 1498]
[0, 1467, 1451, 1435, 1422, 1411, 1400, 1391, 1381, 1372, 1363, 1355, 1346, 1340, 1334, 1325, 1319, 1315, 1310, 1304, 1300, 1297, 1297, 1293, 1288, 1288, 1288, 1287, 925, 0, 0, 540, 534, 532, 535, 535, 545, 0, 1302, 1307, 1312, 1316, 1321, 1328, 1334, 1340, 1340, 1345, 1353, 1362, 1372, 1382, 1391, 1401, 1411, 1423, 1435, 1449, 1463, 1481, 1498]
[0, 1461, 1447, 1429, 1416, 1407, 1396, 1387, 1377, 1369, 1362, 1354, 1346, 1339, 1334, 1332, 1323, 1317, 1315, 1310, 1306, 1301, 1295, 1292, 1291, 1288, 1287, 1287, 925, 0, 0, 539, 533, 532, 536, 540, 545, 0, 0, 1302, 1307, 1311, 1317, 1320, 1324, 1331, 1341, 1347, 1351, 1361, 1372, 1384, 1394, 1401, 1412, 1425, 1436, 1450, 1464, 1480, 1497]
[0, 1466, 1451, 1435, 1423, 1411, 1400, 1391, 1381, 1371, 1363, 1355, 1347, 1340, 1333, 1326, 1320, 1315, 1311, 1306, 1300, 1297, 1297, 1293, 1289, 1288, 1288, 1288, 925, 0, 546, 537, 532, 532, 536, 544, 545, 0, 1299, 1304, 1309, 1313, 1316, 1322, 1328, 1336, 1344, 1349, 1354, 1365, 1377, 1384, 1393, 1405, 1417, 1429, 1442, 1452, 1465, 1485, 1499]
[0, 1466, 1451, 1439, 1425, 1411, 1400, 1391, 1381, 1371, 1363, 1355, 1347, 1340, 1333, 1326, 1319, 1315, 1312, 1306, 1303, 1300, 1295, 1294, 1292, 1288, 1286, 1286, 925, 0, 0, 540, 534, 533, 536, 540, 545, 0, 1300, 1305, 1309, 1316, 0, 1318, 1333, 1340, 1346, 1355, 1354, 1371, 1381, 1389, 1393, 1400, 1412, 1421, 1432, 1444, 1461, 1477, 1491]
[0, 1465, 1450, 1436, 1423, 1410, 1400, 1389, 1378, 1370, 1362, 1354, 1347, 1338, 1331, 1325, 1319, 1314, 1310, 1305, 1300, 1296, 1296, 1295, 1292, 1289, 1287, 1286, 925, 0, 0, 540, 535, 534, 535, 539, 0, 0, 1300, 1305, 1311, 1314, 1318, 1325, 1333, 1341, 1345, 1351, 1359, 1368, 1377, 1386, 1394, 1404, 1417, 1431, 1443, 1456, 1471, 1487, 1502]
[0, 1465, 1450, 1436, 1424, 1412, 1400, 1391, 1381, 1371, 1363, 1356, 1348, 1341, 1336, 1329, 1321, 1316, 1312, 1308, 1304, 1300, 1293, 1291, 1289, 1287, 1286, 1286, 925, 0, 0, 540, 535, 534, 536, 541, 0, 0, 1300, 1304, 1310, 1314, 1317, 1322, 1331, 1339, 1346, 1354, 1362, 1371, 1378, 1387, 1395, 1404, 1417, 1430, 1442, 1456, 1473, 1489, 1502]
[0, 1461, 1448, 1435, 1419, 1405, 1397, 1388, 1378, 1369, 1362, 1351, 1341, 1335, 1331, 1324, 1318, 1313, 1309, 1303, 1299, 1300, 1296, 1292, 1289, 1286, 1285, 1286, 925, 0, 0, 544, 537, 535, 536, 541, 0, 0, 1299, 1303, 1306, 1309, 1312, 1317, 1324, 1333, 1341, 1346, 1356, 1366, 1374, 1382, 1393, 1405, 1415, 1428, 1445, 1461, 1482, 1503, 1510]
[0, 1465, 1450, 1435, 1423, 1412, 1400, 1390, 1381, 1371, 1362, 1353, 1345, 1339, 1332, 1325, 1319, 1315, 1310, 1306, 1301, 1297, 1292, 1289, 1289, 1285, 1283, 1286, 1282, 0, 0, 543, 537, 536, 539, 545, 0, 0, 1306, 1313, 1316, 1319, 1325, 1330, 1339, 1347, 1351, 1357, 1368, 1379, 1388, 1397, 1412, 1423, 1431, 1443, 1453, 1465, 1478, 1496, 1508]
[0, 1465, 1450, 1435, 1423, 1411, 1399, 1389, 1380, 1371, 1362, 1352, 1345, 1338, 1330, 1324, 1319, 1315, 1310, 1305, 1300, 1297, 1295, 1293, 1289, 1287, 1286, 1284, 1282, 0, 0, 545, 537, 535, 538, 543, 0, 0, 1311, 1314, 1318, 1322, 1328, 1335, 1342, 1348, 1356, 1366, 1376, 1385, 1396, 1405, 1414, 1428, 1440, 1451, 1463, 1478, 1493, 1506, 1512]
[0, 1465, 1449, 1434, 1422, 1411, 1399, 1389, 1379, 1371, 1362, 1354, 1346, 1339, 1332, 1324, 1318, 1314, 1310, 1304, 1299, 1296, 1294, 1292, 1289, 1284, 1283, 1284, 1282, 0, 0, 546, 539, 537, 538, 543, 0, 1316, 1311, 1314, 1321, 1325, 1328, 1335, 1345, 1353, 1357, 1367, 1378, 1387, 1397, 1405, 1408, 1417, 1429, 1441, 1451, 1463, 1476, 1494, 1527]
[0, 1457, 1441, 1427, 1414, 1404, 1396, 1386, 1376, 1368, 1362, 1357, 1346, 1343, 1336, 1325, 1320, 1318, 1312, 1305, 1299, 1297, 1293, 1290, 1288, 1287, 1284, 1285, 1282, 0, 0, 544, 538, 536, 538, 545, 0, 0, 1313, 1315, 1316, 1319, 1325, 1330, 1336, 1344, 1352, 1358, 1368, 1380, 1389, 1400, 1413, 1421, 1431, 1443, 1453, 1466, 1480, 1496, 1504]
[0, 1457, 1442, 1428, 1416, 1405, 1395, 1383, 1374, 1368, 1357, 1357, 1347, 1335, 1336, 1325, 1319, 1316, 1311, 1307, 1302, 1297, 1294, 1291, 1289, 1288, 1287, 1286, 1287, 0, 0, 541, 537, 536, 540, 550, 0, 0, 1311, 1314, 1318, 1322, 1327, 1332, 1338, 1346, 1353, 1361, 1369, 1380, 1392, 1402, 1414, 1425, 1435, 1446, 1457, 1469, 1486, 1503, 1508]
[0, 1457, 1442, 1428, 1415, 1405, 1395, 1384, 1375, 1369, 1364, 1361, 1354, 1347, 1336, 1341, 1337, 1331, 1324, 1321, 1316, 1311, 1296, 1292, 1289, 1288, 1287, 1287, 1288, 0, 0, 542, 538, 536, 541, 550, 0, 0, 1311, 1315, 1319, 1322, 1327, 1334, 1341, 1347, 1353, 1361, 1371, 1381, 1392, 1402, 1414, 1424, 1435, 1447, 1456, 1469, 1486, 1501, 1505]
[0, 1466, 1452, 1436, 1424, 1414, 1404, 1397, 1390, 1381, 1375, 1372, 1360, 1351, 1347, 1339, 1332, 1328, 1325, 1319, 1316, 1312, 1308, 1307, 1307, 1306, 1302, 1299, 1299, 0, 0, 544, 539, 539, 541, 551, 0, 0, 1312, 1315, 1319, 1322, 1327, 1333, 1340, 1347, 1353, 1361, 1370, 1381, 1391, 1401, 1413, 1423, 1435, 1446, 1456, 1468, 1485, 1500, 1504]
[0, 1457, 1443, 1433, 1419, 1408, 1403, 1395, 1390, 1389, 1380, 1366, 1355, 1348, 1345, 1337, 1327, 1328, 1321, 1319, 1317, 1312, 1309, 1305, 1304, 1303, 1300, 1299, 1299, 0, 0, 0, 541, 538, 540, 544, 0, 1314, 1311, 1314, 1320, 1324, 1327, 1334, 1344, 1350, 1356, 1363, 1373, 1386, 1393, 1402, 1415, 1428, 1440, 1451, 1464, 1477, 1489, 1509, 1518]
[0, 1461, 1446, 1435, 1419, 1431, 1429, 1420, 1407, 1395, 1383, 1372, 1365, 1357, 1350, 1343, 1334, 1328, 1324, 1319, 1315, 1313, 1308, 1307, 1304, 1300, 1299, 1299, 1299, 0, 0, 545, 540, 539, 541, 552, 0, 0, 1311, 1314, 1318, 1322, 1326, 1331, 1338, 1347, 1353, 1358, 1366, 1379, 1391, 1401, 1413, 1423, 1434, 1446, 1457, 1470, 1485, 1502, 1509]
[0, 1479, 1464, 1450, 1440, 1430, 1417, 1406, 1398, 1390, 1379, 1372, 1355, 1357, 1348, 1341, 1338, 1332, 1325, 1322, 1316, 1310, 1310, 1305, 1303, 1301, 1300, 1299, 1300, 0, 0, 0, 543, 540, 540, 544, 0, 1314, 1311, 1314, 1320, 1324, 1327, 1334, 1344, 1350, 1355, 1363, 1373, 1385, 1396, 1405, 1414, 1423, 1440, 1451, 1463, 1476, 1485, 1489, 1513]
[0, 1484, 1470, 1457, 1446, 1434, 1424, 1413, 1402, 1393, 1382, 1372, 1363, 1355, 1347, 1341, 1334, 1328, 1324, 1318, 1314, 1311, 1307, 1305, 1302, 1301, 1302, 1298, 1297, 0, 0, 0, 542, 540, 542, 546, 0, 1311, 1307, 1313, 1317, 1321, 1326, 1332, 1337, 1349, 1358, 1362, 1374, 1386, 1393, 1402, 1416, 1426, 1437, 1449, 1462, 1476, 1489, 1493, 1500]
[0, 1484, 1469, 1457, 1445, 1433, 1424, 1412, 1401, 1392, 1382, 1369, 1360, 1354, 1348, 1341, 1333, 1326, 1322, 1317, 1313, 1310, 1308, 1307, 1303, 1300, 1299, 1299, 1297, 0, 0, 0, 544, 542, 544, 553, 0, 0, 1311, 1311, 1315, 1321, 1325, 1331, 1340, 1344, 1350, 1359, 1368, 1381, 1391, 1401, 1412, 1422, 1433, 1445, 1456, 1470, 1485, 1501, 1508]
[0, 1484, 1470, 1457, 1444, 1433, 1424, 1412, 1400, 1391, 1382, 1369, 1360, 1354, 1347, 1340, 1332, 1326, 1322, 1317, 1313, 1310, 1306, 1304, 1303, 1300, 1298, 1299, 1299, 0, 0, 0, 544, 543, 544, 0, 0, 0, 1310, 1311, 1300, 1305, 1324, 1328, 1337, 1347, 1353, 1358, 1367, 1381, 1391, 1401, 1412, 1422, 1433, 1445, 1456, 1469, 1485, 1501, 1507]
[0, 1485, 1469, 1456, 1444, 1433, 1424, 1412, 1401, 1392, 1382, 1372, 1362, 1354, 1347, 1340, 1332, 1327, 1324, 1317, 1313, 1309, 1306, 1304, 1303, 1302, 1301, 1298, 1302, 0, 0, 0, 545, 544, 547, 0, 0, 0, 1310, 1312, 1317, 1322, 1324, 1328, 1333, 1344, 1353, 1362, 1371, 1380, 1390, 1401, 1413, 1422, 1433, 1445, 1455, 1469, 1483, 1498, 1507]
