[0, 0, 0, 0, 0, 0, 0, 0, 0, 0, 0, 0, 0, 0, 0, 0, 0, 0, 0, 0, 0, 0, 0, 0, 0, 0, 0, 0, 0, 0, 0, 0, 0, 0, 0, 0, 0, 0, 0, 0, 0, 0, 0, 0, 0, 0, 0, 0, 0, 0, 0, 0, 0, 0, 0, 0, 0, 0, 0, 0, 0]
[0, 517, 513, 510, 506, 502, 499, 496, 493, 490, 488, 485, 484, 483, 481, 479, 479, 477, 475, 474, 473, 472, 471, 470, 470, 470, 470, 470, 470, 471, 470, 472, 473, 473, 474, 475, 476, 477, 479, 481, 483, 485, 486, 488, 491, 494, 496, 497, 504, 506, 508, 517, 519, 521, 525, 531, 535, 541, 548, 554, 560]
[0, 518, 514, 509, 506, 503, 500, 496, 494, 490, 486, 484, 483, 483, 480, 479, 478, 477, 476, 475, 474, 473, 472, 471, 469, 470, 470, 470, 470, 471, 471, 472, 473, 473, 474, 475, 476, 477, 478, 480, 482, 484, 485, 487, 490, 492, 495, 498, 501, 506, 510, 515, 520, 523, 528, 534, 538, 544, 550, 556, 562]
[0, 517, 513, 509, 506, 503, 500, 496, 494, 491, 488, 486, 483, 482, 481, 479, 478, 478, 476, 474, 474, 473, 472, 471, 470, 470, 471, 470, 470, 471, 471, 471, 472, 473, 474, 475, 476, 478, 480, 481, 482, 483, 485, 486, 492, 492, 495, 497, 500, 504, 509, 513, 518, 522, 527, 532, 537, 543, 548, 554, 561]
[0, 514, 513, 510, 506, 504, 500, 497, 494, 491, 488, 486, 484, 483, 481, 479, 478, 478, 476, 475, 472, 473, 471, 471, 470, 470, 470, 470, 470, 471, 471, 471, 472, 473, 474, 475, 476, 478, 480, 481, 482, 485, 486, 488, 492, 495, 497, 497, 500, 504, 508, 513, 517, 521, 525, 531, 536, 541, 548, 554, 560]
[0, 516, 513, 510, 506, 502, 499, 496, 493, 490, 488, 487, 485, 483, 481, 479, 478, 477, 476, 474, 473, 472, 471, 470, 470, 470, 470, 470, 470, 470, 470, 472, 473, 473, 474, 475, 476, 477, 479, 481, 483, 485, 486, 488, 491, 494, 497, 500, 504, 508, 508, 516, 520, 521, 525, 530, 536, 547, 553, 554, 559]
[0, 514, 513, 508, 506, 504, 500, 497, 494, 491, 488, 486, 484, 483, 481, 479, 477, 476, 475, 474, 473, 472, 471, 471, 469, 469, 469, 469, 470, 471, 471, 471, 472, 473, 473, 474, 475, 477, 478, 480, 482, 484, 485, 487, 489, 492, 496, 499, 502, 506, 510, 515, 519, 524, 529, 533, 538, 544, 551, 557, 562]
[0, 517, 513, 509, 506, 502, 499, 496, 493, 490, 487, 486, 485, 483, 482, 480, 479, 477, 475, 474, 473, 472, 471, 470, 469, 470, 470, 470, 470, 471, 470, 471, 472, 473, 474, 475, 476, 477, 479, 481, 483, 484, 486, 488, 491, 494, 497, 499, 504, 508, 512, 516, 519, 520, 530, 536, 538, 541, 546, 553, 559]
[0, 520, 517, 513, 510, 506, 502, 499, 497, 494, 492, 489, 487, 483, 485, 480, 481, 477, 480, 478, 477, 476, 475, 474, 470, 469, 469, 470, 470, 471, 471, 471, 471, 472, 473, 474, 475, 477, 478, 480, 482, 484, 485, 487, 489, 493, 496, 499, 502, 506, 510, 515, 520, 524, 529, 534, 539, 545, 551, 557, 563]
[0, 519, 517, 515, 511, 508, 505, 501, 498, 495, 493, 490, 488, 486, 485, 483, 482, 481, 480, 478, 477, 477, 476, 476, 474, 474, 474, 474, 474, 474, 475, 476, 471, 477, 478, 479, 481, 482, 478, 484, 488, 489, 485, 491, 494, 497, 499, 503, 506, 510, 514, 519, 523, 528, 533, 538, 543, 549, 556, 561, 568]
[0, 520, 516, 513, 509, 508, 506, 503, 499, 496, 494, 491, 488, 487, 486, 485, 483, 481, 479, 478, 478, 476, 476, 476, 475, 475, 474, 474, 474, 475, 476, 477, 477, 478, 479, 480, 482, 483, 484, 485, 487, 490, 492, 495, 494, 497, 503, 503, 510, 510, 514, 519, 523, 527, 533, 538, 543, 549, 555, 561, 568]
[0, 523, 518, 515, 512, 508, 505, 502, 499, 497, 495, 492, 488, 489, 486, 485, 485, 484, 482, 482, 481, 480, 478, 477, 475, 474, 474, 475, 476, 476, 476, 477, 478, 478, 479, 480, 481, 482, 484, 486, 487, 489, 492, 495, 496, 499, 503, 506, 510, 513, 518, 523, 527, 532, 537, 542, 548, 553, 560, 566, 573]
[0, 524, 520, 516, 512, 509, 506, 503, 499, 497, 495, 493, 490, 489, 487, 486, 484, 484, 481, 482, 479, 479, 479, 478, 478, 478, 478, 477, 477, 478, 478, 479, 480, 478, 481, 483, 481, 484, 486, 487, 490, 492, 494, 496, 498, 501, 504, 508, 512, 515, 519, 523, 528, 534, 538, 544, 549, 554, 561, 567, 574]
[0, 525, 521, 516, 512, 510, 508, 505, 502, 498, 496, 494, 492, 491, 487, 488, 486, 485, 484, 483, 482, 481, 481, 480, 477, 477, 477, 477, 477, 478, 479, 479, 479, 480, 481, 482, 483, 485, 487, 488, 490, 493, 496, 498, 498, 503, 507, 508, 510, 513, 518, 523, 527, 532, 537, 542, 548, 554, 559, 565, 572]
[0, 524, 520, 517, 513, 510, 506, 505, 504, 501, 498, 496, 494, 492, 490, 489, 487, 485, 484, 483, 482, 481, 480, 480, 479, 479, 480, 480, 480, 480, 481, 481, 482, 482, 481, 485, 483, 486, 489, 488, 492, 495, 498, 498, 501, 503, 506, 509, 513, 518, 522, 526, 531, 536, 540, 545, 551, 557, 562, 569, 577]
[0, 526, 522, 519, 515, 512, 508, 505, 502, 500, 497, 494, 493, 491, 490, 488, 486, 485, 484, 482, 481, 481, 480, 481, 479, 480, 480, 480, 480, 481, 481, 481, 482, 482, 483, 484, 486, 487, 488, 490, 492, 494, 496, 498, 501, 504, 507, 511, 515, 518, 523, 527, 532, 536, 542, 548, 553, 558, 564, 571, 579]
[0, 526, 521, 517, 514, 512, 508, 505, 502, 499, 497, 494, 492, 492, 491, 488, 488, 487, 485, 483, 482, 482, 481, 481, 480, 480, 480, 480, 480, 480, 481, 481, 482, 483, 484, 485, 485, 486, 488, 491, 493, 495, 497, 500, 503, 506, 507, 510, 513, 517, 524, 527, 529, 535, 540, 544, 550, 555, 561, 566, 574]
[0, 524, 521, 521, 516, 512, 510, 507, 503, 500, 498, 497, 495, 494, 492, 490, 488, 485, 485, 483, 482, 482, 482, 481, 480, 480, 480, 480, 481, 481, 481, 482, 482, 484, 485, 485, 487, 489, 488, 493, 493, 495, 497, 500, 502, 504, 508, 511, 514, 518, 522, 526, 531, 536, 542, 547, 552, 558, 564, 572, 580]
[0, 528, 525, 522, 517, 514, 511, 508, 506, 500, 503, 500, 498, 497, 496, 494, 492, 490, 488, 487, 486, 485, 485, 486, 481, 480, 481, 481, 480, 482, 483, 483, 483, 483, 484, 485, 487, 489, 491, 492, 494, 496, 499, 501, 504, 508, 508, 514, 518, 522, 522, 531, 531, 541, 546, 547, 556, 563, 564, 577, 584]
[0, 529, 525, 522, 519, 515, 512, 509, 506, 503, 501, 500, 498, 497, 496, 495, 493, 490, 489, 488, 487, 486, 485, 485, 485, 484, 484, 484, 485, 485, 486, 483, 486, 487, 489, 485, 490, 492, 494, 496, 498, 500, 502, 505, 507, 510, 513, 517, 521, 525, 530, 534, 539, 544, 549, 555, 560, 566, 572, 579, 586]
[0, 530, 525, 522, 519, 515, 512, 509, 506, 504, 502, 499, 497, 496, 495, 495, 493, 491, 489, 488, 487, 486, 485, 485, 485, 485, 484, 484, 485, 485, 486, 486, 487, 488, 489, 490, 492, 492, 495, 498, 498, 503, 504, 505, 507, 510, 514, 517, 520, 524, 528, 533, 538, 543, 548, 554, 558, 564, 571, 578, 585]
[0, 535, 530, 522, 527, 524, 517, 509, 514, 512, 509, 507, 505, 503, 502, 501, 499, 497, 496, 495, 493, 493, 493, 485, 485, 485, 484, 484, 485, 485, 486, 486, 487, 489, 490, 490, 493, 495, 496, 498, 500, 503, 503, 506, 510, 510, 519, 517, 521, 528, 528, 534, 539, 543, 548, 554, 559, 565, 571, 579, 586]
[0, 536, 533, 529, 525, 522, 518, 515, 512, 510, 508, 506, 505, 504, 502, 501, 500, 498, 496, 495, 494, 493, 492, 492, 491, 485, 491, 491, 491, 493, 486, 493, 494, 495, 496, 497, 499, 500, 502, 504, 505, 508, 511, 513, 516, 519, 522, 526, 530, 534, 538, 543, 549, 554, 558, 564, 570, 577, 584, 590, 597]
[0, 540, 536, 532, 528, 525, 523, 520, 516, 510, 512, 506, 509, 508, 507, 505, 503, 501, 499, 499, 498, 498, 497, 496, 491, 491, 491, 491, 492, 492, 493, 493, 495, 496, 496, 498, 500, 500, 501, 503, 505, 507, 509, 512, 514, 518, 521, 524, 529, 533, 537, 541, 547, 552, 557, 562, 568, 575, 581, 588, 595]
[0, 541, 537, 534, 530, 527, 523, 520, 517, 514, 512, 510, 509, 507, 505, 503, 503, 501, 499, 499, 498, 497, 497, 496, 496, 495, 496, 496, 496, 497, 497, 498, 499, 501, 502, 498, 503, 505, 501, 509, 505, 511, 513, 516, 519, 522, 526, 530, 533, 537, 542, 545, 550, 554, 559, 567, 573, 579, 586, 593, 599]
[0, 549, 545, 541, 537, 527, 534, 528, 517, 526, 523, 520, 518, 517, 515, 513, 512, 511, 510, 508, 507, 507, 507, 496, 496, 496, 496, 495, 496, 496, 497, 497, 498, 499, 500, 502, 504, 505, 507, 509, 510, 513, 516, 518, 521, 524, 528, 532, 536, 537, 545, 545, 550, 555, 561, 565, 571, 578, 585, 598, 599]
[0, 555, 551, 547, 543, 540, 534, 534, 517, 531, 528, 526, 524, 522, 521, 519, 517, 515, 515, 513, 511, 511, 512, 506, 506, 496, 506, 505, 505, 506, 497, 507, 508, 509, 510, 511, 512, 514, 516, 518, 520, 523, 525, 528, 531, 534, 538, 542, 545, 549, 553, 557, 563, 569, 575, 581, 587, 593, 600, 607, 613]
[0, 554, 551, 547, 543, 540, 534, 534, 517, 528, 528, 526, 523, 522, 520, 519, 517, 515, 515, 513, 511, 511, 511, 511, 510, 510, 510, 510, 510, 511, 511, 512, 508, 513, 515, 516, 517, 518, 520, 523, 524, 526, 529, 532, 536, 539, 542, 545, 550, 554, 558, 562, 567, 574, 580, 586, 593, 599, 605, 611, 618]
[0, 554, 550, 547, 543, 540, 537, 534, 534, 531, 528, 526, 524, 522, 520, 519, 517, 515, 514, 513, 511, 511, 511, 511, 510, 510, 510, 510, 510, 511, 511, 512, 513, 515, 516, 516, 517, 518, 521, 523, 524, 526, 529, 532, 536, 539, 542, 546, 550, 554, 558, 562, 567, 574, 580, 586, 593, 599, 605, 611, 618]
[0, 554, 550, 547, 543, 539, 537, 534, 534, 530, 527, 526, 524, 522, 520, 518, 517, 515, 514, 513, 512, 512, 512, 511, 510, 510, 510, 510, 510, 511, 511, 512, 513, 513, 515, 516, 517, 518, 520, 523, 524, 527, 529, 533, 536, 539, 542, 546, 550, 554, 558, 562, 568, 574, 580, 587, 593, 599, 605, 611, 619]
[0, 571, 550, 563, 543, 560, 557, 553, 551, 548, 0, 523, 518, 518, 520, 526, 531, 533, 533, 532, 531, 530, 512, 530, 510, 511, 510, 510, 511, 511, 512, 512, 513, 514, 515, 517, 518, 520, 522, 524, 526, 529, 532, 535, 538, 541, 545, 548, 552, 555, 560, 565, 571, 577, 584, 590, 596, 602, 609, 616, 624]
[0, 575, 570, 566, 563, 560, 556, 552, 550, 550, 0, 521, 518, 518, 520, 527, 533, 533, 531, 532, 531, 530, 530, 529, 529, 528, 529, 528, 528, 528, 529, 530, 531, 533, 533, 534, 536, 538, 540, 542, 544, 547, 550, 553, 556, 559, 562, 566, 571, 575, 580, 585, 591, 597, 602, 608, 615, 621, 628, 636, 644]
[0, 571, 568, 563, 560, 557, 555, 551, 550, 549, 0, 524, 519, 518, 518, 522, 530, 534, 533, 532, 531, 530, 530, 529, 529, 528, 528, 528, 528, 529, 529, 530, 531, 533, 534, 534, 536, 538, 540, 543, 545, 547, 550, 554, 557, 560, 563, 567, 571, 576, 580, 587, 593, 598, 605, 612, 615, 624, 631, 636, 646]
[0, 581, 576, 563, 572, 568, 566, 562, 559, 558, 0, 522, 518, 517, 519, 524, 534, 541, 540, 539, 539, 539, 538, 529, 528, 528, 529, 528, 529, 529, 529, 529, 530, 533, 534, 536, 536, 538, 540, 542, 544, 546, 549, 553, 556, 559, 562, 566, 570, 575, 580, 586, 592, 597, 603, 609, 616, 622, 629, 637, 644]
[0, 584, 580, 576, 572, 568, 564, 561, 559, 0, 530, 521, 518, 515, 520, 526, 536, 541, 540, 539, 539, 538, 538, 538, 537, 537, 536, 537, 537, 538, 529, 538, 539, 540, 542, 543, 544, 546, 548, 550, 552, 555, 558, 561, 564, 568, 571, 575, 581, 585, 590, 595, 601, 606, 612, 618, 625, 632, 640, 647, 654]
[0, 593, 589, 585, 581, 577, 573, 569, 566, 0, 528, 519, 513, 514, 519, 526, 536, 0, 548, 547, 547, 0, 546, 546, 537, 536, 536, 537, 537, 538, 538, 539, 539, 541, 543, 544, 545, 547, 549, 551, 554, 556, 559, 562, 565, 568, 572, 577, 582, 586, 591, 597, 601, 607, 614, 620, 627, 634, 642, 647, 649]
[0, 591, 589, 583, 581, 579, 576, 572, 568, 572, 0, 522, 517, 516, 518, 523, 534, 546, 550, 549, 549, 548, 548, 546, 545, 545, 545, 545, 545, 545, 546, 547, 548, 549, 551, 551, 553, 556, 558, 559, 562, 565, 568, 571, 575, 579, 582, 587, 591, 596, 601, 607, 612, 617, 624, 620, 639, 645, 642, 652, 659]
[0, 603, 600, 596, 592, 589, 584, 581, 578, 0, 0, 521, 515, 515, 515, 518, 534, 546, 0, 560, 559, 558, 558, 557, 547, 547, 547, 547, 545, 548, 549, 547, 550, 551, 552, 553, 556, 557, 559, 561, 563, 566, 568, 572, 576, 580, 585, 589, 593, 597, 602, 607, 612, 618, 625, 632, 639, 647, 654, 661, 669]
[0, 609, 605, 600, 596, 593, 589, 586, 583, 0, 524, 521, 516, 514, 515, 519, 534, 0, 563, 562, 559, 561, 0, 561, 557, 556, 557, 557, 557, 557, 557, 559, 560, 560, 562, 564, 565, 567, 569, 572, 575, 578, 582, 586, 589, 593, 597, 589, 600, 605, 610, 615, 620, 627, 634, 640, 647, 654, 661, 668, 675]
[0, 606, 602, 598, 594, 590, 589, 584, 583, 583, 0, 518, 515, 513, 515, 519, 534, 0, 0, 563, 562, 561, 561, 561, 560, 560, 559, 560, 561, 560, 560, 561, 563, 564, 565, 567, 569, 571, 573, 575, 578, 581, 585, 589, 592, 596, 599, 603, 607, 612, 618, 624, 630, 636, 643, 650, 657, 654, 672, 668, 680]
[0, 606, 605, 600, 596, 593, 589, 586, 583, 0, 524, 516, 513, 514, 515, 519, 534, 0, 563, 562, 562, 0, 561, 561, 561, 561, 561, 560, 560, 560, 561, 562, 564, 564, 565, 566, 570, 571, 574, 575, 577, 580, 583, 587, 590, 593, 597, 601, 604, 609, 615, 620, 626, 633, 639, 646, 653, 660, 668, 675, 682]
[0, 619, 614, 610, 607, 603, 600, 596, 593, 0, 524, 519, 515, 514, 514, 517, 534, 0, 574, 562, 573, 572, 571, 571, 560, 560, 560, 560, 561, 561, 562, 562, 563, 564, 565, 567, 569, 571, 573, 576, 579, 582, 585, 589, 592, 596, 599, 603, 607, 612, 617, 623, 630, 636, 643, 649, 656, 664, 671, 678, 687]
[0, 618, 614, 611, 607, 603, 599, 596, 593, 0, 0, 519, 514, 513, 513, 517, 534, 0, 0, 574, 573, 572, 571, 571, 570, 570, 571, 571, 571, 572, 572, 573, 575, 576, 578, 580, 581, 584, 586, 588, 591, 594, 597, 600, 603, 607, 612, 617, 607, 620, 625, 638, 630, 651, 643, 657, 664, 679, 671, 687, 696]
[0, 617, 613, 610, 606, 602, 598, 595, 593, 0, 0, 517, 513, 513, 514, 518, 534, 0, 0, 573, 573, 572, 572, 571, 570, 570, 570, 571, 572, 572, 572, 574, 575, 576, 578, 580, 582, 584, 586, 589, 592, 594, 597, 600, 601, 605, 609, 617, 622, 620, 628, 634, 639, 645, 651, 657, 664, 672, 680, 687, 696]
[0, 633, 628, 624, 620, 616, 598, 613, 610, 0, 525, 517, 512, 511, 513, 518, 534, 0, 0, 591, 590, 589, 588, 571, 570, 571, 571, 571, 572, 572, 573, 574, 575, 577, 578, 580, 582, 585, 587, 589, 592, 594, 597, 597, 605, 605, 613, 617, 617, 627, 628, 634, 640, 645, 651, 657, 664, 672, 680, 687, 696]
[0, 638, 628, 624, 623, 619, 615, 613, 610, 0, 520, 515, 511, 511, 510, 514, 520, 0, 0, 590, 589, 588, 588, 0, 587, 587, 587, 587, 588, 589, 590, 591, 592, 593, 594, 580, 596, 598, 600, 602, 605, 608, 611, 614, 618, 622, 627, 631, 636, 641, 647, 652, 658, 664, 671, 677, 685, 693, 701, 709, 717]
[0, 638, 628, 624, 623, 616, 615, 613, 610, 0, 522, 516, 511, 509, 513, 514, 520, 0, 0, 590, 589, 589, 588, 0, 587, 587, 587, 587, 588, 589, 589, 589, 591, 592, 594, 595, 597, 598, 601, 604, 607, 609, 612, 614, 618, 623, 627, 632, 637, 642, 648, 654, 660, 666, 672, 679, 687, 696, 705, 712, 720]
[0, 640, 635, 631, 627, 623, 615, 616, 610, 0, 522, 515, 511, 510, 513, 514, 520, 0, 0, 597, 596, 595, 594, 0, 587, 587, 587, 587, 588, 589, 590, 589, 591, 592, 593, 595, 597, 598, 600, 603, 606, 609, 611, 614, 618, 622, 627, 632, 637, 642, 647, 653, 660, 666, 672, 679, 687, 696, 705, 712, 719]
[0, 653, 648, 644, 639, 635, 631, 628, 630, 0, 0, 515, 511, 509, 511, 515, 524, 0, 607, 606, 606, 605, 604, 594, 593, 594, 594, 594, 594, 595, 597, 598, 591, 598, 599, 601, 604, 606, 611, 603, 613, 615, 619, 622, 626, 631, 636, 641, 646, 651, 657, 662, 668, 674, 681, 689, 697, 705, 713, 721, 729]
[0, 655, 648, 650, 645, 641, 638, 634, 631, 0, 520, 515, 508, 508, 511, 512, 520, 0, 0, 611, 610, 609, 609, 0, 604, 603, 603, 604, 604, 604, 606, 607, 609, 610, 611, 613, 615, 617, 619, 621, 625, 629, 619, 632, 636, 641, 645, 649, 654, 659, 665, 671, 677, 684, 691, 699, 706, 713, 720, 729, 740]
[0, 658, 653, 648, 645, 641, 637, 633, 630, 0, 0, 517, 511, 509, 510, 514, 522, 0, 609, 610, 610, 609, 609, 608, 604, 608, 608, 608, 608, 609, 610, 611, 612, 613, 614, 616, 618, 620, 623, 625, 628, 632, 636, 640, 644, 648, 651, 656, 662, 667, 673, 679, 686, 693, 700, 707, 715, 722, 731, 741, 750]
[0, 671, 666, 662, 658, 653, 649, 646, 630, 0, 523, 515, 511, 509, 510, 515, 523, 0, 622, 623, 622, 622, 620, 608, 608, 608, 607, 608, 608, 609, 610, 611, 612, 614, 615, 617, 619, 621, 624, 626, 630, 633, 637, 641, 645, 649, 653, 658, 662, 670, 675, 681, 686, 688, 702, 710, 715, 716, 724, 734, 743]
[0, 673, 668, 664, 659, 655, 651, 647, 645, 0, 523, 518, 511, 508, 508, 520, 523, 0, 0, 623, 622, 621, 620, 0, 619, 620, 620, 620, 620, 621, 622, 622, 624, 627, 629, 630, 633, 636, 639, 641, 644, 646, 650, 654, 658, 663, 667, 672, 678, 670, 683, 697, 703, 709, 702, 716, 723, 732, 752, 734, 762]
[0, 678, 672, 668, 664, 660, 656, 652, 650, 0, 0, 515, 510, 508, 508, 511, 520, 0, 0, 629, 628, 621, 627, 0, 620, 620, 620, 620, 620, 621, 621, 622, 625, 627, 628, 630, 632, 635, 638, 641, 644, 647, 649, 652, 657, 661, 666, 670, 675, 682, 688, 695, 702, 708, 715, 722, 730, 739, 748, 757, 765]
[0, 677, 672, 667, 664, 660, 655, 652, 650, 0, 523, 514, 510, 509, 509, 514, 524, 0, 629, 630, 629, 628, 628, 627, 620, 627, 627, 627, 627, 628, 629, 630, 631, 632, 635, 637, 638, 641, 644, 647, 649, 652, 655, 659, 663, 667, 673, 677, 682, 688, 695, 703, 709, 714, 721, 730, 737, 746, 755, 765, 775]
[0, 691, 685, 680, 676, 672, 667, 664, 662, 0, 0, 514, 510, 508, 508, 512, 522, 0, 0, 642, 629, 641, 641, 0, 627, 626, 626, 626, 626, 628, 629, 630, 631, 633, 635, 638, 640, 643, 646, 648, 651, 654, 657, 660, 665, 670, 673, 675, 679, 692, 695, 698, 711, 714, 717, 725, 733, 741, 750, 759, 769]
[0, 701, 695, 691, 686, 682, 678, 675, 662, 0, 519, 510, 506, 506, 508, 512, 522, 0, 653, 653, 652, 651, 651, 640, 640, 639, 639, 640, 640, 640, 642, 643, 644, 646, 647, 649, 651, 654, 656, 660, 663, 666, 669, 673, 677, 682, 687, 693, 699, 705, 710, 716, 723, 731, 738, 746, 755, 764, 773, 783, 793]
[0, 700, 695, 690, 686, 682, 678, 674, 662, 0, 518, 510, 505, 505, 508, 512, 522, 0, 653, 653, 651, 651, 651, 651, 650, 650, 651, 651, 651, 652, 653, 654, 655, 657, 660, 662, 665, 667, 670, 673, 676, 666, 682, 673, 686, 692, 696, 702, 707, 713, 718, 723, 731, 739, 747, 755, 763, 772, 781, 791, 801]
[0, 710, 705, 700, 695, 691, 687, 683, 662, 0, 520, 511, 507, 506, 507, 512, 521, 0, 653, 0, 660, 660, 659, 0, 650, 650, 650, 650, 650, 652, 653, 654, 655, 657, 660, 662, 664, 667, 669, 672, 676, 676, 679, 682, 686, 691, 696, 702, 707, 713, 718, 723, 731, 739, 747, 755, 763, 772, 781, 791, 801]
[0, 708, 704, 699, 694, 691, 687, 683, 682, 0, 516, 509, 507, 503, 507, 514, 521, 0, 662, 661, 660, 659, 659, 659, 659, 659, 659, 659, 659, 659, 660, 661, 663, 665, 667, 669, 671, 674, 677, 679, 682, 686, 691, 695, 700, 705, 709, 714, 720, 726, 731, 738, 746, 755, 763, 770, 780, 790, 798, 808, 801]
[0, 716, 712, 708, 704, 699, 695, 690, 691, 0, 0, 511, 507, 506, 506, 511, 520, 0, 0, 661, 666, 665, 0, 0, 659, 659, 659, 659, 660, 661, 662, 663, 665, 667, 668, 669, 673, 674, 678, 680, 684, 686, 688, 692, 697, 701, 707, 712, 716, 722, 727, 735, 743, 750, 758, 765, 773, 783, 794, 805, 814]
[0, 721, 717, 712, 708, 705, 702, 697, 691, 0, 519, 510, 506, 505, 508, 512, 520, 0, 0, 661, 672, 671, 671, 0, 665, 665, 664, 664, 665, 665, 667, 668, 669, 671, 673, 675, 677, 680, 682, 686, 690, 693, 696, 701, 705, 709, 714, 720, 726, 731, 737, 745, 752, 760, 768, 776, 786, 795, 805, 815, 825]
[0, 720, 715, 711, 706, 705, 703, 699, 696, 0, 519, 514, 504, 505, 504, 508, 515, 0, 674, 673, 672, 671, 671, 671, 671, 671, 672, 671, 671, 672, 673, 674, 675, 677, 679, 683, 685, 687, 690, 694, 698, 702, 705, 709, 712, 716, 722, 727, 733, 740, 747, 754, 762, 770, 777, 786, 796, 795, 806, 824, 834]
[0, 720, 740, 736, 731, 726, 721, 717, 714, 0, 0, 511, 506, 503, 504, 508, 515, 0, 695, 695, 694, 693, 692, 672, 671, 670, 671, 671, 672, 673, 674, 674, 676, 679, 681, 683, 686, 689, 690, 692, 695, 699, 703, 707, 711, 715, 719, 725, 731, 736, 742, 749, 757, 765, 772, 781, 790, 800, 810, 819, 829]
[0, 720, 740, 736, 731, 726, 722, 717, 714, 0, 0, 511, 506, 503, 504, 508, 515, 0, 695, 695, 694, 692, 692, 693, 693, 692, 692, 692, 693, 695, 696, 698, 700, 679, 704, 683, 708, 689, 711, 714, 716, 720, 725, 729, 733, 737, 743, 749, 755, 761, 768, 774, 782, 791, 800, 808, 818, 826, 834, 844, 855]
[0, 750, 745, 740, 736, 732, 728, 723, 714, 0, 515, 508, 505, 505, 506, 510, 520, 0, 695, 704, 703, 702, 701, 692, 692, 692, 692, 692, 693, 694, 696, 698, 700, 679, 702, 704, 706, 708, 711, 714, 716, 720, 724, 729, 733, 737, 742, 749, 755, 761, 768, 775, 782, 791, 799, 808, 818, 826, 834, 844, 855]
[0, 750, 748, 743, 739, 734, 731, 727, 722, 0, 0, 510, 505, 503, 504, 508, 515, 0, 703, 702, 701, 700, 700, 700, 700, 701, 701, 701, 701, 702, 704, 705, 706, 708, 711, 712, 714, 716, 719, 722, 726, 731, 735, 739, 743, 748, 754, 761, 767, 773, 781, 788, 795, 804, 813, 822, 830, 839, 850, 860, 870]
[0, 772, 767, 763, 759, 754, 750, 746, 722, 0, 515, 508, 504, 503, 504, 510, 521, 0, 722, 702, 721, 720, 720, 700, 700, 699, 700, 700, 701, 701, 703, 705, 706, 708, 710, 712, 713, 715, 719, 722, 724, 729, 734, 737, 741, 747, 753, 758, 764, 771, 778, 785, 794, 802, 810, 819, 827, 835, 846, 858, 867]
[0, 769, 767, 765, 761, 756, 751, 747, 748, 0, 0, 509, 504, 502, 504, 507, 515, 0, 722, 721, 721, 720, 719, 720, 720, 719, 719, 719, 720, 722, 724, 725, 726, 729, 731, 733, 735, 738, 741, 745, 750, 753, 757, 762, 767, 772, 777, 785, 792, 799, 806, 813, 821, 829, 836, 846, 857, 866, 875, 884, 895]
[0, 773, 767, 763, 759, 754, 750, 746, 748, 0, 516, 506, 503, 502, 505, 510, 520, 0, 722, 721, 721, 720, 0, 719, 719, 719, 721, 721, 720, 721, 722, 727, 726, 730, 731, 732, 734, 737, 740, 743, 748, 753, 756, 761, 766, 771, 776, 782, 789, 796, 803, 811, 819, 826, 834, 843, 853, 863, 872, 881, 892]
[0, 772, 767, 763, 760, 756, 750, 746, 748, 0, 515, 506, 503, 502, 504, 510, 520, 0, 723, 721, 721, 720, 0, 720, 720, 719, 719, 719, 720, 722, 723, 724, 727, 729, 731, 733, 736, 738, 741, 745, 748, 752, 757, 761, 766, 771, 777, 784, 791, 799, 806, 813, 821, 829, 836, 844, 855, 865, 874, 883, 895]
[0, 772, 767, 763, 760, 756, 750, 746, 748, 0, 515, 506, 503, 502, 504, 510, 520, 0, 723, 721, 721, 720, 0, 720, 720, 720, 719, 719, 720, 722, 724, 727, 729, 729, 731, 733, 736, 738, 741, 746, 751, 755, 757, 762, 767, 771, 778, 785, 792, 799, 806, 813, 822, 829, 836, 846, 857, 866, 875, 884, 895]
[0, 808, 803, 798, 794, 789, 784, 780, 748, 0, 515, 505, 502, 502, 503, 508, 517, 0, 756, 756, 755, 754, 0, 720, 720, 720, 719, 719, 720, 722, 724, 727, 729, 729, 8991, 733, 736, 738, 741, 746, 751, 755, 757, 762, 767, 771, 778, 785, 792, 799, 806, 813, 822, 829, 836, 846, 857, 866, 875, 884, 895]
[0, 805, 803, 799, 794, 790, 786, 781, 781, 0, 0, 508, 502, 501, 502, 505, 514, 0, 757, 755, 754, 754, 754, 754, 755, 755, 719, 756, 757, 722, 759, 761, 762, 764, 766, 768, 771, 773, 777, 781, 785, 789, 793, 799, 803, 809, 816, 823, 828, 835, 843, 851, 859, 867, 875, 883, 892, 902, 914, 926, 937]
[0, 818, 813, 809, 804, 799, 794, 789, 781, 0, 512, 505, 501, 500, 503, 509, 521, 0, 766, 765, 765, 764, 0, 754, 755, 754, 754, 755, 757, 759, 760, 761, 763, 765, 767, 769, 772, 775, 779, 783, 787, 791, 796, 802, 808, 814, 821, 827, 833, 838, 846, 856, 865, 873, 875, 881, 900, 902, 921, 933, 937]
[0, 815, 811, 806, 801, 799, 796, 791, 791, 0, 0, 507, 502, 501, 502, 505, 512, 0, 766, 765, 764, 764, 764, 765, 755, 765, 754, 765, 766, 768, 770, 770, 772, 774, 776, 778, 781, 785, 788, 791, 796, 801, 805, 810, 816, 822, 828, 833, 839, 847, 855, 863, 870, 878, 887, 896, 906, 917, 929, 939, 949]
[0, 836, 831, 827, 823, 818, 813, 810, 791, 0, 512, 504, 499, 499, 502, 507, 517, 0, 782, 781, 781, 781, 0, 764, 764, 765, 765, 766, 768, 769, 770, 771, 773, 775, 778, 781, 783, 786, 790, 793, 797, 802, 807, 813, 820, 826, 831, 836, 844, 853, 862, 868, 874, 882, 891, 902, 913, 924, 935, 945, 949]
[0, 850, 842, 836, 833, 829, 825, 820, 791, 0, 514, 505, 501, 499, 501, 506, 515, 0, 796, 794, 793, 793, 0, 781, 780, 781, 783, 785, 768, 785, 786, 788, 790, 795, 778, 798, 800, 804, 808, 811, 814, 818, 823, 829, 834, 839, 845, 853, 861, 868, 875, 881, 889, 897, 906, 917, 927, 938, 949, 960, 972]
[0, 845, 840, 834, 830, 828, 823, 818, 791, 0, 508, 505, 502, 499, 503, 506, 511, 0, 0, 794, 792, 791, 792, 0, 793, 794, 795, 796, 798, 798, 799, 801, 803, 807, 810, 811, 814, 818, 808, 825, 814, 828, 833, 837, 852, 859, 865, 853, 871, 877, 884, 892, 900, 910, 920, 930, 939, 949, 960, 971, 984]
[0, 848, 841, 835, 831, 828, 825, 819, 791, 0, 508, 502, 500, 501, 503, 502, 507, 0, 795, 794, 794, 793, 793, 0, 792, 793, 794, 796, 797, 798, 799, 800, 802, 806, 809, 811, 813, 816, 821, 825, 828, 832, 837, 843, 849, 856, 863, 869, 876, 883, 890, 899, 908, 917, 927, 937, 946, 957, 968, 981, 993]
[0, 870, 865, 859, 853, 849, 844, 839, 791, 0, 508, 500, 500, 499, 502, 507, 507, 0, 816, 815, 815, 814, 0, 0, 793, 793, 794, 795, 796, 797, 799, 800, 802, 805, 807, 810, 812, 816, 820, 824, 828, 830, 834, 840, 847, 854, 861, 868, 874, 880, 887, 895, 904, 914, 925, 934, 943, 954, 965, 977, 991]
[0, 873, 869, 865, 861, 856, 844, 851, 791, 0, 0, 506, 501, 498, 500, 505, 512, 0, 0, 824, 823, 823, 824, 0, 816, 817, 818, 818, 819, 819, 821, 823, 826, 828, 830, 833, 835, 839, 842, 846, 852, 858, 864, 869, 874, 880, 886, 893, 900, 909, 918, 928, 937, 945, 954, 965, 978, 991, 1001, 1012, 1024]
[0, 878, 873, 868, 863, 860, 855, 850, 791, 0, 514, 505, 500, 499, 500, 505, 513, 0, 825, 824, 823, 823, 0, 823, 823, 824, 825, 824, 825, 827, 828, 830, 832, 833, 836, 839, 842, 846, 850, 855, 860, 865, 870, 874, 879, 885, 892, 900, 908, 916, 924, 933, 941, 950, 960, 972, 986, 996, 1006, 1018, 1030]
[0, 905, 900, 895, 891, 887, 882, 850, 791, 0, 0, 506, 500, 498, 499, 503, 510, 0, 0, 856, 856, 855, 855, 0, 824, 824, 823, 824, 825, 826, 829, 830, 832, 834, 837, 840, 845, 848, 852, 857, 862, 866, 871, 874, 882, 889, 892, 903, 911, 919, 928, 937, 941, 955, 960, 965, 989, 996, 1000, 1010, 1021]
[0, 909, 903, 897, 893, 889, 884, 880, 791, 0, 508, 502, 500, 500, 501, 504, 516, 0, 858, 856, 854, 855, 0, 855, 854, 856, 858, 859, 861, 863, 863, 864, 867, 870, 872, 876, 879, 882, 886, 889, 894, 899, 905, 912, 918, 924, 932, 940, 947, 955, 962, 973, 986, 996, 1005, 1015, 1026, 1038, 1049, 1061, 1075]
[0, 924, 918, 914, 908, 902, 898, 892, 791, 0, 510, 502, 499, 499, 500, 504, 516, 0, 873, 869, 868, 868, 0, 857, 858, 858, 859, 860, 861, 863, 865, 866, 868, 871, 874, 877, 879, 880, 884, 888, 892, 897, 903, 909, 916, 923, 930, 936, 944, 952, 960, 969, 980, 991, 1000, 1011, 1022, 1033, 1044, 1057, 1071]
[0, 946, 939, 933, 928, 923, 918, 914, 791, 0, 509, 501, 498, 498, 500, 505, 515, 0, 891, 888, 887, 887, 0, 869, 870, 870, 871, 872, 874, 874, 875, 878, 881, 883, 886, 889, 893, 897, 901, 905, 912, 918, 923, 930, 937, 944, 951, 958, 966, 975, 986, 994, 1003, 1015, 1026, 1035, 1045, 1058, 1071, 1084, 1099]
[0, 967, 960, 954, 949, 945, 942, 938, 791, 0, 509, 505, 499, 498, 497, 499, 507, 0, 913, 912, 887, 912, 912, 0, 888, 889, 891, 891, 893, 895, 897, 899, 901, 904, 908, 913, 918, 922, 927, 932, 937, 943, 949, 956, 961, 969, 978, 986, 994, 1002, 1011, 1020, 1031, 1042, 1026, 1064, 1045, 1089, 1102, 1114, 1132]
[0, 963, 956, 951, 949, 947, 943, 940, 791, 0, 512, 501, 496, 497, 499, 503, 513, 0, 0, 912, 911, 911, 911, 0, 912, 913, 914, 916, 918, 920, 921, 923, 926, 929, 933, 936, 940, 944, 948, 952, 959, 965, 971, 980, 987, 994, 1001, 1009, 1018, 1026, 1034, 1042, 1052, 1065, 1075, 1086, 1099, 1111, 1128, 1144, 1158]
[0, 968, 962, 955, 950, 946, 943, 938, 791, 0, 508, 501, 498, 497, 498, 503, 514, 0, 914, 912, 911, 911, 0, 912, 912, 914, 915, 915, 917, 920, 922, 926, 928, 931, 934, 937, 942, 946, 949, 954, 960, 967, 975, 983, 991, 997, 1003, 1011, 1019, 1027, 1036, 1047, 1058, 1069, 1081, 1092, 1104, 1116, 1132, 1149, 1163]
[0, 1007, 1000, 995, 989, 984, 979, 938, 791, 0, 512, 502, 497, 496, 497, 499, 506, 0, 0, 952, 951, 951, 952, 0, 913, 913, 915, 917, 920, 922, 922, 925, 928, 931, 935, 939, 943, 947, 951, 958, 964, 970, 978, 986, 993, 999, 1006, 1014, 1022, 1030, 1039, 1050, 1058, 1072, 1083, 1096, 1109, 1116, 1122, 1154, 1163]
[0, 1009, 1003, 997, 992, 986, 982, 977, 791, 0, 506, 499, 497, 498, 501, 504, 506, 0, 956, 953, 952, 952, 0, 0, 954, 955, 955, 957, 960, 962, 964, 967, 969, 972, 976, 981, 986, 991, 995, 1001, 1007, 1013, 1019, 1026, 1033, 1039, 1047, 1055, 1064, 1073, 1083, 1093, 1104, 1117, 1129, 1142, 1155, 1169, 1184, 1198, 1214]
[0, 1038, 1032, 1027, 1020, 1015, 1011, 1006, 791, 0, 506, 499, 497, 496, 501, 504, 506, 0, 0, 985, 985, 986, 0, 0, 0, 953, 955, 957, 960, 963, 966, 969, 972, 975, 979, 984, 989, 994, 995, 1003, 1007, 1010, 1017, 1031, 1033, 1044, 1047, 1054, 1063, 1071, 1081, 1091, 1101, 1113, 1125, 1138, 1152, 1164, 1176, 1192, 1206]
[0, 1038, 1032, 1027, 1020, 1015, 1011, 1006, 791, 0, 507, 498, 496, 496, 496, 504, 506, 0, 0, 985, 985, 986, 0, 0, 0, 991, 992, 993, 996, 998, 1000, 1003, 1005, 1008, 1012, 1015, 1020, 1025, 1031, 1037, 1041, 1047, 1055, 1062, 1071, 1079, 1087, 1095, 1104, 1115, 1127, 1139, 1151, 1161, 1174, 1188, 1201, 1164, 1222, 1247, 1263]
[0, 1047, 1040, 1035, 1029, 1023, 1018, 1014, 791, 0, 508, 499, 494, 495, 499, 503, 511, 0, 0, 992, 994, 995, 0, 0, 988, 990, 992, 993, 995, 997, 999, 1002, 1004, 1007, 1011, 1016, 1021, 1025, 1030, 1037, 1041, 1047, 1054, 1062, 1070, 1079, 1087, 1095, 1104, 1116, 1127, 1140, 1151, 1161, 1174, 1188, 1201, 1164, 1222, 1247, 1263]
[0, 1050, 1045, 1038, 1030, 1026, 1021, 1014, 791, 0, 511, 502, 497, 495, 496, 499, 507, 0, 997, 992, 996, 997, 0, 0, 997, 998, 999, 1002, 1005, 1008, 1009, 1011, 1014, 1017, 1022, 1026, 1031, 1036, 1040, 1047, 1053, 1060, 1066, 1074, 1082, 1089, 1097, 1107, 1117, 1127, 1139, 1151, 1161, 1171, 1184, 1197, 1210, 1225, 1243, 1259, 1277]
[0, 1057, 1051, 1043, 1037, 1032, 1029, 1025, 791, 0, 508, 499, 495, 496, 497, 501, 511, 0, 0, 1000, 1000, 1001, 0, 0, 998, 1000, 1002, 1004, 1005, 1007, 1010, 1012, 1015, 1019, 1022, 1024, 1029, 1035, 1039, 1043, 1050, 1057, 1063, 1070, 1078, 1085, 1093, 1103, 1112, 1121, 1134, 1146, 1157, 1168, 1180, 1192, 1204, 1220, 1237, 1252, 1269]
[0, 1088, 1081, 1076, 1069, 1064, 1059, 1055, 791, 0, 508, 500, 496, 495, 496, 501, 513, 0, 0, 1029, 1029, 1031, 0, 0, 1005, 1006, 1008, 1010, 1012, 1014, 1017, 1019, 1023, 1026, 1030, 1035, 1039, 1043, 1049, 1056, 1063, 1070, 1076, 1085, 1093, 1101, 1110, 1119, 1129, 1141, 1154, 1165, 1176, 1187, 1199, 1192, 1221, 1245, 1261, 1279, 1298]
[0, 1101, 1093, 1087, 1083, 1078, 1074, 1069, 791, 0, 508, 498, 495, 494, 495, 501, 511, 0, 0, 1044, 1044, 1048, 0, 0, 1034, 1036, 1039, 1040, 1041, 1042, 1045, 1047, 1052, 1057, 1059, 1063, 1068, 1074, 1078, 1083, 1090, 1097, 1106, 1114, 1121, 1131, 1141, 1150, 1159, 1169, 1181, 1192, 1202, 1214, 1229, 1244, 1258, 1274, 1290, 1279, 1298]
[0, 1120, 1113, 1106, 1100, 1094, 1088, 1069, 791, 0, 0, 502, 497, 495, 496, 499, 506, 0, 1062, 1062, 1064, 1065, 0, 0, 1051, 1055, 1057, 1058, 1059, 1061, 1062, 1065, 1069, 1073, 1077, 1081, 1086, 1091, 1096, 1102, 1110, 1117, 1125, 1133, 1142, 1151, 1160, 1168, 1178, 1188, 1197, 1207, 1220, 1235, 1250, 1266, 1283, 1300, 1290, 1279, 0]
[0, 1156, 1150, 1146, 1137, 1129, 1125, 1124, 791, 0, 0, 502, 496, 494, 496, 499, 505, 0, 0, 1094, 1095, 1095, 0, 0, 0, 1069, 1070, 1072, 1075, 1076, 1078, 1081, 1084, 1087, 1091, 1094, 1101, 1107, 1112, 1118, 1126, 1133, 1142, 1149, 1156, 1165, 1175, 1184, 1193, 1203, 1212, 1224, 1238, 1251, 1265, 1281, 1296, 1300, 1318, 1345, 1365]
[0, 1156, 1150, 1146, 1137, 1129, 1125, 1124, 791, 0, 0, 502, 496, 494, 496, 499, 505, 0, 0, 1094, 1094, 1095, 0, 0, 0, 1103, 1104, 1106, 1108, 1110, 1115, 1117, 1121, 1126, 1132, 1139, 1143, 1150, 1156, 1160, 1167, 1174, 1181, 1189, 1199, 1207, 1218, 1229, 1240, 1251, 1262, 1277, 1294, 1310, 1265, 1333, 1354, 1368, 1385, 1403, 1365]
[0, 1159, 1153, 1147, 1140, 1132, 1126, 1122, 791, 0, 506, 498, 496, 495, 496, 503, 513, 0, 0, 1094, 1094, 1096, 1096, 0, 0, 1102, 1104, 1106, 1110, 1112, 1115, 1117, 1121, 1127, 1133, 1138, 1143, 1150, 1157, 1162, 1167, 1174, 1181, 1191, 1200, 1207, 1217, 1229, 1240, 1251, 1265, 1278, 1293, 1310, 1265, 1333, 1356, 1371, 1387, 1405, 1365]
[0, 1176, 1169, 1162, 1158, 1153, 1147, 1142, 791, 0, 503, 498, 496, 494, 494, 497, 504, 0, 0, 1113, 1113, 1115, 0, 0, 0, 1102, 1104, 1107, 1108, 1111, 1114, 1117, 1121, 1126, 1131, 1135, 1140, 1148, 1155, 1160, 1167, 1173, 1179, 1189, 1198, 1205, 1214, 1226, 1237, 1248, 1260, 1273, 1288, 1306, 1265, 1328, 1350, 1368, 1386, 1403, 1365]
[0, 1171, 1165, 1159, 1152, 1149, 1144, 1142, 791, 0, 508, 499, 494, 493, 495, 500, 508, 0, 0, 1114, 1114, 1114, 0, 0, 1120, 1122, 1123, 1126, 1129, 1132, 1134, 1140, 1146, 1151, 1155, 1159, 1163, 1168, 1174, 1182, 1187, 1192, 1201, 1211, 1221, 1230, 1240, 1248, 1259, 1274, 1289, 1305, 1288, 1327, 1350, 1366, 1394, 1411, 1386, 0, 1365]
[0, 1223, 1215, 1208, 1203, 1198, 1193, 1189, 791, 0, 503, 499, 497, 494, 494, 496, 508, 0, 0, 1166, 1166, 1167, 0, 0, 0, 1121, 1124, 1127, 1128, 1130, 1134, 1137, 1141, 1146, 1152, 1157, 1162, 1166, 1170, 1177, 1184, 1191, 1199, 1206, 1214, 1224, 1235, 1244, 1254, 1266, 1280, 1295, 1288, 1327, 0, 1359, 1374, 1389, 1405, 0, 0]
[0, 1222, 1214, 1208, 1204, 1200, 1194, 1189, 791, 0, 508, 500, 496, 493, 495, 499, 507, 0, 1172, 1169, 1166, 1170, 1170, 0, 1173, 1175, 1177, 1180, 1183, 1186, 1189, 1193, 1197, 1202, 1206, 1211, 1217, 1223, 1227, 1236, 1247, 1255, 1264, 1274, 1283, 1290, 1299, 1313, 1330, 1344, 1359, 1371, 1383, 1399, 1415, 1430, 1455, 1478, 1498, 1521, 1539]
[0, 1223, 1215, 1208, 1204, 1200, 1194, 1189, 791, 0, 508, 500, 497, 494, 495, 501, 509, 0, 0, 1169, 1170, 1170, 0, 0, 1174, 1175, 1176, 1178, 1182, 1185, 1191, 1196, 1198, 1201, 1205, 1210, 1215, 1221, 1228, 1234, 1244, 1253, 1261, 1276, 1286, 1289, 1299, 1311, 1326, 1340, 1353, 1368, 1381, 1394, 1408, 1425, 1449, 1470, 1488, 1513, 1535]
[0, 1291, 1283, 1275, 1267, 1260, 1256, 1252, 791, 0, 0, 502, 496, 496, 496, 496, 509, 0, 0, 1229, 1227, 1225, 0, 0, 0, 1175, 1177, 1179, 1183, 1188, 1191, 1195, 1199, 1203, 1208, 1212, 1216, 1223, 1229, 1236, 1246, 1255, 1264, 1272, 1282, 1291, 1301, 1316, 1332, 1347, 1359, 1372, 1384, 1398, 1415, 1431, 1454, 1479, 1500, 1522, 1541]
[0, 1294, 1285, 1277, 1270, 1264, 1259, 1253, 791, 0, 502, 496, 495, 496, 495, 496, 509, 0, 0, 1231, 1231, 1232, 0, 0, 0, 1240, 1241, 1250, 1257, 1258, 1262, 1267, 1272, 1275, 1276, 1279, 1285, 1292, 1306, 1318, 1326, 1339, 1350, 1356, 1364, 1373, 1383, 1397, 1410, 1421, 1435, 1455, 1472, 1488, 1504, 1514, 1523, 1538, 1555, 1572, 1584]
[0, 1293, 1283, 1275, 1269, 1264, 1260, 1253, 791, 0, 0, 503, 497, 494, 495, 496, 504, 0, 0, 1232, 1232, 1233, 0, 0, 0, 1242, 1245, 1250, 1255, 1255, 1260, 1270, 1275, 1276, 1279, 1282, 1287, 1295, 1307, 1317, 1328, 1342, 1350, 1355, 1361, 1369, 1382, 1398, 1411, 1421, 1433, 1453, 1470, 1487, 1504, 1512, 1523, 1537, 1554, 1571, 1582]
[0, 1292, 1285, 1276, 1270, 1263, 1258, 1253, 791, 0, 0, 502, 496, 496, 496, 496, 504, 0, 0, 1235, 1239, 1236, 0, 0, 0, 1243, 1246, 1252, 1256, 1259, 1265, 1272, 1275, 1277, 1279, 1283, 1291, 1299, 1312, 1323, 1331, 1342, 1353, 1355, 1368, 1369, 1377, 1387, 1413, 1427, 1441, 1453, 1458, 1491, 1504, 1505, 1515, 1527, 1541, 1557, 1572]
[0, 1340, 1333, 1276, 1323, 1312, 1308, 1253, 791, 0, 509, 500, 495, 493, 495, 499, 506, 0, 0, 1288, 1294, 1236, 0, 0, 0, 1243, 1246, 1251, 1258, 1262, 1268, 1273, 1275, 1278, 1281, 1286, 1294, 1303, 1311, 1323, 1336, 1347, 1353, 1360, 1369, 1379, 1392, 1405, 1419, 1433, 1450, 1466, 1477, 1489, 1503, 1515, 1525, 1539, 1555, 1571, 1583]
[0, 1389, 1383, 1375, 1368, 1364, 1359, 1350, 791, 0, 0, 503, 496, 493, 493, 496, 506, 0, 0, 1331, 1336, 1337, 0, 0, 0, 1295, 1246, 1299, 1302, 1309, 1318, 1325, 1327, 1327, 1331, 1336, 1342, 1349, 1354, 1361, 1371, 1379, 1386, 1396, 1402, 1406, 1413, 1422, 1431, 1440, 1450, 1460, 1472, 1484, 1492, 1503, 1517, 1529, 1543, 1557, 1573]
[0, 0, 1420, 1413, 1409, 1405, 1402, 0, 791, 0, 507, 499, 495, 493, 495, 498, 505, 0, 0, 1368, 1370, 1369, 0, 0, 0, 1342, 1346, 1351, 1353, 1352, 1355, 1358, 1363, 1364, 1363, 1365, 1368, 1371, 1374, 1379, 1382, 1385, 1391, 1398, 1405, 1410, 1417, 1426, 1433, 1441, 1449, 1459, 1472, 1484, 1498, 1511, 1522, 1536, 1549, 1562, 1577]
[0, 1448, 1424, 1415, 1409, 1407, 1404, 0, 791, 0, 0, 501, 495, 494, 497, 499, 505, 0, 0, 1369, 1368, 1369, 0, 0, 0, 1356, 1356, 1358, 1355, 1353, 1354, 1357, 1358, 1360, 1362, 1365, 1368, 1372, 1374, 1374, 1376, 1384, 1393, 1399, 1404, 1410, 1418, 1426, 1435, 1441, 1452, 1464, 1475, 1487, 1500, 1514, 1524, 1535, 1551, 1569, 1582]
[0, 1448, 1424, 0, 1420, 1415, 1411, 1406, 0, 0, 503, 501, 496, 493, 493, 496, 505, 0, 0, 1374, 1373, 1372, 0, 0, 0, 1358, 1357, 1361, 1357, 1353, 1355, 1358, 1359, 1360, 1362, 1364, 1367, 1371, 1374, 1378, 1381, 1384, 1390, 1394, 1400, 1409, 1415, 1423, 1433, 1439, 1447, 1459, 1470, 1483, 1494, 1506, 1519, 1530, 1544, 1560, 1575]
[0, 1448, 1424, 0, 1420, 1415, 1411, 1407, 0, 0, 0, 502, 497, 493, 493, 501, 505, 512, 0, 1375, 1373, 1372, 1370, 0, 0, 1362, 1362, 1361, 1359, 1355, 1357, 1359, 1357, 1357, 1359, 1364, 1368, 1370, 1373, 1376, 1378, 1383, 1389, 1394, 1401, 1407, 1413, 1421, 1429, 1438, 1449, 1459, 1468, 1481, 1493, 1506, 1519, 1528, 1542, 1558, 1571]
[0, 1479, 1472, 0, 1420, 1415, 1451, 1430, 0, 0, 0, 501, 496, 493, 493, 496, 505, 512, 0, 1378, 1372, 1370, 0, 0, 0, 1363, 1361, 1359, 1357, 1355, 1357, 1359, 1358, 1358, 1358, 1363, 1368, 1370, 1372, 1375, 1377, 1382, 1390, 1395, 1401, 1407, 1413, 1419, 1427, 1438, 1449, 1458, 1469, 1482, 1494, 1506, 1519, 1530, 1543, 1559, 1573]
[0, 1531, 1522, 1515, 1506, 1496, 1489, 1481, 0, 0, 0, 503, 497, 494, 494, 496, 505, 512, 0, 1381, 1374, 1372, 0, 0, 0, 1358, 1357, 1360, 1356, 1353, 1355, 1356, 1357, 1359, 1360, 1362, 1366, 1369, 1373, 1377, 1380, 1384, 1389, 1394, 1400, 1408, 1413, 1418, 1429, 1439, 1448, 1459, 1469, 1482, 1493, 1502, 1517, 1531, 1542, 1557, 1574]
[0, 1527, 1519, 1510, 1503, 1497, 1490, 1481, 0, 0, 0, 499, 495, 494, 494, 496, 503, 512, 0, 1379, 1375, 1373, 0, 0, 0, 1361, 1357, 1356, 1357, 1355, 1354, 1355, 1357, 1357, 1358, 1361, 1364, 1369, 1372, 1375, 1378, 1382, 1388, 1394, 1400, 1405, 1411, 1419, 1427, 1437, 1444, 1454, 1468, 1481, 1493, 1502, 1515, 1528, 1542, 1557, 1573]
[0, 1545, 1535, 1520, 1504, 1493, 1482, 1481, 0, 0, 507, 499, 495, 493, 494, 498, 505, 512, 0, 1374, 1370, 1369, 0, 0, 0, 1359, 1357, 1355, 1352, 1354, 1354, 1352, 1356, 1358, 1358, 1361, 1364, 1368, 1372, 1375, 1378, 1382, 1386, 1394, 1402, 1408, 1414, 1422, 1429, 1438, 1447, 1456, 1471, 1483, 1492, 1503, 1515, 1530, 1547, 1561, 1578]
[0, 1546, 1537, 1525, 1509, 1497, 1486, 1481, 0, 0, 0, 500, 497, 495, 495, 497, 502, 512, 0, 1379, 1375, 1371, 0, 0, 0, 1357, 1356, 1357, 1355, 1353, 1354, 1356, 1358, 1357, 1359, 1364, 1367, 1371, 1374, 1376, 1378, 1384, 1389, 1396, 1402, 1408, 1417, 1426, 1434, 1440, 1448, 1456, 1471, 1483, 1495, 1505, 1519, 1533, 1546, 1561, 1577]
[0, 1549, 1537, 1524, 1512, 1501, 1487, 1476, 0, 0, 0, 502, 496, 494, 494, 497, 502, 512, 0, 1378, 1375, 1373, 0, 0, 0, 1358, 1357, 1356, 1353, 1353, 1353, 1355, 1358, 1358, 1361, 1362, 1365, 1369, 1372, 1378, 1379, 1379, 1384, 1392, 1401, 1408, 1412, 1420, 1430, 1438, 1445, 1457, 1467, 1477, 1490, 1502, 1514, 1527, 1541, 1559, 1577]
[0, 1540, 1526, 1515, 1503, 1493, 1480, 1476, 0, 0, 0, 499, 496, 494, 496, 500, 508, 512, 0, 0, 1374, 1370, 1369, 0, 0, 0, 1354, 1354, 1353, 1353, 1354, 1352, 1352, 1356, 1358, 1359, 1362, 1368, 1371, 1375, 1379, 1383, 1385, 1390, 1399, 1404, 1411, 1419, 1428, 1437, 1443, 1451, 1464, 1478, 1490, 1502, 1514, 1527, 1541, 1556, 1572]
[0, 1549, 1533, 1518, 1506, 1497, 1484, 1476, 0, 0, 0, 502, 496, 494, 494, 496, 508, 512, 0, 1378, 1374, 1370, 0, 0, 0, 1356, 1354, 1351, 1351, 1351, 1351, 1352, 1352, 1353, 1354, 1359, 1363, 1363, 1366, 1372, 1375, 1379, 1382, 1386, 1396, 1403, 1407, 1415, 1423, 1432, 1440, 1448, 1459, 1471, 1485, 1495, 1506, 1520, 1534, 1548, 1565]
[0, 1539, 1525, 1514, 1502, 1488, 1476, 1476, 0, 0, 506, 502, 494, 493, 495, 500, 508, 512, 0, 0, 1373, 1369, 0, 0, 1358, 0, 1354, 1355, 1352, 1352, 1350, 1350, 1354, 1357, 1358, 1358, 1360, 1362, 1365, 1370, 1376, 1380, 1384, 1391, 1397, 1402, 1410, 1416, 1423, 1434, 1443, 1451, 1460, 1473, 1489, 1501, 1513, 1526, 1540, 1554, 1571]
[0, 1548, 1533, 1518, 1505, 1496, 1483, 1476, 0, 0, 0, 502, 495, 494, 494, 496, 508, 512, 0, 1372, 1370, 1368, 0, 0, 0, 1356, 1353, 1351, 1351, 1350, 1350, 1352, 1352, 1352, 1354, 1354, 1355, 1360, 1366, 1371, 1375, 1378, 1381, 1385, 1391, 1399, 1406, 1413, 1422, 1428, 1436, 1447, 1458, 1470, 1480, 1491, 1505, 1520, 1534, 1552, 1571]
[0, 1545, 1529, 1514, 1502, 1491, 1479, 1476, 0, 0, 508, 500, 495, 495, 495, 499, 507, 512, 0, 1374, 1370, 1368, 0, 0, 0, 1354, 1353, 1354, 1352, 1351, 1351, 1352, 1351, 1350, 1354, 1359, 1361, 1362, 1368, 1372, 1375, 1379, 1383, 1388, 1394, 1401, 1408, 1416, 1425, 1436, 1444, 1452, 1461, 1475, 1491, 1502, 1514, 1531, 1548, 1564, 1580]
[0, 1548, 1535, 1521, 1507, 1496, 1485, 1471, 0, 0, 504, 500, 496, 493, 493, 501, 507, 510, 0, 1381, 1373, 1371, 1364, 0, 0, 1358, 1351, 1347, 1352, 1349, 1351, 1351, 1350, 1351, 1353, 1354, 1356, 1359, 1364, 1371, 1375, 1377, 1380, 1384, 1388, 1393, 1403, 1410, 1416, 1425, 1436, 1447, 1457, 1468, 1483, 1495, 1504, 1518, 1534, 1552, 1571]
[0, 1547, 1532, 1517, 1503, 1490, 1480, 1471, 0, 0, 0, 500, 494, 494, 494, 498, 507, 510, 0, 1372, 1370, 1370, 0, 0, 0, 1353, 1352, 1350, 1346, 1350, 1348, 1346, 1349, 1352, 1353, 1353, 1355, 1359, 1367, 1370, 1370, 1374, 1379, 1385, 1390, 1398, 1406, 1413, 1425, 1437, 1450, 1464, 1475, 1486, 1498, 1511, 1522, 1537, 1550, 1565, 1582]
[0, 1548, 1535, 1521, 1507, 1496, 1485, 1471, 0, 0, 0, 508, 499, 494, 493, 495, 501, 510, 0, 1381, 1373, 1367, 1365, 0, 0, 1354, 1350, 1350, 1350, 1350, 1351, 1351, 1351, 1350, 1353, 1357, 1361, 1363, 1368, 1372, 1374, 1378, 1382, 1387, 1394, 1402, 1408, 1416, 1426, 1440, 1456, 1468, 1481, 1493, 1505, 1519, 1530, 1542, 1556, 1572, 1584]
[0, 1548, 1534, 1522, 1508, 1497, 1485, 1470, 0, 0, 0, 506, 497, 493, 495, 498, 502, 510, 0, 1380, 1372, 1366, 1364, 0, 0, 1353, 1352, 1349, 1347, 1349, 1348, 1347, 1349, 1351, 1353, 1354, 1359, 1365, 1370, 1376, 1382, 1388, 1396, 1404, 1412, 1420, 1428, 1434, 1441, 1449, 1457, 1464, 1476, 1486, 1499, 1511, 1524, 1538, 1550, 1566, 1579]
[0, 1539, 1525, 1513, 1501, 1487, 1474, 1470, 0, 0, 509, 506, 500, 494, 496, 499, 507, 510, 0, 0, 1372, 1369, 1360, 0, 0, 0, 1352, 1352, 1349, 1345, 1345, 1346, 1349, 1351, 1356, 1357, 1359, 1365, 1370, 1376, 1383, 1389, 1396, 1403, 1412, 1420, 1428, 1433, 1440, 1449, 1457, 1465, 1477, 1487, 1499, 1512, 1524, 1538, 1550, 1565, 1579]
[0, 1544, 1531, 1517, 1502, 1490, 1480, 1470, 0, 0, 0, 505, 496, 493, 496, 499, 503, 510, 0, 1373, 1366, 1363, 0, 0, 0, 1354, 1351, 1349, 1350, 1349, 1345, 1346, 1347, 1349, 1353, 1357, 1360, 1362, 1366, 1375, 1382, 1388, 1397, 1406, 1413, 1422, 1425, 1429, 1439, 1448, 1457, 1468, 1478, 1489, 1502, 1509, 1520, 1533, 1544, 1561, 1580]
[0, 1538, 1524, 1512, 1499, 1486, 1473, 1470, 0, 0, 509, 500, 496, 494, 496, 499, 507, 510, 0, 0, 1372, 1369, 1363, 0, 0, 0, 1354, 1358, 1360, 1359, 1361, 1367, 1367, 1364, 1368, 1371, 1375, 1381, 1385, 1386, 1390, 1395, 1400, 1407, 1414, 1420, 1426, 1432, 1442, 1451, 1457, 1465, 1477, 1489, 1501, 1514, 1527, 1538, 1550, 1566, 1580]
[0, 1537, 1524, 1511, 1500, 1486, 1475, 1470, 0, 0, 512, 503, 497, 494, 498, 501, 508, 510, 0, 0, 1393, 1391, 0, 0, 0, 1359, 1358, 1358, 1360, 1363, 1364, 1364, 1367, 1367, 1367, 1370, 1376, 1380, 1381, 1385, 1390, 1393, 1398, 1403, 1408, 1415, 1423, 1431, 1440, 1449, 1455, 1465, 1475, 1484, 1497, 1511, 1522, 1534, 1547, 1559, 1576]
[0, 1535, 1525, 1513, 1502, 1491, 1481, 1470, 0, 0, 0, 504, 499, 497, 498, 501, 509, 510, 0, 1391, 1389, 1391, 0, 0, 0, 1369, 1366, 1361, 1360, 1363, 1363, 1363, 1366, 1366, 1367, 1366, 1369, 1376, 1380, 1385, 1390, 1393, 1396, 1401, 1409, 1416, 1423, 1428, 1437, 1447, 1462, 1472, 1475, 1494, 1497, 1504, 1529, 1542, 1558, 1574, 1582]
[0, 1551, 1525, 1540, 1525, 1513, 1503, 1492, 1480, 0, 0, 512, 507, 506, 498, 508, 513, 510, 0, 1390, 1393, 1388, 0, 0, 0, 1369, 1367, 1365, 1361, 1363, 1362, 1363, 1365, 1366, 1368, 1374, 1369, 1378, 1380, 1389, 1390, 1393, 1396, 1401, 1409, 1416, 1423, 1428, 1437, 1447, 1454, 1462, 1472, 1483, 1495, 1504, 1517, 1530, 1543, 1559, 1576]
[0, 1559, 1545, 1535, 1523, 1508, 1494, 1483, 1482, 0, 0, 0, 510, 506, 506, 509, 518, 0, 1405, 1398, 1392, 1388, 0, 0, 1369, 1366, 1364, 1363, 1361, 1363, 1364, 1362, 1363, 1364, 1367, 1361, 1365, 1378, 1381, 1384, 1390, 1392, 1399, 1407, 1411, 1419, 1427, 1434, 1440, 1449, 1458, 1467, 1477, 1486, 1498, 1509, 1520, 1534, 1545, 1562, 1580]
