[0, 0, 0, 0, 0, 0, 0, 0, 0, 0, 0, 0, 0, 0, 0, 0, 0, 0, 0, 0, 0, 0, 0, 0, 0, 0, 0, 0, 0, 0, 0, 0, 0, 0, 0, 0, 0, 0, 0, 0, 0, 0, 0, 0, 0, 0, 0, 0, 0, 0, 0, 0, 0, 0, 0, 0, 0, 0, 0, 0, 0]
[0, 530, 526, 522, 518, 514, 511, 508, 505, 502, 500, 497, 496, 493, 491, 491, 489, 486, 485, 484, 484, 482, 482, 481, 480, 479, 479, 479, 479, 479, 480, 481, 481, 481, 482, 482, 484, 0, 424, 416, 412, 411, 411, 414, 416, 423, 0, 509, 513, 516, 521, 525, 530, 535, 539, 544, 550, 555, 560, 566, 572]
[0, 529, 524, 521, 517, 513, 510, 508, 507, 501, 500, 499, 497, 495, 493, 491, 489, 487, 485, 484, 483, 482, 481, 481, 480, 480, 479, 479, 479, 480, 480, 480, 481, 482, 482, 483, 484, 0, 0, 418, 413, 411, 411, 412, 416, 0, 506, 512, 0, 515, 523, 527, 532, 537, 539, 542, 553, 555, 558, 570, 572]
[0, 530, 526, 521, 518, 514, 511, 508, 505, 502, 500, 499, 497, 493, 493, 491, 489, 487, 486, 485, 483, 482, 482, 481, 480, 479, 479, 479, 479, 479, 480, 481, 481, 482, 482, 482, 484, 0, 422, 416, 412, 411, 411, 414, 416, 0, 0, 509, 513, 516, 521, 525, 530, 535, 540, 545, 550, 555, 561, 567, 573]
[0, 530, 526, 522, 518, 514, 511, 508, 505, 502, 500, 498, 496, 493, 491, 491, 487, 485, 486, 485, 484, 483, 482, 481, 480, 480, 480, 479, 479, 479, 480, 480, 481, 481, 482, 484, 484, 0, 426, 418, 413, 411, 411, 413, 416, 0, 0, 508, 512, 516, 520, 524, 529, 534, 538, 543, 549, 554, 559, 565, 571]
[0, 528, 523, 522, 520, 516, 512, 509, 506, 503, 500, 498, 496, 494, 492, 489, 488, 486, 485, 484, 483, 482, 481, 481, 480, 479, 479, 479, 479, 480, 480, 480, 481, 481, 482, 483, 484, 0, 0, 418, 413, 411, 411, 412, 416, 0, 505, 508, 515, 519, 520, 523, 527, 538, 538, 542, 547, 558, 559, 563, 570]
[0, 530, 525, 521, 517, 514, 511, 508, 504, 502, 499, 497, 496, 495, 493, 491, 489, 487, 486, 484, 483, 482, 482, 481, 480, 479, 479, 479, 479, 480, 480, 480, 481, 481, 482, 483, 484, 0, 422, 418, 411, 411, 411, 415, 416, 422, 505, 0, 513, 517, 521, 526, 531, 535, 540, 546, 551, 556, 562, 568, 575]
[0, 531, 527, 522, 518, 515, 512, 509, 506, 503, 500, 498, 496, 494, 492, 489, 487, 487, 486, 485, 484, 482, 482, 481, 480, 479, 479, 479, 479, 479, 480, 480, 481, 482, 482, 484, 484, 0, 424, 416, 412, 410, 411, 414, 416, 422, 0, 509, 512, 516, 520, 525, 530, 534, 539, 544, 550, 555, 560, 566, 572]
[0, 535, 531, 526, 522, 519, 515, 512, 509, 507, 504, 502, 500, 498, 496, 489, 494, 493, 491, 489, 487, 487, 486, 486, 480, 479, 479, 479, 479, 480, 480, 480, 481, 481, 482, 483, 0, 0, 419, 416, 414, 411, 411, 412, 416, 422, 0, 0, 515, 519, 523, 527, 530, 537, 542, 547, 550, 558, 563, 570, 572]
[0, 534, 531, 526, 522, 519, 515, 512, 510, 507, 505, 502, 500, 498, 496, 496, 494, 493, 492, 490, 488, 487, 486, 486, 485, 485, 484, 484, 484, 485, 485, 485, 486, 487, 488, 489, 0, 0, 424, 416, 412, 411, 411, 413, 416, 0, 0, 515, 522, 526, 531, 527, 535, 540, 551, 547, 556, 561, 573, 570, 580]
[0, 536, 531, 527, 523, 519, 516, 513, 510, 508, 505, 502, 500, 498, 496, 496, 494, 491, 489, 490, 487, 487, 487, 486, 485, 484, 484, 484, 485, 485, 485, 486, 486, 487, 488, 490, 0, 0, 424, 416, 412, 410, 410, 413, 416, 0, 515, 515, 522, 526, 0, 536, 535, 540, 545, 551, 561, 561, 567, 573, 580]
[0, 534, 530, 525, 522, 518, 516, 514, 512, 509, 506, 503, 502, 500, 498, 496, 494, 492, 491, 490, 488, 487, 486, 486, 485, 485, 484, 484, 485, 485, 485, 485, 486, 486, 487, 489, 0, 0, 426, 417, 412, 410, 411, 412, 416, 0, 515, 0, 522, 526, 531, 536, 540, 545, 550, 555, 561, 566, 573, 579, 586]
[0, 536, 532, 529, 525, 521, 518, 515, 512, 510, 506, 507, 505, 502, 500, 498, 497, 496, 494, 493, 492, 490, 489, 488, 485, 485, 485, 484, 485, 485, 485, 486, 486, 487, 488, 489, 491, 0, 420, 417, 411, 410, 410, 414, 416, 421, 515, 0, 521, 525, 529, 534, 539, 543, 548, 554, 559, 564, 570, 577, 583]
[0, 535, 530, 529, 527, 524, 520, 517, 514, 511, 509, 506, 503, 501, 500, 498, 497, 496, 494, 493, 492, 491, 489, 488, 488, 488, 487, 487, 488, 488, 488, 489, 490, 487, 490, 492, 494, 0, 420, 413, 411, 410, 411, 414, 421, 421, 515, 0, 525, 529, 533, 537, 542, 548, 552, 558, 563, 569, 575, 581, 588]
[0, 539, 535, 531, 528, 524, 520, 517, 514, 511, 509, 507, 505, 502, 500, 499, 497, 498, 496, 495, 494, 492, 491, 491, 488, 488, 487, 488, 488, 488, 488, 489, 489, 490, 491, 493, 0, 0, 417, 413, 412, 410, 410, 412, 416, 423, 515, 0, 526, 530, 535, 540, 544, 550, 555, 560, 565, 571, 578, 584, 591]
[0, 536, 533, 531, 530, 521, 520, 518, 516, 513, 509, 508, 506, 503, 501, 500, 498, 497, 497, 495, 494, 493, 492, 491, 490, 490, 489, 488, 489, 490, 491, 492, 492, 493, 495, 496, 0, 0, 420, 413, 410, 410, 411, 413, 420, 423, 0, 523, 527, 530, 534, 539, 544, 548, 554, 560, 565, 570, 577, 584, 591]
[0, 542, 537, 532, 529, 525, 522, 520, 517, 514, 512, 508, 510, 505, 503, 500, 501, 500, 498, 497, 496, 495, 494, 494, 490, 490, 489, 490, 490, 490, 491, 492, 492, 493, 494, 495, 0, 0, 427, 417, 412, 410, 410, 411, 420, 423, 0, 0, 529, 533, 537, 542, 548, 553, 558, 563, 569, 574, 581, 588, 595]
[0, 542, 536, 532, 529, 525, 522, 520, 516, 514, 512, 509, 507, 505, 505, 503, 501, 499, 499, 497, 496, 496, 495, 494, 493, 492, 492, 492, 492, 493, 494, 494, 495, 496, 497, 498, 0, 0, 420, 413, 410, 409, 410, 413, 420, 0, 0, 524, 534, 0, 538, 542, 548, 553, 558, 563, 568, 573, 580, 587, 594]
[0, 544, 540, 536, 532, 529, 526, 522, 519, 517, 514, 512, 510, 508, 506, 503, 502, 500, 499, 499, 497, 497, 495, 496, 493, 493, 492, 492, 492, 493, 494, 494, 495, 496, 497, 498, 0, 0, 420, 413, 410, 409, 410, 413, 420, 0, 0, 525, 530, 534, 538, 543, 548, 553, 557, 562, 568, 574, 580, 587, 594]
[0, 542, 538, 534, 532, 528, 524, 520, 518, 515, 513, 511, 510, 506, 505, 503, 504, 502, 501, 500, 498, 497, 497, 496, 496, 495, 495, 494, 494, 495, 495, 495, 496, 497, 499, 500, 0, 0, 424, 415, 411, 409, 409, 412, 420, 0, 0, 0, 535, 539, 543, 548, 553, 558, 563, 569, 575, 581, 588, 593, 600]
[0, 542, 538, 534, 530, 527, 524, 521, 519, 515, 513, 511, 510, 507, 506, 504, 502, 502, 500, 499, 498, 496, 496, 495, 495, 495, 494, 494, 495, 495, 496, 496, 496, 497, 499, 500, 0, 0, 422, 415, 410, 409, 410, 412, 420, 0, 525, 531, 535, 539, 0, 543, 548, 558, 563, 569, 575, 582, 588, 588, 595]
[0, 542, 538, 535, 531, 527, 524, 521, 519, 518, 516, 513, 511, 509, 507, 505, 503, 502, 501, 500, 499, 498, 496, 496, 495, 494, 494, 493, 494, 495, 496, 495, 496, 498, 499, 500, 0, 0, 420, 413, 409, 409, 410, 412, 418, 0, 0, 528, 532, 537, 541, 545, 551, 555, 561, 566, 571, 578, 584, 590, 597]
[0, 553, 548, 544, 540, 537, 533, 530, 527, 525, 522, 520, 518, 515, 514, 512, 510, 509, 507, 506, 505, 498, 504, 504, 495, 495, 495, 495, 496, 496, 496, 497, 498, 499, 500, 500, 503, 0, 419, 413, 410, 409, 410, 413, 419, 0, 0, 529, 533, 537, 542, 546, 551, 556, 562, 567, 572, 578, 584, 591, 597]
[0, 551, 547, 543, 540, 536, 532, 530, 527, 524, 522, 520, 517, 515, 513, 512, 511, 510, 508, 507, 506, 505, 505, 504, 503, 503, 503, 503, 503, 503, 504, 504, 504, 505, 507, 509, 503, 423, 419, 414, 410, 409, 408, 410, 419, 0, 0, 540, 543, 547, 552, 557, 561, 566, 572, 579, 584, 590, 596, 602, 610]
[0, 551, 561, 557, 553, 549, 546, 543, 540, 537, 535, 532, 530, 528, 526, 524, 523, 521, 520, 518, 506, 517, 516, 504, 503, 503, 502, 503, 503, 503, 504, 504, 505, 506, 507, 509, 503, 0, 421, 414, 410, 409, 409, 410, 419, 0, 0, 540, 543, 548, 553, 557, 562, 567, 573, 579, 586, 592, 597, 603, 611]
[0, 565, 560, 557, 554, 550, 547, 544, 541, 538, 536, 534, 530, 531, 529, 527, 525, 524, 523, 521, 521, 520, 519, 518, 503, 515, 515, 515, 516, 503, 517, 504, 517, 518, 520, 521, 0, 0, 414, 414, 409, 407, 406, 408, 411, 418, 0, 552, 556, 560, 564, 569, 574, 580, 586, 592, 598, 603, 609, 616, 623]
[0, 566, 562, 558, 555, 551, 548, 545, 541, 542, 540, 538, 535, 533, 531, 529, 527, 526, 524, 523, 522, 521, 520, 520, 518, 517, 517, 517, 518, 518, 519, 519, 520, 521, 522, 524, 0, 0, 419, 412, 408, 406, 407, 409, 411, 418, 0, 556, 560, 564, 569, 574, 580, 586, 591, 597, 603, 609, 615, 622, 630]
[0, 566, 565, 561, 557, 554, 551, 547, 544, 542, 539, 537, 535, 532, 530, 528, 526, 524, 523, 522, 521, 521, 520, 520, 519, 519, 518, 519, 519, 520, 520, 520, 522, 523, 524, 525, 0, 0, 416, 410, 407, 406, 407, 409, 411, 0, 0, 554, 558, 563, 567, 572, 578, 583, 595, 597, 606, 609, 612, 618, 626]
[0, 571, 566, 562, 559, 556, 552, 550, 547, 544, 541, 539, 537, 535, 530, 531, 526, 529, 527, 526, 525, 524, 524, 523, 519, 519, 519, 519, 519, 520, 520, 520, 521, 522, 524, 524, 0, 424, 414, 409, 407, 407, 407, 409, 411, 418, 0, 556, 560, 564, 568, 573, 578, 584, 589, 596, 602, 608, 614, 622, 628]
[0, 569, 566, 564, 561, 557, 554, 551, 548, 545, 543, 540, 538, 536, 534, 532, 530, 528, 527, 526, 525, 524, 523, 523, 523, 522, 522, 522, 522, 523, 523, 524, 525, 526, 527, 528, 0, 0, 418, 411, 408, 406, 407, 409, 411, 418, 0, 561, 565, 570, 575, 580, 586, 591, 596, 601, 608, 616, 622, 628, 636]
[0, 577, 572, 568, 564, 561, 557, 554, 551, 549, 547, 540, 545, 540, 534, 538, 536, 534, 533, 532, 531, 530, 529, 527, 523, 522, 522, 523, 522, 523, 522, 523, 524, 525, 526, 528, 0, 423, 418, 414, 409, 407, 406, 407, 411, 418, 0, 560, 564, 568, 574, 579, 583, 589, 594, 600, 606, 612, 619, 625, 633]
[0, 583, 578, 574, 569, 565, 562, 560, 556, 553, 551, 548, 546, 544, 543, 541, 539, 537, 536, 535, 534, 530, 532, 532, 527, 527, 527, 528, 528, 528, 529, 529, 530, 530, 532, 534, 0, 0, 417, 410, 407, 406, 406, 408, 411, 418, 0, 567, 572, 576, 582, 587, 592, 597, 603, 609, 616, 622, 629, 637, 644]
[0, 594, 589, 585, 581, 577, 573, 569, 566, 563, 561, 559, 557, 554, 552, 550, 548, 547, 546, 545, 544, 543, 541, 532, 531, 527, 531, 532, 532, 532, 533, 533, 534, 535, 536, 538, 0, 0, 417, 412, 408, 405, 405, 407, 410, 417, 0, 570, 575, 579, 583, 589, 594, 598, 604, 610, 617, 624, 630, 638, 645]
[0, 601, 597, 593, 589, 586, 582, 578, 575, 571, 568, 566, 564, 562, 560, 559, 548, 556, 555, 553, 552, 551, 541, 550, 542, 542, 531, 541, 532, 542, 542, 542, 543, 544, 545, 547, 0, 421, 417, 412, 407, 404, 404, 406, 408, 415, 0, 581, 586, 590, 594, 599, 604, 609, 614, 621, 628, 634, 641, 648, 655]
[0, 599, 595, 592, 588, 586, 583, 579, 576, 573, 570, 567, 565, 563, 561, 560, 558, 557, 555, 554, 553, 552, 551, 550, 550, 550, 550, 550, 551, 551, 551, 553, 554, 555, 556, 557, 0, 0, 417, 409, 405, 403, 403, 405, 408, 415, 0, 592, 596, 601, 605, 611, 616, 621, 627, 634, 642, 649, 655, 663, 671]
[0, 600, 596, 592, 589, 585, 581, 578, 575, 571, 568, 566, 564, 563, 560, 559, 557, 557, 556, 554, 553, 552, 551, 550, 550, 550, 550, 551, 551, 551, 552, 553, 554, 555, 556, 557, 0, 0, 411, 407, 405, 404, 403, 407, 408, 413, 0, 0, 594, 599, 603, 609, 614, 619, 625, 632, 639, 645, 652, 659, 667]
[0, 600, 600, 596, 589, 593, 589, 586, 583, 579, 576, 574, 571, 569, 567, 564, 563, 562, 561, 560, 558, 558, 557, 550, 550, 550, 550, 551, 551, 551, 552, 553, 554, 555, 555, 557, 0, 0, 415, 408, 404, 403, 403, 406, 408, 413, 0, 593, 597, 601, 606, 612, 618, 622, 629, 636, 643, 650, 657, 665, 673]
[0, 611, 607, 603, 599, 595, 592, 589, 585, 582, 579, 577, 575, 572, 570, 568, 563, 564, 563, 560, 561, 558, 560, 559, 556, 555, 555, 556, 551, 557, 557, 559, 559, 555, 561, 562, 0, 421, 415, 412, 406, 403, 402, 404, 407, 414, 0, 0, 602, 606, 612, 617, 622, 628, 634, 641, 648, 655, 662, 670, 678]
[0, 622, 617, 613, 610, 606, 603, 600, 596, 594, 591, 589, 586, 584, 582, 580, 579, 564, 577, 574, 561, 572, 572, 571, 559, 559, 559, 559, 559, 560, 560, 560, 561, 563, 565, 566, 0, 0, 415, 408, 404, 403, 403, 404, 407, 414, 0, 602, 607, 612, 616, 621, 627, 634, 640, 646, 653, 659, 666, 675, 683]
[0, 624, 619, 615, 610, 609, 605, 600, 602, 599, 596, 593, 591, 589, 587, 585, 584, 582, 580, 579, 578, 576, 575, 571, 570, 570, 570, 570, 571, 572, 572, 573, 575, 576, 578, 580, 0, 0, 415, 407, 404, 402, 402, 404, 407, 414, 0, 615, 619, 624, 630, 635, 641, 647, 653, 660, 668, 674, 682, 690, 699]
[0, 627, 623, 618, 614, 611, 608, 604, 601, 598, 595, 593, 590, 588, 586, 585, 583, 582, 581, 578, 577, 576, 575, 575, 574, 574, 574, 574, 574, 575, 576, 577, 578, 580, 582, 584, 0, 0, 411, 407, 405, 402, 401, 402, 405, 414, 0, 619, 624, 630, 636, 0, 642, 653, 653, 659, 674, 674, 690, 690, 698]
[0, 627, 622, 618, 614, 611, 607, 605, 601, 598, 595, 593, 591, 589, 587, 585, 584, 582, 581, 579, 578, 577, 575, 576, 574, 574, 574, 575, 575, 575, 576, 577, 579, 581, 582, 583, 0, 0, 417, 408, 404, 401, 401, 403, 407, 413, 0, 0, 621, 627, 632, 638, 644, 649, 656, 662, 669, 676, 684, 693, 700]
[0, 633, 627, 623, 619, 615, 612, 609, 606, 603, 600, 598, 595, 593, 591, 590, 588, 587, 586, 585, 584, 577, 583, 581, 576, 576, 576, 576, 576, 577, 577, 579, 580, 582, 584, 585, 0, 0, 414, 407, 403, 402, 401, 403, 407, 413, 0, 622, 625, 631, 637, 642, 648, 654, 660, 666, 673, 681, 689, 698, 705]
[0, 633, 637, 632, 628, 624, 619, 616, 614, 611, 608, 606, 603, 601, 599, 597, 597, 595, 593, 592, 591, 590, 590, 581, 581, 580, 580, 580, 581, 582, 584, 584, 585, 586, 587, 589, 0, 0, 414, 407, 403, 401, 401, 403, 407, 413, 0, 626, 630, 635, 640, 645, 650, 658, 664, 670, 676, 684, 693, 701, 709]
[0, 643, 638, 633, 629, 625, 621, 618, 614, 613, 608, 608, 603, 605, 603, 601, 600, 598, 596, 595, 594, 594, 592, 590, 589, 590, 580, 589, 581, 589, 590, 591, 593, 594, 596, 597, 0, 0, 417, 407, 403, 401, 401, 402, 406, 412, 0, 0, 640, 645, 650, 655, 661, 667, 674, 681, 688, 696, 704, 711, 719]
[0, 660, 656, 650, 647, 643, 639, 636, 632, 629, 626, 624, 621, 619, 617, 615, 613, 612, 611, 610, 609, 607, 606, 592, 592, 592, 591, 592, 592, 592, 593, 594, 595, 596, 598, 599, 0, 0, 410, 404, 401, 400, 401, 404, 406, 412, 0, 638, 643, 647, 653, 659, 665, 671, 678, 685, 692, 700, 707, 715, 725]
[0, 663, 658, 653, 649, 645, 642, 639, 635, 632, 629, 626, 624, 620, 618, 617, 615, 614, 612, 612, 610, 609, 609, 607, 606, 592, 606, 607, 592, 607, 608, 611, 595, 612, 598, 613, 0, 0, 414, 406, 402, 400, 400, 401, 404, 410, 0, 656, 643, 661, 667, 672, 678, 684, 692, 706, 692, 713, 729, 715, 748]
[0, 661, 656, 652, 649, 645, 642, 638, 635, 631, 628, 626, 623, 621, 618, 616, 615, 614, 612, 612, 610, 609, 608, 608, 609, 608, 607, 607, 608, 609, 609, 610, 612, 613, 615, 616, 0, 0, 410, 406, 404, 399, 400, 401, 402, 410, 0, 0, 660, 665, 670, 676, 683, 689, 696, 703, 710, 718, 726, 734, 743]
[0, 667, 663, 659, 654, 650, 647, 644, 641, 637, 633, 632, 629, 627, 625, 622, 620, 619, 618, 617, 610, 615, 614, 607, 608, 608, 607, 608, 609, 609, 611, 610, 613, 615, 616, 616, 0, 0, 0, 406, 402, 399, 399, 400, 403, 409, 0, 659, 664, 670, 676, 681, 688, 695, 701, 709, 716, 723, 732, 740, 749]
[0, 673, 669, 665, 660, 656, 652, 649, 646, 643, 641, 638, 636, 634, 631, 628, 620, 626, 618, 623, 610, 622, 621, 621, 613, 608, 613, 614, 614, 609, 616, 617, 619, 615, 620, 621, 0, 0, 414, 405, 401, 399, 399, 400, 404, 410, 0, 0, 665, 670, 676, 681, 687, 694, 702, 708, 714, 722, 730, 738, 757]
[0, 673, 669, 665, 660, 656, 652, 649, 646, 643, 640, 638, 636, 633, 630, 628, 627, 625, 624, 623, 610, 622, 621, 621, 620, 619, 619, 620, 620, 621, 622, 623, 625, 626, 627, 629, 0, 0, 411, 404, 400, 399, 399, 400, 404, 412, 0, 0, 672, 678, 684, 691, 697, 703, 709, 716, 724, 732, 740, 749, 758]
[0, 692, 686, 681, 678, 675, 671, 667, 663, 661, 658, 656, 654, 652, 649, 647, 646, 645, 643, 642, 641, 641, 639, 621, 620, 619, 619, 619, 620, 620, 622, 623, 625, 626, 627, 628, 0, 0, 411, 404, 400, 399, 399, 400, 404, 411, 0, 0, 672, 678, 684, 691, 697, 703, 709, 716, 724, 732, 740, 749, 758]
[0, 694, 688, 683, 679, 675, 672, 668, 665, 661, 658, 656, 654, 652, 650, 648, 647, 646, 644, 643, 642, 641, 639, 638, 638, 638, 639, 640, 640, 641, 642, 644, 645, 646, 647, 628, 0, 0, 415, 406, 401, 399, 398, 399, 403, 411, 0, 0, 696, 702, 708, 713, 720, 727, 733, 740, 749, 757, 766, 774, 783]
[0, 690, 684, 680, 679, 676, 673, 669, 663, 661, 660, 654, 654, 652, 650, 648, 647, 646, 645, 643, 642, 641, 640, 638, 638, 639, 639, 640, 640, 640, 641, 643, 644, 645, 647, 648, 0, 0, 0, 402, 401, 399, 397, 401, 403, 411, 0, 0, 694, 700, 705, 711, 717, 724, 731, 738, 747, 755, 763, 772, 781]
[0, 699, 694, 689, 684, 681, 678, 674, 671, 667, 665, 654, 663, 660, 657, 654, 653, 646, 651, 649, 647, 641, 647, 639, 639, 639, 639, 639, 640, 640, 641, 642, 643, 645, 646, 647, 0, 0, 410, 403, 400, 398, 398, 400, 404, 411, 0, 0, 693, 699, 704, 710, 716, 723, 730, 736, 745, 754, 762, 770, 779]
[0, 697, 694, 691, 687, 682, 679, 676, 673, 670, 666, 664, 662, 659, 657, 655, 653, 652, 651, 649, 648, 648, 647, 646, 645, 646, 639, 646, 647, 647, 648, 649, 649, 651, 652, 654, 0, 0, 410, 404, 400, 398, 398, 400, 404, 411, 0, 0, 701, 707, 712, 717, 724, 731, 738, 753, 745, 761, 778, 770, 787]
[0, 713, 708, 704, 698, 695, 691, 686, 682, 680, 678, 675, 673, 671, 668, 666, 665, 664, 663, 661, 659, 658, 657, 646, 646, 647, 647, 647, 648, 649, 649, 650, 651, 653, 654, 657, 0, 0, 0, 407, 401, 397, 398, 400, 404, 411, 0, 0, 706, 710, 716, 723, 730, 737, 744, 752, 760, 769, 777, 786, 796]
[0, 709, 708, 705, 700, 696, 691, 687, 684, 681, 678, 676, 674, 671, 668, 667, 666, 664, 663, 661, 659, 658, 658, 657, 657, 658, 657, 658, 659, 661, 661, 662, 663, 664, 666, 657, 0, 0, 414, 405, 400, 398, 397, 399, 402, 411, 0, 0, 717, 723, 730, 736, 743, 751, 759, 766, 774, 782, 792, 801, 811]
[0, 730, 723, 718, 714, 710, 707, 704, 700, 697, 694, 692, 690, 687, 684, 682, 681, 680, 678, 677, 676, 675, 674, 657, 657, 657, 657, 658, 659, 660, 661, 662, 663, 664, 665, 657, 0, 0, 0, 405, 400, 398, 397, 397, 400, 411, 0, 0, 716, 722, 728, 735, 742, 750, 758, 765, 773, 782, 791, 800, 810]
[0, 730, 729, 718, 714, 715, 712, 708, 704, 701, 698, 695, 693, 690, 689, 686, 683, 682, 682, 680, 679, 678, 677, 674, 674, 674, 674, 676, 677, 676, 677, 678, 680, 682, 684, 657, 0, 0, 0, 405, 400, 397, 396, 397, 400, 411, 0, 0, 738, 744, 751, 758, 764, 771, 779, 787, 796, 806, 815, 824, 833]
[0, 730, 730, 718, 714, 715, 712, 708, 704, 701, 698, 695, 693, 691, 689, 686, 683, 683, 682, 680, 679, 678, 677, 676, 676, 677, 677, 677, 678, 678, 679, 681, 681, 683, 685, 687, 0, 0, 408, 402, 400, 396, 397, 397, 402, 409, 0, 0, 736, 742, 749, 755, 762, 769, 784, 793, 802, 810, 819, 828, 837]
[0, 730, 745, 740, 735, 730, 726, 722, 718, 715, 713, 710, 707, 705, 703, 702, 700, 698, 697, 696, 695, 694, 692, 677, 677, 678, 678, 678, 678, 678, 679, 681, 682, 683, 685, 687, 0, 0, 409, 402, 399, 397, 397, 399, 402, 409, 0, 739, 743, 749, 756, 762, 769, 776, 784, 793, 802, 811, 820, 829, 837]
[0, 745, 740, 740, 731, 727, 721, 722, 718, 713, 710, 710, 708, 706, 704, 702, 701, 698, 696, 695, 695, 694, 692, 691, 691, 692, 693, 693, 693, 694, 694, 696, 698, 700, 701, 703, 0, 0, 408, 401, 397, 396, 396, 398, 402, 408, 0, 759, 760, 766, 772, 779, 787, 795, 803, 811, 821, 829, 837, 846, 858]
[0, 747, 742, 736, 731, 726, 722, 718, 715, 713, 710, 708, 706, 706, 704, 700, 701, 699, 697, 694, 694, 694, 693, 691, 691, 692, 693, 693, 693, 694, 694, 696, 698, 699, 701, 703, 0, 0, 408, 401, 397, 395, 396, 398, 402, 408, 0, 759, 760, 766, 772, 0, 786, 795, 803, 811, 821, 829, 836, 846, 858]
[0, 778, 771, 766, 762, 726, 754, 718, 750, 743, 710, 740, 735, 706, 733, 731, 728, 726, 725, 723, 722, 722, 722, 692, 691, 692, 692, 692, 693, 694, 694, 696, 698, 699, 701, 703, 0, 0, 408, 401, 397, 396, 396, 398, 402, 408, 0, 0, 757, 762, 767, 773, 780, 787, 795, 804, 821, 829, 839, 850, 858]
[0, 778, 771, 766, 762, 757, 754, 750, 747, 743, 710, 740, 738, 735, 733, 731, 728, 727, 725, 723, 722, 722, 721, 722, 721, 721, 721, 721, 722, 723, 724, 726, 727, 729, 731, 734, 0, 0, 405, 401, 399, 396, 394, 395, 397, 408, 0, 0, 790, 797, 803, 811, 819, 826, 834, 841, 851, 861, 870, 878, 888]
[0, 780, 774, 769, 764, 758, 754, 751, 747, 744, 741, 739, 736, 733, 731, 729, 728, 725, 725, 724, 723, 722, 721, 721, 721, 721, 720, 721, 722, 723, 724, 726, 728, 730, 731, 734, 0, 0, 0, 404, 399, 396, 395, 396, 399, 408, 0, 0, 792, 799, 806, 813, 820, 828, 834, 842, 854, 864, 871, 880, 890]
[0, 780, 775, 769, 765, 759, 755, 753, 751, 746, 743, 740, 736, 733, 734, 729, 731, 729, 728, 724, 725, 724, 725, 722, 722, 721, 721, 721, 722, 723, 724, 725, 727, 729, 731, 733, 0, 0, 405, 404, 399, 396, 394, 395, 397, 408, 0, 0, 790, 797, 804, 811, 819, 826, 834, 842, 851, 861, 870, 878, 888]
[0, 789, 783, 777, 772, 767, 764, 761, 757, 753, 750, 748, 746, 733, 741, 729, 739, 737, 736, 734, 733, 733, 733, 723, 724, 724, 723, 725, 726, 728, 729, 730, 731, 733, 735, 738, 0, 0, 405, 405, 396, 396, 395, 395, 397, 408, 0, 0, 799, 805, 812, 819, 827, 833, 841, 850, 860, 870, 877, 887, 898]
[0, 804, 783, 798, 792, 786, 781, 778, 774, 770, 768, 765, 763, 760, 757, 755, 753, 752, 751, 749, 748, 748, 747, 733, 732, 732, 732, 733, 733, 734, 736, 736, 738, 741, 743, 748, 0, 0, 0, 404, 399, 396, 395, 396, 398, 408, 0, 0, 807, 814, 822, 828, 834, 843, 853, 863, 871, 879, 888, 897, 908]
[0, 825, 818, 813, 807, 804, 800, 795, 792, 789, 786, 765, 783, 781, 779, 777, 776, 774, 772, 770, 769, 769, 768, 747, 747, 748, 749, 749, 749, 750, 752, 754, 755, 756, 759, 748, 0, 0, 408, 400, 396, 395, 394, 396, 400, 406, 0, 0, 0, 831, 822, 844, 0, 854, 863, 871, 879, 888, 897, 906, 918]
[0, 825, 830, 825, 820, 813, 809, 806, 803, 798, 795, 792, 789, 786, 784, 781, 779, 779, 778, 777, 775, 774, 773, 766, 766, 768, 768, 768, 769, 770, 771, 773, 776, 778, 779, 748, 0, 0, 409, 400, 396, 394, 394, 395, 398, 404, 0, 0, 845, 853, 862, 868, 876, 884, 891, 901, 911, 921, 932, 942, 918]
[0, 843, 836, 832, 827, 823, 818, 814, 810, 807, 804, 801, 799, 795, 793, 791, 789, 788, 786, 786, 784, 783, 773, 773, 773, 774, 774, 775, 777, 778, 779, 781, 783, 786, 789, 748, 0, 0, 407, 400, 399, 395, 394, 394, 400, 404, 406, 0, 0, 856, 864, 871, 878, 886, 894, 903, 914, 924, 933, 943, 954]
[0, 839, 834, 829, 825, 820, 816, 813, 810, 806, 804, 802, 799, 797, 793, 791, 789, 788, 787, 786, 784, 783, 783, 782, 782, 783, 783, 784, 786, 787, 788, 790, 793, 786, 795, 799, 0, 0, 406, 399, 395, 395, 394, 394, 396, 404, 406, 0, 0, 867, 874, 881, 888, 896, 905, 914, 924, 934, 943, 953, 964]
[0, 854, 847, 841, 834, 831, 828, 825, 821, 817, 814, 812, 809, 807, 806, 802, 800, 799, 799, 798, 784, 796, 783, 783, 782, 783, 784, 784, 785, 786, 788, 789, 791, 794, 797, 799, 0, 0, 409, 400, 396, 394, 394, 395, 398, 404, 406, 0, 864, 871, 878, 885, 892, 900, 909, 920, 930, 939, 949, 960, 974]
[0, 852, 846, 839, 834, 830, 827, 824, 821, 817, 814, 812, 809, 807, 807, 802, 800, 799, 799, 797, 796, 796, 783, 795, 796, 796, 796, 796, 798, 799, 800, 801, 804, 806, 808, 810, 0, 0, 409, 404, 398, 395, 394, 394, 396, 404, 406, 0, 0, 879, 886, 894, 902, 910, 920, 930, 939, 949, 960, 970, 982]
[0, 871, 866, 860, 855, 850, 846, 841, 837, 834, 831, 829, 827, 825, 823, 821, 820, 819, 817, 815, 815, 815, 783, 795, 795, 796, 796, 796, 797, 799, 800, 801, 804, 806, 809, 810, 0, 0, 409, 404, 398, 395, 394, 394, 396, 400, 407, 0, 0, 878, 885, 893, 901, 909, 918, 926, 936, 946, 955, 979, 993]
[0, 871, 869, 864, 859, 854, 848, 844, 840, 836, 833, 831, 829, 827, 824, 822, 821, 819, 818, 817, 815, 815, 815, 814, 815, 815, 816, 796, 816, 819, 800, 823, 825, 827, 809, 829, 0, 0, 405, 404, 395, 393, 394, 395, 396, 406, 407, 0, 896, 904, 912, 921, 931, 940, 948, 957, 968, 980, 991, 1002, 1014]
[0, 890, 885, 879, 875, 870, 867, 864, 861, 857, 853, 850, 846, 844, 842, 839, 837, 835, 835, 834, 833, 833, 833, 814, 814, 815, 815, 815, 816, 818, 821, 822, 824, 827, 828, 832, 0, 0, 0, 403, 397, 394, 393, 394, 396, 406, 407, 0, 0, 898, 906, 916, 926, 935, 942, 950, 959, 971, 983, 994, 1018]
[0, 890, 885, 879, 875, 870, 867, 864, 861, 857, 853, 850, 846, 844, 841, 840, 838, 836, 835, 834, 833, 833, 832, 833, 833, 833, 833, 834, 836, 837, 838, 840, 844, 847, 849, 832, 0, 0, 409, 400, 396, 394, 394, 395, 397, 406, 407, 0, 921, 925, 934, 942, 950, 959, 969, 978, 988, 999, 1010, 1022, 1033]
[0, 893, 886, 881, 876, 872, 869, 866, 863, 860, 856, 853, 849, 846, 844, 842, 840, 838, 837, 836, 836, 835, 832, 833, 833, 833, 833, 834, 835, 837, 838, 840, 844, 847, 849, 832, 0, 0, 408, 400, 396, 394, 394, 395, 397, 406, 407, 0, 921, 924, 933, 942, 950, 959, 969, 979, 989, 1001, 1012, 1024, 1035]
[0, 905, 899, 892, 887, 882, 879, 876, 872, 870, 867, 865, 862, 859, 856, 854, 852, 851, 849, 848, 847, 846, 847, 836, 836, 834, 835, 837, 839, 840, 842, 845, 847, 850, 854, 832, 0, 0, 408, 400, 395, 393, 393, 395, 398, 406, 407, 0, 924, 930, 938, 944, 954, 964, 972, 983, 995, 1003, 1015, 1029, 1041]
[0, 901, 896, 890, 884, 879, 876, 873, 871, 868, 865, 862, 859, 856, 855, 853, 851, 850, 848, 848, 847, 845, 847, 847, 847, 846, 847, 847, 848, 851, 852, 855, 857, 859, 866, 832, 0, 0, 0, 403, 398, 393, 394, 396, 400, 407, 407, 0, 936, 943, 950, 959, 969, 979, 989, 999, 1009, 1019, 1031, 1044, 1057]
[0, 939, 933, 927, 922, 918, 912, 908, 905, 901, 897, 895, 894, 892, 890, 888, 887, 885, 884, 883, 882, 882, 845, 846, 846, 847, 847, 847, 849, 852, 854, 855, 859, 862, 865, 832, 0, 0, 408, 399, 395, 393, 393, 394, 397, 407, 407, 0, 0, 939, 946, 953, 963, 975, 985, 995, 1004, 1014, 1025, 1037, 1064]
[0, 949, 943, 937, 932, 927, 923, 919, 915, 912, 910, 907, 905, 903, 901, 898, 896, 894, 893, 893, 892, 893, 882, 882, 882, 883, 884, 886, 887, 887, 889, 891, 893, 895, 899, 832, 0, 0, 406, 398, 395, 393, 393, 394, 397, 403, 407, 0, 0, 986, 994, 1003, 1012, 1021, 1032, 1043, 1054, 1068, 1082, 1095, 1109]
[0, 967, 960, 954, 948, 944, 941, 937, 934, 929, 924, 922, 919, 917, 915, 913, 912, 911, 910, 909, 908, 908, 893, 894, 893, 894, 895, 896, 897, 897, 899, 901, 903, 905, 911, 832, 0, 0, 405, 398, 395, 393, 393, 394, 399, 405, 407, 0, 993, 999, 1007, 1016, 1026, 1036, 1046, 1057, 1070, 1083, 1095, 1109, 1123]
[0, 966, 959, 953, 948, 945, 941, 937, 934, 930, 927, 924, 921, 919, 917, 916, 915, 914, 912, 912, 912, 912, 908, 908, 909, 909, 909, 911, 912, 913, 915, 916, 918, 921, 926, 832, 0, 0, 407, 399, 395, 393, 393, 394, 397, 405, 407, 0, 0, 1013, 1022, 1031, 1041, 1051, 1062, 1072, 1083, 1096, 1110, 1125, 1140]
[0, 1002, 997, 991, 984, 979, 973, 937, 968, 965, 962, 957, 954, 952, 951, 949, 947, 947, 946, 946, 946, 945, 945, 913, 913, 914, 914, 917, 919, 920, 920, 922, 918, 927, 931, 934, 0, 0, 407, 403, 397, 394, 393, 394, 395, 405, 407, 0, 0, 1015, 1033, 0, 1041, 1063, 1074, 1072, 1085, 1098, 1113, 1142, 1140]
[0, 1039, 1033, 1027, 1021, 1015, 1009, 1006, 1003, 965, 1000, 996, 994, 952, 991, 990, 988, 986, 986, 986, 986, 984, 984, 946, 947, 948, 949, 950, 950, 951, 952, 955, 958, 960, 964, 934, 0, 0, 408, 399, 395, 393, 393, 394, 397, 405, 407, 0, 0, 1057, 1067, 1076, 1084, 1096, 1108, 1120, 1135, 1149, 1162, 1176, 1190]
[0, 1053, 1046, 1039, 1032, 1028, 1022, 1017, 1014, 1010, 1006, 1004, 1002, 1001, 1000, 998, 997, 996, 996, 995, 994, 994, 984, 986, 987, 987, 988, 988, 989, 991, 994, 996, 997, 1000, 1004, 934, 0, 0, 407, 399, 395, 393, 393, 394, 397, 403, 407, 0, 0, 1100, 1110, 1120, 1132, 1144, 1157, 1170, 1184, 1198, 1210, 1224, 1242]
[0, 1055, 1049, 1043, 1036, 1030, 1025, 1021, 1018, 1014, 1011, 1004, 1007, 1001, 1004, 1001, 1002, 1002, 1000, 999, 998, 998, 999, 995, 995, 996, 997, 999, 1000, 1001, 1003, 1005, 1009, 1012, 1018, 934, 0, 0, 0, 402, 397, 394, 393, 394, 396, 403, 407, 0, 0, 1110, 1121, 1131, 1143, 1156, 1168, 1180, 1193, 1206, 1219, 1234, 1250]
[0, 1055, 1080, 1072, 1065, 1060, 1056, 1050, 1046, 1042, 1038, 1036, 1035, 1033, 1030, 1028, 1026, 1027, 1026, 1026, 1026, 1025, 999, 999, 1001, 1001, 1001, 1001, 1003, 1005, 1007, 1008, 1011, 1014, 1018, 934, 0, 0, 0, 401, 396, 394, 393, 394, 397, 403, 407, 0, 0, 1116, 1126, 1136, 1149, 1162, 1172, 1183, 1196, 1211, 1224, 1235, 1251]
[0, 1090, 1085, 1077, 1071, 1066, 1061, 1054, 1049, 1046, 1043, 1040, 1037, 1035, 1034, 1031, 1029, 1029, 1028, 1028, 1028, 1028, 1026, 1027, 1028, 1028, 1029, 1031, 1033, 1036, 1038, 1040, 1042, 1046, 1050, 934, 0, 0, 408, 399, 395, 393, 393, 394, 397, 403, 407, 0, 0, 1156, 1166, 1175, 1187, 1198, 1210, 1226, 1240, 1252, 1267, 1284, 1301]
[0, 1091, 1084, 1078, 1073, 1067, 1061, 1056, 1051, 1047, 1044, 1042, 1039, 1037, 1036, 1034, 1033, 1032, 1032, 1032, 1031, 1031, 1029, 1030, 1030, 1030, 1031, 1033, 1035, 1038, 1039, 1041, 1045, 1049, 1053, 934, 0, 0, 405, 399, 398, 395, 394, 395, 397, 399, 406, 0, 0, 1159, 1169, 1179, 1191, 1204, 1217, 1231, 1245, 1258, 1273, 1290, 1301]
[0, 1091, 1085, 1079, 1075, 1068, 1061, 1057, 1052, 1047, 1045, 1043, 1040, 1037, 1036, 1034, 1032, 1032, 1032, 1031, 1031, 1032, 1033, 1032, 1032, 1033, 1031, 1037, 1039, 1038, 1041, 1046, 1045, 1050, 1054, 1061, 0, 0, 0, 401, 396, 394, 393, 394, 397, 399, 406, 0, 0, 1157, 1167, 1177, 1189, 1200, 1212, 1226, 1240, 1254, 1268, 1285, 1302]
[0, 1101, 1093, 1079, 1080, 1068, 1076, 1071, 1066, 1062, 1060, 1057, 1053, 1051, 1049, 1047, 1047, 1045, 1045, 1046, 1044, 1045, 1032, 1031, 1032, 1033, 1035, 1037, 1038, 1040, 1042, 1044, 1049, 1055, 1058, 1061, 0, 0, 0, 403, 397, 394, 393, 394, 396, 399, 406, 0, 1156, 1165, 1175, 1187, 1199, 1210, 1225, 1239, 1253, 1267, 1283, 1302, 1302]
[0, 1120, 1112, 1104, 1097, 1092, 1088, 1084, 1078, 1074, 1072, 1069, 1065, 1063, 1062, 1061, 1059, 1059, 1059, 1058, 1058, 1059, 1046, 1046, 1047, 1050, 1052, 1052, 1055, 1058, 1060, 1064, 1068, 1072, 1076, 1061, 0, 0, 406, 398, 395, 394, 393, 395, 396, 406, 406, 0, 0, 1183, 1194, 1205, 1217, 1231, 1244, 1257, 1272, 1288, 1304, 1302, 1329]
[0, 1160, 1154, 1148, 1140, 1132, 1127, 1122, 1117, 1112, 1108, 1105, 1102, 1100, 1099, 1099, 1099, 1096, 1095, 1096, 1098, 1099, 1060, 1060, 1061, 1063, 1064, 1066, 1069, 1073, 1075, 1077, 1081, 1085, 1089, 1061, 0, 0, 406, 398, 395, 395, 394, 395, 396, 406, 406, 0, 1192, 1202, 1214, 1227, 1241, 1254, 1266, 1280, 1297, 1288, 1304, 0, 1366]
[0, 1160, 1154, 1147, 1141, 1134, 1125, 1120, 1117, 1112, 1109, 1106, 1102, 1100, 1099, 1099, 1099, 1097, 1095, 1095, 1097, 1097, 1099, 1099, 1101, 1103, 1104, 1106, 1109, 1112, 1115, 1117, 1119, 1122, 1129, 1061, 0, 0, 0, 402, 396, 394, 393, 394, 397, 406, 406, 0, 0, 1239, 1257, 1266, 1275, 1289, 1306, 1324, 1338, 1353, 1370, 1389, 1416]
[0, 1175, 1168, 1162, 1156, 1151, 1145, 1140, 1136, 1132, 1128, 1125, 1122, 1121, 1099, 1120, 1099, 1118, 1118, 1118, 1118, 1118, 1096, 1098, 1100, 1103, 1105, 1106, 1107, 1110, 1113, 1116, 1119, 1122, 1127, 1061, 0, 0, 409, 400, 395, 393, 393, 394, 398, 404, 406, 0, 0, 1240, 1258, 1273, 1281, 1293, 1310, 1330, 1343, 1357, 1376, 1391, 1413]
[0, 1193, 1185, 1178, 1172, 1166, 1161, 1157, 1153, 1152, 1148, 1142, 1139, 1136, 1135, 1135, 1135, 1133, 1134, 1134, 1135, 1136, 1118, 1119, 1122, 1124, 1127, 1127, 1130, 1134, 1139, 1140, 1141, 1143, 1149, 1061, 0, 0, 407, 400, 395, 393, 393, 396, 398, 400, 407, 0, 1263, 1271, 1283, 1297, 1312, 1327, 1342, 1355, 1372, 1388, 1409, 1429, 1413]
[0, 1196, 1188, 1183, 1177, 1170, 1164, 1160, 1157, 1155, 1151, 1146, 1142, 1140, 1138, 1136, 1136, 1136, 1135, 1135, 1135, 1136, 1135, 1138, 1122, 1139, 1139, 1141, 1145, 1148, 1152, 1154, 1156, 1159, 1163, 1061, 0, 0, 0, 401, 396, 0, 393, 395, 399, 404, 407, 0, 0, 1286, 1296, 1308, 1324, 1340, 1354, 1370, 1387, 1404, 1426, 1429, 1453]
[0, 1215, 1207, 1201, 1195, 1188, 1183, 1178, 1175, 1172, 1169, 1166, 1163, 1160, 1159, 1159, 1159, 1159, 1159, 1159, 1158, 1159, 1137, 1139, 1140, 1141, 1143, 1146, 1149, 1151, 1155, 1159, 1160, 1163, 1167, 1061, 0, 0, 0, 404, 398, 394, 394, 395, 397, 404, 407, 0, 1283, 1295, 1307, 1321, 1336, 1350, 1367, 1382, 1397, 1416, 1426, 1445, 1473]
[0, 1249, 1241, 1235, 1229, 1221, 1216, 1212, 1208, 1203, 1200, 1166, 1198, 1195, 1193, 1190, 1189, 1188, 1188, 1187, 1187, 1188, 1160, 1161, 1161, 1163, 1164, 1165, 1167, 1169, 1171, 1174, 1175, 1179, 1186, 1061, 0, 0, 406, 404, 399, 395, 394, 396, 398, 409, 407, 0, 0, 1323, 1336, 1348, 1361, 1373, 1387, 1405, 1422, 1443, 1466, 1483, 1500]
[0, 1249, 1241, 1235, 1229, 1221, 1214, 1212, 1211, 1209, 1205, 1200, 1195, 1193, 1192, 1190, 1189, 1188, 1188, 1187, 1188, 1189, 1190, 1190, 1192, 1197, 1205, 1212, 1211, 1212, 1214, 1217, 1219, 1223, 1228, 1061, 0, 0, 409, 401, 397, 395, 395, 396, 401, 408, 407, 0, 0, 1357, 1369, 1381, 1394, 1408, 1423, 1405, 1443, 1464, 1480, 1495, 1507]
[0, 1249, 1241, 1235, 1229, 1221, 1221, 1214, 1211, 1208, 1204, 1200, 1195, 1193, 1192, 1191, 1190, 1188, 1188, 1188, 1188, 1189, 1190, 1194, 1195, 1199, 1208, 1212, 1211, 1213, 1216, 1221, 1222, 1223, 1229, 1061, 0, 0, 409, 399, 397, 395, 396, 396, 398, 408, 407, 0, 1351, 1359, 1370, 1382, 1396, 1412, 1429, 1442, 1453, 1468, 1485, 1500, 1516]
[0, 1257, 1249, 1241, 1235, 1231, 1223, 1217, 1214, 1210, 1206, 1204, 1202, 1199, 1198, 1196, 1195, 1195, 1201, 1207, 1205, 1189, 1190, 1194, 1195, 1201, 1209, 1211, 1212, 1212, 1214, 1218, 1220, 1225, 1232, 1061, 0, 0, 409, 406, 399, 396, 396, 396, 398, 408, 407, 0, 1352, 1361, 1372, 1386, 1400, 1413, 1429, 1435, 1454, 1471, 1487, 1502, 1513]
[0, 1272, 1265, 1257, 1251, 1245, 1239, 1217, 1231, 1210, 1226, 1221, 1219, 1218, 1215, 1213, 1214, 1215, 1215, 1219, 1224, 1223, 1202, 1204, 1206, 1207, 1215, 1220, 1218, 1221, 1224, 1226, 1230, 1232, 1238, 1061, 0, 0, 0, 402, 399, 396, 0, 396, 397, 408, 407, 0, 0, 1373, 1385, 1396, 1405, 1414, 1426, 1440, 1452, 1466, 1480, 1495, 1507]
[0, 1338, 1265, 1325, 1313, 1308, 1301, 1296, 1293, 1289, 1287, 1286, 1219, 1283, 1282, 1281, 1280, 1281, 1282, 1282, 1283, 1284, 1222, 1225, 1223, 1230, 1237, 1234, 1234, 1235, 1236, 1238, 1239, 1244, 1249, 1061, 0, 0, 0, 406, 399, 396, 396, 397, 398, 408, 407, 0, 1371, 1378, 1386, 1396, 1408, 1419, 1431, 1444, 1456, 1472, 1486, 1500, 1513]
[0, 1395, 1387, 1381, 1374, 1370, 1367, 1362, 1357, 1351, 1345, 1340, 1338, 1283, 1337, 1334, 1329, 1325, 1318, 1309, 1306, 1304, 1284, 1284, 1286, 1288, 1288, 1288, 1289, 1290, 1293, 1290, 1287, 1291, 1295, 1061, 0, 0, 0, 409, 400, 396, 396, 397, 398, 408, 407, 0, 1370, 1378, 1386, 1396, 1405, 1416, 1427, 1439, 1454, 1471, 1486, 1500, 1512]
[0, 1395, 1388, 1381, 1376, 1372, 1364, 1360, 1356, 1350, 1344, 1340, 1338, 1336, 1333, 1328, 1325, 1324, 1317, 1309, 1305, 1304, 1302, 1298, 1293, 1291, 1290, 1288, 1289, 1289, 1288, 1289, 1289, 1291, 1295, 1061, 0, 0, 409, 409, 402, 398, 398, 397, 400, 405, 407, 0, 1369, 1377, 1385, 1395, 1405, 1415, 1427, 1437, 1452, 1470, 1485, 1500, 1499]
[0, 1411, 1398, 1391, 1389, 1385, 1376, 1360, 1367, 1362, 1344, 1358, 1353, 1349, 1344, 1336, 1326, 1318, 1314, 1310, 1307, 1304, 1299, 1294, 1293, 1291, 1291, 1291, 1290, 1289, 1288, 1288, 1289, 1291, 1295, 1298, 0, 0, 0, 404, 400, 398, 398, 399, 400, 405, 407, 0, 1368, 1372, 1380, 1391, 1402, 1412, 1423, 1435, 1449, 1462, 1477, 1494, 1507]
[0, 1419, 1407, 1396, 1392, 1387, 1383, 1375, 1369, 1366, 1360, 1355, 1352, 1349, 1338, 1328, 1322, 1316, 1312, 1309, 1305, 1304, 1300, 1297, 1293, 1292, 1291, 1291, 1290, 1289, 1288, 1289, 1290, 1291, 1294, 1298, 0, 0, 0, 409, 402, 399, 397, 398, 401, 406, 407, 0, 1368, 1376, 1384, 1394, 1404, 1415, 1426, 1435, 1438, 1451, 1468, 1484, 1497]
[0, 1419, 1443, 1420, 1411, 1404, 0, 1397, 1390, 1381, 1371, 1360, 1352, 1345, 1340, 1334, 1325, 1319, 1314, 1309, 1305, 1302, 1299, 1294, 1291, 1291, 1291, 1290, 1290, 1288, 1288, 1288, 1289, 1291, 1295, 1298, 0, 0, 0, 404, 400, 397, 397, 398, 399, 406, 407, 0, 1367, 1373, 1381, 1388, 1398, 1411, 1422, 1433, 1447, 1461, 1476, 1494, 1506]
[0, 1449, 1429, 1420, 1420, 1411, 1404, 1397, 1390, 1381, 1370, 1361, 1353, 1345, 1339, 1333, 1325, 1319, 1314, 1309, 1305, 1302, 1300, 1296, 1292, 1291, 1290, 1288, 1286, 1288, 1289, 1290, 1291, 1292, 1294, 1298, 0, 0, 0, 409, 402, 398, 398, 400, 401, 407, 407, 0, 1367, 1376, 0, 1384, 1394, 1404, 1415, 1426, 1438, 1451, 1468, 1484, 1498]
[0, 1473, 1456, 1443, 1429, 1415, 1404, 1395, 1386, 1375, 1364, 1358, 1351, 1343, 1333, 1327, 1321, 1315, 1312, 1309, 1305, 1301, 1300, 1296, 1292, 1291, 1291, 1288, 1287, 1288, 1289, 1290, 1291, 1291, 1293, 1298, 0, 0, 0, 409, 402, 398, 398, 399, 401, 407, 407, 0, 0, 1367, 1376, 1384, 1394, 1405, 1415, 1426, 1438, 1452, 1468, 1484, 1499]
[0, 1466, 1450, 1436, 1425, 1413, 1400, 1390, 1380, 1370, 1362, 1355, 1348, 1340, 1331, 1327, 1326, 1321, 1314, 1309, 1305, 1303, 1297, 1294, 1290, 1287, 1286, 1287, 1285, 1284, 1286, 1286, 1287, 1289, 1293, 1292, 0, 0, 0, 409, 402, 399, 399, 400, 401, 407, 407, 0, 1362, 1366, 1373, 1383, 1394, 1403, 1414, 1427, 1439, 1452, 1467, 1484, 1502]
[0, 1466, 1450, 1436, 1424, 1412, 1400, 1390, 1380, 1370, 1362, 1355, 1348, 1340, 1331, 1331, 1325, 1321, 1314, 1309, 1305, 1303, 1301, 1297, 1293, 1289, 1287, 1287, 1287, 1287, 1288, 1286, 1287, 1290, 1293, 1296, 0, 0, 0, 409, 401, 400, 399, 401, 402, 407, 407, 0, 1358, 1372, 1381, 1387, 1397, 1412, 1424, 1433, 1445, 1460, 1477, 1493, 1508]
[0, 1466, 1450, 1436, 1424, 1412, 1400, 1389, 1379, 1370, 1362, 1355, 1347, 1339, 1330, 1325, 1325, 1321, 1314, 1309, 1305, 1301, 1300, 1297, 1293, 1288, 1286, 1287, 1288, 1287, 1287, 1288, 1289, 1290, 1293, 1297, 0, 0, 0, 0, 405, 401, 400, 401, 403, 409, 407, 0, 1361, 1371, 1381, 1391, 1399, 1407, 1419, 1433, 1448, 1460, 1460, 1476, 1491]
[0, 1473, 1457, 1444, 1429, 1414, 1402, 1394, 1384, 1373, 1365, 1358, 1351, 1342, 1335, 1327, 1319, 1314, 1311, 1308, 1304, 1300, 1298, 1296, 1292, 1288, 1286, 1286, 1286, 1286, 1284, 1284, 1287, 1289, 1290, 1292, 0, 0, 0, 406, 401, 401, 400, 401, 408, 409, 407, 0, 1358, 1368, 1376, 1386, 1396, 1408, 1420, 1433, 1445, 1457, 1473, 1492, 1507]
[0, 1464, 1449, 1433, 1421, 1409, 1396, 1388, 1379, 1368, 1359, 1358, 1354, 1345, 1337, 1330, 1323, 1318, 1313, 1309, 1304, 1300, 1297, 1293, 1293, 1290, 1286, 1286, 1285, 1285, 1286, 1287, 1288, 1290, 1292, 1292, 0, 0, 0, 409, 402, 399, 399, 400, 408, 409, 407, 0, 1362, 1366, 1373, 1382, 1394, 1403, 1412, 1426, 1440, 1452, 1468, 1484, 1501]
[0, 1463, 1448, 1433, 1419, 1407, 1396, 1388, 1379, 1368, 1368, 1358, 1352, 1345, 1335, 1328, 1322, 1317, 1313, 1309, 1303, 1300, 1299, 1293, 1289, 1289, 1288, 1286, 1285, 1284, 1283, 1287, 1288, 1290, 1293, 1296, 0, 0, 0, 0, 405, 401, 400, 401, 403, 410, 407, 0, 1361, 1371, 1380, 1387, 1397, 1407, 1419, 1434, 1447, 1452, 1460, 1476, 1491]
[0, 1473, 1457, 1443, 1428, 1414, 1403, 1394, 1384, 1373, 1365, 1357, 1349, 1342, 1333, 1325, 1319, 1316, 1312, 1307, 1303, 1300, 1298, 1292, 1289, 1288, 1288, 1286, 1285, 1283, 1283, 1287, 1289, 1289, 1292, 1296, 0, 0, 0, 0, 405, 401, 400, 401, 403, 410, 407, 0, 1361, 1371, 1380, 1387, 0, 1410, 1422, 1434, 1434, 1447, 1461, 1477, 1491]
[0, 1461, 1444, 1430, 1418, 1407, 1396, 1394, 1388, 1376, 1365, 1358, 1351, 1344, 1336, 1330, 1324, 1317, 1312, 1306, 1301, 1299, 1297, 1293, 1292, 1289, 1286, 1285, 1284, 1284, 1287, 1287, 1287, 1289, 1289, 1296, 0, 0, 0, 412, 405, 402, 400, 401, 403, 410, 407, 0, 1358, 1365, 1374, 1380, 1390, 1404, 1415, 1427, 1438, 1451, 1466, 1483, 1499]
[0, 1460, 1444, 1430, 1418, 1406, 1396, 1394, 1384, 1373, 1366, 1358, 1351, 1343, 1335, 1327, 1320, 1317, 1312, 1307, 1302, 1299, 1296, 1291, 1289, 1289, 1289, 1285, 1285, 1287, 1286, 1284, 1287, 1290, 1291, 1293, 0, 0, 0, 0, 406, 402, 401, 401, 404, 411, 0, 1362, 1363, 1370, 1379, 1387, 1396, 1409, 1422, 1434, 1438, 1446, 1460, 1477, 1492]
[0, 1465, 1452, 1442, 1428, 1414, 1401, 1392, 1382, 1371, 1364, 1354, 1345, 1336, 1330, 1324, 1317, 1314, 1311, 1307, 1302, 1299, 1297, 1293, 1289, 1288, 1287, 1284, 1283, 1283, 1282, 1286, 1285, 1285, 1289, 1290, 0, 0, 0, 0, 408, 404, 402, 403, 406, 414, 0, 1367, 1371, 1384, 1396, 1409, 1421, 1429, 1439, 1451, 1438, 1465, 1494, 0, 1492]
[0, 1463, 1449, 1434, 1421, 1411, 1397, 1386, 1378, 1368, 1360, 1353, 1346, 1338, 1329, 1321, 1316, 1314, 1308, 1303, 1300, 1299, 1295, 1292, 1288, 1285, 1285, 1282, 1281, 1284, 1285, 1286, 1286, 1285, 1289, 1290, 0, 0, 0, 0, 407, 403, 402, 405, 409, 414, 0, 0, 1372, 1381, 1390, 1399, 1413, 1423, 1432, 1445, 1456, 1469, 1483, 1500, 1507]
[0, 1464, 1448, 1435, 1422, 1409, 1399, 1388, 1378, 1370, 1362, 1353, 1344, 1338, 1331, 1323, 1316, 1312, 1307, 1301, 1299, 1298, 1295, 1291, 1290, 1290, 1286, 1281, 1282, 1285, 1285, 1285, 1288, 1288, 1292, 1297, 0, 0, 0, 412, 406, 404, 402, 407, 412, 414, 0, 0, 1375, 1386, 1390, 1401, 1414, 1422, 1434, 1448, 1458, 1472, 1488, 1502, 1509]
[0, 1459, 1447, 1432, 1420, 1408, 1397, 1385, 1375, 1369, 1357, 1349, 1344, 1335, 1330, 1323, 1321, 1316, 1313, 1308, 1304, 1299, 1293, 1290, 1288, 1285, 1284, 1282, 1282, 1284, 1285, 1289, 1294, 1297, 1292, 1307, 0, 0, 0, 0, 408, 405, 404, 405, 409, 414, 0, 0, 1369, 1380, 1390, 1399, 1413, 1422, 1431, 1444, 1454, 1467, 1483, 1496, 1504]
[0, 1456, 1443, 1429, 1420, 1415, 1404, 1393, 1382, 1373, 1364, 1354, 1348, 1343, 1335, 1326, 1320, 1316, 1311, 1305, 1300, 1298, 1295, 1293, 1291, 1288, 1286, 1284, 1283, 1285, 1285, 1288, 1294, 1299, 1303, 1304, 0, 0, 0, 412, 406, 404, 404, 407, 409, 412, 0, 1369, 1370, 1380, 1391, 1401, 1413, 1422, 1434, 1448, 1458, 1472, 1488, 1502, 1507]
[0, 1463, 1448, 1434, 1421, 1409, 1396, 1386, 1378, 1369, 1360, 1352, 1344, 1337, 1331, 1323, 1315, 1313, 1308, 1301, 1301, 1299, 1295, 1292, 1288, 1288, 1288, 1285, 1285, 1288, 1291, 1290, 1293, 1299, 1301, 1304, 0, 0, 0, 0, 411, 405, 403, 405, 408, 416, 0, 1369, 1372, 1385, 1397, 1406, 1415, 1427, 1439, 1452, 1465, 1476, 1490, 1495, 1500]
[0, 1466, 1452, 1441, 1427, 1414, 1403, 1393, 1383, 1373, 1364, 1360, 1356, 1351, 1345, 1339, 1332, 1326, 1321, 1317, 1312, 1309, 1296, 1296, 1296, 1294, 1297, 1299, 1298, 1298, 1297, 1299, 1300, 1301, 1301, 1303, 0, 0, 0, 0, 408, 405, 405, 407, 412, 416, 0, 0, 1371, 1380, 1390, 1401, 1414, 1423, 1432, 1445, 1457, 1469, 1483, 1499, 1506]
[0, 1460, 1448, 1432, 1420, 1410, 1399, 1387, 1377, 1368, 1361, 1357, 1355, 1347, 1339, 1336, 1330, 1325, 1321, 1317, 1315, 1309, 1309, 1306, 1303, 1301, 1299, 1299, 1299, 1299, 1298, 1299, 1300, 1299, 1300, 1305, 0, 0, 0, 0, 411, 407, 406, 407, 411, 416, 0, 1366, 1375, 1385, 1395, 1408, 1420, 1429, 1432, 1451, 1464, 1478, 1493, 1499, 1513]
[0, 1460, 1443, 1429, 1419, 1408, 1395, 1386, 1377, 1368, 1361, 1359, 1355, 1347, 1341, 1336, 1335, 1329, 1326, 1321, 1315, 1312, 1309, 1304, 1303, 1301, 1301, 1299, 1299, 1298, 1298, 1299, 1301, 1301, 1302, 1304, 0, 0, 0, 0, 409, 406, 406, 0, 413, 416, 0, 1371, 1370, 1380, 1390, 1400, 1412, 1421, 1432, 1444, 1457, 1468, 1482, 1495, 1503]
[0, 1467, 1451, 1443, 1440, 1431, 1415, 1403, 1397, 1388, 1378, 1367, 1356, 1351, 1345, 1335, 1330, 1329, 1326, 1320, 1316, 1314, 1308, 1307, 1307, 1305, 1300, 1300, 1300, 1297, 1297, 1298, 1298, 1299, 1303, 1304, 0, 0, 0, 0, 0, 406, 406, 408, 413, 414, 0, 1369, 1370, 1381, 1390, 1401, 1412, 1421, 1434, 1446, 1457, 1471, 1485, 1497, 1505]
[0, 1478, 1463, 1451, 1439, 1428, 1419, 1406, 1399, 1391, 1378, 1365, 1356, 1351, 1350, 1342, 1336, 1331, 1326, 1321, 1316, 1312, 1310, 1305, 1303, 1302, 1301, 1300, 1300, 1298, 1297, 1298, 1300, 1302, 1302, 1304, 1307, 0, 0, 0, 410, 407, 407, 408, 413, 414, 0, 1366, 1369, 1380, 1390, 1400, 1412, 1422, 1434, 1446, 1456, 1470, 1485, 1497, 1503]
[0, 1478, 1463, 1450, 1441, 1429, 1419, 1418, 1405, 1394, 1387, 1376, 1365, 1358, 1351, 1342, 1335, 1330, 1325, 1320, 1318, 1315, 1309, 1307, 1306, 1304, 1300, 1299, 1299, 1297, 1297, 1298, 1298, 1299, 1302, 1304, 1307, 0, 0, 0, 411, 407, 407, 0, 413, 414, 0, 1363, 1369, 1381, 1391, 1400, 1412, 1422, 1433, 1447, 1458, 1470, 1484, 1497, 1504]
[0, 1489, 1471, 1457, 1446, 1434, 1425, 1413, 1402, 1393, 1383, 1376, 1364, 1353, 1346, 1339, 1332, 1330, 1325, 1317, 1313, 1309, 1309, 1307, 1305, 1302, 1302, 1301, 1298, 1299, 1299, 1297, 1298, 1299, 1302, 1304, 1307, 0, 0, 0, 0, 410, 409, 412, 413, 414, 0, 1363, 1373, 1386, 1394, 1403, 1415, 1421, 1433, 1451, 1462, 1473, 1487, 1501, 1509]
[0, 1482, 1467, 1455, 1443, 1431, 1421, 1409, 1396, 1387, 1378, 1369, 1360, 1352, 1349, 1340, 1332, 1329, 1323, 1316, 1313, 1311, 1308, 1306, 1303, 1300, 1299, 1298, 1299, 1298, 1297, 1299, 1300, 1299, 1300, 1304, 1307, 0, 0, 0, 0, 411, 409, 410, 414, 414, 0, 1366, 1376, 1385, 1395, 1406, 1417, 1428, 1439, 1451, 1464, 1477, 1489, 1492, 1498]
[0, 1482, 1466, 1454, 1443, 1431, 1421, 1408, 1399, 1391, 1379, 1370, 1360, 1353, 1345, 1337, 1332, 1329, 1323, 1316, 1313, 1310, 1308, 1305, 1303, 1302, 1301, 1298, 1298, 1301, 1300, 1298, 1300, 1299, 1301, 1302, 1307, 0, 0, 0, 418, 413, 412, 410, 414, 414, 0, 1360, 1368, 1380, 1389, 1399, 1412, 1422, 1432, 1444, 1453, 1466, 1483, 1495, 1502]
