[0, 0, 0, 0, 0, 0, 0, 0, 0, 0, 0, 0, 0, 0, 0, 0, 0, 0, 0, 0, 0, 0, 0, 0, 0, 0, 0, 0, 0, 0, 0, 0, 0, 0, 0, 0, 0, 0, 0, 0, 0, 0, 0, 0, 0, 0, 0, 0, 0, 0, 0, 0, 0, 0, 0, 0, 0, 0, 0, 0, 0]
[0, 516, 512, 509, 505, 502, 498, 496, 493, 491, 490, 487, 485, 483, 481, 480, 478, 477, 475, 474, 473, 472, 471, 470, 470, 470, 470, 470, 470, 470, 470, 471, 472, 473, 474, 475, 476, 476, 478, 481, 483, 484, 485, 487, 490, 491, 493, 496, 504, 505, 510, 513, 516, 525, 530, 532, 535, 541, 547, 553, 559]
[0, 517, 512, 510, 506, 501, 498, 496, 493, 489, 490, 486, 485, 483, 481, 479, 479, 477, 475, 474, 473, 472, 471, 470, 470, 469, 470, 469, 470, 471, 470, 471, 472, 472, 473, 474, 475, 476, 477, 479, 481, 483, 485, 486, 488, 492, 495, 499, 502, 506, 510, 513, 518, 524, 528, 533, 539, 544, 550, 557, 562]
[0, 517, 512, 509, 505, 501, 498, 496, 493, 489, 486, 485, 485, 483, 481, 479, 479, 477, 475, 474, 473, 472, 471, 470, 470, 469, 469, 469, 470, 471, 470, 471, 472, 473, 473, 474, 475, 477, 478, 480, 481, 483, 485, 486, 488, 492, 496, 498, 502, 506, 510, 515, 519, 523, 528, 532, 538, 544, 550, 556, 563]
[0, 517, 513, 509, 507, 504, 500, 496, 494, 491, 488, 485, 483, 481, 480, 479, 479, 477, 474, 474, 474, 473, 471, 471, 470, 469, 469, 469, 470, 471, 470, 471, 471, 472, 473, 474, 475, 477, 478, 479, 481, 483, 485, 486, 488, 492, 495, 498, 502, 506, 510, 515, 519, 523, 528, 532, 538, 544, 550, 556, 563]
[0, 516, 511, 509, 506, 502, 500, 498, 495, 493, 489, 486, 484, 483, 482, 480, 478, 477, 475, 474, 473, 472, 471, 470, 470, 470, 470, 470, 470, 470, 471, 471, 471, 473, 474, 474, 475, 477, 479, 479, 482, 484, 485, 486, 488, 491, 494, 497, 500, 505, 509, 513, 517, 521, 526, 531, 537, 542, 548, 554, 560]
[0, 517, 513, 509, 507, 503, 499, 496, 494, 491, 488, 485, 483, 483, 480, 480, 479, 474, 475, 474, 474, 472, 471, 471, 470, 469, 468, 470, 469, 470, 471, 471, 471, 471, 472, 474, 475, 476, 478, 480, 481, 483, 485, 487, 489, 492, 495, 499, 503, 506, 510, 513, 518, 524, 528, 533, 539, 543, 549, 556, 561]
[0, 516, 513, 510, 507, 505, 501, 499, 495, 492, 490, 488, 485, 484, 482, 480, 479, 477, 475, 474, 473, 473, 472, 471, 470, 470, 470, 470, 470, 470, 471, 472, 472, 473, 474, 475, 476, 477, 479, 480, 482, 484, 485, 486, 491, 494, 497, 499, 499, 503, 507, 512, 517, 520, 525, 531, 536, 541, 547, 553, 559]
[0, 517, 513, 510, 506, 502, 498, 499, 495, 493, 489, 486, 484, 483, 482, 480, 478, 477, 476, 474, 473, 472, 471, 470, 470, 469, 470, 470, 470, 470, 471, 472, 472, 473, 474, 474, 475, 477, 479, 480, 482, 484, 485, 487, 490, 493, 497, 499, 504, 508, 512, 515, 519, 524, 530, 535, 540, 541, 553, 559, 565]
[0, 518, 513, 510, 507, 504, 501, 498, 494, 491, 488, 486, 484, 482, 481, 480, 479, 477, 478, 476, 474, 473, 474, 473, 470, 470, 469, 470, 470, 470, 471, 471, 471, 473, 474, 474, 476, 478, 479, 480, 482, 484, 485, 487, 490, 492, 496, 499, 503, 507, 510, 514, 519, 523, 529, 534, 539, 545, 550, 556, 563]
[0, 522, 518, 514, 507, 508, 501, 505, 502, 499, 496, 494, 491, 489, 488, 487, 485, 484, 482, 481, 481, 479, 474, 478, 473, 471, 472, 472, 472, 474, 474, 474, 474, 476, 477, 478, 480, 482, 483, 485, 482, 488, 491, 494, 496, 492, 499, 503, 506, 510, 515, 518, 523, 529, 533, 539, 544, 551, 557, 562, 569]
[0, 523, 519, 515, 512, 509, 505, 502, 502, 499, 497, 495, 492, 490, 489, 487, 485, 484, 482, 481, 481, 479, 479, 478, 478, 471, 477, 477, 478, 478, 478, 479, 480, 481, 482, 482, 483, 485, 486, 488, 490, 492, 495, 497, 499, 502, 506, 509, 512, 517, 521, 527, 532, 535, 540, 545, 544, 551, 556, 562, 577]
[0, 523, 519, 515, 512, 509, 505, 502, 499, 497, 497, 495, 492, 490, 489, 487, 486, 484, 482, 481, 481, 479, 479, 478, 477, 477, 477, 477, 478, 478, 479, 479, 481, 481, 481, 482, 484, 485, 486, 488, 490, 493, 494, 496, 499, 502, 505, 508, 512, 516, 520, 525, 530, 534, 539, 544, 550, 556, 562, 568, 575]
[0, 522, 519, 514, 512, 511, 508, 505, 502, 499, 496, 494, 492, 489, 488, 487, 485, 484, 482, 481, 481, 479, 478, 478, 477, 477, 478, 477, 478, 478, 479, 479, 480, 481, 481, 482, 483, 484, 486, 488, 490, 492, 494, 497, 499, 501, 504, 508, 512, 516, 520, 523, 528, 534, 539, 544, 549, 555, 561, 567, 574]
[0, 525, 521, 517, 513, 510, 507, 504, 500, 498, 495, 493, 491, 489, 487, 486, 485, 484, 483, 482, 481, 480, 480, 479, 478, 478, 477, 478, 478, 478, 478, 479, 480, 481, 482, 482, 483, 485, 486, 488, 490, 492, 495, 497, 499, 502, 506, 509, 512, 517, 522, 527, 532, 535, 540, 546, 551, 555, 562, 569, 577]
[0, 525, 521, 517, 513, 514, 511, 508, 505, 502, 499, 497, 496, 495, 493, 490, 489, 487, 486, 484, 483, 483, 483, 479, 478, 477, 477, 477, 478, 479, 479, 479, 480, 481, 482, 483, 484, 486, 486, 487, 491, 494, 495, 496, 497, 500, 504, 507, 510, 514, 518, 523, 527, 532, 537, 542, 548, 554, 559, 565, 572]
[0, 527, 524, 520, 516, 513, 511, 510, 507, 501, 499, 499, 497, 496, 494, 492, 489, 488, 486, 485, 485, 484, 483, 482, 478, 482, 481, 482, 481, 481, 483, 483, 484, 485, 485, 486, 488, 489, 491, 493, 495, 497, 500, 502, 505, 508, 511, 515, 519, 522, 527, 532, 537, 542, 547, 552, 557, 564, 571, 578, 585]
[0, 525, 522, 518, 516, 514, 511, 509, 505, 502, 500, 498, 496, 495, 493, 490, 489, 487, 486, 484, 483, 483, 483, 482, 482, 482, 482, 482, 482, 483, 483, 484, 485, 485, 486, 487, 488, 489, 491, 494, 495, 497, 500, 502, 504, 508, 511, 514, 518, 522, 526, 531, 535, 540, 546, 551, 556, 562, 568, 575, 582]
[0, 529, 525, 521, 518, 514, 511, 508, 505, 502, 500, 497, 495, 495, 494, 491, 488, 487, 486, 485, 483, 484, 484, 483, 482, 482, 482, 481, 481, 481, 483, 483, 484, 485, 485, 487, 488, 490, 492, 494, 495, 497, 500, 502, 505, 508, 511, 515, 519, 523, 527, 532, 537, 542, 547, 552, 558, 563, 571, 578, 585]
[0, 527, 523, 520, 517, 514, 511, 508, 505, 502, 499, 497, 495, 496, 494, 493, 491, 488, 487, 486, 485, 484, 483, 483, 483, 482, 482, 482, 482, 482, 484, 484, 485, 485, 486, 488, 489, 491, 493, 495, 497, 497, 500, 503, 506, 509, 511, 517, 519, 521, 528, 533, 537, 538, 543, 549, 555, 560, 565, 572, 579]
[0, 534, 530, 527, 523, 519, 516, 513, 511, 508, 505, 503, 501, 500, 494, 497, 491, 496, 494, 492, 490, 489, 489, 488, 483, 483, 482, 483, 483, 483, 484, 484, 485, 486, 487, 488, 489, 491, 494, 495, 495, 499, 500, 501, 504, 507, 509, 513, 517, 521, 525, 530, 535, 540, 545, 551, 556, 562, 568, 574, 581]
[0, 538, 534, 530, 526, 523, 521, 518, 514, 512, 509, 508, 506, 504, 503, 497, 501, 499, 497, 496, 496, 495, 494, 493, 488, 488, 487, 488, 488, 488, 489, 490, 491, 492, 493, 494, 495, 497, 499, 501, 503, 505, 507, 510, 512, 515, 519, 523, 517, 531, 536, 541, 535, 551, 545, 561, 567, 562, 580, 588, 595]
[0, 542, 538, 535, 531, 528, 525, 522, 514, 520, 514, 508, 512, 511, 510, 508, 506, 505, 504, 502, 501, 500, 499, 499, 493, 493, 493, 493, 493, 493, 494, 495, 495, 496, 497, 499, 501, 503, 504, 501, 505, 510, 507, 515, 512, 523, 519, 526, 530, 534, 538, 542, 547, 552, 557, 562, 568, 574, 581, 588, 595]
[0, 544, 541, 536, 533, 530, 526, 522, 520, 517, 514, 508, 513, 511, 509, 508, 506, 505, 503, 502, 501, 500, 499, 499, 499, 499, 498, 499, 499, 500, 500, 501, 502, 496, 504, 499, 505, 509, 504, 510, 512, 514, 518, 520, 523, 526, 529, 532, 536, 541, 545, 550, 555, 559, 564, 571, 577, 584, 591, 597, 604]
[0, 550, 546, 542, 538, 535, 532, 529, 526, 523, 521, 519, 517, 515, 513, 512, 510, 510, 509, 507, 506, 500, 505, 504, 499, 499, 499, 499, 498, 499, 500, 501, 502, 503, 504, 505, 505, 507, 510, 510, 514, 514, 517, 520, 523, 526, 529, 532, 536, 540, 544, 549, 555, 560, 565, 571, 577, 584, 590, 596, 603]
[0, 551, 547, 543, 539, 536, 533, 530, 527, 524, 521, 522, 520, 518, 516, 515, 514, 512, 512, 510, 509, 509, 508, 504, 504, 503, 503, 503, 504, 504, 505, 505, 506, 507, 509, 510, 511, 513, 515, 516, 518, 521, 525, 528, 530, 533, 537, 532, 544, 549, 553, 549, 563, 560, 575, 582, 577, 587, 593, 601, 607]
[0, 550, 547, 543, 539, 536, 535, 533, 530, 527, 525, 522, 520, 518, 516, 514, 513, 512, 511, 510, 509, 508, 507, 507, 507, 507, 506, 507, 504, 507, 509, 510, 510, 510, 509, 512, 513, 514, 516, 518, 521, 523, 526, 527, 531, 535, 538, 541, 546, 550, 554, 558, 563, 569, 575, 581, 587, 593, 599, 607, 614]
[0, 557, 553, 549, 545, 543, 540, 537, 533, 530, 528, 526, 520, 522, 521, 514, 519, 517, 516, 516, 514, 513, 513, 512, 507, 507, 506, 506, 506, 508, 509, 510, 510, 510, 511, 512, 513, 515, 517, 519, 521, 524, 526, 528, 531, 536, 539, 542, 546, 550, 554, 558, 563, 570, 577, 582, 588, 595, 601, 607, 614]
[0, 558, 554, 550, 545, 547, 544, 540, 537, 535, 533, 530, 528, 526, 524, 523, 521, 520, 519, 518, 517, 516, 515, 512, 512, 511, 511, 511, 511, 511, 512, 514, 515, 515, 516, 518, 519, 520, 522, 525, 527, 530, 534, 536, 531, 538, 545, 549, 546, 558, 554, 562, 572, 570, 579, 586, 591, 597, 603, 610, 617]
[0, 560, 557, 553, 549, 545, 542, 540, 537, 534, 531, 529, 527, 525, 524, 522, 521, 519, 519, 518, 517, 516, 515, 515, 514, 511, 514, 514, 514, 514, 515, 516, 516, 517, 519, 520, 522, 523, 525, 526, 529, 532, 535, 538, 541, 544, 547, 551, 555, 559, 563, 568, 574, 580, 586, 592, 598, 605, 611, 618, 626]
[0, 572, 568, 564, 560, 557, 555, 551, 537, 549, 546, 544, 541, 539, 538, 537, 535, 533, 533, 532, 531, 530, 529, 515, 515, 514, 514, 514, 515, 515, 515, 516, 517, 518, 519, 521, 522, 523, 525, 528, 531, 534, 537, 538, 542, 546, 547, 549, 557, 559, 561, 565, 569, 583, 586, 590, 595, 600, 608, 615, 621]
[0, 572, 567, 563, 560, 557, 557, 554, 551, 548, 546, 544, 541, 539, 538, 537, 535, 533, 532, 532, 530, 530, 529, 528, 528, 528, 528, 528, 528, 528, 529, 516, 530, 531, 532, 534, 535, 537, 539, 541, 543, 546, 548, 551, 555, 558, 561, 565, 569, 574, 579, 584, 589, 594, 600, 607, 613, 619, 627, 634, 642]
[0, 576, 571, 567, 563, 560, 556, 553, 550, 548, 545, 543, 541, 539, 538, 536, 534, 533, 532, 531, 530, 530, 529, 528, 528, 528, 528, 528, 528, 529, 530, 516, 531, 531, 532, 534, 535, 537, 538, 541, 543, 546, 548, 552, 555, 558, 561, 565, 569, 574, 579, 584, 589, 595, 600, 607, 613, 620, 627, 634, 643]
[0, 583, 578, 567, 574, 570, 566, 563, 560, 558, 555, 553, 551, 549, 548, 546, 544, 543, 542, 541, 540, 539, 539, 528, 528, 528, 528, 528, 528, 528, 528, 529, 531, 532, 533, 534, 536, 538, 540, 542, 544, 547, 550, 553, 556, 559, 562, 565, 570, 575, 579, 585, 591, 597, 603, 610, 615, 621, 628, 636, 645]
[0, 583, 578, 575, 574, 570, 567, 564, 561, 558, 555, 553, 551, 549, 548, 546, 545, 543, 541, 541, 540, 540, 539, 539, 538, 538, 528, 538, 538, 539, 528, 539, 540, 541, 543, 544, 546, 547, 550, 552, 554, 556, 559, 559, 563, 569, 572, 577, 581, 586, 591, 596, 602, 608, 613, 619, 626, 633, 640, 647, 655]
[0, 593, 589, 584, 580, 577, 572, 569, 566, 558, 561, 553, 559, 557, 556, 554, 552, 551, 549, 549, 548, 547, 547, 539, 538, 538, 538, 538, 539, 539, 528, 539, 540, 541, 542, 543, 545, 547, 549, 552, 554, 556, 559, 560, 562, 568, 572, 577, 581, 586, 591, 596, 601, 607, 612, 619, 626, 633, 640, 647, 655]
[0, 593, 589, 584, 581, 577, 572, 569, 567, 558, 564, 559, 559, 558, 556, 554, 552, 552, 550, 549, 548, 548, 547, 546, 546, 546, 546, 546, 546, 547, 547, 548, 549, 551, 552, 553, 555, 547, 559, 561, 554, 560, 557, 556, 558, 565, 576, 585, 589, 594, 598, 603, 609, 614, 620, 627, 633, 641, 648, 655, 663]
[0, 598, 594, 590, 586, 582, 579, 576, 572, 569, 564, 566, 564, 562, 561, 559, 558, 557, 556, 555, 554, 553, 553, 546, 546, 546, 546, 546, 546, 547, 547, 548, 549, 550, 552, 553, 555, 557, 559, 561, 560, 557, 557, 559, 558, 565, 576, 585, 589, 593, 598, 603, 608, 614, 620, 627, 633, 641, 648, 655, 663]
[0, 603, 598, 594, 591, 582, 586, 583, 580, 578, 575, 572, 570, 567, 566, 564, 563, 562, 561, 560, 559, 558, 558, 553, 553, 553, 552, 553, 553, 553, 553, 554, 555, 556, 557, 559, 561, 557, 562, 564, 568, 564, 557, 556, 559, 565, 576, 0, 596, 601, 606, 610, 615, 621, 628, 635, 641, 648, 656, 663, 672]
[0, 609, 605, 600, 596, 593, 590, 587, 583, 580, 575, 578, 575, 572, 571, 569, 567, 565, 564, 564, 563, 562, 562, 557, 557, 557, 557, 557, 558, 553, 558, 554, 559, 560, 562, 564, 564, 566, 569, 571, 567, 560, 555, 554, 558, 565, 576, 0, 602, 607, 613, 617, 622, 628, 635, 642, 650, 657, 664, 671, 679]
[0, 609, 604, 600, 596, 593, 590, 587, 584, 580, 578, 575, 575, 571, 571, 569, 567, 565, 564, 564, 563, 562, 562, 561, 561, 562, 562, 561, 562, 562, 563, 564, 565, 566, 567, 569, 572, 574, 569, 574, 569, 560, 556, 556, 558, 565, 576, 0, 606, 609, 614, 621, 627, 634, 640, 647, 653, 660, 668, 676, 684]
[0, 609, 612, 607, 603, 600, 596, 593, 590, 586, 584, 582, 580, 577, 575, 573, 571, 570, 569, 568, 568, 562, 567, 566, 562, 562, 562, 562, 562, 562, 563, 564, 564, 565, 567, 568, 571, 573, 575, 569, 560, 560, 556, 555, 557, 565, 0, 0, 605, 611, 616, 621, 627, 633, 640, 646, 652, 659, 667, 675, 682]
[0, 618, 614, 610, 606, 603, 599, 596, 593, 590, 588, 585, 583, 581, 580, 578, 577, 570, 575, 574, 573, 572, 571, 570, 566, 566, 562, 566, 566, 567, 567, 568, 569, 570, 572, 574, 576, 579, 582, 576, 564, 557, 554, 553, 558, 565, 0, 0, 614, 619, 624, 630, 637, 643, 650, 656, 663, 671, 679, 686, 694]
[0, 617, 613, 610, 606, 602, 598, 595, 592, 590, 587, 585, 585, 583, 580, 579, 578, 576, 575, 573, 573, 571, 571, 570, 570, 570, 570, 571, 571, 571, 571, 573, 574, 575, 577, 579, 580, 583, 584, 0, 562, 555, 554, 556, 558, 561, 0, 0, 619, 619, 624, 637, 644, 643, 649, 655, 662, 677, 679, 685, 694]
[0, 617, 623, 610, 620, 616, 613, 610, 606, 603, 601, 599, 597, 595, 594, 592, 591, 590, 589, 588, 587, 586, 586, 570, 570, 570, 570, 570, 570, 571, 572, 573, 574, 575, 577, 579, 581, 584, 587, 0, 0, 557, 552, 554, 557, 561, 0, 0, 617, 622, 627, 633, 639, 645, 650, 656, 663, 671, 678, 687, 696]
[0, 640, 635, 630, 625, 621, 618, 615, 612, 609, 607, 604, 602, 595, 600, 598, 597, 595, 594, 594, 593, 593, 592, 586, 586, 570, 585, 586, 587, 571, 588, 589, 590, 591, 592, 594, 596, 598, 600, 0, 565, 555, 552, 553, 557, 561, 0, 0, 637, 642, 648, 654, 660, 667, 673, 680, 688, 697, 705, 713, 720]
[0, 641, 636, 631, 628, 623, 619, 616, 613, 610, 608, 606, 603, 601, 599, 598, 596, 595, 594, 593, 593, 593, 592, 592, 591, 591, 591, 591, 591, 592, 593, 594, 595, 597, 598, 599, 601, 603, 600, 0, 569, 555, 551, 553, 554, 560, 0, 0, 0, 645, 650, 656, 662, 667, 674, 681, 688, 697, 705, 713, 721]
[0, 647, 643, 638, 634, 629, 619, 622, 613, 619, 616, 614, 612, 611, 609, 606, 605, 604, 603, 602, 601, 600, 600, 592, 591, 591, 591, 591, 591, 592, 593, 594, 595, 597, 598, 599, 601, 603, 604, 0, 562, 555, 551, 552, 556, 560, 0, 0, 642, 648, 652, 658, 664, 670, 677, 684, 692, 701, 709, 717, 725]
[0, 657, 651, 648, 643, 639, 636, 632, 629, 626, 623, 614, 618, 611, 616, 614, 612, 611, 611, 610, 609, 608, 608, 600, 599, 599, 599, 599, 599, 600, 602, 594, 603, 605, 607, 609, 601, 611, 613, 0, 566, 555, 551, 552, 554, 560, 0, 0, 651, 655, 659, 666, 672, 678, 685, 693, 701, 708, 715, 723, 734]
[0, 657, 651, 647, 643, 639, 635, 632, 628, 626, 623, 622, 619, 618, 616, 614, 613, 612, 611, 610, 609, 608, 608, 608, 608, 608, 607, 607, 607, 608, 609, 611, 612, 613, 615, 616, 618, 621, 613, 0, 569, 555, 549, 549, 552, 557, 0, 0, 0, 663, 668, 674, 680, 688, 695, 703, 710, 716, 724, 733, 743]
[0, 659, 654, 649, 645, 642, 638, 634, 631, 628, 625, 622, 619, 618, 617, 614, 613, 613, 612, 611, 611, 610, 610, 607, 607, 607, 607, 607, 607, 608, 610, 611, 612, 613, 615, 615, 618, 621, 621, 0, 563, 555, 551, 550, 552, 563, 0, 649, 659, 664, 669, 675, 682, 689, 697, 704, 711, 717, 726, 736, 744]
[0, 659, 655, 649, 651, 647, 643, 640, 636, 632, 630, 627, 625, 623, 621, 619, 618, 617, 615, 615, 615, 614, 612, 609, 608, 608, 608, 608, 608, 609, 610, 611, 612, 614, 615, 617, 620, 622, 625, 0, 0, 556, 551, 549, 552, 557, 0, 649, 0, 670, 669, 675, 680, 694, 697, 703, 710, 717, 725, 734, 743]
[0, 664, 660, 656, 651, 647, 643, 640, 636, 633, 631, 629, 626, 624, 622, 620, 618, 619, 617, 616, 615, 615, 614, 612, 613, 608, 612, 613, 608, 614, 614, 615, 617, 619, 621, 623, 624, 627, 630, 0, 560, 553, 549, 548, 553, 564, 0, 663, 668, 674, 679, 685, 692, 699, 706, 714, 720, 728, 738, 747, 757]
[0, 677, 672, 667, 663, 658, 654, 650, 648, 645, 643, 641, 638, 635, 634, 632, 630, 630, 628, 616, 626, 625, 625, 614, 613, 613, 613, 613, 614, 614, 615, 617, 618, 619, 621, 624, 626, 628, 633, 0, 0, 556, 551, 549, 550, 555, 0, 663, 670, 676, 681, 0, 687, 695, 702, 709, 716, 724, 732, 741, 752]
[0, 677, 674, 670, 665, 661, 657, 653, 650, 647, 644, 642, 640, 639, 636, 633, 632, 631, 629, 628, 628, 628, 627, 614, 624, 625, 625, 625, 625, 626, 626, 627, 629, 630, 632, 634, 637, 640, 642, 0, 556, 556, 551, 549, 550, 553, 0, 676, 681, 688, 694, 701, 707, 712, 719, 728, 736, 745, 732, 764, 773]
[0, 686, 681, 670, 673, 661, 665, 653, 661, 659, 656, 654, 652, 650, 648, 646, 645, 644, 642, 640, 640, 639, 639, 627, 624, 627, 627, 627, 626, 627, 628, 629, 630, 631, 633, 636, 638, 640, 644, 0, 557, 556, 551, 548, 553, 563, 0, 677, 682, 688, 695, 702, 709, 715, 722, 730, 737, 746, 756, 766, 776]
[0, 702, 698, 692, 688, 684, 680, 676, 672, 669, 667, 665, 663, 661, 648, 659, 658, 656, 655, 654, 653, 652, 651, 639, 638, 638, 639, 639, 639, 640, 628, 643, 645, 631, 645, 647, 649, 652, 654, 0, 560, 553, 549, 548, 550, 557, 0, 677, 0, 701, 706, 711, 717, 724, 732, 740, 750, 759, 768, 778, 787]
[0, 699, 698, 694, 690, 686, 682, 678, 674, 672, 669, 666, 663, 662, 661, 659, 657, 655, 655, 654, 653, 652, 651, 651, 650, 650, 651, 651, 651, 652, 653, 655, 656, 657, 659, 661, 663, 665, 671, 0, 0, 553, 548, 546, 547, 552, 0, 0, 0, 716, 722, 729, 0, 737, 745, 753, 761, 781, 768, 789, 799]
[0, 709, 705, 700, 695, 691, 687, 682, 679, 676, 673, 672, 670, 662, 667, 666, 664, 662, 661, 659, 659, 658, 658, 651, 651, 651, 651, 651, 652, 652, 653, 655, 655, 657, 659, 660, 663, 665, 668, 0, 558, 551, 548, 547, 551, 559, 0, 0, 0, 714, 720, 726, 733, 740, 749, 757, 766, 774, 784, 794, 804]
[0, 715, 710, 706, 702, 698, 694, 690, 686, 682, 679, 672, 678, 676, 674, 672, 670, 669, 667, 666, 666, 665, 664, 657, 657, 657, 657, 658, 659, 659, 659, 659, 661, 663, 665, 668, 671, 673, 668, 0, 565, 553, 547, 546, 547, 559, 0, 712, 717, 724, 0, 737, 745, 754, 762, 768, 778, 774, 787, 797, 807]
[0, 722, 716, 712, 708, 705, 701, 697, 694, 690, 687, 685, 683, 681, 680, 672, 679, 677, 675, 674, 673, 673, 672, 664, 664, 664, 664, 665, 666, 667, 668, 668, 670, 671, 673, 675, 677, 680, 668, 0, 561, 549, 543, 545, 548, 553, 0, 712, 0, 727, 732, 739, 748, 755, 762, 769, 778, 788, 797, 807, 817]
[0, 724, 718, 714, 710, 706, 703, 699, 695, 692, 688, 685, 683, 681, 680, 678, 677, 676, 674, 673, 673, 672, 672, 672, 671, 671, 672, 672, 672, 673, 674, 676, 677, 678, 680, 683, 686, 688, 668, 0, 561, 549, 543, 545, 548, 553, 0, 0, 0, 741, 732, 748, 756, 763, 771, 780, 788, 797, 807, 817, 827]
[0, 724, 719, 714, 710, 706, 703, 699, 695, 691, 688, 686, 683, 681, 680, 679, 677, 675, 675, 673, 674, 673, 672, 672, 671, 671, 672, 672, 672, 674, 674, 674, 676, 678, 680, 683, 685, 687, 689, 0, 561, 555, 548, 545, 545, 550, 0, 724, 732, 739, 746, 754, 761, 767, 775, 784, 794, 803, 813, 823, 832]
[0, 738, 732, 728, 723, 719, 715, 712, 708, 706, 703, 700, 698, 696, 695, 693, 677, 691, 690, 689, 688, 686, 686, 671, 671, 671, 672, 673, 673, 673, 674, 674, 676, 678, 680, 682, 685, 687, 690, 0, 0, 553, 548, 546, 547, 550, 0, 726, 732, 739, 745, 754, 761, 768, 776, 785, 794, 804, 814, 823, 832]
[0, 744, 739, 734, 730, 725, 720, 717, 713, 711, 709, 707, 704, 702, 700, 699, 677, 698, 697, 696, 694, 693, 693, 685, 685, 686, 686, 685, 686, 688, 689, 690, 692, 694, 697, 700, 702, 704, 708, 0, 0, 552, 547, 545, 547, 550, 0, 743, 751, 758, 765, 772, 778, 787, 797, 806, 815, 824, 814, 843, 832]
[0, 753, 748, 743, 738, 734, 730, 725, 721, 717, 716, 714, 712, 710, 708, 707, 705, 704, 703, 702, 701, 693, 702, 693, 692, 693, 693, 693, 693, 693, 695, 696, 698, 700, 703, 705, 707, 710, 708, 0, 560, 551, 546, 544, 546, 550, 0, 751, 758, 766, 773, 779, 778, 796, 805, 813, 822, 824, 830, 839, 851]
[0, 753, 748, 743, 738, 734, 730, 726, 721, 717, 715, 715, 713, 710, 708, 707, 705, 704, 703, 702, 701, 701, 702, 702, 701, 701, 702, 701, 701, 702, 703, 705, 706, 708, 710, 712, 714, 716, 719, 0, 0, 552, 546, 544, 546, 550, 561, 0, 766, 772, 779, 787, 795, 803, 812, 821, 829, 839, 849, 860, 870]
[0, 759, 754, 751, 747, 741, 737, 734, 729, 725, 723, 721, 718, 716, 715, 714, 713, 711, 711, 710, 709, 708, 702, 702, 701, 702, 702, 701, 701, 702, 703, 705, 706, 708, 710, 712, 714, 716, 719, 0, 0, 552, 546, 544, 546, 550, 560, 0, 767, 773, 779, 787, 795, 803, 812, 821, 829, 838, 849, 860, 869]
[0, 762, 756, 751, 747, 742, 737, 734, 730, 726, 723, 721, 719, 716, 715, 714, 713, 711, 710, 709, 708, 708, 708, 707, 708, 702, 708, 708, 701, 708, 710, 711, 713, 715, 716, 718, 720, 723, 726, 0, 0, 553, 546, 544, 544, 548, 558, 0, 774, 781, 788, 796, 803, 812, 820, 828, 836, 846, 856, 866, 876]
[0, 783, 778, 774, 769, 765, 760, 756, 753, 750, 747, 744, 740, 738, 736, 734, 734, 733, 710, 732, 731, 731, 731, 708, 707, 707, 707, 708, 709, 710, 710, 712, 714, 715, 716, 717, 719, 723, 726, 0, 555, 547, 546, 544, 543, 556, 558, 0, 771, 778, 786, 794, 802, 810, 818, 827, 835, 845, 855, 866, 876]
[0, 793, 787, 782, 777, 772, 769, 765, 762, 759, 747, 756, 753, 751, 748, 746, 745, 744, 743, 742, 741, 740, 740, 731, 731, 731, 731, 732, 732, 733, 734, 736, 737, 739, 742, 744, 748, 750, 755, 0, 0, 550, 544, 543, 545, 550, 558, 0, 0, 810, 818, 825, 831, 839, 848, 859, 868, 876, 886, 896, 908]
[0, 802, 797, 792, 777, 786, 780, 777, 773, 770, 767, 764, 762, 759, 757, 755, 754, 752, 751, 750, 749, 749, 748, 740, 739, 739, 738, 739, 741, 743, 745, 747, 748, 750, 752, 756, 759, 761, 755, 0, 556, 546, 543, 542, 544, 550, 0, 0, 809, 817, 824, 830, 838, 848, 856, 865, 874, 882, 892, 904, 915]
[0, 811, 806, 800, 794, 790, 786, 782, 778, 774, 770, 768, 766, 763, 762, 760, 759, 758, 756, 755, 754, 754, 748, 749, 750, 749, 749, 749, 751, 753, 755, 757, 758, 760, 752, 762, 765, 768, 770, 0, 556, 545, 543, 541, 542, 546, 553, 0, 822, 828, 835, 844, 852, 861, 870, 876, 885, 895, 906, 918, 931]
[0, 821, 815, 811, 807, 801, 797, 793, 789, 785, 781, 778, 775, 773, 772, 770, 769, 768, 766, 766, 765, 754, 765, 754, 754, 755, 749, 756, 751, 758, 755, 760, 762, 764, 766, 768, 770, 773, 776, 0, 552, 545, 544, 541, 542, 546, 554, 0, 829, 834, 842, 852, 860, 868, 876, 884, 893, 903, 915, 927, 939]
[0, 822, 816, 811, 807, 801, 797, 793, 789, 786, 783, 780, 777, 774, 772, 771, 770, 768, 767, 766, 765, 765, 765, 754, 765, 764, 765, 765, 767, 768, 769, 770, 772, 774, 775, 778, 782, 786, 788, 0, 0, 550, 543, 541, 541, 546, 557, 0, 841, 849, 858, 865, 872, 879, 888, 897, 908, 919, 931, 942, 952]
[0, 818, 813, 808, 807, 804, 799, 795, 790, 785, 782, 779, 777, 774, 772, 771, 770, 769, 769, 767, 766, 765, 765, 764, 765, 765, 765, 767, 767, 769, 770, 770, 771, 775, 778, 779, 781, 785, 788, 0, 0, 551, 543, 541, 541, 546, 553, 0, 839, 847, 855, 863, 870, 877, 887, 897, 906, 917, 928, 939, 949]
[0, 844, 837, 832, 828, 825, 821, 816, 812, 809, 806, 779, 802, 800, 799, 797, 795, 794, 794, 792, 790, 789, 789, 765, 764, 765, 766, 766, 767, 769, 770, 771, 773, 776, 779, 782, 784, 785, 788, 0, 554, 544, 543, 541, 541, 545, 552, 0, 838, 846, 855, 862, 869, 877, 886, 895, 905, 916, 928, 938, 948]
[0, 844, 838, 834, 830, 826, 822, 817, 813, 810, 806, 803, 802, 800, 800, 799, 797, 796, 794, 793, 791, 791, 790, 790, 790, 791, 791, 792, 794, 795, 796, 798, 800, 802, 804, 808, 811, 814, 788, 0, 555, 545, 540, 539, 542, 548, 552, 0, 875, 846, 882, 897, 0, 906, 916, 927, 936, 946, 957, 968, 981]
[0, 846, 840, 836, 832, 828, 824, 819, 815, 812, 808, 805, 802, 801, 799, 797, 796, 795, 793, 792, 791, 792, 790, 791, 790, 791, 792, 793, 794, 796, 797, 799, 801, 802, 805, 808, 811, 814, 823, 0, 0, 547, 541, 539, 541, 546, 559, 0, 874, 880, 887, 896, 904, 915, 925, 934, 944, 955, 966, 979, 992]
[0, 848, 841, 835, 831, 826, 823, 818, 814, 811, 808, 805, 802, 801, 800, 797, 796, 795, 795, 795, 794, 792, 791, 791, 790, 791, 792, 793, 794, 795, 797, 799, 800, 802, 805, 808, 812, 815, 818, 0, 0, 548, 543, 541, 541, 545, 557, 0, 873, 879, 887, 895, 904, 914, 923, 933, 943, 954, 965, 976, 989]
[0, 868, 864, 859, 853, 846, 841, 837, 834, 831, 828, 826, 825, 822, 820, 819, 818, 816, 814, 813, 794, 813, 813, 791, 791, 792, 793, 793, 795, 796, 798, 799, 801, 802, 805, 809, 812, 815, 825, 0, 0, 546, 541, 539, 541, 547, 559, 0, 874, 880, 888, 896, 905, 915, 926, 935, 944, 956, 967, 979, 992]
[0, 866, 860, 859, 854, 849, 844, 839, 835, 832, 829, 826, 824, 823, 821, 818, 817, 816, 815, 813, 812, 812, 813, 813, 813, 813, 814, 816, 816, 817, 819, 820, 822, 825, 828, 830, 833, 835, 838, 0, 0, 547, 542, 541, 542, 547, 559, 0, 896, 904, 912, 922, 932, 940, 949, 958, 970, 984, 995, 1005, 1018]
[0, 897, 893, 888, 884, 881, 877, 873, 869, 865, 862, 859, 856, 854, 853, 851, 850, 850, 849, 847, 847, 847, 812, 812, 813, 815, 817, 818, 818, 818, 817, 819, 823, 825, 826, 829, 833, 836, 838, 0, 0, 551, 543, 540, 540, 542, 550, 0, 895, 899, 907, 918, 928, 936, 945, 955, 966, 978, 990, 1000, 1011]
[0, 908, 902, 896, 892, 888, 883, 880, 876, 872, 870, 868, 865, 863, 861, 860, 859, 858, 856, 855, 854, 853, 846, 847, 848, 849, 817, 850, 818, 850, 851, 855, 858, 859, 862, 866, 869, 872, 876, 0, 0, 548, 541, 537, 540, 545, 554, 0, 935, 942, 951, 960, 971, 983, 992, 1000, 1011, 1023, 1035, 1048, 1062]
[0, 911, 905, 899, 894, 890, 885, 881, 878, 875, 872, 869, 867, 864, 863, 862, 861, 859, 858, 857, 856, 856, 853, 847, 855, 856, 855, 855, 857, 860, 862, 863, 865, 868, 870, 873, 875, 879, 884, 0, 0, 546, 541, 539, 539, 544, 554, 0, 942, 950, 960, 970, 981, 992, 1001, 1012, 1023, 1034, 1044, 1056, 1071]
[0, 912, 905, 899, 894, 890, 885, 882, 878, 874, 871, 869, 866, 864, 863, 862, 861, 859, 858, 856, 855, 855, 855, 855, 856, 858, 858, 859, 861, 862, 864, 866, 868, 871, 873, 875, 879, 883, 884, 0, 0, 549, 540, 538, 539, 541, 549, 0, 0, 949, 958, 967, 979, 991, 999, 1009, 1021, 1033, 1043, 1055, 1070]
[0, 931, 926, 921, 916, 911, 905, 900, 878, 894, 892, 869, 889, 886, 884, 882, 881, 881, 880, 879, 878, 878, 878, 855, 856, 857, 859, 860, 861, 862, 864, 866, 868, 871, 873, 875, 879, 884, 884, 0, 0, 550, 541, 538, 538, 540, 549, 0, 0, 949, 958, 967, 979, 991, 999, 1009, 1021, 1033, 1043, 1055, 1070]
[0, 932, 926, 920, 916, 911, 905, 900, 897, 894, 892, 889, 889, 886, 884, 882, 881, 880, 879, 879, 878, 877, 877, 878, 879, 880, 881, 881, 882, 884, 885, 888, 891, 894, 896, 899, 903, 907, 884, 0, 550, 540, 536, 538, 541, 547, 549, 0, 980, 989, 997, 1005, 1015, 1028, 1039, 1047, 1059, 1071, 1043, 1099, 1070]
[0, 964, 956, 920, 948, 944, 940, 900, 937, 932, 927, 925, 923, 921, 919, 917, 916, 914, 913, 911, 912, 913, 877, 878, 879, 880, 881, 881, 882, 884, 885, 887, 890, 893, 896, 899, 902, 908, 884, 0, 0, 541, 538, 537, 541, 547, 549, 0, 979, 987, 996, 1004, 1014, 1027, 1038, 1047, 1059, 1071, 1084, 1099, 1114]
[0, 964, 994, 987, 981, 975, 968, 964, 960, 956, 953, 950, 947, 945, 944, 942, 942, 941, 941, 940, 940, 940, 913, 913, 913, 914, 915, 917, 919, 921, 923, 925, 928, 931, 934, 937, 942, 945, 884, 0, 0, 553, 536, 537, 536, 546, 549, 0, 1021, 1029, 1038, 1048, 1059, 0, 1082, 1047, 1105, 1071, 1135, 1099, 1151]
[0, 1010, 1005, 1000, 994, 989, 985, 979, 974, 971, 968, 965, 962, 958, 957, 957, 956, 955, 955, 955, 940, 954, 955, 940, 940, 942, 944, 945, 947, 950, 951, 952, 955, 958, 961, 965, 970, 976, 884, 0, 0, 547, 540, 536, 535, 540, 548, 0, 0, 1056, 1067, 1075, 1083, 1095, 1106, 1118, 1133, 1147, 1160, 1175, 1191]
[0, 1035, 1029, 1024, 1017, 1012, 1007, 1003, 998, 996, 994, 992, 989, 958, 986, 985, 985, 983, 981, 981, 982, 982, 982, 956, 956, 957, 958, 961, 963, 964, 966, 969, 974, 977, 981, 984, 988, 993, 884, 0, 0, 542, 538, 538, 539, 544, 553, 0, 0, 1080, 1088, 1098, 1111, 1124, 1136, 1149, 1162, 1175, 1191, 1205, 1221]
[0, 1035, 1047, 1039, 1033, 1029, 1025, 1019, 1015, 1010, 1006, 1003, 1001, 1000, 998, 997, 997, 997, 997, 995, 996, 997, 982, 983, 985, 986, 988, 990, 991, 993, 995, 998, 1001, 1004, 1006, 1009, 1013, 1019, 884, 0, 0, 540, 537, 538, 536, 538, 553, 0, 1099, 1110, 1120, 1132, 1144, 1156, 1169, 1181, 1194, 1208, 1224, 1240, 1257]
[0, 1048, 1042, 1039, 1036, 1029, 1024, 1020, 1015, 1011, 1008, 1005, 1002, 1001, 999, 997, 997, 997, 996, 996, 997, 997, 997, 997, 999, 1000, 1001, 1003, 1006, 1008, 1011, 1014, 1016, 1019, 1023, 1026, 1031, 1037, 884, 0, 0, 546, 539, 537, 538, 543, 550, 0, 0, 1119, 1131, 1143, 1154, 1165, 1177, 1189, 1202, 1219, 1236, 1251, 1268]
[0, 1055, 1047, 1041, 1034, 1030, 1025, 1021, 1017, 1012, 1009, 1006, 1003, 1002, 1000, 999, 999, 998, 998, 997, 998, 999, 997, 998, 999, 1001, 1002, 1003, 1006, 1009, 1011, 1014, 1017, 1019, 1022, 1026, 1031, 1036, 884, 0, 0, 547, 540, 536, 536, 541, 549, 0, 0, 1119, 1132, 1143, 1154, 1165, 1176, 1188, 1201, 1218, 1235, 1250, 1267]
[0, 1088, 1082, 1077, 1071, 1065, 1060, 1056, 1050, 1044, 1042, 1040, 1037, 1035, 1035, 1033, 1032, 1031, 1030, 1030, 1030, 1030, 999, 999, 1001, 1001, 1003, 1004, 1006, 1008, 1012, 1014, 1016, 1019, 1023, 1026, 1030, 1035, 1042, 0, 0, 543, 536, 536, 538, 542, 551, 0, 0, 1125, 1138, 1149, 1160, 1169, 1182, 1196, 1207, 1224, 1243, 1257, 1274]
[0, 1090, 1084, 1077, 1072, 1066, 1061, 1057, 1053, 1048, 1043, 1039, 1037, 1036, 1035, 1032, 1031, 1031, 1032, 1031, 1031, 1031, 1031, 1032, 1035, 1001, 1037, 1038, 1040, 1041, 1043, 1046, 1050, 1055, 1058, 1062, 1067, 1073, 1042, 0, 0, 541, 537, 535, 537, 542, 551, 0, 0, 1166, 1176, 1187, 1199, 1210, 1224, 1242, 1256, 1271, 1290, 1257, 1274]
[0, 1087, 1081, 1073, 1067, 1063, 1059, 1055, 1050, 1044, 1043, 1040, 1040, 1037, 1035, 1034, 1033, 1031, 1031, 1032, 1031, 1030, 1031, 1033, 1034, 1036, 1038, 1040, 1040, 1042, 1046, 1049, 1054, 1058, 1062, 1066, 1067, 1070, 1076, 0, 0, 546, 539, 537, 538, 542, 549, 0, 0, 1164, 1174, 1185, 1197, 1207, 1220, 1236, 1251, 1268, 1283, 1299, 1274]
[0, 1123, 1116, 1108, 1102, 1095, 1090, 1085, 1081, 1078, 1074, 1072, 1068, 1066, 1064, 1063, 1062, 1060, 1060, 1060, 1060, 1060, 1031, 1034, 1034, 1035, 1039, 1040, 1042, 1042, 1043, 1046, 1051, 1056, 1058, 1063, 1069, 1074, 1076, 0, 546, 539, 539, 538, 537, 539, 545, 0, 1158, 1169, 1179, 1191, 1203, 1215, 1231, 1246, 1261, 1279, 1296, 1299, 1321]
[0, 1142, 1133, 1125, 1120, 1113, 1107, 1101, 1097, 1092, 1089, 1086, 1083, 1080, 1079, 1078, 1076, 1076, 1075, 1074, 1074, 1076, 1062, 1063, 1067, 1069, 1068, 1071, 1073, 1075, 1076, 1080, 1084, 1087, 1090, 1063, 1095, 1100, 1106, 0, 0, 544, 537, 535, 537, 540, 551, 0, 0, 1198, 1207, 1218, 1233, 1249, 1262, 1276, 1294, 1279, 1296, 0, 1364]
[0, 1137, 1131, 1125, 1117, 1111, 1106, 1100, 1094, 1090, 1087, 1085, 1082, 1080, 1078, 1077, 1077, 1076, 1076, 1076, 1076, 1076, 1077, 1080, 1081, 1082, 1084, 1087, 1089, 1091, 1093, 1097, 1101, 1106, 1110, 1114, 1122, 1100, 1127, 0, 0, 542, 536, 535, 537, 542, 549, 0, 0, 1215, 1228, 1241, 1255, 1268, 1283, 1300, 1294, 1324, 1349, 1366, 1383]
[0, 1139, 1132, 1125, 1119, 1112, 1108, 1102, 1096, 1093, 1089, 1085, 1084, 1083, 1081, 1077, 1080, 1079, 1077, 1078, 1077, 1077, 1077, 1077, 1078, 1080, 1083, 1085, 1087, 1088, 1091, 1095, 1099, 1101, 1105, 1112, 1117, 1122, 1127, 0, 0, 541, 537, 535, 537, 542, 553, 0, 0, 1219, 1233, 1245, 1257, 1273, 1288, 1304, 1294, 1328, 1353, 1371, 1387]
[0, 1134, 1127, 1125, 1122, 1117, 1110, 1106, 1101, 1096, 1091, 1087, 1085, 1082, 1080, 1080, 1079, 1078, 1077, 1078, 1076, 1076, 1078, 1079, 1081, 1083, 1084, 1086, 1089, 1091, 1093, 1096, 1100, 1104, 1110, 1116, 1121, 1126, 1127, 0, 549, 541, 541, 534, 537, 536, 553, 0, 0, 1224, 1237, 1250, 1263, 1278, 1297, 1304, 1320, 1340, 1357, 1376, 1394]
[0, 1193, 1187, 1180, 1174, 1169, 1164, 1159, 1155, 1152, 1149, 1144, 1085, 1138, 1137, 1080, 1135, 1134, 1134, 1134, 1136, 1138, 1079, 1080, 1081, 1083, 1085, 1087, 1089, 1091, 1094, 1097, 1102, 1107, 1110, 1115, 1122, 1128, 1127, 0, 0, 543, 537, 535, 537, 541, 548, 0, 0, 1216, 1229, 1242, 1255, 1268, 1284, 1301, 1320, 1324, 1349, 1366, 1383]
[0, 1193, 1186, 1180, 1180, 1174, 1169, 1162, 1157, 1154, 1150, 1146, 1142, 1140, 1139, 1138, 1136, 1135, 1134, 1135, 1138, 1139, 1140, 1141, 1143, 1146, 1147, 1148, 1152, 1155, 1159, 1163, 1166, 1169, 1173, 1177, 1182, 1189, 1127, 0, 0, 540, 537, 536, 535, 537, 544, 0, 0, 1297, 1229, 1324, 1355, 1368, 1386, 1403, 1412, 1428, 1452, 1487, 1513]
[0, 1210, 1203, 1196, 1190, 1186, 1180, 1175, 1170, 1166, 1164, 1161, 1158, 1155, 1154, 1153, 1153, 1154, 1154, 1154, 1153, 1153, 1140, 1140, 1142, 1145, 1147, 1148, 1152, 1156, 1158, 1161, 1166, 1170, 1172, 1176, 1183, 1191, 1127, 0, 0, 543, 537, 535, 535, 539, 547, 0, 1287, 1302, 1229, 1324, 0, 1360, 1367, 1382, 1398, 1413, 1430, 1459, 1491]
[0, 1230, 1222, 1213, 1208, 1205, 1200, 1195, 1170, 1185, 1164, 1183, 1180, 1179, 1175, 1173, 1173, 1172, 1173, 1175, 1177, 1176, 1155, 1158, 1161, 1162, 1147, 1167, 1152, 1170, 1173, 1175, 1179, 1183, 1186, 1191, 1196, 1202, 1127, 0, 0, 541, 537, 536, 537, 0, 547, 0, 0, 1316, 1334, 1352, 1365, 1377, 1394, 1415, 1433, 1454, 1476, 1496, 1515]
[0, 1283, 1275, 1268, 1261, 1255, 1250, 1245, 1240, 1236, 1233, 1230, 1228, 1225, 1222, 1222, 1173, 1222, 1221, 1221, 1223, 1225, 1176, 1178, 1180, 1181, 1184, 1186, 1190, 1195, 1198, 1203, 1209, 1212, 1216, 1220, 1222, 1227, 1127, 0, 0, 544, 539, 535, 535, 538, 546, 0, 1346, 1358, 1371, 1382, 1395, 0, 1430, 1415, 1472, 1454, 1495, 1517, 1538]
[0, 1294, 1286, 1278, 1273, 1265, 1258, 1255, 1250, 1245, 1243, 1239, 1236, 1234, 1233, 1222, 1233, 1232, 1231, 1233, 1234, 1234, 1226, 1228, 1232, 1236, 1236, 1238, 1246, 1248, 1251, 1259, 1265, 1268, 1271, 1275, 1279, 1285, 1127, 0, 0, 548, 539, 535, 535, 538, 544, 0, 0, 1413, 1424, 1440, 1460, 1477, 1494, 1516, 1529, 1538, 1553, 1570, 1587]
[0, 1294, 1285, 0, 1269, 0, 1265, 1260, 1254, 1249, 1246, 1242, 1240, 1236, 1234, 1234, 1233, 1232, 1232, 1234, 1236, 1236, 1238, 1240, 1241, 1242, 1245, 1250, 1258, 1260, 1263, 1272, 1276, 1277, 1280, 1283, 1288, 1297, 1127, 0, 0, 547, 539, 535, 535, 538, 544, 0, 0, 1423, 1424, 1445, 1470, 1486, 1500, 1511, 1523, 1539, 1553, 1570, 1570]
[0, 1294, 1292, 1285, 1276, 1269, 1265, 1260, 1253, 1249, 1245, 1241, 1240, 1236, 1233, 1233, 1233, 1232, 1232, 1233, 1234, 1237, 1237, 1242, 1244, 1245, 1248, 1251, 1259, 1263, 1268, 1273, 1276, 1278, 1279, 1283, 1291, 1300, 1127, 0, 0, 542, 536, 534, 535, 538, 547, 0, 0, 1411, 1426, 1443, 1461, 1476, 1491, 1506, 1517, 1529, 1544, 1559, 1574]
[0, 1337, 1332, 1324, 1276, 1316, 1311, 1305, 1300, 1296, 1293, 1289, 1284, 1283, 1281, 1279, 1278, 1279, 1281, 1286, 1291, 1287, 1239, 1242, 1243, 1244, 1247, 1251, 1260, 1264, 1267, 1273, 1276, 1281, 1283, 1285, 1291, 1303, 1127, 0, 0, 543, 536, 534, 536, 539, 547, 0, 0, 1416, 1429, 1445, 1462, 1477, 1491, 1505, 1516, 1530, 1546, 1561, 1577]
[0, 1349, 1332, 1324, 1325, 1316, 1311, 1305, 1299, 1296, 1293, 1289, 1287, 1284, 1281, 1279, 1278, 1279, 1281, 1287, 1295, 1291, 1286, 1291, 1290, 1293, 1298, 1299, 1305, 1314, 1320, 1325, 1329, 1328, 1330, 1338, 1346, 1352, 1127, 0, 0, 542, 536, 534, 535, 538, 548, 0, 0, 1439, 1449, 1458, 1471, 1482, 1492, 1505, 1516, 1528, 1544, 1560, 1576]
[0, 1368, 1359, 1352, 1346, 1340, 1311, 1305, 1299, 1296, 1325, 1312, 1312, 1310, 1308, 1310, 1307, 1304, 1306, 1314, 1316, 1309, 1289, 1294, 1289, 1292, 1297, 1299, 1304, 1314, 1321, 1325, 1328, 1327, 1331, 1340, 1348, 1353, 1127, 0, 0, 542, 536, 534, 535, 539, 549, 0, 0, 1439, 1449, 1460, 1472, 1482, 1492, 1506, 1518, 1530, 1545, 1560, 1576]
[0, 1368, 1359, 1352, 1346, 1345, 1340, 1305, 1330, 1296, 1318, 1313, 1313, 1310, 1308, 1310, 1307, 1303, 1306, 1314, 1315, 1309, 1313, 1324, 1324, 1320, 1320, 1324, 1329, 1336, 1340, 1342, 1348, 1353, 1356, 1362, 1370, 1374, 1127, 0, 0, 543, 537, 534, 535, 538, 548, 0, 0, 1438, 1448, 1458, 1470, 1481, 1492, 1504, 1516, 1529, 1543, 1559, 1574]
[0, 1368, 1359, 0, 1417, 1412, 1407, 1400, 1394, 1391, 1390, 1386, 1383, 1382, 1380, 1378, 1377, 1376, 1376, 1375, 1374, 1309, 1314, 1324, 1324, 1320, 1321, 1324, 1329, 1335, 1340, 1343, 1348, 1353, 1357, 1362, 1370, 1374, 1127, 0, 0, 543, 537, 534, 535, 538, 548, 0, 0, 1438, 1448, 1457, 1469, 1481, 1492, 1504, 1516, 1530, 1544, 1558, 1574]
[0, 1480, 1475, 0, 1469, 1412, 1407, 1400, 1450, 1432, 1425, 1420, 1419, 1413, 1407, 1401, 1393, 1388, 1385, 1379, 1375, 1372, 1314, 1367, 1363, 1363, 1362, 1357, 1354, 1352, 1355, 1357, 1360, 1361, 1361, 1363, 1364, 1369, 1127, 0, 0, 548, 539, 535, 535, 537, 548, 0, 0, 1440, 1450, 1458, 1472, 1485, 1495, 1504, 1517, 1531, 1546, 1563, 1578]
[0, 1509, 1500, 1492, 1486, 1481, 1473, 1465, 1450, 1432, 1451, 1432, 1419, 1412, 1407, 1402, 1396, 1390, 1384, 1378, 1376, 1371, 1369, 1366, 1362, 1359, 1355, 1353, 1354, 1354, 1355, 1356, 1356, 1359, 1363, 1364, 1365, 1371, 1127, 0, 0, 542, 536, 534, 535, 539, 548, 0, 0, 1436, 1446, 1456, 1464, 1476, 1491, 1503, 1516, 1526, 1540, 1557, 1573]
[0, 1504, 1495, 1487, 1482, 1479, 1472, 1463, 1450, 1432, 1449, 1431, 1418, 1410, 1405, 1400, 0, 1384, 1384, 1381, 1378, 1374, 1368, 1366, 1362, 1361, 1358, 1355, 1353, 1355, 1356, 1356, 1356, 1359, 1357, 1360, 1362, 1366, 1374, 0, 0, 541, 536, 535, 535, 540, 550, 0, 0, 1437, 1445, 1454, 1466, 1478, 1491, 1502, 1514, 1528, 1543, 1557, 1573]
[0, 1509, 1499, 1490, 1486, 1480, 1472, 1464, 1450, 1455, 1441, 1428, 1419, 1412, 1407, 1400, 1393, 1386, 1379, 1376, 1374, 1374, 1370, 1366, 1364, 1361, 1359, 1358, 1355, 1353, 1352, 1353, 1359, 1360, 1359, 1361, 1364, 1368, 1374, 0, 0, 548, 539, 535, 535, 537, 542, 0, 0, 1439, 1449, 1459, 1472, 1483, 1493, 1505, 1517, 1531, 1545, 1562, 1578]
[0, 1546, 1536, 1523, 1510, 1497, 1483, 1472, 1460, 1450, 1440, 1428, 1418, 1411, 1406, 1399, 1393, 1387, 1381, 1376, 1377, 1374, 1366, 1366, 1361, 1361, 1357, 1354, 1354, 1354, 1356, 1356, 1356, 1358, 1359, 1360, 1364, 1367, 1374, 0, 0, 540, 539, 535, 534, 536, 542, 0, 0, 1437, 1447, 1457, 1467, 1478, 1491, 1504, 1517, 1529, 1542, 1557, 1574]
[0, 1546, 1536, 1523, 1509, 1497, 1483, 1472, 1460, 1448, 1438, 1428, 1419, 1411, 1406, 1398, 1392, 1386, 1380, 1376, 1377, 1373, 1371, 1366, 1363, 1361, 1358, 1357, 1355, 1353, 1353, 1354, 1355, 1356, 1359, 1361, 1363, 1367, 1374, 0, 0, 546, 539, 535, 535, 537, 542, 0, 0, 1439, 1449, 1459, 1471, 1483, 1493, 1504, 1517, 1529, 1544, 1562, 1577]
[0, 1551, 1541, 1526, 1512, 1499, 1485, 1471, 1460, 1450, 1438, 1428, 1419, 1413, 1406, 1398, 1392, 1387, 1380, 1376, 1374, 1373, 1370, 1366, 1362, 1359, 1358, 1355, 1354, 1353, 1354, 1356, 1355, 1357, 1357, 1359, 1363, 1368, 1374, 0, 0, 547, 540, 535, 535, 537, 542, 0, 0, 1438, 1448, 1457, 1470, 1481, 1491, 1504, 1516, 1530, 1545, 1559, 1575]
[0, 1551, 1541, 1525, 1512, 1499, 1484, 1474, 1463, 1451, 1440, 1429, 1421, 1413, 1407, 1400, 1394, 1386, 1380, 1377, 1375, 1371, 1366, 1364, 1361, 1359, 1356, 1353, 1353, 1355, 1356, 1355, 1355, 1357, 1358, 1360, 1362, 1367, 1374, 0, 0, 540, 540, 535, 536, 537, 542, 0, 0, 1437, 1446, 1456, 1467, 1479, 1491, 1503, 1516, 1528, 1542, 1557, 1573]
[0, 1556, 1540, 1525, 1512, 1499, 1485, 1474, 1463, 1450, 1439, 1429, 1421, 1413, 1406, 1399, 1393, 1386, 1381, 1378, 1374, 1371, 1368, 1363, 1355, 1354, 1355, 1354, 1353, 1353, 1354, 1355, 1355, 1358, 1361, 1362, 1365, 1367, 1368, 0, 0, 541, 536, 534, 535, 539, 548, 0, 0, 1433, 1440, 1450, 1463, 1472, 1486, 1499, 1512, 1525, 1536, 1550, 1565]
[0, 1550, 1537, 1522, 1511, 1500, 1486, 1470, 1459, 1449, 1438, 1428, 1418, 1411, 1406, 1398, 1391, 1386, 1379, 1376, 1372, 1371, 1368, 1362, 1356, 1355, 1355, 1354, 1352, 1351, 1353, 1355, 1355, 1357, 1356, 1354, 1361, 1367, 1368, 0, 0, 542, 536, 534, 535, 539, 548, 0, 0, 1428, 1437, 1448, 1461, 1472, 1484, 1496, 1507, 1521, 1533, 1548, 1565]
[0, 1544, 1530, 1516, 1502, 1492, 1482, 1467, 1456, 1446, 1434, 1425, 1418, 1410, 1402, 1396, 1391, 1389, 1383, 1380, 1376, 1373, 1365, 1360, 1357, 1355, 1351, 1354, 1351, 1349, 1351, 1355, 1352, 1353, 1357, 1359, 1361, 1363, 1377, 0, 0, 540, 536, 535, 535, 537, 552, 0, 0, 1433, 1441, 1451, 1460, 1475, 1490, 1500, 1513, 1527, 1541, 1556, 1572]
[0, 1544, 1539, 1524, 1511, 1499, 1485, 1474, 1462, 1450, 1439, 1428, 1419, 1413, 1404, 1397, 1392, 1385, 1380, 1377, 1373, 1370, 1367, 1363, 1359, 1354, 1355, 1353, 1350, 1350, 1349, 1348, 1351, 1355, 1357, 1360, 1362, 1366, 1377, 0, 0, 547, 538, 535, 535, 537, 542, 0, 0, 1436, 1444, 1453, 1466, 1476, 1489, 1503, 1515, 1528, 1543, 1560, 1576]
[0, 1554, 1537, 1522, 1510, 1498, 1485, 1473, 1461, 1450, 1439, 1429, 1420, 1412, 1405, 1398, 1392, 1385, 1379, 1376, 1373, 1369, 1367, 1362, 1359, 1357, 1354, 1353, 1351, 1350, 1350, 1349, 1349, 1351, 1353, 1356, 1361, 1364, 1377, 0, 0, 541, 536, 534, 535, 539, 547, 0, 0, 1429, 1437, 1450, 1467, 1481, 1492, 1508, 1525, 1538, 1553, 1568, 1582]
[0, 1539, 1525, 1513, 1501, 1488, 1473, 1473, 1461, 1451, 1440, 1431, 1422, 1413, 1405, 1398, 1392, 1387, 1382, 1376, 1373, 1368, 1364, 1359, 1356, 1354, 1351, 1350, 1351, 1350, 1352, 1351, 1349, 1351, 1352, 1354, 1360, 1364, 1366, 0, 0, 541, 536, 534, 535, 539, 548, 0, 0, 1429, 1441, 1458, 1475, 1485, 1498, 1513, 1525, 1538, 1552, 1568, 1582]
[0, 1545, 1533, 1520, 1509, 1495, 1481, 1469, 1459, 1446, 1435, 1427, 1417, 1410, 1405, 1397, 1391, 1386, 1379, 1375, 1371, 1368, 1363, 1359, 1356, 1356, 1353, 1348, 1347, 1344, 1344, 1350, 1351, 1351, 1353, 1355, 1358, 1363, 1366, 0, 0, 546, 538, 533, 534, 538, 545, 0, 0, 1443, 1458, 1472, 1485, 1498, 1510, 1513, 1521, 1531, 1543, 1558, 1576]
[0, 1543, 1528, 1515, 1502, 1491, 1480, 1467, 1454, 1443, 1433, 1425, 1416, 1407, 1405, 1401, 1392, 1386, 1382, 1378, 1375, 1372, 1364, 1359, 1356, 1354, 1353, 1351, 1348, 1347, 1346, 1349, 1351, 1353, 1353, 1355, 1360, 1362, 1366, 0, 0, 540, 538, 535, 535, 541, 549, 0, 0, 1436, 1450, 1464, 1476, 1487, 1500, 1513, 1526, 1540, 1553, 1570, 1577]
[0, 1538, 1525, 1512, 1499, 1487, 1475, 1463, 1451, 1443, 1441, 1432, 1422, 1413, 1407, 1400, 1391, 1386, 1381, 1375, 1372, 1368, 1367, 1364, 1358, 1354, 1351, 1347, 1346, 1349, 1348, 1348, 1349, 1352, 1353, 1353, 1358, 1365, 1366, 0, 0, 0, 538, 535, 536, 538, 543, 0, 0, 1449, 1461, 1472, 1483, 1493, 1506, 1519, 1530, 1544, 1559, 1575, 1583]
[0, 1547, 1532, 1520, 1506, 1492, 1480, 1468, 1455, 1444, 1435, 1426, 1417, 1410, 1404, 1396, 1390, 1385, 1379, 1375, 1371, 1368, 1363, 1358, 1355, 1355, 1353, 1349, 1347, 1346, 1342, 1345, 1351, 1354, 1357, 1359, 1362, 1367, 1366, 0, 0, 0, 538, 535, 536, 538, 545, 0, 0, 1453, 1463, 1471, 1484, 1498, 0, 1510, 1521, 1531, 1543, 1559, 1576]
[0, 1538, 1532, 1524, 1511, 1499, 1484, 1471, 1461, 1449, 1439, 1431, 1422, 1412, 1404, 1397, 1392, 1388, 1383, 1377, 1374, 1374, 1364, 1359, 1357, 1358, 1359, 1358, 1347, 1360, 1362, 1363, 1366, 1368, 1368, 1368, 1372, 1380, 1366, 0, 0, 540, 538, 536, 536, 537, 543, 0, 0, 1451, 1460, 1467, 1478, 1489, 1501, 1515, 1527, 1539, 1553, 1569, 1590]
[0, 1540, 1527, 1513, 1500, 1486, 1473, 1463, 1453, 1442, 1433, 1424, 1422, 1406, 1404, 1400, 1392, 1387, 1383, 1379, 1377, 1376, 1372, 1372, 1374, 1375, 1372, 1366, 1362, 1360, 1365, 1365, 1364, 1365, 1369, 1372, 1378, 1384, 1366, 0, 0, 545, 540, 538, 538, 542, 551, 0, 0, 0, 1454, 1463, 1473, 1487, 1498, 1510, 1523, 1532, 1544, 1559, 1574]
[0, 1548, 1536, 1527, 1516, 1503, 1493, 1482, 1472, 1462, 1453, 1448, 1438, 1406, 1427, 1420, 1416, 1412, 1403, 1396, 1392, 1389, 1374, 1375, 1375, 1372, 1366, 1364, 1364, 1360, 1359, 1361, 1362, 1365, 1369, 1371, 1375, 1378, 1366, 0, 0, 550, 541, 537, 537, 541, 549, 0, 1436, 1453, 1462, 1472, 0, 1484, 1497, 1509, 1521, 1532, 1544, 1559, 1576]
[0, 1556, 1544, 1531, 1516, 1504, 1494, 1478, 1467, 1461, 1453, 1442, 1435, 1429, 1421, 1415, 1416, 1409, 1402, 1396, 1393, 1390, 1386, 1380, 1371, 1368, 1366, 1364, 1363, 1360, 1360, 1361, 1362, 1365, 1369, 1371, 1374, 1378, 1384, 0, 0, 0, 551, 548, 547, 550, 549, 0, 0, 1453, 1462, 1471, 1483, 1493, 1504, 1520, 1532, 1544, 1544, 1558, 1575]
[0, 1555, 1544, 1532, 1517, 1504, 1492, 1486, 1476, 1462, 1452, 1445, 1435, 1436, 1428, 1421, 1417, 1411, 1402, 1396, 1393, 1388, 1385, 1380, 1372, 1369, 1368, 1364, 1362, 1361, 1360, 1361, 1362, 1362, 1366, 1370, 1370, 1373, 1382, 0, 0, 0, 553, 548, 547, 551, 549, 0, 1439, 1455, 1460, 1471, 1483, 1493, 1505, 1519, 1531, 1543, 1557, 1558, 1573]
[0, 1555, 1540, 1529, 1516, 1501, 1490, 1482, 1473, 1462, 1462, 1451, 1444, 1436, 1429, 1422, 1415, 1408, 1404, 1399, 1393, 1388, 1385, 1379, 1371, 1366, 1363, 1363, 1362, 1361, 1361, 1361, 1362, 1363, 1366, 1369, 1369, 1373, 1382, 0, 0, 0, 553, 548, 548, 551, 549, 0, 1439, 1455, 1460, 1471, 1482, 1493, 1504, 1518, 1530, 1543, 1553, 1569, 1583]
