[0, 0, 0, 0, 0, 0, 0, 0, 0, 0, 0, 0, 0, 0, 0, 0, 0, 0, 0, 0, 0, 0, 0, 0, 0, 0, 0, 0, 0, 0, 0, 0, 0, 0, 0, 0, 0, 0, 0, 0, 0, 0, 0, 0, 0, 0, 0, 0, 0, 0, 0, 0, 0, 0, 0, 0, 0, 0, 0, 0, 0]
[0, 526, 522, 518, 515, 511, 511, 508, 505, 502, 499, 497, 492, 0, 469, 464, 457, 451, 455, 462, 464, 469, 476, 479, 477, 477, 477, 477, 477, 477, 477, 478, 478, 479, 479, 481, 482, 483, 485, 486, 488, 490, 492, 495, 498, 501, 504, 508, 511, 514, 519, 523, 528, 533, 538, 543, 549, 554, 559, 566, 573]
[0, 526, 522, 518, 514, 511, 511, 508, 505, 502, 499, 497, 492, 481, 470, 464, 457, 451, 455, 461, 464, 469, 476, 479, 478, 477, 477, 477, 477, 477, 477, 478, 478, 479, 480, 481, 482, 483, 485, 486, 488, 490, 492, 495, 498, 501, 504, 508, 512, 515, 519, 523, 528, 533, 538, 543, 549, 554, 559, 566, 573]
[0, 527, 523, 519, 515, 511, 508, 505, 505, 502, 499, 497, 490, 479, 470, 465, 459, 451, 452, 461, 461, 468, 475, 480, 0, 478, 477, 477, 477, 477, 477, 478, 478, 479, 480, 481, 482, 483, 485, 486, 489, 491, 492, 495, 498, 501, 504, 508, 512, 515, 519, 523, 528, 533, 538, 543, 549, 554, 560, 566, 573]
[0, 529, 524, 520, 516, 513, 509, 506, 503, 501, 498, 496, 488, 476, 470, 468, 459, 451, 451, 461, 458, 465, 469, 474, 0, 477, 477, 477, 477, 477, 477, 478, 478, 479, 480, 481, 482, 483, 485, 486, 488, 490, 492, 495, 498, 501, 504, 507, 511, 515, 519, 523, 527, 533, 538, 543, 549, 554, 560, 566, 572]
[0, 526, 524, 518, 514, 513, 511, 508, 505, 502, 499, 496, 498, 0, 469, 464, 455, 451, 451, 457, 462, 469, 469, 476, 478, 478, 477, 477, 477, 478, 478, 478, 479, 479, 480, 481, 482, 484, 485, 487, 490, 492, 492, 497, 498, 499, 502, 507, 510, 514, 517, 521, 526, 531, 536, 540, 546, 552, 557, 562, 569]
[0, 530, 526, 522, 518, 514, 510, 507, 505, 502, 502, 500, 492, 481, 471, 465, 458, 451, 451, 455, 463, 468, 478, 482, 478, 477, 477, 477, 477, 477, 477, 478, 479, 479, 480, 481, 482, 484, 485, 487, 489, 491, 494, 496, 499, 502, 505, 508, 512, 516, 520, 524, 529, 531, 534, 544, 550, 555, 561, 567, 569]
[0, 529, 525, 522, 518, 515, 512, 507, 505, 502, 500, 500, 0, 479, 470, 464, 458, 450, 451, 454, 463, 468, 477, 482, 480, 480, 480, 480, 480, 481, 477, 481, 482, 483, 484, 481, 485, 486, 488, 490, 492, 494, 497, 499, 502, 505, 508, 511, 515, 519, 522, 527, 532, 536, 541, 546, 551, 557, 562, 568, 574]
[0, 529, 525, 521, 516, 515, 512, 509, 507, 505, 502, 500, 500, 0, 470, 464, 457, 452, 457, 461, 464, 469, 477, 482, 480, 480, 480, 480, 480, 481, 482, 481, 482, 483, 484, 481, 485, 486, 488, 490, 492, 494, 496, 498, 501, 505, 508, 511, 515, 518, 522, 526, 531, 536, 541, 546, 551, 557, 562, 568, 574]
[0, 529, 525, 521, 522, 518, 515, 512, 509, 507, 505, 502, 0, 476, 467, 461, 453, 451, 457, 461, 0, 472, 481, 0, 0, 480, 480, 480, 480, 480, 480, 481, 482, 482, 483, 484, 485, 487, 488, 490, 492, 495, 496, 499, 502, 505, 508, 511, 514, 518, 523, 527, 532, 538, 543, 547, 553, 558, 563, 570, 577]
[0, 538, 534, 530, 525, 522, 519, 516, 513, 510, 508, 502, 0, 0, 467, 468, 453, 0, 0, 461, 0, 467, 481, 0, 0, 485, 484, 0, 0, 485, 485, 486, 486, 487, 488, 489, 491, 493, 495, 497, 499, 502, 505, 507, 510, 513, 517, 520, 524, 528, 533, 537, 542, 547, 552, 557, 562, 569, 575, 582, 588]
[0, 538, 534, 529, 525, 522, 519, 516, 513, 510, 508, 500, 0, 0, 467, 468, 453, 0, 0, 0, 0, 467, 481, 0, 0, 487, 487, 0, 0, 487, 489, 489, 490, 491, 491, 493, 494, 496, 498, 500, 502, 505, 505, 510, 513, 516, 519, 523, 524, 531, 533, 536, 545, 550, 552, 555, 560, 566, 572, 579, 586]
[0, 538, 534, 529, 525, 522, 519, 516, 513, 510, 508, 502, 0, 0, 467, 468, 453, 0, 0, 0, 0, 0, 481, 0, 0, 0, 487, 0, 0, 487, 489, 490, 490, 491, 492, 493, 494, 496, 498, 500, 503, 505, 505, 508, 511, 516, 519, 519, 523, 527, 531, 536, 540, 545, 550, 555, 560, 567, 573, 579, 586]
[0, 535, 534, 531, 528, 524, 520, 517, 514, 511, 509, 507, 0, 474, 467, 468, 453, 0, 446, 0, 0, 473, 483, 0, 0, 487, 487, 487, 487, 487, 489, 490, 490, 491, 492, 493, 494, 496, 498, 500, 502, 505, 508, 510, 513, 516, 520, 524, 528, 527, 536, 541, 540, 551, 550, 561, 567, 567, 572, 579, 586]
[0, 537, 533, 528, 525, 521, 518, 517, 512, 510, 509, 507, 514, 0, 468, 461, 454, 448, 446, 0, 0, 473, 483, 0, 0, 488, 0, 0, 487, 488, 488, 489, 490, 491, 492, 493, 495, 496, 498, 500, 502, 505, 507, 509, 512, 515, 518, 522, 525, 530, 534, 539, 545, 549, 554, 558, 564, 571, 577, 583, 591]
[0, 537, 538, 534, 529, 525, 523, 521, 517, 514, 511, 508, 0, 472, 468, 461, 454, 447, 446, 0, 0, 0, 483, 0, 0, 488, 0, 0, 488, 488, 488, 489, 491, 491, 492, 493, 494, 496, 497, 499, 501, 504, 507, 509, 511, 514, 517, 521, 525, 529, 532, 537, 542, 547, 552, 557, 562, 568, 575, 582, 588]
[0, 537, 538, 534, 529, 525, 523, 520, 517, 514, 512, 509, 0, 471, 468, 461, 454, 0, 446, 0, 0, 0, 473, 486, 0, 491, 0, 491, 492, 492, 492, 493, 493, 495, 495, 497, 498, 500, 502, 504, 506, 509, 511, 513, 516, 520, 523, 526, 530, 534, 539, 544, 548, 554, 559, 564, 570, 576, 583, 589, 596]
[0, 537, 538, 534, 531, 528, 524, 521, 519, 516, 512, 510, 0, 471, 468, 461, 454, 0, 446, 0, 0, 0, 0, 0, 0, 0, 0, 491, 0, 492, 492, 493, 493, 494, 495, 497, 498, 500, 502, 504, 506, 509, 511, 513, 516, 520, 523, 526, 530, 534, 539, 544, 548, 554, 559, 564, 570, 576, 583, 589, 596]
[0, 541, 537, 534, 529, 526, 522, 520, 517, 514, 512, 510, 0, 0, 468, 461, 454, 0, 446, 0, 0, 0, 0, 0, 0, 493, 0, 0, 493, 494, 493, 495, 497, 495, 496, 498, 499, 500, 502, 505, 508, 510, 511, 513, 517, 521, 524, 529, 532, 536, 540, 545, 551, 556, 561, 567, 573, 579, 585, 591, 598]
[0, 543, 538, 534, 530, 527, 524, 520, 518, 516, 513, 509, 0, 0, 468, 461, 454, 0, 0, 0, 0, 0, 0, 0, 0, 0, 493, 493, 493, 494, 495, 495, 496, 497, 498, 499, 499, 501, 503, 505, 510, 510, 512, 515, 518, 521, 523, 527, 531, 536, 540, 544, 549, 554, 559, 564, 570, 577, 583, 589, 596]
[0, 549, 545, 541, 536, 533, 530, 526, 524, 521, 519, 516, 0, 0, 468, 461, 454, 0, 0, 0, 0, 0, 0, 0, 0, 0, 0, 493, 493, 493, 494, 494, 494, 496, 497, 498, 500, 502, 504, 507, 509, 511, 513, 516, 519, 522, 525, 530, 534, 536, 542, 547, 553, 558, 563, 568, 574, 580, 583, 587, 593]
[0, 549, 545, 545, 537, 534, 531, 526, 528, 525, 523, 520, 0, 0, 468, 461, 0, 0, 0, 0, 0, 0, 0, 504, 0, 0, 0, 499, 499, 500, 500, 501, 502, 503, 504, 505, 507, 508, 510, 511, 514, 517, 519, 522, 525, 528, 532, 536, 540, 544, 548, 553, 558, 563, 569, 575, 581, 587, 593, 599, 606]
[0, 556, 552, 548, 544, 540, 537, 534, 531, 528, 526, 524, 0, 0, 468, 0, 441, 441, 0, 0, 0, 0, 0, 504, 0, 502, 0, 0, 502, 503, 504, 505, 506, 507, 508, 509, 511, 513, 510, 514, 516, 519, 524, 528, 525, 531, 534, 537, 541, 545, 550, 554, 559, 564, 569, 575, 581, 587, 594, 600, 606]
[0, 555, 551, 547, 543, 539, 536, 533, 530, 528, 525, 524, 523, 0, 468, 0, 442, 443, 0, 0, 0, 0, 444, 0, 0, 0, 0, 507, 502, 507, 508, 508, 509, 510, 510, 512, 513, 515, 517, 519, 521, 523, 526, 530, 533, 535, 539, 543, 547, 551, 556, 560, 564, 570, 576, 582, 588, 593, 599, 606, 613]
[0, 557, 553, 545, 543, 541, 538, 535, 532, 529, 527, 524, 0, 0, 468, 0, 442, 441, 0, 0, 0, 0, 0, 0, 0, 0, 0, 507, 507, 508, 508, 508, 509, 511, 511, 512, 514, 515, 517, 520, 522, 525, 527, 530, 533, 537, 541, 545, 549, 553, 557, 562, 567, 572, 578, 584, 590, 596, 602, 609, 616]
[0, 557, 556, 545, 552, 548, 545, 542, 539, 536, 534, 531, 0, 0, 0, 442, 442, 441, 441, 443, 0, 0, 0, 508, 0, 0, 0, 0, 507, 507, 508, 509, 509, 509, 510, 512, 513, 515, 519, 520, 522, 523, 526, 529, 532, 535, 539, 543, 547, 551, 555, 560, 564, 569, 575, 581, 587, 593, 599, 606, 613]
[0, 560, 556, 552, 552, 548, 546, 543, 539, 537, 534, 532, 0, 0, 0, 448, 440, 0, 440, 442, 0, 0, 0, 0, 0, 0, 0, 0, 515, 515, 516, 509, 517, 509, 518, 520, 521, 523, 525, 527, 529, 530, 533, 537, 541, 544, 547, 551, 555, 559, 563, 568, 573, 578, 584, 590, 596, 602, 608, 614, 621]
[0, 569, 565, 561, 557, 554, 550, 547, 544, 541, 539, 538, 0, 0, 450, 444, 441, 440, 441, 443, 447, 0, 0, 0, 514, 514, 0, 0, 0, 515, 515, 516, 517, 518, 519, 520, 521, 522, 526, 529, 529, 533, 533, 537, 540, 544, 547, 550, 554, 559, 563, 567, 573, 578, 584, 590, 596, 601, 607, 614, 621]
[0, 570, 565, 561, 558, 554, 551, 548, 545, 542, 539, 540, 0, 0, 448, 442, 440, 440, 441, 444, 447, 0, 0, 0, 0, 0, 0, 0, 0, 520, 520, 520, 522, 523, 524, 526, 527, 529, 531, 533, 535, 538, 541, 544, 547, 551, 554, 558, 562, 566, 571, 576, 582, 587, 592, 598, 604, 610, 617, 623, 630]
[0, 575, 570, 567, 558, 563, 560, 556, 553, 551, 548, 546, 0, 453, 448, 446, 439, 440, 439, 441, 450, 0, 0, 0, 0, 522, 0, 0, 522, 522, 522, 523, 524, 524, 526, 527, 529, 531, 534, 535, 538, 541, 544, 547, 550, 554, 557, 560, 565, 570, 575, 580, 586, 591, 596, 602, 609, 615, 621, 628, 636]
[0, 576, 571, 567, 563, 560, 556, 556, 554, 551, 549, 546, 0, 455, 446, 442, 439, 439, 441, 443, 449, 0, 0, 0, 528, 528, 0, 0, 0, 529, 529, 530, 524, 532, 534, 535, 536, 538, 541, 543, 538, 549, 544, 552, 555, 561, 557, 565, 569, 579, 575, 589, 586, 594, 600, 605, 611, 618, 624, 631, 639]
[0, 584, 580, 576, 572, 560, 568, 565, 562, 559, 557, 555, 0, 455, 445, 441, 439, 439, 441, 440, 443, 0, 0, 0, 0, 0, 0, 528, 528, 528, 529, 530, 531, 532, 533, 534, 537, 539, 540, 542, 545, 548, 551, 554, 557, 560, 564, 567, 572, 578, 583, 588, 593, 598, 604, 610, 616, 622, 630, 638, 645]
[0, 589, 585, 581, 572, 577, 572, 568, 565, 563, 561, 558, 0, 452, 444, 441, 440, 438, 438, 442, 443, 0, 0, 533, 538, 0, 0, 538, 538, 538, 539, 540, 541, 542, 544, 545, 546, 548, 550, 553, 555, 557, 560, 564, 567, 571, 575, 580, 572, 589, 593, 598, 603, 609, 604, 621, 628, 635, 642, 650, 645]
[0, 599, 595, 591, 587, 583, 580, 577, 565, 574, 570, 567, 0, 452, 443, 439, 438, 438, 439, 442, 442, 0, 0, 537, 540, 0, 0, 0, 541, 541, 542, 543, 544, 545, 546, 548, 550, 552, 554, 556, 558, 561, 564, 567, 567, 575, 579, 580, 588, 592, 593, 602, 603, 607, 612, 625, 632, 639, 642, 653, 661]
[0, 600, 596, 592, 588, 583, 580, 577, 573, 570, 567, 567, 0, 452, 444, 440, 438, 437, 438, 441, 448, 457, 0, 537, 0, 549, 550, 0, 0, 551, 552, 553, 554, 555, 556, 557, 559, 561, 562, 565, 567, 571, 574, 578, 581, 585, 589, 594, 598, 602, 607, 612, 618, 623, 630, 636, 643, 650, 657, 665, 673]
[0, 599, 595, 591, 587, 583, 580, 577, 573, 573, 570, 567, 0, 452, 443, 439, 438, 437, 437, 442, 448, 457, 0, 537, 0, 0, 0, 0, 551, 551, 552, 552, 553, 555, 556, 557, 559, 560, 562, 565, 567, 571, 574, 577, 581, 585, 589, 593, 597, 603, 608, 613, 617, 623, 629, 636, 644, 650, 657, 665, 673]
[0, 612, 608, 604, 600, 597, 593, 589, 586, 583, 580, 0, 0, 457, 446, 440, 437, 436, 436, 439, 443, 457, 0, 537, 0, 549, 0, 0, 551, 551, 552, 553, 554, 555, 556, 557, 559, 560, 563, 565, 568, 571, 574, 578, 581, 586, 590, 594, 598, 603, 607, 613, 618, 623, 629, 630, 644, 650, 658, 666, 673]
[0, 611, 608, 604, 599, 596, 593, 589, 587, 583, 580, 0, 0, 0, 444, 439, 436, 435, 437, 440, 444, 451, 0, 559, 560, 560, 560, 0, 0, 561, 552, 562, 563, 564, 565, 568, 559, 570, 573, 575, 578, 581, 584, 587, 590, 594, 597, 602, 607, 611, 616, 621, 627, 633, 639, 647, 653, 658, 666, 674, 682]
[0, 616, 612, 607, 604, 601, 597, 594, 591, 588, 585, 0, 0, 450, 442, 439, 436, 436, 437, 440, 445, 455, 0, 559, 0, 560, 560, 0, 0, 561, 561, 562, 563, 564, 566, 567, 569, 571, 574, 577, 579, 582, 586, 589, 591, 595, 599, 604, 609, 613, 618, 623, 628, 634, 641, 648, 654, 662, 669, 676, 684]
[0, 629, 624, 619, 616, 612, 609, 606, 603, 599, 596, 0, 0, 0, 443, 438, 435, 435, 435, 438, 443, 451, 0, 0, 0, 565, 564, 0, 565, 566, 566, 567, 569, 570, 572, 573, 575, 578, 580, 582, 585, 588, 591, 594, 597, 601, 606, 610, 614, 620, 625, 630, 637, 644, 650, 656, 662, 670, 678, 686, 694]
[0, 626, 621, 617, 614, 610, 609, 604, 601, 599, 598, 595, 0, 448, 443, 440, 436, 434, 434, 436, 440, 451, 0, 576, 0, 0, 0, 0, 576, 577, 578, 580, 580, 581, 583, 585, 587, 589, 591, 593, 596, 598, 601, 604, 608, 612, 616, 620, 625, 631, 637, 643, 648, 654, 660, 666, 673, 681, 690, 699, 706]
[0, 628, 623, 619, 615, 612, 608, 605, 603, 599, 595, 595, 0, 451, 441, 437, 434, 434, 436, 439, 444, 452, 0, 0, 0, 576, 576, 0, 577, 578, 579, 580, 581, 582, 584, 586, 588, 590, 592, 593, 596, 599, 601, 606, 608, 614, 616, 618, 622, 626, 639, 643, 645, 650, 656, 663, 669, 676, 684, 693, 701]
[0, 630, 623, 625, 620, 617, 613, 610, 607, 604, 601, 595, 0, 0, 444, 439, 436, 434, 434, 436, 441, 452, 0, 0, 576, 576, 0, 0, 576, 577, 578, 579, 580, 581, 583, 585, 586, 588, 590, 593, 596, 599, 601, 604, 608, 612, 616, 620, 625, 631, 637, 643, 648, 654, 660, 667, 674, 681, 690, 699, 706]
[0, 633, 627, 623, 619, 616, 612, 609, 606, 604, 601, 595, 0, 448, 441, 439, 437, 434, 433, 435, 439, 454, 0, 578, 581, 580, 581, 0, 581, 582, 583, 579, 585, 581, 586, 588, 592, 588, 594, 596, 603, 599, 605, 608, 611, 615, 619, 623, 628, 633, 639, 645, 649, 655, 662, 669, 675, 683, 692, 700, 707]
[0, 646, 627, 637, 632, 628, 612, 625, 621, 618, 616, 0, 0, 0, 443, 437, 433, 432, 433, 436, 440, 454, 0, 0, 581, 581, 0, 0, 0, 583, 584, 585, 586, 587, 588, 590, 592, 594, 596, 598, 601, 604, 607, 611, 615, 618, 622, 627, 632, 638, 644, 649, 654, 660, 667, 674, 681, 689, 698, 706, 714]
[0, 658, 653, 649, 645, 641, 637, 634, 631, 628, 624, 0, 0, 450, 441, 436, 432, 432, 433, 436, 441, 449, 0, 0, 598, 596, 596, 0, 597, 598, 599, 601, 602, 587, 604, 606, 609, 594, 611, 616, 601, 619, 623, 627, 631, 635, 639, 644, 649, 654, 659, 664, 671, 677, 684, 692, 700, 708, 715, 723, 731]
[0, 654, 650, 646, 642, 641, 635, 634, 631, 628, 625, 0, 0, 0, 443, 437, 433, 432, 433, 436, 440, 449, 0, 603, 598, 603, 0, 0, 0, 605, 605, 606, 607, 609, 610, 612, 613, 615, 618, 620, 623, 627, 631, 634, 638, 643, 646, 650, 656, 661, 667, 673, 678, 684, 692, 700, 707, 713, 721, 730, 739]
[0, 660, 655, 651, 647, 643, 640, 634, 633, 628, 630, 0, 0, 0, 443, 436, 432, 432, 433, 435, 439, 449, 0, 0, 605, 605, 0, 0, 0, 606, 607, 608, 609, 611, 612, 612, 613, 614, 617, 622, 623, 626, 630, 634, 638, 641, 645, 649, 653, 659, 665, 671, 677, 683, 690, 698, 706, 713, 720, 728, 737]
[0, 660, 655, 651, 647, 644, 640, 637, 633, 628, 630, 0, 0, 0, 442, 436, 432, 431, 432, 434, 439, 449, 0, 0, 607, 607, 0, 0, 0, 610, 611, 612, 613, 615, 616, 617, 619, 622, 617, 625, 630, 626, 635, 638, 642, 646, 650, 654, 659, 664, 671, 677, 683, 689, 696, 703, 711, 718, 726, 735, 744]
[0, 678, 673, 651, 669, 665, 661, 658, 655, 652, 649, 0, 0, 0, 439, 434, 432, 431, 431, 433, 438, 449, 0, 0, 608, 609, 0, 0, 0, 610, 611, 612, 613, 614, 615, 617, 619, 622, 624, 627, 630, 626, 639, 642, 646, 650, 654, 654, 658, 663, 670, 676, 681, 688, 695, 703, 710, 716, 724, 733, 742]
[0, 678, 673, 669, 665, 662, 661, 658, 654, 651, 649, 0, 0, 0, 442, 436, 432, 431, 431, 433, 438, 449, 0, 0, 626, 0, 627, 0, 0, 629, 630, 631, 633, 634, 636, 617, 638, 642, 645, 648, 651, 626, 654, 661, 646, 668, 654, 679, 658, 685, 691, 697, 703, 709, 716, 723, 731, 739, 747, 756, 765]
[0, 680, 675, 671, 667, 663, 660, 656, 653, 650, 647, 0, 0, 445, 437, 432, 430, 430, 431, 434, 440, 449, 0, 0, 626, 626, 626, 0, 627, 628, 629, 631, 632, 633, 634, 636, 638, 641, 644, 646, 649, 652, 656, 659, 663, 667, 672, 677, 681, 687, 693, 700, 707, 713, 719, 726, 735, 743, 751, 760, 770]
[0, 690, 685, 680, 675, 673, 670, 666, 663, 660, 657, 0, 0, 445, 442, 436, 430, 430, 431, 432, 435, 450, 0, 626, 626, 626, 626, 0, 627, 629, 630, 631, 632, 632, 634, 636, 638, 640, 642, 645, 651, 652, 654, 661, 663, 665, 668, 673, 679, 685, 691, 697, 703, 716, 719, 731, 735, 739, 756, 766, 770]
[0, 691, 686, 681, 677, 674, 670, 667, 663, 660, 660, 0, 0, 0, 441, 435, 431, 431, 430, 432, 436, 450, 0, 0, 639, 0, 0, 0, 641, 642, 643, 644, 645, 646, 647, 649, 650, 652, 655, 657, 660, 664, 667, 671, 674, 679, 684, 689, 695, 701, 707, 712, 718, 726, 732, 739, 748, 757, 765, 773, 783]
[0, 698, 694, 689, 684, 680, 677, 674, 671, 667, 660, 0, 0, 0, 440, 434, 431, 430, 430, 432, 436, 450, 0, 0, 640, 0, 0, 0, 640, 641, 643, 644, 644, 646, 647, 649, 650, 652, 655, 657, 660, 664, 667, 671, 674, 679, 684, 689, 695, 701, 707, 712, 718, 725, 731, 739, 747, 756, 765, 773, 782]
[0, 713, 709, 704, 698, 694, 690, 686, 683, 680, 678, 0, 0, 443, 436, 434, 429, 430, 429, 434, 438, 447, 0, 0, 646, 646, 646, 0, 0, 648, 648, 649, 651, 652, 653, 656, 658, 660, 662, 665, 668, 670, 674, 677, 682, 686, 692, 699, 704, 709, 714, 719, 726, 733, 741, 749, 757, 765, 773, 782, 792]
[0, 718, 713, 710, 705, 701, 697, 693, 689, 686, 683, 0, 0, 443, 442, 435, 430, 430, 429, 434, 439, 448, 0, 0, 657, 657, 658, 0, 0, 660, 661, 662, 651, 665, 653, 669, 658, 674, 662, 680, 668, 686, 674, 695, 682, 700, 705, 710, 714, 719, 726, 732, 738, 746, 753, 762, 777, 765, 787, 797, 806]
[0, 718, 713, 709, 705, 701, 697, 693, 689, 686, 683, 0, 0, 442, 435, 435, 430, 429, 429, 430, 433, 447, 0, 0, 664, 664, 664, 0, 0, 666, 667, 668, 651, 671, 672, 674, 676, 677, 680, 683, 686, 689, 693, 698, 703, 707, 711, 716, 721, 727, 734, 741, 747, 754, 762, 769, 777, 786, 795, 805, 815]
[0, 732, 728, 723, 718, 714, 711, 707, 704, 686, 701, 0, 0, 448, 437, 432, 429, 428, 429, 431, 434, 447, 0, 0, 664, 664, 0, 0, 0, 666, 667, 668, 651, 672, 674, 674, 676, 677, 680, 683, 689, 693, 693, 702, 703, 711, 711, 720, 727, 727, 740, 747, 754, 754, 762, 769, 786, 795, 795, 813, 823]
[0, 738, 733, 728, 724, 719, 715, 711, 709, 706, 701, 0, 0, 448, 439, 432, 429, 428, 429, 430, 433, 447, 0, 0, 679, 0, 0, 0, 681, 681, 682, 684, 685, 687, 689, 691, 694, 696, 699, 702, 704, 708, 711, 716, 720, 725, 731, 736, 742, 749, 755, 762, 769, 776, 784, 792, 800, 809, 818, 827, 838]
[0, 749, 743, 738, 733, 729, 724, 720, 716, 714, 712, 0, 0, 442, 434, 430, 428, 428, 429, 431, 437, 446, 0, 0, 683, 684, 0, 0, 0, 685, 686, 687, 689, 691, 692, 694, 697, 700, 702, 704, 708, 711, 715, 719, 724, 729, 734, 740, 746, 753, 760, 765, 771, 780, 786, 795, 805, 814, 822, 831, 841]
[0, 748, 742, 737, 733, 728, 724, 720, 716, 713, 712, 0, 0, 442, 439, 433, 428, 428, 428, 429, 433, 446, 0, 0, 692, 0, 0, 0, 694, 695, 696, 697, 699, 701, 703, 705, 707, 709, 711, 715, 718, 723, 727, 732, 737, 742, 748, 754, 759, 765, 760, 779, 787, 795, 803, 811, 820, 828, 838, 849, 860]
[0, 757, 751, 746, 741, 736, 732, 728, 724, 721, 720, 0, 0, 0, 432, 433, 429, 428, 428, 429, 433, 438, 448, 693, 692, 693, 0, 0, 694, 694, 695, 696, 698, 700, 701, 704, 706, 708, 710, 713, 716, 720, 723, 728, 734, 738, 743, 749, 756, 762, 768, 775, 782, 789, 797, 806, 814, 822, 832, 841, 853]
[0, 755, 749, 744, 738, 734, 730, 728, 722, 721, 720, 0, 0, 0, 435, 431, 429, 428, 428, 430, 434, 438, 448, 0, 692, 701, 0, 0, 0, 702, 703, 704, 707, 708, 709, 710, 712, 715, 717, 720, 723, 728, 733, 738, 742, 747, 753, 758, 763, 770, 776, 783, 791, 799, 807, 816, 824, 832, 840, 851, 863]
[0, 774, 768, 763, 759, 755, 750, 746, 742, 739, 738, 0, 0, 0, 439, 432, 429, 428, 428, 429, 432, 438, 448, 0, 701, 701, 701, 0, 701, 702, 703, 705, 706, 708, 710, 712, 714, 716, 718, 722, 725, 729, 734, 739, 745, 750, 755, 760, 766, 772, 779, 786, 794, 802, 811, 819, 827, 835, 845, 857, 867]
[0, 784, 778, 773, 759, 765, 750, 761, 757, 753, 750, 0, 0, 442, 434, 430, 428, 427, 429, 430, 435, 443, 448, 0, 701, 716, 716, 0, 0, 702, 718, 719, 720, 722, 725, 728, 730, 732, 735, 738, 742, 747, 752, 756, 761, 767, 772, 778, 785, 791, 797, 805, 812, 820, 828, 835, 845, 856, 865, 874, 883]
[0, 784, 778, 773, 769, 765, 750, 761, 757, 753, 750, 0, 0, 442, 434, 429, 427, 427, 428, 431, 435, 443, 448, 0, 729, 728, 729, 0, 0, 732, 733, 734, 736, 738, 739, 742, 745, 748, 751, 755, 759, 765, 769, 773, 780, 786, 792, 798, 803, 810, 818, 826, 833, 841, 849, 835, 868, 877, 886, 895, 908]
[0, 788, 782, 777, 772, 767, 762, 760, 757, 753, 750, 0, 0, 442, 437, 431, 428, 427, 427, 429, 432, 443, 448, 0, 729, 0, 0, 0, 730, 731, 732, 734, 736, 738, 739, 742, 745, 748, 752, 755, 760, 766, 769, 770, 774, 779, 785, 798, 803, 804, 810, 817, 826, 833, 841, 850, 860, 869, 877, 886, 896]
[0, 788, 783, 777, 772, 767, 763, 760, 757, 753, 750, 0, 0, 0, 437, 431, 428, 427, 427, 429, 432, 443, 448, 0, 729, 0, 0, 0, 730, 731, 733, 735, 736, 738, 740, 742, 745, 747, 750, 754, 759, 764, 768, 773, 778, 782, 789, 795, 801, 808, 816, 823, 830, 837, 845, 856, 866, 875, 883, 892, 903]
[0, 795, 788, 783, 779, 773, 769, 766, 763, 759, 750, 0, 0, 447, 436, 430, 428, 427, 427, 429, 434, 443, 0, 0, 729, 0, 0, 0, 0, 732, 733, 735, 736, 738, 739, 742, 745, 747, 750, 755, 760, 764, 768, 773, 778, 782, 790, 796, 801, 808, 816, 823, 830, 838, 846, 856, 866, 875, 883, 892, 904]
[0, 797, 791, 785, 779, 775, 771, 766, 765, 759, 762, 0, 0, 442, 433, 429, 427, 427, 428, 430, 435, 443, 0, 0, 739, 737, 738, 0, 0, 740, 741, 743, 745, 747, 749, 751, 754, 758, 762, 765, 769, 774, 778, 783, 788, 793, 800, 806, 813, 820, 826, 833, 841, 850, 859, 868, 877, 885, 894, 905, 917]
[0, 826, 820, 813, 807, 802, 799, 795, 792, 787, 762, 0, 0, 445, 435, 429, 427, 426, 426, 428, 432, 443, 0, 0, 741, 741, 0, 0, 0, 744, 747, 749, 751, 752, 754, 757, 760, 762, 766, 770, 775, 779, 785, 791, 797, 804, 809, 816, 823, 829, 836, 845, 854, 863, 859, 871, 888, 885, 897, 907, 932]
[0, 826, 820, 813, 807, 803, 799, 795, 792, 788, 762, 0, 0, 445, 435, 429, 427, 426, 426, 428, 432, 443, 0, 0, 767, 766, 0, 0, 0, 768, 769, 771, 773, 775, 777, 779, 782, 785, 789, 793, 798, 803, 807, 812, 818, 823, 829, 834, 841, 849, 857, 865, 872, 879, 888, 897, 908, 919, 929, 938, 948]
[0, 833, 828, 823, 817, 813, 809, 805, 802, 788, 799, 0, 0, 442, 433, 428, 426, 426, 427, 429, 433, 440, 0, 0, 768, 766, 767, 0, 0, 769, 769, 771, 774, 778, 779, 780, 783, 788, 793, 797, 802, 807, 812, 818, 824, 828, 834, 840, 847, 856, 865, 872, 879, 887, 895, 905, 915, 927, 937, 946, 958]
[0, 855, 849, 841, 835, 832, 829, 805, 823, 820, 799, 0, 0, 439, 432, 428, 425, 425, 427, 429, 434, 442, 0, 0, 776, 776, 776, 0, 0, 779, 781, 783, 784, 788, 790, 793, 795, 798, 802, 806, 811, 816, 820, 825, 832, 836, 841, 849, 857, 865, 872, 880, 886, 894, 904, 913, 923, 934, 944, 953, 965]
[0, 855, 853, 841, 846, 840, 836, 833, 830, 827, 826, 0, 0, 439, 436, 427, 425, 425, 425, 427, 430, 442, 0, 0, 800, 0, 0, 0, 802, 804, 806, 808, 810, 813, 816, 819, 821, 825, 829, 833, 837, 841, 847, 855, 862, 868, 872, 849, 886, 893, 872, 910, 886, 920, 930, 937, 946, 957, 969, 982, 994]
[0, 855, 860, 853, 846, 840, 836, 833, 829, 827, 826, 0, 0, 436, 436, 429, 426, 425, 425, 427, 430, 442, 0, 0, 804, 0, 0, 0, 807, 804, 811, 808, 814, 813, 817, 821, 823, 826, 829, 833, 836, 841, 847, 853, 859, 866, 871, 876, 883, 890, 897, 905, 915, 925, 933, 942, 951, 960, 974, 988, 999]
[0, 891, 885, 880, 875, 871, 867, 863, 860, 856, 826, 0, 0, 0, 433, 428, 426, 425, 426, 428, 432, 442, 0, 0, 804, 805, 0, 0, 0, 804, 809, 810, 812, 814, 817, 821, 824, 826, 829, 833, 836, 841, 847, 853, 860, 866, 871, 876, 883, 890, 898, 907, 915, 925, 934, 943, 951, 961, 975, 988, 1000]
[0, 888, 882, 878, 873, 871, 869, 865, 862, 858, 853, 0, 0, 437, 433, 430, 426, 425, 426, 427, 429, 442, 0, 0, 0, 0, 0, 0, 836, 837, 838, 840, 844, 847, 850, 854, 857, 861, 866, 870, 873, 878, 882, 887, 893, 900, 906, 913, 922, 930, 937, 945, 955, 964, 975, 987, 997, 1007, 1018, 1031, 1046]
[0, 891, 885, 880, 876, 872, 868, 865, 861, 857, 853, 0, 0, 440, 432, 428, 426, 425, 426, 429, 433, 441, 0, 0, 834, 833, 834, 0, 0, 837, 839, 842, 846, 849, 851, 854, 859, 864, 866, 868, 871, 876, 880, 884, 891, 896, 903, 910, 917, 924, 932, 942, 950, 959, 970, 980, 991, 1002, 1012, 1024, 1038]
[0, 904, 898, 892, 886, 881, 878, 874, 871, 869, 853, 0, 0, 0, 434, 428, 425, 425, 426, 427, 431, 441, 0, 0, 840, 836, 0, 0, 0, 840, 841, 843, 846, 849, 852, 856, 860, 865, 868, 872, 876, 881, 886, 892, 897, 902, 911, 919, 926, 924, 941, 950, 950, 971, 970, 982, 992, 1002, 1014, 1027, 1038]
[0, 902, 896, 890, 884, 881, 876, 873, 871, 868, 853, 0, 0, 439, 431, 427, 425, 425, 426, 429, 434, 442, 0, 0, 847, 847, 848, 0, 0, 851, 853, 855, 857, 859, 863, 866, 869, 872, 876, 881, 884, 889, 894, 900, 906, 913, 920, 927, 934, 940, 948, 957, 968, 979, 990, 999, 1009, 1021, 1033, 1045, 1059]
[0, 925, 918, 912, 906, 901, 897, 893, 890, 888, 853, 0, 0, 440, 432, 428, 426, 425, 425, 427, 432, 439, 0, 0, 847, 848, 848, 0, 0, 852, 855, 857, 861, 863, 866, 869, 872, 875, 879, 884, 889, 892, 897, 904, 911, 913, 918, 925, 932, 939, 946, 954, 962, 974, 986, 995, 1005, 1016, 1027, 1039, 1052]
[0, 941, 935, 929, 923, 918, 913, 909, 904, 901, 853, 0, 0, 0, 433, 428, 425, 424, 425, 426, 430, 439, 0, 0, 0, 873, 0, 0, 0, 876, 877, 879, 882, 884, 887, 891, 895, 898, 903, 910, 915, 920, 925, 932, 937, 943, 949, 956, 964, 973, 983, 993, 1002, 1012, 1022, 1033, 1045, 1059, 1027, 1084, 1099]
[0, 947, 942, 936, 923, 926, 913, 921, 917, 913, 912, 0, 0, 0, 436, 429, 426, 424, 424, 426, 429, 435, 444, 0, 883, 883, 883, 0, 887, 0, 889, 890, 893, 895, 897, 901, 906, 910, 915, 920, 926, 932, 937, 941, 946, 953, 960, 968, 979, 988, 995, 1004, 1014, 1023, 1034, 1045, 1057, 1070, 1083, 1097, 1114]
[0, 949, 944, 938, 933, 928, 924, 920, 915, 912, 912, 0, 0, 440, 431, 427, 425, 424, 425, 427, 431, 435, 444, 0, 893, 894, 0, 0, 0, 899, 900, 901, 904, 908, 912, 916, 921, 926, 931, 937, 941, 946, 951, 956, 946, 970, 960, 988, 979, 995, 1003, 1011, 1021, 1031, 1041, 1053, 1066, 1078, 1090, 1104, 1120]
[0, 982, 976, 969, 961, 957, 954, 920, 950, 947, 945, 0, 0, 440, 435, 429, 426, 423, 425, 429, 431, 435, 444, 0, 0, 0, 0, 0, 0, 898, 899, 902, 904, 906, 909, 914, 919, 923, 927, 932, 937, 941, 947, 952, 959, 966, 974, 983, 991, 998, 1005, 1016, 1026, 1035, 1045, 1057, 1070, 1083, 1096, 1111, 1126]
[0, 993, 986, 979, 971, 964, 960, 956, 953, 950, 945, 0, 0, 0, 433, 428, 425, 424, 424, 426, 430, 435, 444, 0, 0, 933, 0, 0, 0, 938, 939, 942, 943, 946, 950, 954, 957, 963, 967, 972, 980, 986, 992, 998, 1004, 1011, 1019, 1028, 1036, 1045, 1055, 1065, 1074, 1085, 1097, 1109, 1123, 1138, 1153, 1166, 1181]
[0, 986, 986, 979, 972, 965, 961, 957, 953, 951, 945, 0, 0, 0, 433, 428, 425, 424, 424, 426, 429, 435, 444, 0, 935, 0, 0, 0, 938, 939, 941, 943, 946, 949, 952, 954, 958, 964, 969, 975, 982, 988, 993, 998, 1006, 1013, 1019, 1028, 1036, 1045, 1056, 1067, 1076, 1086, 1097, 1111, 1126, 1140, 1154, 1168, 1181]
[0, 1035, 1029, 1022, 1016, 1011, 1005, 1001, 999, 995, 945, 0, 0, 439, 431, 427, 424, 423, 424, 427, 430, 435, 444, 0, 935, 935, 0, 0, 0, 938, 941, 943, 946, 949, 952, 954, 958, 964, 968, 974, 982, 988, 993, 998, 1006, 1013, 1019, 1028, 1036, 1045, 1056, 1067, 1076, 1086, 1097, 1111, 1126, 1140, 1154, 1168, 1182]
[0, 1032, 1026, 1020, 1014, 1008, 1003, 1000, 997, 996, 945, 0, 0, 439, 435, 429, 423, 423, 425, 427, 428, 441, 444, 0, 979, 979, 980, 0, 0, 987, 988, 943, 992, 949, 996, 999, 1003, 1007, 1012, 1017, 1022, 1028, 1035, 1042, 1049, 1057, 1065, 1073, 1080, 1090, 1101, 1111, 1123, 1134, 1146, 1160, 1173, 1186, 1200, 1215, 1230]
[0, 1077, 1071, 1063, 1057, 1052, 1045, 1041, 997, 1037, 945, 0, 0, 0, 433, 428, 425, 424, 424, 425, 429, 441, 444, 0, 0, 0, 0, 0, 983, 985, 987, 989, 992, 995, 998, 1001, 1006, 1010, 1016, 1021, 1027, 1033, 1039, 1047, 1054, 1061, 1069, 1078, 1085, 1094, 1105, 1117, 1128, 1142, 1155, 1166, 1180, 1194, 1205, 1220, 1239]
[0, 1078, 1072, 1065, 1058, 1053, 1048, 1042, 1038, 1035, 945, 0, 0, 437, 430, 426, 425, 424, 424, 426, 429, 439, 444, 0, 0, 1022, 1023, 0, 0, 1026, 1028, 1030, 1035, 1039, 1041, 1045, 1052, 1057, 1062, 1068, 1074, 1080, 1087, 1095, 1103, 1111, 1120, 1130, 1140, 1150, 1160, 1171, 1182, 1194, 1209, 1223, 1237, 1252, 1268, 1286, 1302]
[0, 1104, 1096, 1090, 1083, 1079, 1075, 1069, 1063, 1061, 945, 0, 0, 437, 430, 426, 425, 424, 424, 426, 430, 438, 444, 0, 0, 1021, 1022, 0, 0, 1026, 1029, 1033, 1035, 1038, 1043, 1046, 1048, 1055, 1060, 1066, 1073, 1078, 1084, 1091, 1099, 1109, 1118, 1126, 1135, 1146, 1158, 1169, 1180, 1191, 1204, 1219, 1233, 1246, 1261, 1279, 1296]
[0, 1104, 1096, 1091, 1085, 1079, 1074, 1068, 1063, 1061, 945, 0, 0, 437, 429, 426, 423, 423, 424, 426, 430, 438, 444, 0, 1045, 1021, 1047, 0, 0, 1052, 1056, 1059, 1062, 1066, 1071, 1074, 1078, 1083, 1088, 1093, 1100, 1108, 1115, 1123, 1130, 1138, 1148, 1157, 1165, 1175, 1186, 1199, 1213, 1226, 1238, 1252, 1265, 1279, 1296, 1279, 1324]
[0, 1104, 1103, 1094, 1088, 1084, 1080, 1074, 1067, 1063, 945, 0, 0, 0, 433, 428, 425, 424, 424, 426, 429, 438, 444, 0, 1045, 1047, 0, 0, 0, 1053, 1056, 1059, 1062, 1066, 1069, 1073, 1078, 1082, 1087, 1093, 1098, 1106, 1115, 1122, 1129, 1138, 1147, 1157, 1166, 1175, 1186, 1198, 1211, 1223, 1237, 1250, 1263, 1276, 1293, 1279, 1322]
[0, 1104, 1095, 1089, 1084, 1084, 1080, 1074, 1068, 1063, 945, 0, 0, 0, 433, 427, 425, 423, 423, 425, 429, 438, 444, 0, 0, 0, 0, 0, 1055, 1058, 1060, 1063, 1066, 1071, 1075, 1079, 1083, 1087, 1092, 1097, 1105, 1113, 1122, 1129, 1138, 1147, 1155, 1164, 1172, 1183, 1194, 1205, 1218, 1231, 1244, 1258, 1273, 1289, 1307, 1279, 1334]
[0, 1157, 1150, 1143, 1136, 1130, 1122, 1118, 1114, 1110, 945, 0, 0, 437, 429, 426, 423, 423, 424, 425, 431, 438, 444, 0, 0, 1052, 1053, 0, 0, 1058, 1060, 1063, 1066, 1070, 1075, 1078, 1083, 1087, 1093, 1098, 1105, 1112, 1120, 1129, 1137, 1145, 1153, 1162, 1171, 1182, 1193, 1205, 1218, 1231, 1245, 1257, 1271, 1287, 1303, 1279, 1329]
[0, 1155, 1150, 1148, 1140, 1132, 1127, 1122, 1117, 1113, 945, 0, 0, 0, 432, 427, 424, 423, 423, 424, 428, 438, 444, 0, 1103, 0, 0, 0, 1110, 1112, 1115, 1117, 1120, 1124, 1130, 1135, 1083, 1146, 1093, 1154, 1159, 1164, 1170, 1177, 1193, 1145, 1213, 1162, 1241, 1258, 1193, 1266, 1273, 1286, 1305, 1324, 1336, 1352, 1370, 1392, 1410]
[0, 1160, 1153, 1146, 1140, 1134, 1128, 1122, 1117, 1115, 945, 0, 0, 0, 429, 427, 425, 423, 423, 424, 426, 430, 438, 0, 0, 1101, 1105, 0, 0, 1112, 1114, 1117, 1118, 1121, 1128, 1134, 1138, 1143, 1150, 1155, 1161, 1167, 1173, 1180, 1188, 1198, 1207, 1217, 1229, 1243, 1261, 1277, 1284, 1294, 1310, 1331, 1344, 1354, 1374, 1397, 1419]
[0, 1163, 1156, 1148, 1143, 1137, 1130, 1123, 1118, 1114, 945, 0, 0, 440, 432, 427, 424, 423, 423, 425, 429, 430, 438, 0, 1103, 1104, 0, 0, 0, 1113, 1115, 1117, 1123, 1127, 1128, 1135, 1143, 1143, 1150, 1154, 1165, 1167, 1178, 1187, 1188, 1205, 1217, 1227, 1241, 1258, 1271, 1277, 1290, 1308, 1324, 1339, 1356, 1375, 1394, 1410, 1423]
[0, 1211, 1205, 1198, 1191, 1185, 1180, 1176, 1173, 1170, 945, 0, 0, 439, 431, 426, 423, 423, 423, 425, 429, 430, 438, 0, 0, 1106, 0, 0, 0, 1114, 1116, 1119, 1123, 1127, 1132, 1136, 1142, 1149, 1155, 1160, 1165, 1171, 1177, 1186, 1195, 1204, 1214, 1224, 1236, 1252, 1268, 1279, 1286, 1303, 1324, 1330, 1351, 1366, 1385, 1404, 1422]
[0, 1212, 1204, 1198, 1192, 1186, 1180, 1176, 1172, 1169, 945, 0, 0, 437, 429, 426, 423, 423, 424, 426, 430, 430, 438, 0, 0, 1161, 0, 0, 0, 1168, 1170, 1172, 1173, 1176, 1183, 1189, 1197, 1208, 1218, 1231, 1243, 1249, 1253, 1257, 1263, 1270, 1280, 1293, 1306, 1320, 1334, 1347, 1357, 1370, 1384, 1401, 1419, 1440, 1465, 1487, 1502]
[0, 1234, 1226, 1217, 1209, 1204, 1199, 1194, 1189, 1169, 945, 0, 0, 437, 433, 427, 424, 423, 423, 425, 428, 433, 441, 0, 1162, 1161, 1162, 0, 1166, 1169, 1172, 1174, 1176, 1179, 1185, 1192, 1202, 1211, 1218, 1230, 1241, 1253, 1257, 1257, 1267, 1275, 1282, 1295, 1308, 1322, 1337, 1349, 1361, 1374, 1389, 1408, 1427, 1448, 1471, 1488, 1506]
[0, 1234, 1226, 1217, 1217, 1203, 1199, 1198, 1194, 1190, 945, 0, 0, 442, 432, 427, 424, 423, 423, 425, 427, 433, 441, 0, 0, 1178, 0, 0, 0, 1189, 1192, 1194, 1198, 1201, 1207, 1219, 1225, 1229, 1239, 1247, 1254, 1257, 1266, 1278, 1284, 1293, 1305, 1313, 1326, 1342, 1354, 1362, 1374, 1388, 1404, 1422, 1440, 1459, 1479, 1495, 1507]
[0, 1263, 1255, 1248, 1240, 1234, 1229, 1223, 1220, 1218, 945, 0, 0, 438, 429, 425, 423, 423, 423, 426, 430, 433, 441, 0, 0, 1178, 0, 0, 0, 1189, 1192, 1194, 1198, 1204, 1212, 1219, 1222, 1231, 1244, 1251, 1253, 1258, 1268, 1279, 1284, 1293, 1304, 1313, 1329, 1343, 1353, 1364, 1377, 1391, 1406, 1424, 1440, 1453, 1483, 1495, 1505]
[0, 1295, 1287, 1281, 1275, 1267, 1261, 1258, 1255, 1250, 945, 0, 0, 439, 430, 425, 423, 423, 423, 425, 429, 433, 441, 0, 0, 1227, 0, 0, 0, 1231, 1231, 1235, 1238, 1242, 1249, 1256, 1265, 1270, 1276, 1283, 1291, 1300, 1310, 1319, 1330, 1341, 1350, 1361, 1369, 1377, 1385, 1394, 1405, 1418, 1430, 1440, 1453, 1468, 1483, 1499, 1513]
[0, 1294, 1286, 1278, 1271, 1267, 1263, 1257, 1251, 1247, 945, 0, 0, 435, 429, 425, 423, 423, 423, 424, 430, 438, 441, 0, 0, 1244, 1248, 0, 0, 1257, 1258, 1258, 1262, 1269, 1273, 1278, 1283, 1289, 1295, 1304, 1313, 1320, 1327, 1333, 1337, 1344, 1352, 1358, 1367, 1377, 1387, 1396, 1402, 1413, 1427, 1440, 1453, 1468, 1481, 1496, 1510]
[0, 1297, 1287, 1281, 1275, 1266, 1261, 1258, 1255, 1250, 945, 0, 0, 438, 430, 426, 423, 422, 423, 425, 428, 438, 441, 0, 1244, 1244, 0, 0, 0, 1256, 1256, 1258, 1263, 1269, 1275, 1280, 1284, 1290, 1297, 1307, 1315, 1323, 1332, 1338, 1339, 1342, 1352, 1362, 1370, 1378, 1385, 1394, 1405, 1417, 1429, 1440, 1453, 1467, 1482, 1498, 1512]
[0, 1396, 1385, 1380, 1373, 1365, 1360, 1357, 1353, 1348, 945, 0, 0, 438, 430, 425, 423, 422, 423, 425, 429, 438, 441, 0, 0, 1244, 0, 0, 0, 1260, 1262, 1260, 1262, 1266, 1271, 1276, 1283, 1288, 1295, 1303, 1312, 1319, 1329, 1335, 1337, 1343, 1349, 1355, 1365, 1374, 1383, 1393, 1401, 1410, 1421, 1434, 1444, 1459, 1478, 1491, 1501]
[0, 1391, 1382, 1375, 1370, 1364, 1358, 1353, 1349, 1346, 945, 0, 0, 0, 434, 425, 423, 423, 423, 424, 427, 432, 441, 0, 0, 1290, 1290, 0, 1287, 1287, 1286, 1288, 1289, 1289, 1293, 1296, 1298, 1301, 1305, 1308, 1313, 1319, 1322, 1329, 1337, 1341, 1349, 1358, 1366, 1373, 1379, 1391, 1402, 1412, 1423, 1435, 1448, 1460, 1477, 1493, 1507]
[0, 1415, 1382, 1404, 1396, 1391, 1386, 1379, 1374, 1372, 945, 0, 0, 439, 430, 426, 423, 422, 423, 425, 429, 432, 441, 0, 0, 1293, 0, 0, 0, 1289, 1288, 1289, 1290, 1292, 1295, 1297, 1297, 1300, 1304, 1306, 1311, 1316, 1318, 1323, 1332, 1340, 1347, 1354, 1362, 1369, 1377, 1388, 1398, 1407, 1418, 1430, 1444, 1456, 1474, 1489, 1499]
[0, 1423, 1412, 1401, 1394, 1390, 1384, 1376, 1373, 1370, 945, 0, 0, 436, 430, 425, 423, 423, 423, 427, 429, 431, 438, 0, 0, 1290, 1290, 0, 0, 1287, 1287, 1287, 1290, 1291, 1292, 1295, 1299, 1300, 1304, 1310, 1314, 1319, 1321, 1326, 1334, 1342, 1349, 1358, 1369, 1376, 1384, 1393, 1402, 1415, 1418, 1426, 1451, 1456, 1466, 1478, 1494]
[0, 1423, 1412, 1445, 1422, 1412, 1403, 1399, 1391, 1376, 945, 0, 0, 437, 429, 425, 423, 423, 424, 427, 429, 431, 438, 0, 1299, 1290, 0, 0, 0, 1287, 1287, 1289, 1290, 1291, 1291, 1295, 1296, 1298, 1303, 1307, 1311, 1314, 1318, 1323, 1331, 1340, 1346, 1353, 1361, 1368, 1377, 1384, 1393, 1406, 1420, 1432, 1443, 1456, 1474, 1490, 1501]
[0, 1423, 1412, 1443, 1422, 1413, 1404, 1399, 1387, 1372, 945, 0, 0, 437, 429, 425, 423, 423, 423, 427, 429, 438, 438, 0, 0, 1290, 1289, 0, 0, 1288, 1287, 1288, 1290, 1291, 1292, 1294, 1296, 1299, 1304, 1308, 1311, 1317, 1318, 1323, 1330, 1338, 1344, 1350, 1359, 1367, 1374, 1383, 1393, 1403, 1412, 1426, 1441, 1455, 1469, 1485, 1500]
[0, 1462, 1447, 1433, 1421, 1410, 1399, 1399, 1390, 1378, 945, 0, 0, 0, 431, 426, 424, 423, 423, 425, 428, 438, 438, 0, 1297, 1290, 0, 0, 0, 1288, 1288, 1288, 1289, 1292, 1292, 1294, 1294, 1297, 1303, 1306, 1311, 1315, 1318, 1323, 1331, 1339, 1346, 1353, 1361, 1371, 1379, 1385, 1395, 1406, 1417, 1427, 1440, 1455, 1471, 1485, 1501]
[0, 1472, 1455, 1441, 1427, 1414, 1404, 1394, 1381, 1371, 945, 0, 0, 0, 436, 428, 425, 423, 423, 424, 431, 440, 438, 0, 0, 1290, 1287, 0, 1286, 1286, 1286, 1287, 1288, 1289, 1292, 1294, 1298, 1299, 1303, 1308, 1311, 1314, 1319, 1325, 1334, 1340, 1346, 1353, 1354, 1361, 1371, 1381, 1391, 1402, 1411, 1420, 1433, 1448, 1462, 1481, 1496]
[0, 1469, 1453, 1438, 1423, 1413, 1402, 1391, 1380, 1371, 945, 0, 0, 434, 436, 428, 425, 423, 423, 425, 428, 440, 438, 0, 0, 0, 0, 0, 1286, 1284, 1286, 1288, 1288, 1289, 1292, 1293, 1294, 1298, 1301, 1303, 1307, 1314, 1320, 1322, 1328, 1336, 1346, 1353, 1359, 1369, 1377, 1386, 1396, 1405, 1415, 1427, 1441, 1458, 1476, 1492, 1502]
[0, 1469, 1453, 1438, 1423, 1412, 1401, 1391, 1380, 1371, 945, 0, 0, 435, 428, 425, 425, 423, 423, 424, 427, 431, 440, 0, 0, 1290, 1286, 0, 1284, 1283, 1284, 1284, 1285, 1287, 1289, 1292, 1295, 1298, 1299, 1303, 1307, 1311, 1317, 1322, 1328, 1332, 1338, 1351, 1362, 1369, 1376, 1384, 1395, 1406, 1416, 1426, 1442, 1458, 1472, 1489, 1502]
[0, 1474, 1455, 1440, 1426, 1413, 1403, 1395, 1383, 1372, 945, 0, 0, 437, 429, 425, 425, 423, 424, 424, 430, 431, 440, 0, 0, 1292, 0, 0, 0, 1284, 1284, 1286, 1287, 1287, 1289, 1292, 1295, 1298, 1300, 1303, 1307, 1310, 1315, 1321, 1328, 1333, 1340, 1349, 1359, 1369, 1378, 1385, 1394, 1404, 1415, 1426, 1440, 1453, 1468, 1485, 1499]
[0, 1475, 1458, 1443, 1427, 1413, 1403, 1395, 1386, 1375, 945, 0, 0, 439, 430, 426, 423, 423, 424, 425, 429, 431, 440, 0, 0, 1288, 0, 0, 0, 1287, 1286, 1288, 1289, 1290, 1292, 1294, 1298, 1298, 1300, 1302, 1305, 1311, 1315, 1316, 1321, 1330, 1339, 1348, 1358, 1365, 1372, 1382, 1392, 1402, 1412, 1424, 1436, 1448, 1464, 1482, 1498]
[0, 1472, 1455, 1441, 1427, 1414, 1403, 1394, 1383, 1372, 945, 0, 0, 437, 429, 426, 425, 423, 424, 426, 430, 437, 440, 0, 0, 1290, 1286, 0, 0, 1284, 1286, 1287, 1289, 1290, 1291, 1294, 1296, 1298, 1303, 1307, 1311, 1311, 1314, 1317, 1323, 1330, 1337, 1344, 1354, 1363, 1371, 1379, 1387, 1399, 1411, 1421, 1434, 1448, 1462, 1480, 1497]
[0, 1471, 1455, 1441, 1426, 1413, 1403, 1393, 1382, 1372, 945, 0, 0, 436, 429, 426, 425, 423, 424, 426, 430, 437, 440, 0, 0, 1288, 1286, 0, 0, 1283, 1285, 1286, 1288, 1290, 1291, 1293, 1297, 1298, 1300, 1302, 1305, 1309, 1313, 1319, 1326, 1332, 1339, 1346, 1353, 1361, 1373, 1381, 1390, 1404, 1414, 1423, 1438, 1451, 1464, 1482, 1497]
[0, 1473, 1455, 1441, 1427, 1414, 1403, 1394, 1383, 1373, 945, 0, 0, 438, 430, 426, 423, 423, 424, 426, 430, 437, 440, 0, 1298, 1289, 0, 0, 0, 1285, 1284, 1286, 1284, 1285, 1288, 1290, 1292, 1294, 1298, 1303, 1305, 1309, 1312, 1318, 1325, 1331, 1338, 1346, 1357, 1365, 1373, 1380, 1389, 1403, 1415, 1425, 1438, 1451, 1464, 1482, 1500]
[0, 1462, 1447, 1433, 1421, 1408, 1397, 1386, 1374, 1373, 945, 0, 0, 0, 432, 427, 424, 422, 423, 425, 428, 437, 440, 0, 0, 1286, 0, 0, 0, 1284, 1285, 1286, 1287, 1289, 1291, 1293, 1295, 1298, 1302, 1306, 1310, 1314, 1312, 1317, 1323, 1330, 1338, 1344, 1351, 1360, 1370, 1379, 1387, 1398, 1410, 1421, 1434, 1448, 1462, 1479, 1496]
[0, 1461, 1446, 1433, 1422, 1409, 1396, 1387, 1376, 1373, 945, 0, 0, 0, 434, 427, 424, 423, 423, 425, 428, 437, 440, 0, 0, 0, 1285, 0, 0, 1283, 1282, 1284, 1286, 1288, 1289, 1292, 1293, 1294, 1298, 1301, 1306, 1310, 1315, 1319, 1326, 1337, 1344, 1349, 1357, 1366, 1375, 1381, 1391, 1404, 1415, 1426, 1440, 1453, 1471, 1488, 1503]
[0, 1468, 1449, 1434, 1423, 1411, 1400, 1390, 1380, 1371, 945, 0, 0, 0, 436, 429, 425, 423, 423, 424, 427, 440, 440, 0, 0, 1288, 1287, 0, 1283, 1281, 1280, 1283, 1284, 1285, 1288, 1290, 1291, 1295, 1299, 1304, 1308, 1311, 1315, 1319, 1326, 1336, 1343, 1348, 1355, 1366, 1374, 1381, 1391, 1402, 1412, 1426, 1442, 1455, 1470, 1489, 1503]
[0, 1467, 1449, 1434, 1422, 1410, 1399, 1389, 1379, 1370, 945, 0, 0, 0, 429, 429, 425, 423, 423, 425, 427, 432, 440, 0, 0, 1287, 1284, 0, 1279, 1281, 1283, 1286, 1286, 1287, 1289, 1292, 1295, 1301, 1308, 1311, 1317, 1321, 1324, 1330, 1340, 1349, 1354, 1360, 1368, 1380, 1391, 1399, 1409, 1422, 1434, 1446, 1458, 1473, 1488, 1501, 1506]
[0, 1467, 1454, 1440, 1426, 1413, 1402, 1389, 1379, 1372, 945, 0, 0, 439, 430, 425, 425, 423, 423, 426, 430, 432, 440, 0, 0, 1288, 0, 0, 0, 1281, 1282, 1281, 1283, 1288, 1291, 1292, 1294, 1300, 1308, 1312, 1317, 1321, 1323, 1329, 1340, 1349, 1354, 1361, 1368, 1379, 1391, 1401, 1411, 1420, 1432, 1445, 1457, 1469, 1484, 1500, 1504]
[0, 1465, 1448, 1433, 1421, 1411, 1400, 1388, 1378, 1369, 945, 0, 0, 439, 436, 429, 423, 423, 423, 424, 427, 432, 440, 0, 0, 1284, 1285, 0, 1283, 1283, 1284, 1285, 1287, 1289, 1291, 1294, 1299, 1307, 1311, 1312, 1320, 1321, 1325, 1330, 1337, 1344, 1350, 1357, 1368, 1378, 1387, 1398, 1412, 1423, 1430, 1444, 1454, 1468, 1484, 1497, 1503]
[0, 1465, 1448, 1434, 1422, 1411, 1399, 1388, 1377, 1368, 945, 0, 0, 439, 429, 429, 425, 423, 424, 424, 427, 432, 439, 0, 0, 1289, 1284, 0, 1282, 1286, 1289, 1292, 1292, 1295, 1300, 1303, 1306, 1306, 1308, 1312, 1317, 1321, 1325, 1330, 1340, 1348, 1353, 1361, 1368, 1380, 1391, 1399, 1410, 1422, 1434, 1447, 1458, 1472, 1487, 1501, 1507]
[0, 1464, 1450, 1439, 1426, 1413, 1401, 1389, 1379, 1371, 945, 0, 0, 438, 431, 426, 425, 424, 424, 426, 430, 432, 439, 0, 1289, 1289, 0, 0, 0, 1287, 1289, 1292, 1295, 1298, 1300, 1303, 1305, 1306, 1309, 1312, 1317, 1321, 1325, 1330, 1337, 1346, 1353, 1360, 1369, 1380, 1391, 1402, 1413, 1422, 1434, 1447, 1458, 1472, 1487, 1501, 1506]
[0, 1456, 1443, 1433, 1422, 1409, 1397, 1388, 1384, 1388, 945, 0, 0, 0, 436, 430, 426, 423, 424, 426, 428, 432, 439, 0, 0, 0, 1296, 0, 0, 1298, 1298, 1292, 1300, 1300, 1302, 1303, 1306, 1308, 1310, 1312, 1315, 1320, 1325, 1331, 1338, 1345, 1350, 1357, 1366, 1375, 1388, 1398, 1412, 1424, 1431, 1444, 1457, 1469, 1482, 1498, 1503]
[0, 1470, 1454, 1439, 1427, 1414, 1404, 1398, 1392, 1387, 945, 0, 0, 443, 434, 429, 425, 424, 424, 425, 428, 432, 439, 0, 0, 1304, 0, 0, 0, 1299, 1299, 1298, 1298, 1300, 1303, 1304, 1304, 1309, 1311, 1312, 1316, 1322, 1326, 1331, 1340, 1348, 1353, 1360, 1369, 1380, 1391, 1402, 1413, 1422, 1434, 1446, 1458, 1471, 1487, 1501, 1506]
[0, 1472, 1461, 1448, 1439, 1434, 1428, 1420, 1406, 1391, 945, 0, 0, 443, 433, 428, 425, 424, 424, 426, 429, 432, 439, 0, 0, 1302, 0, 0, 0, 1296, 1296, 1299, 1301, 1301, 1301, 1302, 1305, 1309, 1312, 1313, 1317, 1322, 1326, 1333, 1342, 1348, 1354, 1362, 1373, 1382, 1392, 1402, 1412, 1423, 1434, 1446, 1459, 1472, 1486, 1501, 1506]
[0, 1465, 1456, 1444, 1441, 1435, 1417, 1404, 1398, 1390, 945, 0, 0, 443, 430, 427, 425, 424, 425, 426, 427, 431, 439, 0, 0, 1302, 1301, 0, 0, 1296, 1296, 1298, 1297, 1297, 1300, 1302, 1305, 1309, 1311, 1313, 1317, 1322, 1326, 1333, 1341, 1348, 1353, 1361, 1372, 1382, 1392, 1402, 1413, 1423, 1434, 1446, 1458, 1470, 1486, 1500, 1506]
[0, 1481, 1466, 1454, 1443, 1431, 1421, 1410, 1397, 1389, 945, 0, 0, 439, 430, 428, 425, 425, 426, 426, 431, 431, 439, 0, 0, 1302, 0, 0, 0, 1298, 1298, 1298, 1299, 1299, 1300, 1304, 1306, 1307, 1311, 1315, 1320, 1322, 1325, 1330, 1333, 1349, 1353, 1354, 1360, 1369, 1382, 1394, 1404, 1416, 1426, 1439, 1451, 1461, 1476, 1491, 1499]
[0, 1475, 1460, 1451, 1442, 1429, 1417, 1407, 1399, 1394, 945, 0, 0, 0, 436, 430, 427, 425, 425, 426, 428, 431, 439, 0, 0, 0, 1299, 0, 1297, 1297, 1297, 1298, 1297, 1298, 1302, 1304, 1304, 1307, 1311, 1314, 1319, 1325, 1329, 1330, 1338, 1351, 1359, 1366, 1375, 1385, 1394, 1402, 1412, 1424, 1436, 1447, 1458, 1470, 1484, 1502, 1508]
[0, 1476, 1460, 1449, 1442, 1438, 1425, 1412, 1400, 1392, 945, 0, 0, 0, 434, 429, 427, 426, 426, 427, 430, 431, 439, 0, 0, 1304, 0, 0, 0, 1296, 1297, 1298, 1296, 1298, 1301, 1302, 1305, 1306, 1308, 1311, 1317, 1321, 1325, 1330, 1339, 1345, 1351, 1360, 1367, 1379, 1390, 1400, 1411, 1420, 1432, 1444, 1456, 1468, 1483, 1499, 1507]
[0, 1481, 1466, 1454, 1443, 1431, 1421, 1409, 1397, 1389, 945, 0, 0, 440, 434, 432, 428, 426, 426, 427, 428, 440, 439, 0, 0, 1302, 1301, 0, 0, 1296, 1297, 1298, 1298, 1298, 1301, 1302, 1304, 1308, 1310, 1313, 1317, 1321, 1326, 1330, 1338, 1348, 1356, 1363, 1371, 1381, 1391, 1401, 1412, 1423, 1431, 1444, 1459, 1471, 1485, 1500, 1506]
