[0, 0, 0, 0, 0, 0, 0, 0, 0, 0, 0, 0, 0, 0, 0, 0, 0, 0, 0, 0, 0, 0, 0, 0, 0, 0, 0, 0, 0, 0, 0, 0, 0, 0, 0, 0, 0, 0, 0, 0, 0, 0, 0, 0, 0, 0, 0, 0, 0, 0, 0, 0, 0, 0, 0, 0, 0, 0, 0, 0, 0]
[0, 520, 520, 517, 513, 509, 505, 502, 498, 495, 493, 490, 488, 485, 483, 482, 480, 479, 478, 477, 476, 475, 474, 474, 474, 473, 473, 473, 473, 473, 474, 474, 474, 475, 477, 478, 479, 481, 483, 485, 486, 488, 490, 494, 496, 499, 503, 506, 509, 513, 517, 522, 527, 531, 536, 541, 547, 552, 558, 564, 571]
[0, 521, 517, 513, 513, 506, 503, 500, 498, 496, 493, 491, 489, 486, 484, 483, 480, 479, 478, 477, 476, 475, 474, 474, 473, 473, 472, 472, 473, 473, 473, 474, 475, 476, 476, 477, 479, 481, 483, 481, 486, 488, 488, 494, 497, 499, 503, 506, 509, 514, 519, 522, 523, 527, 537, 543, 547, 554, 559, 565, 573]
[0, 525, 520, 512, 509, 506, 505, 502, 498, 495, 493, 490, 488, 485, 483, 482, 480, 479, 477, 476, 476, 474, 474, 473, 473, 473, 472, 473, 473, 473, 474, 474, 474, 475, 477, 478, 479, 481, 482, 484, 485, 488, 490, 493, 496, 499, 502, 505, 509, 513, 517, 521, 525, 530, 534, 540, 546, 552, 558, 564, 570]
[0, 523, 518, 514, 510, 507, 504, 501, 498, 495, 493, 490, 487, 485, 483, 481, 480, 479, 477, 476, 474, 474, 474, 474, 474, 473, 473, 473, 473, 473, 474, 474, 474, 475, 477, 478, 479, 481, 483, 485, 486, 488, 490, 494, 496, 499, 503, 506, 509, 513, 517, 522, 527, 531, 536, 541, 547, 553, 558, 564, 571]
[0, 522, 518, 514, 510, 507, 503, 499, 497, 495, 492, 489, 487, 485, 483, 481, 480, 479, 477, 476, 474, 474, 474, 473, 474, 472, 473, 472, 472, 473, 473, 474, 474, 475, 476, 477, 477, 479, 482, 482, 484, 486, 489, 492, 495, 498, 500, 504, 507, 511, 515, 519, 524, 528, 534, 538, 543, 549, 555, 561, 567]
[0, 520, 517, 514, 512, 509, 505, 502, 499, 496, 493, 490, 488, 485, 483, 482, 480, 479, 477, 476, 476, 474, 474, 473, 473, 473, 473, 472, 473, 473, 473, 474, 475, 475, 476, 477, 479, 480, 481, 483, 485, 487, 489, 492, 495, 498, 501, 505, 508, 511, 516, 520, 524, 529, 534, 539, 544, 550, 555, 562, 568]
[0, 521, 518, 514, 510, 506, 503, 500, 497, 494, 492, 489, 486, 483, 482, 482, 481, 480, 478, 477, 476, 474, 474, 474, 474, 473, 473, 473, 473, 473, 474, 474, 474, 475, 476, 477, 479, 481, 483, 485, 486, 488, 489, 493, 496, 499, 503, 506, 509, 513, 517, 522, 527, 531, 536, 541, 547, 553, 558, 564, 571]
[0, 526, 522, 519, 515, 511, 507, 503, 500, 498, 496, 493, 491, 489, 487, 485, 483, 482, 481, 480, 479, 478, 478, 474, 473, 473, 472, 472, 472, 473, 473, 473, 474, 474, 475, 478, 479, 480, 481, 483, 485, 487, 489, 492, 495, 498, 501, 504, 508, 512, 516, 520, 525, 529, 534, 539, 544, 550, 555, 562, 568]
[0, 525, 521, 517, 514, 511, 507, 503, 500, 498, 496, 493, 491, 489, 486, 485, 483, 482, 481, 480, 478, 477, 477, 477, 477, 476, 477, 477, 477, 478, 473, 478, 479, 479, 481, 482, 483, 484, 489, 483, 491, 493, 495, 498, 500, 503, 506, 509, 513, 517, 522, 526, 534, 529, 540, 544, 555, 550, 566, 573, 568]
[0, 526, 522, 519, 515, 511, 507, 503, 501, 498, 496, 493, 491, 488, 487, 485, 483, 482, 482, 480, 479, 477, 478, 477, 476, 476, 476, 476, 477, 477, 473, 477, 479, 479, 481, 482, 483, 484, 489, 488, 490, 493, 496, 498, 500, 504, 506, 507, 515, 517, 524, 526, 527, 536, 540, 542, 553, 550, 559, 572, 579]
[0, 526, 522, 518, 515, 514, 511, 504, 501, 502, 499, 497, 495, 493, 490, 488, 486, 485, 483, 482, 482, 481, 480, 480, 477, 477, 476, 476, 476, 477, 477, 478, 478, 479, 480, 482, 482, 484, 485, 486, 489, 492, 494, 497, 500, 502, 505, 509, 513, 516, 519, 524, 529, 534, 539, 545, 549, 555, 561, 567, 574]
[0, 526, 522, 522, 518, 514, 511, 507, 504, 502, 499, 496, 495, 493, 490, 488, 486, 485, 484, 483, 482, 481, 480, 480, 480, 479, 479, 479, 480, 480, 481, 481, 482, 483, 484, 484, 486, 487, 490, 492, 494, 496, 499, 501, 504, 507, 510, 513, 517, 521, 526, 530, 534, 540, 546, 550, 556, 561, 567, 575, 582]
[0, 530, 526, 523, 519, 514, 511, 507, 506, 502, 501, 496, 498, 496, 495, 492, 490, 488, 486, 486, 485, 485, 484, 484, 480, 479, 478, 478, 479, 480, 481, 481, 481, 483, 483, 484, 486, 487, 490, 492, 494, 496, 499, 502, 504, 507, 511, 513, 515, 522, 526, 527, 531, 541, 546, 552, 558, 563, 569, 576, 584]
[0, 531, 527, 524, 520, 516, 512, 509, 507, 504, 501, 500, 498, 495, 493, 491, 489, 488, 487, 486, 485, 485, 484, 484, 483, 484, 483, 484, 484, 484, 485, 485, 485, 487, 487, 489, 490, 493, 495, 496, 498, 501, 503, 506, 509, 512, 516, 520, 523, 527, 532, 537, 541, 546, 551, 556, 562, 568, 575, 583, 590]
[0, 530, 526, 523, 519, 515, 511, 509, 506, 504, 501, 501, 498, 496, 495, 492, 490, 488, 487, 486, 485, 485, 484, 484, 483, 483, 483, 484, 484, 484, 484, 485, 485, 486, 487, 489, 490, 492, 494, 496, 498, 500, 503, 506, 508, 512, 515, 518, 522, 525, 531, 536, 540, 544, 549, 554, 559, 565, 572, 579, 587]
[0, 531, 526, 527, 523, 520, 517, 513, 510, 507, 505, 502, 500, 498, 497, 494, 492, 490, 489, 488, 487, 486, 485, 485, 483, 483, 483, 483, 484, 484, 485, 485, 485, 486, 487, 489, 490, 492, 494, 496, 499, 501, 504, 507, 509, 512, 515, 519, 522, 527, 531, 535, 540, 545, 551, 556, 562, 567, 574, 581, 588]
[0, 531, 531, 526, 523, 520, 517, 513, 510, 508, 505, 502, 500, 498, 496, 494, 492, 490, 489, 488, 487, 486, 485, 485, 485, 484, 485, 485, 485, 485, 485, 486, 488, 489, 490, 491, 493, 495, 496, 499, 502, 504, 506, 509, 511, 513, 516, 521, 525, 528, 533, 538, 544, 549, 555, 559, 565, 571, 578, 585, 591]
[0, 532, 528, 524, 522, 519, 514, 510, 509, 506, 504, 501, 498, 497, 495, 492, 490, 490, 490, 488, 487, 485, 486, 485, 485, 485, 485, 485, 485, 485, 486, 486, 488, 489, 490, 491, 493, 495, 497, 498, 501, 504, 506, 509, 511, 515, 519, 522, 526, 530, 535, 540, 544, 549, 554, 560, 566, 572, 579, 585, 592]
[0, 532, 528, 523, 520, 517, 514, 513, 510, 507, 504, 502, 500, 498, 496, 494, 491, 491, 489, 487, 486, 485, 485, 485, 486, 485, 484, 485, 486, 485, 486, 487, 487, 488, 489, 491, 493, 494, 496, 498, 500, 503, 506, 508, 510, 513, 517, 520, 524, 527, 532, 537, 542, 547, 552, 557, 562, 568, 575, 582, 589]
[0, 539, 535, 532, 528, 524, 521, 518, 514, 512, 510, 508, 506, 503, 501, 500, 497, 496, 496, 495, 486, 493, 485, 493, 485, 485, 485, 485, 485, 485, 485, 486, 487, 489, 490, 491, 493, 495, 496, 499, 502, 504, 506, 509, 511, 514, 518, 521, 526, 529, 533, 538, 544, 549, 555, 559, 565, 571, 578, 585, 591]
[0, 544, 540, 536, 533, 529, 521, 525, 522, 520, 515, 508, 510, 503, 509, 507, 504, 502, 501, 500, 500, 499, 498, 497, 492, 492, 492, 492, 494, 494, 485, 494, 496, 489, 497, 498, 499, 501, 503, 505, 508, 510, 512, 515, 518, 521, 525, 528, 531, 535, 544, 538, 549, 554, 564, 571, 577, 583, 590, 585, 605]
[0, 544, 541, 537, 533, 529, 525, 522, 520, 517, 515, 512, 510, 503, 506, 507, 504, 502, 501, 500, 500, 499, 498, 497, 497, 497, 497, 498, 498, 499, 499, 499, 500, 501, 503, 504, 505, 507, 509, 511, 513, 515, 519, 522, 525, 528, 531, 535, 539, 543, 548, 553, 557, 562, 567, 573, 580, 586, 593, 600, 607]
[0, 549, 541, 541, 538, 534, 530, 522, 528, 525, 523, 520, 517, 515, 513, 511, 510, 508, 507, 505, 505, 504, 504, 503, 497, 497, 497, 498, 498, 498, 499, 499, 500, 501, 502, 504, 505, 507, 509, 511, 513, 515, 519, 521, 524, 527, 530, 534, 539, 543, 548, 553, 557, 562, 566, 572, 580, 587, 592, 599, 605]
[0, 553, 549, 545, 541, 538, 535, 522, 528, 526, 523, 521, 519, 515, 516, 515, 512, 510, 510, 509, 508, 508, 507, 506, 503, 503, 503, 503, 503, 503, 504, 505, 506, 507, 508, 510, 511, 513, 515, 517, 520, 522, 524, 527, 530, 534, 537, 541, 545, 550, 554, 559, 563, 569, 574, 580, 587, 594, 600, 606, 613]
[0, 558, 554, 550, 547, 543, 540, 536, 533, 530, 528, 525, 523, 521, 519, 517, 515, 513, 512, 511, 510, 510, 509, 506, 506, 506, 506, 506, 506, 506, 504, 505, 508, 510, 510, 512, 513, 515, 518, 519, 522, 525, 527, 530, 533, 536, 540, 544, 547, 552, 557, 561, 566, 571, 577, 583, 589, 595, 602, 608, 615]
[0, 555, 554, 547, 547, 544, 540, 536, 533, 530, 527, 525, 523, 522, 519, 517, 515, 514, 513, 511, 511, 510, 510, 509, 509, 509, 509, 509, 507, 0, 504, 505, 0, 513, 514, 515, 517, 520, 521, 523, 526, 529, 532, 535, 538, 541, 544, 548, 553, 557, 562, 567, 571, 578, 584, 589, 595, 602, 608, 614, 621]
[0, 558, 554, 551, 547, 547, 543, 540, 537, 534, 532, 529, 526, 524, 522, 521, 518, 516, 515, 514, 512, 512, 512, 512, 509, 509, 510, 509, 508, 0, 504, 505, 0, 512, 514, 515, 517, 519, 522, 524, 526, 528, 531, 534, 537, 541, 544, 548, 552, 557, 561, 565, 571, 577, 583, 589, 595, 601, 607, 614, 620]
[0, 559, 555, 551, 547, 543, 540, 537, 534, 533, 530, 528, 526, 525, 523, 519, 518, 516, 515, 515, 514, 513, 512, 512, 512, 511, 511, 511, 0, 487, 489, 499, 510, 516, 517, 519, 521, 522, 524, 526, 529, 532, 534, 537, 540, 543, 546, 550, 555, 559, 564, 568, 574, 579, 585, 590, 596, 604, 610, 616, 623]
[0, 562, 558, 555, 551, 547, 543, 540, 537, 535, 532, 529, 527, 525, 523, 520, 519, 518, 517, 516, 515, 514, 513, 512, 512, 511, 511, 511, 0, 488, 486, 496, 509, 515, 517, 518, 519, 522, 524, 526, 529, 531, 533, 536, 539, 543, 546, 550, 554, 558, 563, 568, 572, 578, 584, 590, 596, 602, 609, 615, 622]
[0, 578, 574, 570, 566, 563, 560, 557, 554, 551, 549, 546, 543, 542, 540, 537, 534, 0, 497, 488, 515, 483, 478, 476, 513, 512, 512, 506, 0, 484, 486, 496, 0, 517, 519, 520, 522, 523, 525, 528, 530, 533, 536, 539, 542, 545, 549, 552, 557, 561, 565, 571, 577, 583, 588, 594, 600, 605, 612, 619, 626]
[0, 578, 574, 570, 566, 563, 560, 557, 554, 551, 549, 546, 543, 542, 540, 537, 534, 0, 497, 488, 515, 483, 478, 476, 473, 472, 473, 475, 479, 484, 502, 496, 528, 535, 519, 536, 539, 541, 544, 528, 547, 549, 551, 554, 558, 561, 569, 573, 557, 578, 583, 588, 594, 604, 610, 594, 616, 630, 637, 645, 652]
[0, 577, 572, 568, 566, 561, 560, 555, 554, 550, 549, 545, 543, 542, 541, 538, 536, 0, 506, 494, 486, 481, 477, 474, 473, 472, 473, 475, 479, 484, 502, 496, 528, 535, 519, 536, 539, 541, 544, 528, 547, 549, 551, 554, 558, 561, 569, 573, 557, 578, 583, 588, 594, 604, 610, 594, 616, 630, 637, 645, 652]
[0, 577, 572, 568, 566, 561, 560, 555, 554, 550, 549, 545, 543, 542, 541, 538, 536, 0, 506, 494, 486, 481, 477, 474, 473, 473, 473, 477, 481, 487, 495, 505, 519, 530, 535, 537, 539, 541, 543, 545, 547, 550, 553, 556, 560, 563, 566, 570, 575, 580, 585, 590, 595, 600, 606, 612, 617, 624, 632, 640, 647]
[0, 577, 572, 568, 566, 561, 560, 555, 554, 550, 549, 545, 543, 542, 541, 538, 536, 0, 506, 494, 486, 481, 477, 474, 473, 473, 473, 477, 481, 487, 128, 505, 519, 530, 535, 537, 539, 541, 543, 545, 547, 550, 553, 556, 560, 563, 566, 570, 575, 580, 585, 590, 595, 600, 606, 612, 617, 624, 632, 640, 647]
[0, 577, 572, 568, 566, 561, 560, 555, 554, 550, 549, 545, 543, 542, 541, 538, 536, 0, 506, 494, 486, 481, 477, 474, 473, 473, 473, 477, 481, 487, 128, 505, 519, 530, 535, 537, 539, 541, 543, 545, 547, 550, 553, 556, 560, 563, 566, 570, 575, 580, 585, 590, 595, 600, 606, 612, 617, 624, 632, 640, 647]
[0, 577, 572, 568, 566, 561, 560, 555, 554, 550, 549, 545, 543, 542, 541, 538, 536, 0, 506, 494, 486, 481, 477, 474, 473, 473, 473, 477, 481, 487, 128, 505, 519, 530, 535, 537, 539, 541, 543, 545, 547, 550, 553, 556, 560, 563, 3970, 570, 575, 580, 719, 590, 595, 600, 606, 612, 617, 624, 632, 640, 647]
[0, 577, 572, 568, 566, 561, 560, 555, 554, 550, 549, 545, 543, 542, 541, 538, 536, 0, 506, 494, 486, 481, 477, 474, 473, 473, 473, 477, 481, 487, 128, 505, 519, 530, 2823, 537, 539, 541, 543, 545, 547, 550, 553, 556, 560, 563, 3970, 570, 575, 580, 719, 590, 595, 600, 606, 612, 617, 624, 632, 640, 647]
[0, 577, 572, 568, 566, 561, 560, 555, 554, 550, 549, 545, 543, 542, 541, 538, 536, 0, 506, 494, 486, 481, 477, 474, 473, 473, 473, 477, 481, 487, 3712, 505, 519, 530, 2823, 537, 539, 541, 543, 545, 547, 550, 553, 556, 560, 563, 3970, 570, 575, 580, 719, 590, 595, 600, 606, 612, 617, 624, 632, 640, 647]
[0, 577, 572, 568, 566, 561, 560, 555, 554, 550, 549, 545, 543, 542, 541, 538, 536, 0, 506, 494, 486, 481, 477, 474, 473, 473, 473, 477, 481, 487, 2639, 505, 519, 530, 2823, 537, 539, 541, 543, 545, 547, 550, 553, 556, 560, 563, 3970, 570, 575, 580, 719, 590, 595, 600, 606, 612, 617, 6087, 632, 640, 647]
[0, 618, 614, 610, 606, 602, 598, 595, 592, 589, 586, 584, 581, 580, 578, 576, 573, 0, 0, 521, 508, 500, 495, 491, 489, 473, 492, 477, 496, 487, 3968, 505, 519, 0, 575, 577, 14147, 541, 543, 545, 547, 550, 553, 556, 560, 563, 3970, 570, 575, 580, 719, 590, 595, 600, 606, 612, 617, 6087, 632, 640, 647]
[0, 618, 614, 610, 607, 602, 598, 595, 592, 589, 587, 585, 582, 580, 577, 575, 574, 0, 0, 0, 508, 500, 495, 491, 489, 490, 491, 494, 498, 504, 512, 522, 519, 0, 0, 575, 578, 580, 582, 585, 588, 592, 595, 598, 602, 606, 610, 614, 619, 624, 630, 636, 641, 647, 654, 660, 666, 673, 681, 690, 699]
[0, 625, 620, 615, 611, 607, 603, 600, 597, 594, 591, 589, 587, 585, 583, 581, 579, 0, 0, 0, 511, 502, 497, 494, 489, 489, 491, 494, 498, 503, 511, 521, 519, 0, 0, 576, 578, 580, 583, 585, 588, 592, 595, 598, 602, 605, 609, 613, 618, 623, 628, 634, 641, 647, 653, 660, 666, 672, 680, 689, 698]
[0, 625, 632, 627, 623, 618, 614, 611, 608, 605, 602, 599, 597, 595, 593, 591, 590, 0, 0, 522, 511, 502, 500, 494, 492, 492, 494, 496, 500, 507, 514, 521, 519, 0, 0, 581, 583, 586, 589, 591, 594, 597, 600, 604, 607, 611, 615, 619, 625, 630, 635, 642, 647, 653, 659, 666, 672, 679, 688, 697, 705]
[0, 634, 630, 625, 621, 617, 614, 610, 607, 604, 602, 599, 597, 594, 593, 591, 589, 0, 0, 0, 517, 507, 502, 499, 497, 497, 498, 500, 503, 508, 515, 525, 519, 0, 0, 593, 595, 598, 0, 603, 594, 607, 610, 614, 618, 621, 625, 630, 635, 641, 646, 651, 657, 663, 669, 675, 682, 690, 699, 707, 715]
[0, 634, 630, 625, 621, 617, 614, 610, 607, 604, 602, 599, 597, 594, 593, 591, 589, 0, 0, 0, 517, 507, 502, 499, 497, 497, 498, 501, 506, 512, 519, 525, 519, 0, 0, 593, 594, 597, 600, 602, 605, 608, 612, 615, 619, 623, 628, 633, 638, 643, 649, 654, 660, 666, 672, 679, 687, 694, 703, 711, 719]
[0, 634, 630, 625, 621, 617, 614, 610, 607, 604, 602, 599, 597, 594, 593, 591, 589, 0, 0, 0, 517, 507, 502, 499, 497, 497, 498, 501, 506, 512, 3968, 525, 519, 0, 0, 593, 594, 597, 600, 602, 605, 608, 612, 615, 619, 623, 628, 633, 638, 643, 649, 654, 660, 666, 672, 679, 687, 694, 703, 711, 719]
[0, 634, 630, 625, 621, 617, 614, 610, 607, 604, 602, 599, 597, 594, 593, 591, 589, 0, 0, 0, 517, 507, 502, 499, 497, 497, 498, 501, 506, 512, 3968, 525, 519, 0, 0, 593, 594, 597, 600, 602, 605, 608, 612, 615, 619, 623, 628, 633, 638, 643, 649, 654, 660, 666, 672, 679, 687, 694, 703, 711, 719]
[0, 651, 647, 643, 638, 634, 630, 627, 623, 620, 617, 615, 613, 611, 609, 607, 606, 0, 0, 0, 528, 517, 511, 507, 497, 497, 498, 501, 506, 512, 3968, 525, 519, 0, 0, 593, 594, 597, 600, 602, 605, 608, 612, 615, 619, 623, 628, 633, 638, 643, 649, 654, 660, 666, 672, 679, 687, 694, 10831, 711, 719]
[0, 651, 649, 645, 641, 637, 632, 628, 625, 620, 618, 616, 613, 611, 609, 608, 606, 0, 0, 0, 530, 518, 511, 507, 504, 504, 505, 508, 512, 518, 526, 536, 519, 0, 0, 609, 610, 613, 616, 619, 623, 626, 630, 634, 639, 643, 647, 651, 656, 661, 666, 672, 678, 685, 693, 701, 707, 714, 722, 731, 741]
[0, 662, 658, 653, 650, 637, 642, 628, 639, 636, 632, 629, 626, 624, 622, 619, 618, 616, 0, 0, 528, 518, 520, 515, 505, 504, 505, 508, 512, 517, 524, 536, 519, 0, 0, 608, 610, 613, 616, 619, 622, 625, 630, 633, 637, 643, 647, 651, 656, 661, 666, 672, 678, 685, 692, 699, 707, 714, 722, 731, 741]
[0, 662, 658, 653, 650, 650, 646, 642, 639, 636, 632, 629, 626, 624, 621, 619, 618, 616, 0, 0, 528, 520, 515, 515, 511, 510, 510, 511, 515, 520, 526, 536, 519, 0, 0, 621, 624, 627, 630, 633, 637, 641, 645, 649, 653, 658, 647, 665, 671, 676, 683, 689, 678, 696, 703, 716, 707, 732, 742, 731, 760]
[0, 680, 676, 672, 667, 663, 661, 642, 659, 655, 652, 649, 646, 643, 641, 639, 636, 634, 0, 0, 539, 529, 523, 515, 511, 510, 510, 511, 520, 526, 526, 535, 519, 0, 0, 621, 624, 627, 631, 633, 637, 641, 645, 648, 653, 657, 661, 665, 671, 676, 682, 688, 696, 702, 708, 716, 725, 733, 741, 750, 758]
[0, 685, 680, 676, 672, 667, 664, 660, 658, 655, 652, 649, 647, 644, 642, 640, 638, 635, 0, 0, 539, 537, 528, 522, 511, 518, 519, 511, 522, 527, 533, 542, 519, 0, 0, 641, 644, 648, 650, 652, 655, 659, 663, 667, 673, 677, 680, 685, 692, 698, 704, 711, 717, 702, 731, 739, 747, 756, 764, 773, 783]
[0, 697, 692, 687, 681, 677, 674, 671, 667, 664, 662, 659, 656, 654, 652, 650, 647, 646, 0, 0, 0, 541, 532, 527, 519, 518, 519, 520, 523, 529, 536, 546, 519, 0, 0, 0, 644, 646, 648, 651, 655, 658, 661, 665, 669, 674, 679, 684, 689, 695, 702, 707, 713, 719, 727, 735, 743, 751, 759, 768, 778]
[0, 697, 692, 687, 681, 677, 674, 671, 667, 663, 661, 659, 656, 654, 652, 650, 647, 646, 0, 0, 0, 540, 532, 527, 524, 523, 524, 525, 529, 535, 543, 546, 519, 0, 0, 0, 654, 657, 660, 663, 667, 670, 675, 678, 683, 687, 693, 698, 704, 710, 715, 721, 728, 736, 743, 751, 759, 767, 776, 785, 795]
[0, 701, 696, 687, 691, 686, 682, 678, 675, 672, 668, 666, 664, 663, 661, 658, 655, 653, 0, 0, 0, 548, 537, 532, 524, 523, 524, 526, 529, 535, 543, 554, 519, 0, 0, 652, 655, 657, 660, 663, 667, 670, 675, 678, 683, 687, 692, 698, 704, 710, 715, 721, 728, 735, 743, 751, 759, 767, 776, 785, 795]
[0, 717, 713, 709, 691, 701, 682, 697, 693, 689, 686, 683, 680, 679, 677, 674, 673, 671, 0, 0, 0, 546, 537, 540, 528, 525, 525, 527, 531, 536, 543, 552, 519, 0, 0, 652, 664, 0, 670, 0, 674, 677, 681, 685, 689, 694, 700, 705, 709, 714, 720, 728, 734, 741, 749, 758, 766, 774, 782, 791, 800]
[0, 717, 713, 709, 705, 701, 701, 697, 693, 689, 686, 682, 680, 678, 677, 674, 672, 671, 0, 0, 559, 546, 546, 540, 535, 532, 532, 533, 535, 540, 546, 554, 565, 0, 0, 0, 682, 685, 689, 692, 696, 677, 701, 709, 713, 694, 718, 724, 735, 741, 720, 748, 755, 762, 769, 777, 787, 796, 804, 813, 823]
[0, 720, 716, 712, 707, 703, 699, 696, 692, 688, 685, 682, 680, 677, 675, 674, 671, 670, 0, 0, 0, 554, 544, 538, 535, 532, 532, 533, 535, 540, 546, 555, 567, 0, 0, 679, 681, 685, 689, 692, 696, 701, 701, 709, 713, 713, 724, 730, 735, 741, 748, 748, 755, 762, 769, 777, 796, 796, 804, 813, 823]
[0, 720, 725, 721, 715, 711, 708, 704, 701, 698, 695, 691, 689, 686, 683, 682, 680, 678, 0, 0, 0, 559, 546, 539, 534, 532, 531, 533, 536, 542, 549, 558, 567, 0, 0, 0, 680, 682, 686, 689, 693, 698, 701, 706, 710, 714, 718, 724, 730, 737, 743, 750, 757, 764, 772, 781, 789, 797, 806, 816, 825]
[0, 730, 725, 720, 716, 712, 708, 705, 702, 698, 694, 691, 689, 686, 683, 681, 680, 678, 0, 0, 0, 559, 546, 539, 535, 532, 532, 534, 536, 540, 546, 555, 566, 580, 0, 0, 691, 693, 697, 701, 705, 708, 712, 716, 720, 726, 732, 738, 743, 749, 757, 764, 770, 777, 787, 794, 803, 813, 822, 830, 841]
[0, 727, 722, 718, 714, 710, 706, 702, 699, 695, 694, 689, 689, 684, 683, 682, 681, 679, 677, 0, 0, 551, 542, 539, 535, 532, 532, 533, 536, 540, 546, 555, 566, 0, 0, 0, 690, 693, 697, 701, 705, 709, 713, 716, 720, 726, 732, 737, 743, 750, 757, 764, 770, 770, 787, 795, 803, 813, 822, 830, 842]
[0, 729, 723, 718, 714, 710, 707, 703, 699, 696, 692, 690, 687, 685, 682, 681, 679, 678, 677, 0, 0, 552, 542, 536, 533, 533, 534, 536, 540, 545, 552, 562, 566, 0, 0, 0, 690, 693, 696, 700, 704, 708, 712, 715, 719, 724, 730, 736, 742, 749, 756, 762, 768, 775, 784, 793, 802, 810, 819, 829, 838]
[0, 760, 755, 750, 744, 739, 736, 732, 728, 725, 722, 719, 716, 714, 711, 710, 709, 708, 677, 0, 0, 557, 546, 539, 533, 533, 534, 535, 538, 544, 551, 561, 566, 0, 0, 0, 689, 692, 696, 699, 704, 708, 711, 715, 719, 723, 730, 736, 742, 749, 756, 762, 768, 775, 784, 793, 802, 810, 819, 829, 837]
[0, 760, 756, 750, 745, 741, 736, 733, 729, 726, 723, 720, 717, 715, 712, 710, 709, 708, 707, 0, 0, 562, 549, 541, 535, 532, 533, 535, 539, 545, 552, 559, 571, 586, 0, 713, 718, 721, 724, 728, 732, 736, 740, 746, 750, 756, 761, 766, 771, 778, 786, 794, 801, 809, 818, 825, 832, 841, 851, 861, 871]
[0, 758, 753, 749, 744, 740, 736, 732, 728, 725, 722, 718, 716, 714, 712, 711, 709, 708, 707, 0, 0, 555, 546, 541, 536, 534, 534, 535, 539, 544, 549, 556, 567, 580, 0, 0, 720, 723, 727, 731, 735, 739, 744, 749, 754, 759, 764, 770, 776, 783, 791, 798, 806, 814, 822, 830, 837, 846, 857, 868, 878]
[0, 761, 756, 751, 746, 741, 737, 733, 730, 726, 723, 720, 718, 715, 712, 711, 710, 708, 708, 0, 0, 562, 549, 541, 535, 534, 534, 536, 541, 546, 553, 561, 573, 0, 0, 717, 719, 722, 726, 729, 733, 738, 742, 747, 753, 758, 762, 767, 773, 780, 788, 795, 802, 810, 818, 826, 834, 842, 853, 865, 872]
[0, 777, 771, 767, 763, 758, 754, 750, 746, 742, 739, 736, 733, 731, 730, 728, 726, 724, 708, 0, 0, 558, 547, 541, 536, 534, 534, 535, 539, 544, 549, 557, 567, 580, 0, 0, 722, 726, 730, 733, 738, 743, 747, 752, 757, 758, 768, 774, 773, 780, 787, 803, 810, 818, 826, 826, 842, 853, 853, 873, 872]
[0, 785, 778, 774, 770, 765, 761, 758, 754, 750, 747, 745, 741, 738, 736, 735, 734, 732, 708, 0, 0, 557, 547, 540, 537, 535, 534, 536, 541, 546, 552, 561, 573, 588, 0, 0, 0, 741, 745, 749, 753, 757, 762, 766, 771, 776, 782, 787, 794, 801, 808, 816, 825, 831, 837, 845, 856, 866, 875, 885, 895]
[0, 806, 800, 794, 789, 784, 781, 777, 773, 769, 767, 764, 762, 759, 757, 755, 753, 752, 708, 0, 0, 564, 552, 544, 538, 536, 537, 537, 540, 546, 553, 562, 573, 588, 0, 744, 749, 752, 755, 758, 762, 766, 770, 774, 780, 786, 791, 797, 803, 810, 818, 826, 833, 839, 847, 856, 867, 874, 883, 893, 904]
[0, 810, 805, 801, 796, 792, 788, 783, 779, 776, 772, 769, 767, 765, 763, 761, 759, 757, 708, 0, 0, 562, 551, 544, 539, 538, 538, 539, 541, 546, 552, 560, 569, 582, 0, 0, 770, 774, 778, 782, 787, 791, 796, 801, 807, 813, 791, 824, 803, 836, 845, 854, 863, 871, 877, 886, 895, 874, 906, 929, 939]
[0, 809, 804, 799, 794, 789, 786, 781, 779, 777, 774, 771, 769, 766, 764, 762, 761, 759, 757, 0, 0, 556, 551, 547, 538, 537, 537, 538, 541, 547, 553, 561, 571, 585, 0, 0, 0, 777, 780, 784, 788, 792, 798, 803, 808, 813, 819, 824, 829, 835, 843, 852, 861, 869, 876, 883, 892, 901, 912, 924, 935]
[0, 809, 807, 802, 797, 792, 788, 784, 781, 777, 773, 771, 768, 766, 765, 763, 761, 759, 760, 0, 0, 566, 552, 545, 541, 538, 538, 538, 540, 544, 550, 557, 565, 585, 0, 772, 775, 778, 782, 787, 791, 795, 800, 805, 811, 816, 821, 826, 832, 838, 846, 856, 865, 872, 879, 887, 895, 905, 917, 929, 941]
[0, 837, 832, 827, 823, 820, 788, 815, 811, 805, 773, 803, 800, 797, 795, 793, 791, 790, 789, 0, 0, 0, 558, 548, 540, 538, 538, 539, 541, 546, 552, 560, 569, 581, 0, 0, 777, 781, 785, 789, 793, 797, 802, 807, 813, 818, 823, 829, 835, 842, 851, 861, 867, 872, 880, 891, 900, 910, 922, 934, 945]
[0, 848, 842, 837, 832, 828, 824, 820, 815, 813, 811, 809, 806, 803, 801, 800, 798, 796, 789, 0, 586, 570, 557, 547, 543, 542, 541, 541, 543, 546, 551, 559, 568, 581, 0, 805, 808, 812, 816, 821, 825, 829, 832, 836, 842, 849, 855, 861, 867, 874, 881, 889, 898, 906, 916, 927, 937, 947, 956, 968, 984]
[0, 845, 839, 835, 830, 826, 822, 819, 817, 814, 810, 807, 805, 802, 801, 799, 797, 796, 789, 0, 578, 563, 551, 547, 543, 543, 542, 541, 545, 549, 554, 561, 569, 582, 0, 811, 816, 820, 823, 827, 831, 834, 839, 845, 853, 859, 865, 870, 876, 884, 891, 899, 907, 916, 928, 937, 946, 957, 969, 982, 996]
[0, 860, 856, 850, 843, 838, 835, 831, 828, 825, 823, 821, 818, 815, 814, 810, 809, 809, 789, 0, 586, 570, 556, 545, 543, 542, 542, 541, 542, 545, 558, 565, 569, 582, 0, 0, 814, 818, 822, 826, 829, 833, 837, 843, 850, 856, 862, 868, 872, 879, 887, 895, 904, 912, 922, 931, 941, 951, 962, 975, 989]
[0, 858, 852, 847, 840, 835, 833, 830, 827, 824, 821, 819, 816, 814, 814, 812, 811, 810, 809, 0, 577, 563, 550, 547, 544, 544, 542, 542, 546, 549, 556, 563, 570, 582, 0, 825, 829, 832, 822, 838, 844, 850, 855, 860, 867, 871, 876, 883, 890, 898, 906, 915, 924, 912, 942, 951, 961, 951, 989, 975, 1014]
[0, 865, 859, 853, 849, 842, 837, 835, 833, 830, 828, 825, 823, 821, 819, 817, 816, 815, 809, 0, 586, 571, 557, 547, 545, 544, 543, 542, 544, 548, 554, 560, 567, 582, 0, 822, 827, 830, 834, 837, 841, 847, 853, 859, 864, 868, 874, 880, 885, 893, 901, 910, 919, 929, 938, 947, 957, 967, 981, 995, 1008]
[0, 875, 871, 868, 863, 858, 854, 849, 833, 841, 828, 839, 837, 835, 833, 832, 830, 829, 0, 596, 586, 567, 557, 554, 544, 544, 542, 542, 545, 550, 557, 564, 571, 582, 0, 832, 836, 839, 844, 849, 855, 860, 865, 870, 875, 881, 886, 892, 899, 908, 918, 927, 935, 943, 952, 962, 975, 989, 1001, 1013, 1026]
[0, 879, 874, 870, 865, 861, 857, 854, 849, 845, 840, 838, 837, 836, 833, 830, 830, 829, 0, 0, 589, 574, 561, 550, 546, 544, 543, 543, 545, 549, 555, 567, 571, 582, 0, 0, 847, 851, 855, 860, 865, 869, 873, 878, 883, 888, 894, 901, 909, 918, 926, 934, 941, 950, 960, 970, 983, 996, 1007, 1019, 1031]
[0, 876, 872, 868, 864, 859, 857, 851, 847, 845, 842, 839, 838, 836, 834, 833, 831, 829, 0, 596, 589, 581, 567, 554, 544, 543, 542, 542, 546, 551, 557, 564, 572, 582, 0, 845, 848, 852, 857, 862, 866, 870, 875, 879, 885, 891, 896, 903, 912, 921, 929, 937, 946, 954, 963, 976, 989, 999, 1011, 1025, 1037]
[0, 911, 905, 900, 896, 891, 887, 885, 882, 878, 874, 872, 871, 869, 867, 865, 864, 863, 0, 0, 593, 579, 566, 554, 547, 545, 543, 543, 546, 550, 555, 562, 569, 582, 0, 0, 855, 859, 863, 867, 871, 875, 880, 885, 891, 897, 904, 912, 919, 928, 936, 945, 953, 961, 973, 986, 997, 1009, 1021, 1034, 1048]
[0, 930, 924, 919, 914, 909, 906, 901, 897, 894, 892, 890, 886, 885, 884, 883, 882, 881, 0, 0, 589, 576, 566, 563, 546, 544, 544, 546, 551, 556, 561, 567, 575, 586, 0, 880, 884, 887, 892, 896, 901, 908, 914, 919, 926, 932, 939, 947, 955, 962, 972, 984, 994, 1003, 1014, 1025, 1037, 1050, 1064, 1077, 1090]
[0, 928, 922, 918, 913, 908, 905, 901, 896, 893, 891, 888, 886, 884, 883, 882, 881, 881, 0, 0, 589, 576, 563, 563, 552, 547, 546, 547, 551, 555, 560, 566, 573, 586, 0, 0, 900, 905, 911, 915, 920, 926, 932, 936, 941, 947, 954, 962, 971, 980, 989, 998, 1007, 1017, 1028, 1039, 1051, 1065, 1077, 1089, 1102]
[0, 936, 931, 925, 919, 915, 911, 906, 901, 898, 896, 893, 892, 890, 887, 886, 885, 884, 0, 0, 599, 586, 573, 560, 551, 547, 546, 547, 551, 555, 560, 566, 573, 586, 0, 0, 900, 905, 910, 915, 920, 926, 931, 936, 941, 947, 954, 962, 971, 979, 988, 998, 1007, 1017, 1028, 1038, 1051, 1065, 1076, 1088, 1102]
[0, 936, 939, 934, 928, 923, 919, 915, 912, 908, 904, 901, 900, 898, 895, 894, 892, 892, 0, 0, 599, 587, 574, 561, 550, 547, 546, 548, 553, 558, 563, 569, 576, 587, 0, 907, 909, 914, 918, 923, 929, 934, 939, 944, 951, 958, 966, 975, 985, 993, 1000, 1010, 1020, 1031, 1044, 1055, 1067, 1080, 1093, 1105, 1120]
[0, 978, 971, 965, 960, 955, 952, 948, 945, 942, 940, 938, 936, 934, 932, 933, 931, 928, 0, 0, 597, 585, 572, 561, 552, 547, 547, 548, 553, 557, 563, 569, 577, 587, 0, 0, 914, 919, 924, 929, 934, 939, 944, 949, 955, 962, 970, 979, 988, 995, 1003, 1012, 1022, 1034, 1045, 1056, 1068, 1080, 1093, 1106, 1120]
[0, 993, 987, 981, 974, 968, 964, 960, 957, 955, 952, 949, 946, 943, 942, 942, 942, 941, 0, 0, 602, 590, 578, 561, 551, 548, 547, 557, 553, 561, 572, 579, 577, 587, 0, 0, 955, 960, 0, 971, 979, 939, 991, 949, 1003, 1010, 1019, 1026, 988, 1034, 1055, 1012, 1077, 1034, 1099, 1111, 1125, 1140, 1154, 1168, 1182]
[0, 993, 987, 981, 974, 969, 965, 960, 957, 955, 953, 950, 946, 944, 943, 942, 942, 941, 0, 0, 602, 590, 578, 565, 555, 552, 553, 557, 562, 566, 572, 580, 577, 587, 0, 965, 969, 975, 981, 988, 994, 999, 1003, 1010, 1017, 1024, 1032, 1040, 1050, 1061, 1071, 1080, 1092, 1104, 1116, 1127, 1140, 1155, 1168, 1183, 1197]
[0, 1027, 1022, 1017, 1011, 1006, 1003, 1000, 999, 996, 993, 950, 989, 986, 943, 985, 984, 983, 981, 0, 0, 603, 590, 579, 555, 552, 553, 558, 562, 567, 573, 580, 577, 587, 0, 966, 970, 976, 982, 988, 996, 1001, 1005, 1011, 1018, 1024, 1033, 1041, 1052, 1063, 1071, 1083, 1095, 1106, 1118, 1130, 1146, 1159, 1172, 1186, 1200]
[0, 1027, 1022, 1017, 1011, 1006, 1007, 1003, 1000, 998, 996, 994, 992, 990, 987, 985, 984, 983, 981, 0, 0, 602, 590, 579, 567, 560, 557, 559, 566, 571, 576, 582, 0, 587, 0, 1005, 1011, 1016, 1020, 1025, 1030, 1037, 1045, 1051, 1058, 1065, 1073, 1092, 1103, 1063, 1124, 1083, 1148, 1106, 1170, 1182, 1195, 1208, 1224, 1243, 1259]
[0, 1043, 1039, 1033, 1027, 1023, 1019, 1015, 1012, 1009, 1007, 994, 1002, 1001, 987, 999, 984, 997, 981, 0, 0, 603, 592, 580, 567, 559, 557, 559, 565, 570, 576, 582, 0, 587, 0, 1005, 1011, 1016, 1020, 1025, 1030, 1037, 1044, 1051, 1058, 1065, 1073, 1082, 1103, 1063, 1124, 1136, 1148, 1160, 1170, 1182, 1195, 1207, 1224, 1243, 1259]
[0, 1043, 1038, 1032, 1027, 1026, 1022, 1015, 1012, 1011, 1008, 1007, 1004, 1002, 1001, 999, 998, 998, 997, 0, 0, 603, 591, 579, 567, 560, 559, 562, 568, 574, 578, 583, 0, 587, 0, 1024, 1028, 1032, 1037, 1041, 1049, 1056, 1069, 1051, 1075, 1092, 1073, 1114, 1103, 1134, 1146, 1159, 1168, 1178, 1192, 1204, 1217, 1232, 1248, 1263, 1281]
[0, 1043, 1038, 1034, 1028, 1024, 1019, 1015, 1013, 1010, 1008, 1005, 1003, 1001, 999, 998, 998, 998, 997, 0, 607, 594, 583, 579, 567, 560, 559, 563, 569, 574, 578, 583, 0, 587, 0, 1024, 1027, 1032, 1038, 1042, 1048, 1056, 1063, 1070, 1077, 1085, 1093, 1104, 1115, 1126, 1138, 1150, 1161, 1170, 1181, 1194, 1206, 1220, 1236, 1251, 1265]
[0, 1048, 1042, 1037, 1031, 1026, 1021, 1017, 1014, 1011, 1008, 1005, 1004, 1002, 1001, 1000, 999, 998, 998, 0, 0, 599, 588, 579, 569, 560, 559, 561, 568, 574, 578, 584, 0, 0, 1023, 1027, 1027, 1037, 0, 1042, 1056, 1062, 1063, 1075, 1077, 1092, 1093, 1104, 1114, 1135, 1147, 1160, 1170, 1170, 1193, 1194, 1205, 1218, 1233, 1249, 1264]
[0, 1086, 1080, 1075, 1069, 1065, 1060, 1056, 1052, 1047, 1045, 1043, 1040, 1039, 1038, 1037, 1036, 1036, 1034, 0, 0, 605, 593, 575, 564, 560, 560, 565, 571, 575, 581, 587, 597, 0, 0, 1025, 1030, 1035, 1040, 1046, 1053, 1060, 1066, 1072, 1079, 1086, 1096, 1107, 1119, 1130, 1141, 1153, 1164, 1175, 1187, 1199, 1205, 1220, 1242, 1258, 1275]
[0, 1086, 1081, 1075, 1069, 1065, 1060, 1056, 1052, 1049, 1047, 1043, 1040, 1039, 1038, 1037, 1037, 1037, 1035, 0, 0, 603, 592, 581, 570, 564, 565, 571, 579, 583, 587, 587, 597, 0, 1064, 1069, 1073, 1078, 1082, 1090, 1097, 1102, 1110, 1119, 1130, 1139, 1147, 1156, 1165, 1175, 1185, 1197, 1211, 1224, 1238, 1258, 1277, 1289, 1303, 1258, 1325]
[0, 1105, 1097, 1091, 1085, 1080, 1077, 1073, 1070, 1067, 1065, 1063, 1061, 1058, 1057, 1056, 1055, 1037, 1055, 1055, 0, 603, 601, 589, 569, 564, 565, 572, 579, 583, 588, 587, 597, 0, 1064, 1068, 1072, 1078, 1083, 1090, 1096, 1103, 1111, 1121, 1131, 1139, 1148, 1158, 1168, 1175, 1184, 1197, 1213, 1226, 1239, 1260, 1277, 1288, 1301, 1258, 1325]
[0, 1105, 1098, 1092, 1086, 1080, 1078, 1074, 1070, 1067, 1065, 1063, 1061, 1059, 1059, 1057, 1058, 1058, 1056, 1055, 0, 603, 601, 591, 577, 568, 567, 571, 579, 585, 589, 594, 0, 0, 1084, 1091, 1100, 1106, 1114, 1125, 1127, 1130, 1136, 1143, 1150, 1159, 1170, 1177, 1186, 1196, 1205, 1217, 1232, 1245, 1262, 1276, 1290, 1309, 1327, 1341, 1354]
[0, 1140, 1135, 1129, 1121, 1115, 1111, 1107, 1102, 1101, 1096, 1095, 1096, 1091, 1092, 1093, 1088, 1086, 1084, 1085, 0, 0, 600, 591, 578, 569, 567, 570, 578, 588, 593, 604, 0, 0, 1089, 1097, 1104, 1113, 1125, 1128, 1131, 1138, 1143, 1143, 1160, 1159, 1169, 1177, 1194, 1205, 1205, 1219, 1231, 1259, 1262, 1274, 1307, 1325, 1343, 1356, 1371]
[0, 1139, 1135, 1129, 1121, 1115, 1112, 1107, 1101, 1100, 1096, 1095, 1095, 1092, 1093, 1093, 1088, 1085, 1084, 1085, 0, 0, 600, 589, 580, 574, 0, 580, 589, 593, 596, 605, 0, 0, 1123, 1128, 1135, 1140, 1145, 1155, 1164, 1166, 1170, 1178, 1186, 1195, 1208, 1220, 1228, 1238, 1250, 1262, 1274, 1286, 1304, 1325, 1341, 1357, 1372, 1387, 1404]
[0, 1138, 1132, 1125, 1118, 1113, 1108, 1104, 1101, 1101, 1100, 1096, 1095, 1094, 1093, 1093, 1089, 1087, 1085, 1085, 0, 608, 596, 589, 580, 573, 573, 581, 589, 593, 596, 605, 0, 0, 1123, 1128, 1135, 1140, 1145, 1155, 1164, 1166, 1170, 1178, 1185, 1195, 1208, 1220, 1228, 1238, 1250, 1262, 1275, 1287, 1304, 1325, 1341, 1357, 1373, 1387, 1404]
[0, 1158, 1151, 1142, 1137, 1133, 1128, 1122, 1119, 1118, 1116, 1116, 1118, 1114, 1110, 1108, 1104, 1104, 1105, 1103, 0, 0, 602, 589, 584, 576, 572, 575, 585, 594, 596, 605, 0, 0, 1116, 1132, 1139, 0, 1150, 1155, 1163, 1167, 1174, 1178, 1188, 1199, 1212, 1222, 1230, 1241, 1254, 1268, 1281, 1295, 1313, 1331, 1349, 1366, 1379, 1395, 1413]
[0, 1199, 1194, 1187, 1182, 1176, 1170, 1167, 1166, 1166, 1164, 1162, 1160, 1158, 1157, 1156, 1155, 1155, 1154, 1154, 0, 0, 0, 606, 583, 577, 577, 582, 591, 596, 596, 605, 0, 0, 1142, 1147, 1153, 1159, 1162, 1165, 1171, 1179, 1188, 1197, 1207, 1215, 1224, 1235, 1246, 1257, 1268, 1278, 1293, 1311, 1327, 1344, 1360, 1372, 1384, 1396, 1413]
[0, 1199, 1199, 1193, 1188, 1181, 1176, 1172, 1167, 1165, 1165, 1163, 1161, 1160, 1159, 1158, 1155, 1153, 1153, 1153, 0, 0, 0, 606, 597, 589, 0, 587, 596, 602, 596, 605, 0, 0, 1177, 1179, 1182, 1186, 1191, 1198, 1203, 1208, 1222, 1229, 1207, 1237, 1245, 1252, 1258, 1266, 1275, 1285, 1293, 1306, 1322, 1336, 1348, 1360, 1375, 1389, 1402]
[0, 1200, 1197, 1190, 1183, 1180, 1174, 1168, 1167, 1166, 1164, 1162, 1160, 1159, 1158, 1157, 1156, 1156, 1158, 1156, 0, 0, 606, 603, 595, 588, 585, 590, 599, 603, 596, 605, 0, 1175, 1177, 1180, 1185, 1189, 1194, 1199, 1204, 1211, 1217, 1222, 1229, 1237, 1246, 1254, 1260, 1269, 1278, 1288, 1298, 1311, 1325, 1340, 1352, 1362, 1378, 1395, 1424]
[0, 1260, 1253, 1244, 1238, 1234, 1229, 1224, 1219, 1214, 1209, 1207, 1200, 1191, 1189, 1186, 1182, 1179, 1176, 1173, 1170, 0, 0, 603, 598, 590, 584, 587, 596, 603, 596, 605, 0, 1176, 1177, 1183, 0, 1191, 0, 1203, 1208, 1211, 1215, 1229, 1229, 1237, 1244, 1258, 1260, 1276, 1278, 1284, 1293, 1321, 1336, 1340, 1348, 1375, 1388, 1402, 0]
[0, 1263, 1255, 1247, 1240, 1234, 1228, 1224, 1220, 1214, 1209, 1201, 1195, 1192, 1187, 1183, 1180, 1177, 1173, 1171, 1169, 0, 0, 614, 607, 599, 596, 603, 610, 603, 596, 0, 1173, 1176, 1179, 1182, 1185, 1190, 1195, 1199, 1204, 1211, 1218, 1225, 1231, 1237, 1245, 1254, 1263, 1270, 1279, 1288, 1299, 1314, 1330, 1343, 1354, 1369, 1385, 1400, 0]
[0, 1275, 1271, 1264, 1255, 1246, 1234, 1227, 1222, 1214, 1208, 1203, 1197, 1193, 1189, 1184, 1179, 1177, 1175, 1173, 1169, 1165, 0, 614, 604, 597, 596, 597, 611, 603, 596, 0, 1172, 1176, 1180, 1183, 1186, 1191, 1197, 1203, 1207, 1214, 1218, 1225, 1233, 1237, 1241, 1248, 1266, 1270, 1275, 1292, 1305, 1314, 1335, 1343, 1347, 1374, 1385, 1387, 1401]
[0, 1276, 1271, 1263, 1254, 1245, 1237, 1231, 1222, 1214, 1208, 1203, 1198, 1193, 1189, 1185, 1180, 1177, 1175, 1173, 1168, 1165, 0, 0, 616, 607, 602, 607, 614, 603, 596, 0, 1172, 1175, 1178, 1181, 1184, 1191, 1194, 1198, 1203, 1210, 1217, 1221, 1228, 1237, 1245, 1254, 1262, 1269, 1279, 1288, 1299, 1313, 1325, 1339, 1353, 1368, 1384, 1398, 0]
[0, 1276, 1270, 1262, 1254, 1245, 1238, 1230, 1222, 1214, 1208, 1202, 1197, 1192, 1188, 1183, 1179, 1177, 1174, 1172, 1168, 1165, 0, 0, 620, 610, 605, 610, 614, 603, 596, 0, 1172, 1174, 1178, 1181, 1185, 1190, 1194, 1198, 1203, 1209, 1217, 1222, 1229, 1237, 1245, 1254, 1261, 1268, 1278, 1288, 1299, 1312, 1326, 1340, 1353, 1365, 1381, 1399, 0]
[0, 1272, 1263, 1255, 1254, 1237, 1238, 1230, 1222, 1216, 1209, 1202, 1196, 1192, 1188, 1183, 1179, 1176, 1173, 1170, 1169, 1166, 0, 0, 620, 610, 605, 610, 614, 603, 596, 0, 1171, 1174, 1178, 1181, 1184, 1190, 1193, 1197, 1202, 1209, 1215, 1222, 1229, 1236, 1244, 1252, 1259, 1268, 1277, 1286, 1298, 1312, 1325, 1338, 1351, 1365, 1378, 1394, 0]
[0, 1279, 1269, 1259, 1250, 1242, 1233, 1227, 1221, 1214, 1206, 1200, 1195, 1191, 1188, 1184, 1179, 1175, 1174, 1169, 1166, 1165, 1162, 1162, 620, 0, 628, 626, 634, 603, 0, 1165, 1169, 1172, 1174, 1179, 1183, 1187, 1193, 1195, 1198, 1204, 1210, 1218, 1226, 1234, 1241, 1246, 1257, 1265, 1271, 1281, 1291, 1304, 1319, 1332, 1347, 1361, 1374, 1388, 1409]
[0, 1277, 1269, 1260, 1253, 1244, 1236, 1230, 1221, 1213, 1206, 1201, 1197, 1192, 1187, 1184, 1180, 1174, 1171, 1171, 1167, 1164, 1163, 1162, 620, 0, 622, 626, 640, 0, 1166, 1168, 1173, 1173, 1175, 1180, 1184, 1189, 1194, 1197, 1200, 1207, 1215, 1220, 1226, 1235, 1243, 1250, 1258, 1268, 1275, 1284, 1297, 1311, 1325, 1339, 1353, 1364, 1376, 1393, 0]
[0, 1271, 1262, 1254, 1246, 1237, 1229, 1221, 1215, 1207, 1200, 1197, 1197, 1193, 1188, 1183, 1179, 1175, 1172, 1170, 1167, 1164, 1163, 1162, 620, 0, 624, 627, 639, 0, 1166, 1168, 1170, 1171, 1173, 1178, 1183, 1188, 1193, 1196, 1201, 1207, 1212, 1219, 1227, 1235, 1243, 1249, 1257, 1267, 1276, 1285, 1297, 1311, 1325, 1339, 1352, 1363, 1377, 1394, 0]
[0, 1271, 1262, 1254, 1245, 1237, 1229, 1222, 1215, 1215, 1206, 1199, 1196, 1192, 1187, 1182, 1178, 1175, 1173, 1170, 1168, 1165, 1162, 1161, 1160, 0, 0, 643, 639, 0, 1163, 1165, 1167, 1169, 1173, 1177, 1182, 1185, 1189, 1195, 1198, 1203, 1209, 1215, 1221, 1229, 1238, 1245, 1254, 1261, 1270, 1281, 1290, 1303, 1318, 1332, 1347, 1360, 1373, 1388, 1414]
[0, 1277, 1268, 1260, 1250, 1242, 1236, 1227, 1218, 1213, 1205, 1200, 1194, 1189, 1186, 1183, 1179, 1173, 1170, 1167, 1162, 1161, 1162, 1162, 1161, 0, 0, 643, 0, 1166, 1164, 1164, 1166, 1169, 1173, 1176, 1180, 1187, 1192, 1195, 1200, 1206, 1213, 1220, 1224, 1229, 1237, 1247, 1258, 1265, 1275, 1284, 1293, 1303, 1321, 1338, 1351, 1363, 1376, 1393, 1423]
[0, 1274, 1265, 1256, 1244, 1236, 1230, 1224, 1219, 1210, 1202, 1197, 1191, 1187, 1185, 1182, 1176, 1173, 1171, 1166, 1164, 1162, 1163, 1160, 1159, 0, 0, 644, 0, 1162, 1165, 1167, 1168, 1170, 1173, 1178, 1183, 1184, 1189, 1196, 1200, 1202, 1209, 1217, 1225, 1234, 1241, 1248, 1258, 1267, 1273, 1283, 1293, 1306, 1323, 1335, 1348, 1361, 1374, 1393, 0]
[0, 1274, 1264, 1255, 1248, 1238, 1229, 1223, 1218, 1210, 1202, 1197, 1194, 1191, 1186, 1182, 1177, 1172, 1169, 1165, 1166, 1164, 1161, 1159, 1158, 0, 0, 644, 1162, 1162, 1163, 1167, 1167, 1170, 1173, 1178, 1177, 1184, 1191, 1195, 1198, 1202, 1203, 1218, 1225, 1226, 1236, 1244, 1259, 1267, 1273, 1275, 1295, 1306, 1308, 1322, 1338, 1351, 1364, 1396, 0]
[0, 1274, 1264, 1257, 1249, 1242, 1233, 1224, 1218, 1209, 1202, 1198, 1194, 1190, 1185, 1179, 1175, 1171, 1167, 1166, 1163, 1162, 1160, 1160, 1160, 0, 1159, 1160, 1162, 1163, 1163, 1165, 1169, 1175, 1176, 1177, 1181, 1185, 1189, 1193, 1198, 1203, 1209, 1217, 1225, 1234, 1242, 1248, 1257, 1266, 1274, 1283, 1294, 1307, 1320, 1333, 1350, 1364, 1377, 1392, 0]
[0, 1276, 1268, 1259, 1249, 1241, 1235, 1226, 1218, 1212, 1205, 1199, 1194, 1189, 1186, 1182, 1178, 1173, 1168, 1165, 1162, 1161, 1161, 1160, 1159, 1156, 1155, 1158, 1160, 1163, 1165, 1165, 1166, 1171, 1174, 1177, 1181, 1183, 1187, 1193, 1199, 1203, 1209, 1217, 1225, 1231, 1238, 1248, 1254, 1263, 1273, 1282, 1292, 1306, 1320, 1332, 1348, 1362, 1376, 1392, 1423]
[0, 1274, 1264, 1255, 1245, 1237, 1230, 1221, 1215, 1209, 1202, 1197, 1191, 1187, 1184, 1179, 1173, 1172, 1169, 1165, 1163, 1162, 1162, 1160, 1159, 1158, 1156, 1156, 1157, 1162, 1164, 1164, 1165, 1169, 1172, 1177, 1182, 1184, 1186, 1193, 1198, 1202, 1208, 1217, 1225, 1231, 1238, 1247, 1254, 1262, 1273, 1282, 1292, 1305, 1320, 1332, 1348, 1362, 1376, 1392, 0]
[0, 1275, 1264, 1256, 1248, 1239, 1231, 1224, 1216, 1208, 1201, 1197, 1194, 1188, 1184, 1179, 1174, 1170, 1167, 1165, 1162, 1160, 1160, 1159, 1159, 1159, 1158, 1160, 1161, 1161, 1163, 1164, 1166, 1169, 1173, 1177, 1180, 1184, 1188, 1193, 1198, 1202, 1208, 1217, 1225, 1231, 1232, 1249, 1254, 1267, 1274, 1283, 1294, 1307, 1322, 1336, 1350, 1364, 1380, 1395, 0]
[0, 1274, 1264, 1256, 1248, 1240, 1232, 1223, 1215, 1207, 1201, 1197, 1193, 1189, 1184, 1178, 1174, 1170, 1167, 1165, 1162, 1160, 1160, 1159, 1157, 1154, 1156, 1160, 1161, 1161, 1162, 1163, 1163, 1165, 1171, 1176, 1180, 1184, 1188, 1192, 1197, 1202, 1208, 1216, 1225, 1231, 1240, 1249, 1250, 1258, 1266, 1274, 1282, 1292, 1305, 1322, 1337, 1351, 1363, 1377, 1392]
[0, 1273, 1264, 1254, 1244, 1236, 1229, 1221, 1213, 1206, 1201, 1194, 1188, 1186, 1183, 1178, 1172, 1168, 1167, 1165, 1163, 1161, 1160, 1158, 1158, 1156, 1156, 1158, 1159, 1158, 1161, 1164, 1165, 1167, 1171, 1173, 1177, 1183, 1187, 1192, 1198, 1207, 1217, 1225, 1232, 1243, 1254, 1262, 1271, 1279, 1287, 1298, 1311, 1322, 1334, 1351, 1367, 1380, 1388, 1394, 0]
[0, 1268, 1261, 1254, 1242, 1236, 1229, 1228, 1218, 1209, 1203, 1195, 1192, 1190, 1186, 1182, 1175, 1169, 1167, 1164, 1162, 1161, 1160, 1158, 1158, 1157, 1156, 1155, 1159, 1155, 1159, 1162, 1165, 1168, 1169, 1172, 1179, 1183, 1185, 1192, 1200, 1209, 1217, 1225, 1233, 1238, 1245, 1254, 1262, 1272, 1283, 1293, 1301, 1313, 1325, 1336, 1352, 1371, 1386, 1387, 1393]
[0, 1272, 1263, 1254, 1245, 1237, 1229, 1220, 1214, 1208, 1201, 1196, 1190, 1186, 1183, 1177, 1173, 1168, 1166, 1164, 1162, 1160, 1159, 1156, 1155, 1153, 1155, 1156, 1156, 1156, 1156, 1158, 1163, 1169, 1173, 1176, 1180, 1183, 1188, 1195, 1203, 1213, 1221, 1228, 1235, 1243, 1250, 1257, 1268, 1279, 1288, 1295, 1304, 1316, 1328, 1343, 1360, 1376, 1408, 1411, 1403]
[0, 1271, 1263, 1255, 1247, 1238, 1227, 1221, 1214, 1207, 1201, 1197, 1190, 1186, 1183, 1178, 1174, 1170, 1166, 1165, 1165, 1164, 1159, 1156, 1154, 1156, 1156, 1154, 1156, 1161, 1162, 1165, 1168, 1169, 1173, 1177, 1180, 1185, 1193, 1201, 1203, 1208, 1223, 1228, 1232, 1248, 1255, 1257, 1263, 1283, 1288, 1301, 1304, 1312, 1323, 1333, 1368, 1383, 1408, 1392, 0]
[0, 1267, 1258, 1251, 1243, 1235, 1227, 1219, 1212, 1203, 1196, 1192, 1188, 1185, 1179, 1172, 1170, 1168, 1166, 1164, 1165, 1165, 1165, 1167, 1167, 1168, 1169, 1171, 1173, 1178, 1178, 1180, 1185, 1187, 1189, 1190, 1195, 1201, 1204, 1206, 1211, 1217, 1224, 1231, 1238, 1245, 1253, 1262, 1271, 1279, 1287, 1297, 1310, 1321, 1333, 1351, 1367, 1380, 1386, 1392, 0]
[0, 1267, 1259, 1252, 1243, 1233, 1226, 1217, 1208, 1202, 1196, 1191, 1187, 1184, 1182, 1179, 1176, 1175, 1175, 1176, 1165, 1176, 1175, 1167, 1168, 1169, 1169, 1168, 1174, 1178, 1177, 1181, 1185, 1188, 1189, 1189, 1192, 1196, 1200, 1204, 1208, 1212, 1218, 1226, 1233, 1242, 1248, 1254, 1262, 1272, 1283, 1292, 1301, 1312, 1324, 1336, 1351, 1370, 1385, 1387, 1393]
[0, 1269, 1262, 1254, 1245, 1236, 1229, 1221, 1214, 1211, 1207, 1203, 1200, 1195, 1194, 1192, 1189, 1188, 1185, 1181, 1178, 1177, 1176, 1175, 1168, 1174, 1172, 1172, 1174, 1175, 1177, 1179, 1180, 1181, 1185, 1189, 1192, 1196, 1200, 1204, 1211, 1215, 1219, 1225, 1232, 1241, 1248, 1254, 1262, 1272, 1283, 1292, 1301, 1312, 1324, 1336, 1352, 1370, 1386, 1388, 1393]
[0, 1280, 1274, 1269, 1262, 1253, 1244, 1238, 1233, 1227, 1219, 1213, 1208, 1202, 1200, 1195, 1190, 1188, 1185, 1181, 1178, 1177, 1177, 1176, 1175, 1173, 1173, 1173, 1175, 1176, 1178, 1181, 1183, 1185, 1188, 1192, 1196, 1199, 1203, 1207, 1212, 1217, 1223, 1231, 1237, 1246, 1254, 1262, 1272, 1280, 1287, 1298, 1310, 1321, 1333, 1350, 1365, 1379, 1386, 1391, 0]
[0, 1278, 1274, 1270, 1259, 1249, 1241, 1234, 1230, 1224, 1217, 1213, 1207, 1201, 1196, 1193, 1192, 1189, 1185, 1181, 1181, 1176, 1177, 1174, 1173, 1173, 1173, 1173, 1175, 1176, 1177, 1181, 1183, 1185, 1188, 1191, 1196, 1200, 1203, 1207, 1212, 1218, 1224, 1230, 1234, 1242, 1253, 1261, 1270, 1279, 1287, 1297, 1309, 1320, 1332, 1349, 1362, 1377, 1386, 1392, 0]
[0, 1287, 1280, 1271, 1260, 1249, 1243, 1239, 1233, 1225, 1218, 1212, 1206, 1201, 1196, 1193, 1191, 1192, 1185, 1189, 1180, 1179, 1175, 1176, 1175, 1173, 1174, 1175, 1175, 1175, 1176, 1177, 1178, 1181, 1184, 1187, 1191, 1195, 1199, 1203, 1208, 1213, 1220, 1225, 1232, 1238, 1246, 1255, 1262, 1271, 1282, 1291, 1301, 1312, 1322, 1335, 1352, 1368, 1383, 1390, 1395]
[0, 1281, 1273, 1271, 1264, 1257, 1249, 1242, 1235, 1230, 1222, 1214, 1211, 1208, 1201, 1196, 1192, 1189, 1186, 1183, 1181, 1179, 1178, 1176, 1174, 1173, 1174, 1174, 1175, 1175, 1176, 1177, 1178, 1181, 1184, 1187, 1191, 1195, 1199, 1204, 1208, 1213, 1220, 1226, 1232, 1241, 1249, 1255, 1262, 1271, 1283, 1294, 1302, 1313, 1324, 1336, 1354, 1369, 1384, 1392, 1399]
[0, 1285, 1277, 1269, 1259, 1250, 1242, 1237, 1232, 1224, 1217, 1212, 1207, 1201, 1197, 1193, 1191, 1189, 1191, 1187, 1180, 1178, 1177, 1174, 1173, 1172, 1172, 1172, 1174, 1176, 1176, 1176, 1180, 1184, 1186, 1188, 1193, 1199, 1201, 1205, 1211, 1216, 1222, 1229, 1234, 1240, 1247, 1255, 1265, 1276, 1287, 1296, 1306, 1319, 1329, 1342, 1359, 1375, 1388, 1396, 1419]
[0, 1284, 1274, 1266, 1258, 1250, 1242, 1237, 1237, 1232, 1224, 1216, 1211, 1205, 1200, 1196, 1192, 1188, 1186, 1183, 1180, 1179, 1178, 1176, 1174, 1173, 1173, 1174, 1175, 1176, 1176, 1177, 1179, 1181, 1185, 1187, 1190, 1195, 1200, 1204, 1208, 1213, 1220, 1226, 1231, 1240, 1249, 1255, 1263, 1272, 1283, 1292, 1301, 1313, 1324, 1337, 1353, 1368, 1384, 1390, 1397]
[0, 1284, 1271, 1263, 1257, 1250, 1249, 1242, 1236, 1231, 1224, 1216, 1212, 1206, 1201, 1196, 1192, 1187, 1184, 1182, 1177, 1175, 1177, 1173, 1173, 1174, 1174, 1173, 1172, 1174, 1175, 1176, 1178, 1181, 1184, 1187, 1191, 1195, 1198, 1203, 1208, 1216, 1223, 1228, 1235, 1242, 1249, 1255, 1262, 1273, 1284, 1293, 1301, 1313, 1327, 1340, 1354, 1369, 1385, 1390, 1396]
