[0, 0, 0, 0, 0, 0, 0, 0, 0, 0, 0, 0, 0, 0, 0, 0, 0, 0, 0, 0, 0, 0, 0, 0, 0, 0, 0, 0, 0, 0, 0, 0, 0, 0, 0, 0, 0, 0, 0, 0, 0, 0, 0, 0, 0, 0, 0, 0, 0, 0, 0, 0, 0, 0, 0, 0, 0, 0, 0, 0, 0]
[0, 514, 512, 510, 506, 502, 500, 496, 493, 490, 480, 472, 470, 464, 455, 450, 446, 440, 437, 435, 434, 434, 434, 436, 437, 440, 444, 453, 458, 452, 457, 458, 458, 464, 471, 472, 473, 474, 476, 477, 479, 481, 483, 485, 488, 491, 493, 498, 501, 504, 508, 512, 516, 520, 525, 530, 535, 541, 546, 553, 559]
[0, 517, 512, 508, 504, 502, 499, 495, 492, 488, 480, 479, 471, 471, 0, 451, 444, 439, 436, 434, 434, 434, 434, 436, 438, 441, 446, 450, 455, 458, 457, 457, 460, 467, 471, 472, 474, 475, 476, 478, 480, 481, 484, 485, 487, 490, 492, 495, 498, 501, 505, 510, 513, 517, 522, 526, 531, 536, 542, 548, 555]
[0, 517, 512, 509, 505, 502, 498, 494, 492, 488, 480, 479, 471, 470, 0, 451, 444, 439, 436, 434, 434, 434, 434, 436, 436, 443, 446, 450, 455, 451, 457, 457, 458, 470, 471, 472, 473, 475, 476, 477, 480, 481, 482, 485, 487, 491, 494, 496, 499, 503, 507, 511, 515, 520, 524, 529, 533, 538, 544, 550, 556]
[0, 516, 512, 507, 503, 500, 498, 497, 493, 490, 482, 474, 469, 466, 459, 448, 444, 437, 436, 435, 434, 434, 434, 436, 439, 443, 446, 450, 451, 457, 457, 457, 464, 470, 471, 472, 474, 475, 476, 477, 480, 481, 483, 485, 487, 491, 494, 497, 501, 504, 508, 511, 516, 521, 524, 529, 534, 540, 545, 551, 556]
[0, 522, 517, 513, 509, 505, 502, 499, 495, 491, 483, 473, 472, 466, 0, 453, 445, 440, 436, 435, 434, 434, 435, 436, 437, 440, 445, 450, 451, 452, 457, 458, 459, 465, 471, 472, 474, 475, 476, 478, 480, 482, 484, 486, 489, 492, 495, 497, 498, 506, 509, 511, 517, 521, 524, 526, 531, 536, 541, 547, 553]
[0, 519, 515, 513, 506, 505, 503, 499, 496, 493, 0, 475, 475, 0, 456, 446, 445, 441, 437, 435, 434, 433, 434, 436, 438, 442, 447, 451, 456, 461, 460, 460, 466, 473, 475, 476, 478, 475, 478, 480, 482, 483, 485, 488, 491, 494, 497, 499, 503, 507, 510, 514, 518, 523, 527, 532, 537, 543, 548, 554, 559]
[0, 521, 516, 512, 508, 505, 502, 498, 495, 491, 483, 475, 473, 470, 463, 452, 444, 439, 436, 434, 434, 434, 434, 436, 437, 440, 445, 451, 456, 454, 460, 461, 463, 470, 475, 476, 477, 478, 480, 482, 483, 485, 487, 490, 493, 495, 498, 502, 503, 506, 513, 514, 517, 521, 525, 530, 536, 540, 546, 552, 557]
[0, 521, 516, 512, 508, 505, 502, 498, 495, 491, 482, 475, 470, 470, 463, 452, 444, 439, 436, 435, 434, 434, 434, 436, 438, 442, 448, 453, 458, 461, 460, 461, 463, 470, 468, 476, 477, 0, 478, 480, 482, 483, 485, 488, 491, 494, 497, 499, 503, 507, 510, 514, 518, 523, 527, 533, 537, 543, 548, 554, 559]
[0, 521, 516, 512, 508, 505, 502, 498, 495, 491, 482, 473, 470, 469, 462, 451, 444, 439, 436, 434, 434, 434, 434, 436, 438, 442, 448, 453, 458, 461, 460, 461, 463, 468, 475, 476, 476, 477, 478, 480, 481, 483, 485, 488, 491, 494, 497, 499, 503, 507, 511, 514, 518, 523, 527, 532, 537, 542, 548, 554, 559]
[0, 526, 522, 518, 513, 510, 507, 504, 501, 497, 482, 0, 477, 469, 457, 447, 441, 437, 434, 433, 433, 433, 434, 436, 436, 442, 448, 453, 458, 458, 465, 465, 471, 478, 475, 480, 482, 477, 485, 480, 486, 488, 491, 494, 497, 500, 503, 507, 511, 514, 518, 522, 526, 531, 536, 541, 545, 551, 557, 563, 569]
[0, 526, 522, 518, 514, 510, 508, 504, 501, 497, 494, 484, 477, 469, 456, 447, 440, 436, 434, 433, 433, 433, 434, 434, 436, 442, 450, 453, 458, 458, 0, 470, 0, 482, 483, 480, 484, 486, 487, 488, 490, 492, 495, 498, 500, 503, 506, 509, 513, 516, 520, 525, 529, 533, 538, 543, 548, 554, 560, 566, 572]
[0, 526, 522, 517, 514, 510, 508, 504, 501, 497, 494, 483, 477, 469, 456, 446, 440, 436, 434, 433, 433, 434, 434, 435, 436, 444, 450, 450, 458, 458, 468, 472, 0, 478, 482, 483, 484, 486, 487, 488, 491, 493, 495, 498, 500, 504, 507, 511, 514, 517, 520, 525, 530, 534, 538, 543, 549, 555, 560, 566, 572]
[0, 526, 520, 517, 516, 512, 509, 506, 502, 499, 491, 485, 0, 469, 461, 450, 442, 438, 435, 434, 433, 433, 434, 436, 436, 444, 450, 450, 458, 0, 468, 473, 0, 479, 482, 483, 485, 486, 488, 489, 491, 493, 496, 498, 500, 504, 507, 511, 514, 517, 521, 525, 530, 534, 538, 543, 549, 554, 560, 566, 572]
[0, 526, 524, 520, 516, 512, 509, 506, 502, 499, 491, 485, 0, 469, 461, 450, 442, 438, 435, 434, 433, 433, 434, 436, 438, 441, 447, 450, 458, 0, 468, 469, 476, 482, 483, 484, 486, 487, 488, 490, 492, 493, 497, 498, 503, 504, 506, 509, 513, 516, 520, 523, 527, 532, 537, 542, 547, 553, 559, 565, 570]
[0, 526, 521, 517, 513, 510, 509, 507, 503, 500, 0, 483, 477, 465, 453, 444, 442, 436, 434, 434, 433, 433, 434, 435, 438, 441, 447, 455, 466, 470, 468, 469, 476, 482, 483, 484, 485, 487, 488, 490, 492, 495, 497, 500, 503, 504, 506, 509, 513, 516, 520, 524, 527, 532, 537, 542, 547, 553, 559, 565, 570]
[0, 531, 526, 522, 519, 515, 512, 509, 506, 502, 0, 480, 470, 465, 457, 447, 440, 436, 433, 433, 433, 432, 434, 436, 437, 440, 445, 452, 456, 462, 469, 469, 474, 480, 483, 484, 485, 486, 488, 490, 491, 493, 497, 499, 501, 505, 508, 511, 515, 519, 522, 524, 526, 536, 537, 546, 551, 553, 556, 562, 568]
[0, 530, 526, 523, 519, 515, 511, 508, 505, 499, 0, 492, 0, 468, 456, 446, 440, 436, 434, 433, 432, 432, 432, 434, 436, 442, 448, 456, 465, 471, 473, 475, 482, 487, 488, 489, 490, 492, 494, 496, 498, 500, 497, 503, 506, 509, 512, 515, 519, 522, 526, 530, 535, 539, 545, 550, 554, 560, 566, 573, 580]
[0, 532, 528, 524, 520, 516, 513, 510, 507, 503, 0, 481, 472, 468, 460, 449, 442, 437, 435, 434, 433, 433, 434, 436, 436, 439, 444, 450, 465, 471, 0, 473, 477, 484, 487, 488, 489, 491, 493, 495, 497, 499, 501, 504, 507, 510, 513, 517, 520, 524, 528, 532, 536, 541, 546, 551, 557, 563, 569, 575, 582]
[0, 530, 526, 523, 520, 515, 511, 508, 506, 502, 0, 496, 0, 468, 455, 446, 440, 436, 433, 433, 432, 433, 434, 436, 438, 441, 447, 455, 460, 467, 473, 474, 481, 487, 488, 489, 490, 493, 495, 496, 498, 500, 503, 506, 507, 509, 512, 516, 519, 522, 526, 530, 534, 539, 544, 549, 554, 560, 565, 571, 579]
[0, 532, 528, 524, 520, 516, 511, 513, 507, 502, 499, 489, 478, 465, 453, 444, 439, 436, 434, 433, 432, 432, 433, 435, 436, 443, 447, 458, 460, 473, 476, 480, 481, 490, 492, 493, 490, 494, 496, 497, 500, 502, 504, 507, 510, 512, 516, 519, 523, 525, 530, 535, 539, 543, 549, 554, 559, 565, 570, 577, 584]
[0, 539, 534, 530, 526, 516, 523, 520, 516, 513, 506, 0, 474, 463, 451, 443, 438, 436, 434, 433, 433, 432, 432, 434, 439, 443, 444, 459, 460, 471, 477, 476, 488, 490, 491, 491, 492, 494, 495, 497, 499, 501, 504, 507, 510, 513, 516, 520, 523, 526, 530, 535, 539, 544, 549, 554, 559, 565, 570, 577, 583]
[0, 539, 534, 530, 526, 516, 523, 520, 517, 513, 0, 0, 473, 462, 451, 450, 442, 438, 434, 432, 431, 432, 432, 433, 436, 439, 444, 451, 460, 471, 477, 0, 489, 496, 497, 498, 499, 501, 503, 505, 507, 509, 511, 513, 516, 520, 524, 527, 530, 534, 538, 543, 547, 552, 557, 562, 567, 573, 581, 587, 593]
[0, 546, 542, 538, 535, 531, 528, 520, 524, 521, 0, 0, 473, 462, 450, 443, 442, 438, 434, 433, 431, 432, 431, 433, 436, 440, 444, 451, 461, 469, 477, 483, 489, 496, 497, 498, 499, 501, 503, 504, 507, 509, 511, 514, 517, 520, 524, 528, 531, 534, 539, 543, 548, 552, 557, 563, 568, 575, 581, 587, 594]
[0, 545, 541, 537, 535, 533, 530, 526, 523, 520, 0, 0, 0, 462, 448, 443, 441, 436, 433, 432, 432, 431, 432, 433, 435, 439, 444, 451, 461, 469, 477, 0, 497, 503, 505, 505, 507, 508, 510, 512, 514, 516, 519, 522, 525, 528, 531, 534, 538, 542, 547, 551, 555, 560, 565, 570, 576, 583, 589, 595, 602]
[0, 555, 551, 548, 544, 540, 536, 533, 530, 0, 0, 496, 0, 0, 453, 443, 437, 433, 432, 431, 430, 431, 432, 433, 435, 439, 445, 452, 462, 469, 477, 0, 500, 503, 504, 506, 508, 509, 510, 512, 514, 517, 520, 523, 525, 529, 532, 536, 539, 543, 547, 552, 557, 561, 566, 571, 578, 584, 590, 595, 597]
[0, 555, 550, 546, 544, 539, 536, 535, 531, 525, 0, 0, 471, 459, 447, 443, 441, 436, 433, 432, 431, 431, 432, 433, 435, 436, 440, 447, 462, 469, 477, 0, 510, 511, 513, 515, 508, 517, 510, 521, 514, 524, 526, 529, 532, 535, 539, 542, 546, 549, 553, 557, 561, 567, 572, 578, 584, 590, 596, 602, 609]
[0, 554, 549, 546, 544, 542, 538, 535, 531, 523, 0, 0, 0, 458, 447, 447, 440, 436, 433, 432, 432, 431, 432, 433, 435, 439, 444, 450, 462, 469, 477, 0, 508, 511, 512, 513, 515, 517, 519, 521, 523, 525, 528, 531, 535, 538, 540, 543, 547, 551, 555, 560, 564, 570, 575, 582, 584, 593, 599, 602, 605]
[0, 555, 550, 546, 543, 539, 538, 532, 531, 528, 0, 0, 471, 459, 448, 441, 440, 434, 433, 432, 431, 431, 431, 433, 435, 439, 444, 450, 462, 469, 477, 0, 510, 511, 512, 514, 515, 517, 519, 521, 523, 525, 528, 531, 535, 538, 540, 544, 548, 552, 556, 560, 565, 570, 576, 582, 587, 593, 599, 599, 606]
[0, 565, 560, 556, 553, 549, 545, 542, 531, 0, 512, 0, 476, 0, 449, 442, 437, 434, 433, 432, 431, 429, 430, 432, 435, 438, 444, 450, 462, 469, 0, 500, 508, 511, 512, 513, 514, 516, 518, 520, 522, 525, 528, 531, 534, 537, 540, 544, 547, 551, 555, 560, 564, 569, 575, 581, 587, 592, 599, 605, 612]
[0, 563, 560, 556, 556, 551, 547, 544, 541, 0, 0, 0, 0, 0, 0, 444, 438, 435, 432, 431, 431, 431, 431, 432, 434, 436, 441, 448, 462, 469, 0, 516, 0, 519, 521, 522, 523, 525, 527, 529, 531, 534, 536, 539, 542, 545, 549, 553, 556, 559, 564, 569, 574, 578, 583, 590, 595, 601, 607, 614, 622]
[0, 582, 577, 572, 567, 563, 560, 557, 0, 518, 0, 0, 0, 0, 454, 443, 437, 433, 431, 430, 429, 429, 431, 432, 435, 438, 444, 451, 462, 469, 0, 516, 0, 520, 521, 523, 525, 526, 528, 530, 532, 534, 537, 541, 544, 547, 550, 554, 557, 561, 565, 570, 576, 581, 586, 592, 597, 601, 610, 614, 624]
[0, 580, 576, 571, 567, 563, 560, 556, 0, 518, 0, 0, 0, 0, 450, 442, 437, 433, 431, 430, 428, 429, 431, 432, 432, 438, 443, 451, 462, 469, 0, 516, 0, 534, 534, 536, 537, 539, 542, 543, 546, 549, 551, 554, 557, 560, 563, 566, 570, 575, 581, 585, 591, 596, 600, 606, 597, 618, 610, 633, 642]
[0, 588, 583, 571, 579, 570, 560, 566, 0, 519, 0, 0, 468, 0, 0, 443, 438, 434, 430, 428, 427, 428, 428, 430, 432, 439, 443, 445, 462, 469, 0, 516, 0, 533, 534, 536, 538, 540, 542, 544, 546, 549, 552, 554, 557, 560, 564, 567, 570, 577, 582, 585, 591, 596, 601, 606, 597, 618, 610, 625, 633]
[0, 591, 587, 582, 577, 573, 569, 565, 0, 516, 0, 0, 484, 0, 451, 442, 437, 432, 429, 429, 428, 429, 430, 432, 433, 437, 442, 445, 462, 469, 0, 516, 0, 542, 543, 544, 546, 548, 549, 552, 554, 557, 560, 562, 565, 569, 572, 576, 581, 585, 590, 595, 599, 604, 608, 614, 619, 626, 636, 644, 651]
[0, 595, 591, 587, 583, 578, 574, 0, 0, 0, 514, 0, 0, 0, 447, 439, 435, 432, 430, 428, 428, 429, 428, 432, 433, 438, 443, 445, 462, 469, 0, 516, 0, 542, 544, 545, 546, 549, 550, 552, 555, 557, 560, 563, 566, 569, 573, 577, 582, 586, 590, 595, 600, 605, 610, 616, 622, 630, 637, 645, 653]
[0, 594, 591, 590, 584, 580, 576, 572, 0, 519, 0, 0, 0, 0, 453, 442, 437, 433, 429, 427, 427, 427, 428, 430, 433, 435, 445, 445, 462, 469, 0, 516, 0, 548, 549, 551, 552, 554, 557, 559, 561, 563, 566, 569, 573, 569, 576, 585, 582, 589, 598, 595, 608, 605, 612, 624, 622, 639, 647, 645, 654]
[0, 599, 595, 591, 588, 584, 579, 0, 0, 0, 514, 0, 0, 0, 447, 439, 437, 435, 429, 427, 428, 427, 430, 432, 433, 437, 442, 449, 462, 469, 0, 516, 0, 0, 548, 550, 552, 554, 556, 559, 560, 562, 565, 568, 571, 575, 578, 583, 587, 591, 596, 601, 605, 610, 615, 620, 626, 634, 642, 650, 658]
[0, 607, 601, 597, 593, 589, 586, 582, 0, 518, 0, 0, 0, 0, 450, 441, 435, 431, 428, 427, 426, 426, 427, 430, 433, 434, 439, 445, 462, 469, 0, 516, 0, 553, 554, 556, 557, 559, 561, 564, 566, 568, 571, 574, 577, 581, 578, 590, 594, 598, 596, 607, 612, 617, 623, 620, 629, 644, 642, 651, 667]
[0, 614, 610, 605, 600, 596, 593, 582, 0, 0, 0, 0, 464, 0, 453, 436, 435, 432, 428, 426, 425, 425, 426, 428, 434, 437, 443, 450, 462, 469, 0, 516, 0, 0, 558, 559, 561, 563, 565, 567, 570, 573, 576, 579, 583, 586, 589, 593, 598, 602, 607, 611, 615, 620, 626, 633, 640, 647, 654, 662, 670]
[0, 614, 610, 605, 600, 596, 593, 582, 0, 0, 0, 0, 464, 0, 442, 436, 436, 432, 428, 426, 425, 425, 426, 428, 431, 435, 440, 447, 462, 469, 0, 516, 0, 567, 0, 568, 573, 0, 577, 567, 582, 573, 585, 588, 591, 595, 598, 602, 607, 611, 615, 620, 624, 630, 636, 643, 649, 656, 663, 672, 679]
[0, 619, 615, 610, 605, 601, 599, 582, 0, 521, 510, 0, 464, 0, 442, 436, 436, 431, 428, 426, 425, 424, 425, 427, 431, 435, 440, 447, 462, 469, 0, 516, 0, 567, 568, 570, 0, 576, 577, 578, 579, 582, 585, 588, 591, 595, 598, 602, 607, 611, 614, 619, 625, 631, 637, 643, 649, 655, 664, 672, 680]
[0, 622, 617, 612, 607, 603, 599, 596, 0, 518, 510, 0, 0, 0, 446, 439, 434, 430, 427, 426, 424, 424, 425, 427, 429, 434, 439, 445, 462, 469, 0, 516, 0, 0, 573, 576, 578, 0, 580, 585, 587, 582, 590, 593, 596, 599, 608, 602, 612, 616, 620, 624, 629, 636, 642, 649, 656, 662, 669, 676, 685]
[0, 630, 624, 620, 616, 612, 599, 607, 0, 522, 0, 0, 0, 463, 450, 440, 434, 430, 427, 425, 423, 423, 425, 427, 429, 432, 436, 443, 462, 469, 0, 516, 0, 0, 573, 574, 577, 579, 582, 584, 586, 589, 592, 595, 598, 602, 606, 610, 614, 618, 622, 628, 633, 640, 646, 653, 659, 667, 675, 683, 692]
[0, 642, 636, 631, 628, 624, 599, 619, 0, 520, 0, 0, 0, 463, 450, 440, 434, 430, 427, 425, 423, 422, 424, 427, 430, 434, 440, 447, 462, 469, 0, 516, 0, 0, 587, 588, 589, 591, 592, 593, 596, 598, 602, 605, 608, 612, 615, 619, 624, 629, 634, 639, 644, 649, 656, 661, 668, 676, 682, 691, 701]
[0, 642, 636, 631, 628, 624, 619, 616, 0, 0, 0, 0, 0, 449, 450, 440, 434, 430, 426, 424, 423, 422, 424, 427, 430, 434, 439, 446, 462, 469, 0, 516, 0, 595, 0, 598, 0, 601, 592, 604, 606, 608, 612, 615, 618, 623, 626, 630, 635, 641, 647, 651, 655, 661, 667, 673, 680, 688, 697, 705, 713]
[0, 649, 644, 638, 634, 630, 625, 621, 0, 518, 0, 0, 0, 455, 443, 436, 431, 428, 425, 424, 422, 422, 423, 425, 428, 434, 439, 446, 462, 469, 0, 516, 0, 594, 596, 0, 598, 599, 601, 603, 606, 609, 612, 615, 618, 622, 626, 630, 636, 641, 647, 652, 656, 662, 668, 674, 680, 689, 697, 705, 713]
[0, 649, 644, 639, 634, 630, 625, 622, 0, 519, 0, 0, 0, 455, 445, 437, 431, 428, 426, 424, 422, 423, 425, 428, 428, 431, 436, 443, 462, 469, 0, 516, 0, 0, 599, 601, 603, 605, 606, 609, 613, 615, 617, 621, 625, 629, 634, 639, 644, 641, 653, 652, 658, 670, 668, 676, 683, 691, 699, 707, 714]
[0, 649, 644, 644, 639, 634, 630, 627, 0, 523, 0, 0, 0, 0, 446, 437, 432, 428, 425, 424, 422, 421, 424, 426, 428, 432, 436, 442, 462, 469, 0, 516, 0, 0, 599, 601, 603, 604, 606, 609, 612, 615, 617, 621, 625, 629, 633, 638, 643, 648, 652, 657, 663, 670, 676, 683, 690, 699, 707, 707, 714]
[0, 654, 650, 645, 640, 636, 633, 629, 0, 0, 518, 0, 0, 453, 442, 437, 436, 431, 428, 423, 422, 421, 422, 425, 430, 434, 440, 442, 462, 469, 0, 516, 0, 0, 604, 606, 607, 609, 611, 613, 616, 619, 623, 627, 631, 635, 639, 644, 649, 653, 659, 664, 669, 675, 681, 689, 697, 704, 711, 720, 729]
[0, 660, 655, 649, 645, 642, 637, 634, 0, 0, 0, 0, 461, 453, 449, 440, 434, 429, 426, 424, 423, 422, 423, 426, 428, 431, 436, 443, 462, 469, 0, 516, 0, 0, 607, 608, 610, 611, 613, 616, 619, 621, 625, 629, 633, 637, 642, 647, 651, 655, 661, 666, 671, 677, 684, 692, 700, 708, 715, 720, 724]
[0, 662, 656, 651, 648, 644, 640, 635, 0, 521, 0, 0, 0, 455, 444, 437, 431, 428, 426, 424, 421, 422, 422, 425, 427, 433, 438, 445, 462, 469, 0, 0, 610, 612, 613, 614, 616, 618, 613, 623, 619, 626, 630, 634, 637, 642, 645, 649, 653, 658, 663, 670, 675, 680, 687, 694, 701, 709, 716, 726, 734]
[0, 680, 675, 670, 666, 663, 658, 654, 0, 521, 0, 0, 0, 452, 442, 437, 431, 428, 426, 425, 423, 422, 422, 425, 427, 434, 441, 445, 462, 469, 0, 0, 0, 0, 613, 614, 615, 617, 619, 621, 624, 627, 631, 635, 639, 642, 647, 651, 656, 661, 666, 672, 676, 682, 689, 697, 705, 712, 720, 729, 738]
[0, 691, 686, 681, 676, 672, 667, 663, 0, 0, 0, 0, 458, 452, 448, 439, 433, 430, 426, 424, 422, 421, 423, 426, 427, 430, 435, 441, 462, 469, 0, 0, 0, 0, 631, 633, 635, 637, 640, 642, 645, 647, 650, 654, 659, 663, 667, 672, 677, 681, 687, 694, 701, 706, 712, 718, 726, 735, 744, 754, 763]
[0, 690, 684, 679, 675, 670, 666, 663, 0, 0, 0, 0, 0, 0, 447, 439, 434, 430, 427, 425, 422, 421, 423, 426, 429, 432, 437, 445, 462, 469, 0, 0, 641, 642, 644, 646, 647, 650, 652, 655, 658, 661, 665, 669, 673, 677, 681, 672, 687, 692, 698, 704, 710, 715, 721, 728, 736, 743, 753, 762, 772]
[0, 693, 687, 682, 676, 672, 669, 666, 0, 0, 0, 0, 459, 451, 442, 439, 431, 430, 428, 426, 424, 422, 422, 425, 429, 433, 439, 445, 462, 469, 0, 0, 641, 643, 644, 646, 0, 648, 653, 655, 655, 658, 661, 664, 668, 673, 678, 682, 687, 693, 699, 705, 711, 716, 722, 730, 737, 745, 755, 764, 773]
[0, 702, 696, 690, 685, 681, 675, 671, 0, 0, 0, 0, 0, 451, 442, 435, 431, 430, 427, 425, 424, 422, 422, 425, 428, 431, 436, 443, 462, 469, 0, 0, 636, 642, 643, 645, 647, 649, 652, 655, 658, 661, 664, 668, 673, 677, 681, 686, 691, 696, 703, 709, 715, 716, 728, 730, 744, 753, 755, 762, 780]
[0, 707, 702, 697, 691, 686, 681, 677, 0, 0, 0, 0, 0, 452, 443, 436, 431, 430, 428, 424, 424, 422, 422, 425, 427, 431, 436, 442, 462, 469, 0, 0, 636, 0, 650, 653, 655, 657, 659, 661, 665, 668, 672, 676, 680, 684, 689, 694, 700, 706, 711, 716, 722, 729, 736, 744, 752, 761, 770, 779, 790]
[0, 719, 714, 709, 705, 700, 695, 691, 0, 0, 0, 0, 463, 451, 443, 442, 436, 431, 428, 425, 424, 422, 423, 425, 427, 435, 436, 441, 462, 469, 0, 0, 0, 0, 656, 658, 660, 662, 663, 666, 670, 674, 677, 681, 685, 688, 694, 700, 705, 711, 715, 721, 727, 736, 743, 750, 758, 767, 776, 786, 797]
[0, 718, 712, 707, 703, 697, 693, 691, 690, 0, 0, 0, 0, 0, 447, 439, 434, 430, 427, 425, 422, 422, 424, 426, 428, 431, 436, 443, 462, 469, 0, 0, 664, 668, 669, 671, 673, 676, 678, 681, 684, 687, 691, 696, 700, 705, 710, 714, 719, 725, 731, 737, 745, 753, 760, 768, 776, 784, 794, 804, 814]
[0, 726, 721, 716, 711, 706, 702, 698, 690, 0, 0, 0, 461, 451, 447, 442, 436, 432, 429, 426, 424, 423, 423, 425, 429, 434, 439, 443, 462, 469, 0, 0, 0, 668, 671, 673, 675, 677, 680, 681, 686, 690, 691, 695, 699, 703, 707, 712, 716, 721, 727, 734, 741, 749, 757, 764, 771, 779, 788, 798, 808]
[0, 726, 721, 716, 711, 706, 702, 699, 690, 0, 0, 0, 463, 451, 442, 436, 436, 432, 429, 426, 424, 422, 423, 425, 428, 432, 437, 445, 462, 469, 0, 0, 671, 674, 676, 679, 681, 683, 686, 689, 692, 696, 700, 704, 708, 712, 717, 722, 727, 733, 739, 747, 754, 762, 769, 777, 785, 793, 802, 811, 822]
[0, 726, 731, 725, 720, 716, 713, 709, 705, 0, 0, 0, 0, 456, 446, 439, 435, 432, 431, 425, 423, 424, 423, 426, 428, 432, 437, 444, 462, 469, 0, 0, 0, 0, 677, 679, 681, 684, 686, 689, 692, 695, 699, 703, 708, 712, 716, 721, 727, 732, 738, 745, 751, 759, 767, 775, 783, 793, 801, 811, 820]
[0, 743, 737, 731, 726, 720, 717, 713, 709, 0, 0, 0, 0, 456, 446, 439, 435, 431, 428, 425, 423, 423, 426, 426, 428, 435, 441, 444, 462, 469, 0, 0, 685, 686, 689, 692, 694, 684, 697, 703, 692, 707, 710, 718, 708, 722, 726, 738, 727, 751, 738, 758, 764, 772, 779, 788, 797, 804, 814, 823, 831]
[0, 759, 753, 748, 742, 736, 732, 728, 723, 0, 0, 0, 0, 455, 446, 440, 435, 436, 429, 425, 425, 426, 428, 426, 431, 436, 442, 451, 462, 469, 0, 0, 687, 690, 692, 695, 697, 700, 702, 703, 707, 707, 714, 718, 723, 727, 733, 739, 745, 751, 738, 764, 771, 772, 787, 796, 804, 812, 822, 831, 840]
[0, 766, 761, 755, 749, 745, 740, 735, 731, 0, 0, 0, 0, 458, 448, 442, 437, 434, 431, 425, 429, 426, 428, 431, 434, 436, 445, 451, 453, 469, 0, 0, 705, 707, 709, 710, 713, 717, 719, 722, 726, 729, 733, 738, 742, 747, 754, 759, 764, 769, 775, 783, 791, 799, 807, 817, 826, 832, 841, 852, 863]
[0, 766, 761, 755, 749, 744, 739, 735, 731, 0, 0, 0, 0, 458, 448, 441, 437, 433, 431, 429, 426, 426, 428, 430, 434, 436, 445, 452, 453, 469, 0, 0, 712, 714, 715, 717, 719, 723, 726, 729, 732, 735, 740, 743, 748, 754, 759, 764, 770, 776, 782, 790, 798, 806, 813, 823, 831, 838, 847, 859, 869]
[0, 773, 767, 761, 756, 751, 746, 742, 738, 0, 0, 0, 0, 458, 453, 446, 440, 436, 433, 431, 428, 427, 428, 430, 434, 438, 445, 452, 453, 469, 0, 0, 711, 713, 715, 717, 719, 723, 726, 729, 732, 735, 739, 743, 748, 754, 759, 764, 770, 776, 782, 790, 798, 806, 814, 823, 831, 837, 848, 860, 869]
[0, 775, 769, 762, 758, 753, 748, 744, 740, 0, 0, 0, 0, 456, 453, 447, 441, 434, 433, 432, 428, 426, 427, 430, 433, 437, 442, 450, 453, 469, 0, 0, 718, 720, 722, 725, 727, 730, 733, 737, 741, 744, 748, 752, 756, 760, 765, 770, 776, 782, 789, 797, 804, 811, 820, 828, 836, 845, 855, 865, 874]
[0, 792, 785, 779, 774, 769, 765, 761, 756, 0, 0, 0, 0, 458, 449, 0, 444, 438, 435, 434, 431, 429, 429, 434, 433, 437, 441, 448, 456, 469, 0, 0, 718, 720, 722, 725, 728, 730, 733, 736, 740, 744, 747, 750, 755, 765, 765, 769, 775, 782, 789, 795, 802, 810, 827, 828, 834, 843, 853, 863, 881]
[0, 787, 781, 779, 770, 766, 765, 759, 756, 754, 0, 0, 0, 0, 453, 447, 442, 438, 435, 433, 430, 428, 430, 432, 433, 442, 449, 456, 456, 469, 0, 0, 736, 738, 741, 744, 747, 750, 752, 756, 760, 764, 767, 771, 775, 780, 786, 792, 799, 805, 811, 819, 826, 833, 841, 850, 860, 869, 877, 887, 897]
[0, 787, 781, 779, 770, 766, 765, 759, 754, 754, 0, 0, 0, 462, 453, 446, 442, 438, 435, 432, 430, 428, 430, 432, 435, 439, 444, 450, 456, 469, 0, 734, 736, 0, 740, 744, 747, 750, 753, 756, 760, 764, 768, 771, 775, 780, 786, 793, 799, 805, 812, 818, 825, 833, 841, 849, 859, 868, 875, 883, 894]
[0, 828, 822, 816, 812, 807, 801, 796, 792, 787, 0, 0, 0, 461, 455, 449, 445, 441, 435, 439, 434, 428, 436, 439, 435, 439, 444, 451, 456, 469, 0, 0, 736, 0, 738, 742, 748, 750, 751, 757, 760, 761, 769, 772, 775, 781, 787, 793, 799, 807, 813, 821, 827, 834, 844, 853, 861, 869, 878, 888, 897]
[0, 828, 822, 816, 811, 806, 800, 795, 791, 787, 0, 0, 0, 461, 455, 449, 445, 441, 441, 436, 434, 434, 434, 436, 439, 447, 444, 460, 456, 469, 0, 770, 772, 774, 777, 780, 784, 787, 790, 792, 796, 801, 805, 810, 814, 819, 824, 829, 835, 841, 849, 857, 864, 871, 877, 886, 895, 906, 917, 927, 937]
[0, 829, 823, 817, 811, 808, 801, 795, 792, 787, 0, 0, 0, 463, 455, 449, 445, 441, 439, 436, 434, 434, 436, 436, 439, 443, 453, 460, 456, 469, 0, 770, 772, 775, 777, 780, 783, 786, 790, 794, 798, 801, 805, 810, 814, 819, 826, 830, 835, 842, 851, 858, 866, 872, 880, 888, 898, 908, 920, 930, 940]
[0, 840, 834, 829, 824, 819, 812, 807, 805, 801, 0, 0, 0, 0, 455, 450, 0, 442, 441, 438, 434, 436, 437, 436, 441, 447, 453, 460, 456, 469, 0, 770, 772, 775, 777, 780, 783, 787, 790, 794, 798, 801, 805, 810, 814, 819, 826, 830, 835, 842, 851, 859, 866, 873, 881, 889, 898, 908, 920, 930, 940]
[0, 869, 863, 856, 850, 844, 838, 834, 829, 826, 822, 0, 0, 0, 462, 455, 451, 442, 447, 438, 443, 440, 443, 436, 447, 450, 456, 460, 456, 469, 0, 782, 784, 786, 789, 792, 796, 800, 802, 805, 809, 812, 816, 822, 827, 831, 836, 842, 848, 856, 864, 870, 877, 884, 892, 903, 913, 922, 933, 942, 953]
[0, 863, 863, 851, 845, 844, 838, 834, 830, 826, 823, 0, 0, 0, 461, 456, 452, 449, 447, 444, 443, 440, 442, 446, 451, 450, 460, 460, 456, 469, 0, 810, 811, 813, 816, 819, 822, 825, 828, 830, 834, 838, 842, 848, 853, 859, 865, 871, 877, 882, 889, 897, 905, 914, 924, 934, 942, 951, 962, 975, 988]
[0, 866, 859, 853, 847, 842, 837, 833, 829, 826, 823, 0, 0, 0, 462, 458, 453, 450, 448, 445, 442, 441, 443, 446, 450, 455, 460, 460, 456, 469, 0, 809, 811, 813, 816, 818, 822, 824, 826, 830, 833, 837, 841, 846, 853, 858, 865, 870, 875, 882, 889, 896, 903, 912, 921, 933, 942, 951, 960, 973, 986]
[0, 875, 868, 864, 860, 854, 847, 842, 839, 834, 823, 0, 0, 0, 466, 458, 453, 450, 449, 448, 445, 443, 445, 448, 450, 454, 459, 465, 0, 469, 0, 810, 812, 815, 817, 820, 823, 826, 827, 831, 834, 837, 842, 848, 853, 860, 866, 870, 875, 882, 889, 896, 904, 913, 922, 933, 941, 950, 960, 973, 987]
[0, 875, 869, 864, 860, 854, 847, 842, 839, 834, 823, 0, 0, 0, 465, 458, 454, 451, 449, 448, 444, 443, 445, 448, 452, 456, 461, 466, 476, 469, 0, 821, 823, 825, 828, 830, 832, 834, 836, 840, 845, 848, 853, 860, 865, 870, 875, 880, 886, 893, 900, 909, 918, 927, 936, 944, 953, 965, 976, 987, 999]
[0, 912, 904, 897, 892, 887, 883, 878, 875, 871, 868, 0, 0, 0, 0, 465, 463, 460, 458, 457, 454, 453, 455, 459, 452, 456, 461, 466, 476, 469, 0, 821, 823, 825, 828, 830, 832, 833, 836, 840, 845, 848, 853, 860, 865, 870, 874, 879, 886, 893, 900, 908, 918, 927, 936, 944, 953, 965, 976, 987, 999]
[0, 920, 914, 907, 900, 895, 891, 887, 883, 879, 875, 871, 0, 0, 0, 468, 463, 462, 460, 459, 457, 455, 455, 458, 463, 467, 472, 466, 476, 0, 859, 862, 864, 866, 869, 871, 873, 877, 880, 884, 888, 892, 897, 903, 909, 915, 923, 930, 936, 943, 950, 959, 969, 979, 989, 999, 1008, 1018, 1030, 1041, 1055]
[0, 923, 916, 910, 903, 896, 892, 888, 884, 879, 876, 873, 0, 0, 0, 466, 464, 461, 460, 458, 455, 455, 456, 460, 463, 470, 472, 480, 476, 0, 863, 865, 868, 870, 871, 873, 876, 879, 882, 885, 890, 894, 899, 905, 911, 917, 923, 930, 936, 942, 950, 959, 968, 979, 988, 998, 1008, 1018, 1029, 1039, 1052]
[0, 921, 913, 906, 900, 896, 891, 887, 883, 879, 875, 872, 0, 0, 0, 466, 463, 461, 460, 458, 455, 455, 457, 461, 463, 467, 471, 480, 0, 863, 864, 866, 869, 871, 872, 875, 877, 881, 883, 887, 891, 895, 900, 905, 911, 917, 924, 930, 936, 943, 950, 959, 968, 979, 988, 998, 1008, 1018, 1028, 1050, 1064]
[0, 955, 950, 943, 937, 932, 927, 921, 915, 912, 908, 903, 900, 0, 0, 0, 472, 472, 469, 468, 466, 465, 466, 470, 465, 468, 472, 479, 0, 0, 863, 864, 866, 869, 873, 876, 878, 881, 884, 887, 892, 896, 901, 907, 914, 919, 927, 933, 939, 945, 953, 961, 970, 980, 990, 1000, 1008, 1019, 1030, 1041, 1054]
[0, 955, 948, 942, 937, 931, 927, 921, 916, 912, 907, 903, 900, 0, 0, 477, 474, 471, 469, 467, 464, 464, 467, 471, 473, 476, 481, 489, 0, 890, 893, 896, 899, 901, 903, 907, 911, 913, 917, 922, 927, 932, 937, 942, 947, 952, 957, 964, 973, 982, 990, 997, 1005, 1015, 1035, 1044, 1055, 1067, 1080, 1092, 1107]
[0, 955, 948, 942, 936, 932, 927, 921, 916, 912, 907, 903, 900, 0, 0, 477, 475, 470, 0, 467, 465, 466, 468, 471, 474, 477, 481, 489, 0, 0, 894, 895, 896, 899, 902, 905, 910, 912, 915, 920, 926, 931, 936, 942, 946, 951, 957, 964, 981, 982, 996, 1005, 1005, 1025, 1034, 1044, 1055, 1067, 1079, 1092, 1107]
[0, 956, 950, 943, 937, 932, 927, 921, 916, 911, 907, 903, 899, 0, 0, 0, 473, 471, 469, 467, 465, 465, 468, 471, 475, 477, 481, 489, 0, 891, 893, 895, 897, 900, 903, 906, 909, 913, 917, 922, 927, 932, 937, 942, 947, 952, 958, 965, 976, 985, 991, 998, 1007, 1017, 1028, 1037, 1049, 1060, 1070, 1082, 1097]
[0, 1017, 950, 1011, 1004, 994, 987, 981, 916, 977, 967, 903, 963, 958, 0, 0, 0, 0, 489, 488, 483, 483, 486, 488, 474, 477, 481, 489, 0, 0, 893, 895, 896, 899, 901, 905, 909, 912, 915, 921, 926, 937, 941, 946, 950, 955, 962, 970, 980, 990, 996, 1003, 1011, 1022, 1033, 1044, 1055, 1065, 1076, 1089, 1103]
[0, 1019, 1011, 1005, 999, 994, 989, 982, 977, 972, 967, 962, 959, 956, 0, 0, 0, 496, 488, 487, 484, 483, 485, 487, 491, 500, 515, 0, 952, 0, 955, 958, 965, 899, 968, 976, 981, 987, 991, 995, 1000, 1003, 1008, 1014, 1020, 1027, 1036, 1044, 1052, 1062, 1070, 1078, 1089, 1101, 1112, 1124, 1136, 1149, 1162, 1175, 1189]
[0, 1021, 1014, 1006, 1000, 995, 990, 985, 979, 974, 968, 963, 959, 955, 0, 0, 0, 0, 487, 485, 485, 484, 486, 487, 490, 499, 512, 0, 954, 955, 958, 960, 0, 968, 968, 975, 981, 986, 991, 990, 995, 1003, 1008, 1014, 1019, 1027, 1034, 1044, 1052, 1062, 1072, 1078, 1092, 1103, 1114, 1126, 1138, 1151, 1166, 1180, 1197]
[0, 1057, 1050, 1043, 1037, 1031, 1026, 985, 1020, 1015, 1010, 1007, 1002, 1000, 998, 996, 0, 0, 499, 495, 494, 495, 498, 487, 490, 499, 509, 0, 953, 955, 958, 960, 963, 965, 969, 975, 980, 985, 990, 994, 999, 1003, 1008, 1014, 1014, 1027, 1035, 1044, 1052, 1062, 1072, 1081, 1092, 1103, 1115, 1127, 1138, 1152, 1166, 1166, 1197]
[0, 1060, 1053, 1046, 1039, 1032, 1027, 1023, 1017, 1011, 1007, 1003, 999, 998, 996, 996, 0, 0, 504, 496, 491, 493, 496, 502, 513, 499, 0, 993, 995, 998, 1001, 1004, 1005, 1007, 1010, 1014, 1018, 1022, 1026, 1031, 1039, 1044, 1048, 1054, 1062, 1069, 1079, 1088, 1096, 1108, 1119, 1130, 1142, 1151, 1161, 1171, 1185, 1202, 1219, 1236, 1250]
[0, 1063, 1057, 1049, 1041, 1034, 1029, 1024, 1018, 1012, 1008, 1004, 1002, 1000, 997, 996, 0, 0, 500, 497, 495, 0, 497, 499, 510, 499, 0, 992, 993, 996, 1000, 1001, 1003, 1006, 1009, 1012, 1017, 1021, 1025, 1029, 1036, 1042, 1047, 1051, 1057, 1067, 1075, 1084, 1095, 1107, 1120, 1132, 1141, 1150, 1158, 1168, 1181, 1195, 1213, 1229, 1245]
[0, 1060, 1052, 1045, 1038, 1032, 1027, 1021, 1017, 1011, 1006, 1003, 1000, 998, 995, 996, 0, 0, 503, 494, 491, 493, 496, 503, 516, 0, 991, 993, 995, 998, 1002, 1004, 1006, 1009, 1012, 1015, 1019, 1023, 1028, 1032, 1038, 1044, 1051, 1051, 1059, 1071, 1081, 1084, 1091, 1103, 1115, 1124, 1134, 1145, 1156, 1165, 1176, 1189, 1205, 1224, 1240]
[0, 1074, 1066, 1059, 1054, 1049, 1041, 1034, 1031, 1027, 1022, 1018, 1015, 998, 1013, 1010, 0, 0, 0, 500, 496, 497, 503, 510, 512, 0, 0, 994, 995, 999, 1001, 1004, 1006, 1007, 1010, 1014, 1018, 1022, 1026, 1032, 1038, 1044, 1049, 1055, 1062, 1072, 1081, 1088, 1097, 1108, 1122, 1134, 1142, 1152, 1161, 1171, 1186, 1203, 1219, 1235, 1250]
[0, 1123, 1116, 1109, 1101, 1093, 1088, 1082, 1076, 1071, 1067, 1064, 1061, 1057, 1054, 1051, 1050, 1049, 0, 500, 0, 497, 503, 510, 512, 0, 0, 1005, 0, 1012, 1014, 1017, 1020, 1023, 1027, 1031, 1037, 1044, 1048, 1051, 1055, 1061, 1066, 1072, 1081, 1091, 1098, 1107, 1120, 1130, 1138, 1150, 1163, 1174, 1181, 1193, 1212, 1227, 1241, 1258, 1272]
[0, 1121, 1113, 1105, 1098, 1091, 1085, 1080, 1076, 1075, 1070, 1065, 1062, 1059, 1056, 1052, 1050, 1049, 1048, 500, 0, 497, 1043, 1049, 1051, 1053, 1055, 0, 0, 1058, 1060, 1064, 1068, 1070, 1073, 1078, 1084, 1087, 1091, 1097, 1103, 1108, 1113, 1120, 1127, 1135, 1144, 1154, 1162, 1171, 1180, 1191, 1203, 1214, 1224, 1236, 1248, 1260, 1271, 1283, 1295]
[0, 1141, 1133, 1125, 1118, 1109, 1103, 1098, 1091, 1085, 1082, 1078, 1074, 1071, 1068, 1066, 1064, 1063, 1048, 1060, 1059, 497, 1043, 1044, 1049, 0, 1053, 1056, 0, 1057, 1060, 1065, 1067, 1070, 1073, 1077, 1083, 1089, 1093, 1100, 1104, 1108, 1115, 1122, 1131, 1138, 1147, 1157, 1165, 1172, 1182, 1193, 1205, 1217, 1228, 1241, 1252, 1262, 1272, 1282, 1297]
[0, 1146, 1137, 1128, 1120, 1113, 1107, 1100, 1093, 1087, 1082, 1079, 1076, 1072, 1068, 1067, 1065, 1063, 1062, 1060, 1061, 497, 1062, 1066, 1068, 1069, 0, 1071, 0, 1075, 1076, 1065, 1081, 1086, 1090, 1096, 1101, 1103, 1106, 1111, 1117, 1123, 1130, 1136, 1142, 1151, 1161, 1167, 1175, 1183, 1193, 1206, 1216, 1221, 1228, 1238, 1248, 1259, 1270, 1281, 1291]
[0, 1155, 1149, 1142, 1134, 1128, 1107, 1121, 1116, 1112, 1104, 1099, 1096, 1092, 1090, 1090, 1087, 1085, 1084, 1081, 1080, 1080, 1061, 1065, 1067, 1069, 1069, 1068, 1073, 1077, 1078, 1082, 1085, 1088, 1094, 1099, 1102, 1105, 1110, 1117, 1123, 1127, 1133, 1141, 1148, 1157, 1165, 1172, 1180, 1190, 1200, 1212, 1220, 1226, 1235, 1246, 1256, 1265, 1276, 1286, 1299]
[0, 1171, 1149, 1165, 1153, 1147, 1107, 1140, 1136, 1131, 1124, 1120, 1118, 1114, 1110, 1106, 1104, 1102, 1103, 1100, 1098, 1099, 1081, 1082, 1083, 1086, 1086, 1089, 1094, 1094, 1096, 1100, 1103, 1106, 1112, 1116, 1120, 1123, 1129, 1135, 1139, 1145, 1153, 1160, 1164, 1168, 1172, 1177, 1183, 1191, 1198, 1206, 1215, 1225, 1233, 1241, 1252, 1262, 1271, 1282, 1296]
[0, 1178, 1172, 1164, 1158, 1152, 1145, 1138, 1134, 1128, 1122, 1120, 1115, 1111, 1109, 1106, 1104, 1105, 1105, 1103, 1101, 1099, 1099, 1099, 1099, 1101, 1103, 1105, 1109, 1113, 1115, 1116, 1120, 1123, 1127, 1131, 1133, 1137, 1141, 1146, 1148, 1148, 1150, 1156, 1159, 1162, 1170, 1177, 1183, 1190, 1197, 1205, 1214, 1222, 1231, 1239, 1249, 1261, 1270, 1280, 1294]
[0, 1210, 1172, 1203, 1195, 1188, 1180, 1173, 1168, 1166, 1161, 1157, 1155, 1155, 1150, 1145, 1141, 1138, 1137, 1136, 1135, 1134, 1100, 1099, 1100, 1103, 1103, 1104, 1109, 1114, 1115, 1117, 1120, 1124, 1128, 1130, 1133, 1137, 1141, 1146, 1149, 1149, 1151, 1155, 1160, 1165, 1173, 1179, 1183, 1189, 1198, 1208, 1217, 1225, 1235, 1245, 1255, 1265, 1275, 1286, 1297]
[0, 1225, 1220, 1213, 1204, 1195, 1187, 1180, 1176, 1174, 1171, 1167, 1164, 1161, 1157, 1145, 1151, 1138, 1146, 1146, 1135, 1146, 1141, 1135, 1134, 1134, 1134, 1131, 1128, 1126, 1126, 1128, 1127, 1127, 1130, 1130, 1132, 1137, 1141, 1141, 1143, 1147, 1150, 1156, 1159, 1162, 1170, 1176, 1183, 1190, 1196, 1204, 1213, 1221, 1230, 1239, 1249, 1260, 1270, 1280, 1291]
[0, 1227, 1221, 1215, 1206, 1199, 1191, 1184, 1178, 1175, 1172, 1168, 1165, 1162, 1159, 1155, 1153, 1152, 1150, 1147, 1145, 1142, 1141, 1135, 1133, 1132, 1130, 1128, 1128, 1128, 1129, 1128, 1129, 1129, 1128, 1130, 1133, 1135, 1137, 1140, 1141, 1143, 1148, 1152, 1156, 1159, 1165, 1172, 1179, 1185, 1192, 1199, 1207, 1218, 1227, 1236, 1248, 1259, 1266, 1274, 1287]
[0, 1228, 1221, 1215, 1207, 1199, 1191, 1183, 1178, 1175, 1172, 1168, 1166, 1163, 1159, 1157, 1154, 1152, 1150, 1147, 1145, 1143, 1142, 1138, 1131, 1129, 1130, 1128, 1127, 1127, 1127, 1127, 1129, 1128, 1128, 1130, 1133, 1136, 1140, 1141, 1143, 1147, 1148, 1154, 1159, 1166, 1165, 1171, 1175, 1184, 1190, 1205, 1207, 1215, 1225, 1234, 1243, 1251, 1262, 1273, 1285]
[0, 1228, 1222, 1214, 1207, 1198, 1189, 1183, 1178, 1173, 1172, 1169, 1166, 1163, 1159, 1156, 1154, 1152, 1149, 1146, 1145, 1141, 1142, 1138, 1131, 1129, 1129, 1128, 1127, 1127, 1127, 1127, 1129, 1128, 1128, 1131, 1133, 1137, 1140, 1141, 1142, 1147, 1151, 1155, 1160, 1166, 1172, 1176, 1183, 1189, 1196, 1206, 1207, 1216, 1234, 1234, 1251, 1263, 1274, 1273, 1284]
[0, 1281, 1270, 1258, 1247, 1238, 1229, 1219, 1178, 1209, 1199, 1191, 1184, 1178, 1172, 1165, 1160, 1155, 1149, 1145, 1142, 1139, 1136, 1135, 1133, 1129, 1129, 1128, 1128, 1127, 1127, 1127, 1127, 1127, 1127, 1129, 1132, 1136, 1137, 1139, 1141, 1144, 1148, 1152, 1155, 1159, 1163, 1170, 1179, 1184, 1191, 1198, 1206, 1217, 1228, 1237, 1247, 1256, 1264, 1274, 1287]
[0, 1284, 1272, 1262, 1252, 1241, 1232, 1223, 1214, 1204, 1194, 1186, 1179, 1173, 1167, 1158, 1153, 1150, 1149, 1146, 1144, 1141, 1137, 1136, 1133, 1129, 1128, 1128, 1127, 1124, 1122, 1126, 1127, 1127, 1126, 1126, 1128, 1131, 1136, 1139, 1140, 1141, 1145, 1150, 1153, 1157, 1165, 1173, 1180, 1183, 1190, 1199, 1207, 1216, 1227, 1236, 1245, 1256, 1265, 1275, 1288]
[0, 1288, 1275, 1264, 1256, 1246, 1234, 1223, 1214, 1206, 1197, 1188, 1181, 1175, 1167, 1162, 1157, 1153, 1150, 1145, 1143, 1141, 1138, 1136, 1133, 1131, 1129, 1127, 1126, 1125, 1126, 1126, 1124, 1126, 1128, 1129, 1130, 1132, 1135, 1138, 1139, 1143, 1146, 1149, 1155, 1161, 1166, 1171, 1177, 1186, 1193, 1198, 1206, 1216, 1224, 1234, 1245, 1258, 1267, 1275, 1289]
[0, 1289, 1276, 1266, 1259, 1247, 1235, 1225, 1215, 1207, 1198, 1188, 1182, 1177, 1168, 1163, 1157, 1152, 1150, 1146, 1144, 1140, 1138, 1134, 1131, 1129, 1129, 1128, 1124, 1124, 1125, 1126, 1127, 1126, 1127, 1129, 1132, 1132, 1134, 1137, 1139, 1141, 1144, 1150, 1154, 1157, 1161, 1166, 1174, 1182, 1190, 1196, 1204, 1214, 1222, 1234, 1244, 1252, 1263, 1274, 1286]
[0, 1281, 1269, 1257, 1259, 1238, 1235, 1229, 1219, 1208, 1199, 1190, 1182, 1177, 1171, 1164, 1159, 1155, 1150, 1145, 1141, 1139, 1136, 1134, 1131, 1129, 1129, 1127, 1126, 1126, 1126, 1127, 1127, 1127, 1128, 1130, 1133, 1136, 1137, 1139, 1142, 1145, 1149, 1150, 1153, 1157, 1160, 1166, 1174, 1180, 1188, 1195, 1203, 1213, 1222, 1233, 1242, 1252, 1262, 1270, 1283]
[0, 1286, 1274, 1265, 1253, 1242, 1233, 1223, 1212, 1202, 1195, 1188, 1181, 1174, 1165, 1157, 1154, 1152, 1148, 1144, 1140, 1138, 1134, 1133, 1132, 1129, 1128, 1127, 1126, 1123, 1120, 1121, 1124, 1126, 1126, 1127, 1128, 1131, 1135, 1138, 1140, 1141, 1144, 1147, 1152, 1158, 1165, 1173, 1181, 1188, 1193, 1197, 1206, 1216, 1225, 1236, 1244, 1255, 1266, 1280, 1295]
[0, 1283, 1270, 1258, 1247, 1237, 1230, 1221, 1209, 1201, 1191, 1183, 1178, 1172, 1165, 1157, 1158, 1152, 1150, 1146, 1142, 1140, 1137, 1131, 1129, 1130, 1128, 1128, 1127, 1125, 1121, 1123, 1126, 1126, 1127, 1128, 1130, 1130, 1133, 1136, 1138, 1143, 1147, 1149, 1151, 1157, 1163, 1168, 1175, 1184, 1189, 1195, 1203, 1211, 1223, 1233, 1241, 1250, 1261, 1272, 1284]
[0, 1286, 1274, 1265, 1253, 1242, 1233, 1223, 1212, 1203, 1196, 1188, 1181, 1175, 1165, 1159, 1156, 1151, 1148, 1144, 1140, 1138, 1137, 1132, 1131, 1130, 1127, 1124, 1124, 1125, 1125, 1124, 1123, 1125, 1126, 1127, 1128, 1130, 1134, 1137, 1139, 1140, 1144, 1149, 1154, 1159, 1164, 1171, 1177, 1183, 1190, 1196, 1204, 1215, 1225, 1236, 1245, 1255, 1265, 1276, 1288]
[0, 1283, 1271, 1260, 1250, 1240, 1231, 1219, 1208, 1200, 1193, 1186, 1179, 1173, 1166, 1159, 1154, 1150, 1146, 1143, 1140, 1138, 1136, 1130, 1129, 1129, 1127, 1127, 1124, 1125, 1122, 1123, 1125, 1125, 1126, 1126, 1127, 1129, 1131, 1134, 1138, 1142, 1144, 1146, 1152, 1157, 1163, 1167, 1172, 1180, 1190, 1195, 1200, 1210, 1222, 1233, 1241, 1251, 1261, 1272, 1284]
[0, 1287, 1276, 1264, 1252, 1243, 1233, 1221, 1212, 1206, 1197, 1188, 1181, 1176, 1168, 1162, 1156, 1151, 1149, 1143, 1139, 1137, 1136, 1135, 1132, 1129, 1125, 1122, 1123, 1123, 1122, 1123, 1124, 1123, 1125, 1126, 1127, 1129, 1131, 1135, 1139, 1141, 1144, 1147, 1151, 1155, 1159, 1165, 1174, 1182, 1187, 1192, 1200, 1210, 1222, 1231, 1240, 1251, 1261, 1271, 1283]
[0, 1277, 1266, 1264, 1254, 1243, 1235, 1225, 1213, 1205, 1198, 1190, 1183, 1176, 1167, 1161, 1159, 1155, 1149, 1144, 1141, 1138, 1134, 1132, 1130, 1129, 1126, 1123, 1123, 1124, 1121, 1121, 1122, 1122, 1123, 1127, 1129, 1128, 1130, 1133, 1137, 1140, 1146, 1150, 1152, 1158, 1164, 1165, 1176, 1182, 1190, 1192, 1206, 1210, 1224, 1231, 1234, 1244, 1255, 1266, 1277]
[0, 1288, 1276, 1264, 1252, 1242, 1234, 1222, 1212, 1204, 1197, 1189, 1182, 1174, 1167, 1163, 1158, 1153, 1148, 1144, 1140, 1136, 1135, 1132, 1129, 1128, 1127, 1124, 1123, 1122, 1121, 1121, 1123, 1124, 1125, 1126, 1127, 1130, 1132, 1135, 1138, 1140, 1143, 1148, 1153, 1158, 1160, 1165, 1174, 1182, 1189, 1195, 1202, 1208, 1221, 1235, 1242, 1253, 1265, 1275, 1288]
[0, 1287, 1275, 1264, 1252, 1242, 1233, 1222, 1212, 1204, 1196, 1188, 1181, 1173, 1164, 1160, 1157, 1152, 1147, 1143, 1139, 1136, 1134, 1132, 1130, 1128, 1125, 1123, 1121, 1120, 1120, 1120, 1122, 1124, 1124, 1125, 1127, 1130, 1131, 1135, 1139, 1141, 1143, 1147, 1152, 1156, 1159, 1165, 1174, 1182, 1189, 1196, 1201, 1212, 1224, 1235, 1244, 1254, 1265, 1276, 1288]
[0, 1277, 1266, 1264, 1254, 1242, 1235, 1224, 1212, 1203, 1197, 1189, 1182, 1176, 1168, 1160, 1158, 1152, 1146, 1143, 1141, 1136, 1134, 1131, 1129, 1127, 1126, 1123, 1123, 1122, 1120, 1120, 1122, 1124, 1124, 1125, 1126, 1129, 1131, 1134, 1138, 1140, 1144, 1147, 1152, 1157, 1160, 1165, 1174, 1181, 1189, 1195, 1202, 1208, 1220, 1231, 1239, 1251, 1263, 1275, 1287]
[0, 1281, 1270, 1259, 1247, 1235, 1228, 1219, 1209, 1201, 1191, 1182, 1174, 1166, 1160, 1159, 1156, 1149, 1143, 1141, 1139, 1134, 1133, 1131, 1130, 1129, 1126, 1124, 1122, 1123, 1122, 1121, 1122, 1124, 1123, 1126, 1127, 1127, 1129, 1132, 1136, 1140, 1142, 1146, 1151, 1156, 1159, 1165, 1171, 1177, 1185, 1192, 1200, 1210, 1221, 1231, 1240, 1254, 1269, 1283, 1297]
[0, 1276, 1265, 1259, 1242, 1234, 1228, 1224, 1212, 1203, 1196, 1186, 1179, 1175, 1167, 1159, 1157, 1151, 1146, 1141, 1138, 1137, 1131, 1131, 1130, 1128, 1126, 1122, 1123, 1122, 1120, 1121, 1122, 1122, 1123, 1124, 1125, 1127, 1130, 1134, 1138, 1140, 1143, 1148, 1153, 1160, 1167, 1172, 1181, 1189, 1201, 1212, 1221, 1230, 1240, 1250, 1257, 1266, 1278, 1291, 1305]
[0, 1276, 1265, 1254, 1244, 1235, 1224, 1212, 1201, 1203, 1186, 1186, 1181, 1173, 1164, 1161, 1158, 1152, 1147, 1141, 1138, 1135, 1134, 1131, 1128, 1126, 1125, 1123, 1120, 1119, 1120, 1120, 1119, 1121, 1124, 1123, 1124, 1128, 1130, 1131, 1133, 1137, 1142, 1146, 1151, 1159, 1167, 1174, 1181, 1189, 1198, 1207, 1216, 1226, 1236, 1246, 1254, 1263, 1273, 1284, 1299]
[0, 1276, 1266, 1258, 1246, 1235, 1224, 1214, 1206, 1197, 1190, 1185, 1178, 1167, 1160, 1157, 1153, 1149, 1146, 1144, 1141, 1139, 1134, 1133, 1128, 1126, 1126, 1126, 1125, 1126, 1129, 1130, 1133, 1134, 1133, 1134, 1137, 1140, 1142, 1144, 1146, 1151, 1157, 1160, 1165, 1171, 1176, 1181, 1187, 1194, 1204, 1211, 1216, 1226, 1235, 1245, 1252, 1262, 1274, 1286, 1298]
[0, 1275, 1266, 1255, 1244, 1234, 1223, 1214, 1203, 1194, 1188, 1182, 1178, 1173, 1164, 1160, 1156, 1151, 1149, 1147, 1144, 1141, 1139, 1141, 1128, 1139, 1133, 1126, 1133, 1133, 1133, 1134, 1134, 1134, 1135, 1137, 1137, 1139, 1143, 1146, 1147, 1150, 1152, 1156, 1163, 1169, 1174, 1181, 1187, 1192, 1200, 1209, 1217, 1223, 1231, 1243, 1252, 1260, 1269, 1281, 1294]
[0, 1277, 1267, 1258, 1246, 1234, 1225, 1216, 1205, 1197, 1192, 1183, 1175, 1171, 1170, 1168, 1165, 1162, 1159, 1155, 1150, 1148, 1141, 1141, 1140, 1138, 1135, 1133, 1134, 1133, 1132, 1132, 1134, 1134, 1135, 1136, 1137, 1140, 1142, 1145, 1147, 1151, 1156, 1160, 1165, 1171, 1176, 1182, 1188, 1194, 1201, 1208, 1216, 1225, 1235, 1244, 1252, 1261, 1272, 1284, 1298]
[0, 1275, 1263, 1252, 1244, 1234, 1224, 1214, 1206, 1200, 1193, 1187, 1183, 1174, 1172, 1174, 1165, 1169, 1164, 1159, 1153, 1150, 1147, 1143, 1141, 1138, 1137, 1135, 1133, 1132, 1133, 1134, 1134, 1133, 1134, 1134, 1137, 1143, 1145, 1147, 1149, 1153, 1158, 1162, 1167, 1171, 1176, 1178, 1186, 1198, 1205, 1212, 1221, 1225, 1241, 1249, 1256, 1266, 1279, 1291, 1303]
[0, 1280, 1268, 1258, 1249, 1239, 1229, 1221, 1212, 1204, 1196, 1191, 1186, 1185, 1183, 1177, 1171, 1166, 1161, 1155, 1152, 1149, 1147, 1144, 1141, 1139, 1135, 1134, 1135, 1133, 1132, 1132, 1134, 1133, 1135, 1136, 1137, 1139, 1142, 1145, 1147, 1150, 1160, 1164, 1162, 1168, 1175, 1181, 1187, 1194, 1201, 1208, 1216, 1225, 1235, 1244, 1252, 1259, 1271, 1285, 1296]
[0, 1279, 1267, 1257, 1249, 1238, 1228, 1221, 1212, 1204, 1196, 1191, 1186, 1184, 1183, 1176, 1170, 1166, 1161, 1155, 1152, 1148, 1145, 1144, 1141, 1141, 1139, 1135, 1134, 1132, 1133, 1134, 1132, 1135, 1137, 1136, 1139, 1142, 1144, 1146, 1148, 1152, 1158, 1162, 1167, 1172, 1179, 1184, 1191, 1198, 1204, 1212, 1221, 1230, 1240, 1250, 1256, 1266, 1278, 1290, 1303]
[0, 1280, 1269, 1258, 1249, 1239, 1230, 1221, 1212, 1204, 1196, 1189, 1185, 1185, 1183, 1178, 1171, 1165, 1161, 1158, 1154, 1150, 1145, 1143, 1141, 1141, 1139, 1135, 1134, 1132, 1133, 1134, 1132, 1134, 1137, 1136, 1139, 1142, 1144, 1146, 1148, 1152, 1157, 1162, 1167, 1172, 1178, 1184, 1190, 1199, 1206, 1212, 1221, 1230, 1240, 1250, 1256, 1266, 1278, 1290, 1303]
[0, 1295, 1283, 1272, 1262, 1252, 1241, 1231, 1222, 1214, 1208, 1200, 1194, 1188, 1192, 1185, 1169, 1164, 1159, 1154, 1149, 1147, 1147, 1144, 1143, 1142, 1138, 1134, 1132, 1134, 1134, 1133, 1133, 1134, 1136, 1139, 1140, 1142, 1144, 1146, 1149, 1151, 1156, 1161, 1165, 1169, 1174, 1182, 1188, 1193, 1199, 1207, 1216, 1226, 1236, 1246, 1253, 1262, 1272, 1284, 1298]
[0, 1301, 1288, 1276, 1266, 1256, 1246, 1237, 1227, 1218, 1211, 1204, 1196, 1189, 1182, 1177, 1170, 1165, 1160, 1157, 1153, 1148, 1146, 1143, 1139, 1137, 1136, 1133, 1132, 1133, 1130, 1133, 1133, 1134, 1134, 1138, 1140, 1143, 1144, 1146, 1146, 1149, 1153, 1158, 1162, 1168, 1173, 1179, 1185, 1192, 1198, 1206, 1214, 1221, 1230, 1241, 1250, 1258, 1268, 1280, 1293]
[0, 1298, 1284, 1272, 1261, 1252, 1243, 1232, 1222, 1215, 1209, 1203, 1196, 1187, 1179, 1171, 1166, 1162, 1159, 1154, 1150, 1145, 1146, 1144, 1142, 1141, 1138, 1133, 1133, 1133, 1134, 1133, 1134, 1133, 1135, 1138, 1139, 1141, 1143, 1145, 1149, 1152, 1157, 1160, 1164, 1170, 1176, 1182, 1188, 1195, 1203, 1210, 1217, 1227, 1237, 1246, 1254, 1262, 1274, 1287, 1300]
[0, 1292, 1279, 1268, 1258, 1249, 1240, 1228, 1222, 1213, 1209, 1206, 1200, 1191, 1183, 1178, 1173, 1167, 1163, 1158, 1152, 1151, 1144, 1143, 1141, 1139, 1135, 1134, 1133, 1132, 1130, 1130, 1134, 1134, 1135, 1137, 1140, 1142, 1144, 1146, 1149, 1152, 1152, 1157, 1162, 1167, 1171, 1177, 1184, 1191, 1198, 1205, 1212, 1221, 1230, 1240, 1249, 1257, 1268, 1280, 1293]
[0, 1302, 1289, 1275, 1265, 1256, 1247, 1239, 1228, 1218, 1210, 1202, 1196, 1188, 1182, 1178, 1172, 1165, 1161, 1157, 1153, 1150, 1148, 1144, 1142, 1139, 1138, 1136, 1133, 1133, 1132, 1131, 1131, 1133, 1133, 1134, 1137, 1138, 1140, 1144, 1146, 1151, 1155, 1159, 1162, 1167, 1174, 1181, 1188, 1194, 1201, 1207, 1213, 1222, 1234, 1244, 1252, 1261, 1273, 1284, 1296]
[0, 1297, 1286, 1273, 1261, 1252, 1243, 1235, 1226, 1215, 1209, 1203, 1195, 1187, 1183, 1172, 1163, 1162, 1159, 1155, 1151, 1150, 1147, 1143, 1142, 1141, 1138, 1134, 1132, 1132, 1133, 1132, 1132, 1133, 1135, 1138, 1139, 1141, 1143, 1146, 1149, 1152, 1156, 1160, 1164, 1170, 1176, 1182, 1192, 1199, 1203, 1209, 1216, 1226, 1236, 1245, 1253, 1263, 1274, 1289, 1302]
[0, 1295, 1283, 1270, 1259, 1252, 1241, 1231, 1222, 1214, 1207, 1200, 1191, 1185, 1179, 1173, 1168, 1163, 1158, 1154, 1150, 1150, 1148, 1143, 1141, 1139, 1137, 1135, 1133, 1132, 1133, 1134, 1135, 1136, 1136, 1137, 1139, 1142, 1144, 1146, 1148, 1152, 1157, 1162, 1164, 1169, 1178, 1184, 1190, 1197, 1204, 1212, 1218, 1227, 1239, 1249, 1255, 1265, 1277, 1290, 1303]
