[0, 0, 0, 0, 0, 0, 0, 0, 0, 0, 0, 0, 0, 0, 0, 0, 0, 0, 0, 0, 0, 0, 0, 0, 0, 0, 0, 0, 0, 0, 0, 0, 0, 0, 0, 0, 0, 0, 0, 0, 0, 0, 0, 0, 0, 0, 0, 0, 0, 0, 0, 0, 0, 0, 0, 0, 0, 0, 0, 0, 0]
[0, 518, 513, 509, 506, 504, 502, 498, 495, 492, 489, 486, 484, 483, 480, 478, 477, 476, 475, 473, 472, 472, 471, 471, 470, 471, 470, 470, 470, 470, 470, 465, 456, 449, 444, 442, 443, 447, 452, 457, 0, 469, 0, 487, 490, 493, 495, 498, 502, 507, 510, 513, 518, 522, 525, 530, 537, 543, 549, 554, 555]
[0, 520, 516, 511, 507, 504, 500, 497, 493, 490, 489, 487, 484, 483, 482, 480, 477, 476, 475, 474, 473, 472, 471, 470, 470, 471, 470, 471, 470, 470, 471, 465, 454, 445, 442, 443, 446, 450, 452, 454, 460, 469, 0, 487, 492, 495, 0, 497, 500, 504, 508, 512, 516, 519, 523, 529, 534, 540, 545, 551, 556]
[0, 517, 513, 509, 507, 506, 502, 498, 496, 493, 489, 486, 484, 483, 481, 479, 477, 476, 475, 473, 471, 471, 471, 471, 470, 471, 470, 470, 470, 470, 470, 465, 456, 449, 444, 442, 443, 447, 452, 457, 460, 469, 0, 487, 490, 493, 496, 498, 502, 507, 510, 513, 518, 522, 526, 532, 537, 542, 548, 555, 560]
[0, 518, 514, 510, 507, 506, 502, 497, 495, 492, 489, 486, 485, 483, 481, 479, 476, 475, 475, 474, 471, 472, 471, 472, 471, 470, 470, 470, 470, 470, 471, 465, 453, 445, 442, 442, 445, 449, 452, 454, 459, 469, 0, 488, 492, 495, 0, 497, 500, 508, 510, 511, 514, 519, 523, 529, 534, 539, 544, 549, 555]
[0, 520, 515, 511, 507, 503, 500, 497, 493, 492, 490, 484, 485, 482, 481, 479, 477, 476, 475, 473, 473, 473, 472, 470, 471, 470, 470, 471, 470, 469, 469, 464, 453, 445, 441, 442, 445, 451, 452, 456, 460, 478, 0, 485, 489, 492, 495, 497, 500, 505, 509, 512, 515, 520, 525, 530, 534, 538, 544, 551, 557]
[0, 517, 515, 509, 507, 506, 502, 498, 495, 492, 489, 486, 484, 483, 481, 479, 477, 476, 475, 475, 474, 472, 472, 472, 470, 470, 470, 470, 470, 470, 470, 465, 454, 447, 443, 442, 444, 447, 453, 458, 460, 478, 0, 487, 490, 492, 495, 498, 502, 507, 510, 513, 518, 523, 525, 527, 537, 543, 544, 549, 555]
[0, 517, 516, 511, 509, 506, 502, 498, 494, 490, 488, 486, 484, 482, 480, 479, 477, 476, 475, 475, 474, 472, 471, 470, 471, 470, 469, 470, 470, 469, 469, 464, 453, 447, 441, 442, 444, 445, 450, 455, 460, 467, 478, 485, 489, 492, 495, 498, 501, 505, 509, 512, 515, 520, 525, 530, 535, 540, 546, 552, 558]
[0, 520, 516, 512, 509, 505, 502, 499, 494, 491, 488, 486, 484, 482, 480, 477, 477, 476, 475, 473, 473, 472, 471, 470, 470, 470, 469, 469, 469, 469, 469, 463, 453, 453, 444, 441, 442, 446, 455, 455, 460, 469, 480, 486, 489, 492, 495, 498, 501, 505, 509, 512, 515, 521, 525, 530, 535, 540, 546, 552, 558]
[0, 520, 516, 511, 507, 503, 500, 497, 493, 490, 488, 486, 485, 483, 482, 480, 478, 477, 475, 474, 473, 472, 472, 470, 470, 470, 470, 469, 469, 470, 467, 462, 453, 445, 444, 441, 442, 446, 451, 456, 460, 469, 0, 487, 490, 493, 495, 498, 501, 506, 509, 513, 518, 522, 525, 530, 536, 541, 548, 553, 558]
[0, 526, 522, 517, 514, 510, 507, 497, 500, 498, 488, 493, 485, 489, 487, 486, 484, 483, 482, 481, 480, 479, 478, 478, 470, 471, 470, 470, 469, 470, 465, 462, 456, 449, 443, 442, 443, 447, 452, 457, 460, 469, 0, 487, 490, 493, 496, 498, 502, 507, 511, 514, 518, 523, 528, 532, 538, 545, 550, 553, 562]
[0, 526, 522, 517, 513, 510, 507, 507, 503, 500, 497, 495, 492, 489, 487, 485, 484, 483, 482, 481, 480, 479, 478, 478, 478, 478, 478, 470, 478, 467, 465, 0, 444, 441, 438, 439, 442, 447, 452, 458, 463, 469, 0, 0, 499, 503, 506, 509, 513, 516, 520, 524, 528, 532, 537, 542, 548, 554, 560, 565, 571]
[0, 525, 522, 520, 512, 509, 507, 506, 503, 499, 496, 494, 492, 490, 487, 486, 485, 483, 482, 480, 480, 479, 479, 478, 478, 478, 478, 478, 478, 473, 466, 0, 444, 441, 438, 439, 442, 447, 452, 457, 462, 469, 0, 0, 499, 502, 506, 509, 512, 515, 519, 523, 528, 532, 537, 542, 548, 553, 559, 565, 571]
[0, 524, 522, 520, 516, 512, 509, 506, 502, 499, 496, 494, 491, 489, 487, 485, 484, 482, 482, 482, 480, 479, 479, 479, 478, 478, 479, 478, 476, 470, 464, 459, 449, 441, 438, 439, 443, 448, 453, 458, 463, 469, 0, 0, 500, 503, 506, 510, 513, 517, 520, 524, 529, 534, 539, 543, 548, 554, 559, 559, 572]
[0, 524, 522, 520, 516, 512, 509, 506, 502, 499, 496, 494, 491, 489, 487, 485, 484, 482, 481, 481, 480, 479, 479, 478, 478, 478, 478, 478, 475, 469, 463, 460, 0, 441, 438, 439, 443, 448, 448, 459, 463, 465, 0, 0, 501, 504, 508, 511, 513, 518, 520, 522, 525, 535, 539, 540, 545, 550, 555, 561, 567]
[0, 526, 522, 517, 515, 512, 507, 506, 500, 499, 497, 495, 493, 491, 489, 487, 485, 483, 482, 482, 482, 480, 480, 480, 478, 478, 478, 478, 474, 469, 464, 460, 0, 441, 438, 439, 443, 448, 453, 458, 464, 465, 0, 0, 500, 503, 507, 0, 511, 517, 520, 525, 530, 535, 539, 540, 544, 550, 555, 561, 567]
[0, 529, 525, 521, 518, 513, 509, 507, 504, 500, 497, 495, 493, 491, 489, 489, 488, 486, 485, 484, 484, 483, 482, 482, 479, 479, 479, 474, 470, 469, 463, 452, 446, 440, 438, 439, 442, 446, 452, 457, 462, 465, 0, 0, 502, 505, 509, 511, 514, 519, 523, 526, 531, 536, 540, 545, 551, 556, 560, 567, 573]
[0, 527, 525, 519, 518, 515, 512, 508, 504, 501, 500, 497, 494, 491, 490, 487, 487, 486, 485, 484, 483, 482, 482, 482, 482, 482, 482, 476, 470, 469, 455, 452, 447, 440, 438, 438, 441, 445, 450, 456, 461, 465, 0, 0, 0, 507, 510, 512, 516, 520, 523, 527, 531, 536, 541, 546, 551, 557, 561, 567, 575]
[0, 529, 525, 521, 517, 513, 509, 506, 504, 501, 501, 497, 495, 493, 490, 489, 488, 486, 485, 483, 483, 483, 482, 482, 482, 481, 481, 480, 474, 469, 463, 457, 0, 440, 438, 438, 443, 447, 452, 457, 463, 465, 0, 0, 504, 507, 510, 513, 517, 521, 525, 529, 533, 536, 538, 543, 548, 559, 564, 567, 571]
[0, 531, 527, 524, 520, 516, 512, 510, 504, 507, 501, 497, 499, 496, 494, 492, 490, 490, 489, 487, 486, 486, 485, 485, 481, 482, 482, 476, 469, 462, 463, 454, 447, 440, 437, 438, 441, 445, 450, 456, 461, 465, 0, 0, 0, 507, 509, 512, 516, 520, 523, 527, 531, 536, 541, 546, 551, 557, 562, 568, 575]
[0, 534, 530, 526, 523, 520, 515, 512, 508, 505, 503, 501, 498, 496, 494, 492, 490, 490, 489, 488, 487, 487, 486, 486, 485, 485, 479, 471, 465, 462, 458, 454, 446, 437, 435, 437, 441, 445, 450, 456, 461, 467, 0, 0, 0, 511, 515, 518, 521, 524, 528, 533, 538, 542, 547, 552, 557, 563, 569, 575, 582]
[0, 541, 537, 533, 528, 524, 522, 519, 515, 512, 510, 507, 505, 503, 501, 499, 497, 490, 496, 495, 487, 494, 493, 492, 485, 485, 484, 476, 466, 464, 463, 0, 444, 437, 436, 437, 439, 447, 450, 452, 458, 464, 0, 0, 510, 511, 517, 0, 523, 527, 531, 535, 538, 545, 547, 550, 555, 560, 565, 572, 579]
[0, 539, 535, 530, 528, 526, 523, 520, 516, 513, 511, 508, 506, 504, 502, 500, 498, 497, 496, 495, 493, 493, 493, 492, 492, 488, 480, 473, 463, 459, 455, 445, 442, 439, 436, 434, 442, 447, 445, 457, 464, 464, 0, 0, 517, 520, 524, 527, 523, 535, 531, 543, 547, 552, 557, 562, 568, 560, 573, 586, 593]
[0, 543, 539, 535, 528, 527, 524, 520, 520, 518, 515, 512, 510, 508, 506, 503, 502, 500, 499, 498, 497, 497, 497, 492, 491, 488, 473, 473, 465, 465, 461, 452, 0, 433, 435, 437, 440, 443, 449, 455, 461, 464, 0, 0, 0, 519, 523, 525, 529, 532, 537, 541, 545, 549, 554, 559, 565, 572, 578, 583, 590]
[0, 543, 539, 535, 531, 527, 527, 524, 520, 517, 515, 512, 510, 508, 505, 503, 502, 500, 499, 498, 497, 497, 497, 496, 489, 480, 473, 465, 465, 464, 0, 454, 0, 431, 435, 437, 440, 443, 447, 453, 460, 464, 0, 0, 0, 523, 525, 529, 532, 536, 540, 544, 548, 553, 558, 563, 567, 573, 580, 587, 593]
[0, 550, 545, 541, 538, 534, 530, 527, 523, 520, 517, 515, 512, 510, 509, 507, 506, 504, 502, 501, 501, 500, 497, 500, 489, 480, 479, 472, 464, 463, 0, 455, 0, 433, 435, 437, 440, 443, 448, 453, 460, 464, 0, 0, 0, 523, 526, 529, 533, 536, 540, 545, 549, 554, 559, 563, 569, 574, 581, 588, 594]
[0, 554, 550, 546, 538, 543, 539, 535, 532, 529, 526, 524, 522, 520, 517, 515, 513, 512, 511, 510, 507, 0, 489, 500, 494, 484, 475, 468, 461, 455, 457, 455, 0, 0, 433, 436, 439, 443, 449, 454, 460, 468, 0, 0, 0, 528, 531, 534, 538, 542, 545, 550, 554, 559, 563, 570, 575, 581, 587, 593, 599]
[0, 558, 553, 550, 546, 542, 538, 534, 531, 528, 525, 523, 521, 519, 516, 515, 513, 511, 511, 510, 509, 506, 501, 494, 494, 478, 473, 465, 461, 0, 457, 0, 432, 434, 433, 436, 439, 442, 446, 452, 459, 468, 0, 0, 0, 535, 539, 542, 546, 550, 554, 558, 562, 567, 573, 578, 584, 589, 595, 602, 608]
[0, 561, 557, 555, 551, 546, 542, 538, 536, 533, 530, 527, 524, 522, 520, 518, 517, 515, 514, 511, 505, 506, 497, 490, 487, 479, 472, 464, 461, 0, 0, 0, 429, 430, 0, 436, 439, 442, 446, 454, 460, 468, 0, 0, 533, 536, 540, 543, 546, 550, 555, 559, 563, 568, 573, 579, 585, 591, 597, 603, 610]
[0, 561, 557, 554, 551, 546, 542, 538, 535, 532, 530, 527, 524, 522, 520, 517, 516, 515, 514, 512, 505, 506, 499, 492, 485, 480, 469, 464, 461, 0, 512, 0, 0, 430, 433, 436, 439, 443, 448, 453, 460, 469, 0, 530, 537, 540, 543, 547, 550, 554, 558, 562, 567, 572, 577, 583, 588, 594, 600, 607, 613]
[0, 573, 568, 564, 560, 557, 554, 550, 547, 544, 541, 538, 536, 534, 532, 517, 530, 529, 527, 526, 0, 495, 489, 485, 486, 481, 469, 464, 461, 0, 512, 0, 431, 0, 430, 433, 436, 438, 442, 447, 460, 470, 0, 530, 537, 540, 543, 546, 550, 554, 558, 562, 567, 572, 577, 584, 589, 594, 600, 607, 614]
[0, 577, 571, 566, 563, 560, 554, 554, 550, 548, 541, 545, 543, 540, 538, 537, 535, 533, 531, 529, 0, 489, 484, 485, 479, 481, 469, 0, 0, 524, 0, 0, 431, 431, 430, 434, 437, 440, 444, 450, 455, 470, 0, 548, 551, 554, 557, 561, 565, 568, 572, 577, 583, 588, 593, 598, 604, 610, 616, 624, 633]
[0, 577, 572, 568, 565, 561, 554, 558, 554, 551, 548, 546, 543, 540, 539, 537, 534, 533, 532, 527, 0, 492, 486, 485, 479, 0, 528, 528, 528, 529, 0, 0, 434, 432, 431, 435, 438, 441, 446, 451, 457, 464, 0, 548, 556, 559, 562, 566, 570, 568, 575, 585, 590, 595, 600, 598, 610, 616, 616, 624, 640]
[0, 581, 576, 572, 567, 563, 560, 556, 553, 550, 547, 545, 542, 540, 538, 536, 534, 533, 532, 527, 0, 494, 488, 485, 479, 0, 528, 528, 0, 529, 0, 0, 432, 431, 432, 435, 439, 441, 446, 451, 457, 464, 0, 548, 0, 557, 560, 562, 571, 568, 576, 581, 585, 590, 594, 599, 605, 611, 617, 624, 632]
[0, 589, 585, 581, 575, 571, 568, 564, 562, 550, 556, 554, 542, 551, 548, 546, 545, 543, 542, 536, 0, 494, 488, 0, 479, 0, 0, 0, 528, 529, 0, 431, 431, 431, 430, 433, 436, 444, 446, 449, 453, 464, 0, 553, 555, 558, 561, 565, 569, 573, 578, 583, 588, 592, 598, 603, 609, 614, 620, 628, 636]
[0, 589, 584, 580, 575, 575, 571, 567, 563, 560, 558, 556, 554, 551, 549, 546, 545, 543, 541, 0, 0, 494, 488, 0, 539, 539, 0, 0, 538, 529, 0, 430, 431, 429, 431, 435, 439, 442, 446, 451, 457, 464, 0, 553, 566, 558, 573, 0, 578, 583, 588, 596, 588, 606, 598, 611, 616, 622, 629, 637, 645]
[0, 599, 594, 590, 586, 582, 578, 573, 563, 570, 567, 564, 561, 559, 557, 556, 553, 552, 551, 0, 0, 497, 488, 0, 539, 538, 0, 0, 539, 529, 0, 431, 431, 430, 432, 435, 439, 443, 448, 453, 460, 467, 0, 556, 564, 567, 571, 574, 578, 583, 588, 592, 596, 601, 606, 612, 617, 624, 631, 639, 647]
[0, 597, 594, 593, 589, 585, 581, 577, 573, 569, 567, 564, 561, 559, 556, 555, 554, 552, 551, 0, 490, 497, 488, 0, 547, 548, 547, 0, 0, 529, 0, 431, 430, 430, 432, 435, 439, 443, 449, 455, 463, 469, 0, 556, 0, 577, 581, 585, 589, 593, 597, 601, 606, 611, 616, 622, 629, 635, 643, 650, 658]
[0, 600, 595, 590, 586, 582, 578, 574, 571, 567, 567, 564, 562, 559, 557, 556, 554, 552, 551, 0, 0, 497, 488, 0, 548, 547, 0, 0, 548, 529, 0, 432, 430, 430, 432, 436, 439, 443, 449, 456, 463, 470, 0, 565, 574, 578, 582, 585, 589, 593, 598, 602, 607, 611, 616, 622, 629, 636, 644, 651, 659]
[0, 613, 609, 606, 601, 597, 594, 590, 587, 584, 580, 577, 562, 572, 570, 556, 568, 566, 565, 564, 0, 497, 488, 0, 548, 548, 0, 0, 547, 529, 0, 431, 430, 430, 432, 435, 439, 443, 449, 455, 463, 469, 0, 565, 0, 577, 584, 0, 589, 592, 596, 601, 606, 610, 615, 621, 628, 635, 642, 650, 657]
[0, 616, 612, 607, 602, 598, 595, 592, 588, 585, 581, 578, 575, 572, 570, 568, 566, 566, 565, 564, 0, 485, 0, 562, 562, 562, 561, 561, 547, 0, 435, 434, 433, 433, 432, 434, 438, 443, 450, 458, 465, 469, 0, 0, 592, 595, 598, 602, 606, 611, 615, 620, 626, 632, 638, 645, 651, 657, 665, 673, 681]
[0, 613, 609, 606, 601, 597, 594, 590, 587, 584, 580, 577, 575, 574, 572, 569, 567, 566, 565, 564, 0, 485, 0, 0, 561, 561, 0, 0, 0, 0, 435, 434, 433, 433, 432, 434, 437, 441, 449, 458, 465, 468, 0, 0, 591, 594, 598, 602, 606, 610, 614, 619, 624, 630, 637, 644, 650, 655, 663, 672, 680]
[0, 621, 616, 612, 608, 604, 601, 597, 593, 590, 587, 583, 582, 579, 577, 569, 573, 572, 565, 570, 0, 485, 0, 0, 562, 562, 0, 0, 0, 0, 435, 433, 432, 433, 432, 435, 438, 443, 450, 460, 466, 469, 0, 0, 592, 596, 598, 599, 603, 612, 616, 621, 624, 632, 638, 644, 645, 659, 663, 666, 675]
[0, 621, 623, 619, 615, 604, 611, 608, 604, 601, 598, 595, 592, 589, 587, 586, 584, 583, 581, 570, 0, 482, 0, 0, 567, 567, 567, 0, 0, 439, 437, 435, 434, 433, 432, 434, 438, 445, 455, 464, 468, 469, 0, 0, 598, 602, 605, 609, 614, 617, 622, 627, 633, 639, 646, 651, 658, 659, 672, 681, 675]
[0, 632, 627, 622, 617, 614, 610, 606, 603, 600, 596, 594, 591, 589, 586, 585, 584, 583, 580, 570, 0, 478, 0, 0, 578, 577, 567, 0, 0, 444, 440, 438, 436, 434, 434, 436, 438, 445, 0, 467, 471, 478, 0, 592, 602, 609, 612, 616, 621, 626, 630, 636, 642, 647, 652, 658, 665, 672, 680, 689, 697]
[0, 645, 640, 635, 631, 626, 622, 618, 614, 611, 608, 605, 602, 599, 597, 596, 595, 593, 592, 570, 0, 483, 475, 470, 0, 578, 0, 0, 449, 446, 442, 440, 437, 435, 433, 434, 438, 0, 0, 466, 469, 472, 0, 0, 607, 610, 614, 618, 623, 628, 633, 637, 643, 648, 654, 660, 667, 674, 682, 691, 700]
[0, 645, 639, 635, 631, 626, 622, 618, 614, 611, 608, 605, 602, 600, 597, 596, 595, 593, 592, 591, 0, 482, 474, 470, 467, 464, 459, 454, 452, 450, 442, 441, 437, 433, 433, 435, 438, 0, 0, 467, 471, 473, 0, 606, 616, 622, 626, 630, 635, 640, 644, 649, 655, 661, 667, 673, 680, 687, 696, 704, 712]
[0, 650, 645, 641, 636, 631, 627, 623, 619, 615, 612, 610, 606, 604, 602, 601, 599, 598, 597, 591, 0, 485, 479, 473, 467, 463, 459, 454, 452, 450, 450, 446, 441, 436, 433, 435, 438, 0, 0, 468, 471, 473, 0, 608, 618, 622, 626, 631, 636, 641, 645, 650, 655, 661, 667, 674, 680, 688, 698, 706, 712]
[0, 647, 643, 637, 636, 628, 627, 624, 621, 617, 613, 611, 608, 605, 603, 601, 600, 598, 597, 0, 0, 489, 483, 474, 470, 467, 461, 456, 455, 453, 448, 441, 441, 434, 436, 435, 438, 0, 0, 467, 471, 473, 0, 610, 621, 628, 631, 636, 641, 646, 651, 656, 660, 666, 672, 679, 686, 695, 703, 710, 718]
[0, 663, 658, 654, 636, 646, 643, 639, 621, 634, 630, 627, 623, 622, 619, 617, 615, 614, 613, 0, 493, 489, 489, 487, 471, 467, 462, 457, 456, 455, 450, 444, 438, 434, 434, 435, 438, 0, 468, 471, 473, 0, 0, 616, 621, 626, 629, 635, 640, 644, 649, 653, 659, 664, 671, 677, 683, 691, 699, 708, 716]
[0, 666, 661, 656, 652, 648, 644, 641, 637, 633, 629, 625, 622, 620, 618, 616, 614, 613, 613, 0, 0, 490, 488, 485, 484, 479, 475, 468, 462, 461, 455, 446, 440, 437, 437, 444, 454, 463, 470, 473, 474, 0, 621, 634, 645, 649, 652, 635, 656, 667, 672, 653, 677, 682, 689, 703, 711, 691, 717, 725, 735]
[0, 678, 673, 668, 664, 661, 656, 652, 648, 645, 642, 639, 637, 633, 630, 629, 627, 626, 624, 0, 0, 491, 488, 486, 482, 477, 470, 468, 464, 461, 458, 451, 443, 438, 437, 444, 454, 0, 467, 473, 476, 0, 0, 629, 641, 646, 650, 654, 658, 663, 668, 674, 679, 685, 691, 699, 706, 713, 720, 729, 738]
[0, 678, 675, 667, 664, 663, 659, 654, 649, 647, 644, 641, 638, 635, 631, 630, 629, 627, 625, 0, 0, 494, 489, 487, 485, 482, 477, 472, 467, 464, 458, 448, 443, 443, 439, 442, 454, 0, 0, 473, 476, 0, 0, 643, 654, 657, 662, 667, 671, 676, 681, 687, 694, 701, 706, 712, 719, 727, 735, 743, 753]
[0, 681, 675, 671, 666, 663, 659, 653, 649, 647, 644, 641, 639, 635, 632, 630, 628, 627, 625, 0, 0, 494, 488, 487, 486, 484, 479, 472, 466, 464, 460, 452, 445, 440, 439, 442, 454, 0, 0, 473, 474, 0, 635, 647, 656, 660, 665, 669, 674, 678, 684, 690, 697, 703, 709, 715, 723, 732, 740, 749, 758]
[0, 681, 675, 670, 666, 662, 658, 653, 649, 647, 644, 641, 639, 635, 632, 630, 628, 627, 625, 0, 0, 493, 488, 487, 486, 484, 479, 472, 466, 464, 458, 450, 445, 440, 439, 448, 458, 466, 470, 472, 475, 0, 639, 651, 659, 662, 0, 670, 675, 680, 686, 692, 697, 703, 709, 710, 725, 732, 742, 753, 762]
[0, 698, 692, 686, 681, 678, 674, 670, 666, 663, 659, 656, 654, 652, 650, 630, 648, 646, 645, 644, 0, 0, 487, 487, 486, 483, 479, 471, 466, 464, 457, 450, 444, 440, 440, 448, 458, 469, 472, 474, 476, 0, 0, 643, 655, 658, 662, 667, 672, 676, 681, 687, 694, 700, 706, 712, 719, 727, 735, 743, 753]
[0, 700, 695, 689, 684, 680, 675, 671, 667, 664, 661, 658, 655, 653, 651, 648, 647, 646, 645, 644, 0, 0, 488, 487, 486, 487, 485, 481, 476, 471, 468, 463, 456, 448, 443, 447, 456, 465, 472, 473, 475, 0, 0, 0, 676, 680, 684, 690, 694, 699, 706, 712, 717, 723, 730, 738, 746, 755, 763, 772, 780]
[0, 698, 692, 687, 682, 677, 675, 674, 670, 666, 662, 658, 655, 654, 652, 650, 648, 647, 646, 644, 0, 0, 489, 487, 487, 486, 482, 475, 470, 469, 465, 458, 456, 451, 443, 444, 453, 464, 472, 473, 480, 0, 0, 671, 675, 678, 683, 689, 694, 698, 704, 710, 715, 721, 728, 736, 744, 752, 760, 769, 779]
[0, 719, 713, 708, 703, 699, 695, 690, 685, 683, 679, 676, 673, 671, 669, 667, 666, 664, 663, 662, 0, 0, 488, 487, 486, 486, 485, 479, 473, 470, 466, 460, 453, 445, 443, 444, 453, 0, 473, 475, 477, 0, 665, 674, 677, 681, 686, 692, 697, 703, 709, 714, 719, 721, 734, 742, 750, 758, 767, 776, 785]
[0, 717, 713, 708, 703, 699, 694, 689, 686, 683, 679, 676, 673, 671, 669, 667, 665, 664, 662, 662, 662, 0, 489, 487, 489, 486, 488, 486, 480, 474, 472, 467, 459, 451, 445, 444, 453, 0, 474, 475, 0, 0, 0, 693, 697, 701, 706, 711, 715, 719, 725, 732, 738, 746, 753, 761, 769, 777, 786, 796, 805]
[0, 726, 720, 714, 711, 706, 702, 697, 693, 690, 687, 683, 680, 678, 676, 674, 672, 671, 669, 668, 662, 0, 491, 489, 489, 488, 488, 480, 480, 474, 472, 467, 459, 450, 445, 444, 453, 0, 474, 476, 0, 0, 0, 693, 696, 701, 706, 711, 715, 719, 725, 732, 738, 746, 753, 761, 769, 777, 785, 795, 805]
[0, 725, 718, 713, 709, 704, 700, 696, 693, 689, 685, 682, 679, 676, 675, 674, 672, 672, 670, 668, 669, 0, 491, 489, 488, 487, 487, 483, 480, 477, 474, 469, 461, 452, 447, 444, 453, 472, 474, 476, 0, 0, 0, 698, 703, 707, 711, 715, 720, 726, 732, 738, 745, 753, 760, 766, 774, 784, 793, 801, 811]
[0, 726, 719, 714, 709, 705, 700, 697, 693, 690, 686, 683, 681, 679, 675, 676, 674, 673, 671, 668, 669, 0, 491, 489, 489, 488, 487, 486, 475, 472, 467, 469, 459, 451, 446, 444, 453, 0, 474, 476, 0, 0, 0, 699, 703, 707, 712, 716, 721, 727, 732, 739, 746, 753, 761, 768, 776, 783, 792, 802, 812]
[0, 726, 731, 724, 718, 714, 711, 707, 703, 699, 696, 692, 689, 686, 684, 681, 679, 678, 677, 676, 669, 0, 0, 490, 489, 488, 487, 482, 475, 477, 474, 468, 459, 451, 447, 444, 453, 0, 474, 476, 0, 0, 0, 704, 707, 711, 716, 722, 728, 733, 738, 745, 753, 761, 768, 776, 784, 794, 802, 811, 821]
[0, 756, 751, 745, 739, 714, 734, 730, 725, 721, 718, 715, 712, 710, 708, 706, 704, 702, 701, 701, 700, 0, 0, 0, 490, 489, 488, 487, 481, 476, 473, 466, 455, 448, 447, 444, 0, 475, 476, 477, 483, 0, 705, 709, 713, 717, 721, 727, 733, 738, 744, 750, 759, 765, 772, 780, 789, 796, 806, 817, 826]
[0, 762, 751, 751, 745, 714, 740, 736, 732, 728, 724, 721, 718, 715, 714, 712, 709, 708, 707, 706, 706, 0, 0, 0, 490, 489, 488, 489, 485, 479, 476, 469, 458, 451, 447, 444, 0, 476, 479, 481, 489, 0, 729, 733, 737, 741, 747, 753, 758, 764, 770, 776, 784, 792, 800, 807, 816, 825, 833, 843, 854]
[0, 764, 757, 752, 747, 742, 737, 733, 729, 725, 721, 719, 718, 717, 712, 710, 708, 708, 707, 706, 705, 0, 0, 0, 490, 490, 489, 489, 485, 479, 476, 469, 458, 451, 447, 444, 0, 476, 479, 0, 0, 0, 736, 740, 746, 750, 755, 761, 765, 771, 777, 784, 793, 801, 808, 816, 825, 832, 840, 851, 862]
[0, 772, 767, 762, 757, 752, 747, 742, 738, 734, 731, 727, 724, 722, 720, 717, 708, 716, 715, 712, 705, 0, 0, 490, 490, 490, 490, 490, 487, 481, 477, 472, 0, 452, 450, 457, 468, 476, 479, 481, 488, 0, 0, 739, 743, 749, 754, 759, 764, 770, 776, 782, 790, 799, 806, 814, 823, 830, 838, 850, 860]
[0, 773, 768, 762, 757, 752, 747, 743, 738, 734, 732, 728, 725, 723, 721, 719, 716, 715, 714, 713, 705, 0, 0, 0, 490, 490, 490, 490, 487, 481, 477, 472, 0, 454, 453, 457, 468, 476, 479, 481, 489, 0, 0, 748, 753, 758, 763, 768, 773, 779, 785, 793, 801, 808, 816, 825, 833, 841, 850, 861, 870]
[0, 792, 786, 780, 775, 770, 765, 761, 757, 752, 749, 745, 741, 738, 737, 736, 734, 732, 730, 729, 730, 0, 0, 0, 491, 491, 490, 488, 487, 484, 479, 473, 0, 453, 453, 458, 468, 476, 480, 481, 489, 0, 0, 748, 752, 757, 763, 768, 772, 778, 786, 794, 801, 808, 816, 825, 833, 840, 850, 861, 870]
[0, 790, 785, 779, 773, 768, 764, 760, 756, 752, 748, 745, 741, 739, 737, 736, 734, 732, 731, 730, 730, 0, 0, 0, 491, 491, 492, 490, 484, 484, 476, 473, 0, 456, 455, 458, 468, 476, 480, 482, 489, 0, 767, 770, 774, 780, 0, 791, 799, 805, 811, 818, 826, 832, 840, 850, 860, 868, 876, 885, 895]
[0, 817, 811, 806, 800, 794, 790, 785, 781, 777, 772, 769, 766, 764, 762, 760, 758, 757, 756, 755, 754, 0, 0, 0, 491, 491, 492, 490, 484, 479, 476, 0, 0, 457, 458, 468, 476, 480, 482, 482, 489, 0, 766, 770, 774, 778, 783, 789, 796, 803, 809, 815, 823, 830, 837, 846, 855, 864, 872, 881, 890]
[0, 817, 811, 806, 800, 794, 789, 785, 781, 777, 772, 769, 767, 765, 762, 760, 759, 758, 757, 755, 754, 0, 0, 0, 0, 492, 492, 492, 488, 481, 477, 473, 465, 459, 458, 468, 0, 480, 482, 0, 0, 0, 0, 794, 799, 803, 808, 814, 820, 826, 831, 845, 854, 863, 869, 876, 884, 893, 903, 913, 924]
[0, 823, 816, 810, 805, 800, 795, 790, 786, 781, 777, 772, 768, 765, 763, 762, 761, 761, 758, 756, 754, 0, 0, 0, 492, 491, 492, 491, 486, 481, 480, 476, 0, 460, 460, 471, 476, 480, 480, 485, 0, 0, 793, 798, 803, 807, 812, 818, 824, 829, 835, 844, 851, 859, 867, 875, 883, 891, 901, 912, 924]
[0, 828, 823, 817, 811, 806, 801, 796, 792, 788, 784, 781, 768, 774, 772, 762, 770, 769, 767, 766, 765, 765, 0, 0, 0, 492, 492, 492, 487, 481, 477, 469, 462, 461, 463, 469, 476, 481, 484, 485, 0, 0, 794, 798, 802, 807, 812, 818, 825, 830, 836, 844, 852, 860, 867, 874, 883, 891, 901, 913, 924]
[0, 857, 850, 844, 838, 834, 829, 824, 820, 817, 813, 809, 768, 806, 801, 762, 799, 797, 796, 795, 793, 791, 0, 0, 0, 493, 493, 492, 489, 484, 479, 473, 466, 462, 463, 468, 476, 482, 485, 485, 0, 0, 803, 807, 812, 817, 822, 827, 832, 837, 845, 853, 861, 868, 875, 883, 891, 901, 911, 922, 933]
[0, 861, 854, 847, 841, 836, 832, 827, 822, 818, 814, 811, 807, 804, 802, 800, 797, 794, 794, 793, 792, 791, 0, 0, 0, 495, 493, 492, 488, 483, 478, 472, 466, 462, 469, 471, 476, 481, 489, 485, 0, 0, 832, 835, 839, 846, 851, 857, 864, 871, 877, 883, 890, 897, 906, 917, 928, 937, 945, 955, 968]
[0, 860, 852, 845, 839, 834, 830, 825, 822, 820, 815, 811, 809, 805, 803, 800, 802, 800, 798, 798, 798, 798, 0, 0, 0, 492, 493, 491, 485, 481, 477, 472, 469, 460, 461, 473, 479, 484, 489, 485, 0, 0, 832, 836, 842, 848, 854, 861, 867, 873, 879, 886, 893, 902, 911, 921, 931, 941, 951, 961, 975]
[0, 867, 862, 855, 848, 842, 837, 834, 830, 826, 822, 818, 815, 812, 810, 808, 806, 805, 804, 803, 798, 802, 0, 0, 0, 495, 494, 493, 0, 483, 478, 472, 469, 460, 468, 471, 475, 481, 493, 485, 0, 0, 839, 844, 850, 855, 861, 868, 874, 880, 886, 894, 901, 909, 918, 929, 939, 947, 957, 970, 983]
[0, 866, 860, 854, 847, 840, 837, 836, 833, 829, 825, 821, 817, 814, 812, 810, 808, 806, 805, 804, 802, 802, 0, 0, 0, 0, 494, 493, 488, 483, 479, 474, 470, 475, 475, 471, 477, 483, 491, 485, 0, 0, 838, 844, 850, 855, 861, 866, 872, 878, 884, 891, 898, 907, 918, 928, 937, 946, 955, 965, 978]
[0, 877, 872, 866, 862, 856, 850, 836, 841, 837, 825, 832, 829, 827, 825, 822, 819, 816, 814, 815, 814, 814, 0, 0, 0, 495, 494, 492, 487, 481, 477, 471, 470, 475, 468, 473, 477, 0, 0, 0, 0, 0, 842, 848, 852, 858, 866, 870, 876, 883, 889, 896, 905, 914, 924, 934, 943, 951, 959, 970, 985]
[0, 877, 872, 867, 862, 857, 850, 845, 841, 837, 832, 832, 829, 825, 825, 822, 819, 818, 816, 814, 813, 813, 0, 0, 0, 0, 494, 492, 0, 481, 477, 472, 469, 472, 473, 474, 479, 0, 0, 0, 0, 0, 854, 859, 864, 869, 875, 880, 885, 892, 898, 905, 915, 925, 933, 942, 951, 962, 973, 985, 997]
[0, 898, 892, 886, 880, 876, 871, 868, 863, 859, 856, 832, 851, 844, 825, 841, 839, 837, 836, 835, 835, 834, 833, 0, 0, 0, 494, 493, 489, 483, 478, 472, 469, 472, 470, 473, 477, 0, 0, 0, 0, 0, 853, 858, 863, 868, 874, 880, 885, 892, 898, 906, 915, 924, 933, 941, 951, 962, 972, 984, 997]
[0, 910, 903, 896, 891, 886, 880, 876, 873, 868, 864, 861, 857, 855, 852, 841, 847, 846, 836, 843, 843, 842, 833, 0, 0, 0, 495, 493, 488, 483, 479, 474, 473, 477, 477, 477, 477, 0, 0, 517, 0, 0, 875, 880, 883, 889, 895, 901, 908, 915, 923, 932, 939, 948, 957, 966, 978, 989, 1000, 1011, 1023]
[0, 946, 939, 932, 927, 921, 915, 910, 904, 899, 896, 892, 889, 885, 883, 882, 880, 878, 877, 876, 875, 875, 833, 0, 0, 0, 495, 493, 488, 483, 480, 476, 474, 479, 479, 478, 477, 0, 0, 519, 0, 0, 884, 890, 894, 900, 906, 912, 919, 927, 935, 942, 950, 958, 967, 978, 990, 1000, 1010, 1021, 1034]
[0, 946, 943, 938, 925, 921, 914, 910, 909, 903, 899, 895, 892, 890, 886, 883, 881, 880, 879, 878, 876, 875, 875, 876, 0, 0, 0, 493, 490, 486, 483, 482, 482, 485, 484, 485, 493, 505, 514, 522, 0, 0, 924, 929, 934, 939, 945, 951, 957, 964, 972, 982, 991, 1000, 1009, 1019, 1041, 1000, 1053, 1078, 1034]
[0, 946, 939, 932, 927, 921, 915, 910, 904, 900, 896, 892, 889, 886, 884, 882, 880, 879, 878, 876, 875, 875, 875, 876, 0, 0, 497, 493, 489, 487, 484, 481, 485, 486, 483, 485, 493, 0, 514, 522, 0, 919, 923, 929, 935, 940, 946, 952, 959, 968, 976, 984, 993, 1002, 1013, 1023, 1032, 1042, 1053, 1067, 1081]
[0, 966, 958, 952, 946, 941, 937, 932, 928, 923, 919, 913, 889, 906, 903, 882, 900, 898, 878, 897, 896, 895, 876, 876, 0, 0, 0, 494, 490, 487, 484, 482, 482, 484, 484, 484, 491, 503, 513, 521, 0, 921, 927, 933, 937, 942, 949, 955, 963, 972, 981, 990, 998, 1007, 1017, 1029, 1039, 1050, 1062, 1073, 1086]
[0, 973, 966, 958, 951, 944, 939, 935, 930, 926, 921, 917, 914, 909, 906, 903, 901, 899, 899, 897, 896, 896, 895, 895, 0, 0, 0, 497, 492, 489, 488, 487, 489, 490, 487, 484, 491, 0, 515, 0, 0, 942, 946, 950, 954, 960, 968, 977, 992, 999, 1007, 990, 1025, 1007, 1046, 1057, 1067, 1079, 1090, 1105, 1120]
[0, 1005, 999, 958, 995, 989, 981, 975, 971, 964, 958, 954, 950, 948, 945, 943, 941, 939, 938, 937, 937, 936, 935, 895, 0, 0, 0, 496, 492, 489, 486, 486, 489, 489, 488, 493, 503, 512, 519, 0, 0, 943, 948, 951, 957, 964, 970, 979, 988, 994, 1000, 1009, 1018, 1026, 1038, 1049, 1059, 1071, 1083, 1096, 1111]
[0, 1011, 1004, 997, 992, 987, 980, 974, 968, 962, 957, 953, 950, 947, 944, 942, 940, 938, 938, 937, 936, 936, 935, 936, 0, 0, 0, 510, 506, 502, 496, 493, 493, 493, 496, 505, 514, 519, 519, 0, 978, 984, 993, 998, 1001, 1007, 1013, 1021, 1030, 1038, 1048, 1057, 1067, 1077, 1088, 1099, 1111, 1125, 1137, 1151, 1166]
[0, 1047, 1040, 1032, 1025, 1020, 1014, 1009, 1004, 999, 994, 990, 988, 985, 982, 980, 978, 974, 938, 972, 972, 936, 971, 936, 0, 0, 0, 507, 506, 503, 498, 496, 500, 498, 495, 510, 515, 524, 0, 979, 980, 987, 995, 999, 1003, 1010, 1016, 1024, 1032, 1042, 1053, 1060, 1069, 1080, 1091, 1103, 1115, 1129, 1141, 1156, 1170]
[0, 1044, 1040, 1038, 1032, 1026, 1018, 1012, 1007, 1003, 998, 993, 990, 987, 984, 981, 979, 977, 973, 972, 971, 971, 971, 972, 0, 0, 0, 526, 517, 513, 508, 504, 502, 501, 508, 510, 515, 0, 1007, 1012, 1018, 1022, 1026, 1031, 1038, 1046, 1053, 1061, 1069, 1077, 1091, 1103, 1114, 1125, 1134, 1144, 1156, 1168, 1179, 1195, 1212]
[0, 1047, 1039, 1032, 1025, 1020, 1015, 1009, 1003, 998, 994, 990, 988, 986, 983, 980, 978, 977, 974, 973, 971, 971, 971, 971, 972, 0, 0, 525, 517, 513, 509, 503, 501, 502, 510, 520, 515, 0, 1008, 1013, 1019, 1023, 1027, 1034, 1040, 1047, 1056, 1064, 1073, 1081, 1095, 1107, 1117, 1129, 1137, 1147, 1160, 1172, 1183, 1199, 1216]
[0, 1047, 1040, 1032, 1027, 1021, 1014, 1010, 1005, 999, 994, 991, 988, 985, 982, 980, 980, 979, 975, 973, 973, 973, 971, 973, 972, 0, 0, 526, 517, 513, 508, 504, 502, 501, 508, 520, 515, 1008, 1008, 1012, 1017, 1022, 1026, 1031, 1038, 1046, 1060, 1069, 1073, 1090, 1095, 1101, 1123, 1133, 1143, 1157, 1168, 1178, 1194, 1210, 1225]
[0, 1093, 1086, 1078, 1072, 1065, 1060, 1056, 1048, 1042, 1038, 1036, 1032, 1028, 1028, 1025, 1021, 1019, 1018, 1017, 1016, 1016, 974, 975, 972, 0, 0, 528, 518, 514, 510, 504, 502, 502, 508, 520, 0, 1012, 1017, 1022, 1026, 1031, 1040, 1048, 1053, 1061, 1069, 1078, 1090, 1103, 1117, 1129, 1140, 1149, 1157, 1168, 1179, 1193, 1211, 1230, 1246]
[0, 1109, 1101, 1092, 1084, 1079, 1074, 1068, 1063, 1058, 1053, 1049, 1046, 1042, 1039, 1035, 1033, 1032, 1031, 1029, 1029, 1028, 1026, 1017, 1017, 1018, 0, 528, 0, 520, 510, 511, 502, 0, 508, 0, 1051, 1055, 1060, 1066, 1067, 1070, 1077, 1085, 1093, 1100, 1107, 1116, 1128, 1140, 1151, 1159, 1166, 1173, 1184, 1196, 1209, 1227, 1239, 1253, 1269]
[0, 1110, 1100, 1092, 1085, 1079, 1074, 1068, 1063, 1058, 1053, 1049, 1046, 1042, 1039, 1036, 1033, 1032, 1031, 1030, 1028, 1027, 1027, 1028, 1029, 1029, 1030, 528, 0, 0, 0, 515, 502, 0, 0, 1065, 1068, 1070, 1073, 1078, 1082, 1086, 1092, 1100, 1109, 1119, 1128, 1136, 1145, 1155, 1166, 1173, 1181, 1194, 1206, 1220, 1232, 1244, 1258, 1274, 1287]
[0, 1125, 1118, 1110, 1102, 1096, 1091, 1084, 1080, 1075, 1070, 1065, 1061, 1060, 1058, 1054, 1052, 1049, 1049, 1048, 1046, 1045, 1027, 1029, 1028, 1028, 1031, 528, 0, 0, 0, 515, 502, 0, 0, 1065, 1068, 1070, 1073, 1079, 1083, 1088, 1094, 1102, 1112, 1119, 1128, 1137, 1145, 1155, 1165, 1172, 1181, 1195, 1207, 1221, 1233, 1245, 1259, 1274, 1291]
[0, 1126, 1118, 1113, 1105, 1097, 1090, 1084, 1079, 1074, 1070, 1066, 1063, 1061, 1057, 1054, 1053, 1051, 1050, 1050, 1050, 1051, 1048, 1049, 1050, 1052, 1051, 1054, 1054, 0, 0, 0, 502, 1067, 1073, 1078, 1084, 1087, 1092, 1096, 1100, 1105, 1110, 1117, 1125, 1133, 1141, 1149, 1158, 1166, 1174, 1184, 1196, 1208, 1217, 1229, 1243, 1267, 1259, 1286, 1300]
[0, 1146, 1130, 1113, 1122, 1115, 1108, 1101, 1095, 1090, 1085, 1082, 1079, 1075, 1071, 1067, 1066, 1063, 1060, 1060, 1060, 1061, 1053, 1056, 1056, 1055, 1058, 1062, 1062, 0, 0, 0, 519, 0, 1080, 1086, 1093, 1100, 1103, 1108, 1110, 1116, 1125, 1132, 1138, 1146, 1155, 1164, 1172, 1182, 1191, 1202, 1213, 1222, 1231, 1241, 1249, 1259, 1272, 1282, 1295]
[0, 1146, 1138, 1129, 1122, 1116, 1109, 1101, 1095, 1090, 1085, 1082, 1078, 1074, 1071, 1067, 1065, 1063, 1060, 1060, 1060, 1061, 1062, 1065, 1064, 1065, 1068, 1068, 1071, 1074, 0, 0, 519, 1079, 1086, 1094, 1098, 1101, 1106, 1112, 1117, 1121, 1126, 1132, 1138, 1147, 1156, 1164, 1172, 1180, 1189, 1199, 1210, 1218, 1224, 1233, 1245, 1256, 1267, 1277, 1287]
[0, 1174, 1167, 1161, 1156, 1149, 1141, 1134, 1129, 1123, 1118, 1117, 1113, 1108, 1106, 1102, 1099, 1100, 1101, 1099, 1096, 1096, 1062, 1065, 1064, 1065, 1067, 1068, 1070, 1074, 0, 0, 519, 1080, 1087, 1094, 1098, 1101, 1106, 1112, 1117, 1121, 1126, 1132, 1138, 1147, 1156, 1164, 1172, 1181, 1189, 1199, 1210, 1218, 1224, 1233, 1244, 1256, 1267, 1277, 1287]
[0, 1175, 1168, 1161, 1156, 1149, 1141, 1134, 1129, 1123, 1119, 1117, 1113, 1109, 1106, 1102, 1100, 1100, 1100, 1097, 1094, 1095, 1097, 1098, 1098, 1101, 1102, 1103, 1106, 1108, 1111, 1114, 1116, 1120, 1124, 1126, 1131, 1134, 1137, 1144, 1149, 1151, 1154, 1155, 1156, 1162, 1170, 1176, 1182, 1189, 1195, 1203, 1212, 1218, 1227, 1239, 1248, 1257, 1268, 1279, 1290]
[0, 1191, 1184, 1161, 1176, 1169, 1164, 1159, 1152, 1147, 1141, 1136, 1135, 1133, 1129, 1126, 1125, 1124, 1121, 1119, 1120, 1119, 1117, 1097, 1098, 1101, 1101, 1102, 1106, 1110, 1113, 1115, 1118, 1121, 1124, 1127, 1131, 1134, 1138, 1143, 1151, 1154, 1152, 1155, 1159, 1163, 1171, 1178, 1184, 1190, 1198, 1206, 1213, 1222, 1231, 1242, 1251, 1261, 1271, 1282, 1295]
[0, 1219, 1213, 1206, 1196, 1188, 1182, 1175, 1170, 1166, 1161, 1157, 1155, 1155, 1152, 1146, 1140, 1137, 1137, 1136, 1134, 1134, 1117, 1116, 1115, 1117, 1119, 1119, 1122, 1124, 1127, 1128, 1130, 1133, 1136, 1135, 1133, 1131, 1135, 1138, 1141, 1144, 1148, 1152, 1156, 1160, 1166, 1172, 1178, 1184, 1190, 1197, 1206, 1215, 1224, 1233, 1255, 1261, 1276, 1286, 1299]
[0, 1217, 1211, 1204, 1195, 1188, 1181, 1174, 1169, 1167, 1162, 1157, 1156, 1155, 1153, 1148, 1144, 1140, 1136, 1137, 1137, 1135, 1134, 1133, 1133, 1134, 1134, 1135, 1133, 1128, 1126, 1126, 1127, 1128, 1128, 1129, 1131, 1131, 1138, 1138, 1145, 1144, 1149, 1155, 1159, 1164, 1172, 1177, 1182, 1190, 1197, 1206, 1215, 1224, 1233, 1242, 1252, 1262, 1271, 1281, 1292]
[0, 1252, 1244, 1235, 1228, 1221, 1215, 1208, 1202, 1197, 1192, 1186, 1183, 1180, 1175, 1169, 1161, 1155, 1151, 1147, 1143, 1140, 1135, 1135, 1134, 1134, 1134, 1131, 1127, 1126, 1126, 1128, 1129, 1129, 1129, 1130, 1131, 1134, 1137, 1138, 1141, 1144, 1147, 1152, 1156, 1160, 1165, 1172, 1177, 1183, 1197, 1206, 1215, 1224, 1233, 1243, 1253, 1262, 1271, 1283, 1295]
[0, 1282, 1272, 1261, 1250, 1240, 1230, 1222, 1211, 1202, 1193, 1186, 1181, 1175, 1167, 1160, 1155, 1152, 1149, 1145, 1141, 1138, 1138, 1135, 1131, 1130, 1129, 1129, 1127, 1127, 1126, 1126, 1128, 1129, 1127, 1127, 1131, 1134, 1137, 1140, 1141, 1145, 1150, 1155, 1156, 1159, 1166, 1174, 1181, 1188, 1194, 1200, 1209, 1218, 1227, 1238, 1247, 1257, 1265, 1274, 1287]
[0, 1287, 1276, 1267, 1255, 1245, 1236, 1227, 1216, 1205, 1197, 1189, 1182, 1177, 1171, 1164, 1158, 1155, 1151, 1147, 1142, 1139, 1135, 1133, 1132, 1130, 1128, 1126, 1127, 1127, 1126, 1126, 1127, 1127, 1128, 1129, 1131, 1134, 1137, 1138, 1142, 1144, 1147, 1152, 1157, 1160, 1164, 1172, 1179, 1187, 1194, 1199, 1207, 1219, 1228, 1236, 1245, 1257, 1270, 1279, 1287]
[0, 1287, 1276, 1266, 1255, 1245, 1236, 1224, 1214, 1205, 1197, 1189, 1182, 1177, 1169, 1162, 1158, 1154, 1150, 1146, 1142, 1139, 1138, 1137, 1133, 1130, 1127, 1126, 1127, 1127, 1126, 1126, 1127, 1126, 1125, 1128, 1131, 1133, 1135, 1139, 1141, 1144, 1146, 1148, 1154, 1159, 1165, 1173, 1181, 1185, 1191, 1198, 1204, 1214, 1225, 1236, 1245, 1255, 1264, 1275, 1287]
[0, 1280, 1269, 1257, 1247, 1237, 1236, 1228, 1218, 1208, 1199, 1191, 1184, 1178, 1173, 1167, 1160, 1155, 1151, 1146, 1142, 1140, 1138, 1135, 1132, 1129, 1128, 1128, 1127, 1126, 1125, 1124, 1126, 1128, 1127, 1127, 1130, 1133, 1137, 1139, 1140, 1142, 1146, 1152, 1156, 1158, 1164, 1172, 1178, 1184, 1191, 1198, 1206, 1215, 1224, 1235, 1245, 1257, 1267, 1276, 1287]
[0, 1287, 1275, 1265, 1255, 1245, 1235, 1225, 1215, 1204, 1196, 1189, 1182, 1176, 1170, 1164, 1159, 1154, 1150, 1146, 1141, 1139, 1137, 1134, 1131, 1128, 1127, 1126, 1126, 1125, 1126, 1127, 1125, 1125, 1127, 1128, 1129, 1133, 1135, 1137, 1139, 1141, 1144, 1148, 1153, 1157, 1162, 1171, 1178, 1183, 1189, 1195, 1204, 1215, 1223, 1232, 1244, 1254, 1264, 1274, 1286]
[0, 1286, 1275, 1265, 1254, 1244, 1235, 1225, 1215, 1205, 1196, 1188, 1181, 1176, 1169, 1163, 1155, 1151, 1150, 1145, 1140, 1139, 1137, 1133, 1129, 1129, 1126, 1125, 1126, 1126, 1124, 1124, 1126, 1125, 1125, 1128, 1130, 1133, 1136, 1138, 1140, 1143, 1146, 1149, 1153, 1158, 1164, 1171, 1176, 1182, 1189, 1196, 1205, 1213, 1223, 1234, 1245, 1255, 1262, 1273, 1286]
[0, 1284, 1273, 1262, 1251, 1240, 1232, 1220, 1210, 1203, 1194, 1186, 1180, 1174, 1166, 1160, 1155, 1152, 1149, 1144, 1140, 1138, 1135, 1132, 1131, 1128, 1127, 1127, 1123, 1123, 1124, 1123, 1125, 1124, 1124, 1127, 1130, 1133, 1136, 1139, 1139, 1142, 1146, 1149, 1153, 1158, 1164, 1171, 1176, 1182, 1190, 1197, 1205, 1214, 1223, 1234, 1245, 1253, 1261, 1273, 1285]
[0, 1287, 1275, 1265, 1254, 1243, 1232, 1222, 1213, 1203, 1194, 1188, 1182, 1174, 1168, 1162, 1157, 1153, 1148, 1144, 1140, 1137, 1134, 1131, 1130, 1128, 1126, 1126, 1124, 1121, 1123, 1125, 1126, 1127, 1127, 1128, 1130, 1131, 1134, 1137, 1140, 1143, 1146, 1149, 1154, 1160, 1163, 1171, 1178, 1186, 1193, 1198, 1206, 1217, 1226, 1236, 1245, 1255, 1266, 1278, 1288]
[0, 1287, 1275, 1264, 1254, 1242, 1233, 1223, 1213, 1203, 1195, 1188, 1182, 1174, 1165, 1159, 1156, 1153, 1148, 1144, 1140, 1138, 1137, 1133, 1129, 1127, 1124, 1121, 1123, 1124, 1122, 1120, 1122, 1124, 1125, 1127, 1129, 1131, 1133, 1134, 1137, 1142, 1143, 1147, 1152, 1157, 1161, 1166, 1174, 1182, 1189, 1195, 1200, 1207, 1218, 1227, 1237, 1248, 1260, 1270, 1278]
[0, 1287, 1275, 1265, 1254, 1242, 1233, 1223, 1213, 1203, 1195, 1188, 1182, 1174, 1168, 1161, 1156, 1152, 1148, 1144, 1140, 1137, 1137, 1134, 1130, 1127, 1124, 1122, 1121, 1122, 1124, 1123, 1122, 1125, 1125, 1126, 1128, 1128, 1129, 1132, 1136, 1140, 1143, 1147, 1152, 1156, 1161, 1166, 1173, 1181, 1187, 1194, 1200, 1207, 1218, 1227, 1237, 1248, 1257, 1267, 1279]
[0, 1279, 1269, 1257, 1246, 1234, 1223, 1223, 1207, 1198, 1195, 1190, 1183, 1177, 1168, 1159, 1157, 1154, 1150, 1145, 1141, 1139, 1136, 1132, 1130, 1128, 1125, 1123, 1123, 1122, 1121, 1123, 1124, 1123, 1125, 1124, 1125, 1129, 1132, 1135, 1139, 1142, 1144, 1147, 1152, 1157, 1163, 1169, 1174, 1181, 1188, 1195, 1204, 1212, 1222, 1233, 1241, 1251, 1262, 1270, 1282]
[0, 1286, 1275, 1264, 1253, 1243, 1234, 1224, 1213, 1203, 1195, 1188, 1181, 1174, 1165, 1160, 1156, 1152, 1149, 1145, 1141, 1138, 1135, 1133, 1130, 1127, 1125, 1124, 1123, 1119, 1122, 1123, 1122, 1124, 1124, 1125, 1128, 1128, 1128, 1134, 1138, 1140, 1143, 1146, 1151, 1156, 1158, 1164, 1174, 1181, 1187, 1194, 1199, 1207, 1218, 1228, 1236, 1249, 1259, 1268, 1279]
[0, 1281, 1270, 1260, 1247, 1236, 1226, 1215, 1208, 1198, 1188, 1181, 1175, 1167, 1162, 1158, 1153, 1152, 1149, 1144, 1141, 1139, 1134, 1132, 1130, 1128, 1127, 1126, 1123, 1121, 1121, 1123, 1124, 1124, 1122, 1124, 1129, 1130, 1131, 1135, 1138, 1141, 1145, 1149, 1151, 1156, 1161, 1166, 1174, 1182, 1186, 1194, 1203, 1212, 1221, 1232, 1242, 1250, 1263, 1272, 1284]
[0, 1276, 1266, 1256, 1245, 1234, 1223, 1213, 1204, 1198, 1188, 1190, 1182, 1176, 1168, 1160, 1157, 1153, 1150, 1145, 1141, 1138, 1135, 1132, 1129, 1126, 1125, 1125, 1122, 1121, 1121, 1122, 1124, 1124, 1124, 1125, 1127, 1128, 1129, 1133, 1137, 1139, 1142, 1146, 1149, 1154, 1158, 1163, 1172, 1180, 1186, 1193, 1199, 1207, 1217, 1227, 1236, 1246, 1257, 1268, 1279]
[0, 1285, 1274, 1264, 1253, 1242, 1233, 1223, 1213, 1203, 1195, 1188, 1181, 1171, 1163, 1160, 1156, 1151, 1147, 1143, 1140, 1138, 1135, 1132, 1129, 1126, 1124, 1123, 1122, 1120, 1120, 1121, 1122, 1123, 1124, 1125, 1127, 1128, 1129, 1133, 1137, 1139, 1142, 1145, 1149, 1154, 1158, 1163, 1171, 1179, 1186, 1193, 1198, 1207, 1217, 1226, 1236, 1247, 1257, 1268, 1279]
[0, 1285, 1274, 1263, 1252, 1242, 1233, 1223, 1210, 1201, 1195, 1187, 1180, 1174, 1165, 1159, 1154, 1149, 1147, 1144, 1140, 1137, 1134, 1131, 1129, 1127, 1125, 1124, 1124, 1121, 1120, 1120, 1121, 1123, 1122, 1123, 1125, 1128, 1131, 1134, 1138, 1141, 1143, 1146, 1151, 1156, 1160, 1165, 1171, 1178, 1187, 1192, 1198, 1209, 1220, 1231, 1242, 1252, 1264, 1277, 1289]
[0, 1275, 1263, 1255, 1247, 1236, 1226, 1213, 1203, 1196, 1188, 1187, 1175, 1168, 1160, 1156, 1152, 1148, 1147, 1142, 1140, 1139, 1136, 1131, 1129, 1126, 1125, 1124, 1123, 1121, 1121, 1120, 1119, 1121, 1122, 1123, 1125, 1127, 1130, 1134, 1137, 1140, 1144, 1147, 1149, 1154, 1160, 1165, 1171, 1178, 1186, 1192, 1203, 1213, 1222, 1233, 1246, 1260, 1273, 1285, 1297]
[0, 1282, 1272, 1260, 1249, 1239, 1227, 1215, 1205, 1196, 1190, 1183, 1177, 1169, 1162, 1157, 1152, 1148, 1144, 1141, 1138, 1134, 1136, 1131, 1126, 1125, 1124, 1124, 1121, 1119, 1121, 1122, 1122, 1122, 1122, 1123, 1124, 1128, 1131, 1133, 1138, 1143, 1147, 1152, 1159, 1165, 1172, 1176, 1185, 1196, 1201, 1209, 1217, 1225, 1233, 1242, 1252, 1259, 1268, 1281, 1294]
[0, 1279, 1267, 1257, 1248, 1238, 1226, 1215, 1206, 1198, 1190, 1183, 1176, 1169, 1162, 1157, 1152, 1147, 1144, 1142, 1141, 1140, 1131, 1130, 1129, 1125, 1121, 1121, 1121, 1121, 1122, 1123, 1122, 1122, 1124, 1127, 1129, 1134, 1139, 1146, 1148, 1151, 1156, 1162, 1166, 1172, 1179, 1185, 1191, 1198, 1204, 1211, 1220, 1230, 1239, 1247, 1256, 1265, 1276, 1289, 1301]
[0, 1276, 1266, 1255, 1244, 1234, 1224, 1215, 1206, 1195, 1189, 1185, 1176, 1167, 1162, 1157, 1152, 1151, 1148, 1144, 1141, 1138, 1138, 1137, 1139, 1138, 1136, 1135, 1133, 1133, 1133, 1133, 1133, 1134, 1135, 1136, 1138, 1142, 1144, 1146, 1148, 1151, 1156, 1162, 1166, 1171, 1178, 1184, 1190, 1197, 1204, 1211, 1219, 1226, 1236, 1247, 1255, 1266, 1277, 1288, 1300]
[0, 1272, 1266, 1263, 1250, 1240, 1231, 1221, 1212, 1203, 1196, 1188, 1181, 1175, 1173, 1170, 1166, 1163, 1159, 1154, 1152, 1149, 1135, 1137, 1139, 1137, 1134, 1133, 1132, 1132, 1131, 1133, 1133, 1134, 1136, 1136, 1139, 1143, 1143, 1147, 1150, 1152, 1156, 1162, 1167, 1172, 1178, 1184, 1191, 1198, 1206, 1213, 1220, 1228, 1238, 1247, 1255, 1264, 1276, 1289, 1301]
[0, 1279, 1267, 1256, 1245, 1236, 1226, 1215, 1208, 1199, 1191, 1185, 1181, 1179, 1179, 1175, 1169, 1164, 1161, 1156, 1152, 1150, 1146, 1145, 1143, 1140, 1137, 1135, 1135, 1133, 1132, 1133, 1133, 1133, 1133, 1136, 1139, 1141, 1143, 1146, 1148, 1150, 1158, 1165, 1165, 1169, 1176, 1183, 1187, 1193, 1201, 1208, 1214, 1223, 1234, 1246, 1252, 1261, 1271, 1283, 1296]
[0, 1274, 1262, 1250, 1241, 1232, 1226, 1222, 1204, 1199, 1192, 1185, 1181, 1179, 1180, 1176, 1171, 1168, 1162, 1156, 1154, 1150, 1147, 1144, 1142, 1138, 1136, 1135, 1133, 1133, 1133, 1133, 1134, 1134, 1135, 1136, 1138, 1142, 1144, 1146, 1150, 1153, 1156, 1161, 1166, 1171, 1178, 1184, 1190, 1197, 1204, 1211, 1220, 1227, 1237, 1247, 1255, 1262, 1273, 1289, 1301]
[0, 1278, 1267, 1256, 1247, 1238, 1226, 1219, 1211, 1200, 1192, 1188, 1184, 1180, 1180, 1175, 1168, 1164, 1161, 1156, 1152, 1150, 1146, 1144, 1143, 1140, 1137, 1136, 1135, 1134, 1133, 1132, 1133, 1133, 1134, 1136, 1139, 1140, 1143, 1143, 1146, 1149, 1157, 1164, 1164, 1167, 1173, 1180, 1187, 1193, 1201, 1208, 1214, 1223, 1233, 1242, 1251, 1259, 1268, 1282, 1296]
[0, 1288, 1282, 1271, 1262, 1255, 1246, 1236, 1228, 1220, 1212, 1204, 1197, 1190, 1179, 1173, 1171, 1167, 1160, 1154, 1152, 1149, 1147, 1144, 1142, 1138, 1136, 1135, 1133, 1132, 1133, 1133, 1134, 1134, 1135, 1136, 1138, 1142, 1143, 1146, 1149, 1152, 1156, 1161, 1166, 1171, 1178, 1184, 1190, 1197, 1205, 1213, 1220, 1227, 1237, 1247, 1255, 1264, 1276, 1289, 1301]
[0, 1284, 1273, 1264, 1257, 1248, 1239, 1229, 1218, 1211, 1207, 1202, 1197, 1194, 1185, 1173, 1168, 1167, 1164, 1158, 1154, 1151, 1144, 1143, 1142, 1141, 1138, 1136, 1136, 1133, 1132, 1133, 1133, 1133, 1132, 1134, 1138, 1140, 1144, 1146, 1147, 1151, 1156, 1161, 1165, 1171, 1176, 1183, 1189, 1195, 1202, 1211, 1219, 1227, 1237, 1247, 1254, 1262, 1273, 1287, 1299]
[0, 1292, 1279, 1264, 1267, 1256, 1248, 1238, 1228, 1219, 1213, 1206, 1198, 1192, 1184, 1177, 1172, 1166, 1162, 1157, 1153, 1150, 1147, 1145, 1143, 1139, 1138, 1136, 1134, 1134, 1133, 1132, 1133, 1134, 1134, 1136, 1138, 1141, 1143, 1143, 1146, 1147, 1151, 1158, 1162, 1167, 1173, 1180, 1188, 1195, 1200, 1206, 1213, 1224, 1234, 1243, 1251, 1259, 1268, 1279, 1292]
[0, 1290, 1277, 1268, 1258, 1249, 1240, 1230, 1219, 1211, 1207, 1201, 1193, 1185, 1178, 1173, 1168, 1161, 1156, 1157, 1153, 1147, 1146, 1145, 1142, 1139, 1136, 1135, 1134, 1133, 1132, 1132, 1133, 1134, 1134, 1135, 1138, 1140, 1143, 1144, 1146, 1149, 1153, 1157, 1161, 1167, 1173, 1179, 1184, 1191, 1199, 1206, 1214, 1224, 1233, 1242, 1251, 1259, 1268, 1282, 1295]
[0, 1300, 1287, 1274, 1264, 1255, 1246, 1237, 1228, 1219, 1212, 1204, 1196, 1190, 1183, 1177, 1171, 1166, 1160, 1154, 1152, 1149, 1146, 1143, 1142, 1140, 1138, 1136, 1134, 1134, 1132, 1132, 1133, 1134, 1134, 1135, 1137, 1140, 1140, 1141, 1146, 1150, 1152, 1156, 1162, 1166, 1168, 1175, 1183, 1191, 1204, 1206, 1221, 1230, 1233, 1249, 1257, 1266, 1277, 1289, 1303]
[0, 1305, 1279, 1274, 1266, 1256, 1248, 1238, 1229, 1219, 1212, 1205, 1198, 1190, 1182, 1177, 1172, 1166, 1160, 1155, 1152, 1149, 1145, 1143, 1142, 1143, 1139, 1134, 1134, 1133, 1132, 1133, 1133, 1133, 1133, 1136, 1138, 1140, 1143, 1146, 1147, 1150, 1154, 1159, 1163, 1169, 1173, 1180, 1188, 1193, 1190, 1197, 1214, 1223, 1233, 1243, 1252, 1261, 1271, 1283, 1296]
[0, 1297, 1283, 1272, 1263, 1253, 1244, 1233, 1223, 1215, 1208, 1201, 1195, 1185, 1182, 1174, 1166, 1164, 1161, 1156, 1150, 1147, 1146, 1144, 1142, 1142, 1140, 1135, 1134, 1133, 1131, 1132, 1133, 1134, 1134, 1135, 1137, 1140, 1142, 1145, 1147, 1150, 1153, 1159, 1164, 1167, 1172, 1179, 1190, 1196, 1200, 1207, 1214, 1223, 1232, 1241, 1250, 1259, 1269, 1282, 1295]
[0, 1299, 1287, 1275, 1265, 1255, 1246, 1236, 1227, 1218, 1211, 1204, 1196, 1189, 1183, 1177, 1171, 1166, 1160, 1155, 1152, 1149, 1146, 1143, 1141, 1139, 1136, 1134, 1132, 1132, 1133, 1133, 1134, 1135, 1135, 1136, 1138, 1141, 1143, 1145, 1149, 1152, 1156, 1161, 1165, 1165, 1172, 1184, 1188, 1195, 1205, 1212, 1219, 1227, 1238, 1248, 1255, 1264, 1276, 1289, 1301]
