[0, 0, 0, 0, 0, 0, 0, 0, 0, 0, 0, 0, 0, 0, 0, 0, 0, 0, 0, 0, 0, 0, 0, 0, 0, 0, 0, 0, 0, 0, 0, 0, 0, 0, 0, 0, 0, 0, 0, 0, 0, 0, 0, 0, 0, 0, 0, 0, 0, 0, 0, 0, 0, 0, 0, 0, 0, 0, 0, 0, 0]
[0, 520, 516, 512, 508, 503, 500, 498, 495, 491, 489, 486, 484, 483, 481, 479, 478, 477, 476, 475, 474, 473, 472, 471, 472, 472, 471, 471, 471, 472, 472, 472, 473, 474, 475, 476, 477, 479, 480, 481, 483, 485, 487, 490, 492, 495, 498, 501, 504, 508, 512, 516, 519, 524, 528, 533, 538, 543, 549, 555, 561]
[0, 517, 513, 512, 509, 506, 502, 499, 496, 493, 489, 487, 485, 483, 481, 479, 476, 475, 475, 475, 474, 473, 472, 471, 471, 471, 471, 471, 471, 471, 471, 473, 473, 474, 476, 476, 477, 479, 480, 482, 484, 485, 487, 490, 492, 496, 499, 502, 506, 509, 512, 517, 521, 525, 528, 535, 539, 543, 545, 551, 557]
[0, 518, 513, 510, 509, 507, 503, 498, 495, 493, 490, 487, 485, 483, 481, 479, 477, 476, 476, 475, 474, 473, 472, 471, 471, 471, 471, 471, 471, 472, 472, 472, 473, 474, 475, 476, 477, 478, 480, 481, 483, 485, 487, 490, 492, 494, 498, 501, 505, 508, 512, 516, 520, 524, 528, 533, 539, 544, 549, 556, 562]
[0, 518, 518, 513, 509, 505, 502, 499, 496, 492, 489, 487, 485, 483, 481, 479, 477, 475, 476, 474, 474, 473, 473, 472, 472, 471, 471, 471, 472, 472, 472, 472, 473, 474, 475, 476, 477, 479, 480, 481, 483, 485, 487, 490, 492, 494, 498, 501, 505, 508, 512, 516, 520, 525, 529, 533, 539, 545, 550, 556, 562]
[0, 517, 518, 513, 509, 506, 502, 498, 495, 493, 489, 487, 485, 483, 481, 479, 477, 476, 475, 474, 473, 472, 473, 472, 471, 471, 471, 472, 472, 472, 472, 473, 473, 474, 475, 476, 477, 478, 480, 482, 483, 485, 487, 490, 493, 495, 498, 502, 505, 506, 509, 512, 521, 525, 530, 533, 535, 545, 551, 556, 557]
[0, 522, 517, 512, 508, 505, 502, 498, 495, 492, 489, 486, 484, 483, 481, 478, 477, 476, 474, 474, 473, 473, 472, 472, 471, 471, 471, 471, 471, 471, 472, 472, 473, 474, 475, 476, 477, 478, 480, 482, 483, 485, 487, 489, 492, 495, 498, 502, 505, 508, 511, 516, 520, 525, 530, 535, 539, 544, 551, 550, 556]
[0, 519, 514, 510, 507, 504, 500, 498, 497, 493, 490, 488, 485, 483, 482, 480, 478, 477, 476, 475, 474, 473, 472, 472, 471, 471, 471, 472, 471, 471, 471, 473, 473, 474, 476, 476, 477, 479, 480, 482, 483, 485, 487, 490, 493, 495, 498, 502, 506, 509, 511, 512, 517, 521, 525, 530, 535, 540, 546, 551, 556]
[0, 517, 514, 513, 509, 505, 502, 499, 496, 492, 489, 487, 485, 483, 481, 479, 478, 477, 475, 474, 474, 473, 472, 472, 472, 471, 471, 472, 471, 471, 473, 473, 473, 475, 476, 477, 477, 478, 480, 481, 483, 484, 486, 489, 492, 495, 498, 500, 504, 508, 511, 515, 519, 523, 528, 532, 538, 543, 549, 555, 561]
[0, 526, 522, 518, 515, 511, 508, 499, 501, 498, 496, 487, 493, 491, 489, 487, 486, 485, 483, 482, 481, 480, 480, 479, 471, 471, 471, 472, 471, 471, 472, 473, 474, 474, 475, 476, 477, 479, 480, 482, 483, 485, 487, 490, 493, 495, 498, 502, 506, 509, 512, 515, 521, 525, 530, 535, 540, 545, 549, 556, 563]
[0, 527, 523, 519, 515, 512, 508, 505, 502, 499, 496, 494, 491, 489, 487, 486, 486, 485, 484, 482, 481, 481, 480, 479, 480, 479, 479, 480, 479, 480, 480, 481, 482, 483, 475, 484, 485, 487, 489, 482, 491, 493, 496, 498, 501, 504, 507, 510, 513, 517, 521, 525, 529, 533, 538, 543, 548, 553, 559, 565, 571]
[0, 524, 521, 519, 517, 513, 510, 506, 502, 499, 497, 495, 493, 491, 489, 487, 485, 484, 483, 482, 481, 480, 480, 479, 479, 480, 479, 479, 479, 480, 480, 481, 482, 483, 483, 484, 485, 487, 488, 490, 492, 495, 497, 500, 502, 506, 509, 512, 516, 519, 523, 527, 532, 533, 541, 546, 551, 556, 559, 562, 574]
[0, 526, 522, 518, 514, 511, 510, 504, 501, 499, 498, 496, 493, 491, 489, 487, 486, 485, 483, 482, 481, 480, 480, 479, 480, 480, 479, 479, 479, 480, 481, 481, 481, 482, 483, 484, 485, 487, 488, 490, 491, 493, 496, 499, 502, 504, 508, 511, 514, 518, 521, 526, 530, 534, 539, 544, 549, 555, 560, 566, 573]
[0, 524, 521, 517, 514, 513, 509, 506, 502, 499, 497, 495, 493, 491, 489, 487, 485, 484, 483, 482, 481, 480, 480, 479, 479, 479, 479, 479, 479, 480, 480, 481, 482, 483, 483, 484, 485, 487, 488, 491, 491, 493, 498, 499, 504, 504, 507, 510, 513, 517, 521, 524, 528, 533, 537, 543, 548, 553, 559, 564, 571]
[0, 528, 524, 519, 516, 514, 509, 506, 503, 500, 497, 494, 492, 491, 488, 487, 486, 484, 485, 484, 483, 482, 481, 481, 479, 479, 479, 479, 479, 480, 480, 481, 482, 483, 483, 484, 485, 487, 488, 489, 491, 493, 496, 499, 502, 504, 507, 511, 514, 517, 521, 525, 530, 534, 538, 543, 548, 554, 560, 565, 571]
[0, 527, 523, 518, 514, 514, 511, 507, 504, 501, 499, 496, 493, 491, 490, 489, 487, 485, 483, 482, 482, 482, 481, 480, 481, 480, 481, 481, 481, 481, 482, 483, 483, 484, 486, 486, 488, 488, 490, 493, 495, 497, 500, 502, 504, 507, 511, 513, 517, 521, 524, 529, 533, 537, 542, 547, 553, 559, 564, 570, 577]
[0, 531, 526, 523, 519, 515, 512, 508, 505, 502, 500, 498, 495, 492, 490, 488, 487, 486, 485, 484, 482, 483, 481, 482, 480, 480, 481, 482, 481, 482, 482, 481, 483, 484, 485, 487, 488, 488, 490, 493, 493, 496, 498, 500, 503, 505, 508, 511, 515, 519, 522, 525, 530, 536, 539, 544, 549, 555, 559, 566, 573]
[0, 531, 526, 523, 519, 515, 512, 509, 505, 502, 500, 497, 495, 493, 490, 488, 487, 486, 485, 484, 482, 483, 482, 482, 482, 480, 483, 482, 481, 482, 482, 483, 484, 485, 486, 487, 488, 490, 491, 493, 495, 497, 499, 502, 505, 508, 511, 515, 519, 522, 525, 530, 534, 538, 543, 548, 554, 559, 564, 571, 578]
[0, 531, 526, 523, 519, 515, 511, 508, 505, 502, 500, 497, 496, 493, 494, 492, 490, 487, 486, 486, 485, 484, 484, 484, 482, 483, 483, 482, 482, 482, 482, 483, 484, 485, 486, 487, 488, 490, 491, 493, 495, 497, 499, 502, 505, 508, 511, 515, 519, 522, 525, 529, 534, 538, 543, 548, 554, 559, 564, 570, 577]
[0, 531, 527, 524, 521, 517, 513, 511, 508, 502, 502, 497, 500, 497, 496, 493, 491, 491, 489, 487, 486, 486, 486, 486, 484, 484, 484, 484, 484, 485, 485, 486, 487, 488, 489, 490, 491, 493, 495, 497, 498, 500, 503, 506, 509, 512, 515, 518, 522, 525, 525, 534, 538, 543, 548, 548, 559, 559, 563, 576, 583]
[0, 533, 529, 525, 520, 516, 514, 511, 508, 505, 503, 500, 498, 496, 495, 493, 493, 490, 489, 489, 487, 487, 486, 486, 486, 485, 485, 486, 486, 486, 487, 487, 489, 491, 492, 492, 493, 495, 497, 498, 500, 504, 506, 509, 511, 514, 518, 522, 525, 528, 525, 537, 541, 543, 551, 556, 561, 567, 573, 579, 586]
[0, 532, 527, 523, 520, 517, 513, 511, 508, 507, 504, 502, 500, 498, 496, 493, 492, 491, 490, 488, 487, 486, 486, 486, 485, 485, 486, 486, 486, 486, 487, 488, 488, 489, 490, 492, 494, 495, 496, 498, 501, 503, 505, 508, 511, 513, 517, 521, 524, 527, 531, 535, 540, 545, 550, 555, 559, 565, 572, 578, 584]
[0, 543, 538, 535, 531, 528, 525, 521, 518, 515, 504, 512, 508, 498, 506, 504, 502, 501, 500, 499, 497, 497, 496, 496, 486, 486, 486, 486, 486, 487, 487, 487, 489, 491, 492, 492, 493, 495, 497, 498, 500, 504, 506, 508, 511, 514, 518, 522, 525, 528, 532, 536, 541, 546, 551, 556, 561, 567, 573, 579, 586]
[0, 544, 539, 535, 531, 528, 524, 521, 518, 515, 512, 510, 508, 506, 504, 502, 502, 501, 500, 497, 497, 497, 496, 496, 495, 496, 496, 496, 496, 497, 498, 498, 499, 500, 501, 502, 503, 504, 506, 509, 510, 512, 515, 519, 521, 524, 528, 531, 534, 538, 542, 546, 550, 555, 560, 565, 571, 577, 583, 589, 595]
[0, 550, 546, 542, 537, 534, 531, 527, 524, 521, 518, 516, 513, 512, 510, 508, 506, 501, 505, 504, 503, 502, 501, 500, 495, 496, 496, 496, 496, 497, 497, 498, 499, 500, 501, 502, 503, 505, 507, 509, 510, 513, 515, 518, 521, 524, 528, 531, 534, 537, 542, 547, 551, 556, 561, 567, 572, 578, 584, 591, 597]
[0, 555, 550, 546, 543, 539, 536, 532, 529, 521, 526, 524, 522, 519, 517, 515, 514, 512, 511, 510, 509, 508, 508, 508, 500, 500, 501, 501, 501, 502, 502, 503, 504, 505, 506, 507, 509, 510, 511, 513, 515, 518, 521, 523, 526, 530, 533, 536, 539, 543, 548, 552, 556, 560, 566, 572, 578, 583, 589, 596, 602]
[0, 556, 552, 550, 546, 541, 537, 533, 530, 527, 525, 522, 520, 518, 515, 514, 512, 511, 510, 510, 510, 509, 508, 508, 508, 508, 509, 508, 508, 509, 510, 510, 511, 512, 514, 516, 509, 516, 519, 513, 524, 518, 529, 523, 536, 530, 539, 545, 549, 543, 557, 561, 556, 566, 571, 582, 578, 588, 594, 600, 607]
[0, 559, 556, 551, 547, 544, 540, 537, 533, 531, 528, 525, 524, 518, 520, 514, 517, 515, 514, 513, 513, 513, 512, 511, 507, 507, 508, 508, 508, 509, 510, 510, 511, 511, 512, 514, 515, 517, 519, 521, 523, 525, 528, 531, 534, 537, 541, 544, 548, 551, 556, 560, 564, 570, 575, 581, 587, 592, 598, 605, 612]
[0, 560, 556, 551, 547, 544, 540, 537, 533, 531, 531, 528, 525, 522, 520, 520, 517, 515, 514, 513, 513, 512, 512, 511, 511, 511, 511, 511, 511, 512, 512, 513, 514, 516, 516, 517, 520, 521, 523, 525, 527, 530, 533, 535, 537, 541, 541, 548, 553, 557, 556, 560, 565, 570, 582, 587, 593, 599, 604, 611, 612]
[0, 559, 555, 551, 547, 544, 540, 537, 534, 530, 531, 528, 525, 523, 521, 520, 518, 516, 515, 513, 512, 512, 511, 511, 511, 511, 511, 511, 511, 512, 512, 513, 514, 516, 516, 517, 520, 521, 523, 525, 527, 530, 533, 535, 537, 541, 545, 548, 553, 557, 557, 560, 570, 570, 582, 587, 587, 593, 598, 611, 612]
[0, 560, 556, 551, 547, 544, 540, 537, 533, 531, 531, 528, 523, 523, 522, 520, 517, 515, 514, 513, 513, 512, 512, 511, 511, 511, 512, 511, 511, 512, 513, 514, 515, 516, 516, 518, 520, 522, 523, 525, 527, 530, 533, 535, 537, 540, 542, 545, 550, 554, 557, 561, 566, 571, 576, 581, 588, 593, 599, 606, 612]
[0, 580, 576, 571, 565, 562, 558, 556, 553, 549, 547, 528, 543, 540, 537, 520, 536, 534, 533, 532, 531, 530, 530, 529, 511, 511, 511, 511, 511, 512, 513, 513, 514, 516, 517, 519, 520, 521, 523, 525, 527, 530, 533, 535, 538, 541, 545, 548, 553, 557, 557, 560, 570, 571, 576, 587, 593, 593, 604, 606, 611]
[0, 582, 577, 572, 567, 564, 561, 557, 554, 551, 548, 546, 543, 541, 539, 537, 535, 534, 533, 532, 530, 530, 529, 529, 529, 529, 529, 529, 530, 530, 528, 524, 520, 516, 517, 0, 538, 539, 542, 544, 547, 550, 552, 554, 557, 560, 563, 567, 572, 577, 582, 586, 591, 596, 576, 601, 612, 619, 604, 634, 642]
[0, 583, 578, 573, 568, 565, 561, 558, 555, 553, 550, 547, 544, 541, 540, 539, 535, 537, 536, 535, 534, 534, 533, 532, 530, 529, 529, 530, 530, 530, 529, 526, 521, 518, 517, 0, 0, 538, 541, 543, 546, 549, 552, 554, 556, 559, 562, 566, 570, 574, 580, 585, 589, 593, 599, 604, 610, 615, 624, 632, 640]
[0, 591, 588, 583, 578, 575, 570, 566, 563, 560, 558, 555, 553, 551, 548, 546, 544, 543, 536, 542, 541, 540, 533, 540, 532, 533, 532, 533, 533, 534, 530, 524, 520, 517, 517, 0, 0, 544, 546, 549, 552, 0, 557, 560, 563, 566, 570, 574, 579, 583, 580, 593, 589, 597, 602, 608, 614, 620, 627, 634, 642]
[0, 599, 594, 591, 587, 583, 579, 575, 571, 568, 565, 563, 559, 557, 548, 556, 552, 551, 536, 550, 549, 548, 548, 547, 540, 539, 539, 539, 539, 540, 533, 525, 521, 518, 517, 0, 0, 549, 551, 554, 557, 559, 561, 564, 567, 571, 575, 579, 583, 587, 592, 596, 601, 607, 612, 617, 623, 631, 638, 634, 654]
[0, 598, 593, 589, 585, 580, 576, 575, 573, 570, 566, 564, 561, 559, 557, 555, 553, 552, 551, 550, 550, 549, 548, 547, 547, 547, 547, 547, 548, 539, 528, 524, 522, 519, 517, 0, 0, 0, 561, 563, 565, 567, 570, 573, 577, 582, 585, 588, 593, 587, 602, 606, 610, 607, 616, 621, 628, 635, 643, 651, 666]
[0, 599, 594, 591, 587, 583, 579, 575, 572, 568, 564, 561, 560, 559, 558, 557, 554, 552, 551, 551, 550, 549, 550, 549, 547, 547, 547, 547, 544, 535, 528, 524, 524, 521, 518, 0, 0, 0, 559, 562, 564, 566, 568, 571, 575, 579, 582, 586, 590, 595, 600, 604, 608, 614, 619, 624, 631, 639, 647, 654, 662]
[0, 602, 597, 593, 588, 584, 580, 576, 573, 570, 567, 563, 561, 559, 557, 555, 554, 553, 552, 551, 550, 549, 550, 549, 548, 548, 548, 548, 547, 539, 529, 525, 522, 519, 517, 0, 0, 0, 561, 564, 566, 0, 571, 576, 580, 584, 587, 591, 590, 595, 599, 604, 608, 613, 618, 625, 631, 639, 646, 652, 660]
[0, 615, 610, 606, 602, 598, 594, 591, 589, 585, 581, 579, 561, 576, 573, 571, 569, 568, 567, 565, 564, 564, 564, 549, 548, 548, 548, 548, 548, 0, 529, 526, 523, 520, 518, 0, 0, 0, 561, 564, 565, 567, 570, 574, 577, 581, 585, 589, 593, 597, 602, 606, 611, 616, 621, 628, 636, 644, 651, 658, 666]
[0, 624, 619, 614, 609, 605, 601, 598, 595, 592, 588, 585, 582, 580, 578, 576, 575, 574, 572, 571, 570, 569, 569, 564, 563, 563, 563, 562, 0, 534, 531, 527, 523, 524, 521, 519, 519, 0, 0, 582, 565, 584, 586, 589, 592, 596, 599, 604, 609, 613, 616, 621, 626, 632, 638, 645, 650, 657, 665, 673, 681]
[0, 619, 615, 610, 606, 605, 602, 598, 595, 592, 589, 587, 584, 581, 579, 577, 575, 573, 572, 571, 570, 570, 569, 568, 563, 568, 563, 568, 0, 537, 534, 531, 527, 524, 522, 520, 520, 0, 0, 0, 587, 590, 592, 595, 599, 603, 606, 610, 614, 618, 622, 628, 633, 639, 645, 651, 658, 666, 673, 681, 689]
[0, 627, 623, 618, 613, 610, 606, 603, 599, 596, 593, 590, 587, 585, 583, 581, 579, 573, 578, 576, 570, 575, 569, 574, 568, 568, 568, 0, 0, 539, 534, 531, 528, 525, 522, 520, 519, 0, 0, 0, 586, 589, 592, 595, 598, 602, 605, 609, 613, 617, 621, 626, 632, 638, 644, 649, 656, 664, 671, 679, 688]
[0, 629, 623, 619, 615, 610, 609, 603, 605, 601, 598, 596, 593, 590, 588, 587, 586, 584, 583, 582, 581, 580, 580, 574, 573, 573, 573, 573, 0, 537, 533, 530, 527, 524, 523, 522, 520, 0, 0, 0, 594, 595, 598, 601, 605, 608, 612, 615, 620, 624, 628, 634, 639, 645, 651, 658, 664, 671, 679, 687, 696]
[0, 643, 638, 633, 629, 625, 621, 617, 613, 610, 607, 604, 602, 590, 599, 596, 586, 595, 593, 592, 591, 591, 591, 579, 578, 578, 579, 0, 539, 535, 533, 532, 529, 527, 525, 523, 522, 522, 0, 0, 598, 595, 604, 0, 608, 614, 612, 623, 620, 628, 632, 643, 648, 645, 659, 665, 664, 673, 681, 698, 706]
[0, 644, 639, 633, 630, 626, 621, 618, 615, 612, 607, 604, 602, 600, 598, 597, 595, 594, 592, 592, 591, 591, 591, 590, 590, 589, 589, 0, 542, 538, 535, 532, 529, 527, 526, 525, 525, 522, 526, 0, 0, 612, 614, 617, 621, 626, 629, 634, 639, 644, 648, 653, 659, 665, 670, 677, 684, 693, 700, 708, 717]
[0, 645, 640, 634, 631, 627, 622, 619, 615, 612, 608, 605, 603, 600, 599, 597, 595, 594, 593, 593, 592, 591, 590, 590, 589, 589, 589, 0, 542, 539, 535, 532, 530, 528, 526, 525, 525, 526, 531, 0, 608, 611, 614, 617, 620, 624, 629, 633, 638, 643, 647, 652, 658, 663, 669, 676, 682, 690, 699, 707, 715]
[0, 647, 640, 642, 636, 632, 628, 624, 621, 617, 613, 610, 607, 605, 603, 601, 600, 599, 598, 596, 595, 596, 595, 589, 590, 590, 589, 0, 543, 540, 536, 533, 531, 528, 526, 526, 525, 526, 529, 0, 608, 611, 614, 617, 620, 623, 627, 632, 637, 643, 647, 651, 656, 662, 669, 675, 681, 690, 698, 706, 714]
[0, 648, 644, 638, 633, 632, 629, 626, 618, 617, 615, 612, 609, 606, 604, 603, 601, 599, 598, 598, 597, 597, 596, 594, 594, 594, 589, 0, 544, 541, 537, 533, 531, 529, 527, 526, 527, 527, 528, 0, 608, 0, 619, 622, 625, 628, 632, 636, 642, 648, 652, 656, 662, 668, 673, 680, 687, 695, 703, 710, 718]
[0, 658, 652, 638, 645, 632, 642, 637, 633, 630, 627, 622, 618, 616, 615, 614, 612, 611, 610, 608, 608, 607, 606, 595, 595, 595, 0, 546, 542, 538, 537, 533, 531, 530, 529, 528, 527, 527, 528, 0, 614, 618, 619, 625, 629, 632, 632, 636, 641, 651, 652, 655, 667, 668, 679, 680, 694, 695, 702, 709, 718]
[0, 662, 656, 650, 647, 643, 639, 635, 631, 627, 624, 621, 618, 616, 615, 612, 612, 612, 610, 608, 608, 608, 607, 606, 605, 605, 0, 548, 542, 544, 540, 537, 534, 532, 530, 530, 531, 531, 533, 536, 614, 618, 0, 625, 637, 642, 645, 649, 653, 658, 664, 669, 674, 680, 686, 694, 701, 708, 716, 724, 733]
[0, 674, 668, 663, 659, 656, 652, 648, 644, 640, 637, 634, 631, 629, 627, 625, 612, 621, 620, 608, 618, 608, 618, 617, 606, 606, 0, 548, 545, 541, 538, 535, 533, 532, 531, 530, 530, 532, 534, 536, 614, 618, 0, 635, 639, 643, 648, 652, 656, 662, 668, 673, 677, 683, 691, 698, 705, 713, 720, 729, 738]
[0, 679, 674, 669, 665, 661, 657, 653, 649, 646, 643, 640, 637, 634, 632, 630, 628, 627, 625, 624, 623, 0, 618, 584, 617, 617, 0, 551, 546, 543, 541, 538, 536, 534, 534, 534, 534, 536, 539, 543, 553, 0, 645, 649, 653, 656, 660, 665, 670, 675, 680, 685, 691, 698, 704, 710, 718, 725, 734, 743, 752]
[0, 678, 673, 668, 664, 660, 657, 652, 648, 645, 642, 640, 637, 634, 632, 630, 628, 627, 625, 624, 624, 618, 0, 579, 617, 617, 0, 553, 549, 545, 542, 539, 537, 536, 535, 535, 536, 538, 540, 544, 0, 648, 652, 656, 660, 656, 669, 665, 678, 683, 680, 695, 701, 698, 707, 720, 729, 737, 745, 757, 766]
[0, 678, 681, 676, 671, 667, 664, 660, 656, 652, 649, 646, 645, 641, 639, 638, 636, 634, 633, 632, 624, 0, 582, 579, 571, 577, 0, 551, 547, 544, 541, 538, 536, 535, 534, 534, 536, 538, 542, 547, 0, 0, 649, 654, 658, 661, 666, 670, 674, 679, 684, 690, 698, 704, 709, 716, 722, 731, 739, 747, 757]
[0, 697, 692, 676, 686, 682, 678, 674, 670, 666, 663, 659, 656, 655, 653, 651, 649, 648, 646, 645, 0, 0, 581, 574, 567, 562, 0, 550, 547, 546, 543, 541, 539, 3968, 537, 538, 538, 539, 543, 548, 560, 655, 658, 654, 665, 670, 675, 679, 674, 684, 690, 696, 708, 704, 714, 727, 735, 744, 739, 763, 772]
[0, 700, 695, 689, 684, 680, 675, 672, 668, 664, 662, 659, 656, 654, 652, 650, 649, 647, 646, 645, 642, 0, 585, 574, 565, 560, 0, 551, 547, 551, 547, 542, 539, 541, 541, 541, 542, 545, 549, 556, 560, 0, 672, 676, 680, 684, 688, 693, 699, 705, 710, 715, 721, 728, 735, 743, 752, 760, 768, 777, 790]
[0, 700, 695, 689, 684, 680, 675, 671, 668, 664, 661, 658, 656, 653, 652, 651, 649, 648, 647, 646, 637, 0, 585, 576, 569, 565, 559, 554, 551, 549, 545, 543, 542, 541, 541, 542, 544, 547, 549, 556, 0, 667, 671, 674, 678, 683, 688, 693, 698, 703, 709, 714, 719, 725, 732, 740, 749, 757, 766, 775, 785]
[0, 718, 713, 708, 703, 698, 694, 690, 686, 683, 680, 658, 673, 653, 671, 669, 667, 666, 665, 664, 0, 594, 581, 575, 568, 565, 558, 553, 551, 548, 545, 128, 541, 541, 541, 542, 545, 548, 549, 556, 0, 668, 671, 675, 679, 683, 688, 693, 699, 704, 710, 738, 745, 753, 760, 768, 776, 784, 794, 804, 813]
[0, 721, 715, 710, 706, 701, 696, 693, 689, 684, 681, 678, 675, 673, 670, 668, 667, 666, 665, 0, 0, 0, 586, 577, 565, 560, 556, 551, 549, 545, 545, 549, 546, 541, 546, 547, 550, 554, 549, 0, 685, 689, 693, 698, 702, 706, 710, 715, 720, 726, 732, 739, 747, 754, 761, 769, 778, 787, 797, 805, 815]
[0, 725, 719, 714, 709, 705, 702, 697, 693, 684, 689, 686, 683, 680, 677, 676, 674, 673, 672, 671, 0, 591, 581, 577, 570, 563, 557, 551, 549, 548, 548, 548, 547, 546, 547, 549, 552, 557, 567, 0, 681, 687, 691, 695, 699, 704, 708, 712, 717, 722, 728, 735, 742, 750, 757, 765, 773, 782, 791, 800, 810]
[0, 725, 720, 714, 709, 705, 702, 697, 693, 684, 689, 683, 683, 680, 677, 676, 675, 673, 672, 671, 0, 0, 581, 574, 564, 563, 556, 552, 549, 549, 548, 549, 550, 549, 549, 550, 553, 559, 568, 0, 0, 698, 701, 705, 709, 714, 718, 724, 729, 735, 742, 750, 758, 750, 772, 780, 773, 797, 791, 806, 826]
[0, 736, 729, 723, 718, 714, 710, 707, 703, 699, 696, 692, 689, 686, 684, 682, 680, 679, 678, 0, 0, 0, 584, 576, 563, 558, 556, 551, 549, 549, 548, 550, 550, 549, 549, 551, 553, 558, 567, 0, 0, 697, 701, 705, 709, 713, 718, 723, 729, 734, 741, 749, 757, 764, 771, 779, 787, 796, 806, 816, 825]
[0, 730, 725, 720, 715, 714, 710, 706, 704, 701, 697, 694, 691, 686, 684, 682, 680, 678, 678, 675, 0, 590, 580, 576, 566, 562, 559, 554, 551, 550, 548, 548, 551, 552, 552, 555, 559, 567, 567, 0, 0, 703, 708, 712, 714, 717, 722, 729, 735, 740, 746, 753, 760, 767, 775, 783, 791, 800, 809, 819, 829]
[0, 757, 752, 746, 740, 735, 730, 726, 721, 718, 716, 714, 711, 686, 709, 707, 705, 703, 702, 702, 0, 0, 579, 576, 563, 559, 556, 554, 552, 549, 547, 545, 549, 553, 551, 553, 557, 563, 0, 698, 701, 705, 709, 713, 716, 721, 728, 733, 738, 744, 751, 753, 758, 765, 782, 791, 798, 806, 815, 825, 834]
[0, 757, 752, 746, 740, 735, 731, 727, 724, 720, 716, 714, 711, 709, 708, 705, 703, 702, 702, 701, 0, 0, 582, 572, 565, 559, 555, 552, 552, 550, 547, 552, 553, 559, 566, 568, 578, 563, 0, 0, 726, 729, 732, 736, 740, 745, 751, 757, 762, 768, 775, 782, 790, 798, 805, 814, 823, 830, 838, 848, 861]
[0, 772, 767, 761, 757, 752, 747, 742, 737, 734, 731, 728, 724, 722, 721, 718, 717, 716, 715, 701, 0, 0, 582, 573, 566, 563, 558, 553, 551, 550, 549, 550, 554, 559, 564, 567, 575, 563, 0, 0, 724, 728, 731, 735, 739, 744, 750, 755, 760, 767, 773, 779, 786, 794, 802, 810, 819, 828, 835, 845, 857]
[0, 773, 767, 761, 757, 752, 747, 742, 737, 734, 731, 728, 724, 722, 721, 718, 717, 716, 715, 701, 0, 597, 583, 575, 567, 560, 556, 553, 551, 550, 550, 551, 554, 559, 564, 572, 584, 563, 0, 0, 739, 744, 748, 751, 755, 760, 765, 769, 774, 783, 790, 795, 802, 820, 802, 828, 835, 843, 853, 872, 857]
[0, 772, 767, 761, 756, 751, 746, 742, 737, 734, 731, 728, 724, 722, 721, 718, 717, 715, 714, 701, 0, 0, 582, 575, 567, 560, 555, 553, 551, 550, 550, 551, 554, 560, 564, 571, 584, 563, 0, 0, 739, 743, 747, 751, 755, 760, 765, 769, 774, 781, 795, 802, 802, 810, 817, 834, 835, 852, 853, 872, 881]
[0, 789, 783, 777, 772, 767, 746, 760, 737, 754, 751, 748, 744, 742, 739, 738, 737, 735, 732, 0, 0, 593, 579, 575, 568, 560, 555, 553, 551, 550, 550, 551, 554, 559, 564, 572, 584, 563, 0, 0, 739, 743, 748, 751, 755, 760, 764, 769, 774, 783, 789, 795, 802, 810, 819, 827, 834, 843, 853, 863, 872]
[0, 794, 787, 781, 776, 771, 767, 762, 758, 754, 750, 747, 744, 741, 739, 737, 735, 734, 732, 0, 0, 0, 587, 576, 563, 560, 556, 553, 551, 552, 552, 551, 556, 559, 570, 581, 584, 563, 0, 755, 760, 764, 768, 771, 774, 779, 785, 791, 798, 804, 811, 818, 825, 832, 839, 849, 859, 868, 877, 886, 895]
[0, 808, 802, 781, 796, 786, 767, 781, 776, 773, 769, 766, 763, 761, 758, 755, 753, 752, 752, 0, 0, 593, 587, 580, 567, 563, 562, 557, 551, 551, 552, 553, 556, 560, 565, 581, 0, 749, 754, 758, 763, 767, 769, 773, 777, 782, 787, 794, 801, 807, 814, 822, 829, 836, 844, 853, 863, 871, 880, 890, 901]
[0, 813, 806, 800, 794, 789, 784, 780, 776, 771, 768, 765, 762, 759, 757, 755, 753, 752, 750, 0, 0, 0, 586, 580, 570, 566, 562, 556, 554, 551, 550, 552, 554, 559, 566, 574, 588, 749, 0, 777, 780, 784, 788, 793, 797, 802, 808, 814, 820, 826, 832, 839, 847, 856, 864, 872, 879, 889, 899, 909, 921]
[0, 831, 826, 820, 815, 809, 805, 800, 795, 791, 787, 783, 780, 777, 774, 772, 771, 769, 767, 0, 0, 0, 585, 575, 567, 563, 558, 555, 556, 553, 554, 557, 557, 562, 569, 574, 0, 771, 774, 777, 782, 0, 786, 791, 795, 800, 805, 811, 818, 823, 829, 835, 843, 852, 861, 868, 876, 885, 894, 904, 915]
[0, 831, 827, 821, 815, 810, 806, 802, 796, 792, 788, 784, 781, 778, 775, 773, 771, 770, 769, 0, 0, 0, 590, 577, 569, 561, 556, 553, 553, 553, 553, 557, 560, 564, 572, 584, 0, 771, 791, 795, 802, 0, 805, 809, 813, 818, 825, 830, 835, 842, 849, 857, 865, 871, 878, 887, 895, 905, 916, 927, 937]
[0, 842, 834, 830, 825, 820, 814, 810, 806, 802, 800, 796, 790, 787, 784, 782, 781, 780, 778, 0, 0, 0, 588, 578, 568, 561, 560, 559, 554, 552, 553, 553, 556, 562, 570, 584, 0, 789, 793, 797, 801, 804, 808, 812, 816, 822, 827, 832, 837, 844, 853, 862, 869, 875, 884, 893, 902, 912, 922, 933, 943]
[0, 839, 833, 829, 823, 819, 814, 809, 806, 801, 797, 794, 791, 787, 784, 782, 781, 779, 779, 0, 0, 0, 589, 578, 568, 560, 558, 558, 557, 555, 555, 555, 557, 564, 570, 584, 0, 800, 803, 807, 810, 814, 819, 824, 828, 832, 836, 843, 850, 858, 865, 871, 877, 885, 893, 903, 913, 923, 934, 943, 954]
[0, 865, 860, 829, 848, 819, 842, 836, 833, 826, 797, 822, 818, 815, 813, 810, 808, 807, 807, 0, 0, 597, 583, 577, 568, 563, 559, 557, 558, 554, 552, 555, 560, 566, 572, 583, 0, 800, 803, 807, 811, 814, 818, 823, 828, 832, 837, 844, 851, 858, 865, 871, 878, 886, 893, 903, 913, 923, 933, 943, 954]
[0, 868, 862, 856, 850, 844, 838, 835, 831, 827, 824, 820, 816, 814, 812, 810, 808, 807, 806, 0, 0, 603, 588, 573, 568, 560, 556, 557, 554, 555, 556, 556, 560, 568, 576, 583, 0, 826, 829, 832, 834, 838, 844, 850, 855, 861, 867, 872, 877, 883, 890, 898, 905, 915, 924, 934, 944, 952, 962, 975, 987]
[0, 879, 873, 868, 863, 858, 851, 847, 843, 838, 824, 830, 816, 829, 824, 810, 822, 820, 818, 0, 0, 597, 583, 575, 566, 562, 558, 557, 556, 553, 555, 560, 566, 574, 576, 583, 0, 0, 829, 832, 835, 839, 844, 849, 854, 860, 866, 871, 876, 883, 890, 897, 904, 914, 924, 934, 943, 951, 962, 975, 987]
[0, 885, 878, 873, 869, 864, 859, 855, 850, 845, 840, 836, 833, 831, 829, 810, 827, 826, 825, 824, 0, 598, 584, 575, 573, 566, 560, 558, 556, 552, 555, 559, 562, 579, 576, 591, 0, 836, 840, 846, 849, 855, 860, 864, 868, 874, 879, 885, 891, 898, 905, 914, 924, 934, 942, 950, 959, 970, 983, 995, 1006]
[0, 888, 881, 875, 870, 865, 860, 856, 853, 846, 840, 837, 834, 831, 830, 828, 827, 826, 824, 824, 0, 603, 588, 574, 573, 566, 561, 561, 558, 554, 558, 560, 562, 568, 592, 591, 0, 845, 849, 852, 856, 861, 865, 869, 873, 880, 884, 890, 898, 905, 913, 920, 929, 939, 948, 957, 969, 981, 990, 1001, 1013]
[0, 908, 901, 875, 890, 865, 885, 880, 875, 872, 869, 864, 861, 859, 856, 852, 851, 850, 848, 824, 0, 0, 596, 586, 568, 561, 561, 556, 558, 558, 558, 560, 567, 568, 576, 591, 0, 844, 849, 852, 855, 860, 866, 870, 874, 879, 885, 891, 897, 903, 911, 920, 929, 938, 946, 954, 965, 977, 989, 1000, 1011]
[0, 920, 912, 906, 901, 865, 896, 891, 886, 881, 877, 875, 872, 869, 866, 863, 862, 861, 859, 0, 0, 0, 596, 587, 574, 565, 562, 560, 558, 561, 561, 560, 566, 572, 583, 0, 0, 871, 874, 878, 882, 887, 891, 895, 900, 907, 914, 921, 929, 936, 943, 950, 958, 967, 979, 991, 1001, 1011, 1022, 1034, 1047]
[0, 930, 923, 916, 909, 903, 899, 891, 890, 881, 882, 875, 879, 877, 874, 872, 869, 868, 867, 0, 0, 0, 598, 588, 576, 566, 560, 556, 556, 559, 561, 564, 568, 573, 584, 600, 0, 881, 884, 888, 893, 897, 901, 907, 913, 919, 926, 933, 939, 947, 954, 962, 972, 983, 992, 1002, 1013, 1024, 1034, 1047, 1061]
[0, 935, 929, 921, 914, 909, 902, 897, 893, 889, 885, 882, 880, 876, 873, 872, 869, 868, 867, 0, 0, 0, 595, 588, 577, 566, 561, 558, 557, 558, 559, 562, 568, 573, 583, 599, 0, 888, 892, 895, 900, 905, 910, 915, 921, 928, 935, 940, 947, 954, 963, 972, 981, 990, 1000, 1011, 1022, 1032, 1044, 1057, 1070]
[0, 930, 923, 916, 909, 904, 899, 895, 891, 887, 885, 879, 877, 874, 873, 870, 869, 868, 868, 0, 0, 602, 590, 585, 574, 565, 561, 560, 560, 558, 559, 564, 569, 576, 583, 599, 0, 891, 894, 897, 902, 908, 914, 920, 925, 930, 937, 943, 950, 957, 966, 976, 986, 995, 1005, 1014, 1025, 1036, 1048, 1060, 1071]
[0, 966, 959, 952, 947, 942, 937, 933, 928, 923, 918, 915, 912, 908, 906, 870, 903, 902, 868, 900, 0, 603, 590, 578, 574, 569, 563, 561, 560, 559, 559, 564, 573, 583, 597, 599, 0, 889, 891, 895, 900, 905, 910, 915, 920, 926, 933, 940, 947, 953, 961, 970, 980, 991, 1008, 1014, 1018, 1042, 1048, 1065, 1078]
[0, 966, 1001, 996, 989, 983, 978, 972, 966, 960, 954, 951, 949, 946, 943, 940, 939, 938, 936, 900, 0, 0, 599, 588, 570, 569, 564, 562, 562, 562, 564, 564, 577, 583, 597, 599, 0, 930, 933, 937, 941, 946, 952, 955, 961, 968, 975, 983, 991, 998, 1005, 1014, 1023, 1032, 1042, 1054, 1065, 1075, 1086, 1114, 1130]
[0, 1004, 997, 992, 986, 979, 972, 967, 961, 960, 951, 951, 945, 946, 940, 940, 939, 936, 936, 935, 0, 605, 591, 588, 578, 571, 567, 565, 564, 565, 567, 571, 575, 583, 597, 0, 961, 966, 971, 976, 979, 985, 993, 998, 1002, 1009, 1017, 1024, 1032, 1041, 1050, 1059, 1069, 1078, 1090, 1102, 1115, 1128, 1141, 1155, 1170]
[0, 1006, 999, 995, 990, 983, 975, 970, 964, 957, 952, 949, 946, 945, 943, 941, 938, 936, 936, 935, 0, 0, 595, 588, 580, 572, 567, 565, 564, 564, 566, 569, 573, 580, 597, 0, 0, 964, 970, 976, 980, 986, 993, 997, 1001, 1006, 1013, 1021, 1029, 1037, 1046, 1058, 1068, 1078, 1088, 1099, 1111, 1124, 1136, 1151, 1166]
[0, 1048, 1041, 1034, 1028, 1022, 1017, 1011, 1006, 1002, 997, 994, 991, 989, 943, 984, 938, 980, 936, 977, 0, 0, 595, 585, 577, 570, 566, 565, 564, 565, 568, 572, 577, 580, 597, 0, 965, 969, 974, 978, 982, 990, 996, 1000, 1006, 1013, 1020, 1027, 1034, 1043, 1055, 1065, 1074, 1085, 1095, 1107, 1122, 1136, 1148, 1162, 1179]
[0, 1051, 1044, 1037, 1030, 1025, 1019, 1013, 1008, 1002, 998, 995, 992, 989, 987, 983, 982, 981, 980, 977, 0, 0, 599, 585, 585, 575, 571, 569, 568, 568, 570, 577, 577, 585, 598, 0, 1007, 1009, 1014, 1019, 1024, 1028, 1033, 1039, 1046, 1054, 1061, 1068, 1076, 1089, 1103, 1115, 1127, 1139, 1150, 1157, 1166, 1177, 1190, 1206, 1224]
[0, 1064, 1058, 1051, 1044, 1037, 1030, 1026, 1021, 1016, 1012, 1007, 1003, 1002, 1000, 997, 994, 993, 992, 977, 0, 0, 600, 588, 578, 573, 0, 568, 568, 569, 571, 575, 581, 585, 598, 0, 1008, 1012, 1017, 1022, 1025, 1030, 1037, 1044, 1052, 1059, 1067, 1075, 1087, 1099, 1109, 1123, 1135, 1142, 1150, 1165, 1174, 1184, 1201, 1219, 1234]
[0, 1078, 1071, 1066, 1059, 1052, 1045, 1038, 1034, 1030, 1025, 1022, 1019, 1016, 1014, 1011, 1009, 1007, 1006, 977, 0, 0, 600, 589, 581, 574, 0, 568, 568, 570, 572, 575, 582, 585, 598, 0, 1022, 1025, 1029, 1035, 1041, 1047, 1053, 1059, 1069, 1078, 1084, 1093, 1102, 1113, 1125, 1135, 1148, 1158, 1165, 1175, 1189, 1207, 1224, 1239, 1253]
[0, 1077, 1069, 1063, 1058, 1051, 1044, 1037, 1033, 1030, 1026, 1022, 1018, 1015, 1013, 1011, 1009, 1007, 1006, 977, 0, 0, 600, 598, 581, 575, 573, 571, 570, 570, 574, 579, 587, 599, 598, 0, 1041, 1046, 1050, 1053, 1060, 1066, 1070, 1075, 1084, 1093, 1103, 1114, 1122, 1133, 1144, 1153, 1165, 1176, 1183, 1194, 1211, 1227, 1241, 1256, 1271]
[0, 1077, 1069, 1063, 1057, 1051, 1044, 1037, 1033, 1030, 1026, 1022, 1018, 1015, 1012, 1011, 1011, 1007, 1006, 977, 0, 0, 598, 598, 586, 577, 574, 572, 571, 572, 572, 575, 582, 592, 606, 0, 1037, 1043, 1049, 1053, 1056, 1061, 1066, 1071, 1078, 1088, 1096, 1106, 1116, 1126, 1137, 1145, 1157, 1167, 1175, 1187, 1201, 1217, 1232, 1249, 1264]
[0, 1131, 1122, 1115, 1107, 1099, 1094, 1089, 1082, 1078, 1073, 1068, 1066, 1063, 1060, 1057, 1055, 1052, 1051, 1051, 0, 0, 0, 598, 586, 577, 574, 572, 571, 571, 572, 575, 582, 592, 606, 0, 1037, 1043, 1049, 1052, 1056, 1061, 1066, 1071, 1077, 1087, 1096, 1106, 1116, 1126, 1137, 1145, 1156, 1166, 1175, 1188, 1202, 1217, 1233, 1250, 1264]
[0, 1145, 1137, 1128, 1121, 1116, 1110, 1102, 1095, 1089, 1083, 1080, 1078, 1075, 1070, 1067, 1066, 1064, 1063, 1062, 0, 0, 0, 600, 590, 581, 577, 575, 574, 575, 578, 584, 592, 605, 0, 1083, 1090, 1095, 1099, 1105, 1110, 1114, 1121, 1129, 1136, 1145, 1154, 1162, 1170, 1178, 1188, 1201, 1212, 1222, 1233, 1244, 1253, 1265, 1277, 1288, 1300]
[0, 1144, 1136, 1128, 1120, 1113, 1106, 1099, 1094, 1088, 1083, 1080, 1076, 1073, 1069, 1066, 1064, 1063, 1062, 1061, 0, 0, 0, 600, 590, 582, 577, 575, 575, 575, 579, 585, 594, 608, 0, 1097, 1104, 1107, 1111, 1116, 1122, 1128, 1135, 1141, 1149, 1157, 1165, 1171, 1179, 1190, 1200, 1212, 1218, 1225, 1236, 1244, 1254, 1265, 1276, 1287, 1300]
[0, 1144, 1136, 1128, 1120, 1113, 1106, 1099, 1093, 1088, 1083, 1080, 1077, 1073, 1069, 1066, 1065, 1063, 1062, 1061, 0, 0, 612, 599, 588, 581, 578, 576, 575, 577, 579, 588, 594, 608, 0, 1100, 1104, 1108, 1113, 1118, 1125, 1130, 1136, 1144, 1149, 1152, 1161, 1169, 1175, 1182, 1193, 1206, 1215, 1221, 1228, 1237, 1247, 1258, 1269, 1280, 1291]
[0, 1153, 1136, 1146, 1138, 1130, 1123, 1117, 1111, 1105, 1099, 1095, 1092, 1088, 1085, 1082, 1081, 1080, 1078, 1078, 0, 0, 0, 599, 588, 581, 581, 576, 575, 577, 579, 581, 588, 608, 0, 1102, 1104, 1108, 1114, 0, 1119, 1125, 1130, 1136, 1143, 1153, 1163, 1169, 1176, 1183, 1193, 1206, 1213, 1219, 1229, 1239, 1247, 1258, 1270, 1280, 1290]
[0, 1178, 1171, 1163, 1158, 1153, 1143, 1136, 1132, 1127, 1122, 1120, 1116, 1112, 1108, 1105, 1104, 1105, 1103, 1100, 0, 0, 0, 0, 593, 585, 580, 578, 576, 577, 581, 588, 588, 608, 0, 1114, 1118, 1121, 1127, 1132, 1136, 1142, 1151, 1158, 1163, 1169, 1174, 1177, 1184, 1193, 1200, 1210, 1220, 1228, 1237, 1239, 1246, 1256, 1266, 1275, 1288]
[0, 1191, 1185, 1178, 1171, 1163, 1158, 1155, 1147, 1140, 1134, 1130, 1128, 1126, 1124, 1120, 1118, 1116, 1115, 1115, 0, 0, 0, 603, 593, 593, 586, 582, 580, 581, 583, 587, 596, 608, 0, 0, 1134, 1138, 1141, 1144, 1147, 1147, 1147, 1151, 1157, 1160, 1167, 1175, 1181, 1189, 1195, 1201, 1210, 1219, 1228, 1239, 1248, 1258, 1270, 1280, 1290]
[0, 1184, 1178, 1178, 1172, 1166, 1161, 1155, 1149, 1142, 1136, 1131, 1128, 1128, 1124, 1121, 1119, 1115, 1115, 1113, 1114, 0, 0, 607, 593, 597, 590, 583, 580, 584, 583, 596, 608, 608, 0, 1134, 1134, 1135, 1138, 1138, 1141, 1145, 1147, 1151, 1156, 1162, 1169, 1176, 1182, 1188, 1195, 1201, 1210, 1219, 1229, 1239, 1248, 1258, 1269, 1279, 1290]
[0, 1191, 1183, 1176, 1169, 1163, 1159, 1155, 1149, 1142, 1134, 1131, 1129, 1126, 1122, 1118, 1117, 1117, 1115, 1114, 1114, 0, 621, 610, 598, 590, 585, 583, 582, 583, 586, 593, 603, 608, 0, 1138, 1136, 1136, 1137, 1140, 1145, 1148, 1152, 1157, 1161, 1166, 1173, 1178, 1185, 1192, 1200, 1209, 1218, 1227, 1233, 1243, 1254, 1264, 1275, 1285, 1296]
[0, 1191, 1185, 1178, 1170, 1163, 1159, 1155, 1148, 1140, 1134, 1130, 1128, 1127, 1125, 1121, 1118, 1117, 1115, 1115, 1114, 0, 0, 610, 594, 590, 586, 582, 581, 581, 585, 591, 597, 610, 0, 1135, 1133, 1136, 1138, 1139, 1142, 1145, 1149, 1153, 1158, 1163, 1169, 1175, 1181, 1187, 1194, 1202, 1208, 1217, 1230, 1240, 1247, 1258, 1270, 1281, 1291]
[0, 1268, 1260, 1254, 1246, 1240, 1234, 1225, 1220, 1210, 1198, 1191, 1183, 1176, 1171, 1164, 1159, 1156, 1153, 1148, 1142, 1140, 0, 607, 597, 590, 585, 583, 581, 582, 589, 596, 608, 610, 0, 1133, 1134, 1138, 1138, 1138, 1141, 1145, 1148, 1152, 1156, 1162, 1169, 1175, 1181, 1188, 1195, 1201, 1209, 1219, 1229, 1239, 1247, 1258, 1269, 1279, 1289]
[0, 1263, 1255, 1248, 1241, 1235, 1228, 1225, 1222, 1212, 1194, 1191, 1187, 1181, 1173, 1165, 1159, 1155, 1152, 1150, 1146, 1141, 0, 0, 620, 608, 602, 600, 598, 599, 602, 609, 608, 0, 1127, 1130, 1133, 1136, 1137, 1140, 1144, 1147, 1151, 1156, 1160, 1163, 1167, 1174, 1182, 1186, 1194, 1203, 1211, 1222, 1233, 1243, 1252, 1260, 1269, 1281, 1292]
[0, 1279, 1269, 1248, 1260, 1248, 1235, 1227, 1217, 1207, 1199, 1191, 1185, 1177, 1171, 1165, 1160, 1155, 1150, 1146, 1143, 1141, 0, 0, 623, 612, 604, 601, 599, 599, 601, 609, 608, 0, 1127, 1130, 1132, 1133, 1136, 1139, 1142, 1145, 1148, 1152, 1156, 1161, 1165, 1172, 1179, 1186, 1193, 1200, 1207, 1215, 1225, 1236, 1246, 1256, 1266, 1277, 1288]
[0, 1285, 1273, 1263, 1251, 1241, 1232, 1223, 1213, 1204, 1195, 1187, 1180, 1175, 1168, 1160, 1155, 1153, 1149, 1144, 1142, 1138, 1138, 0, 623, 0, 627, 618, 614, 614, 0, 609, 0, 1126, 1127, 1129, 1132, 1133, 1136, 1138, 1141, 1145, 1148, 1149, 1154, 1160, 1165, 1169, 1177, 1187, 1193, 1199, 1205, 1216, 1226, 1233, 1242, 1252, 1262, 1272, 1285]
[0, 1286, 1273, 1263, 1251, 1241, 1232, 1223, 1213, 1204, 1195, 1187, 1180, 1175, 1168, 1160, 1155, 1152, 1149, 1145, 1142, 1140, 1134, 0, 0, 632, 623, 617, 613, 615, 623, 0, 1124, 1125, 1127, 1130, 1132, 1135, 1137, 1140, 1143, 1146, 1148, 1151, 1155, 1159, 1165, 1171, 1179, 1186, 1192, 1198, 1206, 1217, 1227, 1236, 1246, 1255, 1266, 1277, 1288]
[0, 1285, 1273, 1263, 1251, 1240, 1232, 1222, 1213, 1203, 1194, 1187, 1180, 1175, 1167, 1160, 1156, 1152, 1149, 1145, 1141, 1137, 1135, 0, 0, 632, 623, 617, 613, 615, 623, 0, 1124, 1125, 1128, 1129, 1132, 1135, 1137, 1139, 1141, 1144, 1147, 1151, 1155, 1160, 1166, 1171, 1179, 1186, 1193, 1200, 1208, 1219, 1227, 1236, 1246, 1257, 1267, 1278, 1289]
[0, 1279, 1268, 1258, 1246, 1235, 1227, 1217, 1208, 1203, 1200, 1193, 1186, 1180, 1172, 1165, 1159, 1155, 1151, 1147, 1142, 1140, 1136, 0, 0, 0, 633, 625, 620, 625, 640, 0, 1125, 1126, 1127, 1130, 1132, 1135, 1137, 1138, 1140, 1143, 1148, 1152, 1155, 1160, 1165, 1173, 1181, 1187, 1194, 1202, 1210, 1221, 1231, 1238, 1246, 1257, 1268, 1278, 1289]
[0, 1281, 1270, 1259, 1248, 1236, 1228, 1218, 1208, 1200, 1191, 1184, 1178, 1170, 1172, 1158, 1159, 1154, 1145, 1147, 1142, 1139, 1136, 1135, 0, 0, 637, 629, 622, 621, 628, 0, 1123, 1126, 1126, 1127, 1131, 1133, 1134, 1138, 1141, 1144, 1148, 1150, 1153, 1157, 1162, 1171, 1179, 1184, 1189, 1196, 1204, 1214, 1223, 1231, 1241, 1250, 1261, 1272, 1281]
[0, 1285, 1273, 1262, 1250, 1240, 1230, 1218, 1207, 1200, 1194, 1187, 1180, 1173, 1166, 1160, 1156, 1152, 1147, 1143, 1140, 1137, 1136, 1134, 1131, 0, 637, 629, 622, 1125, 1122, 1124, 1124, 1124, 1125, 1126, 1127, 1129, 1134, 1137, 1141, 1142, 1143, 1145, 1152, 1156, 1161, 1168, 1174, 1179, 1186, 1193, 1200, 1208, 1229, 1238, 1241, 1248, 1258, 1279, 1289]
[0, 1281, 1271, 1260, 1249, 1237, 1228, 1218, 1208, 1199, 1190, 1184, 1177, 1170, 1163, 1158, 1156, 1149, 1145, 1143, 1139, 1137, 1136, 1132, 1131, 0, 637, 629, 1125, 1122, 1121, 1122, 1124, 1125, 1127, 1129, 1130, 1133, 1137, 1138, 1140, 1142, 1142, 1147, 1153, 1156, 1160, 1168, 1174, 1179, 1193, 1193, 1200, 1208, 1227, 1238, 1237, 1247, 1268, 1279, 1279]
[0, 1286, 1274, 1263, 1251, 1241, 1233, 1221, 1211, 1201, 1194, 1187, 1179, 1174, 1169, 1161, 1156, 1152, 1148, 1144, 1142, 1139, 1136, 1134, 1131, 1128, 1127, 1125, 1124, 1123, 1122, 1123, 1125, 1125, 1125, 1126, 1127, 1129, 1133, 1137, 1140, 1142, 1143, 1146, 1150, 1156, 1160, 1166, 1173, 1181, 1188, 1194, 1199, 1207, 1219, 1230, 1240, 1249, 1260, 1271, 1281]
[0, 1280, 1270, 1259, 1248, 1237, 1227, 1217, 1207, 1198, 1189, 1182, 1176, 1170, 1162, 1157, 1154, 1149, 1145, 1141, 1138, 1136, 1135, 1132, 1130, 1126, 1124, 1125, 1125, 1123, 1123, 1123, 1124, 1125, 1127, 1127, 1129, 1131, 1133, 1138, 1141, 1143, 1147, 1150, 1154, 1159, 1165, 1171, 1179, 1185, 1191, 1198, 1204, 1215, 1226, 1235, 1245, 1256, 1267, 1277, 1289]
[0, 1284, 1273, 1262, 1251, 1240, 1232, 1221, 1210, 1201, 1193, 1186, 1178, 1171, 1165, 1161, 1156, 1151, 1147, 1143, 1141, 1139, 1135, 1130, 1130, 1126, 1125, 1125, 1124, 1122, 1122, 1123, 1123, 1123, 1124, 1126, 1127, 1129, 1131, 1134, 1139, 1141, 1142, 1145, 1151, 1155, 1159, 1164, 1172, 1179, 1185, 1193, 1199, 1208, 1217, 1226, 1237, 1248, 1257, 1268, 1278]
[0, 1283, 1272, 1262, 1250, 1240, 1231, 1220, 1211, 1202, 1193, 1186, 1178, 1171, 1164, 1159, 1155, 1151, 1147, 1143, 1140, 1138, 1135, 1132, 1130, 1127, 1125, 1125, 1124, 1123, 1122, 1122, 1123, 1124, 1124, 1127, 1128, 1128, 1131, 1134, 1137, 1142, 1146, 1150, 1154, 1158, 1164, 1170, 1175, 1182, 1190, 1197, 1204, 1213, 1224, 1235, 1245, 1254, 1265, 1278, 1288]
[0, 1278, 1267, 1257, 1246, 1235, 1227, 1217, 1211, 1197, 1193, 1182, 1176, 1171, 1166, 1161, 1158, 1154, 1149, 1144, 1142, 1138, 1134, 1131, 1129, 1126, 1125, 1125, 1122, 1121, 1122, 1122, 1123, 1124, 1124, 1126, 1128, 1128, 1131, 1134, 1137, 1141, 1145, 1149, 1153, 1158, 1163, 1169, 1174, 1182, 1190, 1196, 1204, 1213, 1221, 1231, 1244, 1253, 1264, 1277, 1287]
[0, 1278, 1267, 1253, 1246, 1234, 1227, 1226, 1213, 1202, 1195, 1188, 1180, 1173, 1166, 1160, 1157, 1154, 1148, 1144, 1141, 1137, 1135, 1134, 1131, 1127, 1125, 1124, 1124, 1120, 1120, 1122, 1123, 1123, 1124, 1127, 1127, 1129, 1131, 1135, 1139, 1140, 1142, 1147, 1152, 1155, 1159, 1165, 1173, 1179, 1185, 1195, 1200, 1207, 1218, 1227, 1238, 1249, 1260, 1270, 1280]
[0, 1283, 1270, 1260, 1251, 1243, 1234, 1223, 1211, 1201, 1194, 1187, 1179, 1170, 1163, 1159, 1155, 1152, 1147, 1142, 1139, 1136, 1134, 1131, 1128, 1127, 1125, 1124, 1123, 1120, 1120, 1122, 1120, 1120, 1123, 1125, 1127, 1128, 1130, 1134, 1138, 1140, 1142, 1145, 1149, 1154, 1159, 1165, 1172, 1178, 1184, 1193, 1204, 1216, 1226, 1237, 1249, 1260, 1271, 1283, 1296]
[0, 1284, 1271, 1260, 1251, 1243, 1233, 1222, 1211, 1201, 1194, 1186, 1179, 1171, 1163, 1159, 1155, 1151, 1147, 1143, 1139, 1135, 1135, 1132, 1127, 1126, 1125, 1123, 1122, 1120, 1120, 1121, 1121, 1121, 1123, 1125, 1126, 1128, 1130, 1133, 1137, 1139, 1141, 1145, 1149, 1154, 1159, 1164, 1172, 1179, 1185, 1194, 1205, 1217, 1226, 1238, 1250, 1261, 1271, 1284, 1297]
[0, 1279, 1268, 1258, 1247, 1237, 1225, 1214, 1206, 1200, 1192, 1185, 1177, 1170, 1164, 1159, 1155, 1149, 1145, 1142, 1140, 1139, 1134, 1131, 1127, 1126, 1125, 1124, 1122, 1122, 1122, 1121, 1120, 1120, 1123, 1125, 1126, 1128, 1129, 1133, 1136, 1138, 1142, 1144, 1149, 1153, 1158, 1163, 1171, 1178, 1184, 1193, 1204, 1216, 1225, 1248, 1250, 1260, 1270, 1295, 1308]
[0, 1278, 1267, 1256, 1247, 1237, 1225, 1213, 1204, 1198, 1190, 1183, 1177, 1170, 1163, 1158, 1154, 1150, 1146, 1142, 1140, 1139, 1137, 1137, 1137, 1137, 1136, 1134, 1133, 1134, 1133, 1133, 1134, 1134, 1136, 1137, 1140, 1142, 1144, 1147, 1148, 1151, 1155, 1161, 1166, 1169, 1174, 1182, 1190, 1195, 1202, 1209, 1217, 1225, 1236, 1246, 1253, 1260, 1271, 1284, 1297]
[0, 1278, 1268, 1257, 1246, 1237, 1225, 1213, 1204, 1197, 1190, 1183, 1176, 1169, 1163, 1158, 1154, 1149, 1146, 1142, 1140, 1139, 1138, 1137, 1137, 1137, 1136, 1134, 1133, 1133, 1133, 1133, 1134, 1135, 1136, 1137, 1140, 1142, 1144, 1147, 1148, 1151, 1155, 1161, 1165, 1169, 1174, 1181, 1190, 1195, 1201, 1209, 1216, 1224, 1235, 1245, 1252, 1260, 1271, 1284, 1297]
[0, 1278, 1263, 1253, 1243, 1234, 1225, 1211, 1201, 1197, 1196, 1189, 1178, 1171, 1166, 1160, 1155, 1151, 1148, 1144, 1142, 1139, 1138, 1137, 1137, 1137, 1135, 1133, 1133, 1133, 1133, 1133, 1134, 1135, 1137, 1138, 1139, 1142, 1145, 1147, 1148, 1151, 1155, 1161, 1165, 1169, 1175, 1183, 1189, 1194, 1201, 1209, 1217, 1225, 1236, 1245, 1252, 1260, 1270, 1284, 1297]
[0, 1277, 1266, 1255, 1245, 1234, 1224, 1216, 1206, 1199, 1193, 1186, 1180, 1177, 1177, 1174, 1170, 1164, 1160, 1156, 1151, 1148, 1136, 1137, 1139, 1139, 1136, 1132, 1133, 1132, 1131, 1133, 1135, 1136, 1135, 1137, 1140, 1141, 1144, 1147, 1147, 1149, 1154, 1157, 1161, 1167, 1174, 1187, 1189, 1194, 1207, 1209, 1221, 1231, 1240, 1249, 1259, 1269, 1281, 1294, 1306]
[0, 1278, 1267, 1256, 1246, 1236, 1228, 1219, 1209, 1202, 1196, 1190, 1186, 1183, 1181, 1177, 1171, 1167, 1163, 1158, 1155, 1149, 1146, 1143, 1142, 1140, 1138, 1135, 1132, 1133, 1134, 1134, 1133, 1135, 1135, 1135, 1138, 1142, 1144, 1147, 1150, 1152, 1155, 1159, 1165, 1170, 1176, 1182, 1189, 1196, 1202, 1210, 1218, 1227, 1238, 1246, 1252, 1261, 1272, 1287, 1300]
[0, 1275, 1261, 1251, 1242, 1234, 1226, 1216, 1208, 1201, 1192, 1186, 1183, 1178, 1177, 1176, 1169, 1165, 1159, 1154, 1151, 1148, 1146, 1144, 1143, 1143, 1139, 1134, 1133, 1134, 1133, 1133, 1134, 1135, 1136, 1138, 1139, 1141, 1144, 1146, 1148, 1151, 1156, 1161, 1165, 1169, 1174, 1182, 1190, 1195, 1201, 1209, 1216, 1224, 1235, 1245, 1252, 1259, 1270, 1284, 1297]
[0, 1276, 1266, 1255, 1245, 1234, 1225, 1218, 1208, 1200, 1194, 1188, 1184, 1183, 1180, 1174, 1170, 1165, 1160, 1155, 1151, 1148, 1146, 1144, 1141, 1140, 1138, 1135, 1134, 1133, 1133, 1133, 1133, 1135, 1136, 1137, 1140, 1143, 1145, 1148, 1149, 1153, 1159, 1164, 1168, 1174, 1179, 1184, 1192, 1200, 1207, 1213, 1223, 1231, 1239, 1249, 1256, 1266, 1278, 1290, 1303]
[0, 1285, 1277, 1267, 1256, 1247, 1238, 1231, 1222, 1212, 1207, 1202, 1194, 1185, 1178, 1173, 1170, 1165, 1160, 1155, 1150, 1146, 1146, 1143, 1141, 1138, 1137, 1135, 1133, 1133, 1134, 1133, 1133, 1134, 1135, 1136, 1138, 1142, 1144, 1147, 1149, 1150, 1154, 1160, 1165, 1170, 1177, 1182, 1189, 1196, 1203, 1210, 1221, 1230, 1238, 1246, 1253, 1261, 1273, 1287, 1300]
[0, 1294, 1280, 1267, 1259, 1252, 1243, 1233, 1222, 1213, 1208, 1200, 1192, 1185, 1181, 1175, 1169, 1164, 1158, 1154, 1151, 1148, 1146, 1145, 1144, 1142, 1137, 1135, 1133, 1133, 1132, 1133, 1134, 1134, 1137, 1138, 1138, 1142, 1144, 1145, 1147, 1149, 1153, 1158, 1167, 1171, 1177, 1185, 1191, 1198, 1206, 1213, 1221, 1229, 1239, 1250, 1258, 1266, 1278, 1293, 1305]
[0, 1301, 1289, 1277, 1266, 1256, 1247, 1236, 1227, 1219, 1211, 1205, 1197, 1189, 1183, 1175, 1171, 1167, 1163, 1158, 1155, 1151, 1146, 1144, 1140, 1139, 1137, 1135, 1133, 1132, 1131, 1131, 1133, 1134, 1135, 1135, 1139, 1142, 1145, 1147, 1149, 1153, 1160, 1165, 1166, 1171, 1178, 1184, 1190, 1197, 1206, 1212, 1220, 1229, 1239, 1248, 1254, 1263, 1275, 1289, 1302]
[0, 1301, 1288, 1277, 1266, 1256, 1247, 1236, 1226, 1219, 1212, 1204, 1196, 1190, 1183, 1176, 1171, 1167, 1160, 1156, 1155, 1151, 1147, 1143, 1141, 1138, 1135, 1134, 1133, 1134, 1132, 1132, 1132, 1133, 1134, 1134, 1136, 1141, 1144, 1146, 1146, 1150, 1155, 1157, 1161, 1167, 1172, 1179, 1186, 1190, 1198, 1206, 1214, 1223, 1232, 1243, 1252, 1259, 1279, 1289, 1302]
[0, 1291, 1278, 1277, 1257, 1247, 1236, 1227, 1226, 1221, 1206, 1200, 1196, 1193, 1184, 1173, 1171, 1164, 1159, 1156, 1150, 1151, 1147, 1143, 1141, 1139, 1135, 1134, 1133, 1132, 1131, 1132, 1133, 1134, 1135, 1134, 1136, 1141, 1144, 1145, 1146, 1149, 1153, 1156, 1161, 1167, 1171, 1178, 1185, 1190, 1197, 1206, 1214, 1222, 1231, 1249, 1258, 1267, 1279, 1292, 1306]
[0, 1296, 1283, 1272, 1262, 1252, 1246, 1237, 1227, 1217, 1209, 1203, 1196, 1190, 1183, 1177, 1171, 1167, 1161, 1154, 1152, 1149, 1145, 1142, 1140, 1136, 1134, 1134, 1134, 1132, 1128, 1128, 1133, 1135, 1136, 1137, 1140, 1142, 1144, 1147, 1149, 1152, 1157, 1162, 1166, 1171, 1178, 1184, 1190, 1197, 1204, 1211, 1221, 1230, 1238, 1246, 1253, 1262, 1274, 1287, 1301]
[0, 1292, 1280, 1267, 1259, 1251, 1242, 1233, 1223, 1214, 1207, 1200, 1194, 1188, 1180, 1174, 1169, 1164, 1156, 1152, 1151, 1147, 1146, 1144, 1140, 1136, 1134, 1134, 1133, 1133, 1132, 1132, 1133, 1133, 1134, 1134, 1136, 1140, 1143, 1145, 1146, 1149, 1153, 1158, 1167, 1171, 1177, 1185, 1192, 1199, 1206, 1213, 1221, 1229, 1239, 1249, 1255, 1265, 1277, 1289, 1301]
