[0, 0, 0, 0, 0, 0, 0, 0, 0, 0, 0, 0, 0, 0, 0, 0, 0, 0, 0, 0, 0, 0, 0, 0, 0, 0, 0, 0, 0, 0, 0, 0, 0, 0, 0, 0, 0, 0, 0, 0, 0, 0, 0, 0, 0, 0, 0, 0, 0, 0, 0, 0, 0, 0, 0, 0, 0, 0, 0, 0, 0]
[0, 519, 514, 511, 507, 504, 503, 499, 496, 493, 490, 487, 485, 483, 481, 479, 477, 476, 475, 474, 473, 473, 472, 472, 472, 472, 472, 472, 471, 471, 472, 473, 473, 474, 476, 477, 477, 478, 480, 482, 483, 485, 487, 489, 492, 495, 498, 501, 504, 508, 512, 516, 520, 525, 529, 533, 539, 545, 550, 553, 562]
[0, 520, 516, 511, 507, 503, 500, 497, 494, 491, 489, 486, 485, 484, 482, 481, 479, 477, 476, 475, 474, 473, 472, 472, 472, 472, 472, 472, 472, 471, 472, 473, 474, 474, 475, 476, 477, 478, 480, 482, 483, 485, 487, 490, 493, 495, 499, 501, 506, 510, 512, 513, 517, 522, 526, 531, 536, 541, 547, 553, 558]
[0, 519, 514, 510, 507, 507, 503, 499, 496, 493, 490, 487, 485, 483, 481, 479, 477, 476, 475, 474, 473, 473, 472, 472, 472, 472, 471, 471, 471, 471, 472, 473, 473, 475, 475, 476, 477, 478, 480, 481, 482, 484, 486, 488, 491, 494, 497, 500, 503, 507, 511, 515, 519, 523, 527, 532, 538, 543, 549, 554, 560]
[0, 519, 514, 510, 507, 506, 503, 499, 496, 493, 490, 487, 485, 483, 481, 479, 478, 476, 475, 474, 473, 473, 472, 472, 472, 472, 472, 472, 471, 471, 472, 472, 473, 474, 475, 476, 477, 478, 480, 482, 483, 485, 486, 489, 492, 495, 498, 502, 506, 509, 512, 517, 521, 523, 530, 532, 535, 545, 549, 551, 557]
[0, 520, 516, 511, 507, 503, 500, 497, 494, 492, 489, 486, 484, 483, 482, 481, 478, 477, 476, 475, 474, 473, 472, 472, 472, 472, 472, 472, 471, 470, 472, 473, 474, 474, 475, 476, 477, 478, 480, 482, 484, 485, 487, 490, 493, 495, 496, 502, 506, 506, 510, 513, 517, 522, 526, 531, 536, 541, 547, 553, 558]
[0, 522, 517, 513, 509, 507, 503, 499, 495, 492, 489, 486, 484, 483, 481, 481, 479, 478, 476, 475, 474, 473, 472, 472, 472, 472, 471, 471, 471, 471, 472, 473, 473, 475, 475, 476, 477, 478, 480, 481, 482, 484, 486, 489, 492, 494, 497, 500, 504, 508, 511, 515, 519, 523, 528, 533, 538, 543, 549, 555, 561]
[0, 519, 517, 514, 506, 507, 503, 499, 496, 493, 490, 487, 485, 483, 481, 479, 477, 476, 475, 474, 474, 473, 472, 472, 472, 471, 471, 472, 472, 471, 472, 473, 474, 474, 475, 476, 478, 478, 479, 481, 483, 484, 485, 488, 491, 494, 497, 500, 503, 507, 511, 515, 519, 523, 527, 532, 538, 543, 549, 554, 560]
[0, 522, 517, 513, 508, 504, 502, 499, 495, 492, 489, 487, 484, 483, 481, 481, 479, 477, 476, 475, 474, 473, 473, 473, 472, 472, 472, 472, 471, 471, 472, 473, 474, 474, 475, 476, 477, 478, 480, 482, 483, 485, 487, 488, 493, 496, 497, 499, 502, 506, 510, 513, 517, 522, 526, 531, 536, 541, 547, 553, 558]
[0, 522, 524, 520, 516, 512, 509, 505, 502, 499, 497, 494, 491, 489, 481, 486, 484, 477, 483, 482, 481, 480, 480, 479, 473, 473, 473, 474, 473, 474, 475, 475, 476, 477, 478, 479, 477, 481, 480, 483, 485, 487, 489, 492, 495, 498, 501, 504, 508, 512, 516, 520, 524, 528, 533, 538, 544, 550, 556, 562, 567]
[0, 528, 524, 520, 516, 512, 509, 506, 503, 499, 496, 494, 492, 489, 487, 486, 484, 483, 482, 481, 481, 480, 480, 479, 479, 479, 480, 479, 479, 479, 480, 481, 482, 483, 483, 484, 477, 486, 488, 483, 490, 493, 495, 498, 500, 503, 506, 509, 513, 517, 521, 524, 528, 532, 538, 543, 548, 553, 559, 565, 571]
[0, 526, 522, 518, 514, 512, 508, 506, 504, 501, 498, 495, 493, 491, 489, 486, 485, 484, 483, 481, 481, 481, 480, 480, 479, 479, 479, 479, 479, 479, 480, 481, 482, 482, 483, 484, 485, 487, 488, 489, 492, 495, 497, 500, 500, 506, 506, 509, 513, 516, 520, 524, 527, 532, 538, 542, 547, 552, 558, 564, 570]
[0, 524, 520, 518, 516, 512, 509, 506, 503, 500, 497, 495, 492, 489, 487, 486, 485, 484, 483, 482, 481, 481, 480, 479, 479, 479, 480, 479, 480, 479, 480, 481, 482, 482, 483, 484, 485, 486, 488, 490, 491, 494, 496, 499, 502, 505, 508, 512, 515, 519, 522, 526, 530, 535, 541, 545, 550, 556, 561, 567, 574]
[0, 526, 522, 519, 515, 512, 509, 504, 501, 500, 498, 495, 493, 491, 489, 487, 485, 484, 483, 482, 481, 481, 480, 480, 479, 480, 480, 480, 479, 480, 481, 481, 482, 483, 483, 485, 485, 487, 488, 490, 492, 495, 498, 501, 503, 506, 510, 512, 516, 520, 524, 526, 528, 532, 543, 545, 547, 558, 561, 564, 571]
[0, 529, 524, 521, 517, 513, 510, 507, 504, 501, 498, 496, 493, 491, 488, 487, 485, 486, 485, 484, 482, 481, 482, 481, 480, 480, 479, 480, 480, 480, 481, 481, 481, 482, 483, 484, 485, 486, 488, 490, 492, 494, 496, 499, 502, 505, 508, 512, 515, 519, 523, 526, 530, 535, 540, 545, 550, 556, 561, 568, 575]
[0, 530, 525, 521, 517, 512, 510, 508, 504, 500, 497, 494, 493, 490, 488, 487, 486, 485, 485, 484, 483, 483, 482, 482, 481, 482, 482, 482, 482, 482, 483, 483, 484, 482, 486, 487, 485, 488, 489, 491, 494, 496, 498, 501, 504, 507, 510, 513, 517, 520, 524, 527, 532, 537, 541, 546, 552, 558, 563, 569, 576]
[0, 530, 526, 521, 517, 513, 510, 507, 504, 501, 498, 496, 493, 491, 489, 487, 487, 486, 485, 484, 483, 483, 482, 482, 481, 481, 482, 482, 480, 481, 482, 483, 484, 485, 486, 487, 488, 488, 489, 493, 496, 498, 501, 503, 504, 506, 509, 511, 515, 520, 522, 526, 531, 536, 541, 546, 551, 556, 562, 567, 574]
[0, 530, 527, 523, 519, 515, 512, 508, 505, 503, 500, 498, 495, 493, 491, 489, 487, 486, 485, 485, 484, 483, 482, 482, 482, 482, 482, 482, 482, 482, 483, 483, 484, 485, 486, 486, 489, 492, 493, 495, 497, 498, 498, 501, 505, 507, 510, 514, 517, 520, 525, 529, 533, 538, 543, 548, 554, 558, 563, 570, 578]
[0, 529, 527, 524, 520, 516, 513, 511, 508, 504, 500, 498, 497, 494, 491, 490, 489, 486, 487, 485, 484, 485, 482, 484, 483, 483, 483, 483, 483, 483, 483, 484, 485, 486, 487, 488, 489, 491, 493, 494, 497, 499, 501, 504, 505, 507, 513, 517, 517, 520, 524, 533, 533, 537, 542, 547, 552, 558, 563, 568, 575]
[0, 533, 528, 525, 521, 517, 513, 510, 507, 505, 501, 498, 496, 494, 491, 491, 489, 486, 488, 487, 486, 485, 485, 484, 484, 484, 483, 484, 484, 484, 485, 485, 486, 487, 489, 490, 491, 494, 495, 496, 498, 502, 504, 506, 510, 513, 513, 519, 523, 526, 524, 530, 535, 544, 549, 547, 554, 558, 564, 572, 579]
[0, 535, 531, 526, 523, 520, 516, 512, 509, 506, 504, 501, 499, 494, 494, 494, 489, 492, 490, 489, 487, 487, 487, 487, 484, 483, 483, 484, 484, 485, 486, 486, 486, 488, 489, 490, 491, 494, 495, 497, 499, 502, 504, 507, 510, 509, 516, 519, 520, 523, 526, 530, 536, 540, 545, 549, 555, 561, 566, 573, 579]
[0, 535, 534, 529, 525, 522, 519, 515, 512, 509, 507, 504, 502, 500, 498, 497, 495, 493, 492, 489, 490, 487, 489, 489, 486, 486, 486, 487, 487, 486, 487, 489, 490, 491, 493, 494, 495, 496, 495, 498, 500, 502, 505, 507, 510, 513, 516, 520, 523, 527, 531, 535, 540, 544, 549, 554, 559, 565, 572, 578, 584]
[0, 545, 540, 535, 532, 529, 525, 522, 519, 515, 512, 511, 508, 506, 504, 497, 503, 501, 500, 499, 498, 497, 497, 497, 489, 489, 488, 489, 490, 489, 490, 491, 493, 494, 494, 496, 497, 498, 500, 501, 504, 506, 510, 512, 515, 518, 521, 524, 527, 532, 536, 535, 544, 544, 555, 560, 565, 565, 570, 577, 584]
[0, 543, 539, 536, 532, 528, 525, 522, 518, 515, 512, 511, 510, 508, 507, 505, 503, 501, 500, 498, 498, 498, 497, 496, 496, 496, 496, 494, 492, 493, 495, 498, 500, 501, 502, 503, 505, 506, 500, 510, 512, 506, 517, 512, 520, 523, 526, 529, 533, 537, 541, 545, 549, 554, 559, 563, 567, 574, 582, 588, 594]
[0, 553, 548, 545, 541, 537, 533, 530, 527, 524, 522, 519, 510, 514, 507, 512, 510, 510, 508, 506, 506, 506, 505, 504, 496, 496, 495, 493, 493, 494, 496, 498, 500, 501, 502, 504, 505, 505, 508, 510, 510, 512, 515, 518, 521, 524, 526, 530, 533, 537, 541, 546, 550, 555, 559, 564, 570, 576, 583, 589, 595]
[0, 558, 553, 550, 546, 541, 537, 534, 531, 527, 525, 523, 510, 518, 516, 512, 514, 513, 511, 510, 509, 509, 508, 507, 501, 496, 494, 493, 493, 494, 496, 498, 503, 507, 509, 511, 505, 514, 508, 518, 521, 512, 523, 525, 528, 532, 535, 539, 542, 545, 549, 554, 559, 563, 568, 573, 579, 586, 592, 599, 605]
[0, 556, 552, 547, 543, 540, 537, 534, 530, 527, 525, 525, 522, 520, 518, 516, 514, 512, 511, 510, 509, 509, 508, 507, 503, 496, 494, 492, 491, 491, 493, 497, 501, 508, 514, 515, 516, 517, 508, 522, 521, 527, 523, 530, 533, 539, 535, 542, 546, 549, 553, 558, 562, 567, 573, 578, 584, 590, 596, 602, 609]
[0, 556, 550, 547, 543, 540, 539, 535, 532, 529, 526, 523, 521, 518, 517, 515, 513, 512, 511, 510, 510, 509, 508, 507, 502, 496, 492, 490, 491, 491, 494, 497, 502, 510, 514, 515, 516, 516, 518, 520, 522, 525, 527, 531, 534, 537, 540, 543, 547, 550, 555, 560, 564, 568, 574, 580, 587, 593, 598, 604, 611]
[0, 555, 551, 547, 543, 540, 536, 533, 530, 529, 527, 524, 522, 520, 518, 516, 513, 512, 511, 510, 509, 509, 509, 507, 504, 498, 494, 491, 490, 491, 492, 495, 499, 506, 512, 514, 516, 518, 520, 521, 523, 526, 529, 532, 535, 538, 541, 545, 549, 553, 557, 560, 561, 566, 577, 583, 589, 593, 595, 601, 607]
[0, 559, 555, 547, 551, 547, 543, 540, 536, 533, 530, 528, 526, 523, 522, 519, 518, 516, 515, 510, 514, 509, 512, 507, 501, 495, 493, 491, 490, 491, 492, 494, 504, 506, 510, 514, 515, 517, 518, 520, 523, 526, 528, 531, 534, 537, 540, 544, 547, 551, 556, 560, 565, 569, 575, 581, 587, 593, 599, 605, 612]
[0, 565, 560, 557, 553, 549, 545, 542, 536, 537, 534, 528, 532, 529, 527, 525, 523, 522, 521, 520, 519, 518, 515, 507, 506, 496, 492, 491, 489, 490, 491, 493, 498, 504, 513, 518, 520, 522, 524, 525, 528, 531, 534, 536, 539, 543, 546, 550, 554, 558, 556, 567, 565, 572, 576, 588, 587, 594, 599, 606, 612]
[0, 576, 572, 567, 562, 559, 555, 552, 548, 545, 543, 541, 532, 539, 536, 534, 532, 531, 529, 528, 527, 526, 0, 506, 506, 495, 491, 488, 487, 488, 489, 491, 494, 499, 507, 518, 525, 526, 528, 530, 533, 535, 538, 540, 543, 546, 550, 554, 557, 561, 566, 569, 575, 581, 586, 591, 597, 603, 609, 616, 624]
[0, 591, 587, 582, 578, 574, 569, 565, 562, 559, 556, 553, 551, 549, 547, 545, 544, 543, 542, 528, 541, 535, 0, 502, 495, 495, 490, 488, 489, 488, 490, 493, 494, 502, 513, 526, 525, 535, 536, 539, 541, 543, 546, 549, 552, 556, 558, 561, 565, 569, 574, 579, 584, 590, 595, 599, 605, 611, 618, 625, 634]
[0, 590, 585, 581, 577, 572, 568, 564, 561, 559, 556, 553, 551, 551, 548, 546, 544, 543, 543, 542, 540, 0, 0, 502, 496, 491, 488, 486, 486, 488, 488, 491, 495, 499, 505, 526, 525, 0, 551, 553, 556, 558, 561, 564, 567, 570, 574, 579, 584, 569, 592, 579, 597, 607, 595, 612, 618, 625, 632, 640, 648]
[0, 589, 585, 580, 575, 571, 568, 564, 561, 561, 558, 555, 553, 551, 548, 546, 544, 543, 542, 541, 540, 0, 507, 499, 493, 489, 488, 488, 486, 486, 487, 489, 493, 496, 501, 526, 0, 0, 552, 553, 555, 557, 560, 562, 565, 568, 572, 576, 580, 584, 589, 593, 598, 603, 608, 613, 619, 625, 634, 642, 650]
[0, 589, 584, 580, 580, 575, 571, 567, 563, 560, 558, 555, 553, 550, 548, 547, 545, 543, 543, 542, 540, 539, 0, 503, 497, 491, 487, 486, 486, 486, 487, 489, 493, 498, 503, 526, 0, 0, 550, 552, 555, 558, 560, 563, 565, 568, 572, 576, 582, 586, 590, 595, 600, 605, 610, 615, 621, 628, 636, 644, 652]
[0, 597, 592, 588, 583, 579, 575, 572, 568, 565, 562, 559, 557, 555, 548, 551, 545, 549, 543, 548, 547, 0, 510, 498, 495, 492, 490, 486, 486, 486, 487, 490, 494, 498, 504, 526, 0, 0, 552, 554, 557, 559, 562, 564, 567, 571, 575, 580, 584, 588, 592, 597, 602, 607, 610, 612, 625, 633, 636, 640, 655]
[0, 598, 592, 593, 590, 585, 581, 578, 574, 571, 567, 565, 562, 560, 558, 557, 555, 554, 552, 551, 0, 0, 0, 502, 492, 489, 486, 486, 486, 486, 487, 490, 496, 498, 506, 526, 0, 0, 552, 560, 557, 565, 0, 568, 571, 575, 579, 582, 586, 591, 595, 599, 604, 609, 614, 620, 627, 634, 642, 649, 656]
[0, 613, 609, 603, 599, 595, 592, 588, 585, 581, 577, 574, 562, 569, 558, 565, 555, 564, 562, 562, 0, 0, 507, 497, 495, 491, 489, 486, 485, 485, 486, 491, 494, 497, 504, 526, 0, 0, 0, 564, 567, 569, 571, 575, 579, 583, 586, 590, 595, 599, 603, 608, 614, 618, 624, 631, 638, 646, 653, 660, 669]
[0, 610, 605, 603, 596, 595, 592, 589, 586, 583, 579, 576, 574, 571, 569, 567, 565, 564, 564, 562, 0, 0, 513, 503, 491, 489, 485, 486, 483, 483, 486, 491, 493, 497, 503, 526, 0, 0, 0, 576, 578, 581, 584, 0, 591, 595, 598, 590, 602, 606, 611, 616, 621, 626, 632, 638, 645, 651, 659, 667, 674]
[0, 615, 611, 606, 602, 598, 594, 591, 588, 583, 585, 582, 578, 576, 573, 571, 569, 568, 566, 566, 0, 0, 513, 502, 493, 488, 487, 486, 485, 485, 484, 486, 491, 496, 501, 526, 0, 0, 0, 578, 581, 584, 587, 590, 593, 597, 600, 605, 610, 614, 618, 623, 628, 634, 641, 647, 654, 660, 667, 677, 686]
[0, 615, 615, 606, 610, 605, 602, 599, 596, 593, 589, 586, 583, 581, 579, 577, 576, 574, 572, 564, 0, 0, 0, 498, 487, 488, 486, 484, 484, 485, 485, 486, 487, 492, 500, 509, 0, 0, 0, 579, 581, 584, 587, 589, 592, 596, 599, 604, 608, 612, 616, 621, 626, 632, 639, 645, 652, 660, 667, 674, 682]
[0, 620, 615, 606, 610, 605, 602, 598, 596, 592, 589, 586, 583, 580, 579, 576, 575, 574, 573, 0, 0, 0, 509, 498, 491, 488, 487, 485, 484, 486, 486, 487, 490, 494, 503, 514, 0, 0, 0, 585, 588, 591, 594, 596, 600, 603, 607, 611, 615, 619, 625, 630, 635, 641, 647, 653, 660, 669, 676, 683, 693]
[0, 632, 627, 622, 618, 614, 611, 607, 603, 600, 596, 594, 583, 591, 589, 587, 587, 585, 584, 583, 0, 0, 503, 498, 492, 488, 486, 484, 484, 487, 487, 488, 492, 495, 503, 513, 0, 0, 0, 585, 588, 591, 594, 597, 600, 604, 608, 611, 615, 619, 624, 629, 635, 641, 647, 653, 660, 669, 677, 684, 693]
[0, 643, 637, 632, 629, 625, 621, 617, 603, 610, 596, 608, 605, 602, 599, 598, 597, 596, 594, 0, 0, 0, 503, 500, 490, 487, 486, 482, 481, 483, 486, 487, 488, 491, 496, 504, 0, 0, 0, 595, 588, 601, 604, 0, 610, 614, 619, 611, 623, 627, 632, 637, 643, 648, 653, 660, 667, 674, 683, 691, 699]
[0, 645, 639, 634, 630, 626, 622, 618, 614, 611, 608, 605, 602, 599, 598, 596, 595, 596, 594, 593, 0, 0, 501, 494, 495, 489, 486, 485, 482, 485, 487, 487, 489, 494, 498, 503, 0, 0, 0, 0, 607, 610, 613, 616, 619, 624, 628, 632, 637, 642, 647, 651, 655, 661, 667, 674, 681, 689, 697, 706, 714]
[0, 646, 639, 641, 636, 631, 627, 624, 621, 617, 613, 610, 607, 604, 603, 601, 600, 598, 598, 593, 0, 0, 506, 497, 490, 486, 483, 483, 481, 484, 488, 487, 489, 494, 503, 514, 0, 0, 0, 606, 610, 613, 615, 617, 621, 625, 630, 635, 640, 645, 650, 655, 659, 665, 672, 679, 686, 694, 703, 706, 719]
[0, 647, 643, 637, 632, 631, 627, 624, 621, 617, 613, 610, 608, 605, 602, 601, 600, 597, 597, 0, 0, 511, 506, 500, 492, 489, 487, 485, 483, 482, 487, 488, 490, 494, 499, 509, 0, 0, 0, 0, 612, 615, 617, 621, 625, 629, 633, 638, 643, 648, 653, 658, 662, 667, 674, 681, 688, 696, 705, 713, 722]
[0, 654, 649, 646, 642, 637, 633, 629, 626, 622, 618, 616, 613, 611, 608, 607, 600, 605, 604, 0, 0, 0, 503, 496, 493, 487, 486, 485, 483, 484, 483, 487, 490, 493, 498, 503, 0, 0, 0, 612, 615, 618, 0, 620, 628, 632, 633, 636, 642, 647, 650, 654, 661, 667, 673, 679, 686, 694, 702, 710, 718]
[0, 669, 664, 659, 655, 650, 647, 643, 639, 636, 633, 628, 625, 623, 620, 619, 618, 616, 614, 0, 0, 0, 508, 497, 491, 487, 484, 485, 483, 481, 483, 488, 490, 495, 498, 503, 0, 0, 0, 0, 619, 623, 627, 630, 633, 637, 642, 647, 651, 656, 662, 666, 671, 678, 684, 692, 701, 708, 714, 723, 732]
[0, 666, 661, 656, 652, 649, 645, 641, 637, 633, 630, 628, 624, 623, 621, 619, 617, 614, 614, 0, 0, 511, 501, 497, 492, 490, 486, 483, 482, 482, 485, 486, 487, 492, 497, 506, 0, 0, 0, 627, 631, 634, 637, 641, 645, 648, 652, 656, 661, 665, 671, 677, 682, 688, 695, 702, 710, 716, 724, 733, 741]
[0, 666, 661, 656, 651, 648, 645, 640, 636, 633, 630, 630, 627, 624, 621, 619, 617, 616, 615, 0, 0, 510, 501, 501, 491, 486, 481, 483, 481, 482, 482, 485, 486, 489, 493, 501, 0, 0, 0, 0, 632, 636, 639, 643, 647, 650, 654, 658, 664, 669, 674, 679, 685, 691, 698, 705, 713, 720, 728, 736, 746]
[0, 680, 675, 670, 666, 662, 658, 654, 650, 647, 644, 642, 638, 635, 621, 633, 632, 630, 629, 0, 0, 513, 502, 501, 493, 488, 487, 484, 482, 481, 482, 486, 489, 492, 498, 506, 0, 0, 623, 630, 633, 637, 640, 644, 647, 651, 655, 660, 665, 671, 676, 681, 685, 687, 701, 708, 713, 715, 721, 730, 739]
[0, 691, 686, 681, 676, 672, 667, 663, 661, 657, 654, 651, 649, 647, 621, 645, 641, 640, 629, 0, 0, 516, 503, 495, 490, 488, 486, 481, 480, 481, 480, 482, 485, 488, 492, 499, 0, 0, 623, 0, 646, 649, 652, 656, 660, 663, 668, 673, 677, 682, 688, 695, 701, 707, 713, 719, 727, 735, 744, 754, 764]
[0, 697, 692, 686, 682, 677, 673, 670, 666, 662, 659, 655, 653, 652, 650, 648, 647, 640, 645, 0, 0, 0, 503, 494, 489, 486, 483, 481, 480, 480, 482, 482, 487, 492, 499, 510, 0, 0, 0, 653, 656, 659, 663, 667, 670, 674, 679, 683, 688, 694, 700, 706, 711, 717, 723, 731, 739, 747, 756, 765, 777]
[0, 697, 692, 687, 682, 677, 677, 673, 670, 666, 662, 659, 656, 655, 652, 650, 648, 647, 646, 0, 0, 0, 509, 497, 489, 486, 483, 483, 480, 480, 482, 484, 487, 492, 492, 510, 0, 0, 0, 659, 662, 665, 669, 674, 677, 680, 685, 691, 696, 702, 707, 711, 717, 725, 732, 739, 747, 755, 764, 773, 783]
[0, 697, 692, 687, 682, 677, 673, 670, 666, 666, 660, 657, 656, 655, 652, 650, 649, 647, 646, 0, 0, 509, 509, 497, 491, 488, 484, 481, 480, 480, 481, 483, 485, 489, 494, 510, 0, 0, 0, 0, 664, 667, 672, 676, 680, 683, 688, 693, 698, 704, 710, 715, 721, 727, 735, 742, 751, 760, 768, 777, 787]
[0, 697, 692, 687, 682, 677, 673, 670, 666, 666, 660, 657, 656, 655, 652, 650, 649, 647, 646, 0, 0, 509, 509, 497, 491, 488, 484, 481, 480, 480, 481, 483, 485, 488, 494, 503, 0, 0, 0, 0, 664, 667, 671, 675, 679, 683, 688, 693, 698, 704, 710, 714, 720, 727, 735, 742, 751, 760, 768, 777, 786]
[0, 697, 692, 687, 682, 677, 673, 670, 666, 666, 660, 657, 656, 655, 652, 650, 649, 647, 646, 0, 0, 509, 509, 497, 491, 488, 484, 481, 480, 480, 128, 483, 485, 488, 494, 503, 0, 0, 0, 0, 664, 667, 671, 675, 679, 683, 688, 693, 698, 704, 710, 714, 720, 727, 735, 742, 751, 760, 768, 777, 786]
[0, 697, 692, 687, 682, 677, 673, 670, 666, 666, 660, 657, 656, 655, 652, 650, 649, 647, 646, 0, 0, 509, 509, 497, 491, 488, 484, 481, 480, 480, 128, 483, 485, 488, 494, 503, 0, 0, 0, 0, 664, 667, 671, 675, 679, 683, 688, 693, 698, 704, 710, 714, 720, 727, 735, 742, 751, 760, 768, 777, 786]
[0, 723, 718, 713, 708, 704, 699, 695, 691, 687, 684, 680, 677, 674, 673, 671, 670, 668, 667, 0, 0, 0, 505, 495, 491, 488, 484, 481, 480, 480, 128, 483, 485, 488, 7196, 503, 0, 0, 0, 0, 664, 667, 671, 675, 679, 683, 688, 693, 698, 704, 710, 714, 720, 727, 735, 742, 751, 760, 768, 777, 786]
[0, 723, 724, 718, 713, 709, 705, 701, 698, 694, 690, 686, 682, 680, 678, 676, 675, 674, 673, 0, 0, 0, 505, 496, 489, 486, 484, 481, 480, 480, 481, 483, 487, 491, 7196, 503, 0, 0, 682, 0, 689, 0, 693, 701, 679, 705, 709, 713, 718, 723, 729, 737, 744, 752, 759, 766, 774, 783, 792, 802, 812]
[0, 736, 731, 724, 719, 715, 710, 707, 703, 701, 697, 693, 691, 688, 685, 683, 682, 680, 679, 0, 0, 0, 502, 494, 489, 486, 484, 481, 480, 480, 480, 483, 487, 491, 497, 503, 0, 0, 687, 690, 694, 699, 0, 706, 710, 714, 709, 725, 730, 723, 742, 737, 751, 765, 759, 773, 788, 783, 806, 816, 826]
[0, 735, 729, 723, 718, 713, 709, 706, 702, 699, 696, 692, 689, 688, 684, 683, 681, 680, 680, 0, 0, 0, 499, 494, 489, 486, 483, 481, 480, 480, 481, 483, 487, 491, 498, 503, 0, 0, 0, 698, 701, 704, 707, 711, 715, 718, 723, 729, 734, 739, 746, 752, 759, 766, 773, 781, 789, 799, 808, 818, 827]
[0, 766, 760, 754, 749, 744, 739, 735, 732, 729, 725, 692, 719, 688, 715, 683, 711, 680, 710, 0, 0, 513, 500, 494, 489, 486, 484, 480, 480, 480, 480, 481, 484, 488, 492, 499, 0, 0, 0, 698, 700, 705, 709, 711, 714, 719, 725, 730, 736, 742, 748, 755, 762, 768, 776, 784, 792, 801, 810, 820, 829]
[0, 767, 761, 755, 751, 746, 740, 735, 732, 728, 724, 721, 719, 717, 716, 713, 711, 709, 709, 0, 0, 0, 501, 494, 493, 488, 484, 481, 480, 480, 481, 483, 484, 488, 494, 503, 0, 0, 0, 730, 733, 737, 740, 744, 748, 754, 760, 763, 768, 775, 782, 790, 797, 805, 813, 822, 830, 838, 847, 858, 868]
[0, 769, 763, 757, 752, 747, 742, 737, 733, 729, 726, 723, 720, 718, 716, 714, 712, 711, 709, 0, 0, 0, 504, 495, 489, 488, 485, 481, 480, 480, 482, 485, 484, 488, 502, 503, 0, 0, 0, 730, 733, 736, 740, 744, 749, 754, 759, 764, 769, 775, 781, 789, 797, 805, 813, 821, 829, 837, 846, 856, 868]
[0, 775, 770, 763, 758, 753, 747, 743, 739, 735, 732, 729, 726, 724, 722, 720, 718, 717, 716, 0, 0, 0, 500, 495, 489, 486, 483, 481, 480, 481, 481, 483, 487, 491, 499, 503, 0, 0, 729, 733, 735, 739, 743, 744, 747, 758, 759, 768, 769, 773, 780, 787, 796, 803, 819, 821, 827, 835, 845, 864, 868]
[0, 775, 770, 760, 758, 756, 750, 745, 741, 737, 734, 731, 728, 725, 723, 721, 719, 717, 716, 0, 0, 0, 506, 496, 489, 488, 485, 482, 481, 481, 482, 483, 485, 489, 495, 502, 0, 0, 0, 737, 741, 745, 748, 752, 757, 761, 766, 771, 777, 784, 790, 798, 806, 814, 821, 829, 837, 847, 857, 866, 876]
[0, 792, 786, 781, 774, 769, 766, 761, 757, 752, 749, 746, 743, 741, 739, 721, 737, 736, 735, 734, 0, 0, 0, 500, 490, 486, 483, 481, 480, 481, 482, 484, 487, 491, 499, 502, 0, 0, 736, 740, 744, 0, 751, 752, 760, 761, 769, 775, 777, 782, 795, 802, 806, 810, 820, 828, 844, 847, 854, 864, 873]
[0, 792, 786, 780, 774, 769, 765, 761, 757, 752, 749, 746, 746, 741, 739, 737, 737, 736, 735, 734, 0, 0, 0, 500, 493, 488, 486, 484, 483, 482, 483, 485, 488, 492, 498, 502, 0, 0, 0, 757, 761, 765, 770, 774, 778, 782, 787, 793, 800, 806, 812, 820, 827, 834, 842, 851, 862, 871, 878, 888, 898]
[0, 819, 812, 807, 801, 796, 791, 787, 783, 779, 775, 771, 769, 767, 764, 763, 761, 759, 757, 734, 0, 0, 505, 500, 493, 488, 486, 484, 482, 482, 483, 485, 488, 492, 498, 505, 0, 0, 0, 757, 761, 765, 770, 774, 777, 782, 787, 793, 800, 806, 813, 820, 827, 834, 842, 851, 862, 870, 878, 888, 898]
[0, 816, 812, 809, 804, 798, 793, 788, 785, 781, 776, 772, 769, 766, 765, 762, 761, 760, 758, 734, 0, 0, 509, 499, 491, 488, 488, 486, 485, 484, 485, 487, 489, 493, 498, 505, 0, 0, 0, 782, 785, 790, 794, 798, 803, 808, 813, 820, 826, 831, 837, 845, 853, 861, 869, 877, 885, 894, 904, 914, 925]
[0, 826, 820, 814, 808, 805, 793, 800, 790, 781, 788, 783, 779, 776, 772, 771, 770, 769, 767, 0, 0, 0, 512, 501, 493, 490, 487, 485, 485, 485, 486, 487, 491, 496, 503, 505, 0, 0, 782, 785, 788, 793, 797, 802, 806, 812, 818, 824, 829, 834, 840, 850, 859, 867, 874, 881, 890, 900, 911, 922, 933]
[0, 829, 823, 818, 812, 807, 802, 797, 793, 789, 785, 781, 777, 774, 771, 769, 768, 767, 766, 0, 0, 0, 505, 501, 494, 490, 488, 486, 485, 485, 486, 488, 490, 496, 502, 505, 0, 0, 791, 796, 799, 803, 807, 811, 816, 821, 826, 831, 837, 844, 853, 861, 868, 875, 883, 890, 900, 911, 923, 934, 943]
[0, 841, 835, 832, 827, 821, 817, 797, 812, 807, 785, 803, 797, 793, 791, 789, 788, 787, 785, 783, 0, 0, 514, 502, 492, 490, 486, 486, 485, 484, 485, 487, 489, 493, 498, 505, 0, 0, 0, 793, 796, 800, 804, 808, 813, 818, 823, 828, 833, 841, 849, 856, 863, 870, 878, 886, 895, 905, 917, 928, 937]
[0, 846, 840, 835, 830, 826, 820, 816, 812, 808, 805, 803, 801, 795, 791, 790, 789, 787, 785, 786, 0, 0, 514, 504, 495, 491, 488, 486, 487, 487, 487, 489, 492, 496, 503, 505, 0, 0, 809, 813, 818, 822, 826, 831, 835, 840, 846, 853, 860, 867, 873, 879, 886, 895, 904, 913, 924, 934, 943, 953, 966]
[0, 866, 860, 855, 849, 843, 838, 833, 830, 827, 823, 819, 816, 814, 812, 790, 808, 787, 807, 805, 0, 0, 0, 508, 497, 492, 490, 488, 487, 487, 487, 488, 492, 496, 502, 505, 0, 0, 809, 813, 817, 821, 825, 829, 834, 839, 845, 851, 858, 865, 871, 878, 885, 892, 901, 912, 922, 931, 941, 951, 963]
[0, 867, 860, 863, 858, 851, 844, 838, 834, 832, 828, 825, 822, 818, 815, 814, 812, 810, 809, 808, 0, 0, 516, 504, 499, 495, 492, 490, 488, 489, 489, 490, 492, 497, 503, 505, 0, 0, 828, 831, 835, 838, 844, 849, 854, 860, 866, 871, 876, 883, 890, 896, 905, 914, 923, 933, 942, 951, 961, 974, 988]
[0, 870, 864, 857, 851, 846, 841, 837, 833, 829, 828, 824, 822, 820, 816, 813, 812, 812, 811, 810, 0, 0, 0, 506, 498, 494, 491, 490, 489, 490, 490, 491, 494, 499, 506, 505, 0, 0, 832, 835, 839, 844, 849, 854, 861, 866, 871, 876, 882, 888, 894, 903, 912, 920, 930, 939, 948, 959, 970, 982, 994]
[0, 878, 873, 867, 862, 855, 850, 846, 842, 838, 828, 830, 828, 820, 823, 813, 821, 819, 818, 816, 0, 0, 0, 506, 499, 495, 492, 490, 489, 489, 490, 490, 493, 499, 506, 505, 0, 0, 835, 840, 845, 849, 855, 860, 865, 870, 875, 882, 888, 894, 903, 910, 920, 930, 938, 947, 957, 969, 981, 993, 1004]
[0, 880, 874, 869, 863, 858, 852, 847, 843, 838, 833, 830, 828, 826, 823, 821, 819, 818, 817, 816, 0, 0, 0, 508, 499, 495, 492, 490, 490, 490, 490, 491, 495, 499, 506, 505, 0, 0, 838, 843, 849, 853, 858, 863, 868, 872, 877, 884, 889, 895, 905, 912, 921, 931, 939, 948, 958, 969, 981, 993, 1005]
[0, 899, 893, 887, 882, 878, 873, 869, 864, 860, 857, 853, 828, 850, 846, 844, 842, 839, 838, 837, 0, 0, 522, 510, 500, 496, 493, 491, 489, 489, 490, 490, 493, 499, 503, 505, 0, 0, 840, 844, 848, 852, 858, 863, 867, 871, 876, 882, 889, 895, 903, 910, 920, 930, 939, 947, 956, 967, 980, 991, 1003]
[0, 916, 908, 900, 893, 888, 883, 879, 875, 871, 867, 864, 861, 859, 855, 852, 850, 848, 848, 848, 0, 0, 518, 510, 503, 498, 495, 493, 492, 493, 493, 495, 498, 502, 509, 505, 0, 0, 866, 869, 872, 875, 880, 885, 890, 895, 902, 909, 916, 924, 932, 940, 948, 957, 967, 978, 989, 1000, 1011, 1022, 1034]
[0, 944, 937, 932, 926, 919, 914, 910, 904, 899, 895, 892, 890, 886, 883, 881, 879, 877, 877, 877, 0, 0, 518, 522, 502, 498, 495, 494, 493, 493, 494, 495, 501, 502, 514, 527, 0, 0, 875, 879, 883, 888, 892, 897, 904, 911, 917, 909, 924, 932, 947, 940, 954, 962, 987, 997, 989, 1006, 1015, 1028, 1040]
[0, 945, 938, 931, 926, 920, 914, 909, 904, 899, 895, 892, 889, 886, 883, 880, 879, 878, 877, 877, 0, 0, 522, 512, 505, 502, 0, 494, 497, 497, 497, 498, 501, 505, 511, 527, 0, 0, 907, 911, 917, 0, 929, 934, 904, 940, 946, 952, 959, 967, 976, 985, 994, 1002, 1012, 1023, 1034, 1046, 1057, 1069, 1082]
[0, 958, 950, 944, 939, 933, 929, 924, 917, 913, 908, 903, 900, 898, 895, 894, 892, 891, 890, 889, 0, 0, 526, 512, 512, 505, 501, 499, 497, 497, 497, 498, 501, 505, 511, 527, 0, 903, 907, 907, 917, 0, 924, 929, 934, 940, 946, 952, 959, 967, 976, 985, 994, 1002, 1012, 1023, 1034, 1046, 1057, 1069, 1082]
[0, 968, 959, 952, 947, 942, 937, 932, 928, 924, 920, 915, 910, 908, 905, 903, 901, 899, 899, 889, 0, 0, 0, 523, 516, 505, 0, 502, 499, 497, 498, 499, 506, 505, 513, 527, 0, 918, 922, 928, 934, 939, 943, 948, 952, 958, 946, 974, 984, 992, 998, 1007, 1016, 1027, 1037, 1049, 1060, 1069, 1081, 1096, 1112]
[0, 969, 960, 953, 948, 943, 938, 933, 929, 924, 919, 917, 913, 908, 906, 903, 901, 898, 897, 897, 0, 0, 526, 523, 515, 509, 506, 502, 500, 500, 502, 503, 505, 509, 516, 527, 0, 0, 932, 936, 940, 945, 949, 953, 959, 966, 974, 982, 989, 997, 1003, 1011, 1021, 1031, 1042, 1053, 1066, 1076, 1087, 1099, 1114]
[0, 1022, 1015, 1008, 1001, 996, 990, 984, 980, 974, 968, 964, 961, 957, 956, 955, 954, 951, 949, 949, 0, 0, 526, 0, 516, 505, 503, 502, 501, 501, 501, 501, 503, 508, 515, 527, 0, 931, 935, 939, 944, 948, 953, 958, 964, 966, 973, 989, 996, 1003, 1003, 1011, 1020, 1039, 1042, 1051, 1064, 1074, 1083, 1112, 1127]
[0, 1019, 1012, 1006, 1000, 996, 995, 988, 982, 978, 973, 968, 963, 959, 956, 956, 955, 953, 950, 949, 950, 0, 0, 533, 527, 520, 515, 512, 509, 509, 509, 511, 514, 519, 515, 527, 0, 988, 992, 997, 1002, 1006, 1011, 1017, 1022, 1028, 1037, 1045, 1055, 1064, 1073, 1082, 1092, 1104, 1116, 1128, 1140, 1154, 1167, 1181, 1197]
[0, 1052, 1044, 1036, 1031, 1025, 1019, 1013, 1007, 1001, 998, 995, 992, 989, 986, 985, 984, 980, 978, 978, 977, 0, 0, 533, 524, 518, 513, 511, 509, 509, 510, 512, 514, 519, 515, 527, 0, 985, 989, 993, 998, 1002, 1006, 1012, 1018, 1024, 1032, 1041, 1051, 1059, 1067, 1077, 1090, 1101, 1108, 1120, 1133, 1146, 1160, 1173, 1187]
[0, 1048, 1040, 1034, 1028, 1023, 1017, 1010, 1007, 1002, 997, 994, 991, 988, 986, 984, 982, 978, 977, 977, 977, 0, 0, 0, 528, 522, 518, 511, 513, 514, 515, 518, 523, 529, 542, 527, 0, 1012, 1016, 1021, 1026, 1031, 1035, 1043, 1050, 1058, 1066, 1073, 1084, 1097, 1110, 1122, 1133, 1140, 1149, 1163, 1173, 1183, 1200, 1217, 1233]
[0, 1052, 1044, 1036, 1030, 1025, 1019, 1013, 1007, 1002, 998, 995, 991, 988, 986, 985, 982, 980, 979, 977, 976, 0, 0, 0, 530, 524, 520, 517, 514, 513, 514, 516, 520, 525, 542, 527, 0, 1010, 1013, 1019, 1024, 1028, 1032, 1039, 1047, 1054, 1061, 1069, 1080, 1091, 1104, 1116, 1129, 1139, 1147, 1157, 1168, 1179, 1192, 1209, 1228]
[0, 1047, 1039, 1036, 1033, 1027, 1021, 1015, 1009, 1004, 1000, 996, 993, 989, 986, 984, 982, 981, 979, 978, 978, 0, 0, 536, 530, 528, 522, 515, 513, 514, 514, 516, 519, 523, 542, 527, 0, 1011, 1015, 1020, 1025, 1031, 1038, 1044, 1050, 1058, 1065, 1074, 1085, 1097, 1109, 1121, 1136, 1146, 1152, 1163, 1174, 1186, 1203, 1220, 1237]
[0, 1075, 1069, 1036, 1062, 1055, 1049, 1043, 1036, 1032, 1029, 1025, 1021, 1017, 1016, 1014, 1012, 1009, 1008, 1007, 1006, 0, 0, 538, 528, 523, 518, 515, 513, 514, 515, 518, 522, 529, 542, 527, 0, 1011, 1016, 1020, 1025, 1030, 1035, 1042, 1050, 1058, 1066, 1073, 1084, 1097, 1110, 1121, 1133, 1141, 1150, 1163, 1173, 1185, 1202, 1217, 1234]
[0, 1081, 1074, 1067, 1060, 1054, 1048, 1041, 1036, 1032, 1028, 1023, 1020, 1017, 1015, 1013, 1012, 1010, 1008, 1007, 1005, 0, 0, 0, 534, 528, 525, 521, 520, 521, 515, 524, 528, 529, 542, 527, 0, 1047, 1051, 1054, 1059, 1064, 1069, 1076, 1084, 1093, 1102, 1111, 1122, 1132, 1143, 1154, 1165, 1175, 1183, 1195, 1211, 1226, 1242, 1258, 1272]
[0, 1109, 1099, 1067, 1091, 1084, 1079, 1075, 1071, 1065, 1060, 1057, 1052, 1048, 1046, 1044, 1039, 1036, 1035, 1035, 1034, 1034, 0, 0, 541, 532, 527, 523, 520, 520, 520, 522, 525, 531, 542, 0, 1044, 1050, 1051, 1055, 0, 1061, 1071, 1077, 1086, 1093, 1107, 1111, 1116, 1125, 1135, 1145, 1156, 1165, 1175, 1189, 1200, 1214, 1230, 1245, 1262]
[0, 1122, 1113, 1105, 1099, 1084, 1086, 1075, 1081, 1077, 1071, 1066, 1064, 1062, 1059, 1056, 1053, 1051, 1049, 1048, 1048, 1049, 0, 0, 541, 534, 530, 527, 525, 520, 526, 530, 536, 531, 542, 0, 1073, 1078, 1084, 1089, 1092, 1097, 1103, 1110, 1121, 1129, 1138, 1148, 1156, 1165, 1173, 1180, 1192, 1207, 1219, 1231, 1245, 1260, 1274, 1289, 1299]
[0, 1128, 1121, 1111, 1103, 1096, 1092, 1086, 1080, 1076, 1070, 1066, 1063, 1061, 1058, 1055, 1052, 1050, 1050, 1046, 1045, 1050, 0, 0, 545, 536, 532, 530, 528, 527, 528, 531, 540, 552, 542, 0, 1085, 1089, 1096, 1103, 1108, 1111, 1118, 1125, 1133, 1142, 1151, 1160, 1168, 1177, 1187, 1198, 1209, 1221, 1232, 1244, 1255, 1266, 1277, 1287, 1301]
[0, 1139, 1131, 1111, 1123, 1117, 1110, 1102, 1095, 1090, 1085, 1080, 1078, 1076, 1073, 1070, 1067, 1065, 1064, 1064, 1063, 1065, 0, 0, 542, 536, 532, 530, 529, 527, 527, 535, 540, 544, 556, 0, 1088, 1093, 1100, 1104, 1107, 1111, 1118, 1127, 1135, 1142, 1153, 1160, 1171, 1177, 1180, 1191, 1203, 1214, 1224, 1235, 1248, 1257, 1268, 1279, 1292]
[0, 1177, 1170, 1163, 1157, 1150, 1141, 1136, 1132, 1125, 1120, 1118, 1114, 1110, 1107, 1104, 1102, 1103, 1103, 1100, 1097, 1097, 0, 0, 550, 540, 534, 531, 531, 530, 533, 538, 540, 560, 556, 0, 1105, 1109, 1112, 1116, 1121, 1129, 1137, 1145, 1154, 1160, 1165, 1173, 1182, 1193, 1204, 1213, 1203, 1220, 1229, 1238, 1247, 1256, 1267, 1278, 1291]
[0, 1177, 1169, 1163, 1157, 1150, 1142, 1136, 1132, 1127, 1122, 1118, 1114, 1111, 1108, 1103, 1101, 1103, 1104, 1102, 1099, 1098, 0, 0, 550, 548, 534, 540, 537, 537, 542, 546, 552, 561, 0, 1130, 1134, 1137, 1141, 1147, 1149, 1149, 1137, 1153, 1158, 1162, 1167, 1174, 1177, 1184, 1194, 1200, 1210, 1220, 1229, 1237, 1247, 1257, 1267, 1278, 1288]
[0, 1171, 1169, 1166, 1159, 1153, 1147, 1141, 1136, 1132, 1124, 1120, 1119, 1116, 1112, 1108, 1104, 1104, 1103, 1100, 1098, 1098, 0, 0, 0, 558, 548, 541, 537, 537, 542, 546, 552, 563, 0, 1130, 1135, 1138, 1141, 0, 1147, 1149, 1137, 1153, 1157, 1162, 1167, 1174, 1179, 1186, 1194, 1200, 1209, 1220, 1230, 1238, 1246, 1258, 1268, 1278, 1288]
[0, 1196, 1190, 1182, 1174, 1167, 1163, 1159, 1155, 1146, 1137, 1136, 1135, 1133, 1130, 1125, 1122, 1121, 1123, 1121, 1120, 1121, 1099, 0, 0, 552, 544, 538, 536, 539, 545, 550, 557, 563, 0, 1128, 1132, 1136, 1140, 1146, 1148, 1148, 1150, 1154, 1158, 1163, 1171, 1178, 1184, 1191, 1197, 1204, 1214, 1224, 1233, 1243, 1251, 1261, 1274, 1284, 1295]
[0, 1228, 1221, 1182, 1213, 1207, 1201, 1193, 1187, 1183, 1179, 1176, 1172, 1169, 1167, 1164, 1160, 1158, 1155, 1152, 1148, 1142, 1120, 0, 0, 552, 550, 538, 545, 549, 553, 550, 570, 0, 1129, 1131, 1133, 1135, 1140, 1143, 1143, 1147, 1152, 1156, 1160, 1163, 1169, 1178, 1184, 1192, 1199, 1207, 1218, 1225, 1233, 1244, 1255, 1263, 1273, 1286, 1297]
[0, 1235, 1226, 1220, 1213, 1205, 1197, 1190, 1185, 1181, 1177, 1173, 1169, 1167, 1165, 1162, 1160, 1157, 1153, 1152, 1147, 1139, 1139, 1135, 0, 0, 570, 564, 561, 561, 564, 571, 570, 0, 1130, 1131, 1133, 1136, 1139, 1141, 1143, 1147, 1150, 1154, 1158, 1162, 1169, 1177, 1183, 1190, 1196, 1204, 1214, 1222, 1232, 1242, 1250, 1260, 1269, 1280, 1293]
[0, 1229, 1223, 1216, 1209, 1200, 1193, 1188, 1185, 1178, 1177, 1172, 1169, 1170, 1167, 1164, 1160, 1157, 1155, 1153, 1149, 1143, 1137, 1135, 0, 0, 570, 567, 563, 561, 563, 578, 0, 1128, 1129, 1130, 1134, 1136, 1140, 1142, 1143, 1147, 1152, 1156, 1160, 1166, 1172, 1177, 1183, 1191, 1200, 1207, 1214, 1222, 1233, 1244, 1255, 1263, 1273, 1285, 1296]
[0, 1284, 1272, 1262, 1251, 1240, 1231, 1222, 1212, 1204, 1195, 1186, 1179, 1173, 1167, 1160, 1156, 1153, 1152, 1153, 1141, 1143, 1138, 1136, 0, 0, 571, 565, 561, 561, 563, 569, 0, 0, 1129, 1131, 1133, 1135, 1137, 1139, 1142, 1147, 1150, 1153, 1156, 1161, 1168, 1174, 1179, 1186, 1193, 1201, 1209, 1219, 1228, 1236, 1247, 1258, 1267, 1278, 1290]
[0, 1286, 1275, 1265, 1254, 1244, 1235, 1225, 1215, 1206, 1197, 1187, 1181, 1176, 1171, 1164, 1159, 1156, 1152, 1149, 1144, 1139, 1138, 1134, 1131, 0, 1129, 1127, 1126, 1127, 1126, 1126, 1126, 1126, 1128, 1129, 1131, 1134, 1136, 1137, 1140, 1143, 1147, 1152, 1155, 1158, 1163, 1170, 1176, 1183, 1190, 1199, 1206, 1214, 1223, 1234, 1243, 1251, 1261, 1271, 1282]
[0, 1284, 1275, 1266, 1255, 1244, 1235, 1225, 1215, 1206, 1197, 1187, 1181, 1176, 1170, 1163, 1157, 1154, 1152, 1147, 1143, 1139, 1135, 1134, 1133, 1131, 1130, 1127, 1126, 1126, 1126, 1126, 1127, 1128, 1128, 1130, 1132, 1134, 1137, 1139, 1143, 1146, 1151, 1156, 1159, 1162, 1168, 1176, 1182, 1191, 1195, 1200, 1211, 1221, 1232, 1241, 1251, 1262, 1272, 1284, 1295]
[0, 1284, 1272, 1262, 1251, 1241, 1232, 1222, 1212, 1204, 1194, 1185, 1179, 1174, 1167, 1161, 1156, 1153, 1148, 1147, 1141, 1139, 1138, 1134, 1133, 1131, 1129, 1128, 1126, 1126, 1126, 1126, 1127, 1127, 1128, 1130, 1132, 1134, 1137, 1139, 1142, 1146, 1151, 1155, 1158, 1161, 1168, 1175, 1182, 1190, 1197, 1203, 1211, 1221, 1231, 1241, 1251, 1261, 1272, 1283, 1294]
[0, 1284, 1273, 1264, 1252, 1240, 1231, 1221, 1212, 1204, 1194, 1185, 1178, 1173, 1168, 1161, 1155, 1152, 1147, 1145, 1143, 1139, 1138, 1136, 1134, 1129, 1127, 1128, 1127, 1126, 1126, 1125, 1125, 1126, 1127, 1129, 1130, 1133, 1136, 1137, 1139, 1142, 1145, 1150, 1155, 1157, 1163, 1169, 1176, 1183, 1189, 1198, 1206, 1213, 1222, 1232, 1241, 1250, 1261, 1271, 1283]
[0, 1281, 1271, 1261, 1250, 1241, 1231, 1221, 1210, 1201, 1193, 1186, 1179, 1173, 1167, 1161, 1157, 1152, 1153, 1148, 1145, 1142, 1138, 1131, 1130, 1130, 1126, 1124, 1125, 1123, 1123, 1126, 1126, 1127, 1128, 1130, 1132, 1134, 1136, 1138, 1141, 1144, 1147, 1150, 1156, 1162, 1163, 1168, 1175, 1181, 1186, 1192, 1210, 1213, 1221, 1231, 1240, 1249, 1259, 1270, 1278]
[0, 1286, 1274, 1264, 1253, 1243, 1234, 1222, 1212, 1205, 1196, 1186, 1180, 1175, 1169, 1162, 1156, 1152, 1147, 1144, 1142, 1138, 1138, 1136, 1131, 1128, 1128, 1128, 1127, 1126, 1126, 1126, 1125, 1126, 1127, 1129, 1131, 1133, 1133, 1134, 1138, 1141, 1144, 1149, 1155, 1158, 1161, 1167, 1172, 1180, 1189, 1198, 1205, 1212, 1224, 1235, 1243, 1251, 1261, 1272, 1283]
[0, 1284, 1273, 1263, 1251, 1240, 1231, 1221, 1211, 1202, 1194, 1186, 1179, 1173, 1167, 1161, 1156, 1152, 1147, 1142, 1141, 1138, 1134, 1130, 1130, 1129, 1126, 1124, 1125, 1123, 1123, 1126, 1126, 1127, 1128, 1130, 1130, 1132, 1133, 1136, 1138, 1141, 1143, 1146, 1150, 1156, 1161, 1166, 1173, 1182, 1189, 1196, 1201, 1211, 1222, 1231, 1240, 1249, 1259, 1271, 1282]
[0, 1285, 1273, 1263, 1251, 1239, 1230, 1220, 1209, 1200, 1193, 1185, 1178, 1171, 1165, 1161, 1155, 1149, 1145, 1144, 1142, 1138, 1135, 1132, 1130, 1129, 1127, 1124, 1126, 1125, 1125, 1125, 1124, 1125, 1127, 1128, 1130, 1130, 1133, 1136, 1139, 1143, 1145, 1147, 1152, 1157, 1162, 1169, 1175, 1182, 1189, 1195, 1203, 1212, 1221, 1231, 1240, 1250, 1261, 1271, 1282]
[0, 1277, 1268, 1257, 1245, 1235, 1225, 1215, 1207, 1198, 1190, 1185, 1176, 1171, 1162, 1161, 1156, 1152, 1147, 1142, 1140, 1137, 1134, 1131, 1130, 1129, 1126, 1124, 1125, 1123, 1123, 1124, 1124, 1126, 1127, 1127, 1128, 1132, 1135, 1136, 1140, 1143, 1145, 1145, 1150, 1156, 1161, 1165, 1172, 1180, 1185, 1191, 1199, 1207, 1218, 1227, 1236, 1248, 1259, 1269, 1280]
[0, 1277, 1267, 1257, 1245, 1235, 1224, 1214, 1207, 1198, 1190, 1185, 1179, 1169, 1163, 1160, 1155, 1152, 1146, 1143, 1141, 1138, 1134, 1131, 1130, 1128, 1126, 1125, 1124, 1124, 1122, 1121, 1123, 1125, 1127, 1127, 1128, 1132, 1134, 1136, 1140, 1144, 1146, 1148, 1153, 1160, 1164, 1171, 1177, 1181, 1187, 1197, 1206, 1214, 1224, 1234, 1244, 1255, 1265, 1275, 1285]
[0, 1283, 1272, 1262, 1250, 1241, 1232, 1220, 1209, 1200, 1193, 1186, 1180, 1173, 1167, 1161, 1156, 1151, 1146, 1142, 1140, 1137, 1134, 1130, 1129, 1129, 1127, 1125, 1125, 1123, 1121, 1121, 1125, 1128, 1125, 1125, 1128, 1130, 1132, 1134, 1137, 1141, 1144, 1148, 1154, 1158, 1161, 1166, 1172, 1180, 1187, 1194, 1202, 1211, 1220, 1231, 1240, 1250, 1260, 1270, 1280]
[0, 1282, 1271, 1257, 1246, 1239, 1229, 1220, 1207, 1198, 1193, 1185, 1178, 1171, 1165, 1161, 1155, 1149, 1145, 1143, 1141, 1137, 1134, 1130, 1129, 1128, 1126, 1124, 1123, 1122, 1121, 1121, 1122, 1122, 1122, 1126, 1129, 1128, 1130, 1134, 1138, 1140, 1143, 1147, 1151, 1156, 1161, 1166, 1172, 1180, 1185, 1191, 1199, 1207, 1215, 1236, 1240, 1256, 1266, 1274, 1287]
[0, 1286, 1276, 1265, 1252, 1242, 1234, 1223, 1213, 1204, 1195, 1189, 1181, 1174, 1167, 1162, 1159, 1155, 1149, 1143, 1139, 1138, 1133, 1130, 1129, 1129, 1127, 1125, 1125, 1121, 1119, 1121, 1121, 1123, 1125, 1125, 1127, 1128, 1130, 1135, 1138, 1140, 1143, 1147, 1152, 1156, 1160, 1167, 1174, 1180, 1187, 1195, 1201, 1209, 1220, 1229, 1239, 1252, 1264, 1275, 1285]
[0, 1283, 1272, 1262, 1251, 1240, 1228, 1219, 1209, 1200, 1193, 1186, 1177, 1170, 1166, 1161, 1153, 1148, 1145, 1141, 1139, 1137, 1136, 1133, 1130, 1128, 1127, 1125, 1123, 1122, 1121, 1122, 1123, 1125, 1126, 1127, 1129, 1130, 1130, 1133, 1137, 1140, 1142, 1145, 1150, 1155, 1160, 1164, 1171, 1178, 1185, 1191, 1198, 1215, 1225, 1229, 1236, 1255, 1268, 1280, 1292]
[0, 1281, 1270, 1257, 1246, 1238, 1227, 1217, 1208, 1200, 1193, 1185, 1177, 1169, 1162, 1158, 1153, 1148, 1145, 1141, 1139, 1137, 1134, 1130, 1128, 1127, 1125, 1123, 1122, 1122, 1122, 1122, 1120, 1121, 1124, 1128, 1127, 1127, 1129, 1132, 1136, 1139, 1143, 1147, 1150, 1154, 1160, 1166, 1172, 1179, 1187, 1193, 1200, 1208, 1220, 1231, 1241, 1251, 1265, 1280, 1295]
[0, 1282, 1271, 1259, 1248, 1239, 1228, 1220, 1209, 1199, 1192, 1187, 1180, 1172, 1166, 1162, 1158, 1151, 1146, 1142, 1139, 1136, 1133, 1130, 1128, 1126, 1124, 1123, 1121, 1122, 1121, 1120, 1121, 1122, 1123, 1123, 1126, 1128, 1130, 1133, 1134, 1138, 1143, 1146, 1150, 1155, 1158, 1163, 1171, 1179, 1184, 1191, 1213, 1224, 1233, 1245, 1257, 1266, 1277, 1291, 1305]
[0, 1276, 1264, 1255, 1246, 1236, 1224, 1216, 1206, 1198, 1192, 1184, 1176, 1169, 1162, 1158, 1153, 1148, 1145, 1142, 1139, 1136, 1133, 1132, 1130, 1128, 1125, 1124, 1123, 1123, 1121, 1120, 1122, 1124, 1126, 1126, 1128, 1129, 1130, 1134, 1137, 1139, 1143, 1147, 1151, 1155, 1159, 1165, 1172, 1179, 1186, 1193, 1203, 1215, 1226, 1237, 1249, 1261, 1271, 1282, 1295]
[0, 1281, 1270, 1257, 1247, 1237, 1226, 1217, 1208, 1199, 1192, 1185, 1177, 1170, 1163, 1157, 1153, 1148, 1145, 1141, 1138, 1135, 1134, 1130, 1127, 1126, 1123, 1121, 1121, 1119, 1118, 1119, 1122, 1124, 1123, 1124, 1128, 1129, 1132, 1137, 1141, 1147, 1155, 1162, 1166, 1171, 1179, 1186, 1193, 1199, 1206, 1213, 1220, 1229, 1239, 1250, 1257, 1263, 1273, 1287, 1299]
[0, 1278, 1267, 1254, 1245, 1237, 1226, 1212, 1203, 1198, 1192, 1184, 1178, 1174, 1171, 1169, 1165, 1160, 1159, 1156, 1152, 1147, 1133, 1130, 1128, 1127, 1126, 1126, 1128, 1129, 1129, 1130, 1132, 1134, 1134, 1134, 1139, 1142, 1144, 1145, 1147, 1150, 1155, 1161, 1166, 1169, 1174, 1181, 1187, 1196, 1203, 1207, 1216, 1225, 1234, 1246, 1258, 1268, 1280, 1294, 1306]
[0, 1281, 1268, 1260, 1253, 1240, 1230, 1221, 1213, 1204, 1196, 1192, 1186, 1181, 1176, 1174, 1170, 1164, 1158, 1154, 1152, 1149, 1146, 1145, 1142, 1141, 1140, 1134, 1132, 1132, 1134, 1134, 1134, 1135, 1137, 1138, 1140, 1142, 1144, 1147, 1149, 1151, 1155, 1160, 1165, 1170, 1174, 1180, 1188, 1196, 1202, 1208, 1216, 1223, 1232, 1243, 1252, 1260, 1270, 1281, 1294]
[0, 1270, 1260, 1250, 1242, 1234, 1223, 1214, 1207, 1200, 1192, 1185, 1182, 1181, 1180, 1175, 1169, 1165, 1160, 1154, 1150, 1148, 1146, 1143, 1141, 1139, 1137, 1137, 1135, 1133, 1134, 1134, 1134, 1136, 1138, 1138, 1139, 1143, 1145, 1146, 1148, 1151, 1155, 1161, 1166, 1169, 1173, 1180, 1187, 1195, 1202, 1207, 1216, 1224, 1241, 1250, 1257, 1266, 1278, 1291, 1301]
[0, 1271, 1260, 1252, 1244, 1233, 1223, 1215, 1208, 1202, 1194, 1189, 1187, 1184, 1183, 1175, 1169, 1165, 1160, 1157, 1154, 1150, 1146, 1145, 1142, 1141, 1140, 1134, 1134, 1135, 1132, 1132, 1134, 1134, 1134, 1135, 1139, 1141, 1144, 1145, 1147, 1151, 1149, 1152, 1167, 1173, 1181, 1188, 1192, 1198, 1205, 1213, 1221, 1229, 1239, 1248, 1255, 1262, 1273, 1288, 1299]
[0, 1275, 1266, 1256, 1246, 1237, 1229, 1220, 1211, 1204, 1199, 1191, 1186, 1186, 1184, 1179, 1174, 1168, 1159, 1154, 1152, 1149, 1147, 1144, 1142, 1141, 1141, 1138, 1135, 1134, 1135, 1135, 1134, 1133, 1135, 1137, 1139, 1141, 1145, 1148, 1149, 1152, 1157, 1161, 1165, 1170, 1174, 1181, 1189, 1195, 1202, 1208, 1216, 1224, 1232, 1251, 1256, 1266, 1277, 1290, 1304]
[0, 1286, 1276, 1268, 1264, 1255, 1245, 1236, 1228, 1224, 1216, 1205, 1199, 1183, 1177, 1174, 1170, 1165, 1160, 1154, 1150, 1148, 1146, 1144, 1142, 1139, 1136, 1137, 1137, 1135, 1134, 1133, 1134, 1135, 1137, 1138, 1138, 1141, 1143, 1144, 1147, 1155, 1158, 1162, 1167, 1173, 1179, 1186, 1193, 1199, 1203, 1210, 1220, 1227, 1235, 1245, 1252, 1260, 1270, 1282, 1295]
[0, 1287, 1279, 1268, 1261, 1255, 1247, 1237, 1228, 1224, 1205, 1200, 1193, 1182, 1177, 1173, 1169, 1165, 1160, 1156, 1152, 1148, 1146, 1144, 1143, 1142, 1140, 1137, 1136, 1135, 1133, 1133, 1134, 1135, 1137, 1137, 1139, 1142, 1145, 1147, 1149, 1152, 1156, 1161, 1165, 1170, 1174, 1180, 1188, 1195, 1202, 1208, 1215, 1231, 1241, 1249, 1256, 1266, 1275, 1288, 1302]
[0, 1293, 1282, 1271, 1261, 1252, 1243, 1234, 1223, 1215, 1209, 1202, 1195, 1189, 1185, 1179, 1172, 1167, 1162, 1157, 1152, 1149, 1147, 1144, 1142, 1141, 1140, 1138, 1135, 1134, 1133, 1133, 1134, 1136, 1135, 1136, 1138, 1141, 1143, 1146, 1149, 1152, 1156, 1160, 1164, 1170, 1174, 1180, 1187, 1195, 1201, 1208, 1215, 1224, 1241, 1249, 1256, 1266, 1275, 1288, 1301]
[0, 1297, 1285, 1274, 1265, 1255, 1246, 1237, 1228, 1223, 1205, 1198, 1190, 1185, 1179, 1173, 1169, 1164, 1159, 1156, 1153, 1148, 1146, 1144, 1140, 1137, 1136, 1136, 1135, 1133, 1133, 1134, 1134, 1136, 1137, 1138, 1139, 1141, 1144, 1145, 1147, 1151, 1154, 1159, 1167, 1173, 1180, 1184, 1189, 1197, 1205, 1213, 1221, 1229, 1239, 1249, 1256, 1262, 1273, 1284, 1296]
[0, 1294, 1282, 1268, 1260, 1252, 1242, 1233, 1225, 1216, 1210, 1203, 1196, 1190, 1185, 1178, 1172, 1168, 1163, 1158, 1152, 1150, 1148, 1144, 1142, 1142, 1140, 1136, 1135, 1134, 1133, 1132, 1132, 1135, 1137, 1138, 1137, 1142, 1145, 1147, 1148, 1150, 1155, 1158, 1162, 1169, 1176, 1183, 1188, 1195, 1202, 1208, 1215, 1224, 1232, 1243, 1252, 1268, 1280, 1293, 1304]
[0, 1297, 1285, 1273, 1264, 1255, 1245, 1236, 1226, 1218, 1212, 1205, 1198, 1191, 1186, 1173, 1169, 1164, 1158, 1153, 1151, 1150, 1145, 1143, 1140, 1137, 1136, 1136, 1134, 1133, 1133, 1133, 1134, 1134, 1134, 1135, 1139, 1141, 1143, 1145, 1147, 1150, 1154, 1158, 1162, 1172, 1179, 1186, 1191, 1197, 1206, 1214, 1220, 1229, 1239, 1248, 1255, 1262, 1273, 1284, 1296]
[0, 1295, 1283, 1273, 1263, 1254, 1245, 1235, 1225, 1218, 1211, 1205, 1197, 1189, 1185, 1179, 1168, 1162, 1158, 1154, 1151, 1148, 1147, 1144, 1141, 1140, 1138, 1134, 1133, 1134, 1132, 1133, 1133, 1132, 1135, 1137, 1138, 1139, 1142, 1145, 1148, 1151, 1155, 1162, 1166, 1169, 1171, 1178, 1188, 1195, 1194, 1200, 1215, 1224, 1229, 1239, 1252, 1270, 1283, 1293, 1305]
[0, 1294, 1283, 1273, 1263, 1254, 1244, 1235, 1225, 1217, 1211, 1204, 1197, 1190, 1186, 1173, 1167, 1162, 1158, 1153, 1151, 1149, 1146, 1144, 1142, 1139, 1136, 1136, 1136, 1134, 1133, 1133, 1134, 1135, 1136, 1137, 1138, 1141, 1143, 1145, 1147, 1152, 1155, 1162, 1166, 1171, 1178, 1184, 1191, 1198, 1203, 1209, 1217, 1224, 1231, 1241, 1252, 1259, 1269, 1293, 1306]
