[0, 0, 0, 0, 0, 0, 0, 0, 0, 0, 0, 0, 0, 0, 0, 0, 0, 0, 0, 0, 0, 0, 0, 0, 0, 0, 0, 0, 0, 0, 0, 0, 0, 0, 0, 0, 0, 0, 0, 0, 0, 0, 0, 0, 0, 0, 0, 0, 0, 0, 0, 0, 0, 0, 0, 0, 0, 0, 0, 0, 0]
[0, 518, 514, 510, 506, 502, 499, 496, 493, 489, 487, 486, 484, 482, 480, 478, 477, 475, 474, 474, 474, 472, 470, 470, 470, 470, 470, 469, 470, 470, 469, 470, 472, 473, 473, 474, 475, 477, 478, 479, 481, 483, 485, 487, 490, 494, 497, 500, 504, 507, 510, 513, 518, 522, 527, 531, 537, 542, 548, 554, 560]
[0, 518, 514, 510, 506, 502, 499, 499, 496, 492, 488, 486, 484, 482, 480, 478, 477, 476, 474, 473, 473, 472, 471, 470, 469, 469, 469, 469, 469, 470, 470, 470, 472, 472, 473, 473, 475, 478, 478, 480, 481, 482, 483, 486, 489, 491, 494, 497, 501, 505, 508, 512, 515, 519, 523, 528, 533, 538, 544, 549, 556]
[0, 518, 513, 509, 506, 502, 499, 499, 492, 492, 488, 486, 484, 482, 480, 478, 477, 476, 474, 473, 472, 471, 470, 470, 471, 470, 469, 469, 469, 469, 471, 471, 472, 473, 473, 474, 475, 476, 479, 480, 481, 482, 484, 486, 489, 492, 495, 498, 501, 504, 508, 512, 516, 520, 524, 529, 534, 539, 545, 551, 557]
[0, 516, 513, 512, 508, 504, 501, 497, 495, 491, 488, 485, 484, 482, 479, 477, 476, 475, 473, 472, 471, 471, 471, 470, 470, 471, 470, 470, 470, 470, 471, 471, 472, 472, 473, 474, 475, 476, 478, 479, 481, 483, 484, 486, 489, 492, 495, 498, 501, 505, 509, 512, 517, 521, 525, 529, 534, 540, 545, 551, 557]
[0, 520, 516, 511, 507, 503, 501, 497, 494, 491, 489, 486, 484, 484, 479, 477, 477, 475, 473, 474, 473, 473, 472, 471, 470, 471, 470, 469, 470, 470, 470, 470, 472, 473, 473, 474, 475, 477, 478, 480, 481, 483, 485, 487, 489, 492, 495, 499, 502, 505, 509, 513, 517, 521, 526, 531, 536, 541, 547, 553, 559]
[0, 521, 515, 512, 508, 506, 503, 498, 495, 492, 488, 485, 484, 482, 479, 477, 477, 476, 473, 475, 474, 473, 473, 472, 471, 470, 470, 470, 470, 470, 470, 472, 474, 474, 475, 476, 476, 478, 481, 482, 483, 485, 485, 489, 493, 494, 498, 499, 505, 509, 512, 513, 516, 520, 530, 531, 535, 539, 544, 551, 557]
[0, 519, 515, 510, 506, 503, 500, 497, 495, 492, 488, 489, 486, 483, 481, 480, 479, 478, 476, 475, 474, 473, 474, 473, 471, 470, 470, 471, 471, 471, 472, 473, 474, 474, 474, 476, 477, 478, 480, 482, 483, 484, 486, 488, 491, 495, 498, 501, 504, 508, 511, 515, 519, 524, 530, 534, 539, 539, 548, 551, 561]
[0, 519, 515, 510, 506, 507, 503, 499, 495, 493, 490, 486, 485, 484, 481, 479, 478, 477, 476, 475, 474, 474, 474, 473, 472, 472, 472, 472, 471, 470, 472, 473, 474, 475, 477, 476, 479, 478, 480, 480, 481, 484, 486, 489, 492, 494, 497, 500, 504, 508, 510, 514, 518, 523, 527, 532, 537, 542, 548, 554, 560]
[0, 521, 517, 513, 510, 506, 503, 500, 495, 497, 494, 492, 489, 487, 485, 483, 482, 481, 480, 480, 478, 477, 477, 477, 472, 471, 471, 471, 471, 471, 471, 472, 474, 475, 476, 476, 478, 479, 479, 481, 483, 484, 487, 490, 492, 495, 498, 501, 505, 508, 512, 516, 520, 524, 529, 534, 539, 544, 549, 556, 562]
[0, 529, 525, 522, 518, 514, 510, 507, 504, 500, 498, 496, 493, 491, 489, 487, 482, 485, 484, 480, 483, 482, 481, 477, 477, 476, 476, 477, 477, 477, 471, 479, 480, 481, 476, 482, 483, 484, 485, 487, 489, 492, 494, 496, 498, 501, 505, 508, 512, 516, 520, 523, 527, 532, 537, 542, 546, 552, 558, 564, 570]
[0, 529, 526, 518, 518, 514, 511, 508, 505, 502, 499, 496, 494, 492, 491, 489, 487, 485, 484, 483, 483, 482, 481, 481, 481, 481, 481, 481, 481, 481, 482, 482, 483, 484, 485, 486, 487, 488, 490, 492, 494, 496, 498, 500, 503, 506, 510, 513, 516, 520, 524, 527, 531, 536, 541, 546, 551, 556, 562, 568, 575]
[0, 527, 524, 519, 515, 512, 509, 508, 506, 500, 499, 495, 494, 492, 490, 488, 487, 485, 484, 483, 482, 481, 481, 481, 480, 481, 481, 481, 481, 481, 482, 483, 483, 484, 485, 486, 487, 487, 489, 491, 495, 496, 497, 499, 502, 505, 508, 512, 515, 518, 522, 526, 530, 535, 539, 544, 549, 554, 560, 566, 572]
[0, 529, 525, 521, 518, 514, 510, 507, 504, 501, 498, 496, 494, 491, 489, 488, 487, 485, 484, 483, 482, 482, 481, 481, 481, 481, 481, 481, 481, 481, 482, 483, 483, 484, 485, 486, 487, 488, 490, 493, 494, 496, 499, 502, 504, 507, 510, 514, 518, 521, 525, 529, 534, 538, 542, 548, 553, 558, 564, 570, 576]
[0, 529, 525, 522, 517, 514, 510, 507, 504, 501, 498, 496, 493, 491, 489, 487, 486, 485, 484, 483, 482, 482, 481, 481, 481, 481, 481, 481, 480, 482, 482, 482, 483, 484, 484, 487, 487, 488, 489, 491, 493, 495, 497, 500, 503, 506, 509, 512, 515, 519, 522, 526, 531, 535, 539, 544, 549, 553, 560, 566, 573]
[0, 529, 525, 521, 517, 514, 510, 507, 504, 501, 498, 496, 493, 491, 489, 487, 486, 484, 484, 483, 482, 482, 481, 481, 481, 481, 481, 481, 481, 481, 483, 482, 483, 484, 485, 485, 487, 488, 489, 491, 493, 495, 497, 500, 503, 506, 509, 512, 515, 519, 522, 526, 531, 535, 539, 544, 549, 554, 560, 566, 573]
[0, 526, 525, 519, 517, 516, 512, 508, 505, 503, 501, 498, 496, 494, 491, 489, 488, 486, 485, 484, 483, 483, 483, 482, 481, 481, 481, 481, 481, 481, 482, 483, 483, 484, 484, 485, 487, 488, 489, 491, 493, 495, 497, 500, 503, 506, 509, 512, 515, 519, 522, 526, 531, 535, 539, 544, 549, 554, 560, 566, 573]
[0, 531, 526, 522, 518, 515, 511, 508, 506, 503, 500, 498, 496, 494, 491, 489, 488, 487, 485, 486, 485, 484, 483, 483, 481, 481, 482, 482, 482, 483, 483, 484, 485, 486, 486, 488, 489, 491, 493, 495, 497, 499, 502, 504, 506, 510, 513, 516, 519, 522, 527, 530, 535, 540, 545, 550, 555, 560, 566, 572, 579]
[0, 532, 528, 524, 521, 517, 514, 510, 507, 504, 502, 499, 497, 494, 493, 491, 489, 488, 486, 485, 485, 485, 484, 483, 484, 483, 484, 484, 484, 484, 484, 485, 486, 486, 487, 489, 490, 493, 494, 496, 498, 500, 502, 504, 507, 510, 513, 516, 520, 523, 526, 531, 536, 540, 545, 550, 555, 560, 566, 572, 579]
[0, 531, 527, 523, 519, 516, 512, 509, 506, 503, 500, 498, 496, 494, 492, 490, 489, 488, 486, 485, 484, 484, 484, 484, 483, 483, 483, 483, 483, 484, 485, 486, 487, 486, 488, 489, 490, 491, 494, 497, 498, 501, 504, 504, 509, 512, 513, 515, 519, 522, 525, 530, 535, 543, 545, 548, 553, 559, 564, 570, 577]
[0, 533, 529, 524, 521, 516, 517, 511, 506, 508, 506, 503, 501, 498, 496, 495, 493, 492, 490, 488, 487, 487, 486, 486, 483, 483, 484, 484, 484, 484, 484, 485, 486, 486, 487, 489, 490, 492, 494, 496, 497, 499, 502, 504, 507, 510, 513, 516, 520, 524, 527, 531, 536, 540, 545, 550, 555, 560, 566, 572, 579]
[0, 536, 532, 527, 524, 521, 517, 511, 510, 508, 508, 505, 503, 501, 498, 497, 496, 494, 492, 491, 490, 490, 489, 489, 486, 486, 486, 487, 487, 487, 488, 488, 490, 491, 492, 493, 495, 496, 498, 500, 502, 504, 507, 510, 507, 515, 519, 522, 520, 530, 534, 531, 537, 542, 547, 557, 563, 569, 575, 582, 579]
[0, 539, 535, 531, 524, 524, 521, 517, 514, 508, 512, 509, 506, 505, 503, 501, 500, 498, 496, 496, 494, 494, 494, 493, 488, 489, 488, 488, 489, 489, 490, 491, 492, 494, 495, 496, 497, 496, 500, 502, 504, 507, 507, 511, 514, 515, 520, 522, 527, 532, 534, 540, 537, 543, 554, 557, 564, 570, 577, 583, 579]
[0, 540, 536, 532, 528, 524, 521, 518, 515, 508, 512, 509, 507, 505, 503, 501, 499, 498, 497, 495, 494, 494, 494, 493, 494, 493, 493, 493, 493, 494, 495, 496, 497, 494, 497, 498, 500, 502, 503, 505, 508, 510, 512, 514, 517, 520, 523, 526, 530, 534, 537, 541, 546, 551, 556, 561, 566, 572, 578, 584, 591]
[0, 546, 536, 543, 539, 535, 531, 527, 524, 521, 519, 516, 514, 512, 510, 508, 507, 505, 503, 503, 502, 501, 501, 493, 493, 493, 494, 494, 494, 494, 495, 496, 497, 498, 499, 499, 500, 502, 503, 506, 508, 511, 513, 516, 517, 519, 522, 530, 530, 536, 537, 545, 550, 551, 555, 565, 571, 577, 583, 584, 596]
[0, 547, 543, 538, 535, 535, 531, 528, 525, 522, 519, 516, 514, 512, 510, 509, 508, 506, 504, 503, 502, 502, 501, 501, 500, 493, 500, 501, 502, 501, 501, 503, 504, 505, 506, 507, 508, 509, 511, 513, 515, 518, 520, 523, 526, 529, 532, 535, 539, 543, 547, 551, 556, 560, 565, 569, 575, 582, 588, 594, 601]
[0, 557, 552, 548, 545, 542, 537, 528, 534, 532, 529, 526, 523, 521, 520, 518, 516, 514, 513, 512, 511, 511, 510, 501, 501, 500, 501, 501, 502, 502, 503, 504, 504, 506, 508, 509, 508, 510, 511, 513, 515, 517, 519, 522, 526, 529, 532, 535, 539, 543, 546, 551, 555, 559, 564, 570, 577, 583, 588, 594, 601]
[0, 564, 560, 556, 552, 548, 544, 541, 538, 535, 529, 533, 531, 528, 526, 523, 522, 520, 519, 518, 518, 517, 516, 511, 511, 510, 511, 511, 511, 511, 512, 513, 514, 506, 516, 509, 518, 519, 523, 525, 515, 528, 531, 533, 535, 538, 542, 545, 549, 553, 557, 561, 566, 571, 575, 581, 588, 593, 599, 606, 612]
[0, 564, 563, 558, 555, 552, 548, 544, 541, 538, 535, 533, 531, 528, 526, 524, 523, 521, 520, 518, 518, 517, 517, 518, 516, 516, 516, 516, 516, 517, 517, 513, 518, 521, 522, 509, 525, 519, 527, 528, 531, 533, 536, 539, 542, 545, 547, 551, 555, 559, 563, 567, 572, 578, 584, 589, 594, 599, 605, 612, 619]
[0, 567, 562, 558, 554, 551, 547, 543, 541, 537, 535, 532, 530, 528, 525, 524, 522, 521, 520, 520, 519, 518, 517, 518, 518, 517, 516, 517, 517, 518, 518, 519, 520, 521, 522, 523, 525, 526, 528, 530, 533, 535, 538, 541, 544, 547, 550, 554, 557, 561, 565, 570, 576, 581, 586, 591, 597, 603, 610, 616, 624]
[0, 575, 569, 565, 562, 559, 555, 543, 551, 548, 545, 543, 541, 538, 535, 533, 532, 530, 529, 528, 527, 527, 526, 518, 517, 517, 516, 517, 517, 518, 519, 519, 520, 521, 523, 524, 525, 527, 529, 531, 534, 536, 539, 542, 545, 548, 551, 554, 558, 562, 566, 570, 577, 583, 586, 587, 598, 603, 604, 610, 617]
[0, 581, 576, 571, 567, 563, 560, 543, 557, 554, 548, 545, 541, 543, 541, 539, 537, 535, 534, 534, 533, 532, 532, 525, 525, 525, 526, 526, 526, 518, 527, 528, 529, 521, 530, 532, 533, 534, 537, 539, 542, 544, 547, 550, 552, 555, 558, 561, 565, 569, 574, 579, 584, 590, 595, 599, 605, 611, 618, 625, 633]
[0, 583, 578, 573, 568, 564, 561, 558, 555, 552, 549, 547, 544, 542, 540, 539, 538, 536, 535, 534, 533, 532, 531, 531, 531, 530, 531, 531, 531, 532, 532, 533, 535, 536, 530, 537, 540, 542, 537, 546, 542, 548, 552, 555, 558, 560, 563, 567, 571, 575, 579, 585, 590, 594, 599, 604, 610, 616, 623, 630, 639]
[0, 588, 583, 578, 574, 570, 565, 558, 563, 560, 557, 555, 552, 549, 547, 545, 544, 542, 541, 540, 539, 539, 538, 531, 531, 531, 531, 531, 531, 531, 533, 533, 533, 534, 536, 538, 539, 541, 543, 546, 548, 551, 553, 556, 559, 562, 565, 569, 574, 578, 579, 589, 590, 594, 598, 603, 609, 615, 621, 637, 639]
[0, 595, 591, 586, 582, 578, 574, 570, 567, 564, 561, 559, 552, 556, 554, 552, 550, 548, 547, 546, 546, 545, 543, 538, 538, 538, 538, 538, 539, 539, 533, 539, 540, 543, 536, 544, 545, 536, 526, 546, 548, 0, 560, 562, 565, 568, 572, 576, 581, 585, 590, 594, 598, 603, 609, 614, 620, 627, 636, 644, 651]
[0, 598, 592, 588, 584, 580, 576, 571, 568, 565, 562, 560, 557, 555, 554, 552, 551, 549, 547, 546, 546, 545, 543, 544, 545, 544, 544, 544, 544, 544, 545, 547, 547, 543, 0, 0, 509, 512, 517, 523, 531, 543, 558, 567, 571, 575, 579, 582, 586, 591, 594, 599, 604, 609, 614, 620, 626, 633, 641, 648, 656]
[0, 595, 591, 588, 585, 577, 576, 573, 569, 566, 563, 560, 558, 556, 554, 551, 549, 548, 547, 546, 545, 544, 544, 544, 544, 544, 544, 544, 544, 545, 545, 546, 547, 546, 0, 511, 512, 516, 521, 527, 531, 543, 0, 569, 572, 576, 580, 584, 588, 593, 597, 602, 606, 611, 616, 623, 630, 638, 645, 652, 660]
[0, 598, 595, 591, 585, 586, 583, 578, 574, 571, 568, 565, 562, 561, 558, 556, 555, 554, 553, 552, 548, 543, 539, 544, 545, 544, 544, 544, 544, 545, 546, 547, 548, 546, 0, 0, 510, 515, 519, 524, 532, 543, 558, 568, 571, 576, 580, 582, 586, 591, 595, 599, 605, 610, 614, 620, 626, 635, 644, 650, 658]
[0, 604, 599, 591, 591, 586, 587, 583, 580, 577, 574, 570, 567, 564, 562, 560, 559, 558, 557, 556, 550, 543, 539, 538, 544, 549, 544, 549, 544, 550, 551, 547, 552, 0, 506, 509, 512, 516, 518, 523, 531, 543, 558, 0, 577, 581, 585, 589, 593, 597, 601, 606, 611, 616, 622, 629, 636, 643, 650, 657, 666]
[0, 615, 611, 608, 603, 599, 597, 594, 590, 586, 583, 580, 577, 574, 572, 570, 559, 569, 567, 567, 559, 548, 544, 540, 535, 0, 554, 554, 544, 554, 555, 556, 0, 0, 507, 510, 511, 514, 517, 522, 530, 543, 558, 0, 583, 586, 589, 593, 597, 602, 607, 611, 616, 620, 626, 633, 640, 647, 654, 662, 670]
[0, 615, 611, 606, 602, 598, 597, 595, 592, 589, 585, 581, 579, 576, 574, 572, 569, 567, 567, 560, 551, 547, 542, 540, 535, 532, 554, 554, 0, 563, 0, 0, 508, 506, 506, 510, 510, 514, 512, 523, 531, 543, 558, 0, 595, 598, 603, 607, 610, 614, 619, 624, 630, 636, 642, 633, 654, 662, 654, 678, 687]
[0, 624, 619, 614, 610, 605, 601, 598, 595, 592, 588, 585, 583, 580, 578, 575, 574, 574, 573, 0, 550, 547, 545, 540, 534, 532, 554, 554, 0, 565, 0, 0, 509, 508, 505, 506, 508, 511, 515, 520, 525, 535, 558, 0, 0, 596, 599, 604, 608, 613, 616, 621, 626, 632, 639, 645, 651, 658, 666, 673, 681]
[0, 621, 616, 612, 608, 604, 601, 596, 594, 592, 590, 585, 583, 582, 579, 577, 575, 574, 573, 0, 551, 547, 542, 540, 536, 533, 529, 554, 0, 0, 0, 510, 509, 505, 505, 507, 509, 512, 515, 520, 528, 535, 558, 0, 0, 602, 606, 610, 615, 619, 623, 629, 634, 641, 647, 653, 660, 667, 675, 683, 691]
[0, 621, 628, 623, 619, 615, 611, 608, 605, 601, 598, 595, 592, 590, 588, 587, 586, 584, 576, 561, 551, 552, 546, 540, 534, 531, 529, 554, 0, 568, 0, 0, 510, 508, 506, 506, 507, 510, 512, 516, 524, 533, 558, 0, 0, 601, 604, 608, 613, 617, 621, 626, 631, 638, 644, 649, 655, 662, 670, 678, 686]
[0, 632, 627, 622, 618, 614, 611, 607, 603, 600, 597, 594, 592, 592, 590, 588, 587, 585, 584, 0, 553, 549, 545, 540, 536, 533, 530, 526, 525, 0, 511, 512, 507, 504, 504, 506, 507, 511, 515, 520, 528, 533, 558, 0, 0, 613, 616, 621, 626, 631, 636, 641, 645, 651, 657, 663, 670, 678, 686, 694, 703]
[0, 644, 639, 634, 629, 625, 621, 618, 603, 614, 611, 608, 605, 603, 599, 598, 597, 596, 594, 0, 554, 549, 545, 540, 535, 532, 528, 526, 525, 0, 512, 512, 512, 507, 505, 506, 506, 509, 512, 524, 528, 532, 558, 0, 0, 614, 619, 623, 627, 631, 636, 642, 648, 651, 660, 665, 670, 673, 681, 689, 707]
[0, 646, 642, 637, 632, 628, 623, 619, 603, 616, 611, 607, 605, 605, 603, 600, 598, 596, 596, 0, 556, 549, 545, 541, 536, 532, 529, 525, 525, 515, 512, 513, 508, 506, 504, 502, 504, 510, 512, 515, 523, 531, 558, 0, 0, 614, 628, 632, 636, 647, 636, 656, 648, 662, 667, 673, 680, 689, 697, 705, 713]
[0, 648, 643, 638, 633, 628, 629, 625, 622, 618, 614, 612, 609, 606, 604, 602, 600, 599, 0, 559, 554, 549, 544, 541, 536, 532, 529, 525, 518, 515, 512, 513, 508, 505, 503, 504, 506, 509, 512, 516, 523, 531, 558, 0, 0, 628, 628, 639, 0, 643, 653, 656, 658, 664, 671, 677, 684, 692, 700, 708, 716]
[0, 654, 650, 645, 641, 637, 633, 628, 624, 621, 618, 615, 613, 606, 608, 602, 607, 605, 604, 0, 559, 553, 548, 541, 536, 536, 533, 529, 527, 523, 518, 513, 507, 506, 505, 505, 506, 509, 514, 519, 523, 532, 558, 0, 0, 629, 633, 638, 644, 648, 653, 658, 662, 668, 675, 681, 688, 696, 704, 713, 721]
[0, 660, 655, 650, 646, 643, 633, 638, 633, 629, 626, 623, 620, 617, 616, 614, 612, 609, 0, 563, 558, 552, 547, 544, 540, 535, 530, 529, 525, 517, 513, 510, 507, 506, 504, 503, 504, 509, 510, 514, 523, 532, 558, 0, 0, 638, 643, 647, 652, 656, 662, 667, 672, 677, 684, 681, 700, 708, 715, 713, 723]
[0, 672, 667, 663, 658, 654, 650, 646, 633, 643, 639, 636, 633, 629, 628, 626, 624, 622, 0, 567, 561, 555, 550, 544, 540, 535, 530, 530, 522, 518, 516, 512, 508, 504, 504, 504, 504, 508, 511, 515, 523, 531, 558, 0, 0, 645, 643, 653, 0, 657, 669, 674, 678, 677, 685, 693, 701, 709, 723, 713, 732]
[0, 671, 667, 662, 658, 657, 653, 650, 646, 643, 639, 636, 633, 629, 626, 625, 624, 622, 0, 565, 560, 555, 550, 550, 539, 535, 535, 530, 523, 519, 516, 511, 507, 505, 505, 505, 507, 509, 514, 518, 520, 531, 558, 0, 0, 0, 658, 662, 668, 673, 678, 683, 688, 695, 703, 709, 716, 723, 732, 741, 750]
[0, 671, 681, 676, 671, 666, 663, 660, 656, 651, 648, 646, 643, 641, 639, 637, 635, 633, 0, 565, 562, 555, 556, 550, 544, 539, 535, 528, 522, 520, 517, 511, 507, 503, 503, 505, 506, 508, 513, 520, 525, 534, 546, 0, 0, 0, 658, 663, 668, 673, 678, 684, 690, 695, 702, 709, 716, 724, 732, 740, 750]
[0, 683, 678, 673, 669, 665, 660, 660, 653, 651, 650, 647, 644, 642, 640, 637, 635, 634, 0, 570, 564, 557, 551, 550, 545, 541, 539, 532, 522, 518, 515, 512, 509, 507, 505, 503, 505, 508, 512, 520, 528, 535, 546, 0, 0, 0, 671, 676, 681, 686, 693, 699, 706, 712, 717, 725, 733, 741, 750, 758, 767]
[0, 683, 677, 672, 669, 665, 660, 660, 656, 653, 650, 647, 644, 642, 639, 638, 636, 634, 0, 569, 563, 558, 552, 550, 542, 538, 539, 531, 523, 519, 515, 512, 509, 506, 505, 507, 507, 508, 511, 514, 522, 531, 546, 0, 665, 0, 670, 674, 679, 684, 690, 697, 703, 709, 715, 721, 729, 736, 745, 754, 765]
[0, 702, 697, 691, 686, 681, 677, 673, 669, 666, 662, 659, 656, 654, 652, 650, 649, 647, 0, 569, 572, 566, 560, 554, 547, 541, 539, 0, 522, 519, 515, 512, 510, 507, 505, 505, 505, 507, 514, 518, 523, 532, 544, 0, 665, 0, 672, 676, 681, 686, 692, 698, 703, 709, 715, 722, 730, 738, 747, 756, 765]
[0, 698, 693, 691, 687, 682, 677, 673, 670, 667, 663, 659, 656, 654, 653, 651, 649, 648, 0, 573, 572, 561, 556, 554, 549, 542, 535, 528, 522, 518, 513, 510, 509, 505, 502, 503, 508, 511, 513, 520, 528, 535, 546, 0, 665, 0, 686, 691, 696, 702, 707, 712, 719, 725, 731, 739, 748, 757, 765, 774, 784]
[0, 709, 703, 698, 693, 689, 684, 680, 676, 673, 670, 666, 664, 663, 661, 659, 658, 648, 0, 578, 572, 566, 560, 554, 549, 543, 536, 530, 524, 519, 515, 514, 512, 510, 505, 503, 505, 507, 514, 518, 522, 531, 546, 0, 665, 680, 685, 690, 695, 700, 706, 712, 717, 724, 731, 738, 746, 754, 763, 771, 780]
[0, 715, 710, 704, 699, 694, 690, 685, 682, 679, 676, 672, 669, 667, 665, 664, 662, 648, 0, 579, 575, 569, 564, 557, 549, 540, 533, 530, 521, 517, 515, 513, 512, 510, 505, 504, 504, 507, 512, 517, 521, 528, 546, 0, 665, 0, 703, 708, 713, 718, 724, 730, 737, 744, 752, 761, 768, 776, 785, 796, 805]
[0, 723, 717, 712, 708, 703, 698, 694, 690, 686, 682, 679, 676, 673, 671, 670, 668, 667, 0, 579, 579, 572, 566, 560, 551, 543, 535, 529, 523, 520, 516, 511, 507, 504, 505, 506, 508, 512, 513, 517, 526, 528, 546, 0, 665, 0, 704, 709, 712, 717, 722, 729, 736, 743, 751, 758, 766, 775, 784, 793, 802]
[0, 722, 716, 711, 707, 702, 698, 694, 690, 686, 682, 679, 676, 673, 672, 670, 668, 667, 0, 581, 578, 572, 566, 560, 555, 546, 537, 529, 523, 520, 517, 515, 512, 510, 506, 503, 505, 509, 515, 518, 522, 531, 546, 0, 704, 0, 709, 713, 723, 717, 729, 742, 736, 758, 751, 765, 773, 789, 799, 808, 818]
[0, 735, 729, 722, 717, 714, 710, 707, 690, 702, 699, 696, 693, 689, 686, 685, 683, 681, 0, 587, 580, 574, 568, 560, 554, 546, 536, 530, 524, 520, 517, 515, 511, 509, 506, 504, 509, 512, 515, 521, 527, 534, 546, 0, 704, 0, 711, 716, 720, 725, 732, 739, 746, 754, 761, 769, 777, 785, 794, 802, 813]
[0, 744, 738, 732, 728, 722, 717, 713, 710, 707, 704, 700, 697, 694, 692, 690, 689, 687, 0, 0, 586, 579, 574, 567, 552, 543, 536, 535, 524, 520, 518, 514, 512, 510, 508, 505, 506, 509, 512, 518, 527, 533, 546, 0, 717, 721, 726, 732, 738, 744, 750, 758, 765, 772, 779, 787, 796, 805, 813, 823, 833]
[0, 739, 735, 732, 729, 723, 718, 714, 710, 707, 704, 701, 698, 696, 693, 689, 688, 688, 0, 587, 586, 580, 574, 567, 561, 551, 539, 531, 526, 521, 516, 514, 512, 511, 507, 505, 507, 509, 514, 521, 526, 533, 546, 0, 717, 0, 731, 736, 743, 749, 755, 762, 768, 775, 784, 792, 800, 808, 818, 828, 835]
[0, 739, 755, 750, 745, 739, 734, 729, 726, 722, 718, 716, 714, 710, 708, 707, 705, 703, 0, 596, 586, 588, 580, 574, 561, 550, 539, 531, 527, 523, 518, 512, 510, 509, 506, 504, 506, 510, 515, 519, 524, 533, 546, 0, 0, 727, 731, 736, 742, 748, 755, 762, 768, 774, 782, 792, 800, 808, 817, 826, 835]
[0, 774, 768, 762, 758, 753, 748, 744, 739, 735, 731, 729, 725, 722, 720, 718, 717, 716, 0, 604, 586, 595, 586, 579, 569, 0, 540, 531, 526, 523, 519, 515, 515, 510, 504, 505, 507, 510, 516, 519, 525, 534, 546, 0, 0, 743, 749, 754, 760, 766, 772, 778, 786, 795, 803, 811, 820, 828, 835, 845, 857]
[0, 774, 768, 762, 758, 753, 748, 744, 739, 734, 731, 729, 726, 722, 720, 718, 717, 715, 0, 604, 604, 595, 586, 579, 567, 553, 544, 534, 527, 523, 517, 513, 512, 507, 506, 507, 507, 510, 515, 519, 525, 534, 546, 0, 0, 758, 764, 768, 774, 782, 789, 795, 803, 810, 818, 827, 834, 842, 854, 863, 872]
[0, 774, 768, 762, 758, 753, 748, 744, 739, 735, 731, 728, 725, 722, 720, 718, 717, 715, 0, 0, 604, 595, 586, 579, 0, 553, 544, 534, 527, 523, 517, 513, 511, 507, 506, 507, 507, 510, 515, 519, 525, 534, 546, 0, 0, 758, 764, 768, 774, 782, 789, 795, 803, 810, 818, 826, 834, 842, 853, 863, 872]
[0, 781, 775, 770, 765, 761, 756, 752, 747, 742, 731, 738, 736, 734, 732, 730, 729, 727, 725, 0, 606, 597, 588, 579, 0, 552, 543, 534, 527, 523, 517, 513, 511, 509, 507, 507, 508, 511, 515, 520, 526, 534, 0, 0, 0, 759, 764, 768, 774, 780, 787, 795, 803, 811, 818, 827, 834, 843, 855, 865, 873]
[0, 781, 775, 770, 765, 759, 756, 751, 746, 742, 742, 739, 736, 734, 731, 730, 728, 726, 724, 0, 605, 595, 586, 581, 0, 549, 543, 538, 530, 525, 520, 515, 511, 509, 508, 506, 507, 509, 513, 518, 523, 531, 543, 0, 766, 772, 777, 783, 790, 797, 804, 812, 819, 827, 834, 827, 852, 862, 855, 880, 890]
[0, 785, 778, 772, 767, 762, 757, 753, 749, 744, 741, 737, 734, 732, 730, 728, 726, 724, 724, 0, 611, 600, 591, 576, 0, 0, 545, 537, 531, 522, 519, 515, 511, 509, 508, 506, 506, 510, 514, 518, 523, 533, 544, 0, 767, 772, 778, 783, 790, 797, 804, 811, 819, 828, 835, 827, 843, 853, 863, 872, 880]
[0, 820, 814, 808, 802, 797, 792, 789, 784, 780, 777, 773, 769, 767, 765, 763, 761, 760, 759, 758, 757, 756, 591, 582, 0, 552, 540, 533, 526, 521, 519, 515, 514, 508, 506, 506, 506, 508, 511, 516, 521, 527, 544, 0, 0, 769, 774, 780, 787, 794, 801, 808, 816, 823, 831, 839, 848, 858, 867, 875, 885]
[0, 819, 813, 808, 802, 796, 792, 788, 783, 779, 775, 771, 769, 767, 764, 763, 762, 761, 759, 760, 757, 755, 0, 0, 0, 561, 546, 535, 528, 521, 519, 513, 514, 510, 508, 507, 507, 508, 512, 516, 521, 528, 544, 0, 0, 809, 814, 820, 826, 832, 838, 846, 855, 863, 870, 878, 886, 895, 905, 916, 928]
[0, 838, 832, 827, 822, 816, 811, 807, 803, 799, 794, 791, 788, 785, 783, 780, 779, 778, 776, 774, 774, 774, 0, 607, 0, 556, 542, 535, 531, 523, 519, 517, 512, 509, 508, 507, 507, 509, 512, 517, 522, 529, 544, 0, 0, 808, 814, 821, 827, 832, 838, 846, 855, 863, 870, 878, 887, 895, 905, 917, 928]
[0, 836, 831, 827, 821, 816, 812, 807, 803, 799, 796, 792, 788, 784, 782, 780, 779, 778, 776, 775, 775, 773, 773, 607, 0, 0, 550, 537, 528, 521, 517, 514, 512, 510, 508, 507, 508, 512, 516, 521, 527, 529, 544, 0, 0, 828, 832, 837, 843, 851, 858, 865, 872, 879, 888, 896, 905, 916, 926, 936, 947]
[0, 836, 831, 827, 822, 817, 812, 807, 803, 799, 796, 792, 788, 785, 783, 781, 779, 778, 777, 777, 776, 774, 773, 773, 0, 0, 547, 536, 528, 528, 517, 514, 513, 510, 509, 508, 507, 509, 512, 516, 529, 529, 544, 0, 0, 829, 833, 837, 844, 852, 860, 867, 874, 881, 889, 897, 907, 917, 927, 939, 949]
[0, 835, 831, 826, 821, 815, 810, 807, 802, 799, 799, 795, 791, 787, 785, 783, 781, 778, 777, 777, 776, 774, 774, 773, 0, 0, 550, 536, 528, 522, 517, 514, 513, 510, 508, 508, 508, 509, 516, 521, 529, 528, 544, 0, 0, 828, 832, 837, 844, 852, 859, 867, 874, 881, 888, 897, 906, 916, 927, 937, 947]
[0, 860, 854, 848, 842, 836, 831, 827, 823, 820, 816, 811, 808, 807, 804, 802, 799, 799, 799, 797, 796, 795, 774, 774, 0, 0, 0, 540, 531, 525, 519, 515, 511, 509, 508, 507, 507, 510, 515, 518, 525, 533, 543, 0, 825, 832, 835, 841, 848, 855, 863, 870, 876, 883, 892, 899, 910, 922, 932, 942, 951]
[0, 868, 864, 858, 852, 845, 838, 835, 832, 828, 824, 821, 817, 814, 813, 811, 810, 808, 807, 806, 805, 804, 774, 794, 0, 0, 551, 537, 531, 528, 522, 517, 514, 512, 510, 508, 508, 511, 514, 518, 523, 530, 543, 0, 0, 850, 856, 862, 867, 873, 880, 887, 894, 903, 913, 923, 931, 940, 950, 959, 972]
[0, 878, 873, 868, 863, 856, 850, 846, 843, 838, 833, 830, 817, 828, 826, 823, 821, 818, 817, 816, 815, 815, 814, 794, 0, 0, 554, 538, 531, 522, 522, 517, 514, 512, 510, 510, 510, 511, 514, 519, 524, 530, 543, 0, 0, 859, 866, 871, 875, 882, 889, 897, 904, 914, 924, 933, 942, 950, 960, 973, 986]
[0, 880, 875, 870, 866, 860, 854, 849, 845, 840, 835, 832, 829, 827, 824, 822, 820, 819, 818, 817, 816, 815, 814, 814, 0, 0, 0, 548, 538, 529, 521, 517, 515, 512, 511, 511, 511, 513, 516, 521, 526, 535, 548, 0, 867, 872, 878, 883, 889, 896, 903, 911, 920, 930, 939, 947, 957, 968, 980, 992, 1004]
[0, 890, 884, 879, 873, 869, 864, 860, 855, 849, 843, 840, 838, 835, 833, 830, 829, 828, 827, 826, 825, 825, 815, 814, 0, 0, 0, 542, 532, 525, 519, 516, 514, 512, 511, 511, 511, 515, 519, 524, 531, 535, 548, 0, 867, 875, 881, 888, 893, 899, 908, 911, 928, 930, 936, 943, 961, 974, 987, 992, 999]
[0, 889, 882, 877, 873, 868, 863, 859, 854, 848, 843, 840, 840, 837, 835, 832, 832, 830, 829, 828, 827, 827, 826, 826, 0, 0, 0, 0, 539, 531, 523, 518, 517, 514, 512, 511, 512, 514, 518, 522, 527, 535, 548, 0, 0, 882, 889, 895, 901, 907, 916, 925, 933, 941, 950, 960, 971, 983, 994, 1003, 1015]
[0, 945, 937, 930, 925, 921, 915, 909, 903, 899, 896, 892, 888, 885, 883, 881, 880, 878, 877, 828, 877, 875, 826, 825, 0, 0, 0, 549, 538, 529, 522, 518, 515, 513, 512, 511, 512, 515, 519, 523, 529, 535, 548, 0, 879, 885, 891, 898, 904, 911, 918, 928, 936, 944, 952, 962, 974, 987, 997, 1006, 1018]
[0, 943, 936, 930, 924, 920, 914, 909, 903, 898, 895, 892, 888, 885, 883, 880, 879, 878, 877, 877, 876, 875, 875, 875, 876, 0, 0, 549, 545, 535, 529, 523, 520, 518, 517, 516, 517, 519, 523, 528, 534, 535, 548, 0, 935, 941, 947, 953, 961, 970, 978, 987, 995, 1005, 1016, 1026, 1036, 1048, 1059, 1070, 1084]
[0, 946, 940, 934, 928, 923, 916, 909, 905, 901, 897, 892, 889, 886, 883, 881, 880, 879, 878, 877, 876, 876, 875, 875, 876, 0, 0, 0, 545, 535, 529, 523, 520, 518, 517, 516, 517, 519, 523, 528, 534, 535, 548, 0, 935, 941, 947, 954, 962, 969, 978, 987, 995, 1002, 1013, 1024, 1034, 1046, 1057, 1069, 1083]
[0, 947, 940, 934, 928, 923, 917, 912, 907, 901, 898, 895, 891, 887, 884, 881, 880, 879, 879, 877, 876, 876, 876, 875, 876, 0, 0, 0, 540, 532, 525, 521, 520, 518, 516, 516, 518, 520, 525, 530, 537, 535, 548, 0, 938, 943, 950, 955, 962, 971, 981, 989, 998, 1007, 1018, 1028, 1038, 1049, 1062, 1075, 1087]
[0, 955, 948, 942, 937, 932, 926, 922, 916, 912, 908, 904, 900, 897, 895, 893, 890, 888, 888, 887, 886, 886, 876, 876, 876, 0, 0, 0, 540, 533, 525, 521, 520, 518, 517, 517, 518, 520, 524, 529, 537, 535, 548, 0, 938, 944, 951, 957, 964, 973, 982, 992, 999, 1008, 1019, 1029, 1040, 1053, 1064, 1075, 1090]
[0, 981, 974, 966, 959, 954, 948, 943, 916, 934, 931, 928, 900, 924, 921, 918, 915, 914, 911, 910, 910, 909, 909, 886, 886, 0, 0, 0, 539, 532, 525, 526, 522, 520, 518, 517, 520, 520, 528, 529, 534, 557, 0, 947, 951, 956, 965, 973, 982, 990, 996, 1005, 1016, 1025, 1035, 1045, 1056, 1068, 1080, 1093, 1108]
[0, 979, 973, 965, 959, 954, 948, 942, 938, 934, 933, 931, 927, 923, 920, 917, 914, 912, 910, 910, 910, 909, 909, 910, 911, 0, 0, 0, 549, 538, 532, 526, 523, 521, 520, 521, 522, 524, 527, 533, 541, 554, 0, 0, 977, 983, 990, 997, 1004, 1012, 1020, 1029, 1038, 1047, 1057, 1069, 1081, 1093, 1104, 1118, 1134]
[0, 1034, 1027, 1020, 1014, 1007, 1001, 996, 938, 992, 988, 983, 978, 974, 970, 968, 967, 965, 963, 961, 961, 961, 961, 910, 911, 0, 0, 0, 549, 538, 531, 526, 523, 521, 520, 521, 522, 524, 527, 533, 541, 554, 0, 0, 978, 984, 991, 998, 1004, 1013, 1021, 1028, 1039, 1048, 1059, 1070, 1081, 1092, 1103, 1118, 1136]
[0, 1034, 1027, 1020, 1014, 1008, 1001, 1002, 996, 993, 988, 984, 979, 974, 972, 970, 967, 965, 963, 961, 962, 962, 961, 961, 962, 964, 0, 0, 558, 545, 537, 531, 528, 528, 527, 527, 529, 532, 537, 543, 541, 554, 0, 1028, 1032, 1039, 1048, 1057, 1066, 1074, 1086, 1094, 1102, 1117, 1128, 1139, 1152, 1165, 1176, 1190, 1208]
[0, 1061, 1053, 1045, 1039, 1033, 1028, 1022, 996, 1018, 1014, 1010, 1005, 1002, 1000, 998, 997, 995, 995, 993, 991, 992, 992, 961, 962, 964, 0, 0, 557, 544, 537, 531, 528, 527, 527, 527, 529, 533, 538, 544, 555, 554, 0, 1027, 1033, 1040, 1048, 1058, 1067, 1075, 1084, 1092, 1105, 1120, 1131, 1141, 1154, 1167, 1178, 1192, 1210]
[0, 1061, 1053, 1045, 1039, 1033, 1028, 1023, 1019, 1014, 1009, 1006, 1003, 1000, 999, 996, 995, 993, 991, 990, 990, 991, 992, 990, 992, 994, 0, 0, 0, 550, 541, 536, 532, 530, 529, 529, 531, 534, 540, 548, 561, 554, 0, 1054, 1060, 1068, 1077, 1088, 1096, 1104, 1119, 1131, 1139, 1150, 1158, 1168, 1179, 1192, 1209, 1229, 1245]
[0, 1066, 1059, 1053, 1048, 1040, 1033, 1028, 1023, 1017, 1013, 1010, 1005, 1002, 1000, 998, 996, 995, 995, 993, 991, 992, 991, 992, 993, 996, 0, 0, 0, 554, 544, 538, 532, 530, 530, 530, 531, 534, 538, 544, 561, 0, 1051, 1058, 1065, 1074, 1083, 1090, 1099, 1112, 1125, 1135, 1144, 1153, 1162, 1171, 1186, 1200, 1214, 1232, 1247]
[0, 1067, 1060, 1054, 1048, 1040, 1033, 1028, 1023, 1017, 1014, 1010, 1005, 1002, 1000, 998, 996, 995, 995, 994, 992, 992, 992, 990, 992, 993, 0, 0, 0, 550, 542, 536, 532, 530, 530, 530, 532, 535, 540, 548, 559, 0, 1054, 1060, 1068, 1074, 1085, 1094, 1102, 1113, 1127, 1138, 1147, 1156, 1164, 1175, 1188, 1206, 1225, 1241, 1253]
[0, 1076, 1068, 1062, 1056, 1050, 1043, 1037, 1032, 1027, 1014, 1019, 1017, 1002, 1013, 1010, 996, 1009, 1007, 1005, 1004, 1004, 1004, 991, 992, 994, 0, 0, 0, 550, 542, 536, 532, 530, 530, 530, 532, 535, 540, 549, 562, 0, 0, 1059, 1065, 1073, 1084, 1092, 1099, 1113, 1128, 1134, 1139, 1150, 1163, 1175, 1187, 1218, 1225, 1233, 1263]
[0, 1136, 1127, 1120, 1114, 1105, 1097, 1092, 1086, 1082, 1078, 1073, 1069, 1067, 1065, 1061, 1059, 1058, 1057, 1057, 1056, 1054, 1004, 1004, 1005, 1004, 0, 0, 0, 552, 544, 538, 533, 531, 532, 531, 533, 538, 543, 549, 562, 0, 0, 1069, 1076, 1086, 1095, 1103, 1112, 1124, 1137, 1143, 1152, 1164, 1174, 1186, 1201, 1215, 1229, 1244, 1259]
[0, 1138, 1127, 1123, 1114, 1116, 1110, 1103, 1096, 1090, 1084, 1080, 1077, 1075, 1073, 1069, 1067, 1065, 1063, 1062, 1062, 1062, 1057, 1062, 1064, 1063, 1065, 0, 0, 558, 549, 538, 541, 531, 539, 541, 543, 552, 543, 549, 0, 1123, 1130, 1137, 1144, 1152, 1161, 1169, 1177, 1187, 1197, 1207, 1217, 1225, 1232, 1243, 1254, 1263, 1274, 1287, 1298]
[0, 1146, 1138, 1130, 1123, 1117, 1110, 1102, 1096, 1090, 1084, 1081, 1078, 1075, 1073, 1070, 1067, 1065, 1064, 1063, 1062, 1064, 1064, 1067, 1067, 1069, 1070, 0, 0, 563, 552, 546, 543, 541, 542, 544, 546, 552, 543, 549, 0, 1125, 1132, 1138, 1147, 1156, 1163, 1169, 1176, 1186, 1197, 1209, 1217, 1222, 1231, 1240, 1250, 1261, 1271, 1281, 1293]
[0, 1146, 1138, 1130, 1123, 1117, 1110, 1102, 1096, 1090, 1084, 1081, 1078, 1075, 1072, 1069, 1067, 1065, 1064, 1063, 1062, 1063, 1066, 1067, 1070, 1070, 1068, 0, 0, 562, 550, 545, 542, 541, 543, 543, 546, 552, 543, 549, 0, 1125, 1135, 1143, 1150, 1156, 1163, 1171, 1177, 1188, 1198, 1209, 1216, 1222, 1233, 1244, 1254, 1263, 1274, 1286, 1297]
[0, 1161, 1153, 1146, 1139, 1133, 1125, 1119, 1114, 1106, 1100, 1098, 1094, 1088, 1087, 1086, 1084, 1083, 1083, 1083, 1081, 1080, 1065, 1067, 1069, 1070, 1068, 0, 0, 561, 550, 545, 542, 541, 543, 543, 546, 552, 552, 549, 0, 1125, 1135, 1143, 1150, 1157, 1164, 1171, 1178, 1188, 1198, 1209, 1216, 1222, 1233, 1244, 1254, 1263, 1274, 1285, 1297]
[0, 1159, 1151, 1143, 1136, 1130, 1124, 1119, 1117, 1112, 1106, 1100, 1096, 1093, 1092, 1090, 1087, 1087, 1086, 1083, 1080, 1080, 1080, 1084, 1088, 1087, 1088, 0, 0, 561, 561, 552, 547, 545, 544, 547, 550, 553, 552, 549, 0, 1146, 1154, 1161, 1168, 0, 1174, 1179, 1178, 1195, 1201, 1209, 1209, 1219, 1229, 1238, 1248, 1257, 1267, 1277, 1288]
[0, 1179, 1173, 1166, 1160, 1154, 1147, 1141, 1136, 1131, 1126, 1121, 1118, 1113, 1110, 1107, 1106, 1107, 1106, 1105, 1102, 1101, 1082, 1086, 1086, 1088, 1089, 0, 0, 0, 556, 550, 547, 545, 546, 550, 553, 558, 570, 549, 0, 1146, 1154, 1160, 1165, 1168, 1171, 1174, 1182, 1192, 1198, 1206, 1214, 1222, 1233, 1244, 1254, 1263, 1273, 1285, 1296]
[0, 1179, 1173, 1166, 1160, 1155, 1148, 1141, 1136, 1131, 1125, 1121, 1118, 1113, 1110, 1107, 1106, 1106, 1106, 1105, 1102, 1101, 1102, 1100, 1101, 1103, 1105, 0, 0, 0, 568, 557, 552, 550, 549, 552, 555, 559, 568, 0, 1144, 1147, 1154, 1154, 1158, 1167, 1171, 1173, 1187, 1192, 1194, 1201, 1209, 1218, 1228, 1237, 1247, 1257, 1267, 1276, 1287]
[0, 1218, 1212, 1204, 1193, 1185, 1178, 1172, 1169, 1165, 1160, 1157, 1157, 1153, 1149, 1146, 1141, 1138, 1139, 1138, 1136, 1135, 1102, 1100, 1101, 1103, 1105, 0, 0, 0, 568, 556, 552, 549, 549, 552, 555, 559, 568, 0, 1147, 1149, 1153, 1154, 1157, 1160, 1166, 1173, 1179, 1187, 1194, 1201, 1209, 1218, 1228, 1237, 1247, 1257, 1267, 1277, 1288]
[0, 1218, 1212, 1204, 1194, 1185, 1178, 1173, 1169, 1165, 1160, 1157, 1157, 1154, 1150, 1146, 1140, 1138, 1140, 1138, 1136, 1136, 1135, 1135, 1136, 1136, 1131, 1127, 0, 0, 0, 569, 561, 559, 560, 564, 568, 559, 0, 0, 1144, 1147, 1149, 1153, 1157, 1160, 1166, 1173, 1179, 1186, 1194, 1200, 1208, 1218, 1228, 1236, 1246, 1256, 1266, 1276, 1287]
[0, 1284, 1274, 1265, 1255, 1245, 1236, 1225, 1215, 1207, 1198, 1189, 1182, 1175, 1171, 1165, 1159, 1155, 1150, 1146, 1145, 1143, 1135, 1134, 1135, 1135, 1131, 1127, 0, 0, 0, 568, 560, 559, 560, 564, 568, 572, 0, 0, 1143, 1146, 1149, 1153, 1157, 1160, 1166, 1173, 1179, 1186, 1193, 1201, 1209, 1217, 1226, 1235, 1246, 1256, 1266, 1276, 1287]
[0, 1285, 1276, 1267, 1257, 1247, 1238, 1227, 1218, 1209, 1201, 1192, 1185, 1178, 1173, 1167, 1160, 1156, 1152, 1149, 1147, 1143, 1139, 1135, 1132, 1132, 1130, 1128, 1127, 1127, 1127, 568, 560, 1124, 1125, 1128, 1130, 1133, 1136, 1139, 1141, 1144, 1148, 1153, 1157, 1160, 1166, 1172, 1178, 1188, 1194, 1198, 1206, 1216, 1227, 1237, 1247, 1257, 1265, 1276, 1288]
[0, 1280, 1271, 1259, 1248, 1239, 1230, 1220, 1211, 1202, 1192, 1186, 1181, 1173, 1167, 1161, 1157, 1154, 1148, 1145, 1143, 1139, 1136, 1134, 1132, 1131, 1130, 1129, 1128, 1126, 1127, 568, 560, 1126, 1125, 1128, 1132, 1134, 1137, 1139, 1142, 1144, 1148, 1153, 1157, 1160, 1164, 1170, 1178, 1185, 1192, 1199, 1206, 1216, 1225, 1236, 1247, 1258, 1267, 1275, 1286]
[0, 1284, 1273, 1265, 1254, 1244, 1234, 1223, 1214, 1205, 1196, 1188, 1182, 1175, 1168, 1162, 1158, 1154, 1150, 1146, 1143, 1140, 1134, 1133, 1133, 1129, 1127, 1127, 1126, 1126, 1126, 1125, 1125, 1126, 1127, 1128, 1130, 1133, 1136, 1139, 1141, 1143, 1147, 1152, 1155, 1158, 1164, 1170, 1177, 1186, 1193, 1197, 1204, 1214, 1224, 1233, 1244, 1253, 1263, 1275, 1283]
[0, 1283, 1272, 1260, 1249, 1240, 1230, 1222, 1213, 1203, 1194, 1187, 1180, 1173, 1167, 1161, 1156, 1153, 1147, 1144, 1141, 1136, 1137, 1134, 1131, 1130, 1129, 1127, 1126, 1125, 1125, 1126, 1125, 1126, 1127, 1128, 1130, 1133, 1136, 1138, 1141, 1143, 1146, 1152, 1155, 1159, 1165, 1171, 1178, 1184, 1191, 1198, 1206, 1216, 1225, 1233, 1245, 1258, 1266, 1275, 1286]
[0, 1280, 1270, 1259, 1247, 1238, 1230, 1220, 1208, 1199, 1190, 1184, 1178, 1172, 1166, 1161, 1155, 1153, 1152, 1149, 1143, 1140, 1135, 1134, 1131, 1128, 1128, 1127, 1126, 1126, 1124, 1124, 1125, 1127, 1126, 1128, 1131, 1134, 1136, 1139, 1141, 1143, 1148, 1151, 1154, 1160, 1166, 1173, 1179, 1185, 1193, 1201, 1209, 1219, 1227, 1237, 1248, 1257, 1268, 1279, 1289]
[0, 1284, 1274, 1264, 1253, 1243, 1233, 1223, 1214, 1206, 1197, 1189, 1182, 1175, 1168, 1162, 1157, 1153, 1148, 1145, 1143, 1140, 1138, 1135, 1133, 1130, 1129, 1128, 1126, 1124, 1124, 1125, 1124, 1124, 1124, 1125, 1130, 1132, 1133, 1136, 1140, 1143, 1145, 1148, 1152, 1156, 1161, 1168, 1176, 1183, 1187, 1193, 1201, 1213, 1224, 1231, 1239, 1250, 1261, 1273, 1282]
[0, 1280, 1270, 1259, 1248, 1238, 1230, 1220, 1209, 1200, 1191, 1184, 1178, 1172, 1168, 1158, 1155, 1149, 1148, 1143, 1140, 1140, 1138, 1131, 1130, 1129, 1127, 1126, 1125, 1125, 1125, 1124, 1124, 1125, 1126, 1126, 1129, 1133, 1136, 1138, 1140, 1144, 1145, 1150, 1156, 1160, 1164, 1171, 1179, 1186, 1192, 1197, 1205, 1216, 1228, 1238, 1244, 1255, 1265, 1275, 1288]
[0, 1281, 1271, 1259, 1248, 1238, 1229, 1220, 1209, 1199, 1191, 1185, 1179, 1172, 1165, 1158, 1154, 1149, 1145, 1142, 1140, 1137, 1138, 1135, 1133, 1131, 1130, 1127, 1126, 1125, 1124, 1125, 1124, 1124, 1125, 1125, 1127, 1130, 1132, 1134, 1138, 1141, 1144, 1147, 1151, 1157, 1162, 1168, 1176, 1182, 1187, 1193, 1201, 1208, 1220, 1231, 1239, 1249, 1259, 1272, 1281]
[0, 1284, 1274, 1264, 1253, 1243, 1233, 1223, 1213, 1204, 1196, 1188, 1181, 1175, 1167, 1162, 1157, 1153, 1149, 1145, 1142, 1137, 1135, 1133, 1131, 1129, 1130, 1127, 1126, 1125, 1125, 1124, 1125, 1124, 1125, 1125, 1128, 1131, 1132, 1134, 1137, 1140, 1142, 1145, 1150, 1156, 1161, 1167, 1175, 1182, 1187, 1193, 1201, 1209, 1218, 1229, 1239, 1248, 1260, 1272, 1282]
[0, 1284, 1275, 1265, 1254, 1244, 1231, 1220, 1211, 1202, 1197, 1190, 1180, 1173, 1167, 1161, 1157, 1152, 1147, 1143, 1139, 1137, 1132, 1132, 1131, 1128, 1126, 1125, 1125, 1125, 1123, 1122, 1123, 1125, 1126, 1127, 1129, 1132, 1135, 1138, 1140, 1143, 1147, 1152, 1156, 1159, 1164, 1171, 1178, 1183, 1190, 1197, 1205, 1216, 1225, 1234, 1244, 1254, 1265, 1276, 1288]
[0, 1284, 1274, 1264, 1252, 1242, 1232, 1221, 1211, 1203, 1195, 1187, 1180, 1174, 1167, 1161, 1157, 1152, 1148, 1144, 1141, 1137, 1134, 1131, 1130, 1128, 1126, 1125, 1123, 1122, 1121, 1121, 1123, 1124, 1124, 1125, 1128, 1130, 1133, 1135, 1139, 1142, 1143, 1146, 1150, 1155, 1160, 1167, 1176, 1181, 1186, 1195, 1203, 1213, 1223, 1229, 1237, 1249, 1261, 1273, 1282]
[0, 1283, 1273, 1263, 1251, 1241, 1232, 1222, 1212, 1203, 1194, 1187, 1180, 1174, 1166, 1160, 1156, 1152, 1147, 1143, 1141, 1137, 1133, 1132, 1130, 1127, 1126, 1125, 1124, 1122, 1120, 1122, 1123, 1125, 1125, 1126, 1127, 1130, 1134, 1137, 1139, 1142, 1146, 1151, 1155, 1159, 1163, 1170, 1177, 1182, 1189, 1196, 1204, 1212, 1221, 1231, 1241, 1254, 1264, 1275, 1284]
[0, 1285, 1274, 1266, 1254, 1241, 1231, 1220, 1211, 1202, 1193, 1186, 1180, 1173, 1167, 1161, 1156, 1151, 1148, 1143, 1140, 1137, 1133, 1131, 1129, 1127, 1126, 1125, 1124, 1122, 1120, 1121, 1123, 1124, 1125, 1126, 1127, 1129, 1134, 1137, 1139, 1143, 1145, 1149, 1154, 1159, 1163, 1170, 1178, 1184, 1190, 1195, 1205, 1215, 1224, 1235, 1246, 1256, 1267, 1278, 1286]
[0, 1280, 1271, 1259, 1247, 1237, 1228, 1219, 1208, 1199, 1190, 1183, 1177, 1169, 1162, 1158, 1154, 1150, 1146, 1142, 1140, 1137, 1135, 1133, 1130, 1127, 1125, 1126, 1123, 1120, 1121, 1122, 1124, 1125, 1124, 1126, 1127, 1130, 1134, 1136, 1138, 1142, 1145, 1149, 1154, 1158, 1162, 1170, 1177, 1182, 1189, 1196, 1205, 1213, 1221, 1233, 1243, 1254, 1264, 1275, 1285]
[0, 1283, 1273, 1262, 1251, 1241, 1231, 1221, 1211, 1202, 1194, 1186, 1180, 1173, 1166, 1161, 1156, 1150, 1147, 1143, 1140, 1136, 1135, 1134, 1130, 1125, 1125, 1124, 1123, 1123, 1123, 1124, 1124, 1122, 1122, 1125, 1127, 1129, 1132, 1135, 1138, 1141, 1143, 1147, 1150, 1154, 1159, 1166, 1175, 1181, 1186, 1194, 1203, 1211, 1220, 1231, 1239, 1249, 1261, 1272, 1282]
[0, 1283, 1273, 1262, 1251, 1241, 1230, 1220, 1210, 1201, 1193, 1186, 1179, 1172, 1165, 1160, 1155, 1150, 1147, 1143, 1140, 1136, 1133, 1132, 1129, 1127, 1125, 1124, 1122, 1120, 1120, 1122, 1123, 1123, 1124, 1125, 1126, 1129, 1131, 1133, 1138, 1142, 1144, 1148, 1153, 1158, 1162, 1167, 1175, 1182, 1188, 1195, 1204, 1214, 1224, 1235, 1246, 1261, 1276, 1288, 1302]
[0, 1279, 1269, 1258, 1246, 1235, 1223, 1215, 1207, 1201, 1198, 1188, 1174, 1172, 1167, 1161, 1155, 1152, 1148, 1141, 1139, 1136, 1134, 1132, 1129, 1126, 1125, 1123, 1121, 1120, 1120, 1122, 1121, 1121, 1124, 1125, 1127, 1127, 1131, 1135, 1137, 1141, 1144, 1147, 1152, 1157, 1162, 1167, 1175, 1182, 1188, 1198, 1210, 1222, 1233, 1245, 1256, 1266, 1276, 1290, 1304]
[0, 1283, 1272, 1262, 1251, 1240, 1230, 1219, 1209, 1201, 1193, 1186, 1179, 1173, 1166, 1160, 1155, 1150, 1146, 1142, 1139, 1136, 1134, 1131, 1128, 1126, 1125, 1124, 1123, 1122, 1121, 1121, 1122, 1122, 1122, 1124, 1127, 1129, 1131, 1134, 1135, 1138, 1142, 1146, 1150, 1155, 1160, 1166, 1174, 1180, 1185, 1193, 1206, 1219, 1229, 1239, 1252, 1263, 1273, 1286, 1298]
[0, 1283, 1271, 1258, 1247, 1239, 1229, 1217, 1207, 1201, 1193, 1185, 1178, 1172, 1166, 1163, 1161, 1156, 1154, 1152, 1149, 1147, 1133, 1131, 1128, 1126, 1124, 1121, 1119, 1120, 1120, 1121, 1122, 1122, 1123, 1125, 1126, 1129, 1132, 1134, 1137, 1141, 1144, 1147, 1152, 1160, 1169, 1175, 1181, 1190, 1200, 1212, 1222, 1231, 1241, 1249, 1256, 1266, 1277, 1290, 1304]
[0, 1274, 1263, 1253, 1245, 1238, 1229, 1215, 1204, 1197, 1191, 1186, 1179, 1173, 1168, 1165, 1164, 1161, 1157, 1154, 1150, 1148, 1146, 1145, 1142, 1140, 1138, 1135, 1133, 1133, 1132, 1133, 1136, 1136, 1137, 1139, 1140, 1143, 1144, 1147, 1150, 1151, 1156, 1161, 1166, 1173, 1178, 1182, 1188, 1198, 1204, 1209, 1217, 1228, 1239, 1249, 1255, 1263, 1275, 1289, 1301]
[0, 1275, 1264, 1253, 1243, 1236, 1228, 1215, 1204, 1197, 1191, 1185, 1178, 1173, 1170, 1167, 1164, 1161, 1157, 1154, 1150, 1148, 1146, 1143, 1142, 1138, 1135, 1134, 1133, 1133, 1135, 1133, 1133, 1135, 1137, 1138, 1139, 1142, 1145, 1148, 1150, 1154, 1159, 1165, 1170, 1172, 1178, 1187, 1194, 1199, 1204, 1212, 1222, 1232, 1242, 1250, 1256, 1265, 1277, 1290, 1303]
[0, 1272, 1263, 1253, 1241, 1232, 1228, 1225, 1216, 1208, 1202, 1196, 1190, 1188, 1188, 1183, 1173, 1167, 1163, 1158, 1153, 1150, 1146, 1143, 1141, 1138, 1135, 1134, 1133, 1133, 1135, 1134, 1133, 1135, 1137, 1138, 1138, 1140, 1145, 1148, 1150, 1153, 1159, 1164, 1169, 1173, 1179, 1187, 1194, 1199, 1206, 1214, 1222, 1234, 1244, 1251, 1257, 1265, 1279, 1291, 1303]
[0, 1282, 1272, 1260, 1250, 1240, 1230, 1222, 1215, 1207, 1200, 1191, 1187, 1188, 1185, 1178, 1170, 1165, 1162, 1158, 1154, 1150, 1146, 1144, 1144, 1142, 1139, 1136, 1135, 1135, 1134, 1132, 1133, 1135, 1136, 1138, 1139, 1141, 1143, 1146, 1148, 1150, 1157, 1163, 1165, 1170, 1176, 1184, 1190, 1196, 1202, 1208, 1218, 1227, 1236, 1246, 1255, 1262, 1273, 1287, 1300]
[0, 1274, 1263, 1253, 1245, 1236, 1227, 1218, 1210, 1201, 1193, 1189, 1187, 1179, 1175, 1175, 1168, 1165, 1157, 1154, 1150, 1147, 1148, 1145, 1142, 1140, 1138, 1136, 1135, 1133, 1132, 1134, 1135, 1136, 1136, 1137, 1139, 1141, 1144, 1146, 1149, 1151, 1155, 1161, 1166, 1172, 1177, 1182, 1189, 1197, 1204, 1210, 1218, 1228, 1239, 1248, 1254, 1263, 1275, 1288, 1301]
[0, 1277, 1269, 1257, 1246, 1238, 1231, 1222, 1212, 1204, 1195, 1194, 1193, 1189, 1186, 1178, 1171, 1166, 1159, 1154, 1151, 1148, 1148, 1143, 1142, 1140, 1138, 1137, 1137, 1134, 1134, 1133, 1132, 1134, 1136, 1138, 1139, 1140, 1143, 1145, 1146, 1150, 1161, 1165, 1163, 1168, 1174, 1180, 1186, 1195, 1203, 1209, 1216, 1222, 1232, 1244, 1253, 1260, 1269, 1285, 1299]
[0, 1277, 1284, 1276, 1266, 1255, 1248, 1240, 1229, 1220, 1212, 1205, 1198, 1191, 1184, 1178, 1172, 1165, 1162, 1158, 1152, 1149, 1146, 1145, 1142, 1138, 1136, 1135, 1134, 1134, 1134, 1133, 1133, 1135, 1137, 1137, 1139, 1142, 1145, 1147, 1150, 1154, 1158, 1164, 1169, 1172, 1179, 1187, 1194, 1199, 1205, 1212, 1222, 1232, 1242, 1250, 1256, 1265, 1277, 1290, 1303]
[0, 1293, 1282, 1270, 1259, 1252, 1243, 1233, 1224, 1214, 1206, 1199, 1192, 1186, 1177, 1172, 1170, 1164, 1158, 1158, 1150, 1149, 1147, 1145, 1142, 1140, 1138, 1136, 1135, 1133, 1132, 1133, 1133, 1133, 1136, 1138, 1139, 1142, 1143, 1146, 1149, 1151, 1155, 1160, 1165, 1171, 1176, 1181, 1189, 1197, 1204, 1212, 1219, 1228, 1239, 1248, 1255, 1264, 1275, 1288, 1301]
[0, 1299, 1287, 1275, 1265, 1254, 1246, 1237, 1227, 1218, 1212, 1202, 1193, 1189, 1182, 1175, 1170, 1165, 1159, 1153, 1151, 1149, 1147, 1146, 1143, 1141, 1138, 1137, 1137, 1134, 1133, 1133, 1132, 1134, 1136, 1138, 1139, 1140, 1143, 1145, 1146, 1150, 1154, 1156, 1162, 1168, 1172, 1178, 1185, 1193, 1201, 1208, 1215, 1224, 1228, 1238, 1252, 1258, 1269, 1283, 1297]
[0, 1292, 1279, 1266, 1255, 1254, 1248, 1239, 1229, 1219, 1212, 1204, 1197, 1190, 1181, 1176, 1172, 1167, 1162, 1158, 1153, 1150, 1146, 1145, 1142, 1139, 1136, 1135, 1134, 1133, 1132, 1132, 1133, 1135, 1135, 1136, 1139, 1142, 1144, 1147, 1149, 1153, 1157, 1160, 1166, 1172, 1178, 1185, 1192, 1199, 1204, 1212, 1221, 1231, 1241, 1249, 1257, 1266, 1278, 1291, 1304]
[0, 1293, 1279, 1267, 1259, 1249, 1242, 1232, 1219, 1219, 1204, 1197, 1191, 1190, 1184, 1176, 1170, 1167, 1162, 1158, 1153, 1150, 1146, 1144, 1144, 1142, 1139, 1136, 1135, 1135, 1134, 1133, 1133, 1135, 1136, 1136, 1138, 1141, 1142, 1144, 1147, 1149, 1154, 1159, 1164, 1170, 1174, 1182, 1185, 1191, 1202, 1208, 1215, 1222, 1233, 1245, 1255, 1262, 1272, 1285, 1298]
[0, 1292, 1278, 1267, 1266, 1255, 1239, 1232, 1229, 1219, 1212, 1204, 1197, 1191, 1182, 1172, 1168, 1167, 1162, 1157, 1153, 1150, 1147, 1145, 1143, 1142, 1138, 1137, 1136, 1135, 1133, 1133, 1133, 1134, 1136, 1138, 1137, 1139, 1143, 1147, 1149, 1149, 1154, 1159, 1163, 1169, 1175, 1183, 1188, 1194, 1202, 1208, 1215, 1225, 1235, 1245, 1254, 1262, 1273, 1285, 1298]
[0, 1295, 1282, 1271, 1260, 1251, 1242, 1233, 1224, 1214, 1208, 1201, 1195, 1191, 1182, 1172, 1165, 1161, 1157, 1154, 1150, 1148, 1146, 1144, 1141, 1139, 1138, 1136, 1135, 1134, 1133, 1133, 1134, 1135, 1136, 1137, 1139, 1141, 1144, 1147, 1150, 1151, 1154, 1159, 1168, 1173, 1175, 1183, 1190, 1194, 1201, 1209, 1215, 1224, 1237, 1247, 1254, 1263, 1273, 1287, 1299]
