[0, 0, 0, 0, 0, 0, 0, 0, 0, 0, 0, 0, 0, 0, 0, 0, 0, 0, 0, 0, 0, 0, 0, 0, 0, 0, 0, 0, 0, 0, 0, 0, 0, 0, 0, 0, 0, 0, 0, 0, 0, 0, 0, 0, 0, 0, 0, 0, 0, 0, 0, 0, 0, 0, 0, 0, 0, 0, 0, 0, 0]
[0, 527, 523, 519, 515, 512, 508, 505, 503, 502, 498, 496, 493, 491, 489, 487, 486, 485, 484, 482, 481, 480, 480, 480, 479, 479, 479, 479, 479, 479, 480, 480, 481, 482, 483, 484, 484, 486, 487, 488, 491, 493, 496, 498, 500, 503, 507, 510, 513, 509, 521, 525, 529, 530, 538, 539, 543, 548, 560, 566, 572]
[0, 527, 523, 519, 515, 511, 508, 508, 505, 501, 499, 496, 493, 491, 488, 485, 484, 485, 483, 482, 481, 480, 480, 480, 479, 479, 479, 479, 479, 479, 479, 480, 481, 481, 482, 485, 484, 485, 486, 488, 490, 492, 494, 497, 499, 502, 505, 508, 511, 516, 519, 523, 527, 532, 536, 541, 545, 551, 556, 562, 568]
[0, 525, 523, 521, 517, 513, 510, 507, 503, 500, 497, 495, 493, 490, 488, 486, 484, 484, 483, 482, 481, 480, 480, 479, 479, 479, 479, 479, 479, 479, 479, 480, 481, 482, 482, 483, 484, 485, 487, 488, 490, 492, 495, 497, 499, 502, 506, 509, 512, 516, 519, 523, 528, 532, 537, 542, 547, 553, 558, 563, 569]
[0, 529, 524, 520, 516, 513, 510, 506, 502, 499, 497, 494, 492, 490, 490, 487, 486, 484, 483, 483, 482, 481, 480, 480, 479, 479, 479, 479, 479, 479, 479, 480, 481, 482, 483, 483, 484, 485, 487, 489, 490, 493, 495, 498, 500, 503, 507, 510, 513, 517, 521, 525, 529, 532, 538, 542, 548, 553, 560, 563, 566]
[0, 527, 523, 519, 515, 512, 508, 506, 502, 499, 498, 496, 493, 491, 489, 487, 486, 484, 483, 482, 481, 480, 480, 480, 479, 478, 479, 479, 478, 479, 480, 481, 481, 482, 483, 484, 484, 485, 486, 487, 489, 494, 497, 498, 499, 501, 504, 508, 511, 515, 518, 523, 526, 530, 535, 540, 545, 551, 556, 562, 567]
[0, 527, 523, 519, 515, 512, 511, 508, 504, 501, 498, 495, 493, 490, 488, 486, 485, 485, 483, 482, 481, 480, 480, 480, 479, 479, 479, 479, 479, 479, 480, 479, 481, 482, 482, 483, 485, 485, 486, 488, 489, 492, 494, 497, 499, 502, 505, 509, 512, 516, 519, 523, 527, 532, 536, 541, 546, 552, 557, 562, 569]
[0, 527, 524, 519, 515, 512, 509, 508, 502, 501, 498, 493, 493, 491, 489, 487, 486, 484, 483, 482, 481, 480, 480, 480, 479, 479, 479, 478, 478, 479, 479, 480, 481, 482, 483, 484, 485, 486, 487, 488, 490, 493, 495, 498, 500, 503, 507, 510, 513, 516, 520, 524, 529, 533, 538, 543, 548, 553, 559, 566, 572]
[0, 527, 522, 519, 518, 515, 511, 508, 504, 501, 498, 495, 493, 490, 488, 487, 486, 485, 483, 482, 481, 480, 480, 480, 479, 479, 479, 478, 479, 479, 479, 480, 481, 481, 482, 483, 484, 485, 486, 488, 490, 492, 495, 497, 499, 502, 505, 509, 512, 515, 519, 523, 527, 532, 536, 541, 546, 552, 557, 562, 569]
[0, 536, 531, 526, 523, 519, 516, 513, 509, 506, 504, 501, 493, 499, 495, 487, 493, 492, 490, 488, 487, 487, 487, 486, 479, 479, 479, 478, 479, 479, 479, 480, 481, 482, 482, 484, 485, 486, 488, 489, 490, 493, 495, 497, 500, 503, 507, 509, 513, 516, 520, 524, 528, 533, 538, 542, 547, 553, 558, 563, 571]
[0, 535, 530, 526, 523, 519, 516, 512, 509, 508, 506, 503, 501, 499, 497, 495, 493, 492, 490, 489, 488, 487, 487, 486, 486, 486, 486, 485, 486, 486, 487, 488, 488, 489, 491, 492, 493, 495, 496, 498, 500, 503, 505, 507, 500, 514, 507, 517, 520, 528, 531, 524, 536, 545, 550, 542, 556, 561, 566, 572, 578]
[0, 533, 529, 526, 524, 521, 517, 513, 510, 508, 505, 503, 500, 499, 497, 495, 493, 492, 491, 489, 488, 487, 487, 486, 486, 487, 487, 486, 487, 487, 488, 489, 490, 491, 491, 491, 492, 494, 496, 497, 498, 501, 503, 506, 509, 512, 515, 518, 521, 525, 529, 532, 536, 541, 546, 551, 556, 562, 568, 574, 581]
[0, 536, 531, 526, 523, 520, 517, 513, 510, 508, 505, 501, 500, 499, 498, 496, 494, 492, 490, 489, 488, 487, 487, 486, 486, 486, 487, 486, 487, 487, 487, 487, 488, 491, 491, 492, 493, 494, 496, 498, 500, 502, 504, 507, 510, 512, 515, 519, 522, 526, 530, 534, 538, 543, 548, 553, 558, 563, 569, 576, 583]
[0, 536, 532, 528, 524, 520, 517, 514, 510, 508, 505, 503, 500, 498, 496, 496, 495, 491, 490, 489, 488, 488, 487, 487, 486, 486, 486, 486, 486, 486, 487, 488, 489, 489, 491, 492, 493, 495, 497, 498, 500, 503, 505, 507, 510, 514, 517, 521, 524, 527, 531, 536, 540, 544, 548, 550, 556, 565, 569, 578, 583]
[0, 537, 533, 528, 524, 521, 518, 514, 511, 508, 505, 503, 501, 498, 496, 495, 495, 493, 489, 489, 488, 488, 487, 487, 487, 487, 486, 486, 487, 487, 488, 489, 490, 491, 491, 492, 494, 495, 497, 498, 501, 503, 505, 508, 511, 514, 517, 521, 525, 528, 532, 536, 540, 545, 550, 555, 561, 565, 572, 578, 583]
[0, 536, 532, 528, 524, 521, 518, 514, 513, 511, 509, 507, 504, 501, 498, 496, 497, 495, 493, 492, 491, 491, 490, 490, 487, 487, 486, 486, 487, 487, 487, 488, 489, 491, 491, 492, 493, 495, 496, 498, 501, 503, 505, 508, 511, 513, 517, 521, 524, 528, 532, 536, 540, 544, 549, 555, 560, 566, 572, 579, 586]
[0, 540, 536, 531, 527, 524, 520, 517, 513, 510, 508, 506, 503, 501, 498, 497, 496, 495, 493, 492, 491, 491, 491, 489, 490, 490, 490, 486, 490, 491, 487, 492, 493, 494, 495, 492, 497, 498, 499, 501, 503, 505, 508, 510, 513, 516, 520, 522, 525, 530, 534, 538, 542, 547, 552, 557, 562, 567, 573, 580, 587]
[0, 540, 536, 532, 527, 524, 520, 517, 514, 511, 508, 506, 504, 501, 499, 498, 496, 494, 492, 491, 491, 491, 491, 490, 489, 490, 489, 490, 490, 490, 491, 491, 492, 493, 495, 496, 497, 498, 499, 501, 504, 506, 509, 512, 514, 516, 520, 523, 527, 531, 535, 538, 543, 548, 553, 558, 563, 569, 575, 582, 589]
[0, 538, 533, 530, 526, 524, 522, 518, 515, 512, 509, 507, 504, 503, 501, 499, 497, 496, 494, 493, 493, 493, 493, 492, 490, 490, 489, 489, 490, 490, 491, 492, 493, 493, 495, 496, 497, 498, 500, 501, 504, 506, 508, 511, 513, 516, 520, 523, 526, 530, 534, 538, 542, 547, 553, 557, 562, 568, 575, 581, 588]
[0, 539, 535, 531, 527, 524, 520, 517, 513, 511, 509, 508, 506, 504, 502, 500, 498, 497, 496, 495, 494, 493, 492, 492, 492, 491, 491, 492, 491, 491, 491, 492, 495, 496, 497, 496, 499, 499, 500, 502, 505, 506, 508, 511, 515, 517, 520, 524, 528, 531, 534, 539, 544, 549, 554, 559, 563, 568, 575, 582, 588]
[0, 540, 536, 532, 528, 524, 520, 517, 514, 511, 509, 507, 506, 505, 501, 500, 498, 497, 496, 495, 494, 493, 492, 492, 492, 492, 491, 492, 492, 492, 493, 495, 496, 496, 497, 498, 499, 501, 502, 505, 507, 510, 512, 514, 518, 521, 524, 524, 531, 531, 535, 543, 544, 548, 553, 558, 563, 569, 575, 581, 588]
[0, 551, 547, 544, 540, 535, 532, 528, 525, 522, 519, 517, 515, 513, 510, 510, 508, 507, 505, 503, 503, 502, 502, 492, 492, 491, 491, 492, 492, 492, 493, 494, 495, 496, 497, 498, 499, 500, 502, 505, 507, 509, 511, 514, 518, 521, 524, 527, 530, 534, 538, 543, 547, 551, 557, 562, 568, 573, 580, 587, 593]
[0, 548, 544, 540, 537, 533, 532, 529, 526, 523, 520, 517, 515, 513, 511, 509, 507, 506, 505, 504, 503, 502, 502, 502, 501, 501, 501, 492, 501, 502, 502, 504, 495, 505, 507, 508, 509, 510, 512, 514, 516, 518, 521, 523, 526, 529, 532, 536, 539, 543, 547, 552, 556, 561, 566, 570, 576, 584, 589, 594, 601]
[0, 555, 550, 545, 542, 539, 535, 531, 528, 525, 523, 521, 518, 516, 513, 512, 511, 509, 508, 507, 507, 506, 502, 505, 502, 502, 502, 502, 503, 503, 504, 505, 495, 506, 508, 508, 509, 510, 511, 513, 515, 518, 521, 523, 526, 530, 533, 535, 539, 543, 547, 552, 556, 560, 565, 571, 577, 583, 589, 595, 601]
[0, 560, 555, 551, 548, 544, 541, 537, 533, 531, 528, 526, 524, 522, 519, 517, 516, 515, 513, 507, 511, 511, 511, 505, 505, 506, 505, 502, 506, 503, 507, 507, 508, 510, 511, 511, 513, 514, 516, 517, 520, 522, 524, 528, 531, 534, 537, 541, 544, 548, 553, 557, 561, 566, 571, 577, 583, 589, 594, 601, 608]
[0, 565, 560, 556, 553, 550, 546, 542, 533, 539, 534, 532, 530, 528, 519, 525, 523, 522, 521, 520, 519, 518, 518, 517, 511, 506, 511, 502, 511, 512, 512, 513, 514, 515, 516, 518, 519, 520, 522, 524, 527, 530, 532, 536, 539, 541, 545, 548, 553, 557, 560, 565, 570, 575, 581, 586, 592, 597, 603, 610, 618]
[0, 567, 563, 559, 555, 552, 548, 545, 541, 538, 535, 532, 530, 528, 526, 524, 523, 521, 521, 520, 519, 518, 518, 517, 517, 517, 517, 517, 517, 518, 519, 519, 521, 521, 522, 523, 525, 527, 529, 531, 534, 537, 540, 542, 539, 548, 551, 555, 559, 557, 562, 567, 572, 577, 587, 586, 593, 598, 604, 611, 626]
[0, 567, 563, 559, 555, 551, 547, 544, 541, 538, 535, 532, 530, 528, 526, 524, 523, 523, 521, 520, 519, 519, 518, 518, 517, 518, 517, 517, 517, 517, 519, 520, 520, 522, 523, 523, 525, 527, 528, 531, 534, 536, 538, 541, 544, 547, 550, 554, 558, 561, 565, 570, 576, 580, 586, 592, 597, 603, 609, 615, 623]
[0, 570, 565, 561, 558, 555, 550, 547, 544, 541, 538, 532, 535, 533, 531, 529, 528, 526, 525, 524, 524, 522, 522, 521, 518, 517, 517, 518, 518, 519, 519, 520, 521, 522, 522, 524, 526, 528, 529, 531, 533, 537, 540, 542, 545, 548, 551, 555, 558, 562, 567, 572, 578, 582, 587, 593, 599, 605, 610, 617, 623]
[0, 570, 566, 562, 559, 555, 551, 548, 544, 542, 538, 536, 534, 532, 531, 530, 528, 526, 524, 523, 523, 523, 522, 522, 522, 521, 521, 522, 522, 523, 523, 524, 524, 526, 522, 529, 530, 532, 534, 536, 539, 537, 542, 547, 545, 553, 551, 556, 560, 564, 568, 572, 577, 583, 589, 594, 599, 604, 610, 617, 625]
[0, 587, 582, 575, 571, 567, 551, 560, 544, 558, 556, 554, 550, 547, 545, 543, 542, 540, 539, 538, 537, 536, 535, 522, 522, 521, 521, 521, 522, 522, 523, 524, 524, 525, 526, 528, 530, 532, 533, 535, 538, 541, 543, 546, 549, 552, 556, 559, 563, 567, 572, 577, 581, 587, 592, 597, 603, 609, 610, 623, 631]
[0, 586, 581, 576, 571, 567, 564, 561, 558, 555, 553, 554, 550, 548, 545, 543, 542, 540, 539, 538, 536, 535, 535, 535, 535, 535, 535, 535, 535, 535, 536, 537, 538, 539, 541, 542, 544, 546, 548, 551, 553, 541, 558, 560, 564, 566, 556, 574, 563, 579, 588, 593, 581, 598, 608, 597, 619, 627, 610, 634, 650]
[0, 596, 592, 588, 583, 579, 575, 571, 568, 565, 553, 562, 560, 558, 555, 554, 552, 551, 549, 548, 548, 547, 546, 546, 535, 535, 535, 535, 535, 535, 536, 537, 538, 539, 541, 542, 544, 546, 548, 550, 553, 555, 557, 560, 563, 566, 570, 574, 578, 583, 588, 593, 597, 602, 607, 613, 618, 625, 634, 642, 649]
[0, 598, 595, 591, 587, 579, 579, 571, 575, 571, 568, 566, 563, 560, 558, 556, 555, 554, 553, 551, 550, 550, 550, 546, 545, 545, 545, 545, 545, 546, 547, 547, 549, 550, 551, 553, 555, 556, 558, 560, 562, 565, 567, 570, 574, 578, 582, 586, 590, 593, 597, 603, 608, 613, 618, 625, 632, 639, 646, 654, 661]
[0, 608, 604, 600, 595, 591, 588, 584, 581, 578, 574, 571, 568, 566, 563, 562, 561, 559, 559, 558, 557, 556, 556, 549, 549, 548, 548, 549, 549, 549, 550, 551, 553, 553, 554, 556, 558, 560, 562, 565, 567, 569, 567, 575, 579, 583, 582, 587, 590, 595, 599, 603, 608, 613, 618, 624, 630, 637, 651, 654, 659]
[0, 611, 606, 602, 598, 594, 589, 586, 583, 580, 577, 574, 571, 568, 566, 565, 563, 562, 560, 560, 557, 559, 558, 558, 555, 555, 555, 549, 555, 555, 557, 557, 558, 559, 560, 561, 563, 565, 567, 570, 572, 575, 577, 580, 584, 587, 591, 595, 599, 604, 607, 611, 617, 622, 628, 634, 641, 648, 655, 663, 671]
[0, 611, 606, 602, 598, 594, 589, 586, 583, 580, 577, 574, 571, 568, 566, 565, 563, 562, 560, 560, 560, 559, 558, 558, 555, 558, 558, 557, 557, 558, 559, 560, 560, 561, 563, 564, 566, 568, 571, 574, 575, 578, 581, 584, 588, 591, 594, 598, 601, 606, 611, 615, 619, 626, 632, 638, 644, 651, 659, 667, 675]
[0, 611, 607, 602, 598, 594, 591, 588, 584, 581, 578, 574, 571, 568, 567, 565, 564, 562, 562, 561, 560, 559, 559, 558, 558, 558, 558, 556, 557, 558, 559, 559, 560, 561, 563, 564, 566, 568, 571, 573, 575, 578, 581, 584, 588, 591, 594, 598, 601, 606, 610, 615, 619, 625, 632, 638, 644, 651, 659, 667, 674]
[0, 619, 615, 611, 607, 594, 603, 596, 594, 581, 591, 587, 584, 582, 579, 578, 576, 575, 574, 572, 571, 571, 571, 558, 558, 558, 558, 559, 558, 558, 560, 560, 560, 562, 564, 565, 566, 569, 571, 573, 576, 578, 581, 585, 588, 592, 596, 599, 603, 608, 612, 615, 621, 627, 633, 640, 646, 652, 659, 668, 675]
[0, 619, 625, 621, 616, 613, 609, 605, 602, 599, 595, 593, 590, 587, 585, 584, 582, 580, 580, 578, 577, 576, 575, 570, 569, 569, 568, 568, 569, 570, 571, 572, 573, 574, 575, 578, 580, 582, 584, 586, 588, 591, 594, 597, 601, 604, 607, 613, 616, 620, 625, 630, 636, 642, 648, 655, 660, 667, 675, 684, 693]
[0, 629, 625, 619, 615, 611, 608, 604, 600, 597, 595, 591, 589, 587, 585, 583, 581, 581, 580, 578, 577, 576, 576, 575, 575, 575, 574, 574, 575, 577, 578, 579, 580, 574, 581, 583, 587, 582, 590, 593, 596, 599, 594, 604, 601, 607, 611, 616, 620, 624, 629, 634, 639, 645, 651, 657, 663, 671, 678, 686, 695]
[0, 631, 626, 619, 621, 617, 613, 610, 606, 603, 599, 596, 594, 592, 589, 588, 587, 586, 585, 583, 582, 581, 581, 575, 574, 574, 575, 574, 576, 577, 577, 578, 579, 579, 581, 583, 585, 587, 589, 592, 595, 597, 600, 603, 606, 609, 612, 616, 619, 624, 630, 636, 641, 646, 651, 658, 666, 672, 680, 688, 697]
[0, 631, 626, 622, 621, 613, 613, 610, 606, 603, 600, 597, 594, 592, 589, 589, 587, 586, 585, 583, 582, 582, 581, 580, 580, 579, 579, 580, 581, 581, 582, 578, 584, 586, 588, 591, 585, 594, 589, 596, 598, 600, 603, 606, 609, 612, 616, 620, 625, 629, 634, 639, 644, 650, 655, 662, 669, 677, 684, 692, 701]
[0, 647, 642, 636, 632, 628, 624, 620, 616, 613, 610, 607, 604, 601, 600, 598, 597, 596, 595, 593, 593, 592, 591, 580, 580, 580, 579, 580, 581, 581, 582, 583, 584, 586, 588, 591, 593, 594, 589, 598, 600, 600, 603, 606, 612, 612, 616, 625, 629, 629, 633, 644, 644, 649, 654, 660, 668, 676, 683, 691, 700]
[0, 645, 641, 636, 631, 627, 622, 619, 615, 612, 609, 605, 602, 601, 600, 598, 596, 596, 594, 593, 592, 592, 592, 591, 591, 591, 579, 592, 592, 593, 594, 583, 595, 595, 597, 598, 599, 600, 602, 605, 608, 611, 614, 617, 621, 625, 629, 634, 639, 643, 647, 652, 658, 663, 669, 676, 683, 690, 699, 708, 716]
[0, 655, 650, 645, 641, 627, 632, 619, 629, 626, 622, 618, 616, 614, 612, 610, 608, 607, 606, 605, 603, 602, 602, 591, 591, 592, 591, 592, 592, 592, 593, 594, 595, 596, 598, 599, 600, 601, 604, 607, 610, 612, 614, 617, 621, 626, 631, 635, 639, 644, 648, 654, 660, 665, 672, 679, 685, 695, 704, 710, 717]
[0, 661, 656, 652, 648, 643, 639, 634, 630, 627, 624, 621, 618, 616, 613, 612, 610, 609, 609, 607, 606, 605, 605, 602, 601, 601, 601, 602, 602, 602, 603, 605, 607, 608, 609, 611, 612, 614, 617, 619, 621, 624, 628, 632, 635, 640, 644, 648, 653, 658, 663, 667, 673, 679, 686, 694, 702, 709, 716, 725, 734]
[0, 663, 657, 652, 648, 645, 642, 637, 632, 628, 625, 623, 620, 616, 615, 614, 610, 610, 611, 610, 609, 608, 606, 605, 605, 605, 604, 605, 605, 606, 606, 608, 610, 611, 611, 612, 615, 617, 619, 621, 624, 628, 632, 636, 639, 643, 648, 652, 657, 662, 667, 672, 677, 684, 691, 698, 704, 712, 721, 730, 739]
[0, 661, 656, 651, 648, 644, 639, 635, 632, 628, 627, 621, 620, 619, 616, 615, 614, 612, 611, 610, 610, 608, 607, 607, 608, 607, 607, 607, 608, 609, 610, 611, 612, 613, 614, 615, 616, 620, 623, 626, 629, 632, 634, 638, 643, 645, 650, 654, 659, 662, 668, 674, 680, 686, 693, 700, 708, 715, 723, 733, 742]
[0, 672, 667, 663, 659, 655, 651, 646, 644, 641, 638, 635, 632, 619, 629, 626, 625, 623, 622, 620, 619, 619, 618, 607, 607, 607, 607, 607, 608, 608, 609, 611, 612, 613, 614, 615, 617, 618, 621, 624, 627, 630, 634, 638, 642, 645, 648, 653, 659, 664, 668, 673, 679, 684, 691, 698, 705, 713, 720, 730, 739]
[0, 673, 668, 663, 659, 655, 650, 646, 644, 641, 638, 635, 632, 630, 629, 626, 624, 623, 622, 620, 619, 619, 619, 619, 618, 618, 618, 618, 618, 618, 620, 621, 623, 624, 625, 627, 629, 631, 634, 637, 640, 644, 646, 649, 652, 656, 660, 665, 671, 676, 680, 685, 691, 698, 705, 711, 718, 726, 735, 744, 753]
[0, 693, 688, 684, 679, 674, 670, 666, 663, 660, 656, 653, 650, 648, 647, 645, 643, 641, 641, 640, 639, 638, 638, 619, 618, 617, 617, 617, 618, 619, 620, 621, 622, 623, 625, 627, 629, 631, 633, 636, 639, 642, 646, 648, 651, 656, 660, 664, 669, 674, 678, 684, 691, 697, 704, 711, 717, 725, 733, 742, 753]
[0, 692, 686, 682, 678, 674, 670, 665, 662, 658, 655, 652, 649, 648, 647, 646, 645, 643, 641, 640, 639, 638, 638, 636, 636, 637, 637, 637, 639, 639, 639, 641, 642, 643, 645, 647, 649, 651, 653, 655, 658, 662, 666, 670, 673, 677, 682, 686, 692, 698, 704, 710, 714, 720, 727, 734, 742, 751, 760, 768, 778]
[0, 699, 693, 688, 683, 674, 675, 665, 668, 658, 663, 661, 659, 656, 654, 651, 649, 648, 647, 647, 646, 645, 644, 637, 636, 636, 637, 637, 637, 638, 639, 641, 642, 643, 645, 647, 648, 650, 652, 654, 657, 661, 664, 668, 672, 676, 680, 685, 691, 696, 702, 708, 712, 718, 726, 734, 741, 750, 759, 768, 777]
[0, 700, 696, 690, 684, 680, 676, 673, 669, 665, 662, 659, 659, 655, 652, 650, 649, 649, 648, 647, 645, 644, 644, 644, 644, 644, 644, 644, 645, 645, 647, 648, 650, 652, 652, 654, 656, 658, 661, 664, 667, 670, 674, 676, 680, 685, 691, 696, 701, 707, 702, 717, 723, 730, 726, 738, 754, 750, 763, 782, 791]
[0, 715, 709, 704, 699, 695, 690, 686, 683, 679, 675, 672, 670, 668, 666, 664, 662, 661, 660, 647, 659, 658, 657, 644, 644, 644, 644, 644, 644, 645, 645, 647, 650, 652, 652, 653, 656, 658, 660, 663, 666, 669, 673, 677, 681, 684, 689, 695, 700, 705, 711, 716, 722, 729, 736, 744, 752, 761, 770, 778, 787]
[0, 715, 709, 704, 699, 695, 690, 686, 683, 680, 677, 673, 670, 667, 666, 664, 663, 661, 660, 659, 659, 658, 657, 656, 656, 656, 656, 657, 658, 659, 660, 661, 663, 664, 666, 668, 670, 671, 674, 676, 678, 681, 684, 689, 694, 699, 704, 708, 712, 717, 724, 731, 737, 745, 752, 759, 768, 776, 785, 796, 805]
[0, 723, 718, 712, 708, 703, 699, 695, 691, 686, 683, 680, 677, 675, 674, 672, 669, 668, 667, 666, 665, 664, 664, 657, 656, 657, 657, 657, 658, 659, 660, 661, 662, 664, 667, 668, 670, 671, 674, 676, 679, 681, 686, 691, 694, 699, 704, 709, 713, 718, 725, 731, 736, 744, 752, 759, 768, 776, 785, 794, 804]
[0, 733, 718, 727, 721, 716, 713, 708, 705, 703, 699, 696, 693, 689, 686, 685, 683, 682, 681, 680, 679, 678, 677, 664, 664, 664, 657, 664, 666, 659, 667, 668, 672, 664, 674, 677, 678, 680, 682, 684, 687, 691, 694, 698, 703, 708, 712, 716, 721, 727, 734, 739, 746, 756, 763, 769, 777, 787, 796, 805, 815]
[0, 739, 732, 726, 721, 716, 712, 708, 705, 702, 698, 695, 692, 689, 686, 684, 683, 682, 680, 680, 678, 677, 677, 676, 677, 677, 678, 679, 680, 682, 682, 683, 685, 688, 690, 692, 695, 696, 697, 701, 687, 705, 708, 715, 703, 718, 723, 729, 735, 740, 746, 754, 761, 767, 773, 782, 791, 808, 796, 827, 815]
[0, 744, 738, 732, 727, 722, 719, 714, 710, 707, 704, 701, 698, 695, 693, 692, 690, 682, 689, 687, 686, 685, 684, 676, 677, 677, 677, 678, 680, 682, 682, 683, 685, 688, 690, 692, 695, 697, 698, 701, 704, 705, 708, 712, 716, 719, 723, 729, 735, 739, 746, 753, 760, 768, 776, 783, 791, 800, 809, 819, 828]
[0, 749, 738, 743, 737, 732, 729, 724, 720, 716, 713, 709, 707, 704, 702, 701, 699, 697, 696, 695, 695, 695, 694, 684, 684, 684, 683, 684, 687, 690, 691, 692, 692, 693, 696, 699, 701, 704, 706, 707, 710, 713, 715, 719, 723, 729, 734, 739, 746, 752, 758, 765, 772, 780, 787, 795, 804, 812, 822, 831, 840]
[0, 768, 762, 757, 752, 747, 742, 737, 733, 730, 726, 723, 720, 718, 716, 714, 711, 710, 709, 709, 708, 708, 708, 694, 693, 693, 694, 696, 698, 699, 700, 702, 703, 704, 706, 709, 712, 715, 716, 717, 721, 724, 728, 719, 733, 743, 734, 756, 746, 762, 767, 773, 781, 797, 806, 795, 813, 822, 831, 841, 852]
[0, 766, 760, 754, 750, 745, 739, 735, 732, 729, 725, 723, 718, 718, 715, 714, 713, 711, 709, 709, 708, 708, 708, 708, 707, 707, 709, 710, 711, 711, 711, 712, 713, 716, 719, 709, 722, 728, 730, 717, 732, 735, 738, 742, 747, 752, 758, 764, 768, 773, 781, 788, 795, 804, 812, 821, 828, 835, 845, 855, 866]
[0, 787, 780, 774, 769, 764, 760, 755, 751, 747, 743, 739, 736, 734, 733, 731, 728, 726, 725, 724, 723, 722, 722, 707, 707, 707, 708, 709, 710, 711, 711, 711, 712, 714, 717, 721, 723, 725, 727, 731, 734, 736, 740, 743, 749, 755, 760, 765, 771, 776, 783, 791, 799, 807, 814, 822, 831, 838, 848, 859, 869]
[0, 786, 779, 773, 768, 763, 758, 754, 750, 745, 742, 739, 736, 734, 732, 731, 729, 726, 726, 725, 724, 723, 722, 722, 722, 723, 724, 725, 726, 725, 718, 712, 711, 713, 718, 726, 736, 744, 747, 750, 754, 758, 760, 765, 769, 774, 780, 786, 793, 800, 806, 813, 821, 829, 837, 845, 855, 864, 873, 883, 892]
[0, 791, 786, 780, 775, 770, 766, 762, 757, 753, 750, 739, 744, 742, 740, 731, 738, 734, 726, 733, 732, 723, 731, 722, 723, 723, 725, 727, 726, 721, 718, 715, 713, 712, 714, 718, 727, 738, 745, 748, 751, 754, 757, 766, 769, 770, 775, 780, 787, 794, 800, 807, 822, 829, 830, 837, 856, 864, 865, 873, 892]
[0, 791, 785, 780, 774, 769, 765, 762, 757, 753, 750, 750, 744, 742, 740, 731, 738, 736, 734, 733, 733, 732, 731, 730, 730, 731, 732, 733, 733, 730, 723, 714, 712, 711, 712, 719, 728, 741, 753, 758, 761, 764, 767, 771, 775, 779, 785, 792, 799, 805, 811, 819, 826, 833, 841, 851, 860, 868, 876, 885, 895]
[0, 793, 787, 781, 775, 771, 767, 763, 758, 755, 751, 747, 744, 742, 740, 738, 737, 735, 733, 733, 732, 731, 731, 730, 730, 731, 732, 733, 733, 730, 723, 714, 712, 711, 712, 719, 727, 741, 753, 758, 761, 764, 767, 771, 775, 779, 785, 792, 799, 805, 811, 819, 826, 833, 841, 851, 860, 868, 876, 885, 895]
[0, 821, 814, 808, 802, 797, 793, 788, 784, 779, 775, 772, 769, 767, 765, 763, 762, 760, 758, 757, 756, 756, 755, 731, 731, 732, 733, 734, 734, 728, 723, 717, 712, 711, 713, 718, 737, 750, 753, 759, 761, 763, 770, 771, 778, 779, 789, 797, 804, 810, 811, 816, 832, 833, 838, 847, 856, 873, 882, 892, 902]
[0, 825, 814, 819, 813, 808, 803, 799, 794, 789, 786, 782, 779, 776, 774, 771, 769, 768, 768, 766, 765, 765, 765, 755, 756, 756, 757, 758, 0, 720, 711, 707, 707, 711, 715, 720, 729, 750, 753, 0, 789, 793, 798, 802, 806, 811, 817, 823, 828, 833, 841, 849, 857, 865, 872, 880, 888, 896, 907, 919, 929]
[0, 837, 832, 827, 822, 816, 812, 808, 804, 802, 798, 793, 789, 786, 784, 783, 781, 779, 779, 777, 765, 775, 765, 765, 765, 765, 765, 766, 0, 722, 714, 709, 705, 707, 712, 717, 726, 750, 753, 0, 797, 802, 806, 809, 813, 819, 825, 830, 835, 842, 851, 859, 866, 873, 879, 888, 898, 908, 919, 928, 940]
[0, 837, 832, 827, 821, 816, 812, 808, 804, 801, 797, 793, 789, 786, 784, 784, 782, 780, 779, 777, 765, 776, 776, 775, 765, 775, 776, 777, 0, 726, 714, 707, 708, 709, 710, 716, 722, 730, 753, 0, 797, 815, 821, 809, 825, 829, 833, 838, 852, 860, 851, 868, 874, 888, 879, 896, 906, 927, 937, 947, 958]
[0, 836, 832, 830, 821, 816, 816, 811, 807, 803, 799, 794, 791, 789, 786, 783, 782, 780, 779, 778, 777, 776, 776, 775, 776, 776, 776, 776, 0, 726, 714, 707, 708, 709, 710, 716, 726, 734, 753, 0, 0, 812, 816, 820, 825, 829, 834, 841, 847, 853, 861, 868, 874, 880, 888, 897, 907, 928, 937, 938, 948]
[0, 858, 852, 830, 840, 816, 835, 830, 826, 823, 819, 814, 811, 809, 807, 805, 802, 800, 799, 798, 797, 797, 797, 776, 776, 776, 777, 0, 736, 721, 714, 709, 711, 712, 712, 715, 724, 734, 753, 0, 810, 813, 818, 823, 827, 832, 836, 841, 848, 857, 865, 871, 877, 885, 893, 902, 912, 922, 932, 942, 952]
[0, 862, 855, 849, 843, 837, 833, 829, 825, 821, 817, 814, 810, 808, 806, 803, 802, 801, 800, 798, 796, 796, 796, 797, 796, 796, 797, 0, 735, 722, 713, 708, 709, 707, 706, 714, 722, 733, 753, 0, 0, 831, 835, 839, 845, 851, 856, 862, 869, 875, 888, 871, 902, 885, 913, 932, 912, 940, 960, 971, 985]
[0, 880, 875, 870, 865, 860, 854, 848, 844, 840, 834, 832, 830, 827, 824, 822, 820, 819, 817, 815, 815, 814, 814, 796, 796, 796, 797, 0, 731, 721, 712, 708, 707, 709, 712, 719, 728, 738, 753, 0, 0, 832, 836, 841, 846, 852, 859, 866, 870, 876, 882, 889, 896, 905, 915, 925, 934, 943, 951, 962, 975]
[0, 885, 879, 874, 869, 865, 860, 854, 849, 844, 841, 838, 835, 833, 830, 828, 828, 827, 825, 824, 824, 824, 814, 814, 815, 816, 0, 0, 730, 720, 712, 706, 702, 704, 710, 718, 726, 738, 753, 0, 0, 852, 857, 862, 867, 872, 877, 882, 888, 895, 903, 911, 919, 929, 938, 945, 954, 965, 978, 990, 1001]
[0, 889, 884, 878, 872, 868, 863, 858, 853, 849, 844, 840, 836, 834, 832, 830, 829, 828, 826, 825, 824, 823, 823, 823, 824, 825, 0, 739, 730, 725, 718, 711, 706, 704, 706, 712, 720, 727, 753, 0, 861, 865, 868, 874, 879, 883, 890, 895, 901, 908, 916, 926, 935, 942, 951, 960, 972, 984, 995, 1005, 1017]
[0, 886, 880, 874, 870, 865, 861, 857, 851, 847, 843, 838, 835, 834, 832, 829, 828, 827, 826, 825, 824, 824, 823, 824, 824, 824, 0, 750, 732, 717, 711, 705, 707, 712, 715, 719, 724, 727, 753, 0, 0, 863, 867, 871, 877, 882, 887, 893, 899, 907, 915, 923, 931, 940, 948, 958, 968, 979, 991, 1001, 1013]
[0, 901, 895, 889, 883, 878, 874, 870, 866, 862, 858, 854, 851, 846, 843, 842, 838, 838, 837, 836, 836, 835, 823, 823, 823, 824, 825, 0, 735, 720, 710, 706, 706, 710, 713, 715, 720, 729, 753, 0, 0, 861, 866, 870, 874, 879, 885, 891, 897, 904, 920, 923, 929, 937, 954, 958, 974, 987, 997, 1001, 1021]
[0, 901, 898, 892, 886, 880, 876, 872, 868, 863, 860, 856, 851, 848, 846, 842, 840, 838, 837, 837, 836, 835, 835, 835, 835, 835, 825, 0, 740, 726, 714, 707, 708, 707, 709, 714, 719, 729, 753, 0, 873, 877, 881, 885, 892, 899, 885, 910, 919, 927, 935, 942, 950, 959, 970, 982, 992, 1002, 1014, 1027, 1038]
[0, 927, 919, 913, 908, 901, 894, 890, 886, 882, 879, 875, 872, 869, 867, 865, 863, 862, 861, 860, 858, 857, 835, 835, 835, 835, 0, 0, 729, 720, 709, 702, 703, 710, 713, 716, 725, 729, 753, 0, 0, 876, 880, 885, 890, 895, 901, 909, 917, 924, 933, 940, 948, 957, 967, 978, 990, 1000, 1010, 1021, 1034]
[0, 964, 957, 950, 944, 940, 936, 890, 932, 923, 879, 919, 915, 911, 907, 905, 904, 903, 902, 899, 898, 899, 899, 859, 859, 860, 0, 0, 738, 725, 715, 711, 711, 706, 706, 712, 717, 727, 743, 0, 0, 899, 904, 912, 918, 923, 0, 937, 917, 950, 958, 967, 948, 978, 998, 978, 1018, 1000, 1041, 1055, 1068]
[0, 965, 957, 951, 945, 940, 936, 890, 931, 927, 923, 919, 915, 911, 907, 905, 904, 903, 901, 899, 897, 898, 897, 899, 901, 901, 0, 742, 727, 717, 715, 707, 711, 706, 709, 715, 725, 727, 743, 0, 0, 947, 950, 956, 962, 970, 979, 987, 993, 999, 1008, 1018, 1028, 1038, 1048, 1058, 1069, 1080, 1091, 1106, 1123]
[0, 969, 960, 954, 948, 943, 939, 934, 929, 925, 920, 916, 912, 909, 907, 904, 902, 901, 899, 898, 897, 897, 897, 898, 900, 901, 0, 742, 729, 720, 712, 707, 706, 706, 709, 714, 722, 727, 743, 0, 942, 947, 951, 955, 962, 970, 979, 987, 992, 999, 1007, 1016, 1026, 1036, 1045, 1056, 1068, 1080, 1090, 1103, 1119]
[0, 992, 986, 979, 972, 964, 959, 954, 950, 945, 941, 938, 935, 933, 930, 904, 926, 901, 923, 922, 897, 922, 898, 899, 900, 901, 0, 0, 735, 724, 714, 708, 706, 706, 707, 713, 718, 728, 0, 0, 939, 944, 949, 953, 960, 967, 973, 981, 990, 997, 1004, 1012, 1022, 1033, 1042, 1052, 1063, 1074, 1087, 1100, 1115]
[0, 992, 984, 979, 977, 969, 963, 957, 952, 948, 944, 941, 938, 935, 931, 929, 928, 926, 924, 923, 924, 923, 923, 924, 924, 925, 0, 0, 732, 719, 712, 708, 705, 705, 708, 712, 720, 728, 0, 0, 964, 972, 978, 983, 990, 996, 1002, 1010, 1017, 1025, 1032, 1040, 1049, 1061, 1071, 1081, 1093, 1106, 1120, 1134, 1149]
[0, 993, 986, 980, 973, 965, 959, 954, 949, 945, 941, 939, 936, 933, 930, 929, 926, 924, 923, 923, 922, 921, 923, 925, 925, 925, 0, 0, 726, 717, 711, 707, 706, 706, 709, 713, 721, 728, 0, 0, 965, 971, 979, 984, 991, 998, 1003, 1010, 1018, 1025, 1034, 1041, 1051, 1063, 1072, 1083, 1095, 1107, 1120, 1134, 1151]
[0, 992, 985, 978, 972, 965, 959, 954, 950, 945, 941, 938, 936, 933, 930, 929, 926, 924, 923, 923, 921, 922, 923, 924, 925, 925, 0, 0, 735, 723, 713, 708, 705, 705, 707, 712, 719, 729, 0, 963, 969, 975, 981, 988, 994, 1000, 1007, 1014, 1022, 1030, 1039, 1049, 1060, 1070, 1080, 1090, 1103, 1116, 1131, 1147, 1163]
[0, 1019, 985, 1007, 1001, 965, 989, 954, 979, 945, 974, 969, 964, 960, 930, 958, 954, 924, 952, 951, 951, 950, 950, 925, 925, 925, 0, 0, 733, 720, 712, 708, 705, 705, 707, 712, 720, 729, 0, 964, 969, 970, 976, 982, 989, 996, 1000, 1008, 1024, 1032, 1040, 1049, 1060, 1070, 1081, 1090, 1091, 1104, 1132, 1148, 1163]
[0, 1076, 1071, 1065, 1057, 1050, 1043, 1037, 1032, 1029, 1025, 1020, 1017, 1015, 1012, 1008, 1006, 1005, 1005, 1003, 1002, 1002, 950, 950, 951, 952, 0, 0, 731, 719, 712, 708, 706, 706, 708, 713, 720, 729, 0, 0, 999, 1002, 1006, 1012, 1017, 1024, 1031, 1039, 1049, 1059, 1076, 1049, 1086, 1095, 1106, 1130, 1091, 1158, 1171, 1185, 1200]
[0, 1076, 1068, 1062, 1056, 1048, 1041, 1038, 1033, 1028, 1024, 1020, 1018, 1016, 1012, 1013, 1007, 1006, 1005, 1005, 1004, 1003, 1002, 1002, 1003, 1005, 0, 0, 738, 723, 714, 710, 709, 709, 708, 712, 720, 730, 0, 0, 0, 1060, 1066, 1071, 1083, 1093, 1100, 1110, 1121, 1130, 1137, 1147, 1158, 1166, 1180, 1193, 1206, 1222, 1238, 1254, 1266]
[0, 1076, 1072, 1065, 1057, 1051, 1044, 1037, 1033, 1030, 1026, 1021, 1017, 1015, 1012, 1010, 1008, 1006, 1006, 1004, 1002, 1003, 1002, 1002, 1003, 1005, 0, 0, 731, 719, 712, 707, 706, 707, 710, 716, 723, 736, 0, 0, 0, 1059, 1063, 1069, 1079, 1089, 1095, 1106, 1119, 1128, 1136, 1144, 1153, 1165, 1176, 1186, 1200, 1218, 1237, 1250, 1261]
[0, 1111, 1103, 1094, 1087, 1082, 1077, 1071, 1066, 1060, 1055, 1053, 1051, 1046, 1042, 1040, 1037, 1035, 1034, 1033, 1035, 1034, 1003, 1003, 1005, 1005, 0, 0, 735, 721, 714, 708, 706, 706, 709, 714, 721, 736, 0, 1050, 1057, 1063, 1068, 1076, 1087, 1094, 1103, 1116, 1126, 1135, 1143, 1153, 1163, 1172, 1183, 1197, 1213, 1229, 1245, 1260, 1273]
[0, 1113, 1105, 1097, 1089, 1081, 1077, 1073, 1068, 1062, 1057, 1053, 1051, 1047, 1042, 1040, 1039, 1036, 1034, 1033, 1033, 1034, 1034, 1035, 1035, 1005, 0, 0, 734, 723, 715, 710, 709, 709, 712, 716, 725, 738, 0, 0, 1091, 1063, 1098, 1106, 1115, 1124, 1131, 1139, 1150, 1160, 1168, 1176, 1185, 1195, 1210, 1225, 1237, 1251, 1266, 1280, 1297]
[0, 1110, 1102, 1094, 1088, 1082, 1077, 1071, 1066, 1060, 1056, 1054, 1051, 1046, 1043, 1041, 1038, 1035, 1034, 1034, 1035, 1035, 1034, 1032, 1033, 1036, 0, 0, 0, 725, 716, 712, 710, 709, 711, 714, 721, 731, 0, 0, 0, 1094, 1101, 1111, 1121, 1129, 1138, 1147, 1154, 1164, 1172, 1181, 1192, 1204, 1219, 1232, 1245, 1259, 1272, 1287, 1304]
[0, 1145, 1136, 1128, 1120, 1113, 1106, 1099, 1093, 1089, 1085, 1054, 1078, 1075, 1043, 1071, 1038, 1069, 1068, 1065, 1065, 1067, 1069, 1035, 1036, 1036, 0, 0, 734, 722, 715, 711, 709, 709, 712, 716, 725, 738, 0, 0, 1098, 1094, 1102, 1107, 1118, 1127, 1135, 1146, 1155, 1163, 1171, 1180, 1193, 1207, 1219, 1233, 1247, 1260, 1273, 1289, 1306]
[0, 1158, 1152, 1144, 1137, 1132, 1126, 1120, 1093, 1107, 1085, 1099, 1096, 1095, 1094, 1071, 1089, 1088, 1068, 1083, 1065, 1082, 1084, 1070, 1071, 1072, 0, 0, 731, 720, 716, 713, 713, 714, 715, 721, 730, 745, 0, 0, 1124, 1129, 1134, 1142, 1149, 1158, 1166, 1172, 1181, 1191, 1200, 1213, 1223, 1230, 1237, 1248, 1260, 1270, 1281, 1292, 1305]
[0, 1171, 1152, 1159, 1137, 1154, 1146, 1138, 1133, 1127, 1122, 1121, 1118, 1113, 1110, 1106, 1103, 1104, 1105, 1101, 1098, 1099, 1084, 1087, 1090, 1072, 0, 0, 736, 725, 718, 714, 713, 714, 716, 721, 729, 741, 0, 1137, 1143, 1151, 1159, 1165, 1170, 1176, 1179, 1183, 1191, 1199, 1208, 1218, 1227, 1235, 1245, 1254, 1263, 1272, 1283, 1296, 1311]
[0, 1198, 1188, 1180, 1173, 1167, 1162, 1156, 1152, 1143, 1135, 1135, 1135, 1129, 1125, 1124, 1124, 1123, 1118, 1118, 1119, 1118, 1100, 1100, 1103, 1105, 0, 0, 736, 723, 718, 718, 715, 715, 716, 718, 724, 0, 0, 0, 1154, 1159, 1162, 1163, 1165, 1170, 1177, 1183, 1190, 1195, 1201, 1212, 1222, 1231, 1241, 1250, 1259, 1269, 1280, 1290, 1303]
[0, 1195, 1185, 1177, 1170, 1165, 1161, 1156, 1148, 1139, 1137, 1136, 1133, 1129, 1126, 1122, 1121, 1121, 1118, 1118, 1119, 1119, 1118, 1118, 1118, 1120, 0, 0, 0, 731, 722, 717, 716, 716, 718, 723, 729, 740, 0, 1145, 1149, 1153, 1156, 1161, 1168, 1176, 1181, 1185, 1191, 1199, 1207, 1215, 1225, 1235, 1245, 1254, 1264, 1273, 1282, 1295, 1310]
[0, 1217, 1210, 1200, 1192, 1185, 1178, 1173, 1169, 1164, 1161, 1159, 1157, 1154, 1149, 1144, 1141, 1138, 1138, 1139, 1136, 1135, 1119, 1118, 1118, 1120, 0, 0, 740, 728, 722, 717, 715, 717, 720, 723, 731, 747, 0, 1147, 1151, 1153, 1154, 1159, 1162, 1169, 1176, 1181, 1188, 1195, 1202, 1213, 1222, 1229, 1237, 1246, 1257, 1269, 1277, 1286, 1300]
[0, 1215, 1208, 1199, 1191, 1182, 1175, 1171, 1167, 1164, 1161, 1159, 1156, 1151, 1147, 1143, 1140, 1138, 1138, 1137, 1136, 1136, 1136, 1135, 1136, 1137, 0, 0, 747, 732, 725, 720, 717, 719, 722, 726, 733, 746, 0, 1147, 1150, 1153, 1156, 1161, 1168, 1169, 1175, 1181, 1186, 1193, 1201, 1208, 1217, 1228, 1237, 1246, 1256, 1264, 1274, 1286, 1299]
[0, 1250, 1242, 1234, 1227, 1222, 1215, 1208, 1201, 1195, 1193, 1189, 1185, 1179, 1171, 1164, 1159, 1155, 1151, 1147, 1144, 1136, 1139, 1137, 1136, 1135, 0, 0, 739, 728, 723, 719, 719, 719, 723, 729, 738, 0, 0, 0, 1147, 1152, 1157, 1162, 1164, 1170, 1177, 1182, 1188, 1195, 1201, 1211, 1221, 1229, 1239, 1249, 1258, 1268, 1278, 1289, 1303]
[0, 1248, 1239, 1231, 1227, 1220, 1212, 1206, 1200, 1195, 1190, 1187, 1182, 1179, 1176, 1169, 1163, 1158, 1154, 1149, 1145, 1143, 1136, 1135, 1136, 1133, 0, 0, 745, 733, 727, 724, 722, 722, 726, 731, 740, 0, 0, 1141, 1147, 1151, 1153, 1159, 1163, 1169, 1176, 1182, 1189, 1194, 1201, 1210, 1220, 1228, 1237, 1248, 1257, 1267, 1278, 1289, 1302]
[0, 1275, 1268, 1261, 1255, 1246, 1232, 1222, 1213, 1205, 1196, 1189, 1182, 1176, 1168, 1163, 1160, 1155, 1150, 1146, 1144, 1140, 1141, 1139, 1135, 1132, 1131, 0, 742, 731, 724, 722, 722, 725, 726, 728, 731, 0, 0, 1141, 1146, 1151, 1154, 1158, 1163, 1169, 1175, 1181, 1187, 1193, 1201, 1210, 1220, 1228, 1236, 1247, 1257, 1267, 1277, 1288, 1302]
[0, 1278, 1269, 1260, 1248, 1238, 1229, 1219, 1209, 1200, 1191, 1186, 1182, 1174, 1168, 1169, 1163, 1154, 1150, 1149, 1145, 1143, 1136, 1135, 1135, 1136, 1131, 0, 0, 740, 732, 728, 727, 728, 731, 734, 742, 758, 0, 1147, 1150, 1153, 1156, 1159, 1166, 1172, 1176, 1184, 1191, 1196, 1202, 1211, 1222, 1233, 1242, 1252, 1263, 1271, 1281, 1293, 1307]
[0, 1275, 1265, 1254, 1245, 1238, 1235, 1225, 1218, 1207, 1198, 1189, 1181, 1176, 1170, 1162, 1159, 1156, 1152, 1148, 1144, 1141, 1141, 1139, 1135, 1133, 1132, 0, 748, 736, 730, 728, 728, 728, 730, 737, 747, 758, 0, 1142, 1146, 1151, 1154, 1158, 1162, 1166, 1172, 1181, 1187, 1193, 1200, 1209, 1217, 1225, 1236, 1247, 1257, 1267, 1277, 1288, 1301]
[0, 1277, 1267, 1255, 1245, 1237, 1226, 1216, 1208, 1207, 1199, 1184, 1181, 1179, 1172, 1167, 1161, 1156, 1152, 1148, 1143, 1140, 1138, 1137, 1136, 1133, 1131, 0, 758, 746, 730, 738, 734, 734, 737, 746, 747, 761, 0, 1141, 1144, 1146, 1151, 1156, 1161, 1165, 1171, 1180, 1186, 1193, 1199, 1206, 1214, 1226, 1237, 1246, 1254, 1264, 1276, 1287, 1298]
[0, 1282, 1272, 1261, 1250, 1241, 1232, 1221, 1212, 1202, 1194, 1186, 1178, 1174, 1168, 1161, 1157, 1154, 1150, 1146, 1143, 1139, 1138, 1136, 1134, 1133, 1131, 0, 759, 746, 746, 738, 734, 734, 737, 741, 749, 0, 1138, 1142, 1145, 1148, 1152, 1159, 1162, 1165, 1172, 1179, 1186, 1193, 1199, 1207, 1216, 1226, 1236, 1245, 1257, 1269, 1279, 1287, 1300]
[0, 1279, 1269, 1257, 1245, 1235, 1226, 1217, 1207, 1198, 1190, 1183, 1178, 1175, 1168, 1160, 1155, 1154, 1151, 1147, 1145, 1142, 1136, 1134, 1130, 1130, 1130, 0, 0, 761, 749, 744, 742, 743, 746, 751, 763, 0, 1141, 1143, 1144, 1148, 1153, 0, 1157, 1161, 1167, 1174, 1180, 1187, 1195, 1201, 1209, 1219, 1229, 1239, 1248, 1260, 1271, 1283, 1295]
[0, 1283, 1272, 1261, 1250, 1240, 1232, 1221, 1212, 1204, 1196, 1186, 1180, 1175, 1168, 1161, 1157, 1153, 1148, 1145, 1143, 1139, 1140, 1137, 1134, 1132, 1131, 1130, 0, 755, 746, 744, 742, 743, 748, 755, 0, 0, 1138, 1141, 1144, 1146, 1151, 1155, 1158, 1162, 1170, 1178, 1186, 1192, 1198, 1206, 1214, 1223, 1233, 1243, 1253, 1262, 1271, 1282, 1297]
[0, 1277, 1268, 1256, 1245, 1236, 1226, 1216, 1207, 1199, 1190, 1183, 1177, 1175, 1167, 1161, 1161, 1156, 1152, 1148, 1144, 1141, 1136, 1135, 1132, 1130, 1129, 1130, 0, 761, 749, 744, 742, 742, 745, 751, 764, 0, 1141, 1143, 1144, 1148, 1151, 1152, 1156, 1167, 1170, 1174, 1180, 1187, 1194, 1201, 1209, 1219, 1229, 1239, 1248, 1260, 1270, 1282, 1294]
[0, 1278, 1268, 1257, 1245, 1235, 1226, 1217, 1207, 1198, 1190, 1182, 1176, 1171, 1167, 1159, 1154, 1151, 1152, 1147, 1143, 1140, 1138, 1137, 1134, 1132, 1130, 1129, 0, 755, 746, 744, 742, 742, 744, 755, 0, 0, 1138, 1141, 1143, 1146, 1149, 1154, 1159, 1162, 1171, 1178, 1185, 1192, 1199, 1205, 1214, 1223, 1234, 1245, 1254, 1264, 1273, 1282, 1295]
[0, 1279, 1268, 1260, 1248, 1237, 1229, 1218, 1207, 1198, 1192, 1184, 1178, 1173, 1168, 1161, 1155, 1150, 1146, 1144, 1141, 1139, 1138, 1136, 1133, 1131, 1129, 1128, 0, 757, 747, 743, 743, 744, 749, 755, 0, 0, 1138, 1140, 1143, 1146, 1149, 1152, 1156, 1162, 1170, 1178, 1184, 1192, 1198, 1204, 1213, 1223, 1233, 1244, 1253, 1264, 1273, 1282, 1295]
[0, 1278, 1266, 1254, 1245, 1235, 1226, 1217, 1206, 1197, 1192, 1185, 1176, 1169, 1162, 1157, 1153, 1149, 1144, 1142, 1140, 1138, 1134, 1133, 1132, 1130, 1129, 1128, 0, 776, 761, 753, 750, 751, 755, 755, 0, 1137, 1140, 1142, 1144, 0, 1148, 1152, 1156, 1160, 1167, 1174, 1180, 1187, 1194, 1201, 1209, 1219, 1229, 1239, 1248, 1259, 1270, 1279, 1291]
[0, 1274, 1262, 1251, 1243, 1234, 1223, 1217, 1212, 1203, 1197, 1189, 1181, 1176, 1169, 1161, 1157, 1155, 1149, 1145, 1143, 1140, 1134, 1133, 1131, 1128, 1125, 1124, 0, 0, 784, 771, 764, 768, 779, 0, 0, 1131, 1135, 1139, 1142, 1144, 1147, 1151, 1155, 1159, 1166, 1173, 1179, 1186, 1193, 1201, 1209, 1218, 1228, 1237, 1247, 1257, 1268, 1279, 1290]
[0, 1282, 1262, 1251, 1251, 1241, 1231, 1220, 1210, 1203, 1194, 1186, 1180, 1174, 1167, 1161, 1157, 1154, 1148, 1144, 1142, 1139, 1138, 1136, 1132, 1128, 1127, 1126, 1124, 0, 778, 769, 765, 769, 782, 0, 0, 0, 1137, 1139, 1141, 1145, 1149, 1152, 1156, 1162, 1167, 1172, 1180, 1187, 1193, 1202, 1210, 1217, 1227, 1237, 1247, 1258, 1268, 1280, 1291]
[0, 1276, 1266, 1254, 1245, 1235, 1226, 1216, 1206, 1198, 1192, 1184, 1175, 1168, 1162, 1157, 1153, 1149, 1144, 1142, 1140, 1137, 1137, 1135, 1131, 1130, 1129, 1126, 1124, 0, 778, 779, 766, 771, 783, 0, 0, 0, 1137, 1139, 1142, 1145, 1148, 1152, 1156, 1161, 1167, 1172, 1180, 1187, 1193, 1201, 1209, 1217, 1227, 1237, 1247, 1258, 1269, 1279, 1290]
[0, 1271, 1262, 1253, 1244, 1232, 1222, 1215, 1206, 1197, 1189, 1182, 1175, 1167, 1159, 1155, 1152, 1148, 1145, 1141, 1139, 1137, 1134, 1133, 1131, 1127, 1127, 1126, 1126, 0, 0, 785, 777, 778, 787, 0, 0, 1136, 1138, 1141, 1142, 1146, 1152, 1157, 1159, 1163, 1170, 1176, 1182, 1187, 1194, 1204, 1215, 1224, 1234, 1245, 1256, 1268, 1282, 1294, 1309]
[0, 1278, 1268, 1257, 1246, 1236, 1228, 1218, 1205, 1197, 1193, 1186, 1178, 1174, 1167, 1160, 1156, 1151, 1145, 1142, 1139, 1137, 1133, 1132, 1130, 1126, 1124, 1124, 1126, 1124, 0, 795, 789, 793, 787, 0, 1131, 1136, 1139, 1141, 1143, 1146, 1148, 1154, 1160, 1166, 1171, 1177, 1184, 1191, 1201, 1211, 1221, 1231, 1241, 1254, 1268, 1280, 1292, 1305, 1319]
[0, 1275, 1265, 1254, 1244, 1234, 1223, 1213, 1205, 1196, 1190, 1183, 1175, 1167, 1162, 1159, 1152, 1147, 1145, 1141, 1140, 1138, 1134, 1132, 1130, 1127, 1128, 1127, 1124, 1124, 0, 795, 793, 800, 0, 1128, 1130, 1133, 1136, 1138, 1142, 1145, 1148, 1153, 1157, 1161, 1167, 1172, 1179, 1187, 1196, 1206, 1215, 1225, 1238, 1249, 1261, 1273, 1283, 1295, 1310]
[0, 1271, 1262, 1252, 1243, 1232, 1220, 1209, 1202, 1197, 1188, 1180, 1175, 1168, 1160, 1155, 1151, 1147, 1144, 1141, 1139, 1136, 1135, 1133, 1130, 1127, 1127, 1126, 1123, 1123, 1123, 1124, 1127, 1130, 1132, 1135, 1138, 1143, 1148, 1150, 1153, 1159, 1164, 1168, 1174, 1178, 1185, 1192, 1197, 1205, 1213, 1219, 1228, 1239, 1248, 1255, 1263, 1274, 1287, 1298, 1310]
[0, 1271, 1260, 1249, 1238, 1229, 1218, 1208, 1202, 1195, 1187, 1181, 1174, 1166, 1159, 1155, 1155, 1150, 1146, 1143, 1141, 1140, 1133, 1132, 1130, 1127, 1126, 1125, 1125, 1126, 1126, 1125, 1127, 1129, 1131, 1136, 1140, 1143, 1147, 1151, 1155, 1159, 1165, 1171, 1176, 1183, 1188, 1193, 1200, 1206, 1213, 1222, 1230, 1239, 1248, 1255, 1265, 1278, 1291, 1302, 1316]
[0, 1271, 1260, 1249, 1238, 1229, 1218, 1208, 1202, 1194, 1186, 1180, 1173, 1166, 1160, 1156, 1155, 1150, 1145, 1143, 1141, 1139, 1137, 1133, 1130, 1128, 1126, 1125, 1124, 1125, 1125, 1123, 1125, 1127, 1130, 1132, 1135, 1140, 1145, 1149, 1153, 1157, 1161, 1166, 1172, 1178, 1185, 1189, 1195, 1204, 1209, 1217, 1225, 1233, 1242, 1252, 1261, 1269, 1282, 1296, 1308]
[0, 1278, 1268, 1257, 1246, 1236, 1225, 1217, 1207, 1198, 1192, 1184, 1178, 1173, 1168, 1165, 1165, 1163, 1158, 1155, 1154, 1149, 1137, 1133, 1130, 1128, 1126, 1125, 1124, 1125, 1125, 1123, 1125, 1127, 1130, 1132, 1135, 1140, 1145, 1148, 1153, 1157, 1161, 1166, 1172, 1177, 1185, 1189, 1194, 1204, 1209, 1217, 1225, 1233, 1242, 1252, 1261, 1271, 1284, 1296, 1307]
[0, 1277, 1267, 1256, 1245, 1236, 1227, 1216, 1205, 1197, 1191, 1184, 1177, 1172, 1171, 1168, 1164, 1162, 1158, 1155, 1152, 1150, 1146, 1145, 1144, 1142, 1141, 1139, 1136, 1137, 1138, 1138, 1137, 1139, 1141, 1141, 1144, 1146, 1147, 1150, 1153, 1159, 1164, 1168, 1174, 1178, 1185, 1192, 1196, 1205, 1212, 1219, 1227, 1238, 1247, 1255, 1262, 1275, 1289, 1301, 1313]
[0, 1294, 1283, 1271, 1261, 1251, 1241, 1233, 1218, 1208, 1207, 1201, 1195, 1187, 1178, 1174, 1169, 1163, 1157, 1153, 1151, 1149, 1147, 1144, 1142, 1142, 1140, 1139, 1138, 1135, 1136, 1138, 1139, 1140, 1142, 1142, 1143, 1146, 1147, 1151, 1155, 1160, 1165, 1170, 1173, 1178, 1185, 1192, 1198, 1205, 1212, 1220, 1229, 1239, 1249, 1256, 1266, 1279, 1292, 1305, 1318]
[0, 1296, 1283, 1272, 1262, 1251, 1240, 1232, 1224, 1216, 1209, 1203, 1196, 1189, 1181, 1175, 1168, 1162, 1159, 1154, 1152, 1150, 1147, 1144, 1142, 1139, 1138, 1138, 1136, 1136, 1136, 1137, 1139, 1140, 1141, 1143, 1142, 1144, 1149, 1153, 1157, 1161, 1165, 1169, 1176, 1178, 1186, 1193, 1199, 1205, 1212, 1222, 1229, 1232, 1242, 1251, 1258, 1280, 1294, 1305, 1318]
[0, 1289, 1275, 1264, 1256, 1248, 1238, 1228, 1219, 1211, 1206, 1199, 1196, 1191, 1184, 1178, 1172, 1168, 1164, 1159, 1154, 1150, 1147, 1144, 1143, 1140, 1138, 1138, 1138, 1135, 1136, 1137, 1138, 1140, 1140, 1140, 1144, 1147, 1148, 1151, 1156, 1161, 1165, 1169, 1175, 1181, 1185, 1192, 1199, 1199, 1213, 1221, 1230, 1241, 1250, 1251, 1267, 1280, 1294, 1293, 1306]
[0, 1298, 1285, 1274, 1264, 1253, 1243, 1234, 1223, 1215, 1209, 1203, 1196, 1188, 1182, 1176, 1168, 1163, 1159, 1155, 1152, 1150, 1148, 1146, 1143, 1141, 1141, 1138, 1135, 1136, 1140, 1140, 1137, 1139, 1141, 1143, 1145, 1146, 1147, 1150, 1153, 1158, 1163, 1166, 1172, 1178, 1185, 1191, 1198, 1206, 1213, 1221, 1229, 1238, 1247, 1256, 1266, 1278, 1292, 1301, 1314]
[0, 1287, 1285, 1275, 1254, 1253, 1245, 1234, 1225, 1216, 1211, 1204, 1196, 1190, 1183, 1178, 1173, 1166, 1161, 1158, 1153, 1149, 1147, 1145, 1143, 1142, 1139, 1138, 1138, 1136, 1136, 1138, 1139, 1140, 1139, 1140, 1143, 1145, 1147, 1150, 1155, 1160, 1165, 1169, 1174, 1180, 1185, 1192, 1200, 1205, 1213, 1221, 1229, 1230, 1241, 1250, 1267, 1280, 1292, 1306, 1314]
[0, 1288, 1275, 1264, 1255, 1248, 1238, 1225, 1216, 1211, 1211, 1205, 1198, 1191, 1183, 1177, 1172, 1168, 1162, 1157, 1154, 1150, 1146, 1146, 1144, 1142, 1141, 1138, 1137, 1137, 1136, 1136, 1137, 1139, 1140, 1141, 1143, 1145, 1148, 1151, 1153, 1158, 1163, 1166, 1171, 1177, 1184, 1192, 1198, 1205, 1212, 1219, 1229, 1239, 1247, 1256, 1265, 1277, 1291, 1303, 1316]
[0, 1294, 1281, 1269, 1259, 1249, 1241, 1231, 1222, 1214, 1206, 1199, 1195, 1188, 1181, 1173, 1169, 1166, 1161, 1154, 1151, 1148, 1148, 1146, 1144, 1141, 1140, 1138, 1136, 1136, 1135, 1135, 1137, 1139, 1141, 1140, 1142, 1144, 1146, 1150, 1153, 1155, 1159, 1167, 1173, 1178, 1185, 1191, 1196, 1204, 1212, 1218, 1227, 1237, 1247, 1255, 1263, 1275, 1288, 1300, 1315]
[0, 1296, 1283, 1272, 1261, 1251, 1241, 1232, 1223, 1215, 1209, 1202, 1196, 1189, 1181, 1175, 1169, 1163, 1158, 1155, 1152, 1149, 1146, 1145, 1141, 1139, 1138, 1136, 1136, 1135, 1135, 1134, 1135, 1137, 1139, 1140, 1142, 1145, 1146, 1148, 1153, 1157, 1161, 1166, 1169, 1174, 1181, 1186, 1194, 1203, 1208, 1216, 1225, 1235, 1244, 1251, 1260, 1270, 1283, 1297, 1307]
[0, 1287, 1274, 1262, 1261, 1254, 1245, 1235, 1225, 1216, 1211, 1204, 1196, 1189, 1183, 1175, 1171, 1166, 1161, 1158, 1154, 1149, 1146, 1144, 1145, 1143, 1139, 1139, 1137, 1136, 1136, 1137, 1139, 1140, 1141, 1143, 1142, 1144, 1149, 1152, 1153, 1157, 1165, 1169, 1175, 1174, 1180, 1185, 1193, 1199, 1207, 1215, 1222, 1232, 1242, 1251, 1260, 1270, 1283, 1296, 1306]
[0, 1294, 1280, 1269, 1259, 1249, 1240, 1231, 1222, 1214, 1206, 1198, 1193, 1188, 1181, 1174, 1169, 1165, 1159, 1153, 1151, 1149, 1146, 1145, 1144, 1142, 1140, 1138, 1137, 1137, 1135, 1136, 1137, 1138, 1140, 1141, 1143, 1145, 1148, 1151, 1154, 1158, 1164, 1170, 1173, 1178, 1185, 1194, 1201, 1205, 1211, 1219, 1228, 1239, 1248, 1257, 1268, 1279, 1291, 1303, 1315]
[0, 1297, 1284, 1272, 1262, 1252, 1240, 1232, 1224, 1215, 1209, 1202, 1195, 1188, 1180, 1174, 1168, 1163, 1159, 1155, 1152, 1149, 1144, 1145, 1144, 1141, 1137, 1138, 1134, 1134, 1136, 1135, 1136, 1140, 1140, 1142, 1145, 1144, 1145, 1148, 1152, 1156, 1160, 1166, 1172, 1177, 1181, 1191, 1199, 1200, 1207, 1214, 1221, 1232, 1246, 1255, 1263, 1274, 1287, 1298, 1310]
[0, 1289, 1278, 1267, 1255, 1247, 1237, 1224, 1216, 1210, 1205, 1198, 1195, 1190, 1183, 1176, 1171, 1164, 1159, 1158, 1153, 1149, 1146, 1144, 1140, 1137, 1137, 1138, 1137, 1144, 1144, 1136, 1138, 1138, 1140, 1141, 1141, 1144, 1147, 1151, 1155, 1158, 1163, 1168, 1171, 1177, 1187, 1194, 1199, 1205, 1207, 1222, 1221, 1241, 1250, 1257, 1267, 1274, 1293, 1298, 1305]
