[0, 0, 0, 0, 0, 0, 0, 0, 0, 0, 0, 0, 0, 0, 0, 0, 0, 0, 0, 0, 0, 0, 0, 0, 0, 0, 0, 0, 0, 0, 0, 0, 0, 0, 0, 0, 0, 0, 0, 0, 0, 0, 0, 0, 0, 0, 0, 0, 0, 0, 0, 0, 0, 0, 0, 0, 0, 0, 0, 0, 0]
[0, 524, 519, 516, 512, 513, 510, 506, 502, 499, 496, 493, 0, 447, 442, 442, 438, 433, 429, 425, 421, 417, 415, 0, 401, 398, 396, 395, 390, 387, 386, 384, 381, 380, 381, 382, 384, 389, 393, 394, 399, 406, 1155, 0, 0, 0, 0, 506, 509, 512, 516, 520, 523, 527, 533, 538, 543, 548, 554, 559, 565]
[0, 526, 522, 518, 513, 509, 506, 506, 501, 497, 495, 493, 0, 453, 445, 440, 435, 431, 429, 426, 422, 418, 415, 408, 400, 398, 394, 395, 390, 387, 386, 385, 382, 381, 381, 383, 386, 390, 392, 396, 401, 408, 1155, 0, 0, 497, 502, 506, 509, 513, 517, 520, 524, 528, 533, 538, 543, 549, 554, 559, 565]
[0, 526, 524, 520, 516, 512, 508, 506, 502, 499, 497, 494, 0, 453, 447, 442, 438, 433, 428, 424, 420, 417, 415, 408, 401, 399, 396, 391, 388, 386, 383, 381, 382, 382, 382, 382, 384, 385, 390, 395, 399, 406, 1155, 0, 0, 0, 505, 508, 512, 515, 519, 520, 527, 531, 537, 542, 543, 547, 552, 564, 565]
[0, 527, 523, 520, 517, 513, 508, 505, 502, 498, 495, 494, 0, 0, 445, 441, 437, 432, 427, 423, 419, 417, 416, 0, 400, 397, 396, 394, 390, 387, 385, 385, 383, 382, 381, 383, 386, 390, 392, 396, 399, 406, 1155, 0, 0, 498, 502, 506, 509, 513, 517, 520, 524, 528, 533, 538, 543, 549, 554, 559, 566]
[0, 526, 523, 519, 514, 511, 507, 504, 501, 498, 495, 495, 0, 0, 445, 440, 435, 431, 428, 423, 419, 417, 416, 412, 406, 400, 397, 393, 393, 390, 384, 382, 382, 382, 384, 385, 389, 390, 391, 396, 397, 406, 1155, 0, 0, 500, 504, 507, 510, 514, 517, 521, 525, 529, 534, 540, 544, 549, 554, 560, 566]
[0, 526, 522, 518, 513, 509, 507, 504, 504, 501, 497, 495, 0, 0, 445, 440, 435, 431, 427, 423, 422, 418, 414, 408, 406, 400, 397, 392, 389, 388, 385, 383, 382, 382, 384, 387, 388, 388, 391, 394, 403, 406, 1155, 0, 0, 0, 504, 508, 511, 514, 519, 522, 526, 530, 535, 541, 545, 551, 557, 562, 568]
[0, 527, 524, 518, 514, 512, 508, 504, 504, 501, 498, 496, 0, 449, 444, 440, 435, 431, 431, 427, 422, 418, 415, 408, 402, 400, 396, 392, 390, 388, 383, 381, 382, 382, 383, 387, 385, 386, 389, 395, 403, 406, 1155, 0, 0, 0, 505, 508, 511, 514, 519, 523, 527, 531, 535, 541, 545, 552, 558, 564, 568]
[0, 527, 524, 519, 515, 512, 508, 504, 505, 501, 498, 496, 0, 449, 444, 440, 435, 431, 431, 427, 422, 418, 414, 408, 402, 399, 396, 392, 390, 388, 383, 383, 381, 382, 384, 387, 385, 385, 390, 399, 403, 406, 1155, 0, 0, 0, 506, 510, 512, 516, 520, 524, 529, 533, 537, 542, 547, 552, 558, 559, 564]
[0, 529, 524, 520, 518, 513, 509, 506, 503, 501, 498, 498, 0, 0, 446, 442, 437, 432, 427, 427, 423, 419, 416, 409, 403, 399, 396, 392, 390, 388, 384, 383, 381, 382, 382, 384, 385, 386, 395, 399, 399, 406, 1155, 0, 0, 0, 506, 509, 512, 517, 520, 524, 528, 532, 537, 542, 547, 552, 558, 564, 564]
[0, 534, 530, 525, 522, 518, 514, 511, 507, 505, 502, 498, 0, 450, 446, 442, 437, 432, 428, 424, 420, 419, 410, 409, 403, 400, 397, 394, 391, 387, 385, 384, 382, 382, 381, 383, 387, 386, 391, 397, 404, 406, 1155, 0, 0, 508, 511, 515, 518, 521, 525, 530, 534, 539, 544, 549, 554, 559, 565, 571, 578]
[0, 532, 528, 524, 520, 517, 514, 513, 509, 507, 504, 502, 0, 451, 446, 442, 436, 431, 428, 427, 419, 419, 417, 0, 403, 399, 395, 394, 391, 387, 385, 383, 381, 380, 381, 383, 387, 386, 392, 397, 404, 406, 1155, 0, 0, 508, 511, 516, 519, 522, 526, 530, 535, 539, 544, 549, 554, 559, 565, 571, 578]
[0, 534, 530, 526, 523, 519, 515, 512, 509, 506, 503, 0, 0, 0, 448, 442, 438, 433, 429, 425, 421, 417, 410, 0, 404, 399, 395, 393, 391, 387, 384, 383, 383, 380, 381, 383, 388, 389, 392, 399, 404, 406, 1155, 0, 0, 510, 513, 516, 520, 524, 527, 531, 536, 541, 545, 549, 554, 560, 566, 572, 579]
[0, 531, 530, 527, 523, 519, 516, 512, 509, 506, 503, 500, 0, 449, 448, 443, 438, 434, 430, 426, 422, 418, 412, 405, 404, 401, 397, 392, 388, 387, 385, 383, 382, 382, 381, 382, 385, 390, 392, 396, 401, 406, 1155, 0, 0, 512, 513, 516, 519, 526, 527, 530, 534, 538, 543, 548, 553, 558, 564, 570, 576]
[0, 534, 530, 525, 522, 518, 514, 511, 507, 505, 502, 500, 0, 450, 446, 442, 437, 432, 428, 424, 422, 417, 412, 403, 404, 397, 397, 393, 390, 388, 385, 383, 382, 384, 384, 383, 384, 386, 392, 396, 400, 407, 1155, 0, 0, 0, 515, 518, 521, 525, 529, 533, 538, 542, 543, 547, 557, 558, 568, 575, 576]
[0, 531, 527, 525, 524, 521, 517, 513, 510, 508, 505, 503, 0, 450, 449, 439, 437, 434, 431, 427, 421, 418, 412, 405, 404, 399, 395, 392, 388, 386, 384, 383, 382, 380, 381, 382, 386, 390, 392, 397, 403, 407, 1155, 0, 0, 509, 512, 515, 519, 522, 526, 530, 534, 539, 543, 549, 554, 559, 565, 572, 578]
[0, 536, 530, 526, 523, 520, 517, 513, 510, 507, 503, 0, 0, 0, 448, 442, 438, 434, 430, 426, 422, 417, 410, 404, 401, 399, 397, 393, 391, 385, 384, 384, 384, 383, 382, 384, 385, 387, 392, 396, 401, 407, 1155, 0, 0, 0, 516, 521, 524, 528, 531, 536, 540, 545, 550, 555, 561, 559, 572, 579, 586]
[0, 536, 530, 526, 523, 520, 516, 513, 510, 507, 503, 0, 0, 0, 448, 443, 439, 435, 430, 426, 422, 418, 410, 410, 404, 401, 397, 393, 389, 387, 385, 384, 384, 383, 381, 382, 385, 389, 393, 397, 402, 408, 1155, 0, 0, 515, 516, 521, 525, 528, 528, 531, 542, 545, 546, 551, 556, 562, 567, 573, 581]
[0, 536, 530, 526, 523, 520, 516, 512, 510, 508, 504, 0, 0, 0, 448, 443, 438, 435, 430, 426, 422, 417, 410, 404, 401, 401, 397, 392, 389, 387, 385, 384, 384, 382, 381, 382, 384, 389, 393, 397, 402, 408, 1155, 0, 0, 0, 0, 521, 525, 528, 0, 531, 536, 546, 551, 556, 556, 562, 567, 580, 581]
[0, 540, 536, 531, 528, 524, 520, 517, 514, 511, 509, 0, 0, 0, 450, 445, 441, 436, 431, 427, 422, 420, 0, 405, 401, 397, 397, 393, 389, 387, 386, 384, 384, 383, 382, 382, 384, 389, 393, 396, 402, 408, 1155, 0, 0, 0, 518, 521, 525, 528, 531, 536, 541, 545, 550, 556, 561, 566, 572, 580, 587]
[0, 538, 534, 531, 526, 524, 523, 518, 515, 512, 511, 508, 0, 452, 446, 442, 441, 437, 429, 427, 424, 420, 413, 407, 401, 397, 397, 393, 390, 387, 386, 386, 384, 382, 383, 382, 386, 391, 393, 397, 402, 408, 1155, 0, 0, 0, 523, 526, 0, 534, 0, 542, 546, 545, 551, 562, 568, 566, 574, 587, 587]
[0, 551, 546, 542, 538, 534, 530, 527, 524, 521, 519, 508, 0, 457, 452, 446, 441, 437, 434, 429, 424, 417, 410, 405, 403, 398, 394, 391, 389, 387, 385, 386, 381, 382, 380, 387, 387, 389, 393, 396, 400, 413, 1155, 0, 0, 518, 521, 525, 528, 532, 536, 540, 544, 549, 554, 559, 564, 570, 576, 583, 590]
[0, 553, 548, 543, 541, 537, 534, 530, 527, 524, 522, 508, 0, 457, 452, 446, 441, 437, 434, 429, 427, 0, 410, 409, 404, 397, 394, 394, 391, 388, 385, 383, 384, 384, 383, 383, 385, 390, 394, 397, 402, 409, 1155, 0, 0, 0, 534, 538, 542, 546, 549, 554, 559, 549, 568, 559, 580, 586, 592, 598, 605]
[0, 553, 547, 543, 543, 538, 535, 531, 528, 525, 523, 521, 0, 457, 449, 446, 444, 439, 435, 431, 426, 419, 413, 408, 404, 401, 397, 394, 393, 389, 384, 383, 384, 384, 383, 384, 388, 391, 392, 398, 402, 409, 1155, 0, 0, 0, 537, 0, 541, 545, 554, 554, 562, 549, 567, 571, 577, 584, 590, 596, 602]
[0, 553, 560, 556, 552, 548, 544, 541, 537, 534, 531, 529, 0, 0, 459, 453, 443, 439, 439, 434, 431, 0, 413, 408, 402, 397, 393, 394, 390, 389, 389, 383, 384, 380, 383, 383, 385, 386, 392, 396, 400, 407, 1155, 0, 0, 533, 537, 540, 544, 547, 551, 556, 560, 564, 570, 576, 582, 588, 593, 600, 607]
[0, 560, 560, 555, 551, 548, 544, 541, 537, 534, 531, 0, 460, 0, 453, 453, 447, 443, 439, 434, 431, 0, 413, 408, 405, 401, 396, 392, 388, 387, 388, 383, 387, 382, 380, 382, 386, 388, 389, 395, 400, 405, 415, 0, 0, 541, 545, 548, 552, 556, 560, 564, 568, 573, 579, 584, 590, 596, 602, 608, 614]
[0, 565, 560, 557, 554, 550, 546, 543, 539, 537, 534, 0, 0, 462, 457, 451, 446, 441, 437, 434, 432, 424, 416, 410, 404, 401, 396, 392, 388, 387, 388, 387, 382, 382, 380, 382, 386, 388, 389, 395, 400, 405, 414, 0, 0, 541, 545, 548, 552, 556, 560, 564, 568, 573, 579, 584, 590, 595, 602, 608, 615]
[0, 567, 563, 559, 555, 551, 547, 544, 541, 538, 536, 0, 0, 463, 458, 453, 447, 443, 439, 434, 428, 420, 413, 408, 404, 399, 395, 394, 393, 390, 387, 384, 384, 384, 383, 383, 385, 389, 393, 398, 403, 410, 414, 0, 0, 548, 551, 0, 554, 562, 567, 572, 577, 573, 582, 592, 598, 595, 611, 618, 625]
[0, 567, 568, 564, 557, 551, 553, 550, 546, 543, 540, 537, 0, 464, 458, 453, 446, 442, 439, 437, 434, 0, 415, 408, 402, 398, 397, 393, 393, 390, 390, 388, 383, 381, 381, 383, 387, 388, 392, 396, 401, 410, 414, 0, 0, 547, 551, 554, 558, 561, 565, 570, 575, 580, 585, 591, 596, 602, 608, 614, 622]
[0, 568, 564, 564, 560, 557, 553, 549, 546, 543, 540, 537, 0, 464, 457, 451, 446, 446, 441, 437, 434, 0, 415, 408, 403, 400, 398, 395, 394, 390, 385, 385, 383, 383, 381, 384, 387, 388, 390, 393, 405, 410, 414, 0, 0, 547, 0, 556, 559, 563, 568, 573, 577, 583, 588, 593, 598, 603, 610, 616, 624]
[0, 568, 578, 564, 574, 570, 566, 562, 559, 557, 554, 551, 0, 464, 463, 451, 457, 451, 446, 441, 432, 423, 415, 409, 404, 401, 398, 395, 394, 390, 389, 385, 383, 382, 381, 383, 385, 388, 390, 393, 405, 410, 0, 0, 0, 0, 0, 556, 559, 563, 568, 573, 577, 583, 588, 593, 598, 604, 610, 616, 624]
[0, 584, 579, 564, 575, 571, 566, 563, 560, 558, 555, 552, 0, 470, 464, 458, 457, 447, 446, 442, 0, 424, 417, 408, 406, 401, 396, 395, 394, 389, 384, 385, 382, 384, 383, 382, 384, 390, 390, 393, 398, 404, 0, 0, 0, 0, 566, 570, 574, 578, 583, 588, 592, 597, 602, 608, 613, 619, 625, 634, 642]
[0, 584, 580, 577, 572, 567, 564, 563, 560, 558, 555, 552, 0, 471, 464, 458, 453, 447, 442, 442, 434, 425, 417, 409, 406, 403, 398, 394, 393, 390, 385, 383, 384, 384, 383, 382, 387, 390, 394, 398, 403, 410, 0, 0, 0, 566, 566, 574, 578, 583, 583, 593, 592, 597, 607, 608, 613, 619, 634, 634, 649]
[0, 598, 593, 589, 584, 580, 576, 572, 569, 566, 563, 560, 0, 471, 467, 458, 462, 456, 450, 446, 0, 424, 415, 410, 407, 403, 399, 395, 391, 391, 389, 385, 384, 382, 382, 383, 386, 389, 394, 397, 402, 409, 0, 0, 0, 570, 574, 578, 583, 587, 592, 597, 602, 606, 612, 617, 623, 631, 639, 647, 654]
[0, 598, 594, 589, 584, 580, 575, 571, 567, 565, 562, 560, 0, 474, 473, 466, 460, 455, 449, 445, 0, 423, 414, 410, 407, 401, 396, 393, 393, 391, 390, 385, 382, 382, 382, 382, 384, 387, 390, 394, 398, 404, 0, 0, 0, 574, 578, 583, 587, 590, 594, 599, 603, 608, 613, 618, 625, 633, 639, 646, 654]
[0, 606, 602, 598, 593, 590, 586, 582, 579, 576, 572, 560, 0, 481, 478, 471, 464, 458, 453, 0, 0, 431, 414, 410, 408, 401, 400, 395, 393, 392, 387, 385, 384, 383, 382, 382, 385, 387, 390, 394, 399, 405, 0, 0, 0, 575, 579, 583, 587, 591, 594, 599, 604, 609, 614, 620, 626, 633, 641, 648, 656]
[0, 610, 604, 600, 596, 592, 589, 582, 582, 576, 578, 575, 0, 485, 478, 472, 465, 458, 453, 0, 442, 430, 420, 413, 409, 403, 398, 395, 394, 389, 385, 384, 383, 383, 382, 383, 385, 388, 392, 396, 400, 406, 0, 0, 0, 586, 590, 594, 598, 603, 607, 611, 616, 620, 626, 633, 640, 647, 654, 662, 669]
[0, 611, 606, 601, 597, 593, 590, 587, 583, 580, 577, 574, 0, 0, 481, 474, 468, 462, 456, 0, 433, 425, 416, 413, 408, 401, 396, 396, 394, 390, 387, 384, 383, 383, 382, 383, 386, 389, 393, 396, 401, 407, 0, 0, 0, 591, 594, 599, 603, 607, 611, 615, 620, 626, 632, 639, 645, 652, 659, 667, 675]
[0, 612, 608, 603, 600, 596, 592, 588, 585, 582, 578, 574, 0, 0, 484, 476, 470, 464, 458, 451, 0, 426, 416, 409, 408, 404, 400, 395, 391, 389, 387, 384, 382, 382, 382, 383, 385, 387, 390, 394, 399, 405, 0, 0, 0, 589, 594, 597, 601, 605, 610, 614, 618, 624, 630, 636, 643, 649, 656, 664, 671]
[0, 629, 623, 619, 614, 610, 607, 604, 600, 597, 594, 591, 589, 0, 0, 488, 480, 474, 466, 0, 439, 428, 418, 410, 403, 404, 396, 395, 390, 388, 387, 385, 383, 383, 382, 382, 387, 387, 394, 394, 398, 404, 0, 0, 0, 589, 593, 601, 0, 606, 609, 613, 623, 624, 636, 643, 650, 649, 656, 671, 679]
[0, 630, 625, 620, 616, 613, 609, 605, 601, 598, 595, 593, 590, 0, 493, 483, 480, 469, 466, 462, 0, 431, 421, 412, 405, 404, 399, 397, 392, 388, 386, 384, 383, 383, 382, 383, 385, 387, 390, 394, 398, 404, 0, 0, 0, 610, 614, 618, 622, 626, 609, 637, 643, 648, 654, 661, 669, 677, 683, 690, 700]
[0, 633, 629, 624, 619, 616, 613, 609, 605, 601, 599, 596, 593, 0, 0, 495, 485, 477, 470, 0, 0, 428, 418, 409, 406, 401, 395, 397, 391, 388, 387, 385, 383, 383, 383, 383, 384, 390, 393, 397, 403, 404, 0, 0, 0, 610, 614, 618, 622, 626, 631, 636, 641, 647, 653, 659, 666, 674, 681, 689, 698]
[0, 631, 629, 621, 619, 617, 613, 610, 606, 603, 600, 597, 595, 0, 501, 489, 485, 473, 467, 0, 0, 0, 422, 413, 406, 398, 395, 395, 392, 388, 386, 384, 383, 383, 382, 383, 385, 387, 390, 394, 404, 404, 0, 0, 0, 615, 0, 624, 628, 0, 638, 643, 641, 653, 659, 667, 674, 681, 689, 697, 706]
[0, 645, 641, 636, 631, 626, 622, 619, 615, 612, 609, 606, 603, 600, 501, 0, 499, 486, 478, 0, 0, 429, 420, 413, 412, 401, 396, 393, 391, 388, 385, 384, 383, 382, 382, 383, 387, 389, 393, 397, 402, 404, 0, 0, 0, 615, 618, 622, 627, 631, 636, 641, 647, 651, 657, 664, 670, 678, 686, 694, 703]
[0, 650, 645, 641, 637, 632, 627, 624, 620, 616, 614, 611, 608, 606, 605, 0, 0, 492, 481, 0, 0, 429, 0, 417, 409, 399, 396, 393, 392, 389, 387, 384, 383, 383, 382, 384, 386, 388, 390, 394, 399, 406, 414, 424, 0, 627, 618, 636, 641, 0, 645, 649, 654, 660, 666, 678, 686, 695, 702, 710, 719]
[0, 655, 650, 646, 641, 632, 636, 629, 620, 622, 614, 618, 615, 613, 611, 609, 608, 0, 485, 0, 0, 0, 427, 417, 409, 403, 398, 395, 391, 388, 386, 384, 383, 383, 383, 384, 387, 389, 392, 396, 401, 409, 414, 424, 0, 630, 634, 639, 644, 648, 652, 657, 662, 668, 675, 681, 688, 696, 704, 712, 720]
[0, 654, 650, 646, 642, 637, 633, 629, 626, 622, 614, 618, 615, 613, 611, 610, 609, 0, 486, 0, 0, 0, 0, 417, 408, 400, 397, 393, 390, 387, 385, 385, 383, 384, 385, 386, 388, 389, 393, 397, 403, 409, 414, 424, 0, 638, 642, 647, 651, 655, 660, 666, 671, 676, 682, 690, 698, 705, 711, 719, 729]
[0, 666, 661, 657, 653, 650, 646, 642, 638, 634, 630, 627, 625, 622, 620, 619, 609, 618, 0, 0, 0, 0, 0, 421, 412, 402, 398, 394, 391, 388, 386, 385, 384, 384, 384, 386, 388, 390, 393, 397, 402, 409, 414, 424, 0, 638, 642, 646, 651, 655, 660, 666, 671, 676, 682, 689, 697, 705, 711, 719, 729]
[0, 666, 662, 657, 653, 649, 646, 642, 638, 635, 631, 628, 625, 623, 621, 619, 617, 618, 0, 0, 0, 0, 0, 421, 412, 403, 397, 394, 391, 389, 388, 387, 385, 385, 385, 385, 388, 391, 394, 397, 402, 409, 414, 424, 0, 648, 653, 658, 662, 666, 672, 676, 681, 687, 695, 702, 709, 716, 724, 741, 729]
[0, 665, 661, 656, 652, 649, 648, 640, 638, 637, 634, 630, 627, 625, 623, 620, 618, 616, 0, 0, 0, 0, 0, 417, 412, 404, 399, 395, 392, 390, 388, 387, 385, 385, 385, 386, 388, 391, 394, 396, 401, 409, 414, 424, 0, 0, 657, 0, 666, 0, 675, 676, 680, 687, 694, 708, 715, 716, 722, 739, 750]
[0, 675, 670, 665, 662, 657, 653, 649, 646, 643, 640, 635, 632, 631, 629, 627, 624, 622, 622, 0, 0, 0, 426, 416, 410, 403, 398, 394, 390, 389, 388, 386, 384, 384, 385, 385, 388, 391, 395, 399, 404, 409, 414, 424, 0, 650, 654, 658, 663, 668, 673, 678, 682, 689, 696, 702, 710, 716, 724, 733, 742]
[0, 674, 669, 664, 661, 657, 653, 649, 645, 643, 639, 635, 632, 630, 627, 626, 624, 622, 622, 0, 0, 0, 424, 416, 415, 401, 398, 397, 390, 389, 388, 387, 386, 385, 385, 386, 387, 393, 395, 400, 404, 406, 414, 424, 0, 658, 662, 666, 671, 675, 680, 686, 693, 699, 705, 711, 719, 726, 735, 744, 753]
[0, 691, 686, 664, 677, 673, 668, 649, 665, 661, 658, 655, 653, 650, 647, 646, 645, 643, 641, 0, 0, 0, 0, 422, 408, 401, 402, 396, 391, 389, 388, 387, 386, 385, 386, 386, 387, 390, 393, 396, 401, 407, 414, 424, 0, 658, 662, 666, 672, 677, 682, 688, 694, 701, 707, 714, 720, 728, 736, 746, 756]
[0, 691, 686, 685, 680, 676, 672, 668, 665, 661, 658, 655, 653, 651, 648, 645, 644, 642, 641, 0, 0, 0, 0, 420, 412, 405, 400, 395, 392, 391, 390, 389, 388, 388, 388, 389, 391, 393, 397, 401, 405, 413, 414, 424, 0, 676, 680, 684, 689, 695, 700, 706, 712, 717, 723, 730, 738, 746, 765, 746, 783]
[0, 704, 699, 694, 689, 685, 680, 677, 674, 670, 666, 664, 662, 659, 648, 657, 654, 653, 652, 0, 0, 0, 0, 427, 410, 405, 398, 395, 394, 390, 390, 388, 388, 388, 387, 387, 389, 394, 397, 397, 401, 407, 414, 424, 0, 677, 682, 686, 692, 697, 703, 708, 713, 719, 726, 734, 740, 750, 759, 767, 776]
[0, 704, 705, 699, 693, 689, 685, 681, 677, 673, 670, 667, 664, 662, 659, 657, 656, 654, 652, 652, 0, 0, 0, 421, 416, 406, 401, 397, 393, 392, 390, 389, 388, 388, 388, 389, 391, 394, 397, 402, 407, 415, 414, 424, 0, 688, 693, 699, 703, 708, 712, 718, 724, 731, 738, 746, 763, 771, 779, 789, 799]
[0, 708, 703, 698, 693, 688, 683, 679, 675, 672, 669, 666, 663, 661, 659, 657, 656, 655, 653, 652, 0, 0, 0, 0, 411, 404, 399, 395, 393, 392, 390, 389, 388, 388, 388, 388, 389, 392, 395, 399, 409, 415, 414, 424, 0, 690, 695, 699, 704, 710, 715, 721, 728, 735, 741, 749, 757, 765, 774, 784, 794]
[0, 727, 721, 716, 712, 708, 703, 698, 694, 691, 688, 685, 682, 680, 678, 676, 675, 655, 672, 652, 0, 0, 0, 0, 408, 0, 402, 398, 395, 392, 391, 390, 389, 388, 389, 389, 390, 393, 397, 400, 405, 412, 414, 424, 0, 692, 697, 701, 707, 713, 717, 722, 728, 735, 743, 750, 759, 768, 776, 785, 795]
[0, 730, 724, 719, 714, 710, 706, 702, 698, 694, 691, 688, 685, 683, 680, 678, 677, 676, 675, 674, 0, 0, 0, 426, 416, 408, 404, 399, 395, 393, 392, 391, 390, 390, 390, 391, 394, 397, 400, 404, 409, 412, 414, 0, 0, 711, 719, 0, 729, 713, 742, 750, 757, 764, 771, 779, 787, 796, 804, 813, 823]
[0, 734, 729, 723, 718, 714, 710, 707, 704, 700, 697, 695, 692, 683, 685, 684, 682, 680, 680, 679, 0, 0, 0, 432, 415, 408, 403, 397, 394, 394, 393, 391, 390, 390, 390, 393, 394, 397, 401, 406, 413, 412, 414, 0, 0, 715, 720, 725, 731, 736, 742, 750, 757, 764, 779, 779, 787, 804, 813, 823, 832]
[0, 743, 737, 732, 727, 722, 718, 713, 709, 706, 704, 700, 697, 695, 692, 690, 688, 687, 686, 685, 0, 0, 0, 432, 0, 410, 0, 400, 396, 394, 393, 392, 391, 391, 391, 392, 394, 397, 401, 405, 410, 412, 414, 0, 719, 724, 729, 734, 739, 746, 752, 759, 766, 773, 781, 788, 796, 805, 814, 823, 833]
[0, 741, 736, 731, 726, 721, 716, 713, 709, 707, 703, 701, 698, 694, 691, 690, 688, 687, 687, 685, 0, 0, 0, 0, 0, 415, 408, 403, 399, 396, 395, 393, 392, 391, 392, 393, 394, 397, 400, 409, 417, 412, 414, 0, 723, 727, 733, 737, 743, 750, 756, 762, 768, 776, 784, 792, 800, 808, 817, 826, 835]
[0, 742, 736, 731, 726, 721, 718, 713, 709, 706, 703, 701, 699, 695, 691, 690, 689, 687, 686, 685, 0, 0, 0, 0, 422, 413, 407, 402, 398, 396, 395, 393, 392, 392, 392, 393, 395, 398, 401, 405, 410, 412, 414, 0, 723, 728, 734, 738, 744, 751, 757, 764, 771, 778, 785, 793, 802, 812, 821, 829, 838]
[0, 766, 761, 755, 750, 744, 740, 736, 731, 727, 725, 722, 719, 717, 715, 713, 711, 710, 709, 709, 0, 0, 0, 0, 422, 413, 407, 402, 398, 396, 395, 393, 392, 391, 392, 393, 394, 397, 401, 405, 410, 412, 414, 0, 725, 730, 734, 739, 745, 752, 758, 765, 772, 780, 788, 796, 805, 813, 822, 831, 841]
[0, 781, 774, 769, 765, 760, 755, 751, 747, 742, 740, 736, 734, 732, 730, 728, 726, 724, 723, 722, 0, 0, 0, 0, 423, 415, 408, 403, 400, 398, 397, 396, 395, 391, 395, 397, 399, 403, 407, 412, 419, 412, 414, 0, 0, 753, 757, 762, 769, 775, 781, 787, 795, 804, 812, 821, 828, 835, 844, 855, 865]
[0, 785, 778, 773, 768, 763, 758, 753, 749, 745, 740, 737, 735, 734, 732, 730, 727, 725, 723, 722, 722, 0, 0, 0, 0, 417, 411, 405, 401, 398, 398, 397, 396, 396, 396, 398, 401, 404, 409, 415, 422, 412, 414, 0, 764, 768, 772, 778, 784, 791, 798, 805, 820, 804, 828, 835, 843, 853, 863, 871, 890]
[0, 785, 778, 772, 768, 763, 758, 753, 749, 745, 741, 738, 735, 733, 732, 730, 727, 725, 723, 721, 722, 0, 0, 0, 0, 421, 414, 408, 403, 400, 399, 398, 397, 396, 397, 398, 399, 403, 407, 412, 418, 412, 414, 0, 766, 771, 776, 781, 788, 795, 802, 809, 817, 825, 832, 841, 850, 859, 867, 876, 886]
[0, 796, 789, 783, 777, 772, 767, 763, 759, 755, 751, 748, 745, 743, 740, 739, 737, 735, 733, 732, 732, 0, 0, 0, 0, 420, 413, 407, 402, 399, 398, 397, 397, 397, 397, 398, 399, 403, 407, 412, 419, 412, 414, 0, 766, 771, 776, 782, 788, 796, 803, 810, 818, 825, 833, 841, 850, 860, 868, 877, 888]
[0, 792, 787, 782, 776, 770, 766, 762, 758, 754, 751, 748, 745, 743, 740, 738, 737, 737, 734, 734, 732, 0, 0, 0, 0, 421, 414, 0, 404, 400, 398, 398, 397, 396, 397, 398, 400, 404, 409, 414, 421, 412, 414, 0, 776, 781, 787, 794, 801, 807, 813, 821, 829, 834, 842, 852, 861, 870, 878, 887, 898]
[0, 827, 821, 815, 809, 804, 798, 793, 790, 786, 782, 778, 775, 772, 770, 768, 767, 767, 766, 764, 763, 0, 0, 0, 0, 418, 412, 406, 402, 400, 399, 398, 397, 397, 399, 401, 404, 407, 411, 417, 421, 412, 414, 0, 778, 784, 789, 794, 801, 808, 815, 821, 828, 835, 844, 853, 863, 872, 879, 889, 898]
[0, 828, 823, 817, 811, 807, 802, 796, 790, 792, 784, 778, 781, 778, 775, 774, 772, 770, 769, 768, 766, 767, 0, 0, 0, 428, 420, 414, 409, 405, 402, 402, 402, 402, 403, 404, 407, 410, 416, 422, 421, 412, 0, 811, 817, 821, 826, 832, 837, 844, 853, 860, 867, 874, 882, 890, 900, 910, 920, 931, 942]
[0, 828, 831, 817, 826, 821, 816, 812, 808, 804, 800, 796, 792, 789, 785, 783, 782, 780, 778, 778, 777, 776, 0, 0, 433, 423, 417, 412, 407, 405, 402, 402, 402, 402, 402, 404, 410, 414, 416, 420, 421, 412, 0, 811, 815, 821, 827, 830, 835, 841, 849, 858, 865, 872, 880, 889, 898, 907, 918, 929, 938]
[0, 840, 834, 829, 824, 820, 815, 810, 806, 803, 799, 794, 791, 788, 785, 783, 782, 781, 779, 778, 777, 776, 0, 0, 0, 424, 418, 0, 412, 408, 405, 404, 403, 403, 403, 406, 409, 412, 417, 424, 421, 412, 0, 822, 827, 830, 834, 840, 848, 857, 864, 870, 876, 884, 892, 900, 910, 920, 931, 941, 951]
[0, 850, 842, 837, 832, 827, 822, 818, 815, 810, 807, 804, 800, 797, 794, 793, 791, 789, 788, 787, 787, 776, 0, 0, 0, 431, 422, 416, 411, 407, 405, 404, 403, 402, 403, 406, 409, 413, 418, 425, 421, 412, 0, 822, 827, 831, 835, 840, 849, 858, 864, 870, 876, 884, 892, 901, 911, 920, 931, 941, 951]
[0, 850, 843, 837, 832, 827, 822, 819, 815, 811, 807, 804, 800, 797, 794, 792, 791, 789, 788, 788, 787, 776, 0, 0, 0, 429, 422, 416, 412, 408, 406, 405, 405, 406, 407, 409, 412, 417, 423, 425, 421, 0, 829, 822, 833, 843, 850, 857, 864, 871, 877, 882, 890, 899, 908, 918, 927, 936, 946, 957, 970]
[0, 859, 852, 845, 839, 835, 831, 826, 823, 819, 814, 811, 809, 797, 803, 792, 800, 789, 798, 788, 797, 776, 0, 0, 0, 430, 422, 416, 412, 408, 406, 406, 406, 406, 407, 409, 411, 416, 422, 425, 421, 0, 830, 833, 837, 843, 850, 856, 863, 869, 876, 881, 890, 899, 908, 917, 926, 936, 946, 957, 969]
[0, 876, 870, 865, 859, 854, 848, 843, 840, 835, 830, 829, 826, 824, 821, 818, 817, 815, 814, 813, 813, 813, 0, 0, 0, 430, 422, 417, 413, 409, 407, 407, 407, 408, 409, 412, 415, 420, 426, 425, 421, 0, 0, 842, 848, 853, 0, 860, 874, 880, 886, 892, 900, 909, 920, 929, 938, 947, 958, 969, 983]
[0, 888, 881, 876, 870, 866, 862, 857, 852, 846, 842, 839, 835, 833, 831, 828, 827, 826, 825, 824, 824, 822, 0, 0, 0, 0, 430, 423, 418, 415, 412, 410, 411, 411, 412, 414, 417, 421, 427, 425, 421, 0, 859, 863, 867, 873, 877, 883, 890, 896, 903, 912, 920, 929, 938, 946, 956, 966, 979, 991, 1001]
[0, 887, 880, 876, 871, 866, 862, 857, 852, 846, 842, 838, 835, 833, 831, 829, 828, 825, 825, 824, 823, 823, 0, 0, 0, 0, 430, 424, 419, 416, 413, 411, 412, 412, 413, 416, 420, 424, 431, 425, 421, 0, 866, 870, 876, 881, 886, 892, 899, 905, 914, 923, 931, 939, 947, 956, 967, 979, 990, 1001, 1013]
[0, 891, 885, 879, 873, 869, 864, 860, 854, 849, 846, 841, 838, 835, 833, 831, 830, 829, 827, 827, 825, 825, 0, 0, 0, 0, 430, 424, 0, 416, 413, 411, 412, 412, 413, 416, 420, 424, 431, 425, 421, 0, 866, 870, 875, 881, 886, 892, 899, 906, 913, 922, 931, 939, 947, 956, 967, 978, 990, 1001, 1013]
[0, 888, 881, 877, 872, 868, 863, 859, 854, 849, 844, 839, 836, 835, 833, 831, 830, 828, 826, 825, 826, 825, 0, 0, 0, 433, 425, 424, 421, 417, 414, 413, 412, 413, 414, 416, 419, 423, 430, 425, 421, 0, 868, 871, 875, 881, 887, 892, 898, 906, 914, 924, 933, 941, 949, 956, 967, 979, 989, 1000, 1013]
[0, 898, 893, 886, 882, 877, 873, 869, 864, 861, 857, 839, 850, 835, 844, 831, 842, 839, 838, 838, 837, 837, 836, 0, 0, 0, 431, 424, 419, 416, 413, 411, 413, 413, 414, 417, 421, 426, 430, 425, 421, 0, 868, 872, 879, 883, 888, 894, 899, 906, 916, 925, 932, 942, 949, 959, 970, 981, 994, 1003, 1014]
[0, 914, 907, 899, 894, 890, 885, 879, 874, 871, 869, 866, 863, 860, 856, 853, 852, 851, 849, 849, 848, 847, 836, 0, 0, 0, 431, 425, 421, 416, 416, 415, 416, 413, 420, 422, 425, 431, 430, 425, 421, 0, 879, 883, 888, 894, 900, 906, 913, 920, 929, 944, 952, 962, 949, 985, 995, 1005, 1018, 1003, 1040]
[0, 969, 961, 954, 948, 943, 939, 934, 930, 925, 921, 915, 911, 909, 907, 905, 902, 900, 898, 897, 896, 895, 896, 0, 0, 0, 437, 429, 425, 421, 419, 417, 418, 419, 421, 422, 426, 431, 430, 425, 0, 888, 892, 896, 902, 908, 915, 922, 930, 937, 944, 951, 959, 970, 980, 992, 1001, 1011, 1022, 1033, 1046]
[0, 967, 959, 952, 946, 940, 936, 931, 926, 923, 919, 915, 912, 908, 904, 901, 901, 900, 898, 897, 896, 896, 896, 897, 0, 0, 437, 0, 438, 434, 432, 431, 432, 434, 436, 438, 441, 431, 430, 0, 940, 945, 949, 954, 960, 967, 976, 983, 990, 997, 1005, 1013, 1023, 1034, 1043, 1054, 1067, 1077, 1087, 1099, 1115]
[0, 977, 969, 963, 957, 951, 946, 941, 937, 933, 929, 926, 921, 918, 916, 914, 911, 909, 908, 907, 907, 907, 896, 897, 0, 0, 0, 443, 436, 432, 431, 431, 432, 434, 437, 440, 441, 431, 0, 939, 942, 947, 951, 955, 962, 969, 978, 987, 993, 999, 1007, 1017, 1027, 1037, 1048, 1059, 1069, 1081, 1092, 1106, 1123]
[0, 977, 969, 963, 956, 951, 946, 941, 937, 933, 929, 926, 921, 918, 916, 914, 911, 909, 908, 907, 907, 907, 908, 909, 0, 0, 0, 449, 440, 435, 434, 434, 435, 438, 440, 442, 441, 431, 0, 949, 952, 956, 960, 966, 973, 981, 989, 996, 1002, 1009, 1018, 1026, 1035, 1046, 1058, 1069, 1077, 1087, 1100, 1115, 1131]
[0, 987, 971, 963, 964, 957, 946, 941, 937, 937, 930, 927, 921, 923, 919, 915, 914, 912, 911, 910, 909, 910, 908, 909, 0, 0, 0, 449, 440, 435, 434, 434, 435, 438, 440, 442, 441, 431, 0, 949, 951, 955, 960, 966, 974, 982, 989, 996, 1002, 1009, 1017, 1026, 1034, 1045, 1056, 1066, 1077, 1086, 1099, 1114, 1129]
[0, 978, 971, 964, 964, 952, 947, 941, 937, 933, 929, 926, 922, 919, 918, 916, 915, 913, 909, 908, 910, 910, 910, 911, 0, 0, 0, 447, 440, 436, 435, 435, 436, 438, 441, 444, 441, 431, 0, 951, 954, 958, 963, 969, 976, 984, 992, 998, 1005, 1013, 1019, 1029, 1038, 1048, 1060, 1070, 1079, 1088, 1103, 1118, 1134]
[0, 1008, 1001, 994, 990, 983, 977, 972, 966, 961, 957, 954, 951, 947, 946, 944, 941, 940, 938, 937, 937, 937, 909, 911, 0, 0, 0, 449, 440, 436, 434, 434, 435, 438, 440, 442, 441, 431, 0, 951, 954, 958, 962, 966, 975, 982, 990, 996, 1002, 1009, 1018, 1026, 1035, 1045, 1056, 1067, 1077, 1089, 1102, 1114, 1129]
[0, 1052, 1045, 1038, 1031, 1026, 1021, 1014, 1009, 1004, 1000, 997, 993, 991, 988, 987, 985, 981, 980, 980, 978, 977, 977, 938, 940, 0, 0, 0, 454, 449, 446, 445, 446, 450, 454, 454, 457, 431, 0, 980, 983, 989, 996, 1000, 1005, 1011, 1018, 1026, 1033, 1042, 1051, 1069, 1079, 1090, 1103, 1114, 1126, 1138, 1151, 1166, 1181]
[0, 1078, 1072, 1065, 1058, 1051, 1045, 1039, 1034, 1029, 1026, 1022, 1018, 1015, 1013, 1010, 1008, 1007, 1006, 1005, 1003, 1003, 977, 979, 979, 980, 983, 0, 0, 466, 461, 464, 471, 450, 0, 1006, 1011, 1014, 1018, 1023, 1028, 1034, 1040, 1046, 1052, 1061, 1069, 1077, 1087, 1099, 1108, 1115, 1125, 1137, 1148, 1160, 1171, 1184, 1200, 1216, 1231]
[0, 1081, 1074, 1066, 1059, 1054, 1047, 1041, 1035, 1030, 1026, 1022, 1019, 1016, 1013, 1010, 1009, 1008, 1006, 1004, 1003, 1003, 1004, 1004, 1004, 1006, 1007, 1008, 1011, 1015, 1016, 1018, 1021, 1024, 1027, 1031, 1036, 1040, 1045, 1050, 1053, 1057, 1064, 1071, 1079, 1088, 1096, 1106, 1119, 1129, 1135, 1143, 1154, 1165, 1175, 1185, 1198, 1216, 1235, 1248, 1260]
[0, 1078, 1073, 1067, 1060, 1053, 1046, 1039, 1035, 1031, 1026, 1024, 1021, 1017, 1014, 1013, 1011, 1009, 1007, 1008, 1008, 1008, 1004, 1004, 1004, 1005, 1007, 1008, 1011, 1014, 1016, 1018, 1021, 1024, 1027, 1031, 1036, 1040, 1045, 1050, 1053, 1058, 1064, 1071, 1080, 1090, 1098, 1107, 1119, 1129, 1137, 1145, 1156, 1166, 1179, 1189, 1201, 1220, 1238, 1251, 1263]
[0, 1095, 1087, 1081, 1074, 1067, 1062, 1058, 1052, 1046, 1041, 1038, 1034, 1031, 1029, 1027, 1023, 1021, 1020, 1019, 1018, 1017, 1008, 1006, 1009, 1011, 1012, 1014, 1015, 1017, 1020, 1024, 1021, 1031, 1038, 1043, 1036, 1051, 1054, 1050, 1063, 1069, 1075, 1071, 1092, 1101, 1111, 1107, 1132, 1140, 1149, 1163, 1176, 1183, 1193, 1209, 1224, 1240, 1256, 1271, 1284]
[0, 1113, 1104, 1095, 1089, 1083, 1078, 1074, 1067, 1062, 1059, 1055, 1051, 1048, 1046, 1041, 1037, 1036, 1037, 1036, 1034, 1034, 1018, 1018, 1019, 1020, 1022, 1024, 1026, 1028, 1030, 1032, 1035, 1041, 1049, 1053, 1055, 1059, 1063, 1067, 1071, 1077, 1084, 1090, 1100, 1109, 1116, 1124, 1136, 1148, 1157, 1164, 1171, 1182, 1196, 1209, 1221, 1237, 1254, 1267, 1280]
[0, 1115, 1107, 1098, 1091, 1084, 1079, 1074, 1068, 1064, 1060, 1055, 1051, 1048, 1045, 1043, 1040, 1037, 1035, 1034, 1034, 1034, 1035, 1037, 1037, 1037, 1041, 1046, 1048, 1049, 1054, 1061, 1061, 1064, 1068, 1069, 1073, 1078, 1081, 1085, 1090, 1097, 1104, 1113, 1122, 1130, 1139, 1147, 1155, 1166, 1173, 1183, 1195, 1209, 1222, 1234, 1248, 1263, 1278, 1293, 1309]
[0, 1159, 1152, 1144, 1137, 1129, 1122, 1116, 1109, 1103, 1100, 1097, 1051, 1093, 1091, 1089, 1086, 1082, 1081, 1081, 1082, 1082, 1035, 1036, 1036, 1037, 1040, 1044, 1047, 1049, 1054, 1063, 1062, 1063, 1068, 1069, 1073, 1079, 1082, 1084, 1089, 1097, 1104, 1112, 1121, 1129, 1139, 1147, 1155, 1166, 1173, 1183, 1196, 1209, 1222, 1234, 1248, 1262, 1277, 1292, 1308]
[0, 1163, 1155, 1147, 1140, 1133, 1126, 1119, 1114, 1108, 1102, 1098, 1094, 1092, 1090, 1088, 1085, 1084, 1082, 1081, 1082, 1081, 1081, 1083, 1087, 1088, 1088, 1090, 1093, 1093, 1094, 1096, 1099, 1105, 1109, 1113, 1118, 1122, 1127, 1134, 1139, 1145, 1153, 1160, 1166, 1173, 1178, 1184, 1190, 1197, 1205, 1215, 1226, 1235, 1244, 1252, 1262, 1272, 1283, 1294, 1307]
[0, 1178, 1171, 1164, 1157, 1150, 1144, 1138, 1132, 1127, 1122, 1118, 1116, 1114, 1110, 1106, 1104, 1103, 1099, 1097, 1097, 1098, 1080, 1083, 1085, 1085, 1089, 1092, 1092, 1093, 1096, 1098, 1101, 1107, 1113, 1116, 1119, 1125, 1131, 1135, 1139, 1146, 1156, 1163, 1168, 1174, 1181, 1186, 1193, 1200, 1208, 1218, 1229, 1238, 1248, 1257, 1265, 1275, 1287, 1302, 1318]
[0, 1192, 1185, 1176, 1169, 1165, 1161, 1155, 1149, 1142, 1133, 1130, 1131, 1126, 1121, 1121, 1119, 1117, 1115, 1115, 1113, 1111, 1100, 1100, 1103, 1104, 1105, 1106, 1108, 1111, 1113, 1116, 1121, 1123, 1125, 1129, 1133, 1137, 1143, 1149, 1153, 1159, 1164, 1164, 1166, 1173, 1179, 1184, 1191, 1197, 1205, 1215, 1225, 1232, 1241, 1251, 1261, 1272, 1282, 1294, 1307]
[0, 1192, 1187, 1180, 1174, 1168, 1162, 1157, 1152, 1145, 1138, 1135, 1134, 1131, 1127, 1123, 1121, 1122, 1118, 1117, 1117, 1116, 1114, 1116, 1114, 1115, 1118, 1121, 1122, 1123, 1126, 1130, 1132, 1134, 1136, 1140, 1143, 1145, 1144, 1145, 1150, 1155, 1157, 1160, 1166, 1173, 1180, 1186, 1191, 1198, 1205, 1214, 1224, 1234, 1243, 1251, 1261, 1271, 1283, 1294, 1307]
[0, 1193, 1185, 1179, 1171, 1166, 1161, 1155, 1151, 1143, 1136, 1135, 1133, 1126, 1122, 1121, 1122, 1123, 1117, 1117, 1119, 1118, 1116, 1116, 1117, 1117, 1120, 1121, 1123, 1126, 1128, 1131, 1134, 1136, 1138, 1141, 1142, 1143, 1144, 1145, 1147, 1151, 1156, 1159, 1165, 1172, 1178, 1184, 1190, 1196, 1203, 1212, 1222, 1231, 1239, 1247, 1257, 1268, 1279, 1291, 1303]
[0, 1212, 1204, 1194, 1185, 1178, 1173, 1168, 1164, 1160, 1157, 1153, 1150, 1148, 1143, 1139, 1136, 1133, 1133, 1133, 1133, 1132, 1118, 1117, 1117, 1118, 1118, 1121, 1122, 1126, 1128, 1130, 1132, 1134, 1138, 1141, 1140, 1142, 1144, 1145, 1150, 1154, 1158, 1162, 1166, 1173, 1180, 1186, 1192, 1198, 1205, 1214, 1224, 1234, 1243, 1251, 1261, 1271, 1282, 1294, 1309]
[0, 1214, 1207, 1199, 1191, 1183, 1176, 1171, 1167, 1163, 1159, 1156, 1153, 1152, 1149, 1143, 1139, 1136, 1136, 1135, 1134, 1134, 1131, 1131, 1132, 1133, 1133, 1133, 1133, 1135, 1132, 1125, 1126, 1133, 1135, 1136, 1138, 1140, 1143, 1146, 1150, 1154, 1158, 1162, 1167, 1171, 1178, 1186, 1193, 1198, 1206, 1215, 1224, 1236, 1245, 1253, 1263, 1271, 1282, 1294, 1308]
[0, 1266, 1260, 1252, 1244, 1238, 1232, 1226, 1216, 1207, 1199, 1189, 1183, 1177, 1170, 1164, 1159, 1155, 1151, 1148, 1145, 1142, 1134, 1134, 1134, 1134, 1135, 1135, 1135, 1132, 1128, 1129, 1131, 1134, 1136, 1136, 1136, 1140, 1144, 1145, 1149, 1154, 1157, 1160, 1166, 1173, 1179, 1185, 1191, 1198, 1205, 1214, 1223, 1234, 1243, 1251, 1261, 1271, 1282, 1293, 1306]
[0, 1264, 1257, 1250, 1244, 1237, 1229, 1223, 1216, 1205, 1197, 1188, 1179, 1176, 1169, 1163, 1158, 1154, 1151, 1148, 1144, 1141, 1140, 1137, 1134, 1133, 1131, 1131, 1131, 1129, 1129, 1129, 1132, 1135, 1136, 1135, 1136, 1139, 1141, 1143, 1147, 1151, 1155, 1158, 1161, 1167, 1175, 1184, 1190, 1196, 1202, 1209, 1220, 1230, 1238, 1246, 1256, 1267, 1277, 1288, 1302]
[0, 1266, 1259, 1252, 1244, 1237, 1232, 1225, 1216, 1206, 1197, 1189, 1183, 1176, 1170, 1164, 1159, 1155, 1152, 1150, 1145, 1141, 1140, 1138, 1136, 1134, 1132, 1131, 1132, 1131, 1129, 1130, 1131, 1132, 1135, 1136, 1137, 1139, 1141, 1143, 1148, 1151, 1155, 1161, 1166, 1172, 1176, 1184, 1192, 1199, 1205, 1212, 1223, 1235, 1243, 1251, 1264, 1272, 1281, 1292, 1304]
[0, 1278, 1259, 1253, 1245, 1237, 1236, 1226, 1216, 1206, 1198, 1190, 1184, 1177, 1170, 1165, 1160, 1155, 1152, 1148, 1143, 1140, 1139, 1137, 1136, 1136, 1133, 1133, 1132, 1130, 1128, 1129, 1130, 1132, 1135, 1135, 1137, 1140, 1142, 1145, 1149, 1153, 1157, 1160, 1166, 1172, 1178, 1184, 1191, 1197, 1204, 1213, 1223, 1231, 1240, 1251, 1261, 1270, 1281, 1293, 1306]
[0, 1283, 1273, 1262, 1249, 1238, 1232, 1222, 1213, 1204, 1195, 1189, 1182, 1176, 1170, 1163, 1158, 1155, 1151, 1147, 1144, 1141, 1139, 1136, 1135, 1134, 1132, 1130, 1129, 1128, 1128, 1131, 1130, 1129, 1132, 1134, 1134, 1136, 1140, 1143, 1146, 1150, 1154, 1157, 1162, 1166, 1171, 1179, 1185, 1191, 1198, 1206, 1213, 1222, 1232, 1242, 1253, 1264, 1273, 1283, 1298]
[0, 1277, 1267, 1254, 1243, 1235, 1226, 1216, 1207, 1197, 1189, 1183, 1176, 1176, 1170, 1162, 1158, 1155, 1152, 1147, 1143, 1141, 1140, 1137, 1134, 1133, 1131, 1128, 1127, 1128, 1129, 1129, 1130, 1131, 1133, 1135, 1135, 1138, 1141, 1143, 1147, 1150, 1154, 1157, 1161, 1166, 1171, 1177, 1187, 1195, 1199, 1204, 1217, 1229, 1237, 1246, 1255, 1266, 1276, 1287, 1301]
[0, 1279, 1269, 1258, 1247, 1236, 1226, 1217, 1208, 1198, 1190, 1183, 1176, 1171, 1164, 1158, 1155, 1152, 1148, 1144, 1142, 1139, 1138, 1134, 1134, 1133, 1131, 1129, 1128, 1127, 1127, 1129, 1129, 1128, 1130, 1133, 1134, 1136, 1139, 1140, 1144, 1146, 1150, 1153, 1157, 1164, 1170, 1178, 1185, 1190, 1197, 1204, 1212, 1222, 1232, 1242, 1252, 1263, 1272, 1283, 1293]
[0, 1279, 1268, 1257, 1246, 1235, 1226, 1216, 1207, 1198, 1190, 1182, 1176, 1171, 1164, 1159, 1155, 1151, 1147, 1144, 1141, 1139, 1138, 1132, 1130, 1128, 1126, 1126, 1125, 1126, 1127, 1127, 1128, 1130, 1132, 1133, 1132, 1134, 1137, 1139, 1141, 1145, 1149, 1153, 1156, 1163, 1169, 1174, 1181, 1189, 1196, 1202, 1209, 1219, 1229, 1239, 1248, 1259, 1269, 1280, 1292]
[0, 1278, 1267, 1256, 1246, 1235, 1226, 1216, 1206, 1198, 1190, 1182, 1176, 1171, 1164, 1159, 1154, 1151, 1146, 1143, 1141, 1138, 1135, 1132, 1133, 1130, 1126, 1128, 1127, 1127, 1126, 1127, 1128, 1127, 1130, 1132, 1132, 1136, 1138, 1140, 1142, 1145, 1150, 1154, 1157, 1163, 1170, 1177, 1184, 1190, 1197, 1204, 1212, 1221, 1231, 1241, 1250, 1261, 1272, 1282, 1293]
[0, 1276, 1266, 1254, 1243, 1235, 1225, 1215, 1206, 1197, 1190, 1189, 1182, 1169, 1164, 1162, 1158, 1155, 1151, 1147, 1143, 1139, 1135, 1132, 1133, 1130, 1126, 1128, 1127, 1127, 1126, 1127, 1128, 1128, 1130, 1131, 1132, 1135, 1138, 1140, 1144, 1146, 1150, 1153, 1157, 1163, 1170, 1177, 1183, 1188, 1196, 1203, 1212, 1221, 1231, 1241, 1251, 1262, 1271, 1282, 1293]
[0, 1282, 1271, 1260, 1248, 1238, 1231, 1220, 1208, 1199, 1193, 1188, 1181, 1175, 1169, 1162, 1158, 1155, 1148, 1143, 1142, 1140, 1137, 1135, 1132, 1131, 1131, 1129, 1128, 1128, 1127, 1127, 1127, 1129, 1129, 1131, 1133, 1134, 1135, 1139, 1144, 1146, 1151, 1156, 1160, 1166, 1171, 1177, 1182, 1188, 1195, 1204, 1212, 1220, 1231, 1241, 1252, 1263, 1273, 1283, 1297]
[0, 1274, 1263, 1254, 1243, 1234, 1224, 1211, 1208, 1194, 1193, 1189, 1182, 1175, 1169, 1162, 1157, 1150, 1148, 1145, 1142, 1140, 1137, 1136, 1132, 1129, 1127, 1126, 1127, 1127, 1127, 1128, 1129, 1130, 1128, 1131, 1134, 1135, 1139, 1141, 1143, 1146, 1150, 1155, 1160, 1165, 1170, 1178, 1185, 1192, 1199, 1204, 1212, 1221, 1232, 1243, 1254, 1264, 1274, 1284, 1296]
[0, 1277, 1267, 1255, 1244, 1235, 1226, 1218, 1206, 1197, 1191, 1184, 1177, 1169, 1162, 1159, 1157, 1151, 1145, 1143, 1142, 1140, 1137, 1134, 1132, 1131, 1129, 1127, 1126, 1126, 1126, 1125, 1125, 1127, 1129, 1131, 1131, 1134, 1137, 1138, 1140, 1147, 1150, 1150, 1156, 1160, 1166, 1179, 1184, 1192, 1191, 1205, 1214, 1223, 1235, 1247, 1257, 1266, 1278, 1289, 1301]
[0, 1274, 1263, 1253, 1242, 1234, 1223, 1211, 1201, 1197, 1188, 1181, 1175, 1169, 1168, 1161, 1157, 1153, 1150, 1145, 1141, 1139, 1139, 1135, 1131, 1127, 1125, 1125, 1126, 1125, 1126, 1127, 1128, 1129, 1128, 1128, 1131, 1133, 1135, 1137, 1141, 1146, 1149, 1154, 1158, 1163, 1170, 1175, 1182, 1191, 1197, 1204, 1211, 1221, 1232, 1243, 1253, 1263, 1273, 1283, 1296]
[0, 1282, 1272, 1258, 1245, 1237, 1227, 1218, 1209, 1200, 1194, 1187, 1177, 1169, 1164, 1160, 1157, 1150, 1144, 1142, 1141, 1139, 1137, 1134, 1132, 1130, 1129, 1128, 1128, 1126, 1125, 1125, 1125, 1128, 1130, 1130, 1131, 1134, 1137, 1139, 1143, 1145, 1149, 1152, 1156, 1160, 1167, 1176, 1182, 1188, 1195, 1202, 1208, 1218, 1230, 1240, 1247, 1258, 1269, 1279, 1290]
[0, 1273, 1263, 1253, 1242, 1233, 1223, 1211, 1201, 1195, 1188, 1181, 1174, 1168, 1164, 1157, 1153, 1150, 1149, 1145, 1141, 1139, 1135, 1131, 1128, 1128, 1128, 1127, 1126, 1124, 1124, 1125, 1124, 1127, 1128, 1128, 1130, 1133, 1136, 1139, 1142, 1145, 1149, 1154, 1159, 1164, 1169, 1175, 1182, 1189, 1195, 1203, 1211, 1221, 1231, 1242, 1253, 1263, 1274, 1287, 1303]
[0, 1275, 1264, 1255, 1245, 1234, 1225, 1215, 1205, 1197, 1189, 1182, 1175, 1168, 1162, 1158, 1154, 1150, 1146, 1143, 1140, 1138, 1137, 1134, 1131, 1130, 1128, 1127, 1127, 1125, 1125, 1125, 1125, 1127, 1129, 1130, 1131, 1134, 1135, 1138, 1142, 1145, 1148, 1152, 1156, 1160, 1167, 1175, 1181, 1187, 1195, 1202, 1209, 1217, 1229, 1239, 1247, 1258, 1271, 1282, 1297]
[0, 1281, 1270, 1258, 1246, 1238, 1229, 1219, 1209, 1201, 1194, 1188, 1179, 1172, 1164, 1158, 1156, 1154, 1148, 1144, 1142, 1138, 1134, 1131, 1130, 1128, 1128, 1126, 1127, 1124, 1125, 1125, 1123, 1127, 1125, 1128, 1131, 1133, 1134, 1136, 1140, 1144, 1150, 1155, 1159, 1162, 1167, 1177, 1181, 1190, 1197, 1206, 1218, 1230, 1241, 1253, 1266, 1278, 1289, 1305, 1319]
[0, 1280, 1270, 1257, 1245, 1237, 1226, 1217, 1208, 1199, 1193, 1184, 1175, 1168, 1163, 1159, 1156, 1150, 1145, 1143, 1140, 1138, 1135, 1132, 1130, 1128, 1126, 1124, 1123, 1125, 1127, 1127, 1126, 1126, 1127, 1129, 1131, 1134, 1137, 1139, 1140, 1145, 1148, 1151, 1155, 1159, 1164, 1171, 1180, 1188, 1195, 1204, 1212, 1221, 1234, 1246, 1258, 1272, 1285, 1297, 1310]
[0, 1270, 1262, 1252, 1239, 1230, 1222, 1210, 1201, 1194, 1193, 1188, 1180, 1173, 1167, 1160, 1155, 1150, 1146, 1142, 1141, 1138, 1134, 1131, 1129, 1127, 1127, 1125, 1122, 1122, 1122, 1123, 1125, 1128, 1129, 1132, 1135, 1139, 1145, 1148, 1152, 1156, 1162, 1169, 1175, 1181, 1187, 1191, 1197, 1205, 1212, 1218, 1227, 1236, 1245, 1255, 1264, 1274, 1289, 1304, 1314]
[0, 1270, 1260, 1250, 1239, 1230, 1221, 1210, 1201, 1194, 1188, 1180, 1180, 1166, 1167, 1160, 1155, 1151, 1150, 1149, 1147, 1145, 1136, 1134, 1131, 1129, 1127, 1125, 1126, 1126, 1125, 1125, 1126, 1127, 1128, 1130, 1134, 1141, 1145, 1149, 1152, 1156, 1162, 1167, 1172, 1178, 1186, 1191, 1197, 1205, 1211, 1218, 1227, 1238, 1247, 1254, 1264, 1275, 1286, 1298, 1311]
[0, 1279, 1269, 1257, 1245, 1236, 1226, 1215, 1205, 1198, 1192, 1186, 1178, 1169, 1164, 1164, 1164, 1161, 1156, 1154, 1152, 1149, 1145, 1144, 1141, 1139, 1139, 1138, 1136, 1135, 1135, 1136, 1136, 1136, 1140, 1142, 1143, 1144, 1145, 1149, 1152, 1156, 1161, 1167, 1173, 1179, 1187, 1191, 1197, 1204, 1211, 1218, 1227, 1236, 1245, 1254, 1263, 1274, 1288, 1301, 1312]
[0, 1271, 1261, 1250, 1242, 1233, 1224, 1215, 1206, 1200, 1198, 1194, 1190, 1189, 1184, 1175, 1169, 1161, 1163, 1158, 1155, 1151, 1146, 1145, 1144, 1142, 1140, 1139, 1137, 1135, 1137, 1138, 1139, 1141, 1143, 1144, 1145, 1146, 1148, 1151, 1157, 1161, 1164, 1169, 1172, 1178, 1187, 1194, 1199, 1207, 1212, 1218, 1230, 1239, 1247, 1255, 1266, 1279, 1292, 1303, 1316]
[0, 1282, 1274, 1265, 1259, 1253, 1243, 1233, 1228, 1219, 1209, 1202, 1195, 1189, 1182, 1175, 1168, 1163, 1161, 1157, 1154, 1151, 1148, 1144, 1142, 1140, 1140, 1139, 1137, 1134, 1135, 1136, 1136, 1136, 1140, 1142, 1143, 1145, 1146, 1149, 1152, 1152, 1157, 1167, 1172, 1178, 1185, 1191, 1197, 1204, 1211, 1218, 1226, 1237, 1246, 1254, 1264, 1275, 1285, 1297, 1311]
[0, 1278, 1270, 1265, 1265, 1255, 1244, 1235, 1226, 1218, 1211, 1203, 1197, 1190, 1182, 1177, 1172, 1167, 1162, 1159, 1154, 1150, 1148, 1145, 1143, 1141, 1138, 1136, 1134, 1134, 1135, 1136, 1139, 1140, 1140, 1143, 1144, 1145, 1148, 1151, 1155, 1162, 1166, 1168, 1173, 1179, 1184, 1192, 1200, 1206, 1213, 1221, 1231, 1239, 1249, 1257, 1266, 1278, 1291, 1306, 1318]
[0, 1284, 1273, 1265, 1258, 1247, 1238, 1231, 1223, 1214, 1208, 1198, 1192, 1191, 1184, 1175, 1169, 1165, 1162, 1156, 1151, 1148, 1148, 1145, 1143, 1142, 1139, 1138, 1137, 1135, 1134, 1136, 1139, 1139, 1139, 1141, 1142, 1145, 1147, 1149, 1153, 1157, 1161, 1167, 1174, 1178, 1185, 1192, 1197, 1204, 1213, 1219, 1228, 1240, 1249, 1256, 1263, 1273, 1285, 1298, 1312]
[0, 1284, 1274, 1266, 1257, 1248, 1240, 1231, 1223, 1214, 1207, 1201, 1194, 1188, 1181, 1175, 1169, 1165, 1161, 1155, 1150, 1149, 1147, 1145, 1141, 1138, 1139, 1138, 1139, 1138, 1137, 1138, 1139, 1143, 1143, 1141, 1142, 1144, 1146, 1147, 1151, 1157, 1161, 1165, 1170, 1175, 1180, 1190, 1196, 1200, 1207, 1213, 1223, 1234, 1242, 1249, 1258, 1268, 1281, 1294, 1308]
[0, 1278, 1270, 1266, 1265, 1255, 1245, 1235, 1225, 1217, 1211, 1203, 1196, 1191, 1183, 1177, 1172, 1167, 1163, 1158, 1154, 1150, 1147, 1145, 1144, 1141, 1138, 1137, 1135, 1135, 1136, 1137, 1138, 1142, 1143, 1143, 1144, 1146, 1148, 1151, 1156, 1161, 1163, 1168, 1174, 1178, 1184, 1193, 1201, 1207, 1213, 1221, 1231, 1240, 1250, 1257, 1265, 1277, 1291, 1305, 1318]
[0, 1296, 1283, 1273, 1262, 1252, 1245, 1238, 1225, 1215, 1210, 1203, 1196, 1190, 1183, 1176, 1171, 1167, 1163, 1160, 1154, 1149, 1148, 1146, 1145, 1143, 1139, 1138, 1137, 1135, 1135, 1136, 1137, 1137, 1140, 1142, 1144, 1144, 1145, 1149, 1152, 1156, 1162, 1167, 1172, 1178, 1186, 1191, 1197, 1204, 1211, 1217, 1226, 1236, 1245, 1254, 1263, 1271, 1283, 1298, 1311]
[0, 1288, 1275, 1266, 1257, 1248, 1239, 1227, 1218, 1212, 1206, 1199, 1192, 1182, 1177, 1174, 1169, 1167, 1163, 1159, 1155, 1151, 1147, 1145, 1144, 1141, 1140, 1139, 1137, 1135, 1135, 1137, 1138, 1140, 1141, 1142, 1144, 1146, 1147, 1149, 1152, 1158, 1162, 1166, 1171, 1177, 1185, 1193, 1198, 1205, 1213, 1220, 1230, 1240, 1248, 1255, 1265, 1278, 1288, 1300, 1314]
[0, 1294, 1280, 1268, 1260, 1250, 1239, 1232, 1223, 1215, 1208, 1201, 1194, 1188, 1181, 1175, 1170, 1164, 1161, 1156, 1152, 1151, 1148, 1145, 1142, 1140, 1140, 1139, 1137, 1137, 1135, 1133, 1136, 1136, 1138, 1139, 1143, 1144, 1146, 1149, 1153, 1156, 1161, 1166, 1171, 1175, 1179, 1188, 1197, 1201, 1208, 1217, 1225, 1236, 1245, 1253, 1262, 1273, 1285, 1297, 1310]
[0, 1288, 1275, 1265, 1255, 1246, 1237, 1229, 1220, 1211, 1208, 1203, 1196, 1190, 1186, 1182, 1174, 1167, 1166, 1162, 1155, 1151, 1148, 1145, 1144, 1139, 1136, 1136, 1134, 1134, 1135, 1136, 1139, 1139, 1140, 1143, 1144, 1146, 1148, 1151, 1155, 1159, 1164, 1169, 1173, 1179, 1185, 1192, 1199, 1206, 1211, 1219, 1230, 1240, 1249, 1257, 1266, 1278, 1291, 1304, 1317]
[0, 1293, 1278, 1266, 1257, 1248, 1240, 1231, 1222, 1214, 1207, 1200, 1190, 1184, 1177, 1171, 1169, 1163, 1159, 1156, 1151, 1148, 1148, 1145, 1142, 1142, 1142, 1138, 1137, 1135, 1135, 1136, 1135, 1136, 1140, 1141, 1142, 1144, 1140, 1143, 1152, 1156, 1160, 1165, 1170, 1177, 1182, 1188, 1194, 1199, 1208, 1216, 1225, 1233, 1242, 1252, 1262, 1273, 1282, 1293, 1308]
[0, 1288, 1274, 1265, 1255, 1245, 1237, 1229, 1220, 1211, 1207, 1203, 1197, 1190, 1183, 1179, 1173, 1167, 1162, 1158, 1153, 1150, 1147, 1145, 1142, 1140, 1140, 1139, 1139, 1135, 1138, 1136, 1135, 1137, 1139, 1140, 1142, 1144, 1146, 1147, 1151, 1153, 1157, 1164, 1169, 1175, 1181, 1187, 1193, 1199, 1206, 1213, 1223, 1231, 1241, 1251, 1257, 1267, 1280, 1294, 1307]
[0, 1294, 1279, 1267, 1257, 1248, 1240, 1231, 1222, 1214, 1207, 1200, 1193, 1187, 1180, 1174, 1169, 1165, 1161, 1155, 1150, 1148, 1149, 1145, 1142, 1139, 1138, 1137, 1136, 1135, 1135, 1135, 1136, 1137, 1139, 1141, 1142, 1144, 1146, 1149, 1151, 1156, 1161, 1167, 1170, 1174, 1183, 1191, 1197, 1205, 1211, 1217, 1227, 1237, 1246, 1255, 1263, 1273, 1285, 1298, 1312]
