[0, 0, 0, 0, 0, 0, 0, 0, 0, 0, 0, 0, 0, 0, 0, 0, 0, 0, 0, 0, 0, 0, 0, 0, 0, 0, 0, 0, 0, 0, 0, 0, 0, 0, 0, 0, 0, 0, 0, 0, 0, 0, 0, 0, 0, 0, 0, 0, 0, 0, 0, 0, 0, 0, 0, 0, 0, 0, 0, 0, 0]
[0, 524, 521, 518, 514, 511, 509, 505, 502, 499, 497, 495, 493, 490, 488, 486, 485, 484, 484, 483, 482, 481, 480, 480, 477, 477, 477, 477, 477, 478, 478, 479, 480, 481, 482, 483, 484, 485, 486, 488, 490, 492, 496, 499, 502, 505, 508, 511, 514, 517, 521, 526, 530, 534, 539, 544, 549, 554, 565, 571, 577]
[0, 526, 522, 518, 515, 512, 509, 506, 504, 502, 498, 496, 494, 493, 491, 488, 486, 485, 484, 483, 481, 481, 480, 480, 478, 478, 478, 478, 478, 478, 478, 479, 480, 481, 482, 483, 484, 485, 486, 489, 491, 492, 496, 500, 502, 505, 509, 513, 515, 518, 522, 527, 531, 536, 540, 544, 550, 560, 566, 573, 580]
[0, 525, 522, 519, 515, 512, 509, 506, 503, 501, 498, 496, 494, 493, 491, 488, 486, 485, 483, 482, 481, 481, 480, 479, 480, 479, 479, 479, 479, 480, 481, 482, 482, 481, 481, 482, 483, 485, 487, 490, 494, 496, 498, 500, 502, 505, 508, 511, 516, 519, 523, 526, 530, 534, 539, 550, 555, 560, 565, 571, 577]
[0, 525, 521, 518, 516, 512, 509, 506, 502, 500, 498, 495, 494, 491, 488, 487, 485, 484, 484, 482, 482, 481, 480, 479, 479, 478, 479, 479, 478, 478, 479, 480, 480, 481, 483, 484, 484, 485, 487, 491, 493, 496, 497, 498, 503, 506, 509, 512, 516, 519, 523, 527, 531, 536, 540, 545, 555, 560, 566, 573, 580]
[0, 524, 521, 518, 516, 512, 509, 506, 502, 500, 498, 496, 495, 492, 489, 487, 487, 486, 484, 483, 482, 481, 480, 479, 478, 478, 478, 478, 479, 478, 479, 480, 481, 482, 484, 485, 485, 486, 488, 490, 492, 495, 495, 502, 504, 506, 509, 513, 515, 519, 522, 528, 534, 538, 541, 546, 553, 557, 562, 575, 580]
[0, 526, 522, 519, 515, 513, 510, 506, 504, 502, 498, 496, 495, 493, 491, 488, 486, 484, 484, 483, 481, 481, 480, 479, 479, 478, 478, 478, 479, 479, 479, 480, 481, 482, 484, 484, 485, 486, 488, 490, 492, 495, 497, 500, 504, 507, 510, 513, 516, 519, 523, 527, 531, 537, 541, 546, 552, 560, 566, 573, 580]
[0, 526, 522, 519, 515, 513, 510, 507, 504, 502, 499, 496, 495, 491, 491, 486, 486, 485, 484, 483, 481, 481, 480, 479, 479, 479, 479, 479, 480, 480, 481, 480, 481, 482, 482, 483, 484, 487, 490, 491, 493, 496, 498, 500, 503, 506, 508, 511, 514, 518, 526, 527, 535, 539, 543, 549, 554, 559, 564, 570, 576]
[0, 527, 523, 520, 517, 513, 511, 507, 504, 502, 499, 497, 495, 493, 491, 486, 485, 484, 483, 482, 482, 481, 480, 479, 479, 479, 479, 479, 479, 480, 480, 481, 482, 482, 482, 483, 484, 485, 487, 491, 493, 496, 498, 500, 503, 506, 508, 510, 515, 519, 522, 526, 531, 539, 544, 550, 555, 560, 565, 571, 577]
[0, 526, 522, 519, 516, 512, 510, 507, 504, 502, 499, 496, 494, 493, 491, 488, 486, 485, 484, 483, 481, 481, 480, 480, 479, 479, 479, 479, 480, 480, 481, 480, 481, 482, 482, 483, 484, 487, 489, 491, 493, 496, 498, 500, 503, 505, 509, 511, 515, 519, 522, 531, 531, 540, 544, 549, 554, 560, 565, 571, 577]
[0, 529, 524, 520, 516, 513, 510, 508, 506, 502, 499, 495, 494, 491, 488, 486, 485, 484, 482, 483, 482, 480, 480, 480, 480, 479, 479, 479, 479, 480, 480, 481, 482, 482, 482, 483, 484, 485, 489, 491, 494, 496, 498, 500, 503, 505, 508, 511, 515, 519, 522, 526, 531, 540, 544, 549, 554, 559, 565, 571, 577]
[0, 530, 526, 523, 520, 516, 514, 511, 505, 502, 502, 497, 494, 494, 488, 490, 487, 486, 486, 485, 484, 483, 483, 482, 479, 479, 478, 479, 479, 480, 480, 480, 481, 482, 483, 483, 486, 487, 489, 491, 493, 495, 497, 500, 503, 505, 508, 511, 515, 518, 526, 530, 535, 539, 544, 549, 554, 559, 564, 570, 577]
[0, 529, 525, 522, 518, 515, 512, 509, 506, 503, 501, 499, 497, 495, 492, 490, 489, 488, 487, 486, 485, 484, 483, 482, 482, 482, 481, 481, 481, 481, 482, 483, 484, 483, 484, 486, 488, 490, 492, 494, 496, 498, 500, 503, 505, 508, 511, 514, 518, 521, 529, 530, 536, 543, 547, 552, 557, 562, 568, 575, 581]
[0, 529, 525, 522, 518, 515, 512, 509, 506, 503, 501, 499, 497, 495, 492, 490, 489, 488, 487, 485, 484, 483, 482, 482, 482, 482, 481, 481, 482, 482, 482, 483, 484, 485, 485, 486, 488, 489, 491, 493, 494, 496, 502, 504, 507, 509, 512, 516, 519, 523, 527, 531, 535, 539, 545, 549, 555, 560, 570, 575, 584]
[0, 530, 526, 523, 520, 516, 513, 511, 505, 503, 502, 499, 496, 494, 492, 490, 488, 486, 486, 485, 483, 483, 483, 483, 482, 481, 481, 481, 481, 482, 482, 483, 484, 485, 485, 486, 487, 489, 491, 493, 494, 496, 499, 504, 506, 509, 512, 515, 519, 523, 527, 531, 535, 540, 544, 549, 559, 565, 571, 578, 584]
[0, 534, 530, 526, 523, 520, 517, 514, 509, 503, 503, 499, 499, 498, 496, 494, 493, 491, 489, 488, 487, 486, 485, 485, 482, 482, 481, 481, 481, 481, 482, 483, 483, 484, 485, 487, 488, 490, 491, 494, 495, 498, 500, 502, 505, 508, 510, 513, 517, 520, 524, 533, 537, 540, 546, 551, 556, 561, 566, 572, 580]
[0, 532, 528, 525, 521, 518, 515, 513, 510, 508, 505, 502, 500, 498, 497, 495, 493, 491, 490, 489, 488, 487, 486, 485, 484, 484, 484, 485, 485, 485, 485, 486, 487, 488, 489, 490, 492, 494, 495, 497, 499, 501, 504, 507, 509, 511, 514, 520, 517, 528, 532, 536, 541, 545, 550, 555, 559, 564, 570, 577, 584]
[0, 534, 530, 526, 523, 520, 517, 514, 511, 508, 506, 503, 499, 497, 497, 494, 493, 490, 489, 488, 487, 486, 486, 485, 485, 485, 484, 484, 485, 485, 485, 486, 486, 487, 489, 490, 491, 493, 494, 496, 500, 502, 504, 507, 510, 512, 515, 519, 522, 526, 530, 534, 537, 542, 547, 552, 562, 567, 573, 580, 587]
[0, 534, 530, 526, 523, 520, 517, 514, 511, 508, 505, 503, 499, 497, 498, 495, 493, 490, 489, 488, 487, 486, 485, 485, 484, 484, 484, 484, 485, 485, 485, 486, 486, 487, 488, 491, 491, 493, 494, 497, 499, 501, 503, 506, 509, 512, 515, 518, 521, 525, 529, 533, 537, 546, 552, 556, 561, 567, 573, 579, 586]
[0, 532, 528, 525, 522, 519, 515, 513, 510, 508, 505, 502, 500, 499, 497, 495, 493, 492, 491, 489, 488, 487, 486, 485, 484, 485, 484, 484, 485, 485, 485, 486, 486, 487, 488, 490, 491, 494, 495, 497, 500, 501, 504, 507, 509, 512, 515, 518, 521, 526, 533, 533, 537, 546, 552, 556, 561, 567, 573, 579, 586]
[0, 549, 545, 541, 538, 534, 531, 527, 525, 523, 520, 517, 515, 513, 509, 508, 506, 505, 504, 503, 502, 501, 500, 499, 485, 485, 485, 484, 485, 486, 486, 486, 487, 489, 490, 491, 493, 494, 495, 497, 500, 501, 503, 508, 511, 514, 518, 520, 523, 529, 533, 537, 541, 546, 551, 556, 560, 572, 579, 585, 592]
[0, 546, 543, 541, 539, 532, 530, 526, 523, 521, 519, 516, 513, 511, 510, 508, 507, 506, 504, 503, 503, 501, 500, 500, 499, 499, 499, 500, 499, 499, 500, 501, 502, 502, 503, 504, 506, 508, 510, 512, 514, 516, 519, 520, 523, 527, 530, 533, 537, 541, 548, 537, 557, 562, 566, 572, 578, 584, 590, 595, 602]
[0, 558, 551, 547, 539, 543, 537, 526, 531, 529, 526, 524, 522, 521, 519, 516, 514, 513, 512, 511, 510, 510, 509, 508, 499, 500, 500, 499, 499, 499, 501, 501, 502, 503, 504, 505, 507, 508, 510, 511, 513, 515, 518, 520, 523, 526, 531, 535, 539, 543, 547, 551, 555, 559, 563, 569, 575, 582, 587, 600, 607]
[0, 556, 552, 549, 545, 542, 538, 535, 532, 530, 528, 525, 523, 521, 519, 517, 515, 514, 513, 512, 511, 510, 508, 508, 507, 507, 507, 507, 507, 508, 509, 510, 502, 511, 512, 514, 515, 517, 519, 520, 522, 524, 527, 529, 531, 534, 538, 545, 548, 552, 557, 561, 565, 570, 576, 581, 587, 593, 598, 603, 617]
[0, 564, 560, 557, 554, 550, 547, 545, 542, 539, 537, 534, 532, 530, 528, 526, 523, 514, 522, 521, 520, 519, 516, 508, 508, 507, 507, 507, 507, 508, 509, 509, 510, 511, 512, 513, 515, 516, 518, 520, 521, 526, 528, 532, 534, 537, 540, 544, 548, 551, 555, 559, 564, 568, 574, 579, 585, 597, 602, 609, 615]
[0, 566, 563, 560, 556, 552, 548, 545, 544, 541, 538, 536, 532, 530, 527, 526, 524, 523, 522, 521, 520, 518, 518, 516, 515, 516, 516, 516, 516, 517, 518, 518, 519, 521, 521, 523, 524, 526, 527, 532, 534, 526, 538, 541, 544, 547, 551, 554, 557, 561, 565, 569, 574, 580, 586, 596, 601, 607, 613, 620, 627]
[0, 569, 562, 560, 555, 551, 548, 545, 543, 540, 537, 536, 533, 530, 528, 527, 526, 524, 523, 522, 521, 520, 519, 519, 516, 516, 516, 516, 517, 518, 518, 519, 520, 521, 521, 523, 524, 527, 529, 532, 534, 536, 538, 541, 545, 548, 550, 553, 557, 561, 564, 568, 579, 584, 590, 595, 600, 606, 612, 618, 625]
[0, 566, 563, 560, 557, 553, 548, 546, 544, 541, 539, 537, 535, 532, 530, 529, 527, 523, 522, 521, 521, 520, 519, 519, 519, 519, 518, 518, 517, 518, 519, 521, 522, 522, 523, 524, 525, 527, 530, 532, 534, 536, 538, 541, 543, 550, 550, 557, 560, 563, 567, 572, 577, 583, 588, 594, 600, 605, 610, 624, 625]
[0, 578, 574, 570, 566, 563, 559, 556, 554, 552, 549, 544, 535, 540, 538, 529, 535, 534, 533, 531, 530, 529, 528, 527, 517, 517, 517, 517, 517, 519, 519, 519, 521, 521, 523, 524, 527, 527, 530, 532, 534, 536, 539, 541, 545, 549, 552, 554, 557, 561, 565, 569, 574, 585, 590, 595, 601, 606, 612, 618, 626]
[0, 585, 581, 577, 573, 569, 566, 563, 560, 558, 556, 553, 551, 549, 547, 545, 544, 543, 541, 540, 539, 538, 536, 535, 526, 526, 527, 527, 527, 528, 528, 529, 530, 531, 533, 534, 527, 538, 540, 542, 544, 546, 548, 551, 554, 556, 560, 564, 566, 570, 581, 585, 574, 595, 601, 606, 611, 617, 624, 631, 639]
[0, 587, 583, 580, 575, 570, 567, 564, 562, 559, 557, 556, 553, 550, 548, 545, 544, 543, 542, 540, 539, 537, 536, 535, 535, 535, 535, 535, 536, 536, 537, 538, 539, 541, 541, 542, 544, 545, 547, 549, 551, 555, 558, 551, 564, 567, 570, 574, 579, 583, 587, 592, 597, 602, 607, 612, 623, 630, 638, 645, 652]
[0, 593, 589, 585, 581, 577, 573, 569, 567, 565, 562, 557, 555, 550, 551, 550, 549, 547, 546, 545, 543, 543, 542, 536, 535, 535, 535, 535, 535, 536, 537, 538, 539, 540, 541, 542, 544, 545, 548, 550, 553, 555, 557, 560, 562, 565, 569, 573, 578, 582, 587, 590, 595, 600, 611, 616, 622, 628, 636, 643, 650]
[0, 592, 588, 584, 579, 575, 573, 570, 567, 564, 562, 560, 557, 555, 554, 552, 551, 549, 547, 546, 543, 545, 543, 541, 541, 541, 540, 541, 542, 542, 542, 543, 546, 540, 547, 548, 550, 552, 554, 556, 558, 559, 562, 565, 568, 571, 575, 578, 583, 587, 595, 600, 604, 610, 615, 621, 627, 634, 642, 649, 655]
[0, 602, 597, 593, 590, 586, 583, 580, 577, 574, 571, 568, 566, 562, 554, 560, 557, 556, 555, 554, 553, 552, 551, 543, 541, 542, 543, 544, 544, 544, 545, 545, 547, 548, 548, 550, 552, 553, 555, 559, 558, 561, 567, 570, 573, 577, 581, 585, 589, 593, 597, 602, 607, 612, 617, 623, 636, 643, 649, 656, 664]
[0, 607, 603, 598, 595, 592, 588, 585, 583, 580, 577, 575, 569, 567, 565, 564, 563, 561, 559, 559, 558, 557, 556, 551, 550, 550, 550, 550, 551, 551, 552, 553, 554, 554, 555, 558, 552, 561, 563, 564, 566, 569, 572, 576, 579, 583, 586, 589, 593, 597, 601, 611, 615, 620, 626, 633, 640, 646, 653, 659, 666]
[0, 607, 602, 598, 594, 591, 588, 585, 582, 580, 577, 574, 569, 567, 567, 564, 563, 561, 559, 559, 558, 557, 556, 556, 556, 556, 555, 555, 555, 556, 557, 557, 558, 559, 561, 562, 564, 566, 567, 569, 572, 575, 578, 582, 584, 587, 590, 595, 598, 607, 611, 616, 621, 627, 632, 639, 645, 651, 658, 665, 672]
[0, 613, 609, 605, 600, 598, 591, 588, 586, 583, 581, 578, 575, 573, 571, 569, 567, 566, 565, 564, 562, 562, 561, 560, 556, 556, 555, 555, 555, 556, 557, 557, 558, 560, 561, 562, 564, 566, 567, 569, 572, 575, 579, 581, 584, 587, 590, 595, 598, 602, 607, 616, 621, 627, 633, 639, 645, 651, 658, 665, 673]
[0, 615, 611, 607, 603, 600, 596, 594, 591, 588, 586, 584, 581, 579, 577, 575, 574, 572, 570, 569, 567, 566, 565, 565, 560, 560, 560, 560, 560, 561, 562, 562, 564, 565, 565, 567, 568, 571, 573, 575, 577, 580, 583, 586, 589, 592, 595, 599, 607, 611, 616, 621, 626, 631, 637, 644, 650, 656, 663, 677, 673]
[0, 627, 621, 617, 613, 611, 607, 604, 601, 599, 596, 593, 591, 589, 587, 585, 583, 580, 579, 578, 576, 575, 575, 565, 565, 565, 565, 565, 565, 566, 567, 567, 568, 569, 570, 572, 574, 576, 578, 580, 583, 585, 588, 594, 596, 600, 603, 607, 611, 615, 620, 625, 631, 636, 642, 648, 654, 661, 674, 681, 689]
[0, 627, 621, 617, 613, 611, 607, 603, 601, 599, 596, 593, 591, 589, 587, 583, 583, 580, 579, 578, 576, 575, 574, 574, 574, 574, 574, 574, 575, 576, 576, 577, 578, 580, 581, 582, 584, 586, 587, 592, 595, 596, 599, 602, 605, 608, 611, 616, 620, 624, 630, 635, 640, 646, 650, 663, 670, 676, 684, 690, 698]
[0, 632, 628, 623, 619, 615, 613, 610, 607, 604, 601, 598, 596, 594, 593, 591, 589, 587, 586, 585, 584, 582, 581, 574, 574, 574, 573, 574, 575, 576, 576, 577, 578, 579, 581, 584, 586, 587, 589, 592, 594, 596, 599, 602, 605, 608, 612, 616, 620, 624, 629, 634, 645, 650, 656, 663, 670, 676, 683, 690, 698]
[0, 634, 629, 624, 620, 616, 613, 610, 608, 605, 602, 599, 596, 594, 592, 589, 588, 587, 585, 584, 583, 582, 581, 581, 581, 581, 581, 581, 582, 582, 582, 583, 585, 586, 587, 589, 590, 592, 594, 596, 598, 600, 605, 608, 612, 615, 619, 623, 627, 632, 638, 644, 648, 653, 659, 671, 670, 685, 693, 700, 707]
[0, 631, 628, 623, 619, 615, 612, 610, 606, 603, 600, 598, 596, 594, 593, 591, 589, 587, 586, 585, 584, 582, 581, 581, 581, 580, 581, 581, 581, 582, 583, 583, 584, 585, 587, 590, 590, 593, 595, 597, 600, 602, 605, 608, 610, 613, 617, 621, 626, 631, 636, 647, 652, 657, 663, 669, 675, 682, 690, 698, 706]
[0, 643, 639, 635, 630, 626, 623, 620, 617, 614, 612, 609, 607, 604, 603, 601, 599, 598, 596, 585, 594, 593, 592, 581, 581, 581, 581, 581, 581, 582, 582, 583, 585, 586, 587, 589, 590, 592, 594, 596, 600, 602, 605, 608, 611, 615, 618, 623, 627, 633, 639, 644, 648, 653, 659, 672, 675, 684, 693, 701, 707]
[0, 643, 638, 634, 629, 626, 622, 619, 616, 614, 612, 609, 606, 604, 602, 600, 598, 598, 597, 596, 595, 593, 593, 593, 592, 592, 592, 592, 592, 592, 593, 594, 595, 596, 597, 599, 595, 597, 604, 609, 600, 613, 616, 619, 622, 627, 632, 636, 641, 646, 650, 655, 660, 666, 678, 672, 692, 699, 706, 713, 720]
[0, 662, 657, 652, 645, 642, 638, 635, 632, 629, 626, 623, 620, 618, 616, 615, 613, 612, 610, 609, 609, 608, 607, 593, 592, 592, 592, 593, 593, 594, 594, 595, 596, 597, 598, 592, 593, 603, 606, 607, 609, 611, 617, 619, 623, 628, 633, 638, 643, 648, 651, 656, 662, 668, 674, 680, 686, 702, 708, 715, 724]
[0, 660, 655, 651, 648, 645, 642, 638, 634, 631, 628, 625, 623, 620, 618, 614, 613, 612, 610, 609, 608, 607, 607, 607, 592, 592, 606, 607, 607, 608, 609, 610, 610, 611, 613, 592, 593, 615, 619, 622, 624, 627, 630, 634, 638, 646, 650, 654, 659, 663, 668, 673, 679, 685, 692, 699, 705, 712, 718, 735, 743]
[0, 668, 664, 659, 656, 652, 649, 645, 642, 639, 637, 633, 627, 620, 622, 621, 620, 618, 617, 616, 615, 614, 614, 605, 603, 605, 607, 607, 607, 607, 608, 609, 610, 612, 613, 592, 593, 616, 620, 622, 626, 629, 632, 636, 640, 643, 647, 651, 656, 666, 668, 675, 681, 687, 694, 700, 707, 713, 720, 729, 737]
[0, 669, 664, 660, 656, 652, 647, 643, 639, 637, 633, 630, 628, 626, 623, 621, 620, 618, 617, 615, 615, 614, 614, 613, 603, 605, 613, 613, 613, 613, 614, 616, 617, 619, 613, 592, 593, 624, 628, 631, 633, 636, 639, 643, 650, 654, 658, 662, 667, 671, 676, 682, 688, 694, 701, 707, 713, 720, 727, 744, 752]
[0, 672, 667, 664, 660, 656, 652, 649, 647, 644, 641, 639, 636, 632, 630, 627, 624, 622, 621, 620, 619, 619, 618, 614, 603, 605, 613, 613, 613, 614, 615, 616, 617, 618, 613, 592, 593, 623, 628, 630, 633, 635, 639, 643, 650, 653, 658, 662, 667, 671, 676, 681, 687, 694, 700, 707, 713, 727, 735, 744, 752]
[0, 674, 669, 665, 660, 657, 654, 651, 645, 643, 639, 636, 633, 631, 629, 628, 626, 624, 622, 621, 620, 619, 619, 617, 603, 605, 618, 618, 618, 618, 619, 620, 622, 624, 613, 592, 593, 629, 634, 637, 639, 642, 646, 650, 653, 656, 661, 665, 669, 678, 676, 690, 696, 702, 708, 715, 722, 729, 736, 745, 754]
[0, 693, 689, 685, 680, 677, 673, 670, 667, 663, 660, 654, 652, 649, 648, 646, 646, 644, 642, 641, 641, 640, 640, 618, 603, 605, 618, 618, 618, 619, 621, 621, 622, 625, 613, 592, 593, 630, 634, 636, 639, 642, 645, 648, 652, 655, 659, 668, 673, 678, 683, 689, 695, 701, 708, 713, 719, 726, 734, 743, 751]
[0, 706, 701, 696, 692, 688, 683, 680, 677, 674, 671, 669, 665, 663, 661, 659, 657, 656, 655, 654, 651, 651, 651, 639, 0, 0, 0, 637, 638, 639, 641, 621, 643, 625, 613, 592, 593, 648, 653, 656, 658, 662, 666, 669, 673, 677, 685, 691, 696, 701, 706, 712, 717, 723, 730, 737, 744, 752, 760, 768, 786]
[0, 705, 701, 697, 692, 688, 684, 680, 677, 675, 672, 669, 666, 663, 659, 657, 656, 655, 654, 653, 652, 652, 650, 650, 0, 0, 0, 637, 0, 650, 651, 653, 653, 0, 613, 592, 593, 663, 665, 668, 672, 676, 679, 682, 687, 691, 696, 701, 706, 710, 715, 721, 726, 732, 746, 755, 762, 769, 777, 785, 795]
[0, 705, 701, 696, 692, 688, 684, 680, 677, 675, 672, 669, 666, 663, 661, 657, 655, 655, 654, 653, 652, 652, 650, 650, 0, 0, 550, 0, 649, 650, 651, 651, 653, 0, 613, 592, 593, 0, 665, 667, 671, 675, 678, 681, 686, 690, 695, 700, 705, 710, 719, 725, 731, 738, 745, 754, 761, 768, 775, 783, 793]
[0, 704, 699, 695, 692, 686, 682, 679, 676, 673, 670, 667, 665, 663, 660, 658, 657, 656, 655, 654, 653, 652, 651, 650, 0, 0, 550, 0, 0, 650, 651, 652, 653, 0, 613, 592, 658, 663, 665, 667, 672, 676, 678, 682, 686, 691, 695, 700, 705, 710, 714, 720, 732, 738, 746, 754, 762, 769, 777, 784, 793]
[0, 723, 719, 715, 711, 707, 704, 701, 697, 693, 689, 687, 684, 682, 679, 677, 675, 675, 674, 671, 670, 668, 667, 651, 0, 0, 0, 648, 650, 650, 652, 654, 653, 0, 613, 592, 658, 659, 665, 667, 670, 673, 677, 684, 689, 694, 699, 703, 708, 713, 718, 723, 730, 736, 742, 750, 757, 765, 781, 790, 800]
[0, 726, 720, 713, 709, 706, 703, 699, 696, 693, 690, 686, 683, 680, 678, 677, 675, 674, 674, 673, 671, 670, 669, 667, 0, 0, 0, 553, 541, 650, 0, 0, 538, 0, 0, 0, 658, 684, 687, 690, 693, 698, 702, 705, 709, 713, 716, 721, 726, 732, 738, 744, 750, 764, 770, 778, 786, 794, 804, 812, 820]
[0, 735, 729, 720, 716, 712, 709, 706, 703, 700, 697, 694, 692, 688, 686, 684, 682, 681, 680, 679, 678, 676, 675, 668, 663, 0, 0, 547, 0, 670, 0, 0, 534, 541, 0, 0, 658, 0, 684, 687, 690, 694, 698, 702, 711, 714, 718, 723, 729, 735, 740, 746, 752, 759, 767, 773, 780, 789, 798, 816, 824]
[0, 730, 729, 720, 716, 712, 709, 706, 703, 700, 697, 694, 692, 689, 686, 684, 683, 681, 680, 679, 678, 676, 675, 675, 672, 0, 0, 552, 541, 536, 534, 534, 538, 541, 0, 0, 658, 0, 692, 696, 699, 702, 705, 714, 716, 720, 725, 731, 736, 742, 748, 755, 761, 767, 774, 782, 797, 805, 815, 823, 830]
[0, 739, 733, 729, 725, 721, 717, 714, 712, 708, 706, 703, 700, 697, 695, 693, 692, 688, 687, 679, 684, 683, 682, 675, 674, 0, 0, 553, 541, 536, 535, 535, 537, 543, 0, 0, 658, 0, 692, 695, 699, 702, 709, 713, 716, 720, 725, 731, 736, 742, 748, 755, 761, 767, 773, 789, 796, 805, 814, 823, 830]
[0, 742, 736, 732, 728, 723, 720, 716, 709, 707, 705, 702, 699, 695, 693, 693, 691, 688, 687, 686, 685, 684, 683, 682, 674, 0, 0, 0, 550, 541, 537, 540, 547, 543, 0, 0, 658, 700, 702, 705, 708, 712, 717, 720, 722, 728, 733, 738, 744, 750, 757, 763, 774, 781, 789, 797, 805, 814, 822, 830, 837]
[0, 771, 766, 762, 757, 753, 744, 740, 736, 733, 731, 728, 725, 724, 721, 720, 718, 716, 714, 713, 713, 713, 712, 683, 0, 0, 0, 555, 544, 539, 537, 539, 543, 543, 0, 0, 658, 0, 701, 705, 707, 711, 714, 717, 722, 727, 732, 736, 749, 754, 759, 766, 772, 778, 785, 794, 802, 810, 819, 827, 834]
[0, 770, 766, 761, 757, 752, 748, 743, 736, 734, 731, 728, 725, 724, 720, 718, 717, 715, 715, 714, 713, 712, 711, 712, 703, 0, 0, 0, 564, 557, 554, 554, 559, 543, 0, 0, 658, 0, 730, 733, 736, 739, 744, 748, 757, 762, 767, 772, 778, 783, 790, 797, 804, 811, 819, 826, 833, 851, 860, 868, 876]
[0, 771, 765, 760, 756, 753, 748, 744, 740, 737, 734, 731, 728, 726, 723, 721, 718, 716, 714, 714, 713, 712, 713, 712, 0, 0, 0, 575, 562, 556, 554, 556, 560, 543, 0, 0, 658, 0, 731, 734, 736, 739, 744, 749, 752, 757, 763, 774, 780, 785, 793, 800, 806, 813, 820, 827, 834, 843, 853, 862, 869]
[0, 781, 777, 772, 766, 763, 759, 755, 751, 747, 740, 737, 735, 734, 731, 728, 727, 726, 724, 724, 723, 722, 721, 705, 0, 0, 0, 571, 560, 555, 553, 556, 563, 543, 0, 0, 658, 0, 733, 735, 739, 742, 746, 751, 756, 761, 765, 770, 775, 781, 787, 802, 808, 815, 822, 830, 836, 845, 855, 864, 872]
[0, 783, 772, 768, 763, 759, 755, 753, 749, 745, 742, 738, 736, 733, 732, 730, 728, 726, 724, 722, 722, 721, 721, 713, 0, 0, 0, 582, 569, 562, 560, 561, 566, 543, 0, 0, 658, 0, 742, 745, 748, 752, 758, 762, 765, 769, 774, 779, 791, 798, 804, 810, 818, 825, 831, 838, 846, 857, 866, 874, 881]
[0, 790, 784, 779, 770, 759, 762, 759, 756, 752, 749, 746, 743, 741, 739, 737, 735, 733, 731, 731, 730, 729, 729, 720, 0, 0, 0, 0, 572, 564, 560, 561, 565, 543, 0, 0, 658, 0, 740, 744, 748, 751, 759, 764, 768, 773, 779, 784, 789, 796, 803, 809, 816, 823, 829, 835, 854, 863, 871, 878, 887]
[0, 807, 801, 795, 791, 787, 783, 780, 775, 772, 769, 766, 763, 761, 759, 757, 755, 751, 749, 748, 748, 748, 744, 726, 0, 0, 0, 0, 577, 568, 564, 564, 569, 543, 0, 0, 658, 0, 749, 752, 755, 762, 766, 770, 776, 780, 785, 790, 796, 803, 808, 815, 824, 830, 835, 854, 862, 869, 876, 885, 894]
[0, 825, 819, 814, 809, 806, 802, 798, 795, 791, 785, 781, 779, 776, 774, 772, 770, 769, 768, 767, 765, 765, 761, 0, 0, 0, 0, 597, 585, 578, 576, 578, 585, 543, 0, 0, 658, 0, 769, 772, 777, 781, 785, 790, 795, 800, 805, 810, 822, 827, 832, 839, 847, 855, 863, 870, 878, 886, 894, 902, 911]
[0, 825, 819, 814, 809, 806, 802, 798, 794, 791, 788, 781, 779, 776, 774, 771, 770, 769, 768, 766, 765, 765, 755, 0, 0, 0, 0, 613, 599, 591, 588, 588, 593, 603, 637, 655, 0, 783, 788, 793, 796, 799, 804, 808, 817, 822, 827, 832, 836, 843, 850, 858, 865, 872, 879, 887, 894, 902, 922, 932, 942]
[0, 824, 819, 814, 810, 806, 802, 797, 793, 790, 788, 785, 781, 776, 774, 771, 770, 769, 768, 766, 765, 765, 0, 0, 0, 0, 0, 0, 598, 590, 587, 588, 593, 604, 621, 639, 0, 785, 788, 793, 797, 801, 805, 809, 814, 823, 828, 833, 837, 843, 851, 860, 867, 874, 881, 888, 896, 905, 914, 923, 944]
[0, 836, 832, 830, 826, 821, 817, 813, 811, 807, 803, 798, 795, 793, 792, 790, 787, 787, 786, 785, 785, 784, 0, 0, 0, 0, 0, 0, 597, 590, 587, 588, 593, 604, 621, 658, 0, 785, 789, 792, 796, 801, 805, 809, 814, 819, 823, 833, 837, 843, 851, 860, 867, 874, 881, 888, 896, 905, 914, 923, 944]
[0, 856, 850, 843, 838, 836, 827, 824, 822, 818, 814, 813, 810, 809, 806, 803, 802, 801, 799, 798, 797, 796, 0, 730, 0, 0, 0, 0, 606, 601, 599, 599, 605, 615, 628, 658, 0, 806, 810, 814, 817, 822, 826, 829, 833, 844, 823, 856, 863, 869, 873, 879, 887, 895, 903, 911, 920, 930, 938, 947, 957]
[0, 857, 845, 839, 836, 832, 828, 824, 822, 818, 814, 812, 810, 808, 805, 804, 803, 801, 799, 798, 797, 796, 0, 0, 0, 0, 0, 0, 612, 605, 603, 604, 607, 615, 644, 662, 0, 815, 820, 824, 827, 830, 833, 844, 849, 855, 861, 866, 871, 876, 881, 888, 897, 905, 913, 922, 931, 939, 947, 968, 981]
[0, 850, 845, 839, 836, 832, 828, 825, 822, 818, 814, 812, 810, 808, 805, 804, 803, 801, 799, 798, 796, 796, 786, 0, 716, 0, 657, 0, 615, 606, 603, 604, 607, 614, 643, 659, 0, 814, 819, 824, 827, 835, 838, 843, 849, 854, 860, 866, 870, 875, 881, 887, 896, 905, 913, 921, 930, 947, 957, 967, 980]
[0, 880, 875, 871, 867, 863, 858, 854, 850, 846, 843, 840, 837, 835, 833, 832, 830, 828, 827, 826, 826, 825, 786, 0, 722, 0, 0, 631, 616, 606, 603, 606, 612, 624, 639, 655, 0, 814, 0, 826, 829, 833, 836, 841, 848, 853, 860, 865, 869, 874, 880, 887, 893, 901, 920, 928, 937, 945, 955, 967, 979]
[0, 882, 876, 872, 868, 864, 860, 856, 851, 848, 843, 840, 836, 834, 833, 831, 829, 828, 827, 826, 826, 826, 0, 0, 738, 0, 0, 0, 619, 610, 611, 614, 621, 631, 645, 661, 841, 846, 851, 856, 861, 864, 868, 872, 876, 882, 888, 892, 897, 903, 919, 928, 936, 942, 950, 959, 969, 980, 993, 1003, 1013]
[0, 880, 875, 870, 866, 863, 859, 854, 850, 845, 843, 840, 837, 834, 833, 832, 830, 828, 827, 826, 826, 825, 0, 742, 0, 0, 0, 0, 615, 609, 610, 613, 618, 628, 640, 656, 841, 0, 850, 854, 859, 864, 868, 871, 876, 880, 891, 892, 902, 909, 917, 925, 934, 942, 950, 957, 966, 978, 991, 1000, 1010]
[0, 882, 876, 872, 868, 864, 860, 856, 852, 848, 844, 840, 836, 834, 833, 831, 829, 828, 827, 827, 826, 826, 0, 739, 0, 0, 0, 0, 616, 612, 610, 612, 621, 632, 646, 663, 844, 0, 853, 857, 862, 866, 869, 873, 878, 883, 889, 895, 900, 906, 913, 920, 939, 944, 952, 962, 973, 983, 993, 1004, 1015]
[0, 885, 879, 871, 867, 863, 860, 856, 850, 846, 842, 839, 837, 834, 833, 832, 831, 829, 828, 828, 828, 828, 0, 742, 0, 0, 0, 0, 615, 609, 610, 614, 619, 628, 641, 657, 844, 0, 851, 855, 860, 864, 869, 872, 876, 882, 888, 892, 897, 911, 918, 927, 936, 943, 950, 959, 971, 983, 993, 1003, 1013]
[0, 929, 922, 916, 910, 906, 902, 897, 890, 887, 884, 881, 879, 877, 875, 873, 873, 872, 870, 870, 871, 870, 0, 0, 0, 0, 0, 0, 620, 611, 610, 612, 616, 623, 635, 657, 0, 847, 851, 856, 860, 868, 871, 875, 879, 885, 890, 895, 902, 908, 915, 923, 931, 939, 955, 966, 977, 987, 998, 1006, 1016]
[0, 926, 920, 914, 908, 903, 899, 896, 892, 889, 886, 883, 880, 878, 876, 873, 872, 871, 871, 870, 870, 870, 0, 0, 0, 670, 654, 636, 623, 617, 619, 622, 627, 638, 651, 666, 0, 0, 893, 896, 900, 904, 909, 921, 927, 933, 939, 945, 952, 958, 967, 978, 986, 994, 1002, 1010, 1020, 1043, 1055, 1068, 1081]
[0, 952, 946, 941, 937, 927, 923, 919, 915, 912, 909, 907, 904, 901, 897, 895, 895, 893, 892, 892, 892, 892, 891, 769, 0, 0, 650, 636, 619, 617, 619, 624, 631, 641, 651, 0, 887, 891, 895, 899, 902, 907, 913, 918, 924, 930, 935, 940, 947, 960, 969, 980, 989, 996, 1004, 1015, 1024, 1034, 1046, 1060, 1073]
[0, 964, 957, 951, 946, 943, 934, 930, 927, 924, 919, 917, 916, 913, 910, 908, 907, 906, 905, 904, 904, 902, 902, 0, 0, 670, 656, 0, 625, 622, 621, 624, 631, 646, 658, 670, 887, 0, 919, 923, 933, 939, 943, 948, 952, 956, 963, 972, 982, 990, 996, 1004, 1011, 1019, 1030, 1040, 1063, 1074, 1085, 1099, 1112]
[0, 961, 955, 950, 945, 941, 937, 932, 928, 926, 922, 918, 916, 914, 910, 909, 906, 905, 905, 904, 903, 902, 902, 0, 0, 670, 654, 636, 625, 622, 623, 627, 637, 650, 658, 0, 925, 929, 933, 937, 940, 945, 950, 960, 966, 973, 982, 989, 995, 1003, 1011, 1019, 1028, 1037, 1047, 1059, 1069, 1080, 1092, 1118, 1132]
[0, 963, 957, 951, 946, 943, 934, 930, 927, 924, 919, 917, 916, 912, 909, 908, 907, 906, 905, 904, 903, 901, 0, 0, 0, 0, 660, 645, 630, 623, 623, 625, 637, 0, 667, 0, 926, 930, 935, 938, 942, 947, 952, 956, 963, 970, 976, 984, 992, 999, 1014, 1023, 1031, 1040, 1051, 1063, 1074, 1085, 1098, 1112, 1124]
[0, 1006, 1000, 995, 987, 982, 979, 973, 963, 960, 958, 955, 952, 951, 950, 948, 946, 945, 944, 945, 945, 944, 944, 795, 0, 669, 654, 636, 625, 622, 623, 627, 637, 650, 667, 0, 925, 929, 933, 937, 940, 950, 952, 960, 965, 971, 980, 989, 995, 1003, 1010, 1017, 1027, 1036, 1045, 1055, 1068, 1090, 1102, 1115, 1128]
[0, 1010, 1002, 999, 995, 989, 986, 981, 977, 972, 968, 965, 962, 958, 956, 955, 953, 952, 951, 951, 951, 951, 944, 943, 0, 672, 0, 638, 633, 631, 634, 627, 637, 0, 672, 0, 971, 976, 981, 985, 991, 1001, 1005, 1012, 1019, 1024, 1031, 1040, 1047, 1056, 1066, 1074, 1083, 1093, 1105, 1117, 1143, 1154, 1166, 1179, 1193]
[0, 1017, 1010, 1000, 995, 990, 986, 982, 978, 973, 969, 966, 964, 962, 960, 958, 956, 955, 954, 953, 953, 951, 950, 0, 0, 0, 664, 646, 637, 635, 640, 627, 637, 0, 678, 0, 979, 984, 988, 992, 996, 1000, 1005, 1012, 1018, 1024, 1037, 1044, 1052, 1061, 1069, 1079, 1089, 1100, 1111, 1121, 1135, 1149, 1159, 1170, 1196]
[0, 1069, 1062, 1057, 1052, 1047, 1042, 1037, 1033, 1028, 1026, 1023, 1020, 1019, 1017, 1014, 1013, 1010, 1010, 1010, 1010, 1010, 952, 0, 0, 0, 657, 642, 635, 635, 637, 641, 662, 0, 678, 0, 0, 987, 991, 996, 1001, 1005, 1011, 1017, 1023, 1030, 1036, 1042, 1050, 1060, 1076, 1085, 1094, 1106, 1120, 1132, 1143, 1156, 1167, 1179, 1193]
[0, 1069, 1062, 1057, 1051, 1046, 1042, 1037, 1032, 1028, 1026, 1023, 1021, 1019, 1017, 1013, 1011, 1010, 1011, 1010, 1010, 1010, 1011, 1012, 0, 0, 657, 642, 0, 649, 652, 0, 682, 689, 0, 1039, 1043, 1046, 1050, 1056, 1061, 1067, 1075, 1079, 1084, 1090, 1098, 1107, 1117, 1138, 1150, 1160, 1170, 1180, 1189, 1198, 1209, 1224, 1239, 1253, 1265]
[0, 1088, 1076, 1070, 1065, 1060, 1055, 1050, 1047, 1043, 1039, 1036, 1034, 1033, 1030, 1029, 1029, 1028, 1024, 1023, 1025, 1025, 1025, 1012, 0, 0, 657, 642, 0, 651, 654, 666, 681, 689, 0, 1038, 1043, 1046, 1050, 1056, 1061, 1067, 1074, 1079, 1083, 1090, 1098, 1107, 1116, 1126, 1150, 1160, 1169, 1179, 1189, 1198, 1209, 1224, 1239, 1252, 1265]
[0, 1084, 1077, 1071, 1068, 1063, 1060, 1055, 1048, 1043, 1041, 1037, 1035, 1033, 1031, 1029, 1027, 1026, 1027, 1026, 1026, 1026, 1026, 1028, 0, 0, 657, 642, 661, 652, 654, 666, 0, 0, 700, 0, 1056, 1060, 1063, 1074, 1078, 1083, 1089, 1096, 1104, 1110, 1119, 1130, 1139, 1149, 1158, 1168, 1177, 1189, 1208, 1221, 1235, 1249, 1263, 1277, 1292]
[0, 1083, 1076, 1071, 1065, 1061, 1057, 1051, 1046, 1044, 1040, 1037, 1035, 1033, 1032, 1031, 1029, 1028, 1026, 1025, 1025, 1025, 1028, 1028, 0, 0, 657, 642, 0, 652, 653, 0, 686, 694, 0, 1054, 1057, 1063, 1067, 1070, 1077, 1083, 1088, 1094, 1101, 1108, 1115, 1135, 1145, 1154, 1164, 1173, 1181, 1190, 1203, 1214, 1226, 1239, 1254, 1271, 1302]
[0, 1116, 1110, 1103, 1097, 1092, 1086, 1081, 1079, 1075, 1072, 1068, 1065, 1064, 1061, 1060, 1059, 1058, 1058, 1057, 1054, 1055, 1025, 1027, 0, 0, 657, 642, 0, 652, 654, 657, 0, 695, 0, 1054, 1059, 1062, 1067, 1072, 1077, 1082, 1088, 1095, 1102, 1109, 1116, 1125, 1136, 1147, 1166, 1175, 1184, 1196, 1206, 1219, 1235, 1246, 1258, 1273, 1291]
[0, 1114, 1106, 1100, 1095, 1089, 1083, 1080, 1077, 1073, 1070, 1068, 1064, 1062, 1061, 1059, 1058, 1058, 1056, 1056, 1056, 1055, 1057, 1056, 0, 0, 657, 642, 0, 659, 654, 0, 0, 703, 0, 1080, 1086, 1092, 1097, 1103, 1110, 1117, 1123, 1130, 1145, 1154, 1160, 1167, 1177, 1187, 1200, 1210, 1219, 1231, 1243, 1256, 1271, 1284, 1298, 1273, 0]
[0, 1162, 1156, 1150, 1145, 1138, 1132, 1127, 1122, 1119, 1115, 1112, 1110, 1108, 1109, 1107, 1108, 1109, 1105, 1101, 1103, 1102, 1054, 1056, 0, 0, 657, 642, 0, 0, 659, 0, 0, 0, 0, 1083, 1088, 1095, 1100, 1105, 1111, 1118, 1125, 1132, 1138, 1147, 1158, 1163, 1169, 1189, 1200, 1211, 1223, 1237, 1248, 1261, 1274, 1288, 1304, 1273, 1326]
[0, 1161, 1155, 1148, 1142, 1137, 1134, 1128, 1124, 1119, 1115, 1113, 1110, 1107, 1106, 1110, 1112, 1111, 1107, 1102, 1102, 1101, 1104, 1108, 0, 0, 0, 642, 0, 0, 0, 0, 0, 0, 1132, 1139, 1143, 1147, 1155, 1161, 1166, 1173, 1179, 1183, 1189, 1198, 1217, 1225, 1235, 1247, 1257, 1268, 1279, 1288, 1302, 1321, 1339, 1354, 1371, 1384, 1394]
[0, 1163, 1156, 1151, 1145, 1138, 1132, 1127, 1123, 1119, 1116, 1112, 1110, 1108, 1109, 1109, 1110, 1109, 1104, 1102, 1105, 1105, 1103, 1109, 0, 0, 718, 732, 0, 0, 0, 685, 702, 0, 0, 0, 1144, 1151, 1157, 1164, 1171, 1174, 1179, 1184, 1191, 1203, 1211, 1222, 1233, 1244, 1252, 1260, 1272, 1294, 1312, 1330, 1344, 1360, 1377, 1390, 1401]
[0, 1183, 1177, 1171, 1166, 1162, 1157, 1153, 1148, 1142, 1139, 1140, 1136, 1135, 1135, 1133, 1132, 1134, 1128, 1123, 1130, 1131, 1104, 1108, 0, 0, 0, 732, 0, 0, 0, 685, 0, 0, 1133, 1139, 1143, 1150, 1158, 1161, 1165, 1173, 1180, 1183, 1188, 1196, 1207, 1227, 1237, 1247, 1258, 1268, 1279, 1292, 1305, 1323, 1341, 1354, 1372, 1387, 1397]
[0, 1181, 1173, 1168, 1165, 1161, 1157, 1151, 1146, 1140, 1138, 1139, 1135, 1134, 1135, 1134, 1132, 1129, 1126, 1127, 1133, 1133, 1130, 1134, 1137, 0, 728, 732, 0, 1134, 0, 704, 0, 1151, 1156, 1161, 1167, 1172, 1176, 1180, 1186, 1192, 1201, 1207, 1215, 1224, 1245, 1255, 1266, 1276, 1284, 1293, 1305, 1321, 1338, 1353, 1368, 1382, 1398, 1413, 1426]
[0, 1201, 1194, 1186, 1181, 1171, 1167, 1163, 1162, 1160, 1157, 1156, 1155, 1153, 1151, 1148, 1146, 1145, 1142, 1141, 1142, 1141, 1141, 1132, 1135, 0, 0, 733, 0, 1137, 0, 0, 709, 0, 1157, 1162, 1167, 1172, 1176, 1180, 1187, 1198, 1204, 1211, 1221, 1226, 1236, 1249, 1259, 1268, 1286, 1298, 1309, 1324, 1342, 1358, 1372, 1387, 1401, 1417, 1426]
[0, 1198, 1193, 1187, 1179, 1173, 1169, 1165, 1162, 1160, 1159, 1156, 1157, 1158, 1153, 1148, 1147, 1144, 1142, 1140, 1140, 1142, 1143, 1145, 1147, 0, 0, 0, 1151, 1153, 0, 0, 0, 1164, 1169, 1173, 1178, 1188, 1194, 1197, 1202, 1210, 1218, 1226, 1236, 1246, 1256, 1266, 1275, 1284, 1292, 1316, 1331, 1346, 1361, 1379, 1394, 1410, 1425, 1417, 1451]
[0, 1240, 1234, 1228, 1223, 1216, 1208, 1203, 1200, 1197, 1193, 1189, 1186, 1183, 1181, 1181, 1181, 1180, 1180, 1180, 1181, 1182, 1141, 1143, 1148, 0, 746, 0, 0, 1151, 0, 1158, 1164, 1166, 1170, 1176, 1179, 1185, 1191, 1194, 1200, 1206, 1215, 1223, 1233, 1242, 1250, 1272, 1280, 1287, 1297, 1311, 1328, 1343, 1355, 1369, 1386, 1404, 1422, 1417, 1447]
[0, 1242, 1236, 1231, 1224, 1218, 1212, 1207, 1203, 1199, 1195, 1190, 1187, 1182, 1181, 1180, 1180, 1180, 1179, 1179, 1180, 1181, 1180, 1179, 1181, 1182, 1183, 1184, 1186, 1188, 1191, 1194, 1198, 1201, 1210, 1215, 1221, 1227, 1234, 1240, 1245, 1249, 1253, 1262, 1271, 1277, 1282, 1288, 1298, 1321, 1333, 1346, 1358, 1369, 1381, 1394, 1405, 1417, 1433, 1454, 1468]
[0, 1297, 1288, 1281, 1273, 1265, 1259, 1253, 1248, 1242, 1231, 1226, 1220, 1215, 1212, 1209, 1206, 1203, 1199, 1198, 1197, 1195, 1183, 1183, 1181, 1181, 1182, 1183, 1186, 1188, 1191, 1198, 1201, 1206, 1212, 1217, 1221, 1228, 1232, 1238, 1245, 1249, 1254, 1262, 1271, 1277, 1282, 1288, 1298, 1311, 1333, 1345, 1358, 1369, 1381, 1394, 1405, 1417, 1433, 1454, 1468]
[0, 1292, 1285, 1278, 1270, 1261, 1254, 1249, 1245, 1239, 1233, 1228, 1225, 1219, 1215, 1210, 1206, 1205, 1201, 1197, 1196, 1196, 1195, 1195, 1195, 1195, 1195, 1195, 1196, 1198, 1200, 1202, 1205, 1208, 1211, 1216, 1220, 1222, 1228, 1234, 1240, 1247, 1253, 1259, 1263, 1277, 1284, 1293, 1303, 1313, 1323, 1335, 1349, 1361, 1372, 1386, 1401, 1411, 1423, 1443, 0]
[0, 1295, 1287, 1278, 1270, 1264, 1258, 1252, 1247, 1241, 1235, 1230, 1226, 1220, 1215, 1207, 1204, 1201, 1199, 1198, 1197, 1195, 1196, 1194, 1193, 1194, 1195, 1196, 1197, 1198, 1199, 1200, 1204, 1207, 1209, 1214, 1218, 1227, 1232, 1237, 1242, 1247, 1253, 1260, 1268, 1274, 1281, 1288, 1296, 1307, 1317, 1329, 1342, 1354, 1375, 1391, 1406, 1420, 1435, 1451, 1470]
[0, 1297, 1288, 1281, 1274, 1265, 1259, 1252, 1246, 1236, 1231, 1226, 1220, 1216, 1212, 1208, 1206, 1203, 1199, 1198, 1197, 1195, 1194, 1194, 1193, 1193, 1195, 1195, 1197, 1198, 1197, 1200, 1201, 1202, 1211, 1216, 1221, 1227, 1231, 1237, 1244, 1249, 1254, 1260, 1265, 1270, 1278, 1287, 1308, 1315, 1326, 1338, 1349, 1363, 1377, 1389, 1401, 1414, 1432, 1447, 1462]
[0, 1292, 1284, 1277, 1269, 1261, 1253, 1248, 1243, 1237, 1233, 1228, 1222, 1217, 1211, 1207, 1204, 1203, 1200, 1197, 1195, 1195, 1195, 1195, 1195, 1194, 1195, 1194, 1196, 1197, 1200, 1203, 1205, 1208, 1211, 1215, 1219, 1226, 1231, 1235, 1240, 1247, 1252, 1258, 1263, 1277, 1284, 1292, 1303, 1313, 1324, 1336, 1349, 1360, 1372, 1386, 1400, 1410, 1424, 1443, 1495]
[0, 1296, 1287, 1280, 1273, 1265, 1258, 1252, 1247, 1241, 1230, 1225, 1220, 1216, 1211, 1208, 1205, 1202, 1198, 1198, 1196, 1195, 1196, 1194, 1193, 1194, 1194, 1193, 1194, 1197, 1199, 1200, 1201, 1204, 1209, 1211, 1215, 1227, 1231, 1236, 1241, 1246, 1253, 1259, 1267, 1273, 1280, 1287, 1296, 1307, 1317, 1329, 1342, 1354, 1375, 1388, 1402, 1419, 1435, 1451, 1470]
[0, 1291, 1283, 1276, 1269, 1263, 1255, 1247, 1244, 1238, 1232, 1227, 1221, 1215, 1211, 1208, 1206, 1204, 1200, 1197, 1195, 1195, 1195, 1195, 1194, 1194, 1194, 1194, 1195, 1197, 1199, 1201, 1203, 1207, 1210, 1214, 1219, 1222, 1228, 1235, 1240, 1246, 1251, 1257, 1263, 1269, 1276, 1291, 1300, 1310, 1323, 1335, 1348, 1360, 1371, 1386, 1400, 1410, 1424, 1443, 1460]
[0, 1294, 1286, 1279, 1271, 1263, 1257, 1252, 1247, 1241, 1235, 1230, 1219, 1213, 1210, 1207, 1202, 1198, 1198, 1197, 1197, 1196, 1195, 1193, 1190, 1190, 1194, 1193, 1194, 1197, 1198, 1200, 1201, 1204, 1209, 1210, 1215, 1224, 1228, 1234, 1239, 1247, 1253, 1258, 1265, 1272, 1280, 1287, 1295, 1307, 1316, 1328, 1341, 1353, 1375, 1388, 1400, 1413, 1431, 1448, 1467]
[0, 1298, 1287, 1275, 1267, 1260, 1252, 1247, 1242, 1235, 1229, 1224, 1220, 1217, 1212, 1207, 1204, 1201, 1200, 1197, 1195, 1194, 1194, 1194, 1192, 1192, 1192, 1192, 1193, 1195, 1197, 1199, 1203, 1207, 1209, 1213, 1218, 1222, 1226, 1231, 1239, 1246, 1251, 1256, 1263, 1269, 1283, 1291, 1300, 1310, 1322, 1334, 1347, 1359, 1371, 1385, 1399, 1410, 1424, 1440, 1458]
[0, 1297, 1287, 1281, 1266, 1259, 1252, 1246, 1241, 1236, 1230, 1224, 1220, 1215, 1211, 1206, 1203, 1201, 1199, 1198, 1195, 1194, 1193, 1194, 1193, 1192, 1192, 1193, 1194, 1198, 1199, 1199, 1203, 1207, 1209, 1213, 1218, 1222, 1224, 1228, 1235, 1248, 1252, 1259, 1267, 1274, 1281, 1289, 1297, 1307, 1318, 1330, 1343, 1353, 1365, 1376, 1389, 1418, 1434, 1452, 1475]
[0, 1291, 1284, 1277, 1269, 1262, 1257, 1251, 1244, 1238, 1234, 1227, 1219, 1216, 1211, 1206, 1203, 1200, 1198, 1196, 1195, 1194, 1193, 1192, 1192, 1192, 1193, 1193, 1193, 1195, 1197, 1199, 1200, 1201, 1206, 1210, 1213, 1219, 1228, 1233, 1239, 1246, 1251, 1257, 1261, 1268, 1276, 1284, 1295, 1306, 1315, 1324, 1334, 1349, 1375, 1388, 1400, 1413, 1430, 1447, 1463]
[0, 1286, 1280, 1275, 1268, 1260, 1252, 1247, 1243, 1237, 1231, 1227, 1221, 1215, 1210, 1207, 1205, 1202, 1197, 1195, 1194, 1192, 1193, 1193, 1192, 1190, 1189, 1192, 1194, 1195, 1197, 1197, 1198, 1202, 1205, 1212, 1217, 1219, 1226, 1231, 1234, 1240, 1245, 1254, 1261, 1266, 1273, 1282, 1291, 1299, 1322, 1333, 1345, 1358, 1368, 1381, 1397, 1412, 1426, 1442, 1462]
[0, 1290, 1283, 1276, 1268, 1262, 1256, 1249, 1242, 1237, 1232, 1227, 1221, 1213, 1208, 1206, 1204, 1200, 1197, 1195, 1194, 1194, 1190, 1191, 1190, 1190, 1190, 1191, 1194, 1196, 1195, 1195, 1198, 1201, 1203, 1212, 1217, 1220, 1226, 1231, 1234, 1241, 1246, 1253, 1259, 1266, 1273, 1282, 1290, 1299, 1323, 1334, 1345, 1358, 1368, 1381, 1396, 1409, 1422, 1441, 1462]
[0, 1297, 1287, 1273, 1265, 1258, 1251, 1246, 1240, 1234, 1229, 1224, 1219, 1213, 1209, 1206, 1202, 1199, 1199, 1197, 1194, 1193, 1191, 1191, 1192, 1191, 1190, 1190, 1193, 1195, 1194, 1195, 1199, 1201, 1203, 1211, 1217, 1219, 1225, 1230, 1234, 1241, 1247, 1253, 1260, 1266, 1273, 1282, 1290, 1299, 1311, 1334, 1344, 1358, 1369, 1381, 1396, 1411, 1425, 1442, 1462]
[0, 1286, 1280, 1274, 1266, 1259, 1252, 1246, 1241, 1235, 1230, 1225, 1220, 1214, 1210, 1206, 1203, 1201, 1199, 1196, 1195, 1193, 1192, 1193, 1192, 1192, 1193, 1192, 1193, 1193, 1195, 1198, 1200, 1203, 1208, 1209, 1210, 1216, 1222, 1228, 1234, 1241, 1249, 1258, 1266, 1273, 1278, 1285, 1296, 1306, 1315, 1325, 1337, 1350, 1364, 1376, 1389, 1417, 1433, 1451, 1472]
[0, 1290, 1280, 1272, 1267, 1261, 1255, 1248, 1241, 1236, 1230, 1224, 1219, 1213, 1208, 1206, 1203, 1200, 1197, 1196, 1193, 1191, 1192, 1192, 1190, 1190, 1192, 1189, 1191, 1195, 1196, 1198, 1200, 1202, 1205, 1210, 1214, 1220, 1223, 1233, 1238, 1245, 1251, 1256, 1260, 1265, 1273, 1283, 1292, 1302, 1315, 1324, 1335, 1362, 1373, 1386, 1400, 1413, 1426, 1443, 1464]
[0, 1286, 1279, 1273, 1265, 1258, 1251, 1246, 1240, 1235, 1230, 1224, 1219, 1214, 1209, 1205, 1202, 1201, 1198, 1196, 1194, 1188, 1189, 1190, 1190, 1190, 1191, 1188, 1190, 1195, 1196, 1198, 1200, 1201, 1203, 1207, 1211, 1216, 1226, 1232, 1236, 1240, 1245, 1252, 1259, 1266, 1274, 1283, 1290, 1299, 1312, 1333, 1347, 1361, 1372, 1383, 1397, 1409, 1422, 1442, 1458]
[0, 1290, 1280, 1274, 1269, 1261, 1254, 1246, 1240, 1236, 1231, 1225, 1218, 1212, 1208, 1207, 1201, 1198, 1197, 1194, 1193, 1193, 1191, 1191, 1189, 1189, 1191, 1190, 1190, 1194, 1195, 1197, 1199, 1201, 1203, 1206, 1211, 1217, 1223, 1229, 1235, 1239, 1244, 1252, 1259, 1265, 1273, 1282, 1289, 1298, 1310, 1322, 1346, 1360, 1371, 1385, 1399, 1414, 1433, 1448, 1459]
[0, 1289, 1281, 1273, 1267, 1261, 1252, 1249, 1245, 1237, 1225, 1224, 1216, 1211, 1208, 1202, 1199, 1197, 1196, 1194, 1192, 1191, 1192, 1192, 1192, 1190, 1190, 1191, 1192, 1194, 1196, 1197, 1198, 1201, 1205, 1208, 1212, 1219, 1223, 1227, 1234, 1239, 1245, 1248, 1255, 1264, 1273, 1285, 1293, 1305, 1320, 1332, 1345, 1355, 1365, 1379, 1395, 1410, 1427, 1445, 1457]
[0, 1285, 1278, 1272, 1264, 1257, 1250, 1245, 1239, 1231, 1224, 1221, 1218, 1210, 1205, 1204, 1202, 1198, 1196, 1195, 1190, 1189, 1189, 1188, 1190, 1189, 1189, 1189, 1191, 1193, 1197, 1202, 1206, 1210, 1215, 1219, 1224, 1229, 1235, 1240, 1245, 1251, 1256, 1270, 1276, 1284, 1292, 1300, 1310, 1320, 1329, 1340, 1353, 1363, 1379, 1394, 1405, 1440, 1453, 1455, 1467]
[0, 1287, 1279, 1273, 1266, 1259, 1254, 1248, 1236, 1231, 1224, 1221, 1217, 1209, 1206, 1203, 1200, 1197, 1195, 1194, 1194, 1191, 1190, 1191, 1189, 1189, 1190, 1192, 1193, 1195, 1199, 1204, 1208, 1212, 1215, 1222, 1231, 1234, 1241, 1245, 1248, 1254, 1261, 1266, 1272, 1281, 1289, 1297, 1308, 1316, 1324, 1336, 1359, 1374, 1388, 1400, 1416, 1434, 1450, 1452, 1456]
[0, 1289, 1280, 1272, 1265, 1258, 1253, 1250, 1244, 1229, 1225, 1221, 1216, 1208, 1205, 1202, 1199, 1198, 1197, 1193, 1192, 1194, 1190, 1189, 1191, 1191, 1192, 1192, 1193, 1194, 1199, 1206, 1210, 1212, 1215, 1221, 1226, 1230, 1235, 1238, 1251, 1256, 1260, 1268, 1277, 1282, 1289, 1298, 1309, 1318, 1326, 1336, 1350, 1363, 1378, 1394, 1417, 1432, 1447, 1452, 1462]
[0, 1290, 1283, 1276, 1269, 1264, 1257, 1252, 1250, 1244, 1238, 1236, 1234, 1231, 1229, 1225, 1217, 1213, 1210, 1209, 1209, 1208, 1191, 1188, 1189, 1192, 1192, 1189, 1188, 1197, 1200, 1205, 1210, 1212, 1216, 1223, 1229, 1231, 1235, 1237, 1243, 1253, 1256, 1262, 1271, 1284, 1292, 1301, 1310, 1320, 1330, 1342, 1352, 1365, 1382, 1396, 1410, 1427, 1443, 0, 1470]
[0, 1296, 1286, 1273, 1268, 1261, 1256, 1253, 1247, 1244, 1240, 1234, 1232, 1230, 1227, 1223, 1220, 1216, 1213, 1211, 1210, 1209, 1209, 1204, 1205, 1206, 1206, 1206, 1207, 1208, 1209, 1210, 1212, 1214, 1221, 1226, 1228, 1232, 1237, 1242, 1248, 1255, 1260, 1265, 1271, 1279, 1286, 1294, 1303, 1322, 1332, 1344, 1353, 1368, 1386, 1399, 1411, 1428, 1444, 1452, 1456]
[0, 1296, 1286, 1276, 1270, 1265, 1259, 1253, 1248, 1245, 1240, 1235, 1232, 1230, 1227, 1223, 1218, 1214, 1212, 1211, 1210, 1210, 1208, 1205, 1206, 1206, 1206, 1207, 1209, 1210, 1211, 1210, 1211, 1216, 1218, 1221, 1227, 1231, 1235, 1239, 1244, 1255, 1260, 1268, 1276, 1281, 1289, 1298, 1308, 1317, 1325, 1336, 1348, 1361, 1388, 1402, 1415, 1432, 1450, 1455, 1462]
[0, 1309, 1297, 1289, 1285, 1279, 1270, 1262, 1256, 1248, 1242, 1236, 1233, 1230, 1225, 1220, 1217, 1214, 1213, 1211, 1209, 1208, 1207, 1206, 1207, 1206, 1206, 1206, 1207, 1210, 1211, 1212, 1212, 1216, 1219, 1222, 1227, 1231, 1236, 1242, 1249, 1255, 1261, 1269, 1275, 1281, 1289, 1297, 1307, 1315, 1324, 1336, 1348, 1374, 1390, 1402, 1416, 1433, 1449, 1454, 1459]
[0, 1307, 1298, 1291, 1283, 1274, 1267, 1258, 1253, 1251, 1247, 1240, 1235, 1231, 1225, 1217, 1214, 1213, 1211, 1210, 1208, 1207, 1208, 1207, 1203, 1206, 1205, 1206, 1208, 1210, 1213, 1214, 1213, 1213, 1216, 1220, 1224, 1229, 1234, 1239, 1245, 1255, 1262, 1270, 1277, 1282, 1289, 1298, 1308, 1317, 1325, 1338, 1352, 1363, 1374, 1388, 1418, 1433, 1449, 1454, 1462]
[0, 1308, 1297, 1290, 1285, 1278, 1270, 1262, 1258, 1247, 1241, 1237, 1233, 1230, 1226, 1221, 1217, 1214, 1211, 1209, 1209, 1206, 1206, 1205, 1205, 1205, 1204, 1205, 1207, 1207, 1209, 1215, 1214, 1218, 1223, 1227, 1229, 1232, 1236, 1241, 1247, 1254, 1260, 1264, 1271, 1278, 1286, 1294, 1309, 1319, 1329, 1340, 1351, 1366, 1384, 1396, 1411, 1428, 1444, 1452, 1457]
[0, 1313, 1293, 1287, 1280, 1271, 1264, 1257, 1251, 1247, 1243, 1238, 1232, 1230, 1227, 1223, 1218, 1214, 1212, 1211, 1210, 1206, 1205, 1205, 1203, 1205, 1207, 1207, 1208, 1209, 1209, 1210, 1213, 1215, 1220, 1226, 1229, 1231, 1235, 1241, 1247, 1252, 1256, 1262, 1275, 1283, 1291, 1299, 1309, 1319, 1329, 1338, 1349, 1366, 1381, 1395, 1409, 1423, 1438, 1465, 1469]
[0, 1307, 1299, 1292, 1283, 1274, 1269, 1264, 1258, 1251, 1247, 1242, 1232, 1227, 1225, 1221, 1216, 1213, 1211, 1209, 1208, 1206, 1205, 1205, 1206, 1205, 1205, 1206, 1207, 1209, 1211, 1211, 1212, 1213, 1218, 1222, 1221, 1228, 1238, 1242, 1249, 1254, 1261, 1266, 1272, 1281, 1288, 1294, 1303, 1312, 1321, 1333, 1345, 1373, 1387, 1401, 1416, 1433, 1448, 1453, 1459]
[0, 1307, 1298, 1291, 1283, 1274, 1269, 1263, 1256, 1250, 1246, 1241, 1235, 1227, 1224, 1221, 1217, 1213, 1210, 1209, 1208, 1206, 1206, 1205, 1203, 1204, 1206, 1207, 1208, 1208, 1210, 1211, 1212, 1214, 1217, 1223, 1227, 1229, 1235, 1239, 1245, 1251, 1256, 1262, 1276, 1283, 1291, 1299, 1308, 1318, 1326, 1337, 1351, 1365, 1378, 1389, 1404, 1438, 1436, 1438, 1462]
[0, 1305, 1297, 1290, 1283, 1275, 1268, 1261, 1256, 1250, 1246, 1240, 1235, 1231, 1224, 1220, 1216, 1212, 1210, 1209, 1208, 1208, 1203, 1204, 1205, 1205, 1205, 1207, 1206, 1208, 1214, 1214, 1213, 1216, 1221, 1226, 1228, 1231, 1235, 1240, 1246, 1252, 1256, 1262, 1268, 1283, 1291, 1299, 1306, 1316, 1328, 1338, 1350, 1366, 1381, 1395, 1410, 1423, 1435, 1457, 1464]
[0, 1308, 1300, 1293, 1285, 1278, 1269, 1256, 1250, 1246, 1242, 1236, 1230, 1224, 1221, 1219, 1215, 1213, 1212, 1210, 1209, 1208, 1206, 1204, 1205, 1205, 1206, 1207, 1206, 1207, 1208, 1209, 1213, 1217, 1220, 1223, 1228, 1231, 1236, 1240, 1246, 1254, 1258, 1262, 1270, 1278, 1286, 1299, 1307, 1317, 1328, 1338, 1352, 1368, 1382, 1395, 1411, 1425, 1436, 1464, 1475]
[0, 1308, 1300, 1293, 1285, 1278, 1269, 1256, 1250, 1246, 1242, 1236, 1230, 1225, 1221, 1218, 1215, 1213, 1212, 1210, 1206, 1205, 1208, 1207, 1205, 1206, 1205, 1206, 1208, 1207, 1207, 1209, 1211, 1216, 1219, 1222, 1224, 1228, 1234, 1238, 1249, 1254, 1260, 1264, 1271, 1281, 1289, 1298, 1306, 1315, 1325, 1335, 1348, 1360, 1388, 1403, 1416, 1433, 1449, 1454, 1458]
