[0, 0, 0, 0, 0, 0, 0, 0, 0, 0, 0, 0, 0, 0, 0, 0, 0, 0, 0, 0, 0, 0, 0, 0, 0, 0, 0, 0, 0, 0, 0, 0, 0, 0, 0, 0, 0, 0, 0, 0, 0, 0, 0, 0, 0, 0, 0, 0, 0, 0, 0, 0, 0, 0, 0, 0, 0, 0, 0, 0, 0]
[0, 534, 529, 525, 522, 519, 516, 513, 510, 510, 505, 504, 499, 500, 498, 496, 494, 1216, 0, 322, 318, 318, 317, 318, 315, 311, 309, 310, 312, 315, 318, 320, 321, 319, 316, 316, 317, 318, 1208, 1212, 0, 0, 0, 395, 393, 0, 0, 0, 522, 526, 530, 534, 539, 544, 548, 553, 559, 564, 570, 577, 585]
[0, 534, 529, 526, 522, 519, 515, 513, 512, 510, 508, 505, 502, 500, 498, 496, 494, 1216, 0, 0, 319, 318, 317, 315, 315, 311, 309, 310, 315, 318, 320, 320, 322, 320, 316, 316, 317, 320, 1208, 1212, 0, 358, 0, 394, 393, 395, 401, 0, 521, 525, 530, 533, 538, 543, 547, 552, 558, 564, 570, 578, 584]
[0, 534, 529, 526, 522, 519, 515, 513, 512, 508, 508, 505, 502, 500, 498, 496, 494, 1216, 0, 0, 319, 318, 317, 318, 315, 310, 309, 310, 312, 318, 320, 320, 321, 319, 316, 316, 317, 320, 1208, 1212, 0, 359, 0, 395, 393, 395, 401, 0, 521, 525, 530, 533, 538, 543, 548, 552, 558, 564, 570, 578, 584]
[0, 534, 529, 525, 522, 519, 516, 512, 510, 508, 508, 505, 501, 498, 498, 496, 494, 1216, 0, 0, 322, 318, 317, 315, 315, 311, 309, 310, 312, 315, 318, 320, 321, 319, 316, 316, 317, 320, 1208, 1212, 0, 358, 0, 395, 393, 395, 401, 0, 521, 525, 530, 533, 538, 543, 548, 552, 558, 564, 570, 578, 584]
[0, 535, 531, 527, 523, 520, 516, 513, 511, 508, 506, 504, 501, 498, 499, 496, 494, 1216, 0, 324, 322, 317, 317, 316, 315, 312, 309, 310, 315, 315, 320, 322, 321, 319, 316, 316, 317, 321, 1208, 1212, 0, 0, 0, 393, 393, 395, 400, 0, 522, 526, 529, 533, 537, 542, 547, 552, 557, 562, 568, 575, 583]
[0, 534, 529, 526, 522, 520, 515, 512, 511, 510, 505, 504, 502, 499, 498, 496, 494, 1216, 0, 322, 322, 318, 317, 318, 311, 312, 309, 311, 315, 314, 320, 322, 321, 320, 317, 317, 320, 321, 1208, 1212, 0, 0, 392, 0, 394, 395, 398, 0, 520, 524, 528, 531, 536, 542, 546, 551, 557, 562, 567, 574, 582]
[0, 534, 529, 529, 525, 521, 518, 515, 512, 510, 508, 505, 502, 500, 497, 496, 494, 1216, 0, 0, 321, 318, 318, 318, 314, 310, 310, 311, 315, 318, 320, 322, 321, 319, 316, 316, 317, 320, 1208, 1212, 0, 357, 0, 394, 394, 395, 401, 0, 521, 525, 529, 533, 537, 542, 547, 552, 558, 564, 570, 577, 584]
[0, 539, 535, 531, 526, 523, 520, 518, 515, 512, 510, 508, 502, 503, 497, 500, 494, 1216, 0, 325, 322, 318, 319, 318, 312, 310, 309, 311, 313, 316, 318, 320, 321, 319, 316, 316, 317, 320, 1208, 1212, 0, 0, 0, 0, 394, 0, 0, 0, 522, 526, 530, 535, 539, 544, 548, 554, 559, 564, 570, 577, 585]
[0, 538, 535, 530, 527, 523, 521, 518, 517, 514, 512, 510, 508, 505, 503, 501, 500, 1216, 0, 324, 321, 321, 319, 319, 316, 312, 310, 313, 316, 319, 322, 324, 321, 322, 317, 316, 319, 322, 1208, 1212, 0, 359, 0, 398, 397, 405, 0, 0, 527, 531, 535, 539, 543, 547, 553, 558, 563, 569, 575, 582, 589]
[0, 538, 534, 530, 530, 523, 521, 517, 517, 514, 512, 510, 508, 505, 503, 501, 500, 1216, 0, 324, 321, 321, 320, 319, 316, 312, 311, 312, 314, 317, 321, 324, 324, 322, 318, 318, 319, 322, 1208, 1212, 0, 0, 0, 0, 397, 400, 0, 524, 529, 532, 536, 541, 545, 550, 555, 560, 565, 570, 577, 585, 593]
[0, 541, 537, 533, 529, 526, 522, 519, 516, 514, 511, 509, 507, 504, 502, 501, 500, 1216, 0, 327, 323, 321, 320, 319, 314, 312, 310, 311, 314, 317, 319, 321, 324, 322, 318, 318, 319, 322, 1208, 1212, 0, 0, 0, 0, 397, 400, 0, 524, 529, 532, 536, 541, 545, 550, 555, 560, 565, 570, 577, 585, 593]
[0, 542, 537, 534, 530, 526, 523, 520, 517, 514, 511, 509, 507, 505, 503, 501, 500, 1216, 0, 324, 323, 321, 321, 320, 316, 312, 311, 313, 315, 318, 321, 322, 322, 321, 318, 319, 321, 322, 1208, 1212, 0, 0, 396, 0, 397, 402, 0, 0, 530, 532, 539, 0, 542, 552, 557, 560, 562, 574, 581, 587, 595]
[0, 543, 539, 535, 532, 528, 525, 522, 519, 514, 514, 509, 512, 510, 508, 506, 504, 1216, 0, 327, 324, 323, 321, 317, 316, 314, 310, 312, 314, 317, 319, 320, 323, 322, 318, 318, 319, 322, 1208, 1212, 0, 0, 0, 0, 398, 400, 0, 525, 530, 533, 537, 542, 546, 550, 556, 560, 566, 572, 580, 587, 593]
[0, 544, 541, 536, 532, 529, 526, 523, 520, 518, 515, 512, 510, 509, 507, 505, 504, 1216, 0, 328, 325, 323, 322, 319, 316, 315, 313, 312, 318, 317, 320, 323, 325, 322, 322, 321, 319, 322, 1208, 1212, 0, 0, 0, 0, 400, 404, 0, 531, 535, 539, 543, 548, 552, 556, 561, 566, 572, 579, 585, 592, 599]
[0, 544, 541, 537, 532, 529, 526, 523, 520, 518, 515, 512, 510, 509, 507, 505, 504, 1216, 0, 328, 325, 323, 321, 319, 315, 312, 312, 312, 316, 319, 322, 325, 326, 322, 320, 321, 319, 323, 1208, 1212, 0, 0, 0, 0, 402, 0, 0, 530, 533, 537, 542, 546, 550, 555, 560, 565, 570, 577, 584, 597, 599]
[0, 543, 541, 535, 532, 531, 528, 525, 522, 519, 516, 513, 512, 509, 507, 506, 504, 1216, 0, 327, 325, 323, 321, 321, 317, 313, 312, 314, 317, 319, 322, 324, 326, 323, 320, 320, 323, 323, 1208, 1212, 0, 0, 400, 0, 402, 0, 0, 529, 533, 537, 542, 546, 550, 555, 564, 565, 570, 576, 583, 596, 599]
[0, 544, 539, 536, 532, 528, 525, 523, 521, 518, 515, 512, 512, 511, 507, 505, 504, 1216, 0, 328, 325, 323, 322, 319, 317, 315, 312, 313, 315, 318, 320, 325, 326, 325, 322, 320, 321, 323, 1208, 1212, 0, 0, 398, 399, 400, 405, 0, 531, 535, 539, 543, 547, 551, 556, 561, 566, 572, 579, 585, 592, 599]
[0, 548, 544, 540, 536, 533, 529, 526, 523, 521, 519, 516, 514, 512, 510, 508, 504, 1216, 0, 0, 327, 325, 324, 322, 317, 313, 312, 313, 314, 319, 320, 325, 326, 325, 320, 321, 321, 323, 1208, 1212, 0, 0, 0, 0, 402, 0, 0, 532, 536, 539, 548, 553, 551, 557, 562, 566, 579, 587, 593, 598, 605]
[0, 546, 542, 540, 534, 533, 531, 529, 526, 522, 520, 518, 515, 513, 511, 510, 509, 1216, 0, 0, 329, 326, 324, 323, 319, 314, 313, 314, 316, 319, 323, 327, 328, 326, 323, 322, 323, 323, 1208, 1212, 0, 0, 402, 401, 402, 0, 531, 535, 539, 544, 547, 551, 556, 561, 566, 572, 578, 585, 591, 598, 605]
[0, 549, 545, 541, 537, 534, 531, 529, 526, 523, 521, 518, 515, 514, 513, 511, 509, 1216, 0, 331, 328, 326, 324, 321, 317, 314, 313, 313, 316, 318, 320, 324, 328, 328, 322, 322, 323, 326, 1208, 1212, 0, 0, 400, 401, 402, 0, 532, 537, 541, 545, 549, 553, 558, 563, 568, 573, 579, 586, 592, 598, 606]
[0, 556, 552, 548, 545, 541, 531, 535, 526, 530, 521, 528, 525, 521, 519, 511, 518, 1216, 0, 0, 330, 326, 329, 322, 317, 318, 313, 315, 317, 320, 320, 325, 328, 326, 324, 322, 323, 324, 1208, 1212, 0, 0, 0, 402, 406, 0, 0, 540, 544, 550, 554, 557, 558, 561, 571, 578, 585, 591, 597, 604, 611]
[0, 556, 552, 548, 545, 541, 537, 535, 533, 531, 528, 525, 523, 521, 519, 518, 518, 1216, 0, 0, 330, 329, 0, 326, 318, 316, 316, 315, 317, 322, 320, 325, 330, 326, 328, 322, 327, 329, 1208, 1212, 0, 0, 405, 407, 406, 0, 542, 546, 550, 553, 557, 562, 567, 572, 577, 583, 589, 595, 608, 604, 622]
[0, 562, 558, 555, 552, 541, 546, 543, 533, 539, 534, 533, 523, 530, 529, 527, 525, 1216, 0, 0, 330, 331, 0, 324, 318, 320, 316, 317, 317, 319, 325, 328, 330, 330, 328, 322, 327, 329, 1208, 1212, 0, 403, 405, 0, 407, 0, 546, 546, 549, 553, 557, 562, 570, 572, 583, 589, 594, 600, 607, 604, 621]
[0, 563, 560, 556, 552, 549, 546, 543, 540, 539, 534, 533, 523, 530, 528, 526, 525, 525, 0, 0, 0, 331, 0, 324, 318, 320, 318, 317, 319, 321, 324, 327, 332, 333, 328, 331, 331, 334, 1208, 1212, 0, 0, 409, 409, 0, 0, 0, 555, 559, 563, 566, 571, 577, 582, 588, 593, 599, 605, 612, 618, 626]
[0, 574, 569, 565, 561, 558, 555, 552, 549, 546, 544, 541, 539, 538, 536, 534, 532, 525, 0, 0, 0, 334, 333, 330, 325, 320, 318, 318, 319, 320, 323, 327, 331, 333, 332, 331, 331, 333, 1208, 1212, 0, 0, 409, 0, 0, 0, 551, 554, 557, 561, 566, 570, 575, 580, 586, 592, 597, 604, 610, 625, 626]
[0, 571, 567, 563, 561, 560, 556, 553, 550, 545, 544, 542, 541, 539, 537, 535, 533, 531, 0, 0, 0, 333, 333, 332, 327, 322, 320, 320, 322, 324, 327, 330, 332, 335, 336, 334, 335, 333, 1208, 0, 0, 413, 0, 0, 0, 557, 561, 565, 568, 573, 578, 583, 588, 593, 598, 604, 611, 617, 624, 632, 640]
[0, 574, 570, 566, 563, 560, 559, 554, 551, 545, 548, 546, 544, 542, 540, 538, 536, 534, 0, 0, 337, 334, 332, 327, 327, 323, 321, 320, 321, 322, 324, 327, 334, 336, 336, 334, 337, 333, 1208, 0, 0, 0, 0, 413, 0, 555, 559, 562, 566, 570, 575, 580, 585, 591, 596, 602, 607, 614, 621, 628, 636]
[0, 577, 572, 568, 564, 560, 558, 555, 552, 550, 547, 545, 543, 541, 540, 538, 536, 535, 0, 0, 0, 335, 333, 331, 325, 323, 320, 320, 323, 325, 324, 331, 334, 334, 337, 335, 337, 337, 1208, 0, 0, 0, 0, 415, 0, 559, 562, 566, 570, 574, 578, 583, 588, 593, 598, 605, 617, 614, 631, 628, 640]
[0, 583, 579, 574, 570, 566, 562, 560, 557, 555, 553, 551, 548, 546, 545, 543, 541, 540, 0, 0, 0, 337, 335, 332, 327, 322, 321, 321, 322, 324, 327, 329, 332, 335, 338, 336, 336, 340, 1208, 0, 0, 412, 414, 0, 0, 561, 563, 567, 572, 576, 581, 586, 591, 596, 602, 606, 613, 621, 628, 636, 644]
[0, 583, 581, 576, 571, 567, 563, 561, 559, 556, 553, 551, 549, 547, 546, 544, 542, 540, 0, 0, 0, 338, 336, 334, 329, 325, 323, 323, 324, 326, 327, 330, 334, 337, 339, 339, 340, 340, 1208, 0, 0, 416, 417, 0, 563, 567, 571, 575, 579, 584, 589, 593, 599, 604, 609, 615, 621, 628, 636, 644, 652]
[0, 598, 594, 590, 586, 583, 579, 575, 571, 568, 566, 564, 562, 560, 559, 557, 556, 554, 0, 0, 0, 0, 343, 337, 333, 325, 323, 323, 323, 325, 327, 330, 336, 337, 340, 339, 343, 340, 1208, 0, 0, 417, 418, 0, 561, 566, 569, 573, 577, 582, 587, 592, 596, 601, 607, 613, 618, 625, 633, 641, 648]
[0, 599, 594, 590, 587, 583, 579, 575, 571, 568, 566, 564, 562, 560, 559, 557, 555, 554, 0, 0, 0, 0, 343, 337, 333, 330, 328, 328, 328, 329, 330, 333, 336, 339, 343, 345, 343, 340, 0, 421, 423, 422, 0, 575, 579, 583, 586, 590, 594, 598, 603, 608, 613, 619, 625, 631, 639, 646, 652, 660, 667]
[0, 605, 601, 597, 593, 589, 586, 582, 579, 576, 573, 571, 569, 567, 566, 564, 562, 561, 559, 0, 0, 356, 343, 0, 340, 330, 328, 328, 328, 329, 330, 333, 335, 339, 342, 345, 347, 340, 0, 421, 423, 422, 0, 575, 579, 582, 586, 590, 594, 598, 603, 608, 613, 618, 625, 631, 639, 646, 652, 660, 667]
[0, 608, 603, 599, 594, 590, 588, 585, 582, 579, 576, 573, 571, 568, 566, 565, 564, 563, 561, 0, 0, 0, 357, 354, 0, 334, 332, 331, 332, 333, 334, 335, 338, 341, 344, 345, 347, 340, 0, 426, 426, 427, 0, 586, 590, 592, 596, 599, 604, 608, 613, 619, 625, 631, 637, 644, 650, 657, 664, 672, 680]
[0, 616, 611, 608, 604, 601, 597, 594, 591, 588, 586, 583, 581, 579, 578, 576, 574, 572, 561, 571, 0, 0, 0, 364, 367, 0, 333, 332, 333, 334, 334, 336, 339, 342, 345, 345, 0, 420, 424, 425, 425, 431, 0, 587, 590, 593, 597, 600, 604, 610, 615, 620, 625, 632, 639, 645, 651, 658, 666, 673, 680]
[0, 618, 614, 609, 605, 601, 598, 595, 592, 589, 587, 584, 582, 580, 578, 576, 574, 573, 572, 571, 0, 0, 0, 363, 366, 371, 333, 332, 376, 380, 0, 0, 0, 0, 0, 0, 0, 424, 0, 427, 429, 435, 0, 595, 598, 601, 605, 609, 613, 617, 622, 628, 634, 641, 653, 645, 666, 658, 673, 689, 698]
[0, 618, 614, 609, 605, 601, 598, 595, 592, 589, 587, 584, 582, 580, 578, 576, 574, 573, 571, 570, 0, 0, 363, 366, 366, 373, 333, 377, 376, 380, 0, 0, 0, 0, 0, 420, 423, 424, 426, 427, 429, 0, 594, 598, 600, 604, 608, 612, 616, 621, 627, 633, 639, 645, 651, 657, 664, 672, 679, 687, 696]
[0, 618, 614, 610, 606, 602, 599, 595, 593, 590, 588, 584, 582, 580, 578, 576, 575, 573, 571, 571, 0, 0, 363, 366, 366, 373, 333, 375, 380, 380, 0, 0, 0, 0, 410, 419, 423, 424, 426, 427, 429, 0, 593, 597, 600, 603, 607, 611, 615, 620, 625, 630, 637, 644, 650, 656, 663, 670, 677, 685, 693]
[0, 636, 631, 627, 622, 618, 614, 611, 609, 606, 603, 601, 599, 596, 595, 593, 592, 591, 589, 588, 587, 0, 363, 0, 371, 372, 333, 376, 379, 380, 0, 0, 0, 0, 0, 416, 421, 424, 425, 427, 433, 0, 592, 596, 599, 602, 606, 610, 614, 619, 625, 631, 636, 643, 648, 654, 661, 668, 676, 683, 691]
[0, 644, 639, 633, 628, 624, 621, 617, 614, 611, 608, 607, 606, 603, 600, 599, 597, 595, 594, 594, 593, 592, 363, 0, 0, 373, 375, 377, 384, 380, 399, 406, 409, 413, 416, 422, 421, 426, 429, 0, 606, 608, 611, 614, 617, 621, 625, 630, 635, 641, 647, 652, 657, 663, 670, 676, 683, 691, 700, 707, 714]
[0, 641, 636, 631, 628, 622, 619, 616, 613, 611, 611, 609, 606, 604, 602, 600, 598, 596, 595, 594, 594, 593, 363, 0, 0, 376, 378, 377, 384, 391, 400, 406, 410, 413, 418, 424, 427, 428, 433, 0, 610, 613, 615, 619, 623, 626, 631, 636, 641, 647, 652, 658, 663, 669, 676, 682, 689, 698, 706, 713, 722]
[0, 648, 644, 639, 634, 629, 625, 621, 618, 615, 613, 610, 607, 606, 604, 602, 601, 599, 597, 597, 596, 596, 363, 0, 374, 376, 378, 380, 384, 391, 400, 0, 409, 412, 414, 421, 426, 428, 433, 0, 612, 614, 617, 621, 624, 629, 634, 638, 644, 649, 653, 659, 666, 672, 678, 685, 692, 700, 708, 716, 724]
[0, 647, 642, 637, 632, 628, 624, 621, 618, 615, 612, 610, 609, 607, 604, 602, 601, 599, 598, 598, 597, 596, 363, 0, 0, 376, 378, 380, 385, 393, 401, 406, 410, 413, 418, 424, 427, 429, 0, 612, 615, 617, 620, 624, 628, 632, 637, 642, 646, 651, 657, 663, 669, 675, 681, 688, 696, 704, 710, 718, 728]
[0, 664, 658, 654, 650, 646, 642, 639, 636, 633, 630, 628, 625, 623, 621, 618, 616, 616, 614, 613, 613, 612, 611, 0, 0, 376, 377, 379, 382, 387, 395, 403, 409, 411, 419, 425, 428, 431, 0, 613, 615, 618, 620, 624, 627, 632, 637, 642, 647, 652, 657, 663, 670, 676, 682, 689, 697, 705, 712, 720, 728]
[0, 665, 659, 655, 650, 646, 643, 639, 636, 633, 630, 627, 625, 623, 621, 619, 617, 616, 615, 613, 612, 612, 611, 0, 0, 376, 0, 386, 389, 394, 401, 411, 414, 418, 419, 426, 0, 624, 627, 630, 634, 637, 640, 643, 647, 651, 656, 661, 666, 671, 676, 682, 690, 698, 704, 710, 717, 725, 733, 742, 753]
[0, 671, 665, 660, 657, 653, 648, 645, 642, 639, 636, 633, 631, 629, 627, 625, 623, 620, 619, 618, 618, 617, 617, 611, 0, 376, 386, 389, 394, 400, 406, 411, 413, 416, 421, 427, 0, 625, 627, 630, 633, 636, 639, 643, 647, 652, 657, 661, 665, 670, 676, 681, 689, 696, 702, 709, 715, 723, 731, 741, 751]
[0, 669, 663, 659, 655, 651, 648, 645, 641, 639, 636, 633, 630, 628, 627, 624, 622, 621, 620, 619, 618, 617, 616, 616, 0, 376, 0, 391, 395, 401, 407, 412, 414, 415, 420, 429, 0, 630, 633, 635, 638, 641, 644, 648, 651, 655, 660, 665, 669, 675, 680, 686, 693, 701, 707, 713, 719, 727, 736, 745, 755]
[0, 674, 669, 664, 660, 656, 652, 650, 648, 645, 642, 640, 637, 634, 632, 631, 622, 626, 620, 626, 625, 623, 623, 616, 0, 376, 0, 0, 392, 397, 407, 412, 414, 418, 420, 429, 0, 630, 633, 636, 640, 643, 645, 649, 652, 656, 661, 667, 672, 677, 682, 688, 696, 702, 708, 715, 722, 730, 739, 748, 757]
[0, 677, 672, 667, 663, 659, 655, 651, 649, 646, 643, 641, 638, 635, 633, 632, 630, 628, 627, 625, 624, 624, 623, 616, 622, 376, 0, 0, 0, 401, 406, 411, 414, 417, 421, 0, 637, 639, 642, 645, 648, 650, 645, 656, 661, 666, 670, 675, 681, 686, 692, 699, 705, 712, 718, 724, 732, 741, 751, 760, 769]
[0, 688, 683, 679, 675, 670, 666, 663, 660, 657, 654, 652, 650, 648, 646, 644, 642, 628, 641, 640, 639, 637, 636, 622, 622, 623, 0, 0, 399, 403, 408, 413, 416, 419, 424, 0, 0, 638, 640, 643, 646, 648, 651, 655, 659, 663, 668, 673, 678, 683, 689, 696, 703, 709, 715, 721, 729, 736, 745, 755, 763]
[0, 688, 700, 695, 689, 685, 682, 678, 675, 672, 668, 666, 664, 662, 660, 658, 656, 654, 653, 653, 653, 652, 651, 637, 622, 637, 637, 0, 637, 403, 639, 641, 644, 419, 644, 648, 0, 650, 651, 654, 660, 664, 667, 655, 672, 675, 680, 691, 697, 703, 709, 696, 714, 720, 734, 742, 752, 761, 768, 777, 786]
[0, 704, 699, 693, 688, 683, 681, 677, 673, 670, 668, 666, 664, 661, 659, 657, 656, 655, 653, 652, 653, 652, 651, 650, 650, 649, 649, 649, 649, 650, 652, 653, 654, 656, 658, 660, 662, 665, 667, 669, 672, 675, 679, 682, 687, 691, 696, 703, 709, 713, 718, 725, 731, 738, 746, 754, 762, 771, 779, 788, 798]
[0, 702, 697, 693, 687, 682, 679, 676, 672, 669, 667, 666, 662, 660, 659, 656, 654, 654, 653, 653, 653, 653, 652, 650, 649, 649, 649, 649, 650, 651, 652, 653, 654, 656, 658, 660, 663, 665, 667, 670, 672, 676, 679, 683, 688, 693, 699, 704, 710, 714, 719, 726, 733, 740, 748, 756, 765, 773, 782, 791, 801]
[0, 714, 710, 705, 700, 696, 693, 689, 685, 682, 680, 678, 675, 673, 670, 667, 666, 665, 664, 663, 663, 663, 650, 662, 649, 649, 649, 648, 649, 650, 651, 652, 653, 655, 657, 659, 661, 664, 666, 668, 670, 674, 677, 681, 685, 690, 695, 701, 712, 714, 717, 723, 736, 743, 750, 756, 768, 776, 785, 796, 806]
[0, 714, 712, 708, 703, 698, 694, 691, 687, 684, 680, 677, 675, 674, 672, 669, 668, 666, 665, 664, 663, 663, 662, 662, 662, 649, 661, 662, 663, 664, 665, 666, 668, 655, 671, 674, 661, 679, 666, 680, 683, 691, 696, 700, 704, 708, 712, 717, 724, 731, 737, 744, 751, 758, 766, 775, 783, 792, 801, 810, 820]
[0, 730, 724, 718, 713, 710, 707, 703, 699, 697, 694, 691, 689, 686, 682, 681, 680, 678, 677, 676, 675, 675, 675, 662, 662, 661, 661, 662, 663, 664, 664, 665, 667, 669, 670, 672, 675, 677, 680, 682, 685, 689, 693, 698, 702, 707, 711, 715, 722, 728, 734, 740, 748, 755, 762, 771, 779, 787, 797, 806, 815]
[0, 747, 741, 735, 731, 726, 721, 718, 715, 711, 709, 707, 705, 702, 699, 697, 696, 694, 692, 691, 690, 689, 689, 675, 674, 674, 674, 674, 675, 676, 677, 678, 680, 681, 683, 685, 688, 692, 694, 697, 701, 704, 708, 712, 715, 719, 725, 731, 736, 743, 749, 756, 764, 770, 777, 786, 795, 804, 812, 822, 832]
[0, 746, 740, 735, 730, 725, 721, 718, 714, 711, 708, 706, 705, 702, 700, 699, 696, 694, 692, 692, 691, 690, 690, 689, 689, 688, 689, 690, 691, 692, 692, 694, 695, 697, 700, 702, 704, 706, 710, 713, 715, 718, 722, 727, 732, 736, 741, 748, 754, 760, 766, 773, 780, 787, 795, 804, 813, 822, 830, 838, 850]
[0, 745, 738, 733, 729, 724, 720, 718, 714, 711, 708, 706, 704, 702, 700, 698, 695, 694, 692, 691, 690, 690, 689, 690, 690, 689, 689, 690, 690, 691, 693, 694, 696, 698, 700, 703, 705, 707, 710, 713, 716, 719, 722, 727, 732, 737, 742, 748, 755, 761, 766, 774, 781, 788, 796, 805, 814, 823, 831, 839, 849]
[0, 750, 744, 739, 729, 732, 727, 723, 714, 719, 714, 706, 710, 702, 708, 704, 695, 702, 701, 699, 698, 690, 697, 689, 689, 690, 690, 690, 691, 692, 693, 695, 697, 698, 700, 703, 705, 708, 711, 713, 717, 720, 724, 728, 733, 738, 744, 750, 756, 762, 768, 775, 782, 790, 799, 808, 816, 824, 833, 842, 854]
[0, 757, 751, 739, 746, 741, 737, 733, 726, 719, 723, 720, 718, 716, 714, 712, 710, 709, 707, 707, 705, 705, 704, 697, 689, 697, 698, 690, 699, 692, 700, 701, 702, 707, 700, 709, 713, 708, 718, 713, 726, 720, 734, 738, 733, 749, 754, 760, 766, 773, 779, 785, 793, 801, 809, 818, 826, 835, 844, 855, 866]
[0, 761, 755, 749, 744, 740, 736, 732, 729, 725, 721, 719, 717, 715, 713, 711, 709, 708, 707, 706, 706, 705, 704, 704, 704, 705, 705, 705, 705, 706, 707, 709, 711, 712, 713, 715, 718, 720, 723, 727, 731, 734, 737, 742, 748, 754, 758, 769, 766, 780, 787, 785, 803, 811, 819, 827, 837, 846, 856, 866, 875]
[0, 785, 779, 775, 770, 765, 761, 757, 754, 750, 747, 743, 741, 739, 737, 735, 733, 732, 731, 730, 729, 728, 728, 704, 704, 704, 705, 705, 705, 706, 708, 709, 711, 713, 715, 717, 719, 721, 725, 729, 733, 737, 741, 745, 751, 756, 761, 767, 774, 780, 786, 794, 801, 808, 816, 825, 833, 842, 853, 863, 871]
[0, 784, 778, 773, 769, 764, 759, 756, 754, 750, 747, 744, 741, 739, 737, 735, 734, 732, 731, 731, 730, 729, 728, 728, 728, 728, 730, 730, 730, 731, 732, 733, 735, 738, 740, 743, 747, 750, 753, 757, 761, 765, 769, 773, 778, 785, 792, 798, 804, 810, 817, 824, 830, 837, 845, 855, 865, 873, 883, 893, 902]
[0, 792, 786, 781, 776, 770, 767, 764, 761, 758, 754, 752, 749, 746, 744, 742, 740, 739, 738, 736, 735, 734, 735, 728, 728, 729, 729, 730, 730, 732, 732, 734, 736, 739, 740, 744, 747, 751, 755, 758, 762, 766, 770, 775, 780, 785, 792, 799, 805, 811, 818, 826, 832, 839, 847, 858, 867, 876, 885, 894, 904]
[0, 792, 786, 781, 776, 770, 767, 764, 761, 757, 754, 752, 749, 746, 744, 742, 740, 739, 737, 736, 735, 734, 735, 735, 735, 735, 736, 737, 737, 737, 739, 741, 743, 746, 748, 751, 754, 757, 761, 764, 768, 771, 776, 781, 786, 792, 797, 804, 810, 816, 824, 829, 835, 844, 853, 863, 871, 879, 889, 899, 910]
[0, 799, 793, 788, 776, 778, 767, 771, 761, 765, 754, 763, 760, 757, 754, 753, 751, 750, 748, 746, 746, 746, 745, 735, 735, 735, 736, 737, 737, 737, 739, 741, 743, 745, 748, 751, 754, 757, 761, 764, 768, 771, 776, 781, 786, 792, 797, 804, 810, 816, 824, 829, 835, 844, 853, 863, 871, 879, 889, 899, 910]
[0, 809, 803, 797, 791, 787, 782, 779, 775, 772, 769, 767, 764, 762, 760, 759, 757, 755, 753, 753, 753, 752, 751, 745, 745, 745, 746, 747, 747, 748, 749, 750, 753, 756, 757, 759, 762, 764, 768, 771, 775, 780, 784, 789, 794, 801, 807, 812, 824, 816, 836, 843, 852, 861, 869, 876, 885, 894, 906, 918, 928]
[0, 824, 819, 814, 809, 804, 799, 795, 791, 788, 786, 783, 781, 779, 777, 776, 774, 772, 771, 770, 769, 769, 769, 751, 751, 752, 752, 752, 754, 755, 757, 759, 761, 762, 765, 768, 770, 773, 777, 781, 785, 790, 796, 801, 806, 811, 815, 822, 828, 834, 841, 849, 857, 866, 873, 881, 889, 899, 909, 921, 932]
[0, 826, 820, 814, 810, 807, 803, 797, 793, 791, 788, 786, 783, 781, 779, 778, 776, 774, 772, 772, 771, 769, 771, 769, 770, 769, 770, 772, 773, 774, 775, 777, 780, 782, 783, 786, 790, 793, 797, 801, 806, 811, 816, 820, 826, 832, 837, 842, 850, 858, 866, 871, 878, 886, 895, 904, 913, 923, 933, 944, 955]
[0, 849, 842, 836, 832, 828, 824, 820, 817, 814, 811, 808, 805, 802, 800, 798, 797, 796, 796, 795, 793, 793, 792, 771, 770, 772, 772, 773, 775, 774, 778, 779, 781, 783, 787, 789, 792, 795, 800, 803, 808, 813, 818, 823, 829, 834, 839, 846, 854, 861, 868, 874, 881, 888, 896, 906, 917, 928, 939, 948, 960]
[0, 857, 850, 844, 838, 834, 831, 828, 826, 822, 818, 816, 814, 811, 809, 808, 807, 806, 804, 804, 804, 803, 792, 792, 792, 793, 793, 795, 796, 798, 799, 801, 803, 805, 806, 808, 810, 814, 818, 823, 828, 831, 835, 841, 847, 854, 860, 865, 870, 877, 885, 892, 898, 907, 918, 926, 936, 947, 957, 969, 983]
[0, 867, 862, 857, 851, 846, 841, 838, 834, 831, 829, 826, 825, 823, 821, 819, 817, 817, 815, 815, 814, 803, 814, 802, 803, 804, 805, 806, 808, 808, 810, 813, 814, 815, 817, 819, 823, 827, 830, 834, 838, 843, 849, 855, 861, 867, 872, 878, 884, 891, 897, 905, 915, 924, 934, 942, 952, 962, 974, 987, 999]
[0, 867, 862, 857, 856, 850, 845, 837, 835, 831, 832, 828, 825, 824, 823, 821, 819, 818, 817, 815, 814, 813, 814, 802, 814, 804, 817, 806, 819, 820, 810, 824, 826, 815, 829, 831, 834, 838, 842, 847, 852, 858, 864, 869, 873, 878, 884, 890, 896, 905, 913, 920, 930, 939, 947, 956, 967, 980, 992, 1002, 1014]
[0, 871, 867, 861, 854, 849, 843, 839, 836, 834, 831, 828, 825, 823, 822, 820, 818, 816, 815, 815, 814, 814, 814, 815, 814, 815, 816, 817, 818, 820, 821, 823, 824, 826, 828, 830, 831, 834, 838, 842, 848, 858, 864, 869, 873, 878, 885, 890, 897, 904, 913, 921, 930, 939, 947, 957, 970, 983, 992, 1003, 1015]
[0, 895, 890, 884, 879, 874, 870, 868, 865, 860, 857, 855, 853, 850, 848, 846, 845, 843, 842, 841, 841, 842, 814, 814, 813, 815, 816, 817, 818, 819, 821, 824, 826, 828, 829, 830, 833, 836, 840, 845, 850, 856, 862, 866, 870, 874, 880, 886, 893, 900, 908, 916, 924, 933, 941, 950, 961, 974, 986, 997, 1009]
[0, 894, 889, 884, 880, 874, 870, 867, 864, 861, 858, 854, 852, 850, 848, 847, 846, 843, 841, 841, 841, 842, 841, 840, 841, 842, 844, 845, 847, 848, 849, 851, 854, 857, 861, 864, 865, 868, 873, 876, 879, 884, 889, 894, 899, 905, 912, 920, 928, 935, 943, 951, 958, 969, 981, 992, 1002, 1012, 1023, 1035, 1049]
[0, 900, 894, 889, 883, 879, 873, 869, 867, 864, 862, 859, 856, 852, 850, 849, 847, 845, 844, 842, 842, 843, 842, 841, 842, 843, 844, 847, 849, 848, 849, 851, 854, 856, 860, 864, 866, 869, 873, 876, 879, 884, 889, 894, 899, 905, 913, 921, 929, 936, 943, 951, 958, 969, 981, 992, 1002, 1012, 1023, 1035, 1049]
[0, 900, 893, 887, 881, 876, 872, 869, 866, 863, 861, 858, 855, 851, 849, 847, 846, 844, 841, 841, 842, 842, 841, 841, 841, 842, 844, 846, 848, 848, 850, 851, 853, 855, 858, 861, 868, 869, 871, 874, 877, 886, 891, 896, 902, 910, 917, 925, 931, 939, 946, 953, 962, 974, 986, 996, 1005, 1016, 1028, 1041, 1055]
[0, 911, 905, 898, 893, 887, 883, 881, 877, 873, 871, 869, 867, 865, 863, 863, 862, 861, 860, 858, 858, 859, 841, 841, 841, 842, 845, 847, 847, 848, 850, 851, 853, 856, 859, 861, 865, 868, 871, 874, 878, 884, 888, 891, 897, 904, 911, 920, 928, 934, 941, 948, 955, 965, 976, 988, 999, 1008, 1018, 1045, 1055]
[0, 912, 906, 901, 895, 889, 885, 881, 878, 875, 873, 870, 867, 866, 865, 863, 861, 860, 859, 859, 859, 858, 859, 859, 860, 860, 862, 863, 863, 864, 866, 866, 869, 872, 873, 875, 879, 882, 886, 891, 895, 900, 905, 911, 918, 925, 932, 939, 946, 952, 960, 970, 980, 990, 1000, 1010, 1021, 1033, 1044, 1057, 1072]
[0, 969, 962, 956, 950, 945, 940, 936, 932, 929, 926, 924, 921, 918, 916, 916, 914, 913, 913, 912, 912, 913, 913, 858, 859, 860, 861, 862, 863, 864, 865, 867, 869, 871, 873, 875, 877, 881, 885, 890, 895, 899, 903, 909, 916, 923, 931, 937, 944, 950, 957, 967, 977, 987, 998, 1007, 1018, 1029, 1040, 1054, 1069]
[0, 970, 962, 955, 950, 946, 942, 938, 934, 931, 927, 923, 921, 919, 916, 915, 914, 913, 912, 911, 911, 912, 913, 912, 913, 914, 915, 916, 917, 918, 919, 922, 924, 927, 932, 935, 938, 941, 944, 949, 953, 958, 965, 972, 979, 987, 995, 1001, 1008, 1016, 1025, 1035, 1044, 1055, 1065, 1075, 1087, 1101, 1115, 1130, 1145]
[0, 982, 974, 955, 968, 956, 951, 948, 934, 941, 927, 938, 936, 934, 931, 929, 928, 928, 927, 925, 925, 925, 926, 912, 913, 915, 915, 915, 916, 918, 919, 922, 925, 927, 931, 935, 939, 944, 947, 950, 954, 960, 967, 974, 982, 989, 997, 1003, 1010, 1019, 1028, 1037, 1047, 1057, 1068, 1078, 1089, 1103, 1117, 1133, 1149]
[0, 986, 979, 972, 965, 958, 953, 949, 945, 942, 939, 937, 934, 931, 930, 929, 928, 927, 926, 926, 925, 925, 926, 925, 926, 927, 929, 915, 930, 931, 936, 922, 940, 927, 942, 950, 953, 944, 961, 966, 954, 980, 987, 994, 999, 1006, 1014, 1021, 1030, 1038, 1047, 1057, 1067, 1077, 1088, 1100, 1115, 1129, 1144, 1159, 1172]
[0, 999, 993, 986, 981, 975, 969, 963, 958, 954, 952, 949, 946, 944, 943, 941, 939, 938, 938, 938, 938, 938, 925, 927, 927, 927, 928, 930, 931, 933, 935, 937, 939, 942, 944, 948, 952, 955, 959, 964, 970, 978, 985, 990, 996, 1003, 1011, 1019, 1026, 1035, 1045, 1055, 1065, 1075, 1086, 1098, 1112, 1126, 1141, 1155, 1168]
[0, 1027, 1013, 986, 1006, 1002, 998, 993, 987, 984, 979, 976, 972, 968, 965, 965, 964, 964, 964, 963, 962, 962, 963, 938, 939, 939, 940, 942, 943, 944, 945, 948, 952, 953, 956, 960, 964, 968, 973, 981, 987, 992, 997, 1002, 1009, 1017, 1024, 1033, 1041, 1049, 1057, 1068, 1079, 1088, 1100, 1113, 1127, 1141, 1156, 1168, 1181]
[0, 1034, 1028, 1023, 1018, 1012, 1006, 1001, 999, 996, 993, 989, 986, 985, 984, 982, 981, 981, 981, 979, 980, 982, 963, 963, 963, 964, 965, 967, 969, 970, 973, 977, 985, 953, 988, 993, 964, 997, 1001, 1011, 987, 1016, 1021, 1029, 1036, 1043, 1052, 1059, 1076, 1084, 1094, 1105, 1118, 1130, 1143, 1157, 1170, 1181, 1194, 1207, 1224]
[0, 1064, 1055, 1048, 1042, 1037, 1033, 1028, 1023, 1021, 1018, 1015, 1013, 1010, 1008, 1008, 1006, 1004, 1005, 1004, 1004, 1004, 982, 981, 982, 983, 985, 987, 990, 992, 994, 996, 999, 1001, 1002, 1006, 1011, 1015, 1020, 1026, 1032, 1037, 1042, 1048, 1056, 1064, 1073, 1081, 1089, 1097, 1106, 1118, 1130, 1143, 1157, 1168, 1180, 1194, 1208, 1224, 1241]
[0, 1067, 1061, 1053, 1046, 1042, 1035, 1031, 1028, 1026, 1021, 1017, 1016, 1014, 1013, 1011, 1010, 1011, 1010, 1010, 1010, 1011, 1004, 1005, 1007, 1008, 1009, 1012, 1015, 1017, 1019, 1021, 1024, 1027, 1030, 1034, 1036, 1041, 1048, 1054, 1059, 1066, 1073, 1078, 1085, 1094, 1104, 1113, 1123, 1133, 1143, 1154, 1164, 1175, 1188, 1204, 1217, 1233, 1252, 1264, 1277]
[0, 1080, 1072, 1066, 1059, 1053, 1047, 1043, 1039, 1036, 1031, 1028, 1026, 1024, 1023, 1021, 1020, 1020, 1019, 1019, 1018, 1018, 1012, 1013, 1013, 1015, 1017, 1019, 1020, 1023, 1026, 1029, 1033, 1035, 1039, 1043, 1048, 1052, 1056, 1063, 1069, 1076, 1084, 1092, 1099, 1108, 1118, 1127, 1136, 1145, 1155, 1167, 1178, 1190, 1208, 1224, 1235, 1247, 1264, 1279, 1297]
[0, 1102, 1072, 1095, 1089, 1083, 1073, 1043, 1069, 1063, 1031, 1059, 1056, 1053, 1049, 1047, 1046, 1047, 1045, 1045, 1018, 1047, 1047, 1020, 1021, 1023, 1024, 1026, 1028, 1030, 1033, 1037, 1040, 1042, 1045, 1048, 1051, 1055, 1062, 1066, 1072, 1079, 1087, 1095, 1102, 1111, 1119, 1129, 1138, 1145, 1155, 1167, 1179, 1191, 1207, 1224, 1236, 1249, 1265, 1280, 1297]
[0, 1113, 1104, 1097, 1090, 1083, 1078, 1074, 1070, 1067, 1063, 1059, 1057, 1055, 1053, 1051, 1047, 1046, 1046, 1047, 1046, 1047, 1050, 1020, 1048, 1051, 1053, 1026, 1057, 1059, 1062, 1064, 1067, 1070, 1073, 1076, 1081, 1091, 1098, 1104, 1110, 1120, 1130, 1138, 1145, 1151, 1160, 1167, 1177, 1188, 1197, 1210, 1223, 1237, 1250, 1262, 1276, 1291, 1306, 1328, 1350]
[0, 1102, 1097, 1091, 1084, 1078, 1074, 1070, 1067, 1064, 1060, 1057, 1053, 1051, 1050, 1048, 1048, 1047, 1045, 1045, 1046, 1047, 1048, 1050, 1051, 1053, 1054, 1054, 1056, 1058, 1059, 1062, 1065, 1068, 1070, 1073, 1085, 1093, 1100, 1104, 1114, 1122, 1133, 1141, 1150, 1157, 1161, 1168, 1177, 1190, 1200, 1213, 1229, 1241, 1251, 1262, 1277, 1291, 1307, 1329, 1351]
[0, 1153, 1146, 1138, 1131, 1126, 1120, 1117, 1113, 1109, 1104, 1100, 1097, 1094, 1092, 1091, 1090, 1089, 1090, 1094, 1098, 1101, 1050, 1051, 1051, 1052, 1054, 1056, 1057, 1060, 1062, 1065, 1067, 1070, 1073, 1076, 1082, 1091, 1098, 1104, 1113, 1122, 1131, 1139, 1147, 1154, 1161, 1167, 1177, 1188, 1198, 1211, 1226, 1240, 1251, 1264, 1279, 1291, 1307, 1328, 1349]
[0, 1155, 1147, 1139, 1132, 1129, 1124, 1118, 1113, 1109, 1105, 1101, 1098, 1096, 1094, 1093, 1092, 1094, 1096, 1097, 1103, 1102, 1100, 1096, 1096, 1101, 1105, 1113, 1117, 1114, 1115, 1065, 1067, 1070, 1073, 1076, 1082, 1091, 1098, 1104, 1163, 1170, 1174, 1180, 1185, 1193, 1202, 1212, 1223, 1235, 1247, 1257, 1268, 1281, 1293, 1307, 1325, 1342, 1357, 1381, 1349]
[0, 1164, 1157, 1150, 1143, 1137, 1132, 1127, 1123, 1119, 1116, 1112, 1108, 1104, 1102, 1101, 1101, 1102, 1105, 1102, 1102, 1108, 1100, 1098, 1099, 1102, 1107, 1114, 1114, 1113, 1117, 1119, 1120, 1125, 1129, 1132, 1138, 1143, 1148, 1157, 1167, 1173, 1178, 1184, 1191, 1196, 1205, 1217, 1230, 1241, 1252, 1262, 1273, 1286, 1298, 1312, 1331, 1347, 1362, 1374, 1385]
[0, 1176, 1171, 1165, 1160, 1153, 1147, 1142, 1138, 1134, 1130, 1127, 1124, 1120, 1121, 1120, 1118, 1122, 1126, 1125, 1125, 1126, 1111, 1106, 1108, 1114, 1111, 1121, 1131, 1125, 1123, 1126, 1126, 1128, 1131, 1135, 1140, 1146, 1151, 1158, 1166, 1170, 1182, 1190, 1191, 1199, 1210, 1230, 1240, 1252, 1262, 1274, 1287, 1299, 1314, 1331, 1344, 1354, 1363, 1378, 1395]
[0, 1211, 1204, 1197, 1189, 1183, 1178, 1173, 1168, 1165, 1161, 1159, 1157, 1156, 1155, 1155, 1153, 1152, 1150, 1150, 1153, 1155, 1120, 1119, 1126, 1127, 1127, 1130, 1136, 1140, 1142, 1145, 1145, 1146, 1150, 1155, 1159, 1164, 1169, 1174, 1180, 1188, 1195, 1204, 1216, 1224, 1232, 1240, 1250, 1260, 1269, 1280, 1288, 1296, 1309, 1322, 1334, 1346, 1358, 1370, 1384]
[0, 1207, 1199, 1191, 1184, 1180, 1176, 1170, 1167, 1164, 1160, 1157, 1156, 1156, 1156, 1156, 1152, 1147, 1147, 1148, 1152, 1157, 1156, 1155, 1153, 1153, 1155, 1158, 1161, 1164, 1165, 1167, 1170, 1174, 1178, 1181, 1186, 1191, 1196, 1202, 1205, 1211, 1216, 1220, 1228, 1241, 1249, 1240, 1261, 1260, 1273, 1282, 1290, 1300, 1314, 1327, 1338, 1351, 1364, 1378, 1393]
[0, 1208, 1199, 1191, 1186, 1182, 1176, 1171, 1168, 1165, 1161, 1160, 1159, 1157, 1158, 1157, 1155, 1154, 1154, 1154, 1157, 1158, 1157, 1156, 1155, 1157, 1158, 1160, 1162, 1164, 1167, 1171, 1174, 1176, 1179, 1184, 1189, 1195, 1201, 1204, 1209, 1213, 1218, 1227, 1234, 1239, 1246, 1252, 1258, 1265, 1273, 1280, 1288, 1299, 1311, 1324, 1337, 1349, 1360, 1371, 1387]
[0, 1237, 1229, 1220, 1210, 1203, 1199, 1196, 1191, 1188, 1185, 1181, 1180, 1177, 1172, 1171, 1171, 1170, 1172, 1173, 1172, 1172, 1158, 1157, 1155, 1157, 1159, 1163, 1168, 1169, 1169, 1172, 1174, 1176, 1182, 1187, 1191, 1197, 1202, 1205, 1209, 1215, 1220, 1226, 1233, 1237, 1244, 1251, 1258, 1266, 1272, 1280, 1287, 1298, 1310, 1323, 1336, 1348, 1359, 1370, 1386]
[0, 1253, 1245, 1239, 1231, 1221, 1216, 1214, 1209, 1204, 1201, 1199, 1197, 1196, 1194, 1191, 1189, 1189, 1189, 1187, 1186, 1187, 1173, 1174, 1175, 1176, 1179, 1180, 1180, 1181, 1182, 1185, 1187, 1189, 1190, 1191, 1194, 1198, 1202, 1206, 1209, 1214, 1219, 1223, 1229, 1236, 1241, 1248, 1255, 1261, 1268, 1276, 1284, 1296, 1308, 1318, 1330, 1345, 1357, 1369, 1383]
[0, 1253, 1246, 1240, 1229, 1219, 1215, 1213, 1210, 1206, 1200, 1197, 1196, 1193, 1191, 1190, 1188, 1187, 1187, 1187, 1187, 1186, 1187, 1187, 1186, 1187, 1189, 1187, 1186, 1184, 1183, 1186, 1189, 1191, 1190, 1193, 1196, 1197, 1201, 1205, 1208, 1214, 1218, 1222, 1229, 1235, 1242, 1248, 1253, 1260, 1269, 1276, 1284, 1291, 1303, 1317, 1329, 1345, 1357, 1368, 1380]
[0, 1282, 1272, 1265, 1260, 1256, 1250, 1246, 1242, 1236, 1230, 1226, 1225, 1223, 1221, 1216, 1213, 1209, 1204, 1201, 1197, 1194, 1186, 1186, 1186, 1187, 1189, 1188, 1184, 1187, 1188, 1185, 1188, 1188, 1190, 1193, 1195, 1197, 1201, 1205, 1208, 1214, 1219, 1225, 1231, 1236, 1242, 1249, 1255, 1261, 1268, 1275, 1285, 1295, 1307, 1318, 1331, 1346, 1356, 1367, 1383]
[0, 1289, 1281, 1275, 1270, 1265, 1257, 1252, 1249, 1243, 1239, 1235, 1232, 1229, 1225, 1216, 1208, 1205, 1203, 1201, 1197, 1194, 1193, 1190, 1186, 1186, 1187, 1184, 1183, 1184, 1183, 1185, 1185, 1187, 1190, 1193, 1195, 1197, 1201, 1204, 1207, 1213, 1218, 1223, 1229, 1235, 1241, 1247, 1254, 1260, 1266, 1274, 1283, 1294, 1306, 1317, 1327, 1341, 1356, 1367, 1380]
[0, 1301, 1295, 1287, 1279, 1273, 1266, 1263, 1260, 1254, 1245, 1235, 1232, 1227, 1221, 1215, 1210, 1206, 1201, 1199, 1197, 1194, 1190, 1187, 1187, 1186, 1187, 1186, 1183, 1183, 1183, 1185, 1186, 1187, 1189, 1192, 1194, 1196, 1200, 1204, 1209, 1213, 1218, 1226, 1233, 1238, 1242, 1245, 1255, 1265, 1269, 1276, 1287, 1298, 1309, 1319, 1333, 1347, 1358, 1370, 1385]
[0, 1301, 1295, 1287, 1279, 1273, 1266, 1263, 1260, 1254, 1245, 1235, 1232, 1227, 1221, 1215, 1210, 1206, 1201, 1199, 1197, 1194, 1191, 1188, 1187, 1186, 1185, 1183, 1182, 1184, 1184, 1184, 1185, 1186, 1188, 1191, 1192, 1195, 1199, 1204, 1209, 1213, 1217, 1223, 1229, 1237, 1244, 1248, 1254, 1264, 1269, 1276, 1287, 1298, 1309, 1319, 1332, 1345, 1357, 1368, 1383]
[0, 1301, 1295, 1287, 1279, 1273, 1266, 1263, 1260, 1254, 1245, 1235, 1232, 1227, 1221, 1215, 1210, 1206, 1201, 1199, 1197, 1194, 1191, 1188, 1187, 1186, 1185, 1183, 1182, 1184, 13391, 1184, 1185, 1186, 1188, 1191, 1192, 1195, 1199, 1204, 1209, 1213, 1217, 1223, 1229, 1237, 1244, 1248, 1254, 1264, 1269, 1276, 1287, 1298, 1309, 1319, 1332, 1345, 1357, 1368, 1383]
[0, 1301, 1295, 1287, 1279, 1273, 1266, 1263, 1260, 1254, 1245, 1235, 1232, 1227, 1221, 1215, 1210, 1206, 1201, 1199, 1197, 1194, 1191, 1188, 1187, 1186, 1185, 1183, 1182, 1184, 13391, 3968, 1185, 1186, 1188, 1191, 1192, 1195, 1199, 1204, 1209, 1213, 1217, 1223, 1229, 1237, 1244, 1248, 1254, 1264, 1269, 1276, 1287, 1298, 1309, 1319, 1332, 1345, 1357, 1368, 1383]
[0, 1301, 1295, 1287, 1279, 1273, 1266, 1263, 1260, 1254, 1245, 1235, 1232, 1227, 1221, 1215, 1210, 1206, 1201, 1199, 1197, 1194, 1191, 1188, 1187, 1186, 1185, 1183, 1182, 1184, 3968, 3968, 1185, 1186, 1188, 1191, 1192, 1195, 1199, 1204, 1209, 1213, 1217, 1223, 1229, 1237, 1244, 1248, 1254, 1264, 1269, 1276, 1287, 1298, 1309, 1319, 1332, 1345, 1357, 1368, 1383]
[0, 1301, 1295, 1287, 1279, 1273, 1266, 1263, 1260, 1254, 1245, 1235, 1232, 1227, 1221, 1215, 1210, 1206, 1201, 1199, 1197, 1194, 1191, 1188, 1187, 1186, 1185, 1183, 1182, 1184, 3968, 3968, 1185, 1186, 1188, 1191, 1192, 1195, 1199, 1204, 1209, 1213, 1217, 1223, 1229, 1237, 1244, 1248, 1254, 1264, 1269, 1276, 1287, 1298, 1309, 1319, 1332, 1345, 1357, 1368, 1383]
[0, 1341, 1326, 1313, 1300, 1288, 1282, 1273, 1264, 1256, 1248, 1242, 1237, 1230, 1224, 1217, 1211, 1206, 1201, 1198, 1196, 1194, 1191, 1188, 1187, 1186, 1185, 1183, 1182, 1184, 3968, 3968, 1185, 1186, 1188, 1191, 1192, 1195, 1199, 1204, 1209, 1213, 1217, 1223, 1229, 1237, 1244, 1248, 1254, 1264, 1269, 1276, 1287, 1298, 1309, 1319, 1332, 1345, 1357, 1368, 1383]
[0, 1336, 1325, 1312, 1298, 1287, 1279, 1270, 1262, 1255, 1248, 1242, 1235, 1228, 1223, 1216, 1210, 1206, 1201, 1198, 1196, 1193, 1190, 1189, 1189, 1187, 1183, 1182, 1182, 1182, 1182, 1181, 1182, 1183, 1186, 1188, 1190, 1221, 1199, 1204, 1209, 1213, 1217, 1223, 1229, 1227, 1233, 1239, 1245, 1253, 1269, 1276, 1275, 1284, 1294, 1307, 1330, 1346, 1357, 1368, 1383]
[0, 1337, 1324, 1311, 1298, 1287, 1279, 1270, 1262, 1255, 1247, 1240, 1233, 1227, 1221, 1215, 1210, 1205, 1201, 1197, 1195, 1192, 1189, 1186, 1184, 1182, 1181, 1182, 1181, 1181, 1182, 1182, 1182, 1183, 1184, 1187, 1190, 1191, 1193, 1196, 1200, 1204, 1209, 1214, 1219, 1225, 1232, 1240, 1246, 1253, 1260, 1267, 1275, 1283, 1294, 1303, 1315, 1330, 1356, 1366, 1380]
[0, 1336, 1323, 1308, 1295, 1287, 1279, 1270, 1262, 1252, 1244, 1240, 1233, 1227, 1221, 1215, 1209, 1205, 1200, 1197, 1194, 1192, 1188, 1186, 1183, 1181, 1181, 1181, 1180, 1180, 1181, 1182, 1182, 1183, 1184, 1188, 1191, 1191, 1193, 1196, 1200, 1204, 1207, 1212, 1219, 1226, 1231, 1239, 1245, 1252, 1261, 1269, 1275, 1282, 1293, 1303, 1315, 1330, 1343, 1356, 1369]
[0, 1326, 1313, 1300, 1288, 1279, 1272, 1265, 1256, 1247, 1242, 1236, 1233, 1224, 1220, 1211, 1203, 1202, 1200, 1193, 1190, 1187, 1188, 1185, 1184, 1182, 1181, 1181, 1180, 1180, 1180, 1180, 1181, 1182, 1184, 1186, 1187, 1189, 1193, 1196, 1200, 1203, 1208, 1215, 1218, 1223, 1230, 1236, 1245, 1252, 1259, 1266, 1274, 1283, 1293, 1303, 1315, 1344, 1357, 1369, 1387]
[0, 1327, 1314, 1302, 1291, 1282, 1273, 1265, 1256, 1248, 1243, 1236, 1231, 1224, 1216, 1212, 1208, 1202, 1196, 1193, 1190, 1187, 1187, 1185, 1182, 1181, 1178, 1179, 1179, 1178, 1180, 1181, 1180, 1183, 1187, 1190, 1189, 1192, 1196, 1197, 1201, 1205, 1210, 1215, 1221, 1226, 1233, 1241, 1248, 1255, 1263, 1271, 1279, 1287, 1297, 1309, 1323, 1338, 1351, 1365, 1382]
[0, 1327, 1312, 1299, 1291, 1289, 1280, 1272, 1264, 1247, 1243, 1235, 1231, 1229, 1221, 1214, 1209, 1205, 1199, 1195, 1192, 1190, 1186, 1186, 1185, 1182, 1178, 1177, 1176, 1177, 1180, 1180, 1180, 1182, 1183, 1185, 1187, 1192, 1195, 1197, 1200, 1203, 1207, 1213, 1219, 1226, 1233, 1241, 1247, 1254, 1260, 1267, 1277, 1288, 1297, 1311, 1329, 1346, 1356, 1369, 1388]
[0, 1325, 1312, 1299, 1288, 1279, 1270, 1263, 1256, 1247, 1241, 1235, 1228, 1229, 1216, 1214, 1203, 1199, 1199, 1196, 1193, 1189, 1189, 1186, 1184, 1181, 1179, 1178, 1176, 1176, 1177, 1179, 1181, 1182, 1184, 1184, 1186, 1189, 1191, 1194, 1198, 1202, 1205, 1211, 1222, 1226, 1229, 1236, 1251, 1259, 1266, 1274, 1277, 1293, 1309, 1327, 1341, 1357, 1370, 1384, 1403]
[0, 1335, 1322, 1307, 1295, 1285, 1277, 1269, 1261, 1253, 1246, 1239, 1232, 1226, 1221, 1215, 1208, 1203, 1199, 1195, 1192, 1188, 1189, 1186, 1184, 1181, 1179, 1178, 1176, 1176, 1177, 1178, 1179, 1181, 1184, 1184, 1186, 1189, 1191, 1194, 1198, 1202, 1211, 1211, 1216, 1221, 1228, 1235, 1251, 1259, 1266, 1277, 1277, 1299, 1315, 1327, 1341, 1357, 1370, 1387, 1403]
[0, 1333, 1322, 1310, 1295, 1285, 1277, 1268, 1262, 1253, 1245, 1241, 1235, 1229, 1222, 1215, 1210, 1205, 1200, 1196, 1193, 1190, 1186, 1186, 1184, 1180, 1179, 1177, 1176, 1178, 1176, 1177, 1180, 1181, 1182, 1186, 1190, 1191, 1192, 1195, 1199, 1202, 1206, 1212, 1219, 1225, 1231, 1238, 1245, 1252, 1261, 1272, 1284, 1295, 1306, 1321, 1335, 1343, 1355, 1373, 1390]
[0, 1334, 1320, 1306, 1294, 1285, 1277, 1268, 1262, 1252, 1245, 1240, 1232, 1225, 1220, 1214, 1209, 1204, 1200, 1196, 1192, 1189, 1188, 1185, 1183, 1181, 1179, 1178, 1176, 1175, 1177, 1179, 1180, 1182, 1183, 1186, 1190, 1188, 1194, 1198, 1202, 1205, 1210, 1218, 1225, 1231, 1241, 1253, 1262, 1269, 1276, 1288, 1298, 1308, 1319, 1325, 1339, 1355, 1368, 1383, 1396]
[0, 1327, 1315, 1302, 1291, 1280, 1272, 1264, 1255, 1248, 1242, 1236, 1228, 1222, 1217, 1210, 1206, 1201, 1196, 1194, 1193, 1189, 1187, 1185, 1183, 1181, 1179, 1178, 1179, 1182, 1188, 1193, 1180, 1198, 1200, 1203, 1205, 1208, 1211, 1214, 1216, 1221, 1229, 1234, 1238, 1245, 1250, 1255, 1262, 1269, 1276, 1287, 1296, 1307, 1318, 1326, 1336, 1352, 1368, 1383, 1396]
[0, 1333, 1319, 1307, 1295, 1285, 1276, 1267, 1261, 1252, 1245, 1240, 1232, 1225, 1220, 1217, 1216, 1214, 1210, 1208, 1207, 1205, 1189, 1189, 1186, 1188, 1193, 1195, 1195, 1194, 1194, 1195, 1196, 1199, 1201, 1202, 1204, 1207, 1210, 1213, 1214, 1217, 1224, 1228, 1234, 1242, 1248, 1253, 1260, 1266, 1273, 1282, 1293, 1300, 1310, 1323, 1334, 1344, 1358, 1376, 1390]
[0, 1332, 1319, 1307, 1295, 1285, 1276, 1268, 1262, 1254, 1246, 1239, 1231, 1225, 1220, 1218, 1216, 1213, 1210, 1207, 1207, 1206, 1204, 1202, 1200, 1198, 1195, 1196, 1196, 1194, 1193, 1195, 1196, 1196, 1197, 1200, 1203, 1205, 1208, 1210, 1213, 1217, 1220, 1224, 1231, 1239, 1247, 1252, 1257, 1263, 1270, 1280, 1290, 1298, 1316, 1328, 1341, 1356, 1372, 1386, 1399]
[0, 1330, 1317, 1306, 1294, 1284, 1276, 1269, 1261, 1256, 1253, 1249, 1243, 1238, 1235, 1232, 1227, 1221, 1216, 1213, 1210, 1206, 1204, 1202, 1198, 1197, 1195, 1195, 1197, 1195, 1193, 1195, 1196, 1196, 1197, 1201, 1206, 1205, 1210, 1210, 1216, 1217, 1221, 1227, 1239, 1239, 1246, 1256, 1263, 1270, 1279, 1289, 1297, 1306, 1316, 1328, 1341, 1356, 1369, 1383, 1397]
[0, 1330, 1323, 1313, 1304, 1297, 1287, 1277, 1269, 1263, 1257, 1250, 1244, 1238, 1233, 1228, 1223, 1217, 1213, 1210, 1207, 1205, 1204, 1201, 1199, 1197, 1196, 1194, 1193, 1194, 1195, 1195, 1195, 1198, 1201, 1201, 1202, 1204, 1208, 1210, 1213, 1217, 1222, 1228, 1234, 1241, 1247, 1252, 1257, 1265, 1273, 1280, 1288, 1297, 1309, 1320, 1328, 1340, 1356, 1373, 1388]
[0, 1337, 1327, 1315, 1306, 1301, 1291, 1282, 1274, 1266, 1259, 1252, 1244, 1240, 1236, 1231, 1226, 1222, 1217, 1211, 1208, 1206, 1202, 1199, 1199, 1197, 1196, 1194, 1193, 1195, 1194, 1195, 1197, 1199, 1200, 1201, 1203, 1207, 1210, 1213, 1216, 1219, 1227, 1232, 1236, 1242, 1248, 1255, 1261, 1269, 1277, 1282, 1291, 1302, 1313, 1324, 1335, 1351, 1367, 1382, 1396]
[0, 1339, 1327, 1316, 1307, 1302, 1288, 1278, 1275, 1267, 1259, 1251, 1245, 1240, 1235, 1231, 1226, 1220, 1216, 1212, 1209, 1207, 1203, 1200, 1197, 1195, 1195, 1195, 1195, 1194, 1194, 1195, 1196, 1198, 1202, 1203, 1202, 1205, 1207, 1211, 1216, 1220, 1224, 1228, 1231, 1236, 1245, 1253, 1259, 1266, 1273, 1282, 1292, 1300, 1310, 1322, 1333, 1344, 1358, 1374, 1388]
[0, 1336, 1324, 1313, 1304, 1296, 1286, 1276, 1272, 1265, 1257, 1250, 1243, 1237, 1233, 1228, 1222, 1217, 1213, 1210, 1207, 1204, 1205, 1201, 1198, 1197, 1196, 1195, 1194, 1194, 1195, 1195, 1196, 1199, 1200, 1205, 1205, 1203, 1209, 1211, 1212, 1216, 1223, 1229, 1234, 1240, 1246, 1252, 1257, 1264, 1272, 1281, 1289, 1297, 1309, 1322, 1330, 1340, 1357, 1374, 1389]
[0, 1352, 1337, 1325, 1304, 1296, 1295, 1285, 1276, 1265, 1256, 1250, 1243, 1243, 1237, 1233, 1222, 1217, 1216, 1210, 1206, 1205, 1201, 1199, 1198, 1196, 1195, 1194, 1194, 1195, 1194, 1194, 1197, 1199, 1201, 1201, 1203, 1207, 1210, 1213, 1213, 1217, 1224, 1229, 1233, 1239, 1248, 1254, 1261, 1269, 1277, 1286, 1295, 1302, 1313, 1324, 1333, 1349, 1366, 1377, 1391]
[0, 1352, 1325, 1315, 1304, 1296, 1295, 1277, 1272, 1265, 1256, 1250, 1243, 1237, 1232, 1228, 1222, 1217, 1218, 1214, 1207, 1204, 1202, 1198, 1198, 1196, 1195, 1194, 1194, 1195, 1194, 1195, 1196, 1199, 1201, 1202, 1204, 1207, 1210, 1213, 1213, 1216, 1224, 1230, 1233, 1239, 1248, 1254, 1261, 1269, 1277, 1286, 1294, 1302, 1314, 1324, 1333, 1349, 1366, 1380, 1395]
[0, 1351, 1325, 1315, 1304, 1296, 1286, 1277, 1270, 1264, 1256, 1250, 1243, 1237, 1232, 1227, 1222, 1219, 1219, 1214, 1206, 1204, 1201, 1198, 1197, 1196, 1195, 1194, 1194, 1194, 1194, 1195, 1196, 1199, 1200, 1201, 1203, 1207, 1209, 1212, 1214, 1217, 1222, 1228, 1236, 1242, 1249, 1255, 1261, 1268, 1276, 1285, 1295, 1303, 1314, 1324, 1333, 1349, 1366, 1379, 1394]
[0, 1337, 1324, 1314, 1305, 1296, 1287, 1278, 1270, 1263, 1256, 1250, 1244, 1238, 1233, 1228, 1224, 1218, 1214, 1211, 1207, 1204, 1201, 1198, 1197, 1196, 1195, 1194, 1194, 1194, 1194, 1195, 1196, 1199, 1200, 1201, 1203, 1207, 1209, 1212, 1214, 1220, 1226, 1229, 1236, 1243, 1248, 1254, 1261, 1269, 1276, 1285, 1295, 1303, 1313, 1323, 1333, 1349, 1365, 1379, 1394]
[0, 1348, 1333, 1320, 1304, 1295, 1294, 1284, 1274, 1266, 1258, 1251, 1244, 1239, 1236, 1232, 1227, 1221, 1217, 1213, 1208, 1205, 1200, 1198, 1197, 1195, 1194, 1194, 1193, 1195, 1195, 1196, 1198, 1198, 1200, 1201, 1203, 1206, 1209, 1212, 1214, 1220, 1225, 1228, 1235, 1241, 1246, 1252, 1262, 1269, 1277, 1286, 1295, 1302, 1312, 1323, 1334, 1349, 1365, 1378, 1393]
[0, 1343, 1328, 1320, 1311, 1302, 1293, 1284, 1277, 1269, 1259, 1256, 1250, 1240, 1236, 1231, 1224, 1218, 1215, 1212, 1207, 1204, 1202, 1199, 1195, 1193, 1196, 1195, 1195, 1194, 1194, 1197, 1199, 1198, 1199, 1201, 1203, 1205, 1207, 1210, 1213, 1216, 1221, 1226, 1239, 1246, 1246, 1256, 1262, 1270, 1280, 1289, 1297, 1306, 1316, 1327, 1341, 1355, 1369, 1383, 1398]
[0, 1348, 1334, 1321, 1312, 1303, 1294, 1284, 1274, 1265, 1258, 1252, 1246, 1239, 1234, 1231, 1227, 1219, 1214, 1211, 1206, 1205, 1203, 1201, 1198, 1197, 1196, 1194, 1194, 1193, 1195, 1194, 1193, 1194, 1196, 1200, 1202, 1204, 1208, 1210, 1213, 1216, 1221, 1226, 1231, 1235, 1240, 1247, 1262, 1270, 1279, 1288, 1297, 1306, 1315, 1326, 1337, 1352, 1368, 1383, 1398]
[0, 1348, 1333, 1321, 1312, 1303, 1294, 1284, 1274, 1265, 1258, 1252, 1246, 1239, 1234, 1231, 1227, 1218, 1213, 1210, 1207, 1205, 1205, 1202, 1199, 1198, 1195, 1195, 1195, 1193, 1193, 1195, 1196, 1197, 1201, 1200, 1205, 1204, 1207, 1213, 1216, 1220, 1225, 1231, 1237, 1244, 1249, 1255, 1261, 1269, 1276, 1286, 1296, 1303, 1313, 1324, 1334, 1349, 1365, 1380, 1395]
