[0, 0, 0, 0, 0, 0, 0, 0, 0, 0, 0, 0, 0, 0, 0, 0, 0, 0, 0, 0, 0, 0, 0, 0, 0, 0, 0, 0, 0, 0, 0, 0, 0, 0, 0, 0, 0, 0, 0, 0, 0, 0, 0, 0, 0, 0, 0, 0, 0, 0, 0, 0, 0, 0, 0, 0, 0, 0, 0, 0, 0]
[0, 533, 528, 523, 523, 520, 518, 513, 510, 508, 506, 504, 501, 498, 497, 494, 493, 492, 489, 488, 487, 485, 484, 484, 483, 483, 483, 484, 484, 484, 484, 484, 485, 487, 488, 489, 489, 492, 495, 496, 498, 501, 501, 503, 505, 511, 512, 514, 516, 525, 526, 529, 533, 538, 547, 549, 553, 557, 569, 576, 584]
[0, 534, 530, 526, 522, 518, 515, 511, 509, 507, 504, 500, 498, 497, 494, 494, 491, 492, 488, 488, 487, 485, 486, 485, 483, 483, 482, 483, 484, 484, 484, 485, 486, 487, 487, 488, 489, 492, 495, 496, 498, 500, 501, 505, 508, 511, 511, 514, 520, 524, 528, 533, 537, 542, 547, 552, 556, 562, 569, 576, 583]
[0, 534, 528, 523, 521, 518, 514, 511, 510, 507, 504, 504, 502, 497, 494, 495, 493, 491, 489, 489, 487, 486, 484, 485, 485, 484, 484, 484, 484, 484, 483, 484, 485, 486, 487, 488, 489, 491, 493, 494, 495, 498, 501, 504, 507, 509, 512, 515, 519, 522, 525, 530, 535, 539, 543, 549, 554, 559, 565, 572, 579]
[0, 532, 528, 527, 523, 520, 516, 512, 511, 508, 506, 503, 500, 498, 496, 495, 493, 491, 489, 487, 487, 486, 485, 484, 484, 484, 484, 483, 483, 484, 485, 485, 485, 487, 487, 489, 490, 491, 493, 495, 497, 498, 501, 504, 507, 510, 512, 515, 518, 522, 527, 531, 536, 540, 545, 549, 555, 560, 567, 575, 580]
[0, 534, 530, 526, 522, 518, 516, 512, 510, 507, 504, 503, 502, 499, 497, 496, 494, 493, 491, 490, 489, 487, 487, 487, 484, 483, 483, 483, 484, 484, 484, 485, 486, 487, 487, 488, 490, 491, 494, 495, 497, 498, 503, 505, 507, 511, 514, 515, 520, 524, 527, 528, 537, 542, 547, 552, 556, 561, 568, 576, 581]
[0, 537, 533, 528, 523, 520, 517, 514, 511, 509, 506, 504, 501, 499, 497, 495, 493, 491, 490, 488, 487, 487, 486, 485, 486, 485, 485, 485, 484, 485, 485, 486, 487, 487, 487, 489, 492, 494, 495, 496, 499, 501, 503, 506, 508, 510, 513, 516, 518, 523, 528, 532, 536, 541, 545, 551, 557, 562, 569, 575, 582]
[0, 537, 533, 528, 524, 520, 517, 514, 511, 509, 506, 504, 501, 499, 497, 495, 493, 492, 490, 488, 487, 488, 486, 485, 486, 485, 485, 484, 484, 485, 486, 486, 486, 487, 488, 489, 492, 493, 495, 495, 499, 501, 503, 505, 508, 508, 511, 514, 521, 526, 528, 533, 538, 543, 545, 547, 553, 559, 570, 577, 583]
[0, 537, 533, 528, 524, 521, 517, 514, 511, 509, 507, 504, 501, 499, 497, 495, 494, 492, 490, 489, 488, 487, 487, 485, 486, 485, 485, 484, 485, 486, 486, 486, 486, 487, 488, 489, 492, 493, 493, 497, 499, 501, 503, 505, 508, 511, 511, 517, 522, 526, 529, 533, 533, 538, 543, 553, 559, 564, 570, 577, 584]
[0, 539, 535, 532, 528, 524, 521, 519, 516, 513, 510, 508, 505, 503, 501, 499, 498, 492, 494, 489, 493, 487, 492, 486, 486, 485, 486, 485, 486, 486, 487, 486, 488, 487, 489, 491, 494, 493, 496, 497, 499, 502, 504, 507, 509, 511, 515, 521, 525, 526, 530, 534, 543, 538, 548, 553, 558, 564, 577, 577, 591]
[0, 543, 539, 535, 531, 527, 524, 521, 519, 516, 513, 510, 509, 507, 505, 503, 501, 492, 498, 498, 497, 487, 496, 496, 486, 490, 489, 490, 491, 491, 491, 492, 492, 493, 494, 495, 496, 498, 500, 502, 504, 506, 509, 510, 512, 515, 519, 522, 526, 530, 534, 538, 542, 546, 552, 557, 562, 567, 573, 581, 588]
[0, 541, 537, 533, 531, 526, 524, 523, 520, 517, 514, 512, 510, 508, 506, 504, 502, 500, 499, 498, 497, 496, 495, 495, 495, 494, 489, 494, 494, 495, 493, 494, 496, 497, 497, 499, 501, 501, 503, 506, 508, 511, 512, 514, 517, 520, 523, 526, 530, 534, 538, 542, 547, 551, 556, 561, 566, 572, 579, 586, 593]
[0, 543, 538, 534, 530, 527, 523, 520, 518, 516, 513, 510, 508, 506, 505, 503, 502, 501, 498, 498, 498, 497, 495, 495, 494, 494, 494, 493, 494, 495, 495, 496, 496, 497, 499, 500, 501, 502, 504, 506, 508, 511, 513, 516, 519, 521, 525, 527, 531, 536, 540, 543, 548, 554, 558, 564, 569, 575, 582, 590, 596]
[0, 542, 538, 534, 530, 527, 523, 520, 518, 515, 513, 510, 508, 506, 505, 504, 503, 501, 499, 497, 498, 497, 495, 495, 495, 494, 494, 493, 494, 495, 495, 495, 496, 497, 498, 499, 500, 502, 504, 506, 508, 510, 513, 515, 518, 521, 524, 527, 530, 534, 538, 543, 547, 551, 556, 562, 567, 573, 580, 587, 593]
[0, 545, 540, 536, 532, 528, 525, 522, 520, 517, 514, 511, 509, 507, 505, 503, 502, 500, 499, 497, 497, 496, 495, 495, 495, 494, 494, 493, 494, 495, 495, 495, 496, 496, 498, 499, 500, 502, 504, 506, 508, 510, 513, 515, 517, 521, 523, 526, 530, 534, 538, 543, 547, 551, 556, 562, 567, 573, 580, 587, 594]
[0, 546, 542, 538, 534, 531, 528, 524, 520, 519, 517, 514, 512, 510, 508, 506, 504, 503, 499, 502, 499, 499, 499, 495, 494, 494, 494, 494, 494, 495, 495, 495, 496, 497, 499, 499, 501, 503, 505, 507, 509, 511, 513, 516, 519, 522, 525, 529, 534, 537, 541, 545, 549, 554, 559, 564, 570, 576, 584, 592, 597]
[0, 547, 543, 539, 534, 531, 529, 526, 523, 520, 517, 514, 512, 510, 508, 508, 505, 503, 501, 500, 500, 500, 499, 498, 498, 494, 497, 498, 494, 498, 495, 499, 500, 502, 499, 503, 504, 506, 507, 511, 513, 515, 513, 518, 521, 524, 530, 529, 534, 538, 542, 546, 550, 555, 565, 564, 577, 584, 591, 598, 603]
[0, 547, 543, 539, 535, 532, 528, 525, 523, 520, 518, 515, 512, 511, 508, 508, 506, 503, 504, 502, 502, 501, 499, 501, 498, 497, 497, 498, 498, 497, 497, 499, 500, 502, 503, 504, 505, 508, 509, 510, 512, 515, 518, 520, 523, 526, 529, 533, 537, 541, 546, 550, 553, 559, 564, 569, 575, 581, 589, 595, 601]
[0, 546, 542, 538, 535, 531, 528, 526, 523, 522, 519, 517, 515, 513, 511, 509, 507, 505, 503, 503, 503, 502, 502, 501, 500, 500, 500, 500, 499, 501, 501, 501, 502, 502, 504, 505, 506, 509, 510, 512, 515, 517, 519, 521, 524, 527, 530, 533, 537, 542, 547, 549, 553, 558, 563, 568, 575, 582, 588, 594, 600]
[0, 546, 542, 538, 534, 531, 528, 528, 525, 522, 519, 517, 515, 513, 511, 509, 507, 506, 504, 503, 502, 502, 501, 501, 500, 500, 499, 499, 499, 499, 500, 501, 502, 503, 504, 506, 508, 509, 511, 512, 514, 517, 520, 522, 525, 529, 532, 535, 538, 542, 547, 552, 555, 559, 564, 570, 577, 584, 590, 596, 603]
[0, 550, 546, 538, 539, 531, 536, 532, 530, 527, 524, 521, 520, 518, 516, 514, 513, 512, 510, 508, 508, 507, 507, 506, 500, 499, 499, 499, 499, 499, 500, 501, 502, 503, 504, 506, 508, 509, 511, 512, 514, 517, 520, 522, 525, 528, 531, 535, 538, 542, 547, 551, 554, 559, 565, 570, 576, 583, 589, 595, 602]
[0, 556, 552, 548, 545, 541, 538, 535, 530, 530, 528, 525, 520, 521, 520, 514, 516, 512, 515, 513, 512, 511, 511, 510, 506, 506, 506, 506, 506, 506, 506, 507, 507, 508, 510, 511, 513, 515, 517, 519, 521, 523, 525, 528, 531, 534, 537, 541, 544, 550, 554, 557, 561, 566, 572, 578, 584, 590, 597, 604, 611]
[0, 560, 557, 553, 549, 546, 543, 539, 536, 533, 531, 529, 526, 524, 522, 521, 520, 518, 516, 516, 515, 514, 514, 513, 510, 510, 509, 508, 509, 510, 510, 511, 512, 512, 514, 515, 517, 519, 521, 522, 524, 527, 529, 532, 535, 538, 541, 544, 549, 552, 556, 561, 566, 570, 575, 582, 594, 600, 597, 614, 611]
[0, 560, 555, 551, 548, 545, 542, 539, 536, 533, 530, 528, 526, 524, 523, 521, 520, 518, 516, 515, 514, 513, 513, 513, 513, 512, 512, 512, 512, 512, 513, 514, 515, 516, 517, 519, 521, 523, 524, 526, 528, 531, 533, 536, 539, 542, 546, 549, 554, 558, 561, 565, 570, 576, 583, 588, 594, 600, 606, 614, 621]
[0, 565, 561, 557, 554, 551, 548, 545, 542, 539, 536, 534, 532, 530, 528, 527, 525, 523, 522, 521, 520, 520, 519, 513, 512, 511, 511, 512, 513, 513, 513, 514, 514, 515, 517, 519, 521, 523, 525, 526, 529, 531, 533, 536, 540, 543, 546, 549, 553, 557, 562, 566, 571, 576, 583, 588, 594, 600, 607, 614, 621]
[0, 569, 564, 560, 557, 554, 550, 547, 545, 542, 539, 537, 535, 533, 531, 529, 527, 526, 525, 524, 523, 522, 522, 521, 519, 518, 518, 517, 518, 519, 520, 520, 521, 523, 524, 525, 528, 529, 531, 533, 535, 538, 540, 543, 546, 549, 553, 557, 560, 564, 569, 574, 579, 584, 590, 596, 602, 609, 615, 622, 630]
[0, 575, 570, 566, 562, 558, 556, 553, 550, 547, 545, 542, 539, 538, 536, 534, 533, 531, 529, 528, 528, 527, 527, 521, 520, 520, 520, 520, 520, 521, 521, 522, 523, 524, 525, 527, 529, 531, 533, 534, 536, 539, 542, 545, 547, 550, 554, 558, 562, 565, 569, 574, 579, 584, 591, 596, 602, 608, 615, 622, 630]
[0, 572, 570, 568, 564, 561, 558, 554, 551, 549, 547, 544, 542, 540, 538, 536, 534, 533, 532, 532, 530, 529, 529, 529, 525, 525, 525, 524, 525, 526, 527, 527, 528, 529, 531, 533, 534, 536, 538, 540, 541, 544, 546, 549, 553, 556, 559, 563, 567, 571, 576, 581, 586, 591, 596, 602, 608, 615, 622, 629, 637]
[0, 577, 573, 569, 565, 560, 557, 555, 553, 550, 547, 545, 543, 542, 540, 538, 536, 534, 533, 532, 531, 530, 529, 529, 528, 527, 526, 526, 527, 528, 528, 529, 530, 531, 533, 534, 536, 538, 540, 542, 544, 546, 548, 552, 555, 557, 561, 564, 568, 572, 578, 582, 587, 591, 597, 604, 611, 616, 622, 630, 638]
[0, 578, 574, 570, 565, 561, 558, 555, 553, 551, 547, 545, 542, 541, 540, 538, 537, 534, 533, 532, 532, 531, 530, 529, 529, 528, 528, 528, 528, 529, 530, 530, 532, 533, 534, 536, 538, 540, 541, 543, 546, 548, 551, 553, 556, 559, 563, 567, 571, 575, 580, 585, 590, 595, 601, 607, 613, 619, 626, 634, 642]
[0, 583, 579, 576, 571, 566, 563, 560, 558, 555, 553, 550, 548, 546, 544, 543, 542, 540, 539, 538, 537, 536, 536, 529, 529, 529, 528, 528, 528, 529, 530, 531, 532, 533, 534, 536, 538, 539, 540, 543, 546, 548, 551, 553, 556, 560, 563, 567, 571, 575, 580, 585, 590, 595, 601, 607, 613, 619, 626, 634, 642]
[0, 587, 583, 578, 573, 570, 567, 564, 561, 558, 556, 554, 553, 551, 544, 547, 546, 540, 543, 538, 543, 540, 536, 540, 534, 534, 528, 534, 534, 529, 535, 536, 538, 533, 540, 542, 544, 546, 540, 550, 546, 553, 558, 553, 563, 567, 571, 575, 579, 583, 588, 593, 598, 603, 609, 615, 622, 629, 636, 644, 652]
[0, 602, 597, 594, 590, 587, 583, 579, 576, 573, 571, 569, 566, 565, 563, 560, 558, 558, 557, 556, 556, 555, 554, 539, 534, 539, 528, 539, 539, 539, 540, 541, 541, 542, 544, 545, 547, 549, 551, 553, 555, 557, 559, 562, 565, 568, 572, 576, 581, 585, 593, 593, 599, 604, 609, 615, 628, 636, 643, 650, 658]
[0, 606, 602, 598, 594, 591, 583, 583, 581, 578, 571, 572, 566, 570, 569, 567, 566, 564, 563, 561, 561, 560, 559, 559, 554, 552, 553, 553, 553, 553, 555, 555, 556, 558, 559, 560, 562, 564, 566, 568, 570, 573, 576, 580, 583, 587, 590, 594, 598, 602, 607, 611, 617, 624, 630, 636, 643, 650, 657, 664, 672]
[0, 617, 612, 608, 603, 600, 597, 593, 590, 588, 585, 583, 580, 578, 576, 575, 573, 572, 570, 569, 568, 567, 566, 559, 559, 558, 558, 558, 558, 559, 560, 560, 562, 563, 564, 564, 566, 569, 571, 573, 576, 579, 582, 584, 587, 592, 595, 598, 602, 606, 611, 616, 621, 633, 630, 647, 643, 653, 668, 675, 683]
[0, 615, 610, 606, 603, 599, 596, 592, 589, 587, 585, 583, 581, 579, 576, 574, 572, 571, 570, 569, 568, 567, 566, 567, 565, 565, 565, 565, 566, 566, 568, 570, 570, 570, 573, 575, 577, 579, 581, 584, 586, 589, 592, 595, 598, 601, 604, 608, 613, 617, 623, 628, 635, 641, 647, 653, 660, 667, 674, 681, 690]
[0, 618, 613, 609, 604, 601, 598, 595, 591, 588, 586, 584, 581, 579, 577, 575, 573, 571, 570, 569, 568, 567, 567, 567, 565, 565, 565, 565, 566, 566, 567, 568, 569, 570, 572, 573, 577, 579, 579, 584, 587, 591, 594, 595, 599, 601, 602, 605, 609, 619, 625, 631, 637, 643, 649, 655, 660, 669, 677, 684, 693]
[0, 619, 609, 609, 605, 599, 595, 595, 591, 589, 587, 584, 582, 580, 578, 576, 574, 573, 570, 570, 569, 568, 567, 567, 565, 566, 565, 565, 566, 567, 567, 568, 570, 571, 572, 573, 575, 578, 580, 583, 586, 588, 591, 594, 597, 600, 604, 608, 612, 616, 621, 627, 633, 640, 646, 652, 658, 665, 672, 679, 688]
[0, 615, 610, 606, 603, 600, 596, 592, 589, 587, 585, 583, 581, 579, 576, 575, 573, 571, 570, 570, 568, 568, 567, 567, 566, 566, 566, 566, 567, 568, 568, 569, 570, 572, 573, 574, 576, 578, 581, 583, 586, 588, 591, 595, 597, 600, 604, 607, 612, 617, 622, 627, 633, 640, 646, 652, 658, 666, 673, 679, 688]
[0, 636, 631, 626, 621, 617, 614, 611, 608, 605, 602, 600, 598, 595, 593, 592, 590, 588, 587, 587, 586, 585, 585, 567, 566, 566, 566, 566, 566, 567, 568, 568, 569, 570, 572, 574, 576, 578, 579, 582, 585, 590, 591, 593, 596, 599, 606, 607, 614, 617, 625, 631, 637, 644, 646, 655, 662, 669, 677, 685, 693]
[0, 635, 631, 626, 621, 617, 614, 611, 608, 604, 602, 600, 598, 595, 593, 592, 590, 588, 587, 587, 586, 585, 585, 585, 584, 584, 584, 584, 585, 586, 587, 588, 588, 589, 591, 592, 594, 596, 598, 601, 603, 605, 608, 612, 615, 619, 623, 628, 634, 640, 645, 650, 655, 662, 667, 674, 681, 689, 698, 706, 713]
[0, 641, 635, 630, 626, 621, 618, 615, 612, 609, 607, 605, 602, 600, 597, 596, 595, 593, 592, 592, 590, 590, 590, 584, 584, 584, 584, 584, 585, 586, 587, 588, 588, 589, 591, 592, 594, 596, 598, 601, 603, 606, 609, 612, 615, 619, 623, 628, 634, 640, 645, 650, 655, 661, 667, 674, 681, 689, 698, 706, 713]
[0, 641, 635, 631, 627, 622, 618, 614, 611, 609, 607, 604, 602, 600, 598, 596, 594, 593, 592, 591, 590, 590, 589, 590, 589, 589, 589, 589, 585, 591, 591, 592, 588, 594, 596, 598, 594, 601, 598, 604, 607, 611, 614, 619, 615, 625, 631, 636, 634, 646, 651, 656, 662, 669, 675, 681, 688, 697, 705, 712, 720]
[0, 656, 651, 647, 627, 643, 635, 632, 629, 609, 623, 620, 618, 600, 614, 596, 612, 611, 610, 608, 608, 607, 606, 604, 589, 589, 589, 589, 589, 591, 592, 592, 593, 594, 596, 598, 600, 602, 604, 606, 609, 611, 614, 619, 622, 625, 631, 636, 641, 646, 651, 656, 662, 669, 675, 681, 688, 697, 705, 712, 720]
[0, 659, 655, 650, 646, 641, 637, 633, 630, 627, 625, 623, 620, 617, 616, 614, 612, 611, 610, 608, 606, 606, 606, 604, 605, 605, 606, 607, 607, 607, 608, 609, 609, 611, 612, 613, 615, 617, 619, 622, 624, 628, 632, 636, 640, 643, 647, 652, 656, 661, 667, 672, 678, 685, 691, 698, 706, 712, 720, 729, 738]
[0, 665, 660, 655, 651, 647, 643, 639, 635, 632, 630, 628, 626, 623, 621, 620, 618, 616, 615, 614, 613, 613, 612, 606, 605, 605, 606, 606, 606, 607, 608, 609, 610, 610, 612, 614, 616, 619, 621, 623, 626, 629, 634, 638, 641, 645, 649, 653, 658, 663, 669, 675, 680, 687, 695, 702, 709, 716, 723, 732, 740]
[0, 667, 663, 659, 654, 650, 647, 644, 640, 636, 634, 632, 629, 627, 625, 623, 621, 620, 618, 616, 616, 615, 614, 612, 612, 613, 613, 613, 614, 614, 614, 616, 617, 615, 612, 612, 622, 626, 629, 631, 635, 638, 642, 645, 649, 652, 656, 662, 667, 672, 677, 684, 690, 697, 704, 710, 717, 724, 733, 742, 753]
[0, 668, 663, 658, 654, 650, 647, 643, 640, 637, 634, 631, 629, 627, 624, 623, 621, 620, 618, 616, 616, 616, 615, 613, 614, 613, 615, 615, 615, 616, 617, 618, 618, 614, 608, 612, 605, 628, 629, 631, 638, 638, 646, 649, 652, 656, 661, 664, 669, 676, 681, 687, 694, 701, 708, 714, 721, 729, 738, 747, 757]
[0, 675, 670, 665, 661, 657, 653, 650, 647, 645, 642, 639, 637, 634, 631, 629, 627, 626, 625, 625, 624, 623, 622, 613, 614, 615, 615, 615, 615, 615, 616, 617, 618, 617, 614, 608, 605, 0, 629, 635, 638, 638, 645, 649, 652, 656, 656, 661, 670, 676, 682, 688, 694, 702, 709, 715, 722, 731, 740, 749, 757]
[0, 677, 671, 667, 662, 658, 654, 651, 648, 645, 643, 641, 638, 635, 633, 631, 629, 627, 626, 625, 624, 623, 622, 622, 622, 622, 623, 623, 623, 624, 625, 626, 626, 619, 608, 608, 603, 0, 0, 642, 645, 649, 652, 656, 660, 664, 669, 673, 679, 684, 690, 696, 703, 709, 716, 723, 730, 738, 747, 757, 767]
[0, 677, 681, 667, 676, 671, 667, 664, 661, 657, 655, 653, 650, 648, 646, 644, 642, 640, 639, 637, 637, 637, 636, 622, 622, 622, 623, 623, 623, 623, 625, 626, 625, 619, 611, 605, 603, 0, 0, 642, 645, 649, 653, 656, 659, 662, 667, 672, 678, 682, 688, 695, 702, 709, 715, 720, 728, 736, 746, 756, 764]
[0, 687, 681, 676, 672, 668, 664, 662, 660, 657, 653, 651, 649, 648, 647, 643, 642, 642, 640, 638, 637, 636, 635, 635, 635, 634, 634, 635, 637, 637, 638, 639, 635, 626, 618, 610, 604, 0, 0, 0, 657, 660, 663, 667, 671, 676, 680, 685, 691, 696, 701, 708, 714, 720, 726, 733, 741, 750, 759, 768, 777]
[0, 707, 701, 696, 691, 685, 682, 678, 675, 672, 669, 667, 664, 661, 659, 658, 655, 654, 652, 652, 652, 651, 650, 634, 634, 634, 634, 635, 636, 636, 638, 638, 636, 628, 617, 610, 604, 0, 0, 0, 656, 659, 662, 667, 671, 675, 679, 684, 690, 696, 702, 707, 713, 719, 726, 733, 741, 751, 760, 768, 776]
[0, 711, 706, 700, 696, 691, 687, 683, 681, 677, 675, 672, 669, 667, 665, 663, 661, 661, 659, 658, 657, 656, 656, 650, 649, 649, 648, 649, 650, 650, 652, 649, 641, 630, 621, 613, 607, 604, 0, 0, 0, 675, 680, 684, 687, 692, 697, 703, 708, 713, 718, 725, 732, 739, 747, 754, 761, 770, 778, 788, 798]
[0, 717, 712, 708, 702, 698, 694, 691, 686, 683, 681, 678, 676, 673, 672, 670, 667, 666, 664, 663, 663, 663, 662, 656, 655, 654, 654, 655, 656, 657, 658, 651, 639, 630, 621, 613, 609, 604, 605, 602, 0, 0, 688, 690, 691, 698, 706, 710, 714, 720, 727, 734, 741, 749, 756, 764, 773, 780, 789, 799, 809]
[0, 714, 710, 705, 700, 696, 692, 688, 685, 682, 679, 676, 674, 673, 670, 667, 666, 666, 665, 663, 662, 662, 661, 662, 661, 661, 660, 661, 662, 663, 663, 655, 643, 634, 626, 618, 612, 608, 605, 603, 0, 0, 0, 691, 691, 698, 0, 715, 720, 725, 731, 738, 745, 753, 760, 768, 776, 784, 793, 802, 812]
[0, 728, 722, 717, 713, 709, 706, 702, 699, 696, 693, 691, 687, 685, 683, 681, 679, 678, 676, 675, 675, 675, 675, 662, 661, 661, 660, 661, 662, 663, 663, 655, 652, 638, 629, 622, 615, 610, 606, 603, 0, 0, 696, 691, 691, 704, 713, 715, 722, 729, 735, 743, 750, 757, 765, 772, 781, 789, 798, 808, 818]
[0, 731, 726, 720, 714, 711, 708, 704, 701, 698, 694, 692, 690, 687, 684, 682, 681, 679, 678, 677, 676, 676, 677, 674, 673, 674, 674, 674, 662, 676, 663, 667, 653, 643, 634, 627, 620, 615, 611, 609, 608, 609, 614, 625, 691, 0, 726, 731, 737, 744, 751, 758, 765, 772, 779, 788, 797, 805, 815, 824, 832]
[0, 741, 726, 731, 726, 711, 721, 717, 712, 698, 709, 706, 704, 701, 699, 697, 695, 693, 692, 691, 690, 689, 689, 676, 675, 675, 675, 676, 677, 678, 673, 659, 646, 637, 629, 623, 617, 613, 611, 610, 610, 613, 621, 625, 691, 0, 728, 734, 740, 747, 754, 760, 767, 775, 782, 790, 799, 807, 817, 827, 835]
[0, 741, 736, 731, 726, 711, 721, 714, 711, 709, 706, 704, 704, 702, 700, 698, 695, 693, 692, 691, 690, 689, 688, 689, 689, 689, 688, 688, 690, 691, 688, 0, 653, 645, 636, 629, 624, 620, 617, 616, 616, 618, 624, 625, 691, 0, 739, 745, 750, 756, 763, 770, 777, 785, 792, 801, 810, 818, 827, 835, 844]
[0, 752, 746, 741, 737, 732, 727, 723, 719, 716, 714, 712, 709, 708, 707, 705, 703, 701, 699, 698, 697, 697, 696, 688, 689, 689, 688, 688, 690, 691, 690, 0, 654, 645, 636, 630, 624, 620, 617, 616, 616, 618, 624, 625, 691, 0, 739, 745, 750, 756, 763, 770, 777, 784, 792, 801, 809, 827, 834, 844, 844]
[0, 752, 749, 743, 738, 733, 729, 726, 722, 719, 715, 713, 711, 709, 707, 705, 703, 701, 701, 699, 698, 696, 695, 696, 696, 696, 697, 697, 699, 699, 0, 661, 652, 643, 636, 630, 625, 622, 621, 620, 621, 618, 626, 625, 0, 744, 749, 756, 762, 767, 774, 781, 788, 796, 804, 812, 823, 830, 837, 849, 860]
[0, 758, 752, 747, 742, 738, 734, 731, 727, 719, 720, 718, 716, 714, 707, 712, 710, 708, 701, 707, 706, 705, 704, 696, 697, 696, 696, 697, 698, 699, 0, 666, 654, 646, 639, 632, 628, 624, 621, 619, 620, 623, 626, 625, 0, 0, 749, 754, 759, 765, 770, 777, 786, 794, 801, 809, 817, 826, 845, 855, 865]
[0, 767, 761, 755, 750, 747, 743, 739, 735, 732, 729, 726, 723, 720, 719, 717, 716, 715, 701, 713, 712, 711, 710, 704, 704, 704, 705, 697, 706, 706, 0, 669, 659, 651, 643, 637, 632, 627, 625, 624, 625, 629, 637, 625, 0, 757, 749, 763, 769, 774, 780, 787, 802, 810, 818, 809, 834, 844, 855, 865, 874]
[0, 790, 784, 779, 773, 769, 766, 762, 758, 755, 752, 749, 747, 744, 741, 740, 738, 736, 735, 734, 733, 732, 732, 711, 711, 704, 711, 712, 713, 706, 0, 671, 661, 653, 646, 638, 634, 632, 629, 628, 630, 635, 637, 625, 0, 765, 770, 775, 0, 790, 780, 797, 804, 819, 827, 834, 843, 854, 864, 873, 882]
[0, 789, 783, 778, 772, 767, 764, 761, 758, 754, 751, 748, 746, 743, 741, 739, 737, 735, 735, 734, 733, 732, 732, 733, 732, 733, 734, 734, 724, 0, 683, 671, 662, 653, 655, 645, 634, 642, 641, 628, 644, 650, 637, 0, 784, 790, 795, 801, 807, 813, 821, 827, 833, 840, 849, 859, 868, 877, 887, 896, 906]
[0, 803, 798, 792, 787, 782, 777, 773, 770, 766, 763, 761, 759, 756, 754, 752, 750, 747, 747, 747, 746, 744, 744, 733, 732, 733, 734, 733, 734, 0, 691, 678, 669, 660, 654, 647, 643, 641, 640, 641, 645, 650, 637, 0, 785, 790, 796, 0, 809, 815, 822, 829, 835, 843, 853, 862, 871, 880, 888, 898, 908]
[0, 802, 796, 791, 786, 780, 775, 772, 768, 766, 763, 761, 758, 754, 753, 751, 749, 747, 747, 746, 746, 745, 744, 743, 744, 745, 745, 746, 0, 704, 685, 673, 668, 662, 656, 651, 648, 647, 646, 650, 656, 650, 637, 0, 795, 801, 805, 811, 817, 824, 830, 836, 843, 851, 860, 869, 877, 886, 895, 907, 918]
[0, 818, 813, 808, 803, 798, 794, 789, 786, 783, 780, 777, 775, 772, 770, 769, 767, 765, 765, 764, 764, 763, 744, 743, 744, 744, 745, 745, 0, 704, 697, 682, 670, 664, 659, 654, 650, 647, 646, 648, 652, 661, 637, 0, 797, 802, 808, 814, 821, 828, 832, 839, 848, 856, 865, 872, 880, 890, 899, 909, 921]
[0, 818, 812, 807, 802, 798, 793, 788, 785, 782, 779, 777, 774, 773, 770, 768, 767, 767, 766, 765, 765, 763, 763, 763, 763, 764, 764, 0, 715, 697, 697, 684, 674, 666, 661, 657, 656, 656, 656, 659, 665, 661, 0, 812, 817, 823, 828, 833, 840, 847, 855, 863, 869, 875, 884, 892, 902, 913, 924, 935, 944]
[0, 838, 832, 828, 823, 818, 814, 810, 807, 804, 801, 799, 795, 792, 791, 790, 788, 786, 785, 784, 784, 783, 763, 763, 763, 763, 764, 765, 0, 708, 691, 679, 671, 665, 660, 658, 657, 656, 657, 660, 665, 661, 0, 812, 812, 818, 824, 830, 835, 849, 857, 866, 869, 878, 886, 894, 904, 917, 927, 937, 947]
[0, 846, 839, 834, 829, 825, 822, 818, 814, 811, 808, 806, 804, 801, 799, 798, 796, 794, 793, 792, 792, 791, 783, 783, 784, 784, 784, 765, 0, 715, 697, 684, 674, 666, 662, 660, 659, 661, 666, 671, 684, 661, 0, 833, 838, 845, 852, 859, 865, 871, 878, 884, 892, 901, 908, 919, 930, 939, 949, 962, 976]
[0, 847, 841, 835, 831, 827, 823, 818, 815, 812, 809, 806, 804, 801, 797, 796, 796, 794, 792, 791, 791, 791, 791, 791, 791, 791, 791, 0, 0, 0, 696, 684, 674, 666, 662, 660, 659, 662, 665, 671, 684, 661, 0, 840, 847, 854, 860, 866, 872, 878, 885, 891, 899, 907, 918, 929, 938, 946, 957, 970, 983]
[0, 847, 853, 847, 841, 835, 832, 829, 825, 822, 819, 816, 814, 812, 810, 807, 804, 803, 803, 802, 801, 801, 800, 791, 791, 791, 792, 0, 720, 699, 696, 687, 668, 666, 663, 660, 659, 661, 664, 670, 684, 661, 0, 839, 845, 853, 859, 865, 871, 877, 884, 891, 898, 905, 914, 925, 936, 945, 956, 967, 980]
[0, 860, 853, 847, 841, 836, 833, 831, 828, 824, 821, 818, 816, 814, 811, 810, 809, 808, 807, 807, 807, 805, 800, 800, 800, 801, 802, 794, 0, 0, 685, 675, 671, 665, 662, 661, 662, 664, 669, 670, 684, 0, 844, 848, 854, 861, 867, 873, 878, 884, 891, 898, 906, 915, 924, 933, 943, 952, 963, 976, 988]
[0, 860, 867, 861, 855, 849, 843, 839, 836, 834, 831, 829, 826, 824, 822, 820, 818, 816, 815, 814, 814, 813, 813, 805, 806, 807, 807, 0, 0, 0, 695, 682, 674, 667, 662, 660, 660, 662, 667, 675, 688, 0, 0, 859, 865, 870, 876, 883, 890, 896, 903, 911, 921, 930, 939, 948, 959, 970, 983, 995, 1007]
[0, 880, 874, 869, 865, 859, 854, 851, 847, 842, 839, 836, 833, 832, 831, 829, 828, 826, 825, 825, 825, 824, 823, 813, 814, 814, 815, 816, 0, 712, 692, 679, 672, 667, 663, 661, 662, 665, 670, 680, 0, 0, 857, 863, 869, 873, 878, 883, 896, 896, 912, 921, 921, 938, 947, 957, 968, 980, 990, 1001, 1014]
[0, 904, 898, 892, 887, 881, 876, 872, 869, 866, 863, 860, 858, 855, 851, 849, 848, 846, 845, 845, 845, 845, 844, 823, 823, 825, 826, 0, 0, 708, 692, 681, 671, 665, 663, 662, 663, 666, 672, 680, 0, 0, 868, 873, 877, 882, 888, 894, 900, 908, 917, 925, 933, 942, 950, 959, 970, 983, 994, 1004, 1016]
[0, 904, 897, 892, 887, 881, 876, 872, 869, 866, 863, 860, 858, 855, 852, 850, 848, 846, 845, 845, 845, 845, 845, 844, 845, 845, 847, 0, 0, 714, 695, 681, 673, 667, 665, 664, 666, 669, 675, 680, 0, 0, 889, 894, 899, 905, 912, 919, 926, 933, 941, 948, 965, 977, 988, 998, 970, 1018, 994, 1042, 1057]
[0, 910, 897, 897, 892, 886, 876, 879, 877, 874, 871, 860, 869, 867, 864, 850, 861, 859, 858, 856, 857, 858, 858, 844, 845, 845, 847, 0, 0, 714, 695, 681, 673, 667, 665, 664, 666, 669, 675, 680, 0, 0, 889, 894, 898, 905, 912, 919, 926, 934, 941, 948, 956, 965, 988, 998, 998, 1007, 1018, 1042, 1058]
[0, 914, 908, 903, 897, 891, 886, 881, 878, 875, 872, 871, 869, 866, 864, 862, 860, 859, 858, 857, 857, 858, 858, 857, 858, 858, 859, 0, 0, 716, 0, 681, 673, 669, 666, 664, 666, 669, 675, 680, 0, 0, 899, 904, 910, 918, 925, 931, 937, 952, 941, 959, 969, 991, 988, 1000, 1019, 1032, 1046, 1059, 1072]
[0, 937, 931, 926, 919, 913, 908, 904, 900, 896, 893, 891, 889, 886, 884, 882, 881, 880, 878, 878, 878, 877, 877, 858, 858, 858, 859, 0, 728, 707, 692, 681, 673, 668, 666, 666, 667, 672, 679, 693, 0, 0, 0, 906, 913, 920, 927, 933, 939, 946, 953, 962, 972, 984, 994, 1003, 1013, 1023, 1036, 1049, 1062]
[0, 970, 963, 955, 950, 945, 940, 938, 934, 930, 926, 923, 920, 917, 915, 913, 912, 911, 909, 910, 911, 911, 877, 878, 879, 878, 878, 0, 728, 708, 691, 681, 673, 669, 668, 669, 669, 672, 681, 696, 0, 0, 0, 933, 938, 944, 951, 957, 964, 973, 982, 991, 1000, 1008, 1018, 1028, 1039, 1052, 1066, 1079, 1092]
[0, 968, 960, 953, 948, 943, 940, 936, 932, 928, 925, 922, 919, 917, 915, 913, 912, 911, 910, 910, 911, 910, 911, 910, 910, 911, 912, 0, 729, 708, 0, 688, 681, 676, 673, 672, 671, 673, 679, 696, 0, 0, 0, 971, 978, 984, 992, 999, 1006, 1014, 1022, 1030, 1040, 1051, 1063, 1073, 1085, 1098, 1112, 1126, 1143]
[0, 970, 963, 956, 950, 945, 941, 938, 933, 929, 926, 923, 920, 918, 916, 914, 913, 911, 911, 911, 911, 911, 911, 911, 910, 912, 912, 0, 0, 723, 0, 687, 678, 676, 675, 672, 672, 677, 684, 698, 0, 0, 967, 974, 981, 989, 996, 1003, 1011, 1019, 1027, 1037, 1048, 1058, 1068, 1081, 1094, 1106, 1121, 1137, 1153]
[0, 971, 963, 956, 950, 945, 941, 938, 934, 930, 927, 924, 920, 918, 916, 913, 912, 912, 911, 911, 912, 911, 911, 910, 910, 911, 912, 0, 727, 723, 0, 688, 681, 675, 673, 672, 671, 674, 679, 698, 0, 956, 963, 970, 977, 984, 993, 1000, 1007, 1015, 1023, 1032, 1040, 1051, 1063, 1074, 1086, 1099, 1113, 1129, 1145]
[0, 971, 988, 956, 981, 975, 970, 965, 958, 954, 952, 949, 947, 945, 943, 942, 941, 939, 938, 938, 937, 937, 937, 911, 911, 912, 913, 0, 729, 723, 0, 687, 675, 675, 671, 670, 672, 674, 678, 698, 0, 956, 0, 971, 978, 985, 992, 1000, 1007, 1015, 1022, 1031, 1041, 1052, 1064, 1074, 1085, 1098, 1112, 1127, 1143]
[0, 999, 993, 987, 982, 975, 969, 965, 954, 954, 949, 946, 944, 943, 941, 941, 939, 938, 938, 938, 937, 937, 937, 937, 938, 939, 939, 0, 0, 724, 0, 687, 682, 678, 676, 677, 676, 678, 688, 0, 0, 0, 998, 1004, 1012, 1020, 1027, 1034, 1042, 1051, 1060, 1069, 1079, 1089, 1102, 1116, 1130, 1144, 1158, 1169, 1183]
[0, 1022, 1016, 1010, 1004, 999, 995, 989, 986, 983, 981, 977, 974, 971, 968, 967, 967, 966, 965, 965, 964, 964, 964, 937, 938, 938, 939, 0, 735, 717, 699, 686, 681, 678, 677, 677, 677, 679, 686, 0, 0, 991, 997, 1002, 1008, 1016, 1023, 1030, 1038, 1045, 1054, 1064, 1073, 1082, 1104, 1116, 1129, 1145, 1158, 1169, 1182]
[0, 1035, 1028, 1021, 1014, 1009, 1005, 1000, 997, 994, 990, 986, 984, 981, 980, 978, 976, 973, 973, 974, 975, 974, 964, 965, 965, 966, 967, 0, 0, 727, 0, 691, 685, 683, 680, 680, 680, 682, 689, 0, 0, 1022, 1029, 1035, 1042, 1050, 1058, 1074, 1081, 1090, 1100, 1111, 1122, 1134, 1149, 1162, 1172, 1185, 1198, 1211, 1228]
[0, 1077, 1070, 1063, 1058, 1052, 1046, 1042, 1039, 1036, 1032, 1028, 1026, 1025, 1023, 1020, 1018, 1019, 1020, 1019, 1019, 1018, 1019, 975, 976, 978, 977, 0, 0, 730, 0, 690, 687, 684, 682, 679, 678, 688, 689, 0, 0, 1022, 0, 1039, 1055, 1062, 1070, 1078, 1085, 1093, 1103, 1115, 1125, 1137, 1152, 1163, 1174, 1186, 1199, 1214, 1230]
[0, 1104, 1097, 1091, 1084, 1078, 1075, 1070, 1066, 1064, 1061, 1057, 1054, 1052, 1050, 1047, 1045, 1046, 1046, 1045, 1046, 1048, 1019, 1019, 1019, 1020, 1022, 1025, 0, 733, 0, 695, 691, 688, 685, 682, 682, 686, 695, 0, 0, 1079, 1085, 1092, 1101, 1111, 1119, 1126, 1134, 1144, 1153, 1163, 1171, 1184, 1209, 1224, 1238, 1254, 1268, 1283, 1308]
[0, 1107, 1101, 1095, 1088, 1082, 1077, 1074, 1070, 1066, 1062, 1060, 1056, 1053, 1051, 1048, 1048, 1048, 1046, 1045, 1046, 1046, 1047, 1050, 1052, 1054, 1055, 1025, 0, 0, 0, 700, 694, 692, 689, 686, 685, 689, 698, 0, 0, 1114, 1127, 1134, 1139, 1150, 1158, 1162, 1169, 1186, 1198, 1212, 1224, 1236, 1249, 1261, 1274, 1287, 1301, 1320, 1340]
[0, 1106, 1102, 1096, 1088, 1081, 1076, 1075, 1069, 1064, 1062, 1058, 1055, 1053, 1051, 1048, 1046, 1046, 1046, 1046, 1047, 1048, 1047, 1050, 1052, 1053, 1054, 1025, 0, 0, 0, 700, 694, 691, 689, 686, 685, 689, 699, 0, 0, 1114, 1127, 1134, 1139, 1150, 1157, 1162, 1173, 1180, 1190, 1213, 1227, 1239, 1248, 1261, 1276, 1288, 1303, 1323, 1345]
[0, 1111, 1105, 1099, 1090, 1084, 1079, 1076, 1071, 1067, 1063, 1060, 1055, 1054, 1053, 1051, 1050, 1049, 1049, 1047, 1046, 1047, 1049, 1050, 1052, 1053, 1055, 1025, 0, 0, 0, 700, 694, 692, 689, 685, 685, 689, 0, 0, 0, 1112, 1125, 1133, 1139, 1151, 1158, 1169, 1177, 1187, 1198, 1212, 1223, 1236, 1249, 1261, 1275, 1288, 1302, 1321, 1341]
[0, 1117, 1108, 1100, 1087, 1081, 1076, 1072, 1068, 1066, 1063, 1060, 1057, 1054, 1050, 1050, 1049, 1048, 1048, 1049, 1048, 1048, 1049, 1050, 1052, 1055, 1054, 0, 0, 0, 0, 700, 695, 692, 690, 687, 686, 694, 0, 0, 1112, 1123, 1132, 1140, 1145, 1153, 1161, 1166, 1176, 1185, 1193, 1207, 1219, 1232, 1246, 1258, 1272, 1285, 1298, 1317, 1336]
[0, 1161, 1154, 1146, 1141, 1136, 1130, 1125, 1121, 1117, 1112, 1109, 1106, 1103, 1100, 1100, 1102, 1102, 1100, 1100, 1104, 1108, 1050, 1051, 1053, 1056, 1056, 1057, 0, 726, 706, 696, 693, 691, 688, 685, 686, 692, 0, 0, 0, 1122, 1131, 1139, 1148, 1154, 1159, 1165, 1175, 1184, 1192, 1205, 1219, 1233, 1245, 1257, 1271, 1284, 1317, 1338, 1354]
[0, 1161, 1154, 1146, 1141, 1136, 1130, 1125, 1122, 1119, 1112, 1109, 1106, 1104, 1101, 1100, 1101, 1101, 1100, 1100, 1104, 1108, 1107, 1105, 1107, 1108, 1107, 1119, 0, 0, 0, 703, 699, 696, 693, 690, 690, 697, 0, 0, 1165, 1176, 1182, 1187, 1193, 1200, 1209, 1221, 1232, 1242, 1251, 1263, 1275, 1285, 1296, 1328, 1342, 1355, 1366, 1380, 1393]
[0, 1163, 1158, 1151, 1145, 1139, 1135, 1132, 1126, 1123, 1120, 1116, 1113, 1111, 1108, 1107, 1109, 1108, 1107, 1109, 1110, 1114, 1115, 1105, 1106, 1107, 1109, 1121, 0, 0, 0, 703, 699, 697, 693, 690, 690, 697, 0, 0, 1166, 1176, 1181, 1186, 1193, 1202, 1211, 1222, 1233, 1242, 1253, 1265, 1276, 1287, 1298, 1312, 1331, 1346, 1357, 1379, 1394]
[0, 1190, 1182, 1175, 1170, 1166, 1162, 1158, 1154, 1150, 1145, 1140, 1138, 1137, 1135, 1135, 1136, 1139, 1139, 1136, 1137, 1137, 1115, 1111, 1125, 1123, 1123, 1127, 0, 0, 0, 708, 701, 698, 695, 693, 692, 697, 0, 0, 0, 1183, 1189, 1198, 1208, 1216, 1227, 1236, 1245, 1267, 1277, 1285, 1291, 1302, 1314, 1326, 1338, 1350, 1362, 1376, 1389]
[0, 1192, 1185, 1178, 1172, 1167, 1164, 1160, 1155, 1152, 1146, 1141, 1140, 1137, 1136, 1137, 1138, 1142, 1143, 1139, 1138, 1136, 1134, 1134, 1135, 1137, 1138, 1142, 1147, 0, 0, 709, 703, 700, 697, 694, 694, 703, 0, 0, 1196, 1203, 1213, 1220, 1226, 1234, 1242, 1248, 1254, 1265, 1273, 1277, 1284, 1293, 1306, 1316, 1342, 1354, 1366, 1380, 1393]
[0, 1241, 1233, 1225, 1211, 1205, 1200, 1197, 1193, 1188, 1185, 1185, 1183, 1179, 1175, 1174, 1173, 1172, 1172, 1172, 1173, 1174, 1134, 1137, 1139, 1138, 1140, 1145, 1147, 0, 0, 708, 703, 699, 695, 693, 692, 699, 0, 0, 1197, 1201, 1211, 1220, 1225, 1232, 1240, 1246, 1252, 1259, 1268, 1285, 1292, 1303, 1315, 1326, 1339, 1350, 1362, 1376, 1389]
[0, 1254, 1246, 1240, 1232, 1222, 1217, 1214, 1211, 1207, 1201, 1199, 1196, 1194, 1194, 1193, 1187, 1187, 1187, 1186, 1186, 1187, 1174, 1176, 1177, 1178, 1180, 1180, 1181, 0, 0, 726, 713, 704, 695, 699, 702, 699, 0, 1204, 1211, 1215, 1220, 1224, 1230, 1238, 1246, 1251, 1258, 1265, 1271, 1279, 1286, 1295, 1308, 1320, 1331, 1343, 1356, 1368, 1383]
[0, 1253, 1246, 1238, 1228, 1220, 1217, 1214, 1210, 1205, 1200, 1198, 1195, 1191, 1191, 1189, 1188, 1188, 1187, 1187, 1188, 1188, 1187, 1187, 1188, 1187, 1189, 1187, 1181, 0, 0, 714, 712, 708, 704, 702, 703, 699, 0, 0, 1208, 1213, 1217, 1221, 1227, 1234, 1241, 1248, 1254, 1261, 1268, 1276, 1284, 1293, 1305, 1315, 1327, 1341, 1366, 1379, 1393]
[0, 1254, 1246, 1240, 1232, 1221, 1217, 1216, 1211, 1205, 1201, 1200, 1198, 1194, 1194, 1193, 1188, 1188, 1188, 1187, 1188, 1188, 1186, 1186, 1186, 1186, 1188, 1188, 1186, 0, 735, 720, 712, 708, 704, 701, 703, 699, 0, 0, 1209, 1213, 1219, 1225, 1230, 1235, 1241, 1248, 1254, 1261, 1269, 1276, 1284, 1293, 1304, 1315, 1327, 1340, 1353, 1378, 1392]
[0, 1257, 1251, 1244, 1235, 1225, 1217, 1213, 1211, 1203, 1199, 1199, 1196, 1194, 1192, 1189, 1187, 1186, 1186, 1186, 1186, 1186, 1186, 1186, 1185, 1186, 1188, 1188, 1184, 0, 0, 720, 714, 710, 706, 702, 701, 699, 0, 0, 1206, 1212, 1215, 1219, 1227, 1233, 1240, 1251, 1258, 1265, 1271, 1280, 1289, 1300, 1311, 1324, 1337, 1348, 1361, 1372, 1384]
[0, 1335, 1325, 1311, 1296, 1285, 1277, 1269, 1262, 1255, 1248, 1241, 1236, 1230, 1223, 1218, 1212, 1207, 1201, 1197, 1196, 1194, 1187, 1186, 1185, 1186, 1188, 1189, 1185, 0, 0, 733, 710, 710, 703, 701, 703, 0, 0, 1203, 1209, 1214, 1220, 1225, 1230, 1236, 1242, 1248, 1256, 1263, 1269, 1276, 1284, 1294, 1305, 1316, 1328, 1341, 1353, 1365, 1392]
[0, 1339, 1330, 1305, 1296, 1290, 1274, 1266, 1258, 1253, 1247, 1241, 1235, 1229, 1221, 1215, 1212, 1207, 1203, 1199, 1196, 1194, 1192, 1188, 1186, 1187, 1184, 1185, 1185, 1183, 0, 734, 728, 721, 717, 714, 720, 0, 1195, 1200, 1206, 1212, 1216, 1222, 1228, 1233, 1240, 1247, 1253, 1260, 1267, 1275, 1283, 1289, 1298, 1309, 1321, 1344, 1360, 1373, 1386]
[0, 1338, 1328, 1316, 1301, 1288, 1279, 1271, 1264, 1257, 1250, 1244, 1237, 1231, 1226, 1220, 1209, 1204, 1200, 1197, 1194, 1193, 1190, 1187, 1185, 1186, 1185, 1183, 1183, 1182, 0, 0, 726, 721, 716, 716, 727, 0, 1198, 1203, 1209, 1213, 1219, 1221, 1227, 1235, 1241, 1249, 1254, 1260, 1269, 1276, 1284, 1291, 1302, 1313, 1326, 1340, 1351, 1362, 1377]
[0, 1337, 1325, 1311, 1299, 1290, 1282, 1275, 1266, 1252, 1250, 1236, 1229, 1225, 1220, 1213, 1208, 1204, 1201, 1197, 1194, 1192, 1191, 1188, 1187, 1187, 1185, 1183, 1182, 1182, 0, 741, 731, 724, 719, 716, 727, 0, 0, 1201, 1203, 1209, 1215, 1218, 1223, 1230, 1242, 1249, 1254, 1262, 1270, 1277, 1285, 1295, 1307, 1316, 1327, 1342, 1354, 1369, 1383]
[0, 1333, 1321, 1309, 1297, 1287, 1278, 1270, 1262, 1255, 1247, 1241, 1234, 1230, 1225, 1217, 1210, 1205, 1202, 1198, 1196, 1191, 1189, 1187, 1186, 1185, 1185, 1182, 1181, 1182, 0, 0, 745, 738, 730, 727, 727, 0, 1196, 1199, 1201, 1206, 1209, 1222, 1229, 1235, 1240, 1246, 1253, 1262, 1270, 1278, 1286, 1294, 1302, 1312, 1324, 1339, 1354, 1364, 1374]
[0, 1339, 1327, 1313, 1290, 1282, 1274, 1266, 1258, 1251, 1245, 1237, 1229, 1226, 1220, 1212, 1208, 1206, 1202, 1197, 1194, 1193, 1187, 1187, 1187, 1186, 1185, 1184, 1183, 1182, 0, 0, 736, 734, 726, 724, 0, 0, 1195, 1201, 1205, 1207, 1211, 1217, 1225, 1231, 1238, 1245, 1252, 1257, 1264, 1270, 1278, 1297, 1302, 1319, 1331, 1343, 1358, 1372, 1383]
[0, 1334, 1320, 1307, 1296, 1288, 1279, 1271, 1263, 1255, 1248, 1243, 1236, 1230, 1224, 1217, 1212, 1207, 1202, 1200, 1195, 1190, 1190, 1187, 1185, 1183, 1182, 1181, 1181, 1182, 1182, 0, 750, 744, 738, 724, 0, 1190, 1196, 1201, 1206, 1209, 1215, 1221, 1225, 1232, 1237, 1243, 1251, 1257, 1262, 1272, 1282, 1290, 1299, 1310, 1322, 1332, 1346, 1361, 1376]
[0, 1331, 1316, 1305, 1293, 1283, 1276, 1268, 1261, 1252, 1245, 1241, 1234, 1228, 1222, 1217, 1212, 1206, 1201, 1197, 1195, 1193, 1186, 1185, 1183, 1181, 1183, 1182, 1180, 1181, 1182, 0, 759, 752, 739, 740, 0, 1192, 1195, 1200, 1203, 1206, 1212, 1219, 1224, 1228, 1233, 1241, 1249, 1260, 1268, 1276, 1283, 1291, 1301, 1314, 1328, 1341, 1352, 1363, 1378]
[0, 1335, 1321, 1307, 1296, 1287, 1278, 1270, 1263, 1256, 1249, 1242, 1236, 1229, 1223, 1216, 1212, 1201, 1197, 1195, 1192, 1192, 1191, 1187, 1186, 1185, 1183, 1181, 1180, 1180, 1183, 0, 757, 746, 738, 0, 1190, 1192, 1195, 1200, 1203, 1207, 1211, 1215, 1224, 1232, 1236, 1243, 1249, 1253, 1261, 1271, 1281, 1288, 1295, 1306, 1330, 1344, 1356, 1369, 1383]
[0, 1334, 1322, 1309, 1296, 1288, 1279, 1270, 1262, 1255, 1249, 1242, 1236, 1229, 1222, 1215, 1207, 1201, 1197, 1196, 1195, 1192, 1188, 1185, 1184, 1181, 1181, 1180, 1179, 1178, 1179, 0, 0, 772, 773, 0, 1190, 1193, 1196, 1197, 1200, 1205, 1209, 1212, 1217, 1225, 1233, 1240, 1254, 1261, 1269, 1275, 1283, 1291, 1301, 1313, 1327, 1341, 1352, 1363, 1377]
[0, 1336, 1324, 1312, 1300, 1278, 1279, 1265, 1258, 1251, 1244, 1237, 1229, 1223, 1217, 1212, 1206, 1201, 1199, 1196, 1193, 1190, 1189, 1186, 1183, 1183, 1183, 1182, 1182, 1180, 1181, 0, 0, 771, 772, 0, 1189, 1193, 1196, 1198, 1200, 1205, 1209, 1212, 1217, 1225, 1237, 1244, 1252, 1258, 1266, 1272, 1280, 1291, 1301, 1312, 1326, 1338, 1349, 1363, 1375]
[0, 1336, 1323, 1309, 1297, 1287, 1281, 1272, 1264, 1258, 1249, 1235, 1228, 1221, 1215, 1211, 1207, 1201, 1198, 1197, 1194, 1191, 1187, 1186, 1184, 1183, 1182, 1181, 1180, 1181, 1179, 1178, 0, 771, 0, 1185, 1186, 1188, 1197, 1200, 1202, 1206, 1214, 1220, 1221, 1228, 1237, 1240, 1248, 1256, 1262, 1271, 1280, 1288, 1298, 1309, 1321, 1332, 1346, 1360, 1371]
[0, 1333, 1320, 1308, 1296, 1286, 1277, 1269, 1261, 1252, 1246, 1241, 1235, 1221, 1214, 1210, 1206, 1201, 1195, 1194, 1193, 1191, 1189, 1187, 1185, 1183, 1181, 1179, 1181, 1180, 1181, 1181, 0, 771, 0, 1186, 1186, 1190, 1195, 1198, 1200, 1204, 1208, 1219, 1226, 1229, 1236, 1245, 1252, 1258, 1266, 1273, 1279, 1287, 1296, 1309, 1324, 1335, 1346, 1359, 1371]
[0, 1334, 1321, 1308, 1295, 1286, 1278, 1269, 1261, 1251, 1245, 1241, 1235, 1227, 1221, 1215, 1206, 1200, 1197, 1195, 1192, 1190, 1189, 1186, 1184, 1180, 1178, 1179, 1180, 1179, 1176, 1176, 1181, 1183, 1185, 1185, 1186, 1190, 1195, 1197, 1200, 1201, 1205, 1212, 1215, 1227, 1236, 1244, 1251, 1257, 1265, 1272, 1281, 1289, 1296, 1310, 1324, 1340, 1353, 1368, 1385]
[0, 1333, 1320, 1307, 1295, 1286, 1277, 1269, 1262, 1255, 1247, 1241, 1234, 1225, 1219, 1215, 1208, 1200, 1197, 1194, 1192, 1188, 1188, 1186, 1183, 1180, 1179, 1181, 1180, 1179, 1178, 1180, 1181, 1183, 1184, 1185, 1186, 1188, 1192, 1196, 1199, 1202, 1206, 1212, 1218, 1223, 1235, 1242, 1250, 1257, 1265, 1271, 1280, 1289, 1299, 1315, 1331, 1344, 1357, 1375, 1391]
[0, 1328, 1317, 1305, 1293, 1283, 1277, 1269, 1259, 1252, 1247, 1240, 1234, 1227, 1220, 1214, 1209, 1204, 1200, 1198, 1194, 1190, 1187, 1185, 1182, 1180, 1177, 1176, 1177, 1178, 1178, 1179, 1181, 1182, 1184, 1185, 1187, 1189, 1192, 1196, 1199, 1202, 1206, 1211, 1216, 1221, 1234, 1242, 1250, 1257, 1265, 1277, 1288, 1298, 1312, 1326, 1337, 1351, 1365, 1379, 1396]
[0, 1327, 1313, 1302, 1290, 1280, 1273, 1267, 1259, 1250, 1245, 1239, 1233, 1226, 1221, 1215, 1208, 1204, 1201, 1197, 1194, 1191, 1186, 1183, 1181, 1179, 1177, 1178, 1180, 1180, 1180, 1181, 1182, 1182, 1183, 1186, 1187, 1190, 1194, 1196, 1199, 1203, 1206, 1211, 1217, 1225, 1232, 1238, 1245, 1254, 1272, 1280, 1296, 1308, 1318, 1328, 1341, 1354, 1368, 1384, 1399]
[0, 1329, 1316, 1304, 1294, 1283, 1274, 1268, 1259, 1251, 1247, 1240, 1233, 1226, 1220, 1210, 1205, 1199, 1201, 1194, 1191, 1187, 1186, 1185, 1184, 1179, 1177, 1178, 1179, 1181, 1180, 1177, 1180, 1184, 1184, 1186, 1188, 1190, 1194, 1197, 1198, 1202, 1208, 1215, 1219, 1227, 1237, 1245, 1252, 1261, 1271, 1281, 1301, 1309, 1318, 1331, 1343, 1354, 1370, 1386, 1397]
[0, 1322, 1311, 1301, 1288, 1277, 1269, 1262, 1256, 1248, 1241, 1234, 1227, 1221, 1215, 1209, 1205, 1204, 1201, 1197, 1195, 1193, 1185, 1185, 1182, 1180, 1178, 1180, 1181, 1183, 1185, 1190, 1196, 1198, 1201, 1202, 1203, 1204, 1207, 1212, 1217, 1219, 1222, 1229, 1235, 1239, 1251, 1256, 1261, 1269, 1278, 1287, 1298, 1308, 1317, 1326, 1336, 1350, 1368, 1380, 1394]
[0, 1333, 1318, 1307, 1294, 1283, 1275, 1267, 1254, 1244, 1237, 1232, 1225, 1219, 1214, 1209, 1206, 1201, 1196, 1194, 1193, 1191, 1189, 1189, 1189, 1189, 1194, 1196, 1195, 1195, 1195, 1194, 1196, 1198, 1201, 1203, 1206, 1209, 1210, 1213, 1215, 1218, 1225, 1230, 1235, 1242, 1249, 1253, 1258, 1264, 1271, 1283, 1293, 1301, 1310, 1323, 1341, 1356, 1372, 1384, 1397]
[0, 1321, 1311, 1301, 1292, 1286, 1280, 1273, 1268, 1265, 1258, 1251, 1246, 1241, 1237, 1230, 1224, 1220, 1217, 1213, 1206, 1203, 1189, 1187, 1185, 1188, 1194, 1195, 1195, 1195, 1195, 1196, 1197, 1198, 1199, 1200, 1201, 1204, 1209, 1212, 1214, 1223, 1230, 1233, 1236, 1241, 1249, 1256, 1261, 1268, 1276, 1285, 1294, 1303, 1315, 1323, 1333, 1347, 1361, 1377, 1391]
[0, 1321, 1310, 1300, 1292, 1285, 1279, 1273, 1268, 1264, 1258, 1250, 1244, 1239, 1235, 1231, 1226, 1222, 1217, 1212, 1209, 1206, 1203, 1201, 1199, 1198, 1198, 1194, 1193, 1196, 1195, 1195, 1196, 1197, 1199, 1200, 1202, 1206, 1209, 1212, 1216, 1219, 1223, 1230, 1235, 1239, 1245, 1252, 1256, 1261, 1271, 1280, 1290, 1300, 1319, 1331, 1342, 1357, 1370, 1382, 1397]
[0, 1324, 1313, 1304, 1295, 1288, 1280, 1272, 1265, 1261, 1261, 1253, 1247, 1242, 1235, 1232, 1228, 1221, 1216, 1215, 1211, 1207, 1204, 1201, 1199, 1195, 1194, 1195, 1195, 1195, 1195, 1194, 1194, 1199, 1205, 1205, 1204, 1208, 1210, 1212, 1215, 1218, 1222, 1228, 1236, 1243, 1249, 1251, 1256, 1265, 1271, 1279, 1290, 1298, 1307, 1321, 1331, 1340, 1353, 1388, 1399]
[0, 1335, 1323, 1309, 1304, 1299, 1290, 1281, 1271, 1264, 1257, 1250, 1245, 1239, 1235, 1231, 1226, 1222, 1217, 1212, 1208, 1205, 1202, 1201, 1198, 1196, 1195, 1193, 1193, 1195, 1195, 1195, 1196, 1198, 1200, 1200, 1201, 1206, 1209, 1211, 1214, 1220, 1223, 1227, 1235, 1240, 1245, 1249, 1254, 1270, 1279, 1287, 1298, 1308, 1317, 1327, 1336, 1350, 1367, 1380, 1395]
[0, 1336, 1324, 1312, 1306, 1299, 1286, 1278, 1273, 1265, 1258, 1252, 1248, 1243, 1236, 1232, 1225, 1220, 1217, 1213, 1210, 1207, 1202, 1200, 1199, 1198, 1197, 1195, 1194, 1194, 1195, 1197, 1196, 1198, 1199, 1201, 1205, 1208, 1210, 1212, 1215, 1218, 1222, 1229, 1236, 1243, 1249, 1254, 1259, 1265, 1271, 1279, 1290, 1298, 1308, 1321, 1331, 1343, 1356, 1369, 1400]
[0, 1336, 1325, 1317, 1311, 1300, 1290, 1282, 1274, 1265, 1259, 1253, 1246, 1241, 1235, 1232, 1229, 1221, 1216, 1215, 1210, 1207, 1204, 1200, 1198, 1198, 1197, 1196, 1197, 1196, 1197, 1197, 1196, 1197, 1198, 1200, 1203, 1206, 1209, 1212, 1216, 1219, 1224, 1229, 1235, 1242, 1248, 1253, 1258, 1264, 1271, 1280, 1290, 1300, 1309, 1319, 1340, 1353, 1368, 1383, 1399]
[0, 1338, 1327, 1318, 1312, 1302, 1288, 1279, 1277, 1268, 1260, 1254, 1247, 1242, 1238, 1232, 1226, 1219, 1215, 1210, 1207, 1204, 1202, 1199, 1197, 1196, 1195, 1193, 1193, 1195, 1195, 1195, 1196, 1197, 1199, 1200, 1202, 1206, 1209, 1211, 1214, 1219, 1223, 1228, 1235, 1239, 1245, 1251, 1261, 1269, 1278, 1287, 1298, 1307, 1316, 1326, 1336, 1349, 1364, 1377, 1394]
[0, 1346, 1332, 1320, 1311, 1304, 1294, 1284, 1275, 1266, 1259, 1254, 1247, 1242, 1232, 1228, 1223, 1219, 1214, 1210, 1207, 1205, 1202, 1199, 1197, 1197, 1195, 1193, 1195, 1196, 1195, 1195, 1196, 1198, 1201, 1206, 1206, 1204, 1207, 1211, 1216, 1218, 1223, 1230, 1237, 1243, 1250, 1256, 1262, 1269, 1275, 1283, 1293, 1301, 1312, 1323, 1330, 1344, 1361, 1376, 1391]
[0, 1346, 1331, 1322, 1314, 1304, 1295, 1286, 1275, 1260, 1259, 1250, 1243, 1238, 1234, 1225, 1221, 1219, 1211, 1207, 1207, 1204, 1201, 1199, 1197, 1194, 1194, 1195, 1194, 1195, 1195, 1195, 1196, 1198, 1200, 1200, 1202, 1204, 1207, 1211, 1214, 1222, 1229, 1233, 1236, 1242, 1249, 1255, 1261, 1268, 1276, 1285, 1294, 1303, 1314, 1323, 1333, 1346, 1361, 1375, 1390]
[0, 1336, 1326, 1315, 1307, 1299, 1287, 1277, 1272, 1265, 1258, 1252, 1248, 1243, 1236, 1231, 1225, 1220, 1218, 1213, 1209, 1206, 1201, 1199, 1198, 1195, 1194, 1195, 1195, 1194, 1195, 1196, 1196, 1197, 1199, 1200, 1204, 1207, 1210, 1212, 1215, 1219, 1223, 1228, 1235, 1242, 1250, 1255, 1259, 1265, 1271, 1283, 1295, 1299, 1308, 1320, 1331, 1343, 1356, 1384, 1399]
[0, 1345, 1331, 1319, 1308, 1298, 1292, 1284, 1274, 1266, 1259, 1254, 1247, 1240, 1236, 1227, 1222, 1218, 1215, 1210, 1207, 1205, 1203, 1200, 1198, 1197, 1195, 1195, 1195, 1195, 1195, 1195, 1196, 1197, 1199, 1200, 1202, 1205, 1208, 1210, 1214, 1218, 1221, 1227, 1234, 1238, 1245, 1253, 1259, 1262, 1278, 1288, 1298, 1306, 1317, 1327, 1339, 1354, 1365, 1378, 1391]
[0, 1337, 1326, 1314, 1306, 1299, 1287, 1278, 1272, 1264, 1259, 1253, 1246, 1241, 1235, 1232, 1228, 1222, 1217, 1214, 1210, 1206, 1202, 1199, 1198, 1195, 1194, 1195, 1195, 1194, 1198, 1198, 1196, 1197, 1198, 1200, 1202, 1204, 1208, 1211, 1220, 1226, 1228, 1231, 1235, 1241, 1248, 1255, 1260, 1267, 1275, 1285, 1293, 1302, 1312, 1320, 1332, 1345, 1357, 1370, 1384]
[0, 1349, 1333, 1326, 1305, 1296, 1286, 1277, 1269, 1261, 1254, 1249, 1242, 1236, 1234, 1227, 1219, 1216, 1214, 1211, 1207, 1205, 1201, 1198, 1198, 1196, 1195, 1193, 1193, 1195, 1194, 1194, 1196, 1198, 1199, 1201, 1202, 1203, 1203, 1208, 1214, 1219, 1222, 1227, 1234, 1239, 1244, 1249, 1255, 1270, 1279, 1288, 1297, 1306, 1315, 1326, 1339, 1352, 1364, 1377, 1390]
[0, 1341, 1326, 1315, 1307, 1298, 1287, 1278, 1271, 1264, 1257, 1251, 1244, 1237, 1233, 1230, 1224, 1217, 1213, 1212, 1208, 1205, 1202, 1196, 1195, 1198, 1196, 1195, 1194, 1195, 1195, 1195, 1196, 1196, 1197, 1201, 1202, 1205, 1209, 1212, 1215, 1218, 1223, 1228, 1234, 1241, 1247, 1253, 1259, 1264, 1271, 1281, 1291, 1298, 1308, 1319, 1330, 1353, 1369, 1384, 1399]
