[0, 0, 0, 0, 0, 0, 0, 0, 0, 0, 0, 0, 0, 0, 0, 0, 0, 0, 0, 0, 0, 0, 0, 0, 0, 0, 0, 0, 0, 0, 0, 0, 0, 0, 0, 0, 0, 0, 0, 0, 0, 0, 0, 0, 0, 0, 0, 0, 0, 0, 0, 0, 0, 0, 0, 0, 0, 0, 0, 0, 0]
[0, 536, 531, 527, 524, 520, 516, 513, 511, 508, 505, 502, 500, 499, 496, 495, 495, 493, 491, 490, 489, 488, 487, 486, 485, 485, 485, 484, 484, 485, 480, 468, 462, 461, 461, 460, 460, 460, 460, 461, 461, 462, 464, 465, 466, 1242, 0, 0, 518, 522, 526, 530, 534, 539, 544, 549, 554, 560, 566, 573, 580]
[0, 534, 528, 524, 524, 522, 518, 515, 512, 510, 507, 503, 500, 499, 498, 495, 494, 492, 491, 489, 488, 487, 487, 486, 486, 485, 485, 484, 485, 485, 482, 0, 462, 461, 460, 460, 460, 460, 460, 461, 461, 462, 463, 465, 467, 1242, 0, 0, 517, 525, 0, 530, 535, 543, 549, 549, 554, 560, 565, 571, 579]
[0, 534, 533, 529, 524, 520, 518, 515, 512, 509, 507, 504, 501, 498, 496, 495, 494, 492, 490, 489, 489, 488, 487, 485, 486, 485, 485, 484, 485, 485, 485, 0, 462, 461, 460, 460, 460, 460, 460, 461, 462, 463, 464, 465, 467, 1242, 0, 517, 520, 524, 529, 533, 537, 542, 547, 553, 558, 563, 569, 576, 584]
[0, 537, 532, 528, 524, 521, 517, 513, 510, 508, 506, 504, 502, 499, 497, 495, 494, 493, 491, 489, 487, 488, 486, 486, 485, 486, 484, 484, 485, 485, 485, 0, 462, 461, 460, 460, 460, 460, 460, 461, 462, 463, 464, 465, 465, 1242, 0, 517, 520, 524, 529, 533, 538, 543, 548, 553, 558, 563, 564, 577, 584]
[0, 534, 530, 526, 523, 521, 515, 513, 512, 510, 507, 504, 502, 500, 498, 496, 494, 493, 491, 488, 487, 487, 486, 486, 486, 486, 485, 484, 485, 485, 485, 0, 462, 461, 461, 460, 460, 460, 460, 461, 462, 462, 463, 467, 465, 1242, 0, 517, 520, 524, 529, 534, 538, 543, 548, 553, 558, 564, 570, 577, 585]
[0, 537, 532, 528, 523, 520, 517, 513, 510, 509, 507, 504, 501, 498, 496, 495, 494, 492, 491, 490, 488, 488, 486, 486, 485, 485, 485, 485, 485, 485, 485, 0, 464, 462, 461, 460, 460, 460, 460, 461, 462, 463, 463, 465, 467, 1242, 0, 0, 521, 524, 527, 531, 536, 541, 545, 550, 556, 562, 568, 575, 582]
[0, 535, 531, 526, 522, 519, 516, 512, 510, 508, 507, 505, 502, 500, 498, 496, 494, 492, 491, 489, 488, 487, 486, 486, 486, 485, 484, 484, 485, 485, 485, 0, 462, 461, 461, 460, 460, 460, 461, 461, 462, 463, 463, 466, 467, 1242, 0, 517, 520, 524, 529, 533, 538, 542, 547, 553, 558, 563, 569, 576, 584]
[0, 534, 530, 526, 522, 519, 515, 512, 510, 508, 507, 504, 502, 500, 498, 496, 494, 492, 491, 488, 487, 487, 486, 486, 486, 485, 485, 485, 485, 485, 478, 0, 462, 461, 461, 460, 460, 460, 461, 462, 463, 463, 463, 465, 467, 1242, 0, 0, 520, 524, 526, 531, 536, 541, 545, 550, 556, 562, 568, 575, 582]
[0, 541, 537, 533, 529, 525, 522, 519, 510, 514, 507, 512, 509, 507, 505, 503, 501, 499, 498, 497, 496, 495, 494, 494, 485, 485, 485, 485, 485, 485, 478, 0, 462, 461, 461, 460, 460, 460, 460, 461, 462, 463, 464, 465, 468, 1242, 0, 0, 522, 526, 530, 534, 539, 544, 548, 554, 560, 565, 573, 581, 587]
[0, 543, 539, 535, 531, 527, 524, 521, 518, 515, 512, 510, 508, 506, 505, 502, 501, 499, 498, 498, 497, 496, 495, 495, 493, 492, 492, 488, 479, 485, 470, 465, 464, 463, 461, 462, 462, 462, 463, 463, 464, 466, 467, 468, 470, 1242, 0, 0, 528, 532, 536, 541, 545, 549, 554, 560, 565, 571, 578, 585, 593]
[0, 541, 537, 533, 529, 525, 522, 521, 519, 516, 514, 512, 509, 507, 505, 503, 501, 499, 499, 498, 496, 495, 495, 495, 495, 493, 493, 491, 481, 473, 469, 464, 464, 463, 461, 463, 463, 462, 463, 463, 465, 466, 467, 469, 470, 1242, 0, 528, 532, 532, 540, 0, 545, 554, 554, 559, 564, 578, 584, 585, 598]
[0, 541, 540, 536, 532, 529, 525, 522, 520, 517, 514, 511, 509, 507, 505, 503, 501, 499, 498, 497, 497, 497, 496, 495, 493, 492, 493, 487, 476, 473, 469, 465, 465, 463, 463, 463, 462, 462, 463, 464, 465, 466, 467, 469, 471, 1242, 0, 0, 529, 532, 536, 542, 546, 550, 555, 560, 566, 572, 579, 586, 593]
[0, 543, 539, 535, 531, 527, 524, 522, 519, 515, 513, 511, 509, 507, 504, 503, 501, 499, 498, 497, 497, 497, 495, 495, 493, 494, 493, 492, 0, 472, 468, 464, 463, 463, 463, 463, 463, 463, 464, 464, 465, 467, 468, 470, 472, 1242, 0, 0, 531, 535, 539, 543, 548, 553, 558, 564, 569, 575, 583, 591, 597]
[0, 546, 541, 537, 534, 530, 527, 523, 520, 519, 516, 513, 511, 510, 508, 506, 504, 499, 503, 502, 500, 500, 499, 498, 495, 494, 493, 490, 480, 473, 469, 464, 463, 463, 463, 463, 463, 463, 464, 464, 466, 467, 469, 470, 470, 1242, 0, 527, 532, 537, 541, 544, 549, 554, 559, 564, 570, 577, 583, 590, 598]
[0, 546, 541, 537, 533, 530, 527, 524, 521, 519, 516, 513, 511, 509, 507, 506, 505, 503, 503, 502, 500, 500, 499, 498, 498, 495, 489, 480, 473, 469, 467, 466, 465, 464, 463, 463, 463, 463, 464, 464, 466, 467, 467, 469, 471, 1242, 0, 532, 537, 541, 545, 550, 554, 559, 559, 564, 576, 584, 583, 589, 596]
[0, 544, 539, 536, 532, 528, 527, 523, 521, 520, 516, 514, 512, 510, 508, 507, 504, 503, 501, 500, 500, 500, 498, 498, 497, 494, 488, 480, 473, 469, 467, 465, 465, 464, 463, 463, 463, 463, 464, 464, 464, 466, 469, 471, 473, 1242, 0, 532, 533, 538, 543, 546, 550, 554, 559, 565, 571, 577, 584, 591, 598]
[0, 546, 542, 538, 532, 531, 527, 524, 521, 522, 519, 515, 514, 513, 511, 509, 507, 506, 504, 503, 502, 502, 501, 497, 496, 492, 483, 480, 475, 470, 468, 466, 465, 464, 464, 464, 463, 464, 464, 465, 466, 468, 469, 471, 473, 1242, 0, 0, 535, 539, 543, 548, 552, 556, 561, 566, 572, 580, 587, 594, 601]
[0, 548, 544, 539, 535, 533, 529, 526, 523, 521, 518, 514, 512, 511, 509, 508, 506, 506, 505, 504, 502, 501, 501, 501, 0, 482, 483, 474, 471, 469, 467, 466, 465, 464, 464, 463, 463, 464, 465, 465, 466, 468, 470, 472, 473, 1242, 0, 0, 537, 543, 547, 550, 555, 560, 564, 570, 576, 583, 589, 595, 602]
[0, 552, 548, 545, 541, 537, 534, 531, 529, 525, 522, 514, 519, 511, 515, 508, 513, 512, 510, 509, 508, 507, 506, 505, 497, 487, 480, 476, 472, 467, 466, 467, 465, 464, 464, 464, 463, 463, 464, 465, 466, 468, 471, 472, 475, 1242, 0, 0, 539, 544, 547, 551, 556, 561, 566, 571, 578, 585, 592, 599, 605]
[0, 552, 548, 544, 541, 537, 534, 531, 528, 525, 522, 521, 519, 517, 515, 515, 513, 511, 510, 508, 508, 507, 506, 504, 0, 482, 479, 475, 472, 469, 466, 467, 467, 464, 465, 466, 463, 466, 466, 468, 469, 470, 471, 473, 475, 477, 0, 0, 546, 550, 554, 559, 0, 568, 574, 581, 587, 593, 592, 607, 614]
[0, 552, 550, 546, 543, 539, 535, 532, 529, 526, 523, 521, 519, 517, 515, 513, 511, 510, 509, 508, 507, 507, 506, 506, 0, 482, 478, 475, 472, 469, 466, 467, 466, 464, 465, 466, 463, 465, 465, 467, 469, 470, 471, 473, 475, 477, 0, 0, 546, 550, 554, 559, 0, 568, 574, 581, 587, 594, 592, 607, 614]
[0, 552, 552, 546, 549, 546, 542, 539, 536, 533, 531, 528, 526, 525, 522, 520, 519, 518, 515, 514, 514, 513, 512, 506, 0, 484, 479, 476, 472, 470, 468, 467, 468, 466, 465, 464, 465, 466, 467, 468, 469, 471, 473, 475, 476, 481, 0, 541, 545, 550, 554, 558, 562, 566, 572, 578, 585, 591, 597, 604, 611]
[0, 558, 554, 550, 546, 546, 543, 540, 537, 534, 532, 529, 526, 525, 523, 521, 519, 518, 516, 515, 515, 514, 512, 0, 0, 484, 479, 476, 472, 470, 468, 467, 468, 469, 468, 467, 468, 468, 469, 470, 472, 473, 475, 477, 479, 482, 0, 546, 552, 556, 560, 564, 568, 574, 581, 586, 592, 598, 605, 612, 619]
[0, 569, 564, 560, 556, 553, 550, 547, 544, 541, 538, 536, 534, 532, 530, 529, 527, 525, 524, 523, 515, 521, 512, 0, 485, 484, 480, 477, 469, 470, 469, 467, 468, 469, 468, 468, 468, 468, 469, 470, 471, 473, 475, 477, 478, 481, 0, 546, 0, 555, 559, 563, 568, 573, 579, 585, 591, 597, 604, 611, 618]
[0, 568, 564, 560, 556, 553, 550, 547, 544, 541, 538, 536, 534, 532, 531, 529, 527, 525, 524, 523, 522, 521, 521, 0, 491, 483, 479, 476, 472, 469, 467, 466, 467, 469, 470, 470, 470, 471, 472, 473, 474, 476, 478, 480, 482, 486, 0, 553, 561, 564, 568, 574, 579, 584, 590, 596, 602, 608, 614, 621, 630]
[0, 574, 569, 565, 561, 558, 555, 552, 549, 546, 543, 542, 539, 537, 535, 533, 532, 531, 524, 528, 522, 528, 523, 0, 490, 483, 479, 474, 471, 469, 467, 466, 467, 469, 470, 470, 470, 471, 472, 473, 474, 476, 478, 480, 482, 485, 0, 553, 0, 564, 568, 573, 578, 584, 590, 595, 601, 607, 614, 621, 629]
[0, 571, 569, 567, 563, 559, 556, 554, 551, 548, 544, 542, 540, 538, 536, 535, 533, 531, 530, 529, 528, 527, 0, 0, 490, 483, 479, 475, 471, 469, 467, 467, 468, 468, 469, 471, 472, 472, 472, 473, 475, 477, 479, 481, 485, 488, 0, 553, 0, 569, 574, 579, 584, 589, 595, 601, 607, 613, 620, 627, 635]
[0, 576, 571, 567, 564, 560, 557, 555, 552, 549, 546, 542, 542, 540, 538, 536, 533, 535, 534, 533, 532, 531, 0, 0, 485, 481, 477, 473, 471, 469, 468, 467, 469, 471, 472, 471, 471, 473, 472, 474, 475, 477, 479, 481, 484, 487, 0, 564, 568, 573, 577, 582, 588, 593, 598, 605, 611, 617, 624, 632, 641]
[0, 576, 571, 567, 563, 560, 557, 555, 552, 549, 546, 544, 542, 540, 538, 536, 536, 535, 534, 533, 532, 532, 0, 0, 487, 482, 478, 475, 472, 469, 466, 467, 469, 468, 470, 473, 473, 474, 475, 476, 478, 479, 481, 485, 488, 491, 0, 564, 0, 576, 580, 585, 590, 595, 601, 606, 613, 619, 626, 634, 642]
[0, 586, 581, 577, 573, 569, 565, 563, 559, 557, 555, 553, 551, 550, 548, 546, 545, 544, 543, 533, 541, 532, 0, 0, 487, 482, 478, 474, 471, 469, 467, 468, 469, 468, 470, 473, 473, 474, 475, 476, 478, 480, 482, 484, 487, 491, 0, 564, 0, 576, 580, 584, 590, 594, 600, 606, 612, 618, 626, 633, 641]
[0, 595, 591, 587, 583, 579, 576, 571, 568, 566, 563, 561, 560, 559, 548, 555, 545, 552, 551, 533, 550, 0, 0, 496, 487, 482, 479, 474, 471, 469, 468, 468, 468, 470, 472, 476, 478, 477, 478, 480, 481, 483, 486, 489, 492, 495, 503, 0, 581, 585, 589, 594, 599, 605, 611, 617, 629, 636, 626, 652, 641]
[0, 596, 591, 587, 583, 580, 576, 572, 569, 566, 564, 563, 560, 559, 557, 555, 553, 552, 551, 550, 543, 0, 0, 496, 486, 482, 478, 474, 471, 469, 468, 468, 468, 470, 472, 475, 478, 480, 481, 483, 485, 487, 489, 493, 496, 500, 505, 0, 588, 593, 597, 608, 613, 605, 618, 625, 631, 645, 626, 660, 668]
[0, 609, 605, 600, 597, 593, 589, 586, 582, 579, 576, 574, 572, 570, 568, 566, 564, 563, 562, 561, 0, 0, 499, 496, 488, 483, 479, 475, 471, 468, 466, 469, 470, 470, 472, 474, 478, 481, 481, 482, 484, 486, 488, 491, 495, 499, 503, 0, 0, 596, 601, 606, 611, 617, 623, 629, 636, 643, 650, 658, 666]
[0, 606, 602, 598, 594, 590, 587, 584, 580, 578, 576, 573, 571, 570, 567, 566, 564, 563, 561, 561, 552, 0, 504, 492, 483, 483, 480, 476, 469, 468, 466, 470, 470, 470, 474, 474, 477, 483, 487, 482, 489, 490, 497, 501, 495, 510, 503, 0, 0, 607, 612, 617, 623, 629, 635, 642, 649, 655, 662, 669, 677]
[0, 606, 609, 598, 604, 601, 598, 594, 591, 589, 586, 583, 580, 578, 577, 575, 573, 571, 570, 569, 0, 0, 497, 488, 485, 482, 478, 474, 471, 469, 467, 468, 469, 470, 473, 475, 478, 483, 486, 488, 490, 493, 496, 499, 503, 507, 0, 0, 606, 607, 615, 617, 626, 629, 639, 645, 651, 659, 667, 674, 681]
[0, 616, 611, 607, 603, 599, 596, 593, 590, 587, 584, 582, 580, 578, 576, 574, 573, 571, 569, 569, 0, 0, 504, 492, 483, 480, 477, 474, 470, 466, 467, 470, 471, 472, 473, 477, 481, 488, 492, 492, 495, 498, 502, 506, 511, 507, 0, 0, 611, 616, 621, 626, 632, 638, 645, 651, 657, 663, 671, 679, 686]
[0, 614, 610, 605, 601, 599, 595, 592, 590, 589, 587, 585, 582, 579, 577, 576, 575, 573, 571, 570, 0, 0, 497, 488, 485, 482, 478, 475, 472, 468, 465, 467, 469, 471, 473, 475, 480, 482, 486, 491, 493, 497, 500, 503, 508, 513, 0, 607, 613, 618, 623, 629, 635, 641, 647, 654, 660, 667, 674, 682, 690]
[0, 618, 615, 611, 606, 599, 603, 597, 590, 594, 589, 585, 587, 584, 577, 582, 580, 578, 577, 576, 0, 0, 497, 488, 484, 480, 477, 474, 470, 466, 468, 470, 470, 472, 474, 477, 481, 486, 490, 492, 495, 498, 502, 506, 511, 517, 527, 0, 611, 615, 620, 626, 632, 639, 645, 650, 664, 667, 671, 685, 695]
[0, 634, 629, 624, 620, 616, 613, 609, 606, 604, 601, 599, 597, 595, 593, 591, 590, 588, 587, 576, 0, 0, 498, 489, 484, 480, 476, 474, 470, 466, 468, 470, 470, 472, 474, 477, 481, 486, 492, 497, 499, 502, 506, 512, 518, 525, 527, 0, 0, 625, 629, 636, 643, 648, 653, 666, 673, 680, 689, 698, 706]
[0, 640, 634, 630, 625, 620, 617, 614, 611, 608, 606, 604, 602, 599, 598, 597, 595, 594, 587, 0, 0, 0, 496, 488, 485, 481, 478, 476, 472, 468, 467, 469, 469, 471, 473, 476, 480, 485, 491, 497, 503, 507, 511, 517, 535, 0, 623, 628, 633, 639, 644, 649, 654, 660, 667, 673, 680, 687, 696, 704, 711]
[0, 642, 637, 631, 627, 623, 619, 616, 613, 610, 607, 605, 603, 601, 599, 597, 596, 594, 592, 0, 0, 0, 500, 491, 485, 481, 477, 475, 473, 469, 468, 469, 470, 471, 473, 477, 481, 486, 494, 502, 507, 511, 517, 524, 0, 624, 629, 634, 640, 646, 650, 655, 660, 667, 674, 681, 689, 695, 703, 711, 718]
[0, 640, 635, 630, 627, 623, 618, 614, 612, 609, 607, 604, 602, 600, 598, 596, 595, 593, 592, 0, 0, 0, 498, 489, 485, 482, 479, 476, 472, 467, 466, 468, 470, 472, 473, 476, 480, 485, 493, 502, 507, 511, 516, 522, 530, 624, 0, 634, 639, 644, 649, 655, 660, 666, 673, 679, 687, 694, 702, 710, 718]
[0, 642, 636, 631, 627, 623, 619, 616, 613, 610, 607, 605, 603, 601, 600, 598, 596, 594, 593, 0, 0, 0, 499, 490, 484, 481, 478, 476, 472, 468, 467, 469, 470, 471, 473, 476, 480, 486, 494, 502, 507, 511, 517, 524, 0, 624, 630, 634, 640, 645, 650, 655, 660, 667, 674, 681, 688, 696, 703, 711, 718]
[0, 662, 657, 652, 648, 645, 641, 638, 634, 631, 629, 626, 624, 622, 619, 617, 616, 614, 593, 0, 0, 502, 494, 488, 485, 482, 478, 477, 473, 468, 467, 469, 470, 471, 474, 477, 480, 486, 494, 504, 512, 515, 521, 524, 0, 631, 636, 642, 646, 651, 657, 662, 668, 674, 681, 687, 695, 703, 710, 718, 727]
[0, 660, 655, 651, 648, 644, 641, 640, 636, 633, 630, 628, 626, 623, 621, 619, 617, 615, 614, 0, 512, 500, 491, 488, 483, 480, 479, 476, 469, 465, 468, 470, 470, 472, 476, 481, 486, 493, 503, 515, 527, 539, 0, 638, 647, 651, 636, 656, 661, 671, 657, 676, 689, 696, 703, 710, 716, 724, 733, 742, 751]
[0, 660, 655, 651, 648, 644, 644, 640, 633, 633, 630, 628, 626, 623, 621, 619, 617, 615, 614, 0, 512, 500, 491, 486, 483, 480, 478, 476, 469, 465, 467, 469, 471, 472, 478, 482, 486, 495, 503, 515, 527, 539, 0, 641, 644, 648, 652, 657, 661, 666, 672, 678, 683, 690, 704, 710, 717, 724, 725, 744, 752]
[0, 668, 663, 659, 655, 651, 647, 644, 641, 638, 635, 632, 630, 628, 626, 623, 621, 620, 614, 0, 517, 504, 495, 489, 483, 480, 478, 478, 474, 468, 469, 469, 471, 471, 477, 481, 487, 495, 503, 515, 0, 543, 0, 640, 644, 647, 651, 656, 661, 666, 672, 677, 689, 690, 697, 704, 710, 725, 734, 744, 752]
[0, 668, 663, 659, 655, 651, 647, 644, 641, 638, 635, 633, 630, 628, 626, 623, 621, 620, 614, 0, 0, 504, 495, 489, 484, 481, 480, 477, 470, 465, 467, 469, 470, 473, 476, 480, 485, 492, 501, 515, 0, 0, 645, 648, 652, 656, 661, 665, 670, 676, 681, 687, 694, 701, 707, 713, 720, 728, 737, 747, 756]
[0, 683, 677, 672, 668, 664, 661, 657, 654, 652, 649, 647, 644, 642, 639, 637, 635, 633, 0, 0, 509, 499, 491, 486, 484, 481, 480, 477, 472, 467, 467, 469, 470, 471, 475, 480, 484, 491, 500, 515, 0, 0, 644, 648, 651, 655, 660, 665, 670, 674, 680, 686, 693, 700, 706, 713, 719, 726, 735, 744, 754]
[0, 682, 677, 672, 668, 664, 661, 657, 654, 652, 650, 647, 645, 642, 639, 638, 633, 633, 0, 0, 510, 500, 493, 488, 483, 480, 479, 475, 468, 467, 469, 469, 471, 474, 477, 482, 488, 495, 500, 0, 648, 652, 656, 660, 664, 668, 673, 678, 683, 689, 694, 701, 706, 711, 717, 725, 733, 741, 758, 766, 754]
[0, 700, 695, 690, 686, 681, 678, 675, 672, 670, 667, 664, 661, 659, 656, 654, 653, 651, 0, 523, 509, 500, 493, 488, 484, 482, 480, 477, 470, 467, 468, 469, 471, 474, 477, 480, 484, 501, 514, 0, 648, 0, 655, 659, 662, 668, 672, 676, 681, 691, 694, 703, 710, 716, 723, 730, 738, 746, 755, 763, 771]
[0, 701, 695, 689, 685, 681, 678, 675, 671, 667, 666, 663, 660, 658, 656, 654, 652, 0, 532, 523, 519, 497, 493, 490, 484, 481, 481, 476, 469, 467, 469, 470, 473, 476, 480, 484, 489, 495, 514, 0, 666, 671, 674, 677, 682, 687, 692, 697, 707, 713, 718, 724, 731, 737, 744, 752, 760, 768, 776, 785, 795]
[0, 700, 696, 691, 686, 681, 678, 676, 673, 670, 667, 664, 661, 659, 656, 654, 652, 0, 0, 524, 510, 500, 493, 488, 484, 482, 481, 475, 469, 469, 469, 470, 473, 477, 481, 486, 491, 498, 509, 0, 669, 672, 676, 679, 683, 688, 694, 699, 703, 709, 715, 720, 726, 732, 739, 747, 763, 772, 780, 789, 799]
[0, 700, 694, 688, 683, 680, 678, 675, 671, 668, 666, 664, 662, 659, 657, 655, 653, 0, 0, 0, 515, 504, 496, 489, 484, 482, 482, 477, 469, 467, 468, 470, 472, 475, 479, 484, 489, 495, 509, 0, 665, 671, 674, 677, 681, 692, 696, 702, 707, 712, 717, 723, 730, 737, 743, 751, 759, 767, 775, 783, 793]
[0, 721, 717, 712, 707, 702, 699, 696, 693, 690, 686, 683, 680, 678, 676, 675, 673, 0, 0, 522, 515, 498, 491, 489, 485, 483, 482, 479, 471, 465, 467, 470, 472, 478, 483, 484, 494, 501, 0, 0, 671, 675, 674, 681, 687, 692, 697, 702, 707, 712, 717, 723, 730, 737, 744, 753, 761, 768, 776, 786, 796]
[0, 720, 714, 711, 706, 702, 699, 695, 692, 688, 686, 682, 680, 678, 676, 674, 673, 0, 0, 519, 515, 506, 496, 490, 485, 485, 482, 472, 466, 468, 471, 473, 476, 480, 484, 489, 495, 502, 514, 0, 692, 695, 699, 703, 707, 711, 715, 721, 726, 732, 738, 744, 752, 758, 765, 774, 790, 799, 807, 816, 826]
[0, 737, 731, 726, 721, 717, 713, 709, 706, 704, 702, 699, 697, 695, 691, 690, 688, 0, 540, 526, 512, 506, 494, 490, 486, 485, 482, 481, 472, 468, 471, 474, 476, 481, 486, 489, 495, 502, 514, 0, 692, 695, 700, 703, 707, 711, 716, 721, 727, 734, 740, 747, 753, 760, 767, 774, 782, 791, 808, 818, 827]
[0, 735, 731, 725, 720, 715, 712, 710, 707, 703, 700, 698, 695, 693, 690, 689, 688, 0, 0, 534, 520, 508, 497, 490, 486, 485, 482, 481, 469, 470, 472, 475, 478, 481, 486, 491, 495, 502, 514, 0, 708, 711, 714, 718, 722, 727, 733, 738, 744, 750, 757, 763, 769, 776, 791, 801, 810, 817, 825, 834, 845]
[0, 735, 740, 736, 731, 727, 723, 719, 716, 714, 711, 709, 707, 706, 704, 703, 701, 0, 0, 537, 523, 511, 500, 491, 487, 486, 485, 480, 473, 470, 472, 474, 476, 479, 484, 488, 499, 509, 514, 707, 710, 713, 716, 720, 725, 730, 734, 740, 746, 752, 759, 765, 772, 779, 787, 796, 804, 813, 821, 829, 838]
[0, 750, 744, 738, 734, 730, 725, 721, 718, 715, 713, 711, 708, 706, 705, 703, 701, 0, 543, 530, 523, 516, 505, 496, 488, 487, 484, 477, 470, 470, 473, 475, 479, 482, 485, 490, 496, 509, 514, 0, 719, 723, 726, 731, 735, 739, 750, 755, 762, 768, 775, 781, 787, 795, 803, 811, 819, 829, 837, 846, 857]
[0, 753, 747, 742, 737, 732, 728, 724, 721, 718, 715, 712, 709, 708, 705, 702, 701, 0, 550, 535, 521, 510, 0, 489, 489, 487, 484, 482, 471, 473, 473, 474, 477, 484, 488, 494, 499, 509, 0, 717, 721, 725, 729, 733, 737, 742, 747, 754, 760, 765, 771, 778, 786, 794, 802, 809, 817, 826, 834, 853, 864]
[0, 753, 746, 741, 737, 732, 728, 724, 720, 717, 714, 711, 709, 708, 707, 705, 702, 0, 549, 535, 521, 510, 0, 0, 488, 487, 482, 474, 470, 472, 473, 476, 479, 482, 487, 491, 496, 509, 0, 0, 721, 724, 728, 733, 737, 741, 747, 753, 758, 765, 770, 777, 790, 798, 806, 815, 824, 832, 840, 850, 861]
[0, 781, 775, 770, 766, 762, 758, 755, 752, 749, 746, 743, 740, 737, 736, 735, 733, 0, 0, 547, 541, 534, 0, 0, 488, 486, 482, 474, 470, 472, 474, 475, 479, 483, 488, 491, 497, 509, 0, 0, 721, 724, 729, 734, 737, 742, 747, 754, 760, 765, 770, 777, 792, 798, 807, 816, 826, 834, 841, 851, 862]
[0, 783, 778, 772, 768, 764, 760, 756, 752, 750, 747, 744, 741, 737, 736, 734, 733, 0, 0, 543, 536, 534, 526, 0, 491, 490, 487, 478, 474, 476, 477, 480, 483, 487, 489, 494, 500, 510, 0, 752, 755, 759, 764, 768, 772, 777, 789, 796, 801, 807, 815, 823, 829, 834, 843, 853, 861, 870, 879, 888, 896]
[0, 801, 795, 784, 779, 774, 771, 768, 765, 762, 759, 756, 754, 752, 750, 748, 746, 0, 0, 548, 542, 535, 0, 0, 491, 489, 487, 479, 472, 473, 476, 479, 482, 485, 489, 497, 500, 510, 0, 755, 759, 763, 767, 770, 776, 782, 787, 793, 799, 806, 812, 818, 826, 833, 839, 847, 858, 867, 876, 885, 893]
[0, 796, 791, 786, 781, 777, 772, 769, 766, 763, 762, 758, 754, 752, 750, 748, 746, 0, 0, 550, 541, 536, 525, 0, 491, 490, 487, 480, 475, 476, 478, 482, 486, 489, 493, 497, 500, 510, 0, 767, 772, 776, 780, 785, 792, 797, 802, 812, 799, 825, 831, 837, 845, 855, 862, 870, 879, 887, 897, 907, 918]
[0, 800, 794, 788, 783, 779, 775, 772, 768, 765, 762, 760, 757, 754, 752, 751, 748, 0, 0, 0, 543, 537, 531, 0, 491, 490, 487, 480, 475, 476, 477, 481, 484, 488, 492, 496, 500, 510, 0, 767, 771, 776, 780, 791, 792, 801, 807, 812, 818, 825, 830, 836, 845, 853, 861, 869, 878, 886, 896, 906, 916]
[0, 810, 805, 801, 795, 790, 786, 781, 777, 774, 772, 769, 767, 765, 763, 761, 759, 757, 0, 548, 541, 535, 524, 0, 493, 491, 487, 479, 475, 477, 478, 480, 484, 488, 491, 500, 510, 0, 0, 772, 777, 781, 785, 790, 795, 802, 807, 812, 818, 825, 831, 838, 845, 852, 861, 869, 876, 886, 894, 904, 916]
[0, 836, 832, 828, 823, 818, 814, 810, 807, 805, 802, 799, 796, 793, 791, 790, 789, 757, 0, 0, 546, 539, 533, 0, 491, 490, 482, 474, 475, 479, 481, 484, 488, 491, 494, 499, 507, 0, 0, 780, 784, 788, 794, 799, 804, 809, 814, 819, 825, 831, 837, 844, 852, 868, 861, 883, 893, 903, 914, 924, 934]
[0, 843, 836, 828, 829, 824, 814, 817, 813, 810, 808, 806, 803, 800, 798, 797, 795, 757, 0, 0, 545, 539, 533, 0, 503, 494, 490, 484, 480, 481, 483, 486, 490, 493, 496, 499, 507, 0, 811, 815, 820, 824, 828, 833, 839, 845, 850, 857, 864, 870, 876, 883, 890, 897, 905, 915, 926, 937, 945, 954, 968]
[0, 849, 841, 836, 832, 828, 823, 820, 817, 814, 809, 805, 803, 800, 798, 798, 795, 757, 0, 0, 542, 536, 532, 0, 497, 494, 486, 479, 480, 482, 484, 488, 492, 495, 498, 502, 510, 0, 0, 820, 825, 828, 832, 836, 849, 855, 862, 868, 872, 878, 885, 891, 899, 907, 915, 926, 937, 946, 955, 967, 980]
[0, 857, 851, 844, 839, 835, 831, 828, 825, 821, 818, 816, 814, 812, 810, 808, 807, 757, 0, 558, 547, 539, 534, 0, 497, 492, 484, 479, 482, 484, 484, 489, 492, 495, 498, 502, 510, 0, 818, 823, 826, 829, 833, 838, 844, 851, 857, 862, 868, 874, 881, 887, 894, 903, 912, 929, 939, 948, 958, 970, 983]
[0, 859, 852, 846, 840, 836, 833, 829, 827, 825, 821, 817, 815, 813, 811, 809, 807, 807, 0, 558, 553, 537, 534, 528, 502, 494, 487, 480, 481, 483, 486, 488, 492, 495, 498, 504, 513, 0, 0, 831, 835, 839, 849, 856, 862, 866, 872, 878, 884, 890, 897, 904, 913, 923, 932, 940, 949, 959, 971, 983, 994]
[0, 885, 881, 875, 871, 867, 863, 858, 854, 850, 846, 843, 840, 837, 835, 834, 832, 807, 0, 0, 553, 547, 535, 528, 0, 495, 493, 486, 482, 483, 485, 488, 491, 494, 498, 508, 513, 0, 830, 833, 836, 841, 848, 854, 859, 865, 870, 876, 882, 888, 896, 903, 910, 919, 928, 937, 946, 955, 966, 980, 1003]
[0, 888, 882, 877, 872, 867, 863, 855, 852, 849, 846, 846, 838, 837, 835, 833, 832, 832, 0, 0, 548, 541, 538, 528, 0, 498, 494, 486, 487, 483, 489, 494, 497, 500, 504, 512, 513, 0, 859, 863, 867, 871, 875, 879, 885, 890, 895, 902, 910, 918, 926, 933, 941, 949, 967, 978, 946, 1000, 1010, 1023, 1036]
[0, 884, 879, 874, 870, 865, 860, 857, 853, 850, 847, 843, 840, 837, 835, 834, 832, 831, 0, 0, 556, 545, 539, 529, 503, 497, 494, 491, 486, 488, 491, 493, 496, 500, 503, 509, 513, 0, 859, 863, 866, 870, 875, 879, 883, 889, 895, 901, 917, 918, 931, 940, 947, 956, 967, 978, 989, 998, 1009, 1020, 1032]
[0, 883, 877, 872, 868, 864, 860, 856, 852, 850, 846, 842, 838, 836, 834, 833, 833, 831, 0, 0, 550, 542, 539, 529, 0, 496, 489, 485, 486, 488, 489, 492, 495, 499, 502, 509, 0, 857, 861, 865, 868, 872, 878, 882, 887, 892, 899, 906, 913, 922, 929, 936, 943, 952, 962, 972, 983, 993, 1004, 1016, 1029]
[0, 903, 897, 892, 889, 884, 880, 876, 873, 870, 868, 866, 865, 863, 861, 859, 856, 854, 0, 0, 556, 546, 542, 0, 0, 496, 490, 487, 488, 488, 491, 493, 496, 499, 503, 509, 0, 0, 859, 863, 867, 870, 875, 879, 889, 895, 901, 906, 908, 924, 931, 939, 947, 954, 964, 977, 988, 997, 1007, 1020, 1032]
[0, 911, 905, 900, 894, 888, 883, 879, 875, 873, 871, 868, 867, 864, 862, 859, 857, 854, 855, 0, 551, 544, 539, 0, 507, 501, 495, 490, 491, 491, 493, 496, 499, 502, 505, 512, 0, 0, 879, 882, 891, 896, 900, 906, 912, 919, 928, 934, 939, 945, 953, 961, 972, 983, 993, 1001, 1011, 1023, 1034, 1048, 1061]
[0, 924, 918, 912, 906, 901, 896, 892, 887, 883, 882, 879, 876, 874, 871, 870, 868, 867, 855, 0, 553, 545, 539, 540, 503, 501, 493, 488, 488, 491, 494, 497, 500, 504, 505, 512, 0, 880, 882, 886, 889, 893, 898, 904, 910, 917, 924, 931, 936, 943, 949, 957, 967, 987, 997, 1006, 1015, 1027, 1038, 1051, 1067]
[0, 940, 934, 928, 923, 917, 912, 908, 903, 900, 897, 895, 893, 892, 889, 887, 886, 885, 884, 0, 0, 555, 550, 0, 0, 0, 493, 489, 490, 494, 494, 495, 498, 505, 505, 512, 0, 889, 894, 897, 902, 907, 912, 918, 924, 930, 937, 943, 949, 956, 965, 974, 984, 992, 1012, 1006, 1033, 1044, 1057, 1070, 1084]
[0, 942, 937, 931, 923, 920, 916, 911, 907, 905, 902, 899, 896, 893, 891, 890, 890, 888, 884, 0, 0, 548, 543, 0, 0, 0, 499, 495, 496, 496, 497, 499, 502, 505, 509, 515, 0, 915, 921, 925, 930, 935, 939, 945, 951, 957, 963, 972, 981, 989, 996, 1003, 1013, 1023, 1033, 1043, 1054, 1066, 1078, 1091, 1106]
[0, 958, 952, 945, 940, 936, 931, 926, 922, 918, 916, 912, 910, 908, 905, 903, 901, 900, 898, 0, 0, 557, 551, 0, 0, 0, 493, 495, 495, 496, 499, 502, 504, 508, 513, 515, 0, 913, 918, 923, 928, 934, 938, 942, 948, 955, 963, 970, 977, 986, 994, 1002, 1011, 1029, 1040, 1050, 1064, 1077, 1089, 1102, 1117]
[0, 986, 977, 971, 965, 958, 953, 949, 945, 942, 940, 937, 933, 931, 930, 927, 926, 926, 925, 926, 0, 0, 554, 0, 524, 510, 500, 496, 497, 498, 499, 501, 503, 506, 509, 519, 0, 930, 934, 938, 942, 947, 952, 957, 964, 973, 981, 988, 995, 1003, 1011, 1020, 1029, 1038, 1049, 1061, 1071, 1083, 1096, 1111, 1125]
[0, 996, 989, 981, 976, 971, 965, 959, 954, 951, 948, 946, 943, 940, 939, 939, 937, 936, 936, 935, 0, 0, 554, 0, 520, 507, 498, 499, 502, 502, 503, 505, 508, 512, 517, 519, 0, 952, 959, 964, 970, 977, 983, 991, 996, 1002, 1009, 1017, 1025, 1033, 1043, 1053, 1062, 1072, 1083, 1095, 1108, 1121, 1135, 1150, 1164]
[0, 996, 989, 982, 976, 972, 965, 959, 954, 951, 948, 946, 943, 940, 939, 938, 936, 936, 935, 934, 0, 0, 553, 0, 523, 0, 501, 500, 502, 502, 503, 506, 509, 513, 519, 519, 0, 963, 971, 978, 984, 989, 995, 1000, 1006, 1014, 1021, 1028, 1036, 1045, 1055, 1064, 1074, 1084, 1096, 1109, 1121, 1135, 1151, 1164, 1175]
[0, 997, 991, 983, 977, 971, 965, 959, 954, 951, 948, 946, 945, 942, 939, 938, 937, 936, 936, 935, 0, 0, 552, 542, 527, 0, 501, 500, 503, 503, 504, 506, 509, 513, 519, 0, 962, 966, 970, 977, 984, 989, 994, 1000, 1007, 1014, 1021, 1029, 1037, 1044, 1054, 1063, 1073, 1083, 1095, 1108, 1120, 1134, 1149, 1162, 1174]
[0, 998, 991, 983, 977, 972, 965, 960, 955, 951, 949, 947, 945, 942, 940, 938, 937, 936, 936, 936, 0, 0, 553, 543, 527, 0, 502, 503, 503, 503, 504, 506, 509, 513, 519, 0, 962, 966, 971, 977, 983, 989, 995, 1000, 1007, 1014, 1021, 1029, 1037, 1045, 1052, 1062, 1072, 1082, 1094, 1106, 1122, 1136, 1148, 1162, 1173]
[0, 1019, 1012, 1007, 1002, 997, 992, 988, 984, 980, 976, 971, 969, 968, 966, 964, 964, 964, 964, 964, 0, 0, 557, 0, 0, 0, 503, 503, 503, 503, 504, 506, 509, 513, 519, 0, 962, 966, 971, 977, 984, 989, 995, 1000, 1007, 1014, 1021, 1029, 1038, 1045, 1052, 1061, 1072, 1083, 1094, 1106, 1122, 1135, 1148, 1162, 1173]
[0, 1076, 1070, 1063, 1057, 1051, 1045, 1041, 1038, 1035, 1031, 1027, 1025, 1022, 1021, 1021, 1019, 1018, 1019, 1018, 1018, 0, 0, 0, 528, 515, 507, 508, 510, 510, 1344, 512, 515, 519, 0, 998, 1001, 1007, 1013, 1017, 1023, 1029, 1035, 1043, 1051, 1058, 1065, 1074, 1083, 1092, 1103, 1114, 1128, 1142, 1154, 1166, 1178, 1191, 1205, 1222, 1238]
[0, 1083, 1068, 1063, 1061, 1052, 1046, 1040, 1037, 1034, 1030, 1027, 1024, 1022, 1021, 1019, 1018, 1018, 1018, 1017, 1017, 0, 0, 0, 531, 524, 521, 522, 520, 520, 520, 522, 530, 519, 0, 1045, 1048, 1052, 1057, 1064, 1077, 1029, 1082, 1097, 1105, 1114, 1123, 1130, 1139, 1151, 1163, 1171, 1181, 1193, 1207, 1223, 1236, 1252, 1266, 1279, 1304]
[0, 1113, 1105, 1098, 1091, 1085, 1081, 1077, 1073, 1069, 1065, 1062, 1059, 1056, 1054, 1052, 1050, 1049, 1048, 1046, 1047, 1048, 0, 0, 0, 527, 520, 521, 520, 520, 521, 524, 530, 0, 1043, 1046, 1051, 1056, 1061, 1065, 1071, 1078, 1084, 1092, 1100, 1108, 1116, 1124, 1134, 1142, 1153, 1163, 1172, 1185, 1211, 1225, 1239, 1254, 1268, 1285, 1308]
[0, 1123, 1117, 1110, 1103, 1096, 1092, 1087, 1082, 1079, 1076, 1073, 1070, 1067, 1065, 1064, 1064, 1063, 1063, 1062, 1061, 1062, 0, 0, 0, 533, 531, 529, 527, 526, 526, 529, 0, 1072, 1074, 1079, 1083, 1089, 1096, 1106, 1112, 1119, 1128, 1136, 1147, 1154, 1158, 1165, 1175, 1184, 1194, 1207, 1219, 1232, 1244, 1256, 1271, 1285, 1299, 1317, 1336]
[0, 1123, 1116, 1109, 1103, 1097, 1091, 1087, 1083, 1079, 1076, 1073, 1070, 1067, 1065, 1065, 1064, 1063, 1063, 1064, 1063, 1063, 0, 0, 544, 535, 532, 531, 529, 529, 531, 529, 0, 1084, 1087, 1090, 1095, 1102, 1108, 1113, 1128, 1119, 1144, 1152, 1161, 1167, 1172, 1179, 1189, 1200, 1214, 1230, 1243, 1253, 1263, 1277, 1290, 1305, 1323, 1341, 1360]
[0, 1124, 1117, 1109, 1102, 1096, 1092, 1088, 1083, 1079, 1077, 1074, 1071, 1068, 1065, 1064, 1064, 1063, 1062, 1062, 1061, 1062, 0, 0, 539, 533, 531, 531, 529, 530, 533, 529, 0, 1086, 1089, 1091, 1096, 1105, 1114, 1119, 1126, 1133, 1141, 1149, 1157, 1165, 1169, 1174, 1181, 1194, 1209, 1223, 1249, 1258, 1271, 1282, 1294, 1311, 1331, 1351, 1368]
[0, 1161, 1117, 1109, 1102, 1096, 1092, 1088, 1083, 1079, 1077, 1074, 1071, 1068, 1065, 1064, 1064, 1063, 1062, 1062, 1061, 1062, 0, 0, 544, 535, 532, 531, 529, 529, 531, 529, 0, 1084, 1087, 1091, 1097, 1104, 1116, 1122, 1130, 1136, 1144, 1153, 1161, 1167, 1173, 1180, 1191, 1202, 1214, 1230, 1243, 1253, 1264, 1277, 1290, 1305, 1324, 1342, 1361]
[0, 1161, 1117, 1109, 1102, 1096, 1092, 1088, 1083, 1079, 1077, 1074, 1071, 1068, 1065, 1064, 1064, 1063, 1062, 1062, 1061, 1062, 0, 0, 544, 535, 532, 531, 529, 529, 531, 529, 0, 1084, 1087, 1091, 1097, 1104, 1116, 1122, 1130, 1136, 1144, 1153, 1161, 1167, 1173, 1180, 1191, 1202, 1214, 1230, 1243, 1253, 1264, 1277, 1290, 1305, 1324, 1342, 1361]
[0, 1161, 1117, 1109, 1102, 1096, 1092, 1088, 1083, 1079, 1077, 1074, 1071, 1068, 1065, 1064, 1064, 1063, 1062, 1062, 1061, 1062, 0, 0, 544, 546, 545, 548, 0, 1115, 1119, 1122, 1123, 1129, 1132, 1137, 1143, 1149, 1155, 1163, 1169, 1174, 1180, 1186, 1193, 1200, 1209, 1221, 1240, 1250, 1261, 1273, 15620, 1287, 1309, 1324, 1337, 1347, 10239, 1372, 1383]
[0, 1208, 1200, 1193, 1187, 1180, 1175, 1171, 1166, 1164, 1161, 1157, 1156, 1152, 1153, 1154, 1154, 1152, 1147, 1147, 1152, 1155, 0, 0, 544, 546, 545, 548, 0, 1115, 1119, 1122, 1123, 1129, 1132, 1137, 1143, 1149, 1155, 1163, 1169, 1174, 1180, 1186, 1193, 1200, 1209, 1221, 1240, 1250, 1261, 1273, 15620, 0, 1309, 1324, 1337, 1347, 10239, 1372, 1383]
[0, 1208, 1202, 1195, 1187, 1181, 1176, 1173, 1169, 1165, 1164, 1161, 1157, 1157, 1157, 1156, 1155, 1150, 1149, 1151, 1153, 1157, 1157, 1153, 544, 0, 545, 1156, 1160, 1161, 1162, 1164, 1172, 1175, 1178, 1184, 1189, 1192, 1198, 1205, 1211, 1215, 1219, 1225, 1231, 1237, 1245, 1252, 1258, 1264, 1271, 1279, 1289, 1300, 1310, 1320, 1332, 1346, 1360, 1371, 1383]
[0, 1238, 1230, 1220, 1212, 1207, 1201, 1194, 1188, 1185, 1182, 1179, 1176, 1171, 1157, 1169, 1155, 1168, 1171, 1169, 1168, 1170, 1157, 1155, 0, 0, 1159, 1161, 1162, 1164, 1166, 1168, 1172, 1176, 1177, 1181, 1188, 1193, 1198, 1205, 1209, 1213, 1219, 1224, 1230, 1238, 1244, 1250, 1256, 1263, 1268, 1274, 1285, 1297, 1308, 1321, 1334, 1346, 1356, 1368, 1381]
[0, 1233, 1225, 1218, 1213, 1208, 1203, 1199, 1193, 1187, 1184, 1185, 1183, 1179, 1177, 1176, 1175, 1173, 1172, 1173, 1174, 1176, 1170, 1170, 1173, 1176, 1178, 1178, 1177, 1178, 1180, 1182, 1186, 1189, 1192, 1193, 1192, 1196, 1200, 1205, 1209, 1214, 1221, 1225, 1229, 1236, 1241, 1247, 1255, 1262, 1268, 1276, 1285, 1293, 1304, 1315, 1327, 1340, 1365, 1378, 1393]
[0, 1255, 1249, 1243, 1236, 1225, 1219, 1219, 1212, 1205, 1201, 1200, 1199, 1194, 1194, 1193, 1187, 1186, 1187, 1186, 1187, 1187, 1177, 1177, 1177, 1179, 1181, 1182, 1182, 1183, 1184, 1185, 1184, 1185, 1189, 1194, 1196, 1198, 1201, 1204, 1207, 1213, 1216, 1220, 1225, 1232, 1240, 1246, 1257, 1265, 1273, 1281, 1289, 1301, 1312, 1323, 1335, 1347, 1361, 1374, 1388]
[0, 1252, 1246, 1237, 1226, 1219, 1217, 1214, 1209, 1202, 1200, 1198, 1196, 1194, 1192, 1190, 1189, 1188, 1188, 1188, 1187, 1187, 1187, 1186, 1186, 1186, 1189, 1187, 1184, 1184, 1185, 1187, 1189, 1191, 1192, 1193, 1196, 1199, 1201, 1205, 1210, 1214, 1219, 1225, 1231, 1236, 1245, 1251, 1257, 1264, 1271, 1279, 1286, 1296, 1309, 1320, 1332, 1345, 1359, 1370, 1382]
[0, 1296, 1287, 1279, 1272, 1268, 1262, 1256, 1252, 1247, 1242, 1237, 1233, 1230, 1221, 1214, 1210, 1207, 1206, 1202, 1198, 1194, 1186, 1187, 1187, 1188, 1189, 1189, 1187, 1185, 1185, 1185, 1187, 1190, 1191, 1192, 1195, 1198, 1199, 1204, 1209, 1213, 1217, 1222, 1229, 1236, 1241, 1246, 1253, 1260, 1265, 1272, 1281, 1292, 1302, 1326, 1339, 1350, 1362, 1375, 1391]
[0, 1298, 1289, 1281, 1276, 1270, 1264, 1258, 1253, 1248, 1244, 1239, 1233, 1229, 1225, 1221, 1216, 1210, 1205, 1201, 1198, 1196, 1192, 1191, 1189, 1187, 1185, 1183, 1184, 1185, 1185, 1183, 1184, 1188, 1189, 1192, 1195, 1197, 1199, 1200, 1208, 1213, 1218, 1223, 1231, 1237, 1242, 1250, 1257, 1263, 1270, 1278, 1286, 1295, 1305, 1318, 1333, 1345, 1356, 1370, 1385]
[0, 1296, 1287, 1279, 1272, 1268, 1262, 1256, 1252, 1247, 1242, 1237, 1234, 1230, 1221, 1214, 1211, 1207, 1205, 1202, 1198, 1194, 1194, 1192, 1189, 1187, 1186, 1188, 1187, 1184, 1186, 1187, 1188, 1190, 1192, 1193, 1195, 1199, 1201, 1205, 1209, 1214, 1218, 1224, 1230, 1236, 1244, 1250, 1256, 1263, 1270, 1278, 1286, 1294, 1306, 1316, 1329, 1344, 1354, 1366, 1381]
[0, 1332, 1320, 1305, 1293, 1285, 1278, 1270, 1262, 1255, 1247, 1239, 1233, 1229, 1221, 1214, 1210, 1205, 1203, 1198, 1195, 1194, 1192, 1191, 1188, 1186, 1186, 1184, 1184, 1184, 1184, 1185, 1186, 1188, 1189, 1191, 1195, 1197, 1200, 1203, 1209, 1213, 1218, 1224, 1231, 1236, 1242, 1249, 1256, 1262, 1268, 1276, 1284, 1293, 1304, 1319, 1331, 1343, 1357, 1368, 1382]
[0, 1338, 1324, 1309, 1298, 1288, 1279, 1272, 1264, 1256, 1249, 1242, 1236, 1230, 1223, 1218, 1213, 1203, 1203, 1196, 1193, 1189, 1192, 1190, 1188, 1186, 1184, 1183, 1183, 1183, 1184, 1183, 1184, 1187, 1188, 1189, 1191, 1194, 1199, 1203, 1207, 1210, 1214, 1223, 1228, 1233, 1241, 1248, 1253, 1259, 1268, 1276, 1284, 1293, 1304, 1314, 1326, 1342, 1354, 1365, 1381]
[0, 1339, 1325, 1314, 1302, 1291, 1283, 1276, 1266, 1251, 1243, 1237, 1232, 1225, 1219, 1213, 1208, 1204, 1200, 1197, 1192, 1188, 1188, 1187, 1186, 1184, 1181, 1179, 1180, 1180, 1179, 1181, 1184, 1186, 1187, 1191, 1192, 1195, 1197, 1201, 1207, 1209, 1213, 1220, 1226, 1230, 1237, 1246, 1251, 1255, 1264, 1272, 1279, 1287, 1298, 1308, 1322, 1336, 1361, 1371, 1382]
[0, 1337, 1324, 1309, 1298, 1288, 1280, 1273, 1264, 1256, 1249, 1245, 1239, 1230, 1218, 1213, 1208, 1203, 1199, 1195, 1192, 1190, 1187, 1187, 1186, 1184, 1182, 1181, 1183, 1184, 1184, 1185, 1186, 1187, 1186, 1186, 1189, 1193, 1195, 1198, 1202, 1209, 1215, 1219, 1224, 1231, 1235, 1242, 1256, 1263, 1271, 1277, 1282, 1293, 1305, 1314, 1328, 1343, 1354, 1367, 1382]
[0, 1331, 1319, 1305, 1293, 1285, 1277, 1269, 1261, 1254, 1247, 1239, 1233, 1228, 1221, 1214, 1210, 1205, 1200, 1196, 1194, 1193, 1187, 1186, 1185, 1183, 1181, 1180, 1181, 1182, 1182, 1183, 1184, 1184, 1186, 1189, 1191, 1192, 1195, 1198, 1202, 1209, 1214, 1217, 1223, 1228, 1233, 1239, 1247, 1263, 1268, 1274, 1282, 1292, 1305, 1315, 1328, 1342, 1354, 1366, 1381]
[0, 1339, 1325, 1313, 1302, 1281, 1277, 1266, 1258, 1251, 1242, 1237, 1231, 1225, 1219, 1213, 1208, 1203, 1199, 1197, 1193, 1190, 1191, 1189, 1187, 1185, 1184, 1182, 1183, 1183, 1180, 1179, 1184, 1185, 1186, 1189, 1192, 1194, 1197, 1201, 1205, 1210, 1215, 1220, 1226, 1234, 1238, 1243, 1250, 1258, 1264, 1270, 1281, 1289, 1298, 1312, 1323, 1333, 1348, 1362, 1371]
[0, 1327, 1314, 1301, 1289, 1281, 1273, 1266, 1259, 1251, 1244, 1238, 1232, 1226, 1218, 1211, 1207, 1202, 1199, 1196, 1193, 1189, 1189, 1188, 1184, 1181, 1181, 1181, 1182, 1183, 1181, 1182, 1184, 1184, 1186, 1187, 1190, 1191, 1192, 1195, 1197, 1201, 1214, 1219, 1225, 1233, 1240, 1244, 1250, 1258, 1267, 1275, 1282, 1289, 1298, 1310, 1321, 1334, 1349, 1362, 1374]
[0, 1331, 1318, 1305, 1294, 1286, 1278, 1269, 1261, 1252, 1244, 1239, 1233, 1229, 1222, 1214, 1209, 1204, 1199, 1196, 1195, 1193, 1188, 1187, 1185, 1183, 1181, 1181, 1182, 1182, 1181, 1180, 1182, 1185, 1187, 1187, 1190, 1191, 1192, 1197, 1203, 1209, 1214, 1219, 1224, 1232, 1239, 1244, 1250, 1258, 1266, 1274, 1281, 1288, 1298, 1310, 1321, 1335, 1349, 1361, 1375]
[0, 1335, 1324, 1310, 1298, 1289, 1281, 1272, 1257, 1250, 1242, 1236, 1230, 1224, 1218, 1212, 1208, 1203, 1199, 1195, 1190, 1188, 1188, 1185, 1182, 1180, 1180, 1179, 1178, 1178, 1180, 1180, 1181, 1182, 1185, 1187, 1188, 1193, 1194, 1196, 1201, 1205, 1211, 1216, 1220, 1227, 1234, 1239, 1246, 1254, 1262, 1268, 1277, 1286, 1297, 1307, 1316, 1342, 1354, 1368, 1382]
[0, 1328, 1313, 1302, 1293, 1284, 1276, 1268, 1261, 1253, 1246, 1239, 1231, 1226, 1220, 1214, 1209, 1204, 1199, 1195, 1194, 1192, 1187, 1186, 1185, 1183, 1179, 1178, 1181, 1180, 1178, 1179, 1181, 1183, 1185, 1186, 1188, 1191, 1194, 1198, 1202, 1204, 1209, 1214, 1217, 1223, 1230, 1238, 1246, 1259, 1265, 1273, 1281, 1289, 1298, 1312, 1326, 1339, 1353, 1365, 1378]
[0, 1327, 1313, 1300, 1289, 1282, 1274, 1266, 1258, 1250, 1244, 1237, 1231, 1225, 1218, 1211, 1205, 1203, 1199, 1196, 1193, 1189, 1188, 1186, 1186, 1184, 1181, 1180, 1179, 1176, 1176, 1178, 1179, 1181, 1188, 1186, 1190, 1194, 1197, 1200, 1201, 1205, 1211, 1216, 1223, 1228, 1235, 1242, 1249, 1256, 1262, 1269, 1279, 1288, 1297, 1310, 1322, 1338, 1353, 1366, 1381]
[0, 1332, 1317, 1307, 1296, 1285, 1279, 1271, 1263, 1254, 1247, 1241, 1229, 1224, 1218, 1212, 1207, 1203, 1199, 1195, 1191, 1188, 1186, 1184, 1183, 1179, 1178, 1181, 1181, 1179, 1178, 1180, 1181, 1182, 1184, 1187, 1189, 1191, 1192, 1195, 1197, 1208, 1213, 1218, 1223, 1229, 1233, 1240, 1249, 1257, 1263, 1271, 1280, 1287, 1298, 1311, 1323, 1338, 1352, 1366, 1382]
[0, 1331, 1318, 1308, 1297, 1287, 1280, 1271, 1255, 1247, 1241, 1235, 1228, 1222, 1217, 1211, 1207, 1202, 1198, 1195, 1191, 1188, 1186, 1185, 1184, 1182, 1180, 1179, 1178, 1177, 1178, 1179, 1181, 1183, 1185, 1185, 1187, 1191, 1194, 1197, 1201, 1204, 1209, 1213, 1216, 1223, 1230, 1244, 1251, 1261, 1267, 1274, 1284, 1295, 1311, 1328, 1340, 1351, 1367, 1382, 1396]
[0, 1325, 1311, 1299, 1289, 1280, 1272, 1264, 1256, 1250, 1243, 1237, 1228, 1222, 1218, 1212, 1206, 1202, 1198, 1195, 1192, 1189, 1185, 1183, 1183, 1178, 1176, 1175, 1175, 1177, 1178, 1181, 1182, 1182, 1185, 1186, 1188, 1191, 1194, 1196, 1199, 1202, 1207, 1212, 1217, 1231, 1238, 1243, 1250, 1259, 1267, 1275, 1285, 1296, 1311, 1327, 1339, 1353, 1368, 1381, 1395]
[0, 1332, 1319, 1308, 1294, 1284, 1278, 1271, 1263, 1255, 1248, 1241, 1235, 1229, 1222, 1211, 1206, 1202, 1198, 1195, 1192, 1189, 1186, 1184, 1183, 1179, 1178, 1178, 1178, 1178, 1177, 1179, 1179, 1180, 1184, 1186, 1187, 1189, 1195, 1198, 1202, 1207, 1212, 1217, 1220, 1225, 1233, 1240, 1249, 1257, 1263, 1271, 1283, 1295, 1308, 1322, 1335, 1345, 1358, 1377, 1394]
[0, 1326, 1313, 1299, 1289, 1280, 1270, 1265, 1259, 1252, 1244, 1237, 1230, 1225, 1220, 1212, 1206, 1202, 1197, 1195, 1193, 1191, 1186, 1184, 1184, 1182, 1180, 1179, 1177, 1177, 1179, 1180, 1181, 1183, 1184, 1185, 1187, 1190, 1193, 1197, 1201, 1204, 1207, 1211, 1216, 1224, 1231, 1236, 1243, 1251, 1266, 1277, 1289, 1298, 1312, 1329, 1338, 1350, 1367, 1380, 1395]
[0, 1324, 1310, 1299, 1288, 1279, 1270, 1264, 1258, 1250, 1243, 1237, 1229, 1221, 1216, 1211, 1206, 1202, 1198, 1194, 1193, 1190, 1187, 1185, 1183, 1179, 1179, 1179, 1179, 1180, 1184, 1189, 1197, 1183, 1200, 1202, 1205, 1208, 1211, 1214, 1218, 1221, 1226, 1232, 1236, 1244, 1250, 1255, 1261, 1266, 1274, 1285, 1292, 1301, 1314, 1323, 1333, 1345, 1359, 1374, 1388]
[0, 1328, 1317, 1306, 1293, 1284, 1275, 1264, 1256, 1251, 1247, 1240, 1232, 1226, 1222, 1217, 1213, 1202, 1211, 1207, 1207, 1206, 1186, 1186, 1186, 1187, 1188, 1191, 1194, 1194, 1195, 1196, 1197, 1198, 1202, 1204, 1207, 1208, 1210, 1214, 1217, 1220, 1226, 1232, 1236, 1243, 1249, 1255, 1261, 1266, 1274, 1285, 1296, 1306, 1314, 1323, 1333, 1345, 1360, 1374, 1388]
[0, 1328, 1317, 1304, 1291, 1279, 1272, 1266, 1260, 1252, 1244, 1238, 1233, 1226, 1219, 1217, 1216, 1213, 1210, 1209, 1208, 1206, 1202, 1198, 1198, 1197, 1197, 1197, 1196, 1194, 1196, 1197, 1197, 1199, 1199, 1200, 1204, 1206, 1208, 1211, 1216, 1220, 1224, 1229, 1235, 1240, 1246, 1251, 1258, 1262, 1267, 1278, 1298, 1307, 1317, 1327, 1337, 1353, 1371, 1382, 1396]
[0, 1332, 1318, 1308, 1296, 1286, 1278, 1269, 1261, 1253, 1246, 1240, 1234, 1223, 1218, 1216, 1215, 1212, 1210, 1209, 1208, 1206, 1204, 1202, 1197, 1196, 1195, 1196, 1196, 1195, 1195, 1196, 1196, 1199, 1201, 1203, 1206, 1206, 1209, 1214, 1216, 1219, 1225, 1231, 1237, 1242, 1247, 1252, 1259, 1265, 1270, 1277, 1290, 1299, 1310, 1322, 1340, 1355, 1371, 1385, 1400]
[0, 1327, 1315, 1304, 1297, 1289, 1284, 1280, 1277, 1270, 1258, 1250, 1243, 1239, 1235, 1231, 1227, 1223, 1217, 1212, 1210, 1205, 1203, 1199, 1197, 1196, 1195, 1195, 1193, 1194, 1196, 1197, 1198, 1198, 1201, 1202, 1202, 1205, 1208, 1210, 1214, 1218, 1222, 1228, 1234, 1241, 1247, 1252, 1263, 1270, 1278, 1287, 1296, 1308, 1318, 1326, 1337, 1351, 1367, 1381, 1395]
[0, 1339, 1330, 1319, 1308, 1301, 1295, 1289, 1278, 1268, 1263, 1257, 1250, 1238, 1233, 1229, 1225, 1219, 1213, 1209, 1207, 1206, 1202, 1200, 1198, 1197, 1197, 1195, 1194, 1194, 1195, 1194, 1195, 1200, 1201, 1209, 1205, 1208, 1210, 1213, 1217, 1220, 1226, 1231, 1237, 1244, 1249, 1255, 1260, 1266, 1274, 1284, 1294, 1304, 1313, 1322, 1334, 1348, 1362, 1377, 1391]
[0, 1339, 1330, 1319, 1309, 1302, 1295, 1288, 1281, 1271, 1255, 1251, 1244, 1238, 1234, 1229, 1222, 1216, 1213, 1209, 1208, 1205, 1203, 1199, 1197, 1196, 1195, 1195, 1194, 1194, 1195, 1196, 1197, 1198, 1200, 1201, 1202, 1205, 1208, 1210, 1214, 1218, 1223, 1229, 1235, 1240, 1246, 1252, 1257, 1270, 1277, 1288, 1298, 1307, 1318, 1328, 1337, 1350, 1364, 1379, 1397]
[0, 1342, 1331, 1321, 1315, 1306, 1295, 1288, 1280, 1261, 1255, 1250, 1244, 1237, 1233, 1228, 1221, 1217, 1216, 1212, 1207, 1205, 1203, 1199, 1197, 1196, 1194, 1194, 1194, 1194, 1195, 1196, 1197, 1198, 1200, 1205, 1206, 1205, 1209, 1211, 1214, 1218, 1222, 1228, 1234, 1238, 1244, 1257, 1262, 1269, 1277, 1287, 1296, 1307, 1317, 1326, 1337, 1351, 1363, 1378, 1395]
[0, 1344, 1332, 1321, 1310, 1303, 1294, 1286, 1276, 1268, 1263, 1255, 1249, 1243, 1236, 1232, 1228, 1224, 1219, 1216, 1212, 1207, 1205, 1199, 1197, 1196, 1195, 1195, 1195, 1195, 1195, 1195, 1197, 1197, 1199, 1201, 1202, 1205, 1208, 1210, 1215, 1219, 1223, 1228, 1234, 1240, 1246, 1252, 1257, 1264, 1277, 1288, 1298, 1307, 1317, 1327, 1337, 1350, 1364, 1379, 1394]
[0, 1339, 1326, 1315, 1305, 1299, 1290, 1280, 1271, 1262, 1257, 1252, 1246, 1240, 1234, 1226, 1221, 1218, 1214, 1211, 1208, 1204, 1200, 1197, 1197, 1196, 1195, 1196, 1196, 1194, 1194, 1196, 1196, 1199, 1200, 1202, 1205, 1206, 1208, 1213, 1215, 1217, 1223, 1230, 1236, 1242, 1247, 1252, 1257, 1264, 1274, 1282, 1291, 1299, 1310, 1322, 1329, 1342, 1359, 1374, 1387]
[0, 1348, 1331, 1322, 1313, 1304, 1294, 1286, 1268, 1262, 1257, 1250, 1244, 1238, 1233, 1228, 1224, 1219, 1213, 1208, 1207, 1205, 1202, 1199, 1199, 1199, 1195, 1193, 1193, 1194, 1195, 1196, 1197, 1198, 1199, 1204, 1206, 1205, 1208, 1211, 1211, 1215, 1221, 1227, 1234, 1240, 1246, 1252, 1260, 1267, 1277, 1282, 1298, 1307, 1317, 1327, 1337, 1352, 1370, 1384, 1399]
[0, 1340, 1328, 1319, 1309, 1300, 1291, 1282, 1272, 1265, 1258, 1253, 1246, 1240, 1236, 1232, 1227, 1221, 1213, 1209, 1208, 1205, 1202, 1199, 1197, 1196, 1195, 1195, 1194, 1195, 1195, 1195, 1197, 1198, 1200, 1202, 1202, 1205, 1208, 1210, 1214, 1218, 1222, 1232, 1238, 1237, 1243, 1251, 1255, 1262, 1272, 1289, 1298, 1307, 1317, 1327, 1338, 1352, 1369, 1385, 1396]
[0, 1342, 1330, 1320, 1315, 1306, 1291, 1283, 1275, 1266, 1259, 1254, 1246, 1240, 1236, 1230, 1225, 1221, 1217, 1213, 1209, 1206, 1203, 1200, 1199, 1195, 1194, 1194, 1196, 1195, 1193, 1194, 1196, 1197, 1201, 1203, 1204, 1208, 1211, 1213, 1217, 1219, 1222, 1229, 1235, 1243, 1248, 1253, 1259, 1265, 1274, 1282, 1291, 1300, 1311, 1322, 1332, 1344, 1359, 1374, 1387]
[0, 1339, 1326, 1315, 1305, 1299, 1290, 1280, 1273, 1264, 1256, 1250, 1246, 1240, 1234, 1230, 1225, 1220, 1216, 1209, 1207, 1206, 1200, 1197, 1196, 1196, 1195, 1196, 1196, 1195, 1195, 1196, 1196, 1199, 1199, 1201, 1205, 1206, 1209, 1212, 1214, 1218, 1224, 1230, 1236, 1242, 1246, 1252, 1258, 1266, 1274, 1281, 1287, 1297, 1310, 1321, 1329, 1354, 1370, 1384, 1398]
[0, 1337, 1326, 1315, 1305, 1296, 1287, 1280, 1271, 1262, 1257, 1251, 1245, 1239, 1233, 1228, 1224, 1218, 1212, 1209, 1207, 1204, 1203, 1200, 1198, 1197, 1193, 1191, 1193, 1193, 1193, 1194, 1196, 1195, 1197, 1199, 1202, 1206, 1207, 1212, 1216, 1221, 1227, 1231, 1237, 1243, 1248, 1254, 1261, 1267, 1275, 1286, 1295, 1303, 1312, 1322, 1333, 1347, 1361, 1377, 1391]
[0, 1353, 1337, 1322, 1313, 1303, 1286, 1277, 1267, 1261, 1255, 1247, 1240, 1233, 1225, 1220, 1218, 1216, 1213, 1208, 1207, 1204, 1202, 1199, 1197, 1196, 1195, 1194, 1193, 1191, 1191, 1194, 1195, 1194, 1196, 1199, 1201, 1204, 1207, 1209, 1212, 1216, 1220, 1224, 1229, 1242, 1249, 1255, 1261, 1269, 1277, 1286, 1296, 1306, 1315, 1324, 1335, 1350, 1362, 1377, 1391]
