[0, 0, 0, 0, 0, 0, 0, 0, 0, 0, 0, 0, 0, 0, 0, 0, 0, 0, 0, 0, 0, 0, 0, 0, 0, 0, 0, 0, 0, 0, 0, 0, 0, 0, 0, 0, 0, 0, 0, 0, 0, 0, 0, 0, 0, 0, 0, 0, 0, 0, 0, 0, 0, 0, 0, 0, 0, 0, 0, 0, 0]
[0, 537, 532, 527, 523, 520, 517, 513, 510, 507, 505, 503, 501, 498, 496, 494, 493, 0, 0, 0, 447, 436, 428, 421, 419, 415, 413, 411, 410, 411, 413, 417, 422, 429, 439, 0, 0, 0, 0, 494, 497, 499, 501, 503, 509, 510, 512, 515, 519, 522, 526, 530, 534, 539, 544, 548, 553, 558, 564, 571, 579]
[0, 533, 528, 527, 524, 521, 517, 513, 511, 509, 506, 503, 501, 499, 497, 495, 493, 489, 0, 0, 447, 439, 429, 423, 417, 413, 411, 410, 410, 411, 414, 419, 424, 430, 439, 0, 0, 0, 0, 496, 498, 500, 502, 505, 507, 509, 513, 516, 518, 522, 528, 532, 536, 541, 546, 551, 557, 562, 567, 574, 581]
[0, 533, 529, 525, 524, 521, 517, 514, 511, 509, 507, 504, 502, 499, 497, 495, 493, 492, 0, 0, 440, 439, 430, 423, 418, 414, 411, 410, 410, 411, 414, 417, 422, 429, 438, 0, 0, 0, 0, 494, 496, 498, 501, 505, 507, 509, 511, 513, 519, 523, 526, 531, 536, 540, 544, 549, 555, 560, 565, 573, 579]
[0, 534, 530, 526, 523, 519, 515, 512, 510, 509, 507, 501, 499, 499, 497, 496, 493, 491, 0, 0, 443, 433, 425, 420, 418, 414, 413, 411, 410, 411, 414, 417, 422, 429, 437, 0, 0, 0, 0, 494, 497, 499, 501, 504, 506, 509, 511, 514, 519, 523, 526, 530, 534, 539, 544, 549, 555, 560, 564, 572, 580]
[0, 534, 530, 527, 523, 519, 516, 512, 510, 507, 507, 502, 499, 499, 497, 495, 493, 491, 0, 0, 443, 433, 425, 420, 418, 415, 412, 411, 410, 411, 412, 420, 426, 429, 434, 0, 0, 0, 494, 495, 497, 500, 501, 503, 508, 511, 511, 514, 517, 520, 529, 530, 532, 537, 543, 553, 558, 560, 564, 570, 585]
[0, 537, 531, 527, 523, 520, 516, 512, 510, 507, 505, 503, 501, 498, 496, 495, 492, 491, 0, 0, 446, 435, 427, 421, 415, 415, 412, 411, 411, 411, 412, 416, 420, 426, 434, 0, 0, 0, 494, 496, 498, 500, 501, 505, 508, 508, 511, 514, 517, 520, 525, 529, 533, 543, 543, 548, 553, 558, 564, 577, 585]
[0, 535, 531, 527, 523, 519, 516, 512, 510, 508, 505, 503, 501, 498, 496, 495, 492, 491, 0, 0, 446, 435, 427, 421, 416, 413, 411, 410, 410, 411, 416, 416, 421, 426, 442, 0, 0, 0, 0, 495, 497, 500, 502, 505, 507, 509, 513, 516, 520, 524, 528, 533, 537, 542, 547, 552, 553, 563, 564, 575, 583]
[0, 534, 530, 525, 522, 519, 515, 512, 512, 510, 507, 504, 502, 499, 497, 495, 494, 493, 0, 0, 446, 441, 431, 423, 418, 413, 411, 410, 410, 412, 416, 420, 421, 426, 442, 0, 0, 0, 0, 495, 497, 500, 502, 505, 507, 510, 513, 516, 520, 524, 528, 533, 537, 542, 547, 552, 557, 563, 568, 575, 583]
[0, 533, 530, 528, 524, 521, 517, 513, 511, 509, 507, 504, 501, 499, 497, 496, 495, 489, 0, 0, 0, 438, 429, 422, 418, 414, 413, 411, 410, 411, 414, 417, 422, 429, 437, 0, 0, 0, 494, 495, 497, 499, 501, 504, 506, 509, 511, 514, 519, 523, 526, 530, 534, 539, 544, 549, 554, 560, 564, 571, 579]
[0, 544, 539, 535, 531, 528, 524, 522, 519, 516, 513, 510, 509, 507, 505, 496, 501, 489, 0, 0, 451, 440, 432, 426, 417, 414, 412, 412, 413, 414, 416, 420, 426, 432, 441, 0, 0, 0, 0, 499, 500, 503, 506, 508, 511, 514, 517, 521, 525, 528, 533, 537, 541, 546, 552, 557, 562, 568, 575, 582, 590]
[0, 544, 540, 536, 532, 528, 525, 522, 519, 516, 514, 511, 509, 507, 505, 502, 501, 0, 0, 0, 453, 441, 433, 427, 421, 419, 418, 417, 418, 420, 416, 426, 432, 440, 441, 0, 0, 0, 504, 505, 507, 509, 511, 514, 517, 520, 523, 526, 530, 534, 538, 544, 548, 552, 557, 563, 568, 574, 582, 589, 595]
[0, 541, 537, 536, 533, 526, 525, 523, 520, 517, 514, 512, 510, 508, 506, 504, 502, 496, 0, 0, 0, 435, 433, 428, 422, 419, 418, 417, 417, 419, 421, 425, 431, 438, 441, 0, 0, 0, 0, 505, 508, 510, 512, 514, 517, 520, 523, 526, 531, 534, 538, 543, 548, 552, 557, 562, 568, 574, 582, 589, 595]
[0, 544, 539, 535, 532, 528, 525, 522, 519, 516, 514, 511, 509, 507, 505, 503, 501, 496, 0, 0, 452, 441, 433, 426, 423, 420, 419, 417, 418, 419, 421, 425, 430, 437, 446, 0, 0, 0, 0, 505, 507, 510, 512, 514, 517, 520, 523, 526, 530, 534, 538, 542, 546, 551, 556, 561, 566, 573, 580, 586, 593]
[0, 545, 541, 537, 533, 529, 525, 522, 520, 518, 516, 512, 510, 508, 507, 506, 504, 496, 0, 0, 452, 440, 432, 427, 421, 419, 418, 417, 417, 419, 422, 426, 431, 438, 446, 0, 0, 0, 0, 505, 508, 510, 511, 514, 517, 520, 523, 526, 531, 535, 538, 543, 548, 552, 557, 562, 568, 574, 582, 589, 595]
[0, 546, 542, 538, 534, 530, 527, 524, 522, 519, 516, 513, 512, 508, 508, 506, 506, 504, 0, 0, 451, 440, 432, 427, 423, 420, 418, 418, 419, 420, 423, 428, 434, 443, 446, 0, 0, 0, 506, 508, 510, 513, 515, 517, 520, 523, 526, 530, 534, 538, 542, 546, 550, 555, 560, 565, 571, 578, 585, 592, 599]
[0, 545, 542, 538, 534, 530, 527, 524, 522, 519, 516, 513, 512, 510, 508, 508, 506, 504, 0, 0, 451, 440, 432, 427, 423, 421, 420, 420, 419, 422, 425, 430, 436, 444, 446, 0, 0, 0, 509, 510, 512, 514, 517, 520, 522, 525, 529, 532, 536, 540, 545, 549, 553, 558, 564, 569, 574, 580, 589, 595, 601]
[0, 543, 539, 538, 535, 532, 528, 525, 523, 520, 517, 514, 512, 510, 508, 506, 505, 0, 0, 0, 0, 444, 435, 429, 423, 423, 420, 419, 420, 422, 425, 430, 436, 444, 446, 0, 0, 0, 508, 510, 512, 514, 517, 520, 522, 525, 529, 532, 536, 540, 544, 549, 553, 558, 563, 569, 574, 580, 588, 594, 601]
[0, 543, 539, 537, 533, 529, 528, 525, 522, 520, 518, 514, 512, 511, 510, 508, 505, 503, 0, 0, 447, 437, 435, 425, 425, 421, 419, 419, 420, 421, 424, 428, 434, 441, 450, 0, 0, 0, 0, 509, 511, 513, 515, 518, 521, 524, 527, 530, 534, 538, 542, 547, 551, 556, 561, 566, 572, 578, 585, 592, 599]
[0, 549, 544, 540, 537, 533, 530, 526, 523, 521, 520, 516, 513, 513, 511, 509, 507, 500, 0, 0, 447, 446, 438, 431, 425, 422, 420, 420, 420, 421, 423, 427, 432, 438, 450, 0, 0, 0, 509, 510, 512, 515, 518, 521, 521, 525, 529, 533, 537, 542, 546, 549, 554, 559, 564, 569, 575, 582, 590, 596, 602]
[0, 549, 542, 538, 537, 531, 530, 529, 525, 522, 520, 517, 515, 512, 510, 509, 508, 506, 0, 0, 447, 439, 438, 432, 427, 423, 422, 421, 421, 422, 425, 429, 434, 441, 451, 0, 0, 0, 509, 513, 515, 0, 518, 521, 526, 525, 529, 532, 541, 545, 546, 554, 554, 562, 568, 569, 574, 587, 590, 594, 601]
[0, 552, 548, 544, 541, 537, 534, 529, 531, 528, 525, 522, 520, 519, 517, 515, 513, 512, 0, 0, 453, 443, 438, 431, 427, 424, 421, 420, 421, 423, 424, 427, 433, 440, 449, 0, 0, 0, 511, 512, 514, 517, 518, 522, 525, 529, 532, 535, 539, 543, 547, 551, 557, 561, 565, 571, 578, 586, 593, 599, 605]
[0, 552, 546, 544, 543, 539, 536, 533, 531, 527, 524, 522, 520, 518, 516, 514, 512, 0, 0, 0, 0, 449, 440, 433, 427, 427, 425, 424, 424, 426, 428, 432, 437, 445, 449, 0, 0, 0, 516, 512, 521, 0, 526, 529, 525, 535, 532, 539, 547, 550, 555, 551, 560, 564, 568, 574, 581, 594, 600, 607, 605]
[0, 560, 556, 553, 549, 545, 541, 539, 531, 536, 533, 530, 527, 526, 524, 523, 521, 519, 0, 0, 458, 447, 440, 440, 435, 426, 425, 424, 425, 427, 430, 434, 440, 448, 449, 0, 0, 0, 516, 519, 521, 522, 525, 527, 531, 534, 537, 541, 545, 550, 554, 558, 562, 567, 572, 578, 585, 592, 598, 604, 612]
[0, 561, 557, 553, 549, 546, 543, 540, 537, 533, 531, 529, 527, 524, 523, 521, 521, 519, 0, 0, 461, 450, 442, 436, 435, 432, 430, 430, 429, 431, 433, 437, 443, 451, 461, 0, 0, 0, 0, 527, 529, 0, 532, 535, 537, 541, 544, 548, 552, 556, 560, 564, 569, 574, 581, 586, 592, 599, 606, 612, 619]
[0, 568, 564, 560, 557, 554, 550, 547, 545, 533, 542, 539, 537, 534, 533, 531, 529, 527, 0, 0, 463, 450, 453, 446, 432, 432, 429, 430, 429, 432, 436, 437, 442, 449, 461, 0, 0, 0, 524, 526, 529, 532, 534, 537, 541, 541, 544, 551, 555, 556, 560, 563, 568, 574, 580, 586, 591, 598, 605, 612, 618]
[0, 572, 567, 564, 557, 560, 557, 554, 551, 548, 545, 543, 541, 539, 537, 535, 534, 524, 0, 0, 0, 462, 453, 446, 440, 437, 435, 434, 435, 436, 439, 444, 450, 457, 461, 0, 0, 0, 0, 534, 536, 538, 541, 544, 547, 550, 554, 558, 562, 565, 569, 575, 581, 586, 591, 596, 603, 610, 616, 624, 632]
[0, 576, 571, 566, 562, 559, 557, 554, 550, 547, 544, 542, 540, 538, 536, 534, 534, 532, 0, 0, 0, 458, 450, 446, 444, 439, 437, 437, 438, 440, 445, 450, 457, 465, 461, 0, 0, 0, 538, 540, 542, 544, 547, 550, 553, 557, 560, 564, 568, 572, 577, 583, 588, 593, 598, 596, 604, 611, 624, 624, 633]
[0, 573, 569, 564, 562, 560, 557, 554, 551, 548, 546, 543, 541, 539, 537, 535, 533, 532, 0, 0, 0, 462, 453, 446, 440, 439, 438, 437, 438, 442, 445, 446, 452, 459, 461, 0, 0, 0, 538, 541, 0, 543, 548, 550, 551, 555, 558, 561, 565, 569, 574, 579, 584, 590, 596, 601, 608, 614, 621, 629, 637]
[0, 583, 579, 574, 569, 566, 562, 554, 556, 553, 546, 549, 541, 547, 545, 543, 541, 540, 0, 0, 471, 460, 453, 446, 442, 439, 437, 437, 438, 440, 444, 450, 456, 465, 461, 0, 0, 0, 538, 540, 542, 544, 547, 550, 553, 556, 560, 564, 568, 572, 577, 583, 588, 590, 598, 604, 611, 617, 621, 624, 633]
[0, 584, 580, 575, 570, 567, 563, 560, 557, 555, 552, 550, 547, 545, 544, 543, 540, 540, 0, 0, 476, 464, 456, 450, 448, 445, 443, 442, 443, 445, 448, 453, 460, 469, 461, 0, 0, 0, 545, 547, 549, 552, 555, 557, 560, 564, 566, 570, 575, 580, 585, 589, 594, 599, 605, 612, 618, 625, 633, 641, 649]
[0, 583, 579, 574, 569, 567, 566, 563, 560, 558, 555, 552, 550, 548, 547, 545, 543, 542, 0, 0, 0, 469, 460, 454, 446, 445, 443, 443, 444, 447, 451, 453, 465, 469, 461, 0, 0, 0, 546, 549, 551, 554, 556, 559, 562, 564, 570, 574, 578, 582, 587, 589, 593, 598, 603, 609, 615, 622, 629, 637, 645]
[0, 598, 594, 590, 586, 582, 578, 574, 571, 568, 565, 563, 560, 559, 558, 556, 555, 542, 0, 0, 0, 472, 461, 455, 449, 446, 444, 444, 446, 447, 451, 457, 464, 473, 461, 0, 0, 0, 549, 551, 554, 557, 559, 561, 565, 569, 573, 577, 582, 587, 591, 597, 602, 607, 613, 620, 626, 634, 642, 650, 657]
[0, 597, 592, 587, 584, 580, 576, 572, 571, 566, 565, 564, 561, 559, 558, 557, 555, 553, 0, 0, 0, 472, 466, 458, 451, 449, 444, 447, 448, 447, 455, 457, 461, 468, 461, 0, 0, 0, 560, 563, 565, 567, 0, 570, 574, 578, 582, 586, 589, 594, 598, 604, 609, 614, 620, 627, 634, 641, 648, 656, 664]
[0, 606, 601, 597, 592, 588, 585, 581, 578, 574, 572, 569, 567, 565, 564, 562, 555, 560, 0, 0, 0, 471, 461, 455, 453, 450, 447, 446, 447, 449, 453, 458, 464, 473, 461, 0, 0, 0, 559, 561, 564, 566, 569, 572, 575, 579, 584, 588, 591, 596, 600, 606, 611, 617, 624, 630, 637, 644, 652, 660, 668]
[0, 613, 608, 604, 600, 588, 597, 593, 590, 586, 584, 581, 578, 576, 573, 571, 570, 569, 0, 0, 0, 478, 467, 459, 451, 450, 450, 447, 447, 448, 452, 456, 462, 470, 461, 0, 0, 0, 569, 572, 575, 578, 582, 572, 586, 589, 592, 596, 600, 605, 610, 615, 620, 627, 635, 641, 647, 654, 661, 669, 677]
[0, 615, 611, 606, 602, 598, 595, 591, 588, 585, 583, 581, 577, 576, 573, 571, 571, 570, 0, 0, 0, 478, 462, 459, 455, 452, 450, 449, 450, 452, 456, 461, 467, 470, 461, 0, 0, 0, 577, 579, 582, 585, 589, 592, 594, 597, 601, 605, 609, 614, 619, 624, 631, 638, 644, 650, 658, 665, 672, 669, 689]
[0, 612, 608, 604, 600, 598, 596, 592, 589, 586, 584, 581, 578, 576, 574, 572, 570, 569, 0, 0, 0, 476, 465, 458, 456, 453, 451, 450, 451, 451, 454, 459, 465, 473, 461, 0, 0, 0, 0, 579, 581, 584, 587, 591, 593, 596, 600, 603, 607, 612, 617, 622, 629, 636, 642, 648, 655, 662, 670, 678, 686]
[0, 629, 608, 624, 618, 614, 611, 607, 604, 601, 599, 596, 594, 591, 590, 588, 586, 584, 0, 0, 0, 477, 467, 459, 454, 452, 450, 449, 450, 452, 456, 461, 467, 473, 461, 0, 0, 0, 578, 579, 582, 585, 587, 591, 595, 597, 602, 606, 610, 614, 620, 622, 633, 638, 644, 648, 651, 659, 666, 674, 681]
[0, 629, 630, 624, 618, 614, 611, 607, 604, 601, 599, 596, 594, 591, 590, 588, 586, 584, 0, 0, 0, 477, 467, 459, 455, 454, 451, 449, 453, 452, 455, 458, 464, 471, 481, 0, 0, 0, 594, 596, 599, 602, 604, 608, 611, 614, 618, 623, 629, 635, 641, 646, 652, 658, 664, 648, 671, 678, 686, 694, 703]
[0, 629, 634, 630, 625, 620, 616, 612, 609, 607, 603, 601, 599, 598, 595, 593, 591, 582, 0, 0, 0, 476, 467, 460, 455, 454, 451, 451, 453, 455, 458, 458, 471, 481, 481, 0, 0, 0, 594, 596, 599, 602, 604, 608, 611, 614, 618, 623, 629, 635, 641, 646, 652, 658, 659, 665, 672, 678, 686, 695, 704]
[0, 643, 637, 631, 627, 622, 617, 615, 612, 609, 606, 603, 601, 599, 597, 596, 591, 594, 0, 0, 0, 475, 466, 460, 456, 454, 451, 452, 451, 453, 456, 465, 471, 473, 481, 0, 0, 0, 599, 602, 605, 607, 609, 613, 611, 620, 625, 623, 630, 635, 641, 647, 652, 658, 664, 671, 678, 686, 694, 702, 710]
[0, 643, 637, 631, 627, 623, 619, 615, 612, 609, 607, 604, 602, 599, 597, 596, 591, 595, 0, 0, 0, 475, 466, 466, 460, 456, 454, 452, 452, 454, 457, 461, 468, 476, 481, 0, 594, 600, 599, 603, 607, 607, 611, 614, 617, 620, 624, 630, 636, 641, 646, 652, 657, 663, 669, 676, 683, 692, 700, 708, 716]
[0, 643, 637, 631, 627, 622, 618, 615, 611, 609, 607, 604, 601, 600, 598, 596, 594, 595, 0, 0, 0, 476, 467, 460, 460, 456, 454, 453, 453, 454, 457, 461, 468, 476, 481, 0, 595, 601, 599, 605, 607, 607, 611, 614, 617, 620, 624, 630, 636, 641, 647, 652, 657, 663, 669, 676, 683, 692, 700, 708, 716]
[0, 657, 652, 648, 643, 638, 634, 630, 627, 624, 622, 619, 617, 615, 613, 612, 594, 610, 0, 0, 0, 476, 468, 460, 460, 456, 454, 452, 452, 454, 456, 460, 466, 475, 481, 0, 595, 0, 603, 605, 608, 611, 613, 617, 620, 625, 624, 630, 641, 641, 646, 651, 657, 663, 669, 676, 683, 691, 699, 707, 715]
[0, 659, 653, 649, 644, 640, 636, 632, 628, 625, 623, 620, 617, 618, 616, 614, 612, 610, 0, 0, 0, 0, 474, 467, 462, 458, 454, 453, 453, 455, 459, 464, 470, 478, 490, 0, 613, 618, 621, 623, 626, 611, 629, 632, 640, 625, 645, 649, 654, 660, 665, 671, 676, 683, 690, 697, 705, 712, 719, 728, 737]
[0, 657, 652, 648, 644, 643, 638, 634, 632, 629, 625, 622, 620, 618, 616, 614, 612, 610, 0, 0, 0, 481, 471, 464, 461, 457, 455, 454, 454, 456, 459, 465, 472, 481, 490, 0, 616, 618, 618, 620, 624, 627, 630, 633, 638, 642, 647, 651, 656, 662, 668, 674, 679, 685, 693, 700, 707, 714, 722, 731, 741]
[0, 670, 665, 660, 655, 651, 638, 646, 643, 641, 638, 635, 633, 630, 628, 625, 623, 622, 0, 0, 0, 482, 473, 466, 460, 457, 454, 454, 454, 456, 461, 467, 475, 485, 495, 0, 616, 0, 620, 622, 625, 628, 632, 635, 640, 644, 648, 652, 657, 663, 670, 675, 681, 688, 695, 703, 710, 716, 725, 734, 744]
[0, 673, 668, 663, 657, 653, 649, 647, 644, 640, 637, 634, 631, 629, 627, 625, 623, 622, 0, 0, 0, 482, 478, 469, 460, 457, 455, 454, 454, 456, 461, 467, 477, 485, 500, 0, 616, 0, 633, 636, 639, 642, 645, 648, 652, 657, 662, 666, 672, 677, 682, 689, 697, 703, 695, 716, 710, 724, 742, 734, 752]
[0, 684, 679, 673, 669, 664, 660, 658, 654, 650, 648, 647, 645, 642, 640, 625, 634, 622, 633, 0, 0, 482, 471, 469, 463, 460, 456, 455, 456, 457, 459, 465, 472, 481, 492, 0, 627, 630, 633, 636, 639, 642, 646, 648, 649, 653, 658, 663, 668, 673, 679, 685, 692, 700, 706, 712, 719, 727, 736, 745, 755]
[0, 683, 678, 673, 668, 664, 661, 657, 654, 651, 649, 646, 644, 642, 640, 637, 634, 635, 633, 0, 0, 482, 478, 471, 465, 461, 458, 457, 457, 458, 462, 467, 474, 481, 492, 0, 641, 644, 647, 649, 652, 642, 655, 658, 662, 666, 671, 676, 681, 687, 693, 700, 706, 713, 719, 726, 734, 742, 752, 762, 770]
[0, 683, 695, 688, 682, 679, 675, 671, 667, 665, 662, 659, 656, 654, 652, 650, 648, 646, 633, 0, 0, 483, 476, 469, 465, 461, 458, 457, 458, 458, 462, 467, 475, 484, 492, 0, 642, 644, 647, 646, 649, 655, 658, 658, 662, 666, 671, 676, 681, 687, 693, 700, 706, 713, 719, 726, 734, 742, 752, 762, 770]
[0, 698, 692, 685, 681, 677, 673, 670, 668, 665, 661, 659, 657, 653, 651, 650, 649, 647, 646, 0, 0, 0, 481, 474, 464, 460, 458, 457, 458, 460, 462, 466, 473, 482, 492, 0, 642, 0, 659, 661, 663, 667, 671, 675, 679, 683, 689, 695, 701, 707, 712, 718, 725, 733, 740, 748, 757, 742, 765, 774, 784]
[0, 703, 698, 692, 687, 683, 680, 676, 668, 670, 661, 668, 666, 663, 661, 659, 657, 656, 0, 0, 503, 490, 480, 473, 468, 462, 458, 458, 459, 459, 462, 468, 476, 483, 492, 0, 654, 656, 659, 662, 664, 667, 672, 676, 679, 680, 685, 691, 696, 702, 709, 714, 719, 726, 735, 742, 750, 759, 768, 776, 786]
[0, 707, 703, 697, 687, 692, 688, 684, 681, 678, 674, 672, 670, 667, 665, 663, 662, 660, 0, 0, 0, 487, 478, 472, 467, 462, 460, 459, 461, 463, 465, 471, 479, 488, 499, 0, 663, 656, 665, 667, 670, 673, 677, 681, 686, 691, 696, 702, 707, 712, 717, 725, 731, 738, 746, 755, 763, 771, 780, 791, 801]
[0, 715, 703, 710, 705, 700, 695, 692, 689, 685, 682, 679, 677, 675, 673, 670, 669, 667, 0, 0, 0, 486, 477, 472, 466, 462, 460, 460, 461, 461, 468, 471, 482, 492, 504, 0, 0, 669, 671, 673, 676, 680, 684, 688, 692, 697, 702, 707, 713, 718, 724, 732, 739, 746, 754, 763, 771, 779, 788, 799, 808]
[0, 715, 717, 712, 707, 703, 700, 696, 692, 689, 686, 683, 680, 678, 676, 672, 671, 671, 0, 0, 0, 486, 479, 471, 473, 463, 460, 461, 462, 461, 466, 470, 476, 483, 504, 0, 0, 677, 680, 682, 685, 689, 693, 697, 702, 707, 711, 715, 721, 728, 735, 741, 749, 757, 764, 772, 780, 790, 800, 810, 808]
[0, 715, 740, 735, 730, 724, 719, 716, 712, 709, 706, 704, 701, 699, 696, 694, 692, 690, 0, 0, 0, 491, 483, 471, 466, 463, 461, 461, 464, 461, 466, 470, 476, 483, 504, 0, 0, 681, 684, 687, 690, 693, 698, 702, 706, 711, 715, 721, 728, 733, 739, 746, 755, 762, 768, 777, 786, 795, 804, 815, 825]
[0, 743, 737, 732, 727, 721, 718, 714, 710, 708, 705, 704, 701, 699, 698, 696, 694, 692, 690, 0, 0, 496, 487, 480, 475, 470, 467, 463, 463, 464, 467, 471, 477, 487, 504, 0, 0, 703, 706, 710, 713, 716, 719, 723, 729, 734, 739, 745, 753, 759, 765, 771, 779, 787, 796, 804, 813, 822, 831, 815, 841]
[0, 741, 735, 732, 730, 725, 720, 716, 713, 710, 708, 705, 702, 700, 697, 695, 693, 691, 690, 0, 504, 491, 484, 477, 473, 467, 463, 463, 465, 468, 470, 473, 480, 491, 502, 0, 701, 705, 708, 711, 0, 714, 721, 723, 725, 731, 736, 742, 748, 755, 762, 768, 775, 782, 791, 799, 808, 818, 827, 834, 845]
[0, 756, 751, 745, 739, 734, 728, 725, 722, 718, 715, 713, 710, 709, 707, 706, 704, 702, 690, 0, 0, 492, 484, 477, 471, 467, 467, 462, 465, 465, 470, 477, 480, 486, 502, 0, 0, 703, 707, 710, 713, 716, 719, 723, 728, 734, 739, 746, 752, 758, 765, 772, 779, 787, 796, 804, 813, 822, 831, 841, 853]
[0, 752, 746, 741, 736, 733, 728, 724, 720, 717, 715, 714, 712, 709, 707, 705, 704, 702, 690, 0, 507, 495, 486, 478, 470, 467, 467, 464, 465, 467, 469, 473, 480, 489, 502, 0, 0, 714, 716, 719, 723, 727, 732, 735, 740, 745, 751, 757, 763, 769, 777, 785, 792, 787, 807, 804, 816, 825, 834, 844, 855]
[0, 752, 746, 741, 749, 744, 740, 736, 732, 729, 726, 723, 720, 718, 716, 714, 713, 711, 690, 0, 502, 492, 486, 485, 471, 467, 464, 463, 466, 469, 469, 478, 486, 495, 507, 0, 0, 713, 715, 718, 722, 726, 730, 734, 738, 743, 749, 754, 760, 766, 773, 781, 789, 797, 805, 813, 822, 831, 840, 851, 862]
[0, 767, 762, 755, 751, 747, 742, 738, 734, 729, 731, 728, 725, 723, 720, 718, 717, 715, 690, 0, 508, 498, 489, 483, 477, 470, 466, 466, 467, 468, 471, 476, 484, 493, 504, 0, 725, 727, 731, 735, 739, 743, 748, 753, 759, 743, 763, 768, 775, 782, 790, 798, 804, 811, 819, 827, 836, 846, 856, 866, 876]
[0, 767, 762, 755, 751, 747, 742, 738, 734, 729, 731, 728, 725, 723, 720, 718, 717, 715, 690, 0, 0, 502, 494, 487, 475, 468, 465, 465, 467, 469, 472, 478, 487, 496, 505, 0, 0, 727, 731, 735, 0, 743, 748, 753, 759, 743, 763, 768, 775, 782, 790, 798, 804, 811, 819, 827, 836, 846, 856, 866, 876]
[0, 792, 786, 780, 775, 770, 766, 763, 759, 756, 752, 728, 749, 747, 745, 743, 740, 738, 737, 0, 0, 501, 493, 487, 478, 472, 468, 467, 469, 471, 475, 481, 490, 499, 511, 0, 753, 756, 759, 762, 0, 766, 771, 777, 781, 786, 793, 798, 805, 812, 818, 824, 832, 838, 847, 857, 866, 875, 885, 894, 904]
[0, 794, 788, 783, 777, 772, 768, 764, 761, 758, 755, 752, 748, 746, 745, 742, 740, 740, 738, 0, 0, 503, 494, 487, 478, 471, 467, 466, 469, 471, 476, 482, 490, 499, 511, 0, 753, 756, 755, 759, 762, 766, 771, 776, 781, 786, 793, 799, 805, 812, 818, 825, 832, 838, 847, 857, 866, 875, 885, 894, 904]
[0, 794, 788, 783, 777, 772, 768, 765, 761, 758, 755, 752, 749, 747, 745, 743, 740, 740, 738, 0, 504, 503, 496, 488, 479, 472, 468, 467, 469, 471, 475, 481, 488, 497, 508, 0, 753, 756, 759, 763, 0, 772, 776, 776, 787, 786, 794, 800, 806, 812, 818, 825, 832, 838, 847, 857, 866, 875, 885, 894, 904]
[0, 794, 809, 804, 798, 793, 789, 784, 779, 776, 773, 771, 768, 766, 764, 762, 760, 759, 738, 0, 511, 500, 493, 488, 479, 472, 468, 468, 469, 471, 475, 481, 488, 497, 507, 0, 754, 757, 760, 765, 768, 772, 777, 783, 789, 794, 800, 800, 806, 813, 819, 826, 833, 840, 848, 857, 867, 876, 887, 895, 905]
[0, 815, 809, 804, 797, 792, 788, 783, 779, 776, 773, 771, 768, 766, 764, 762, 760, 759, 738, 0, 511, 500, 500, 493, 485, 477, 472, 468, 469, 473, 477, 482, 489, 498, 507, 0, 772, 775, 779, 782, 786, 791, 797, 802, 807, 813, 818, 824, 830, 837, 845, 853, 833, 868, 848, 875, 884, 894, 904, 916, 928]
[0, 825, 818, 813, 808, 804, 800, 795, 791, 788, 785, 771, 782, 780, 778, 776, 774, 772, 771, 0, 0, 508, 499, 492, 484, 477, 472, 469, 470, 473, 476, 482, 489, 498, 508, 0, 771, 775, 779, 783, 786, 791, 797, 802, 807, 813, 818, 825, 832, 838, 845, 845, 863, 868, 869, 876, 885, 896, 907, 917, 929]
[0, 838, 832, 827, 822, 818, 815, 795, 811, 806, 802, 799, 796, 794, 791, 790, 789, 787, 785, 0, 0, 507, 499, 492, 483, 476, 472, 471, 473, 476, 481, 488, 496, 498, 508, 0, 790, 795, 0, 799, 807, 0, 813, 820, 825, 829, 834, 840, 847, 855, 864, 871, 877, 885, 892, 901, 912, 924, 935, 945, 956]
[0, 851, 842, 836, 832, 828, 825, 795, 822, 818, 813, 811, 809, 806, 803, 801, 801, 799, 797, 0, 0, 508, 500, 491, 483, 476, 473, 473, 475, 476, 478, 484, 492, 510, 508, 0, 0, 803, 807, 811, 815, 821, 825, 829, 834, 840, 847, 855, 862, 867, 873, 880, 888, 896, 905, 915, 926, 937, 946, 957, 970]
[0, 856, 842, 848, 842, 837, 832, 829, 826, 823, 820, 816, 813, 811, 809, 808, 807, 805, 805, 0, 0, 508, 500, 492, 483, 484, 477, 473, 473, 475, 479, 486, 494, 501, 510, 0, 811, 814, 819, 823, 828, 831, 835, 841, 848, 855, 861, 867, 872, 878, 885, 892, 900, 908, 919, 930, 938, 948, 960, 974, 987]
[0, 860, 854, 848, 841, 836, 832, 830, 827, 823, 819, 816, 814, 811, 809, 809, 808, 806, 806, 0, 0, 514, 504, 497, 483, 484, 478, 473, 473, 477, 482, 488, 495, 504, 516, 0, 818, 822, 827, 830, 833, 837, 843, 849, 856, 862, 868, 874, 880, 887, 893, 900, 910, 920, 930, 939, 948, 958, 971, 985, 997]
[0, 870, 864, 848, 857, 852, 848, 842, 838, 835, 832, 829, 826, 824, 822, 820, 818, 817, 817, 0, 0, 511, 504, 503, 488, 481, 476, 474, 476, 479, 485, 492, 500, 504, 516, 0, 822, 826, 829, 833, 837, 841, 843, 855, 856, 861, 867, 872, 877, 884, 891, 898, 907, 915, 924, 934, 944, 953, 965, 979, 992]
[0, 885, 864, 879, 874, 870, 866, 862, 857, 853, 850, 846, 841, 839, 838, 836, 835, 833, 832, 0, 0, 512, 504, 504, 487, 481, 480, 475, 475, 478, 482, 489, 497, 504, 516, 0, 831, 834, 838, 842, 847, 853, 859, 863, 868, 874, 879, 885, 893, 899, 907, 916, 925, 934, 942, 952, 963, 975, 988, 1000, 1012]
[0, 892, 885, 879, 874, 870, 866, 862, 857, 853, 850, 847, 843, 839, 837, 836, 835, 833, 832, 0, 0, 512, 504, 504, 496, 488, 482, 477, 478, 481, 487, 495, 502, 504, 516, 0, 852, 856, 860, 865, 869, 873, 877, 881, 887, 894, 900, 907, 915, 922, 931, 939, 947, 957, 967, 979, 990, 1000, 988, 1012, 1026]
[0, 902, 896, 890, 884, 879, 874, 870, 867, 864, 862, 860, 857, 853, 851, 849, 847, 845, 832, 0, 0, 0, 512, 504, 496, 0, 482, 477, 478, 481, 487, 495, 502, 512, 516, 0, 853, 856, 860, 865, 869, 873, 877, 881, 887, 894, 901, 908, 916, 924, 932, 939, 947, 947, 958, 970, 981, 991, 1002, 1015, 1028]
[0, 902, 896, 890, 884, 878, 873, 870, 867, 863, 861, 859, 856, 853, 851, 849, 847, 845, 845, 0, 0, 0, 511, 504, 496, 0, 482, 480, 481, 483, 490, 498, 506, 515, 516, 0, 865, 868, 872, 875, 879, 884, 888, 893, 899, 906, 914, 923, 930, 937, 932, 944, 952, 961, 972, 985, 995, 1005, 1017, 1029, 1042]
[0, 914, 908, 903, 896, 890, 885, 881, 878, 875, 872, 870, 868, 866, 864, 862, 861, 859, 858, 0, 0, 0, 515, 507, 496, 488, 482, 480, 480, 484, 490, 498, 506, 515, 516, 0, 865, 868, 872, 875, 879, 884, 888, 893, 899, 906, 914, 922, 930, 937, 937, 944, 952, 960, 972, 985, 995, 1005, 1017, 1029, 1042]
[0, 912, 906, 900, 894, 888, 883, 880, 877, 874, 872, 870, 868, 865, 862, 861, 861, 859, 858, 0, 0, 0, 507, 507, 499, 492, 485, 481, 480, 485, 492, 499, 506, 516, 516, 0, 876, 879, 883, 886, 890, 896, 900, 905, 912, 918, 926, 935, 941, 947, 954, 963, 973, 985, 995, 1005, 1015, 1027, 1039, 1053, 1068]
[0, 912, 929, 900, 923, 918, 912, 907, 903, 898, 895, 893, 890, 888, 885, 884, 883, 881, 879, 0, 0, 0, 516, 507, 500, 0, 486, 479, 479, 484, 490, 497, 504, 516, 0, 874, 878, 881, 884, 888, 893, 897, 902, 908, 915, 922, 929, 935, 941, 948, 956, 965, 975, 985, 996, 1005, 1016, 1028, 1039, 1053, 1068]
[0, 947, 942, 934, 929, 925, 920, 914, 909, 906, 903, 900, 898, 888, 895, 893, 892, 890, 890, 889, 0, 0, 520, 510, 500, 493, 487, 483, 485, 491, 499, 506, 504, 3968, 0, 896, 899, 903, 907, 913, 918, 923, 930, 935, 941, 947, 953, 960, 968, 978, 987, 996, 1004, 1014, 1025, 1035, 1045, 1057, 1071, 1085, 1100]
[0, 992, 983, 975, 968, 962, 956, 951, 947, 944, 941, 938, 936, 934, 932, 929, 927, 927, 926, 926, 0, 0, 523, 510, 502, 495, 489, 486, 487, 492, 499, 507, 504, 3968, 0, 906, 910, 915, 919, 923, 929, 934, 939, 945, 951, 958, 965, 973, 982, 990, 998, 1006, 1016, 1026, 1037, 1049, 1060, 1071, 1086, 1100, 1115]
[0, 986, 978, 971, 964, 958, 953, 949, 946, 942, 941, 940, 938, 934, 932, 931, 928, 927, 926, 926, 0, 0, 526, 518, 502, 505, 498, 492, 490, 495, 501, 510, 504, 3968, 944, 949, 910, 952, 955, 960, 966, 972, 980, 986, 992, 998, 1004, 1012, 1021, 1030, 1038, 1048, 1059, 1068, 1079, 1090, 1103, 1116, 1132, 1148, 1161]
[0, 985, 977, 971, 965, 959, 953, 955, 952, 947, 943, 941, 938, 936, 934, 931, 930, 929, 928, 928, 0, 0, 527, 518, 508, 501, 495, 492, 493, 498, 505, 515, 524, 3968, 0, 946, 949, 952, 957, 962, 969, 975, 982, 989, 995, 1001, 1007, 1015, 1023, 1032, 1040, 1050, 1062, 1073, 1083, 1094, 1107, 1122, 1139, 1154, 1166]
[0, 999, 993, 985, 978, 973, 966, 960, 955, 951, 948, 945, 943, 940, 939, 938, 936, 936, 934, 933, 0, 0, 528, 516, 507, 501, 494, 492, 491, 500, 509, 518, 531, 3968, 0, 950, 954, 959, 964, 969, 976, 983, 990, 996, 1002, 1009, 1017, 1024, 1033, 1041, 1050, 1060, 1070, 1081, 1093, 1107, 1120, 1135, 1149, 1162, 1176]
[0, 1042, 1035, 1028, 1022, 1015, 1008, 1004, 1001, 997, 995, 991, 987, 985, 984, 983, 981, 981, 980, 978, 0, 0, 0, 532, 507, 501, 500, 495, 495, 500, 511, 518, 531, 0, 951, 954, 959, 964, 969, 975, 982, 988, 994, 999, 1004, 1012, 1020, 1028, 1037, 1045, 1054, 1065, 1075, 1081, 1086, 1098, 1112, 1125, 1140, 1155, 1167]
[0, 1053, 1045, 1039, 1033, 1025, 1021, 1017, 1012, 1007, 1004, 1001, 1000, 998, 996, 996, 995, 995, 993, 992, 0, 0, 0, 533, 524, 515, 507, 501, 500, 505, 514, 518, 0, 0, 1003, 954, 1011, 1016, 0, 1020, 1026, 1033, 1038, 1045, 1053, 1060, 1067, 1076, 1085, 1093, 1102, 1113, 1126, 1139, 1153, 1166, 1177, 1191, 1205, 1221, 1238]
[0, 1051, 1042, 1037, 1031, 1026, 1020, 1016, 1012, 1009, 1004, 1001, 1000, 998, 997, 996, 996, 994, 994, 993, 993, 0, 0, 534, 525, 516, 508, 504, 504, 510, 514, 518, 0, 0, 1015, 1018, 1022, 1026, 1031, 1037, 1042, 1048, 1055, 1061, 1067, 1074, 1083, 1091, 1099, 1110, 1121, 1131, 1144, 1157, 1168, 1180, 1193, 1208, 1225, 1241, 1256]
[0, 1085, 1077, 1071, 1064, 1057, 1051, 1045, 1041, 1039, 1036, 1032, 1028, 1026, 1025, 1023, 1023, 1023, 1022, 1022, 993, 0, 0, 0, 523, 514, 507, 0, 506, 512, 514, 518, 0, 0, 1014, 1017, 1022, 1027, 1033, 1037, 1041, 1049, 1056, 1062, 1070, 1077, 1084, 1093, 1102, 1112, 1122, 1133, 1148, 1160, 1171, 1184, 1195, 1210, 1226, 1241, 1258]
[0, 1086, 1079, 1071, 1064, 1059, 1054, 1048, 1043, 1040, 1037, 1032, 1030, 1028, 1025, 1022, 1022, 1023, 1022, 1022, 1022, 0, 0, 0, 536, 525, 516, 510, 511, 518, 529, 518, 0, 1043, 1046, 1050, 1053, 1055, 1061, 1067, 1074, 1080, 1087, 1095, 1102, 1111, 1120, 1128, 1138, 1149, 1159, 1170, 1181, 1194, 1209, 1224, 1238, 1253, 1267, 1280, 1303]
[0, 1117, 1108, 1102, 1094, 1088, 1083, 1078, 1075, 1071, 1066, 1064, 1060, 1058, 1058, 1056, 1055, 1053, 1052, 1051, 1051, 0, 0, 538, 536, 527, 518, 510, 509, 517, 529, 0, 1045, 1045, 1046, 1047, 1057, 0, 1062, 1068, 1074, 1080, 1086, 1094, 1101, 1110, 1119, 1128, 1137, 1147, 1157, 1167, 1178, 1191, 1205, 1221, 1235, 1249, 1266, 1281, 1300]
[0, 1122, 1114, 1105, 1096, 1090, 1085, 1080, 1075, 1071, 1067, 1065, 1063, 1060, 1058, 1055, 1054, 1053, 1052, 1052, 1052, 0, 0, 538, 545, 536, 526, 517, 517, 517, 529, 0, 1071, 1045, 1072, 1076, 1081, 1086, 1094, 1100, 1106, 1114, 1124, 1134, 1142, 1155, 1163, 1163, 1173, 1183, 1193, 1206, 1219, 1233, 1246, 1257, 1270, 1285, 1301, 1319, 1340]
[0, 1131, 1123, 1117, 1110, 1102, 1096, 1092, 1088, 1083, 1079, 1077, 1074, 1073, 1058, 1071, 1068, 1067, 1067, 1067, 1066, 1067, 0, 550, 542, 529, 526, 521, 524, 534, 529, 0, 1070, 1073, 1076, 1082, 1086, 1092, 1099, 1107, 1118, 1126, 1134, 1144, 1151, 1155, 1162, 1169, 1178, 1190, 1202, 1216, 1230, 1242, 1254, 1267, 1283, 1297, 1316, 1338, 1356]
[0, 1133, 1125, 1117, 1110, 1102, 1096, 1092, 1087, 1083, 1079, 1077, 1074, 1071, 1069, 1068, 1066, 1065, 1065, 1064, 1064, 1067, 0, 0, 547, 538, 527, 525, 529, 537, 529, 0, 1087, 1091, 1094, 1098, 1104, 1113, 1120, 1125, 1131, 1138, 1148, 1156, 1162, 1168, 1175, 1184, 1194, 1204, 1217, 1234, 1248, 1257, 1269, 1284, 1296, 1311, 1329, 1349, 1369]
[0, 1133, 1137, 1117, 1130, 1124, 1118, 1113, 1107, 1104, 1099, 1095, 1092, 1088, 1086, 1084, 1082, 1081, 1080, 1080, 1079, 1080, 0, 0, 550, 542, 530, 521, 522, 537, 529, 0, 1082, 1084, 1088, 1092, 1096, 1103, 1107, 1114, 1123, 1130, 1137, 1145, 1156, 1164, 1168, 1174, 1181, 1192, 1206, 1219, 1234, 1246, 1257, 1269, 1282, 1295, 1314, 1335, 1353]
[0, 1173, 1166, 1161, 1152, 1144, 1138, 1133, 1127, 1123, 1118, 1114, 1111, 1107, 1104, 1103, 1104, 1104, 1101, 1102, 1106, 1109, 0, 0, 548, 540, 530, 521, 536, 551, 529, 0, 1104, 1107, 1108, 1111, 1119, 1128, 1132, 1138, 1146, 1152, 1161, 1165, 1171, 1180, 1190, 1201, 1214, 1223, 1232, 1246, 1259, 1269, 1279, 1293, 1310, 1329, 1347, 1365, 1353]
[0, 1199, 1190, 1182, 1152, 1176, 1166, 1133, 1162, 1157, 1153, 1147, 1141, 1139, 1139, 1139, 1139, 1142, 1143, 1137, 1136, 1136, 0, 0, 548, 555, 546, 536, 0, 551, 0, 1116, 1119, 1125, 1129, 1131, 1138, 1142, 1147, 1156, 1163, 1171, 1161, 1178, 1184, 1192, 1198, 1206, 1215, 1224, 1237, 1250, 1260, 1271, 1283, 1294, 1309, 1325, 1344, 1362, 1378]
[0, 1198, 1189, 1181, 1175, 1170, 1166, 1166, 1162, 1157, 1153, 1148, 1142, 1139, 1139, 1139, 1139, 1142, 1144, 1140, 1138, 1136, 1134, 0, 548, 0, 554, 552, 560, 551, 0, 1151, 1157, 1159, 1160, 1164, 1168, 1172, 1175, 1180, 1187, 1196, 1204, 1213, 1222, 1230, 1240, 1247, 1256, 1268, 1276, 1281, 1290, 1301, 1312, 1325, 1339, 1352, 1363, 1376, 1392]
[0, 1215, 1189, 1209, 1200, 1192, 1186, 1181, 1176, 1171, 1168, 1166, 1163, 1161, 1160, 1159, 1157, 1157, 1158, 1158, 1158, 1159, 1134, 0, 548, 0, 555, 553, 560, 551, 0, 1157, 1159, 1159, 1161, 1165, 1169, 1173, 1179, 1186, 1193, 1199, 1207, 1216, 1223, 1231, 1240, 1251, 1260, 1268, 1275, 1281, 1290, 1301, 1313, 1325, 1339, 1352, 1363, 1376, 1392]
[0, 1223, 1213, 1204, 1196, 1190, 1185, 1180, 1174, 1170, 1167, 1164, 1162, 1161, 1162, 1160, 1155, 1155, 1158, 1159, 1160, 1160, 1159, 1159, 548, 0, 566, 567, 560, 0, 1169, 1171, 1174, 1176, 1179, 1184, 1189, 1194, 1200, 1206, 1211, 1215, 1219, 1225, 1232, 1239, 1247, 1253, 1259, 1267, 1275, 1281, 1290, 1302, 1313, 1326, 1339, 1352, 1363, 1376, 1392]
[0, 1240, 1213, 1232, 1223, 1215, 1210, 1204, 1199, 1194, 1190, 1187, 1184, 1182, 1178, 1175, 1176, 1174, 1173, 1174, 1175, 1175, 1160, 1159, 548, 0, 564, 567, 567, 0, 1170, 1172, 1175, 1177, 1181, 1186, 1191, 1196, 1202, 1208, 1213, 1216, 1219, 1227, 1232, 1234, 1241, 1249, 1255, 1261, 1268, 1277, 1285, 1292, 1304, 1317, 1329, 1341, 1354, 1366, 1379]
[0, 1257, 1248, 1241, 1232, 1223, 1220, 1217, 1212, 1204, 1201, 1200, 1197, 1182, 1193, 1175, 1190, 1189, 1187, 1186, 1185, 1186, 1175, 1175, 1175, 0, 0, 567, 567, 0, 1185, 1185, 1189, 1190, 1189, 1193, 1197, 1198, 1202, 1206, 1211, 1215, 1219, 1226, 1232, 1239, 1246, 1252, 1259, 1266, 1274, 1281, 1289, 1301, 1312, 1325, 1338, 1351, 1363, 1376, 1392]
[0, 1257, 1248, 1241, 1232, 1223, 1220, 1217, 1212, 1204, 1201, 1200, 1197, 1195, 1193, 1193, 1190, 1189, 1187, 1186, 1186, 1187, 1187, 1186, 1186, 0, 0, 0, 567, 1186, 1185, 1186, 1187, 1190, 1192, 1191, 1196, 1198, 1200, 1203, 1209, 1215, 1219, 1222, 1229, 1237, 1242, 1247, 1254, 1262, 1272, 1279, 1285, 1297, 1310, 1322, 1336, 1348, 1360, 1372, 1386]
[0, 1256, 1246, 1240, 1232, 1230, 1223, 1220, 1216, 1211, 1205, 1201, 1199, 1195, 1194, 1193, 1190, 1187, 1187, 1187, 1187, 1186, 1187, 1186, 1186, 0, 0, 0, 567, 1186, 1185, 1186, 1187, 1191, 1192, 1192, 1195, 1198, 1200, 1203, 1208, 1214, 1218, 1223, 1229, 1237, 1242, 1249, 1256, 1262, 1272, 1279, 1286, 1298, 1311, 1322, 1335, 1348, 1360, 1372, 1386]
[0, 1256, 1301, 1292, 1284, 1276, 1269, 1264, 1259, 1254, 1248, 1242, 1238, 1231, 1223, 1218, 1213, 1207, 1202, 1199, 1197, 1196, 1187, 1187, 1187, 0, 0, 567, 567, 0, 1185, 1185, 1188, 1190, 1190, 1193, 1197, 1199, 1201, 1206, 1210, 1214, 1219, 1225, 1231, 1238, 1246, 1252, 1258, 1266, 1273, 1280, 1289, 1300, 1312, 1325, 1338, 1351, 1363, 1376, 1389]
[0, 1256, 1324, 1311, 1303, 1295, 1288, 1280, 1270, 1258, 1248, 1243, 1238, 1231, 1224, 1219, 1213, 1207, 1203, 1199, 1196, 1195, 1193, 1190, 1188, 1185, 1185, 1186, 1185, 1185, 1185, 1185, 1186, 1188, 1190, 1190, 1192, 1197, 1199, 1202, 1209, 1215, 1220, 1225, 1233, 1238, 1243, 1252, 1249, 1256, 1264, 1271, 1281, 1291, 1302, 1312, 1325, 1338, 1349, 1363, 1378]
[0, 1331, 1318, 1305, 1293, 1295, 1283, 1276, 1267, 1258, 1249, 1242, 1236, 1230, 1224, 1218, 1212, 1206, 1202, 1199, 1195, 1193, 1192, 1188, 1186, 1185, 1183, 1184, 1184, 1184, 1185, 1185, 1185, 1187, 1189, 1191, 1193, 1197, 1201, 1203, 1207, 1212, 1216, 1223, 1231, 1236, 1243, 1248, 1256, 1264, 1270, 1278, 1281, 1287, 1298, 1310, 1322, 1337, 1348, 1361, 1376]
[0, 1332, 1318, 1305, 1293, 1295, 1283, 1276, 1266, 1258, 1249, 1242, 1236, 1230, 1224, 1218, 1212, 1206, 1202, 1199, 1195, 1193, 1190, 1187, 1186, 1185, 1183, 1182, 1180, 1181, 1185, 1185, 1185, 1186, 1189, 1191, 1194, 1198, 1198, 1202, 1207, 1208, 1216, 1222, 1227, 1233, 1238, 1245, 1251, 1258, 1268, 1276, 1283, 1293, 1304, 1317, 1331, 1344, 1359, 1375, 1385]
[0, 1330, 1318, 1316, 1302, 1291, 1282, 1273, 1265, 1257, 1248, 1242, 1237, 1230, 1223, 1215, 1210, 1206, 1201, 1198, 1195, 1194, 1190, 1187, 1186, 1185, 1182, 1181, 1181, 1181, 1184, 1185, 1185, 1186, 1188, 1192, 1195, 1197, 1198, 1202, 1206, 1208, 1215, 1221, 1226, 1233, 1238, 1245, 1251, 1258, 1268, 1276, 1283, 1294, 1304, 1317, 1334, 1346, 1359, 1372, 1383]
[0, 1333, 1319, 1307, 1294, 1284, 1277, 1268, 1258, 1250, 1243, 1237, 1230, 1223, 1216, 1212, 1208, 1206, 1202, 1199, 1196, 1192, 1191, 1188, 1186, 1185, 1183, 1183, 1182, 1181, 1181, 1182, 1185, 1186, 1188, 1190, 1193, 1194, 1195, 1201, 1205, 1208, 1213, 1220, 1226, 1232, 1239, 1247, 1254, 1263, 1268, 1269, 1277, 1295, 1307, 1317, 1319, 1333, 1347, 1359, 1371]
[0, 1342, 1328, 1315, 1302, 1291, 1281, 1273, 1266, 1257, 1248, 1242, 1237, 1230, 1223, 1216, 1210, 1207, 1202, 1198, 1196, 1194, 1188, 1187, 1186, 1183, 1181, 1180, 1180, 1182, 1184, 1183, 1182, 1183, 1186, 1190, 1192, 1193, 1197, 1202, 1204, 1207, 1212, 1218, 1223, 1228, 1237, 1246, 1253, 1258, 1264, 1274, 1284, 1291, 1300, 1312, 1324, 1339, 1352, 1365, 1382]
[0, 1338, 1327, 1313, 1299, 1288, 1280, 1272, 1265, 1257, 1248, 1242, 1234, 1227, 1223, 1216, 1207, 1203, 1201, 1197, 1193, 1189, 1191, 1188, 1187, 1185, 1182, 1182, 1180, 1179, 1184, 1184, 1185, 1186, 1185, 1188, 1192, 1196, 1198, 1201, 1204, 1208, 1213, 1219, 1226, 1232, 1237, 1245, 1253, 1261, 1267, 1276, 1285, 1294, 1307, 1312, 1319, 1332, 1346, 1359, 1384]
[0, 1330, 1327, 1300, 1299, 1289, 1281, 1274, 1265, 1256, 1248, 1241, 1236, 1230, 1223, 1215, 1210, 1205, 1201, 1198, 1194, 1190, 1188, 1186, 1183, 1182, 1181, 1181, 1181, 1181, 1181, 1182, 1185, 1188, 1188, 1187, 1191, 1195, 1198, 1201, 1205, 1210, 1214, 1219, 1219, 1225, 1230, 1237, 1245, 1254, 1261, 1267, 1275, 1285, 1294, 1306, 1318, 1331, 1346, 1359, 1371]
[0, 1329, 1327, 1314, 1301, 1290, 1281, 1272, 1264, 1256, 1247, 1241, 1235, 1229, 1222, 1215, 1210, 1205, 1200, 1197, 1194, 1190, 1187, 1187, 1185, 1184, 1182, 1181, 1180, 1178, 1179, 1182, 1184, 1185, 1187, 1189, 1190, 1192, 1195, 1198, 1201, 1204, 1209, 1217, 1223, 1229, 1237, 1244, 1250, 1258, 1266, 1274, 1283, 1292, 1300, 1311, 1328, 1343, 1354, 1367, 1381]
[0, 1332, 1318, 1306, 1294, 1283, 1274, 1265, 1258, 1250, 1243, 1237, 1230, 1223, 1216, 1211, 1207, 1205, 1201, 1197, 1195, 1192, 1187, 1186, 1185, 1184, 1182, 1181, 1181, 1178, 1178, 1181, 1183, 1185, 1186, 1188, 1190, 1192, 1194, 1197, 1201, 1205, 1209, 1217, 1223, 1229, 1237, 1244, 1251, 1257, 1266, 1274, 1282, 1293, 1301, 1311, 1329, 1343, 1354, 1367, 1381]
[0, 1332, 1327, 1313, 1298, 1287, 1280, 1271, 1263, 1255, 1247, 1241, 1235, 1226, 1219, 1215, 1210, 1205, 1200, 1197, 1193, 1190, 1188, 1187, 1186, 1183, 1181, 1180, 1180, 1179, 1180, 1182, 1182, 1183, 1186, 1187, 1189, 1193, 1194, 1196, 1201, 1206, 1211, 1217, 1223, 1228, 1236, 1245, 1252, 1257, 1263, 1271, 1280, 1290, 1300, 1311, 1324, 1337, 1350, 1364, 1377]
[0, 1329, 1315, 1301, 1288, 1282, 1280, 1274, 1264, 1256, 1248, 1241, 1235, 1228, 1222, 1216, 1211, 1205, 1199, 1196, 1193, 1189, 1188, 1186, 1184, 1183, 1181, 1181, 1180, 1178, 1178, 1181, 1183, 1184, 1186, 1187, 1191, 1193, 1194, 1199, 1203, 1205, 1210, 1217, 1222, 1229, 1236, 1243, 1250, 1257, 1265, 1275, 1282, 1288, 1301, 1316, 1329, 1345, 1360, 1375, 1392]
[0, 1335, 1321, 1307, 1296, 1287, 1279, 1270, 1259, 1253, 1246, 1238, 1231, 1224, 1220, 1215, 1207, 1201, 1196, 1193, 1191, 1188, 1187, 1186, 1184, 1183, 1181, 1180, 1180, 1177, 1177, 1180, 1182, 1184, 1185, 1187, 1190, 1192, 1194, 1199, 1202, 1205, 1210, 1217, 1222, 1228, 1236, 1243, 1249, 1256, 1265, 1265, 1283, 1288, 1290, 1301, 1317, 1330, 1345, 1359, 1374]
[0, 1335, 1327, 1313, 1299, 1288, 1280, 1272, 1264, 1255, 1246, 1240, 1232, 1223, 1219, 1215, 1209, 1204, 1199, 1196, 1192, 1189, 1186, 1183, 1181, 1180, 1178, 1179, 1180, 1178, 1179, 1180, 1181, 1184, 1183, 1185, 1189, 1192, 1193, 1195, 1197, 1202, 1207, 1211, 1215, 1223, 1230, 1236, 1242, 1249, 1259, 1269, 1280, 1290, 1301, 1316, 1333, 1348, 1361, 1374, 1392]
[0, 1331, 1318, 1305, 1293, 1280, 1272, 1265, 1257, 1250, 1243, 1237, 1230, 1223, 1216, 1215, 1209, 1204, 1201, 1197, 1193, 1191, 1187, 1185, 1183, 1182, 1181, 1180, 1180, 1181, 1180, 1181, 1182, 1182, 1184, 1187, 1190, 1194, 1197, 1199, 1201, 1204, 1210, 1216, 1222, 1230, 1230, 1236, 1244, 1251, 1256, 1265, 1275, 1284, 1297, 1314, 1331, 1345, 1360, 1373, 1389]
[0, 1336, 1322, 1307, 1296, 1286, 1278, 1269, 1259, 1253, 1246, 1238, 1231, 1224, 1217, 1212, 1207, 1203, 1198, 1193, 1191, 1188, 1187, 1186, 1183, 1180, 1180, 1179, 1178, 1176, 1179, 1181, 1182, 1184, 1184, 1184, 1188, 1191, 1194, 1197, 1200, 1203, 1209, 1214, 1220, 1225, 1232, 1239, 1247, 1257, 1265, 1272, 1282, 1294, 1307, 1325, 1341, 1355, 1368, 1384, 1402]
[0, 1327, 1314, 1300, 1288, 1286, 1279, 1270, 1260, 1252, 1248, 1240, 1231, 1223, 1219, 1213, 1207, 1204, 1199, 1196, 1193, 1189, 1186, 1184, 1182, 1180, 1179, 1180, 1176, 1176, 1180, 1179, 1180, 1183, 1184, 1185, 1187, 1189, 1192, 1195, 1198, 1205, 1214, 1222, 1229, 1237, 1246, 1253, 1261, 1267, 1271, 1280, 1291, 1302, 1314, 1323, 1333, 1348, 1362, 1375, 1393]
[0, 1333, 1319, 1307, 1295, 1285, 1277, 1270, 1260, 1252, 1247, 1239, 1231, 1224, 1220, 1215, 1212, 1212, 1210, 1208, 1206, 1204, 1187, 1185, 1181, 1180, 1180, 1180, 1180, 1178, 1178, 1180, 1182, 1184, 1189, 1194, 1199, 1205, 1211, 1215, 1216, 1218, 1226, 1233, 1240, 1247, 1252, 1256, 1262, 1270, 1278, 1287, 1297, 1309, 1319, 1329, 1344, 1348, 1373, 1375, 1405]
[0, 1326, 1312, 1298, 1287, 1285, 1278, 1270, 1260, 1253, 1247, 1240, 1231, 1224, 1220, 1217, 1215, 1214, 1210, 1208, 1208, 1207, 1202, 1200, 1198, 1198, 1198, 1197, 1195, 1195, 1196, 1196, 1197, 1198, 1199, 1201, 1203, 1206, 1210, 1214, 1217, 1223, 1228, 1232, 1236, 1244, 1250, 1256, 1264, 1270, 1270, 1278, 1287, 1298, 1309, 1319, 1331, 1344, 1358, 1372, 1386]
[0, 1324, 1312, 1311, 1297, 1285, 1276, 1268, 1260, 1252, 1246, 1239, 1232, 1224, 1220, 1218, 1216, 1214, 1212, 1208, 1208, 1206, 1204, 1201, 1198, 1198, 1198, 1197, 1194, 1194, 1197, 1197, 1198, 1199, 1200, 1201, 1205, 1208, 1210, 1214, 1216, 1220, 1227, 1232, 1237, 1244, 1250, 1255, 1261, 1267, 1274, 1286, 1299, 1307, 1317, 1329, 1337, 1350, 1367, 1384, 1401]
[0, 1329, 1317, 1306, 1295, 1284, 1276, 1269, 1261, 1254, 1250, 1246, 1241, 1235, 1232, 1230, 1225, 1220, 1218, 1214, 1208, 1205, 1203, 1201, 1198, 1198, 1196, 1193, 1193, 1194, 1196, 1196, 1197, 1198, 1199, 1200, 1204, 1208, 1211, 1214, 1216, 1219, 1225, 1232, 1237, 1243, 1251, 1256, 1261, 1268, 1275, 1286, 1298, 1307, 1317, 1329, 1338, 1351, 1369, 1385, 1401]
[0, 1339, 1327, 1316, 1308, 1298, 1290, 1282, 1274, 1264, 1257, 1252, 1245, 1238, 1233, 1228, 1223, 1220, 1218, 1213, 1210, 1207, 1203, 1200, 1197, 1196, 1197, 1196, 1195, 1195, 1196, 1196, 1197, 1198, 1193, 1194, 1202, 1207, 1211, 1214, 1213, 1216, 1222, 1229, 1233, 1239, 1247, 1252, 1258, 1264, 1271, 1279, 1289, 1300, 1311, 1322, 1329, 1342, 1361, 1374, 1388]
[0, 1345, 1332, 1321, 1314, 1304, 1292, 1282, 1276, 1267, 1259, 1253, 1247, 1241, 1235, 1232, 1226, 1219, 1215, 1211, 1208, 1205, 1205, 1203, 1200, 1199, 1197, 1196, 1195, 1195, 1196, 1196, 1196, 1197, 1198, 1205, 1206, 1205, 1207, 1211, 1214, 1217, 1222, 1227, 1233, 1238, 1244, 1253, 1260, 1266, 1274, 1283, 1293, 1303, 1315, 1324, 1333, 1345, 1362, 1379, 1394]
[0, 1346, 1333, 1322, 1314, 1304, 1297, 1287, 1274, 1266, 1260, 1254, 1248, 1240, 1234, 1230, 1225, 1219, 1215, 1210, 1206, 1205, 1203, 1200, 1198, 1196, 1195, 1194, 1195, 1195, 1196, 1196, 1196, 1197, 1197, 1200, 1203, 1205, 1207, 1211, 1214, 1216, 1223, 1229, 1232, 1238, 1246, 1253, 1260, 1266, 1271, 1280, 1289, 1300, 1311, 1320, 1332, 1346, 1360, 1374, 1389]
[0, 1337, 1325, 1312, 1302, 1296, 1290, 1280, 1274, 1268, 1261, 1256, 1250, 1244, 1237, 1232, 1228, 1220, 1216, 1213, 1208, 1207, 1203, 1201, 1197, 1196, 1197, 1196, 1194, 1195, 1195, 1196, 1197, 1198, 1199, 1201, 1203, 1207, 1210, 1213, 1217, 1222, 1228, 1232, 1237, 1244, 1250, 1253, 1264, 1266, 1270, 1278, 1287, 1297, 1307, 1317, 1328, 1342, 1358, 1372, 1388]
[0, 1346, 1332, 1322, 1317, 1307, 1293, 1284, 1275, 1268, 1260, 1254, 1247, 1240, 1234, 1230, 1225, 1219, 1215, 1211, 1208, 1205, 1204, 1200, 1198, 1198, 1198, 1197, 1194, 1194, 1196, 1196, 1197, 1198, 1199, 1200, 1204, 1207, 1209, 1213, 1215, 1219, 1226, 1232, 1237, 1243, 1250, 1255, 1260, 1267, 1275, 1286, 1294, 1303, 1317, 1329, 1338, 1351, 1369, 1385, 1401]
[0, 1347, 1333, 1322, 1313, 1303, 1294, 1284, 1274, 1266, 1260, 1254, 1247, 1241, 1235, 1230, 1225, 1219, 1215, 1211, 1207, 1205, 1203, 1200, 1197, 1196, 1196, 1195, 1195, 1195, 1195, 1196, 1197, 1198, 1200, 1201, 1203, 1207, 1210, 1213, 1216, 1219, 1222, 1229, 1233, 1236, 1244, 1252, 1257, 1264, 1271, 1279, 1289, 1300, 1311, 1321, 1330, 1342, 1359, 1374, 1389]
[0, 1343, 1329, 1320, 1310, 1300, 1292, 1282, 1273, 1264, 1257, 1250, 1243, 1238, 1233, 1228, 1224, 1219, 1217, 1212, 1207, 1205, 1205, 1200, 1197, 1195, 1194, 1194, 1195, 1195, 1195, 1195, 1196, 1198, 1200, 1201, 1201, 1203, 1207, 1211, 1213, 1216, 1220, 1227, 1233, 1238, 1245, 1252, 1259, 1266, 1271, 1280, 1290, 1300, 1310, 1320, 1334, 1347, 1360, 1375, 1389]
[0, 1340, 1328, 1317, 1307, 1297, 1288, 1279, 1273, 1265, 1257, 1251, 1247, 1238, 1240, 1233, 1228, 1222, 1217, 1213, 1209, 1207, 1205, 1202, 1197, 1195, 1197, 1194, 1193, 1193, 1192, 1194, 1195, 1195, 1198, 1202, 1203, 1204, 1207, 1209, 1212, 1216, 1221, 1227, 1232, 1237, 1245, 1252, 1258, 1266, 1272, 1282, 1291, 1300, 1313, 1323, 1332, 1345, 1360, 1375, 1392]
[0, 1337, 1325, 1314, 1304, 1295, 1288, 1287, 1277, 1268, 1262, 1255, 1249, 1243, 1237, 1232, 1228, 1220, 1216, 1212, 1208, 1206, 1203, 1202, 1202, 1197, 1195, 1196, 1195, 1195, 1195, 1196, 1197, 1196, 1198, 1197, 1199, 1206, 1208, 1210, 1215, 1218, 1222, 1230, 1235, 1240, 1248, 1254, 1260, 1267, 1274, 1284, 1296, 1306, 1313, 1324, 1335, 1349, 1366, 1380, 1395]
[0, 1343, 1329, 1320, 1311, 1300, 1291, 1281, 1273, 1264, 1257, 1250, 1245, 1239, 1232, 1226, 1220, 1214, 1211, 1209, 1206, 1202, 1203, 1200, 1198, 1197, 1196, 1195, 1194, 1194, 1195, 1195, 1196, 1197, 1199, 1201, 1204, 1207, 1209, 1214, 1216, 1219, 1225, 1231, 1237, 1240, 1246, 1255, 1261, 1268, 1275, 1286, 1298, 1307, 1317, 1329, 1338, 1350, 1368, 1385, 1400]
[0, 1337, 1325, 1315, 1304, 1295, 1286, 1281, 1277, 1268, 1261, 1254, 1245, 1239, 1233, 1229, 1227, 1220, 1213, 1209, 1208, 1205, 1200, 1199, 1197, 1195, 1195, 1194, 1194, 1193, 1195, 1198, 1196, 1198, 1196, 1195, 1199, 1204, 1208, 1211, 1212, 1215, 1220, 1226, 1231, 1237, 1245, 1253, 1259, 1265, 1271, 1280, 1289, 1299, 1309, 1320, 1329, 1342, 1359, 1374, 1388]
