[0, 0, 0, 0, 0, 0, 0, 0, 0, 0, 0, 0, 0, 0, 0, 0, 0, 0, 0, 0, 0, 0, 0, 0, 0, 0, 0, 0, 0, 0, 0, 0, 0, 0, 0, 0, 0, 0, 0, 0, 0, 0, 0, 0, 0, 0, 0, 0, 0, 0, 0, 0, 0, 0, 0, 0, 0, 0, 0, 0, 0]
[0, 534, 528, 524, 521, 518, 515, 511, 509, 507, 503, 501, 498, 498, 497, 494, 493, 492, 489, 488, 488, 486, 485, 484, 485, 485, 484, 483, 483, 483, 483, 484, 485, 485, 485, 487, 488, 490, 493, 494, 495, 497, 499, 503, 506, 508, 510, 514, 518, 521, 526, 531, 534, 539, 543, 548, 554, 559, 567, 573, 580]
[0, 531, 528, 527, 523, 519, 517, 513, 509, 508, 505, 502, 500, 497, 496, 495, 493, 491, 489, 488, 486, 485, 485, 484, 484, 483, 483, 483, 483, 484, 485, 485, 486, 487, 487, 489, 491, 492, 493, 495, 497, 500, 502, 504, 507, 510, 512, 516, 519, 523, 527, 531, 536, 541, 546, 551, 557, 562, 568, 574, 582]
[0, 536, 531, 527, 523, 519, 516, 513, 511, 508, 505, 503, 500, 498, 496, 495, 493, 490, 489, 488, 487, 486, 485, 485, 484, 484, 483, 483, 484, 484, 484, 485, 485, 486, 487, 488, 489, 490, 492, 493, 496, 498, 501, 503, 505, 509, 511, 513, 518, 522, 524, 528, 533, 538, 542, 548, 554, 560, 565, 571, 578]
[0, 534, 529, 524, 521, 518, 515, 511, 509, 507, 503, 503, 500, 498, 496, 494, 493, 492, 489, 488, 487, 485, 485, 484, 484, 484, 484, 484, 484, 484, 484, 485, 485, 486, 486, 487, 488, 491, 493, 495, 497, 498, 500, 503, 506, 508, 510, 514, 519, 522, 525, 530, 534, 538, 543, 549, 554, 559, 566, 573, 579]
[0, 536, 531, 527, 524, 520, 516, 513, 511, 508, 505, 503, 501, 498, 496, 494, 492, 490, 489, 488, 487, 486, 485, 485, 484, 483, 484, 484, 484, 484, 484, 484, 485, 486, 486, 489, 490, 492, 494, 495, 497, 498, 499, 505, 507, 509, 510, 512, 519, 522, 528, 532, 536, 538, 545, 549, 556, 562, 568, 574, 582]
[0, 535, 531, 527, 523, 519, 516, 513, 511, 510, 508, 505, 502, 500, 498, 496, 494, 492, 491, 490, 489, 488, 487, 487, 484, 484, 484, 484, 484, 483, 484, 485, 485, 486, 486, 487, 488, 491, 493, 495, 497, 498, 501, 503, 506, 508, 510, 514, 519, 522, 525, 530, 534, 538, 543, 548, 554, 559, 566, 573, 580]
[0, 537, 533, 528, 524, 521, 517, 513, 511, 508, 507, 505, 501, 499, 497, 495, 493, 492, 492, 488, 489, 486, 487, 486, 485, 485, 485, 485, 485, 485, 487, 487, 488, 488, 489, 487, 492, 495, 496, 495, 500, 498, 502, 506, 506, 510, 515, 519, 522, 526, 525, 531, 535, 544, 550, 548, 555, 565, 572, 579, 587]
[0, 541, 536, 532, 524, 525, 517, 522, 519, 517, 513, 511, 509, 507, 505, 503, 501, 499, 499, 498, 496, 495, 495, 495, 486, 485, 484, 484, 485, 486, 486, 487, 488, 487, 488, 491, 491, 493, 495, 496, 497, 500, 503, 506, 507, 510, 513, 516, 520, 524, 528, 532, 536, 542, 547, 551, 557, 563, 569, 576, 583]
[0, 541, 536, 532, 528, 525, 522, 522, 519, 516, 513, 511, 509, 507, 505, 503, 501, 499, 499, 498, 496, 495, 495, 495, 493, 493, 493, 493, 493, 494, 494, 494, 495, 496, 497, 499, 500, 502, 504, 496, 508, 510, 503, 515, 518, 521, 524, 516, 528, 531, 535, 540, 549, 554, 547, 564, 557, 576, 569, 583, 597]
[0, 541, 536, 532, 528, 525, 525, 522, 519, 517, 514, 511, 509, 507, 505, 503, 501, 500, 499, 498, 496, 495, 495, 495, 493, 493, 493, 493, 493, 494, 494, 494, 495, 495, 497, 499, 500, 502, 504, 506, 508, 510, 503, 515, 518, 521, 524, 516, 527, 535, 540, 544, 549, 549, 554, 559, 564, 570, 576, 583, 590]
[0, 541, 537, 534, 529, 525, 523, 522, 517, 517, 515, 512, 509, 507, 506, 503, 501, 500, 499, 498, 497, 496, 495, 495, 493, 493, 493, 493, 493, 494, 494, 495, 495, 496, 497, 499, 500, 502, 504, 506, 508, 510, 503, 513, 515, 518, 521, 524, 528, 531, 535, 540, 545, 554, 554, 565, 564, 577, 576, 584, 591]
[0, 543, 539, 535, 532, 528, 525, 522, 519, 516, 513, 510, 509, 507, 505, 502, 501, 499, 498, 497, 496, 496, 495, 495, 494, 494, 494, 494, 494, 495, 495, 495, 496, 496, 497, 499, 501, 502, 504, 506, 508, 510, 512, 515, 518, 521, 524, 527, 531, 536, 539, 543, 548, 553, 558, 564, 569, 575, 583, 591, 596]
[0, 540, 539, 536, 532, 528, 525, 522, 520, 517, 514, 512, 510, 507, 505, 502, 501, 500, 498, 498, 497, 496, 495, 495, 495, 494, 494, 494, 494, 494, 495, 496, 496, 496, 499, 499, 500, 501, 503, 505, 507, 510, 511, 513, 516, 520, 523, 525, 529, 533, 537, 542, 546, 550, 555, 560, 565, 572, 579, 586, 593]
[0, 542, 539, 539, 535, 528, 525, 524, 522, 519, 515, 512, 511, 509, 508, 506, 504, 503, 500, 499, 500, 499, 498, 497, 494, 493, 494, 493, 494, 494, 494, 495, 496, 496, 497, 499, 500, 502, 504, 507, 509, 510, 511, 512, 518, 521, 524, 525, 531, 533, 540, 542, 545, 549, 554, 564, 570, 577, 584, 591, 593]
[0, 546, 542, 538, 534, 531, 528, 524, 521, 519, 517, 514, 512, 510, 508, 506, 504, 503, 502, 499, 500, 499, 499, 497, 497, 496, 496, 496, 496, 497, 497, 498, 499, 500, 501, 502, 504, 506, 508, 510, 512, 514, 511, 519, 522, 521, 525, 532, 537, 540, 544, 549, 545, 558, 562, 569, 575, 581, 588, 593, 600]
[0, 547, 542, 537, 534, 531, 528, 525, 522, 519, 517, 514, 512, 511, 508, 506, 505, 503, 502, 501, 500, 499, 499, 497, 498, 497, 498, 496, 498, 498, 499, 498, 499, 500, 502, 503, 505, 506, 508, 510, 512, 514, 516, 519, 521, 524, 527, 531, 535, 538, 543, 548, 552, 556, 561, 566, 572, 579, 586, 593, 599]
[0, 543, 539, 536, 532, 528, 524, 522, 522, 520, 517, 515, 512, 511, 510, 508, 505, 503, 502, 500, 500, 500, 499, 498, 498, 497, 497, 496, 497, 498, 499, 500, 501, 500, 502, 503, 504, 507, 509, 510, 513, 514, 518, 519, 521, 524, 526, 530, 538, 538, 543, 546, 551, 555, 565, 566, 577, 579, 584, 590, 597]
[0, 546, 542, 538, 535, 531, 528, 526, 523, 520, 517, 515, 512, 511, 510, 508, 505, 506, 505, 503, 501, 501, 501, 501, 498, 498, 497, 497, 497, 496, 497, 499, 499, 501, 502, 503, 505, 507, 509, 510, 512, 515, 517, 520, 523, 526, 529, 533, 536, 540, 546, 550, 553, 558, 564, 569, 575, 581, 589, 595, 601]
[0, 546, 541, 538, 537, 530, 528, 528, 525, 522, 519, 516, 514, 512, 511, 509, 507, 506, 504, 503, 502, 502, 501, 500, 500, 500, 499, 499, 499, 500, 500, 501, 501, 502, 504, 506, 508, 509, 510, 512, 514, 517, 520, 522, 524, 528, 531, 534, 538, 542, 547, 551, 554, 559, 564, 570, 577, 584, 589, 595, 602]
[0, 551, 547, 543, 540, 536, 533, 528, 528, 525, 519, 520, 514, 518, 517, 515, 513, 512, 510, 508, 507, 507, 506, 506, 500, 499, 499, 499, 499, 500, 500, 501, 502, 504, 505, 505, 507, 508, 509, 512, 514, 515, 519, 522, 525, 527, 530, 535, 540, 543, 547, 550, 555, 560, 564, 571, 578, 584, 590, 598, 604]
[0, 552, 548, 544, 540, 537, 534, 531, 528, 525, 522, 521, 514, 518, 515, 515, 513, 511, 510, 508, 508, 507, 506, 506, 505, 505, 505, 505, 505, 506, 506, 507, 508, 509, 510, 511, 512, 514, 516, 519, 521, 523, 525, 527, 531, 534, 537, 541, 545, 550, 554, 557, 562, 567, 572, 577, 584, 590, 597, 603, 610]
[0, 556, 551, 548, 544, 541, 534, 533, 532, 530, 527, 521, 523, 518, 521, 519, 517, 514, 513, 512, 511, 511, 511, 510, 506, 505, 504, 505, 505, 505, 506, 506, 507, 509, 510, 511, 512, 514, 517, 519, 520, 522, 524, 528, 531, 533, 537, 541, 544, 550, 554, 557, 562, 566, 572, 577, 584, 590, 597, 603, 610]
[0, 558, 551, 554, 550, 546, 543, 540, 537, 534, 532, 529, 526, 525, 523, 521, 520, 518, 516, 515, 515, 514, 512, 513, 509, 508, 508, 508, 508, 509, 510, 511, 511, 512, 514, 515, 517, 519, 521, 523, 525, 527, 530, 533, 535, 538, 542, 546, 550, 554, 558, 562, 567, 573, 578, 584, 590, 597, 604, 610, 617]
[0, 566, 562, 558, 554, 550, 547, 544, 542, 539, 536, 534, 532, 530, 528, 527, 524, 523, 522, 521, 520, 519, 512, 516, 512, 510, 509, 508, 511, 513, 513, 514, 515, 516, 517, 520, 521, 522, 524, 526, 528, 530, 533, 536, 539, 543, 546, 549, 553, 557, 562, 566, 572, 577, 583, 590, 595, 601, 608, 615, 622]
[0, 565, 561, 558, 555, 553, 547, 546, 542, 542, 540, 538, 536, 534, 532, 530, 528, 526, 525, 524, 523, 523, 518, 509, 507, 510, 504, 504, 505, 512, 518, 514, 521, 522, 517, 525, 527, 522, 529, 531, 533, 535, 538, 540, 543, 546, 549, 553, 556, 560, 565, 569, 574, 580, 585, 591, 597, 603, 609, 616, 624]
[0, 565, 563, 558, 560, 557, 554, 551, 548, 544, 542, 539, 538, 536, 534, 532, 531, 529, 527, 527, 527, 522, 511, 509, 503, 502, 503, 502, 503, 505, 508, 516, 523, 524, 526, 527, 529, 532, 533, 535, 538, 541, 543, 545, 548, 551, 555, 558, 562, 567, 571, 576, 582, 587, 593, 599, 604, 611, 618, 625, 633]
[0, 571, 566, 563, 560, 556, 554, 550, 548, 547, 544, 542, 540, 537, 534, 533, 533, 531, 529, 528, 529, 523, 513, 507, 501, 500, 503, 500, 503, 505, 504, 516, 0, 524, 530, 527, 533, 536, 538, 540, 543, 541, 545, 551, 548, 557, 555, 565, 569, 567, 573, 578, 583, 588, 594, 605, 604, 619, 625, 625, 641]
[0, 571, 575, 570, 567, 556, 563, 561, 558, 555, 552, 550, 548, 547, 544, 542, 541, 538, 533, 528, 521, 513, 505, 507, 501, 500, 500, 501, 503, 504, 505, 512, 523, 529, 530, 532, 534, 536, 537, 540, 542, 545, 547, 550, 553, 557, 560, 564, 567, 572, 577, 582, 588, 593, 597, 605, 612, 617, 624, 632, 640]
[0, 582, 577, 573, 569, 566, 562, 559, 557, 555, 552, 550, 549, 547, 546, 545, 543, 540, 535, 529, 522, 514, 507, 501, 498, 496, 496, 498, 501, 503, 504, 512, 523, 0, 539, 541, 542, 544, 547, 548, 550, 553, 556, 559, 562, 565, 570, 573, 577, 582, 586, 591, 596, 602, 609, 615, 621, 627, 636, 643, 651]
[0, 589, 585, 581, 575, 571, 567, 565, 561, 559, 557, 555, 553, 551, 550, 547, 545, 540, 530, 526, 520, 506, 501, 501, 496, 495, 497, 498, 500, 501, 503, 505, 523, 0, 0, 541, 543, 545, 547, 548, 551, 554, 557, 559, 561, 564, 568, 573, 577, 582, 587, 591, 597, 602, 608, 614, 620, 626, 634, 642, 649]
[0, 595, 591, 586, 575, 579, 567, 575, 572, 569, 566, 564, 562, 560, 558, 556, 555, 0, 531, 521, 514, 507, 499, 499, 496, 494, 495, 498, 500, 499, 501, 503, 507, 0, 0, 0, 548, 550, 552, 555, 557, 559, 562, 559, 564, 571, 568, 576, 584, 588, 593, 599, 604, 610, 608, 622, 620, 636, 634, 651, 649]
[0, 597, 592, 588, 584, 580, 576, 572, 570, 567, 564, 564, 560, 560, 559, 557, 555, 549, 0, 524, 516, 510, 503, 494, 491, 493, 495, 496, 497, 499, 503, 506, 513, 0, 0, 0, 557, 559, 561, 563, 565, 568, 571, 574, 578, 581, 585, 589, 593, 598, 602, 608, 613, 618, 624, 631, 638, 646, 653, 660, 667]
[0, 597, 594, 590, 586, 582, 578, 575, 571, 568, 566, 563, 561, 559, 557, 556, 555, 0, 529, 521, 513, 506, 503, 498, 491, 492, 493, 494, 497, 500, 502, 505, 511, 0, 0, 0, 557, 558, 560, 562, 565, 567, 570, 573, 576, 580, 584, 588, 592, 596, 600, 606, 611, 617, 623, 629, 636, 643, 650, 658, 665]
[0, 605, 594, 601, 597, 594, 590, 587, 584, 580, 577, 575, 573, 571, 568, 566, 565, 0, 529, 521, 0, 502, 493, 0, 0, 492, 494, 497, 499, 500, 501, 503, 514, 0, 0, 0, 557, 559, 561, 563, 566, 567, 571, 575, 576, 578, 582, 590, 594, 596, 603, 608, 611, 621, 627, 633, 640, 643, 653, 661, 669]
[0, 611, 608, 604, 599, 595, 592, 589, 585, 583, 580, 577, 575, 573, 568, 569, 565, 0, 529, 521, 544, 0, 495, 490, 0, 490, 493, 497, 495, 500, 499, 503, 507, 514, 523, 0, 0, 570, 572, 575, 578, 580, 584, 588, 590, 594, 598, 601, 606, 611, 615, 620, 628, 634, 640, 646, 653, 660, 668, 676, 684]
[0, 611, 610, 604, 606, 602, 599, 595, 592, 590, 587, 585, 583, 580, 578, 576, 573, 0, 529, 571, 0, 0, 489, 0, 490, 490, 490, 492, 494, 496, 500, 505, 511, 519, 527, 538, 552, 563, 571, 577, 581, 584, 587, 590, 593, 596, 599, 603, 608, 612, 617, 621, 628, 636, 642, 647, 654, 661, 669, 675, 684]
[0, 615, 611, 606, 602, 602, 599, 592, 592, 590, 587, 584, 582, 580, 578, 576, 573, 0, 529, 571, 0, 0, 489, 0, 488, 490, 491, 492, 494, 496, 497, 507, 514, 519, 529, 537, 546, 555, 564, 575, 585, 590, 593, 595, 598, 602, 605, 610, 614, 619, 624, 630, 637, 643, 649, 655, 661, 669, 677, 685, 693]
[0, 625, 620, 616, 613, 608, 604, 600, 598, 595, 592, 590, 588, 586, 585, 583, 573, 563, 574, 571, 0, 0, 489, 487, 488, 489, 491, 491, 494, 496, 501, 507, 513, 521, 529, 537, 546, 555, 563, 574, 585, 590, 593, 595, 598, 601, 605, 609, 614, 618, 624, 630, 636, 642, 648, 655, 661, 668, 676, 683, 692]
[0, 635, 629, 624, 620, 616, 613, 609, 606, 604, 601, 599, 596, 594, 592, 591, 573, 563, 589, 571, 0, 495, 487, 486, 486, 487, 488, 489, 492, 495, 499, 504, 511, 519, 527, 536, 545, 552, 561, 570, 581, 593, 599, 603, 606, 610, 613, 617, 622, 628, 633, 640, 646, 652, 658, 665, 671, 678, 686, 695, 704]
[0, 633, 628, 623, 619, 615, 611, 608, 605, 603, 600, 599, 596, 594, 592, 592, 591, 563, 589, 0, 503, 0, 486, 485, 486, 486, 486, 488, 491, 494, 498, 504, 511, 519, 526, 535, 545, 554, 563, 572, 583, 594, 603, 610, 613, 616, 620, 625, 630, 635, 641, 647, 652, 658, 663, 670, 678, 685, 692, 701, 709]
[0, 644, 638, 633, 629, 624, 620, 616, 613, 610, 608, 606, 604, 602, 600, 598, 591, 563, 589, 0, 496, 490, 487, 485, 485, 486, 487, 489, 492, 495, 500, 506, 513, 521, 528, 537, 547, 557, 565, 574, 584, 594, 604, 610, 613, 617, 621, 626, 631, 636, 642, 647, 652, 659, 665, 671, 678, 686, 695, 703, 710]
[0, 650, 640, 633, 635, 631, 627, 622, 619, 616, 614, 611, 609, 607, 605, 603, 601, 0, 589, 0, 495, 490, 486, 485, 486, 486, 486, 488, 491, 494, 498, 504, 512, 519, 527, 536, 545, 555, 565, 575, 585, 595, 608, 617, 621, 624, 629, 634, 639, 644, 649, 655, 661, 666, 672, 679, 686, 694, 702, 710, 718]
[0, 649, 644, 640, 636, 631, 627, 624, 621, 618, 616, 611, 611, 609, 605, 607, 605, 0, 0, 496, 491, 487, 486, 485, 485, 485, 485, 486, 489, 492, 496, 502, 510, 518, 525, 534, 543, 563, 565, 583, 594, 606, 618, 625, 629, 633, 639, 644, 649, 654, 659, 665, 670, 677, 684, 691, 699, 707, 714, 723, 733]
[0, 649, 659, 654, 650, 646, 642, 638, 635, 632, 630, 627, 624, 621, 619, 617, 613, 0, 0, 497, 492, 488, 486, 485, 485, 485, 486, 489, 491, 495, 500, 506, 513, 521, 529, 540, 551, 561, 570, 581, 591, 601, 615, 626, 631, 635, 639, 644, 649, 654, 660, 665, 671, 677, 683, 692, 699, 706, 714, 722, 731]
[0, 665, 660, 655, 651, 647, 644, 641, 636, 633, 631, 629, 627, 624, 622, 617, 620, 0, 495, 494, 489, 487, 485, 484, 484, 485, 485, 486, 488, 491, 496, 502, 510, 518, 525, 544, 557, 569, 579, 589, 599, 601, 615, 0, 645, 650, 654, 659, 664, 669, 675, 680, 687, 694, 701, 707, 714, 722, 731, 741, 750]
[0, 663, 660, 658, 655, 650, 646, 644, 641, 637, 634, 631, 629, 626, 625, 623, 0, 0, 0, 497, 491, 488, 486, 484, 484, 485, 486, 489, 491, 494, 499, 506, 514, 522, 530, 538, 550, 564, 576, 585, 596, 601, 615, 0, 648, 652, 656, 661, 666, 671, 677, 682, 689, 696, 703, 710, 716, 723, 732, 742, 752]
[0, 663, 659, 658, 655, 650, 647, 644, 641, 637, 634, 631, 629, 627, 625, 623, 617, 0, 0, 497, 492, 488, 486, 484, 484, 484, 485, 486, 488, 491, 496, 502, 510, 518, 525, 534, 558, 564, 571, 590, 601, 601, 615, 0, 651, 655, 660, 665, 669, 675, 680, 687, 694, 701, 708, 714, 720, 729, 738, 747, 757]
[0, 676, 671, 666, 661, 657, 653, 650, 647, 645, 642, 639, 637, 634, 631, 630, 617, 0, 499, 494, 490, 487, 486, 485, 484, 484, 485, 486, 488, 491, 496, 502, 510, 518, 525, 534, 544, 558, 580, 590, 590, 600, 615, 0, 650, 655, 660, 665, 669, 675, 681, 687, 693, 701, 708, 714, 720, 729, 738, 748, 757]
[0, 679, 675, 669, 665, 661, 653, 658, 654, 651, 649, 647, 645, 642, 640, 637, 0, 0, 499, 497, 491, 488, 487, 486, 485, 485, 486, 488, 491, 494, 498, 504, 513, 521, 529, 538, 552, 566, 576, 586, 596, 607, 0, 0, 656, 661, 665, 670, 675, 680, 686, 693, 700, 705, 711, 717, 725, 734, 743, 752, 762]
[0, 680, 675, 669, 665, 662, 658, 658, 655, 652, 649, 647, 645, 642, 640, 638, 636, 0, 498, 497, 489, 488, 487, 485, 485, 484, 485, 486, 488, 491, 496, 502, 510, 519, 527, 536, 548, 563, 576, 595, 605, 607, 0, 0, 665, 670, 675, 680, 686, 692, 697, 703, 709, 715, 722, 731, 739, 748, 757, 765, 776]
[0, 686, 681, 676, 672, 662, 663, 660, 655, 658, 654, 652, 650, 648, 646, 644, 0, 0, 497, 497, 493, 489, 487, 487, 485, 485, 485, 485, 487, 496, 496, 502, 509, 526, 527, 545, 560, 574, 584, 594, 604, 607, 0, 0, 665, 669, 674, 679, 685, 691, 698, 703, 709, 716, 723, 730, 738, 748, 756, 765, 774]
[0, 703, 698, 692, 686, 683, 680, 660, 676, 672, 669, 667, 665, 662, 660, 658, 0, 506, 497, 496, 491, 489, 487, 490, 486, 485, 485, 486, 487, 491, 496, 503, 510, 519, 527, 534, 560, 0, 584, 596, 605, 0, 0, 0, 671, 677, 681, 686, 691, 698, 704, 709, 715, 722, 730, 737, 746, 755, 764, 773, 782]
[0, 707, 702, 697, 692, 688, 683, 679, 677, 674, 671, 668, 666, 664, 663, 658, 0, 0, 502, 497, 493, 491, 491, 490, 489, 488, 486, 486, 487, 491, 496, 503, 510, 527, 527, 534, 0, 581, 593, 602, 612, 0, 0, 0, 688, 693, 700, 704, 709, 714, 720, 727, 734, 741, 749, 757, 765, 774, 783, 792, 803]
[0, 714, 710, 704, 700, 696, 691, 687, 677, 681, 671, 678, 676, 674, 672, 670, 0, 0, 511, 501, 493, 491, 493, 491, 490, 488, 487, 488, 490, 495, 502, 510, 519, 526, 527, 534, 0, 578, 591, 601, 611, 0, 0, 0, 689, 694, 700, 705, 711, 716, 722, 729, 735, 742, 750, 758, 766, 774, 784, 793, 802]
[0, 714, 710, 704, 700, 696, 691, 688, 684, 681, 679, 676, 674, 672, 672, 670, 0, 0, 503, 498, 493, 491, 492, 491, 493, 491, 489, 487, 488, 491, 497, 504, 512, 520, 526, 534, 0, 585, 598, 608, 618, 0, 0, 0, 701, 706, 710, 715, 720, 726, 733, 740, 747, 754, 762, 771, 779, 788, 797, 806, 817]
[0, 729, 723, 717, 713, 709, 705, 702, 698, 696, 693, 691, 687, 684, 682, 670, 0, 0, 508, 500, 496, 494, 495, 496, 491, 491, 487, 488, 490, 491, 503, 511, 520, 526, 526, 534, 0, 0, 596, 605, 615, 0, 0, 0, 701, 705, 710, 715, 720, 726, 732, 739, 745, 753, 761, 768, 776, 786, 796, 806, 814]
[0, 743, 738, 733, 728, 723, 718, 715, 713, 710, 707, 704, 702, 700, 682, 0, 0, 0, 508, 501, 497, 495, 497, 496, 495, 493, 491, 490, 491, 495, 502, 510, 518, 524, 526, 534, 0, 0, 0, 608, 618, 0, 0, 0, 713, 717, 722, 727, 733, 739, 745, 753, 760, 767, 774, 783, 792, 800, 810, 819, 828]
[0, 743, 737, 733, 728, 722, 718, 715, 712, 709, 707, 704, 702, 699, 682, 0, 542, 0, 506, 501, 497, 495, 497, 498, 495, 499, 497, 495, 491, 494, 504, 514, 518, 522, 528, 534, 0, 0, 0, 620, 630, 0, 0, 0, 730, 734, 740, 747, 753, 759, 765, 772, 779, 787, 796, 804, 813, 822, 830, 839, 851]
[0, 751, 745, 739, 734, 731, 726, 721, 718, 715, 713, 711, 708, 706, 704, 0, 0, 0, 508, 500, 497, 496, 498, 501, 499, 499, 497, 495, 494, 494, 497, 504, 522, 528, 528, 534, 0, 0, 0, 619, 630, 0, 0, 0, 730, 734, 739, 746, 753, 759, 765, 771, 778, 786, 795, 803, 811, 821, 830, 838, 850]
[0, 751, 744, 738, 734, 730, 725, 720, 717, 715, 712, 710, 708, 706, 705, 0, 0, 0, 508, 501, 497, 495, 497, 501, 502, 500, 497, 495, 494, 495, 502, 511, 520, 526, 528, 534, 0, 0, 0, 619, 631, 0, 0, 0, 735, 740, 745, 751, 758, 764, 769, 776, 784, 791, 800, 808, 817, 826, 834, 843, 864]
[0, 762, 756, 751, 745, 741, 737, 733, 730, 726, 722, 720, 717, 715, 713, 0, 0, 0, 512, 503, 500, 497, 498, 501, 501, 500, 496, 495, 494, 497, 502, 514, 521, 528, 528, 534, 0, 0, 0, 620, 632, 0, 0, 0, 736, 741, 747, 753, 759, 765, 771, 779, 786, 794, 802, 809, 817, 826, 835, 844, 855]
[0, 762, 756, 751, 745, 741, 737, 733, 730, 725, 722, 720, 717, 715, 713, 0, 0, 0, 512, 503, 500, 497, 498, 501, 503, 504, 501, 500, 497, 496, 503, 512, 520, 526, 528, 534, 0, 0, 0, 624, 635, 0, 0, 0, 751, 741, 756, 762, 773, 779, 786, 794, 801, 809, 817, 826, 817, 844, 855, 865, 874]
[0, 785, 780, 773, 767, 764, 760, 755, 751, 748, 745, 742, 739, 737, 734, 733, 0, 0, 0, 505, 501, 498, 499, 502, 503, 504, 501, 499, 497, 496, 503, 512, 520, 526, 528, 534, 0, 0, 0, 624, 634, 0, 0, 745, 751, 756, 762, 767, 773, 779, 786, 794, 801, 809, 817, 826, 834, 844, 855, 865, 874]
[0, 793, 787, 782, 777, 771, 767, 764, 761, 758, 754, 751, 749, 746, 744, 742, 0, 0, 0, 506, 501, 499, 501, 502, 505, 507, 506, 504, 500, 499, 506, 514, 520, 524, 528, 534, 0, 0, 0, 641, 651, 0, 0, 0, 772, 783, 789, 0, 795, 801, 814, 794, 829, 809, 835, 854, 834, 864, 883, 893, 903]
[0, 793, 787, 782, 776, 771, 767, 764, 761, 758, 754, 751, 748, 746, 744, 742, 0, 0, 515, 506, 501, 500, 501, 504, 506, 508, 507, 504, 501, 500, 507, 516, 521, 524, 528, 534, 0, 0, 0, 651, 0, 0, 0, 778, 783, 789, 795, 801, 807, 812, 819, 826, 833, 839, 847, 857, 867, 876, 886, 895, 905]
[0, 800, 794, 788, 783, 778, 774, 771, 766, 764, 762, 758, 748, 755, 753, 751, 750, 0, 0, 512, 505, 502, 501, 503, 506, 508, 507, 504, 501, 501, 510, 516, 517, 521, 525, 534, 0, 0, 642, 652, 0, 0, 0, 779, 784, 791, 797, 802, 807, 813, 820, 828, 835, 842, 851, 859, 868, 877, 887, 896, 907]
[0, 799, 794, 789, 783, 779, 775, 771, 766, 764, 762, 759, 756, 753, 751, 749, 750, 0, 513, 512, 502, 502, 501, 502, 505, 508, 509, 508, 503, 500, 505, 513, 519, 523, 525, 534, 0, 0, 652, 662, 0, 776, 783, 789, 794, 800, 806, 812, 819, 825, 830, 838, 847, 854, 862, 870, 879, 889, 899, 909, 920]
[0, 799, 798, 792, 787, 782, 777, 774, 770, 767, 765, 762, 759, 757, 754, 752, 750, 0, 0, 509, 504, 501, 501, 503, 504, 507, 509, 508, 504, 500, 503, 512, 519, 522, 525, 534, 0, 0, 651, 660, 0, 0, 0, 789, 794, 800, 806, 811, 817, 824, 830, 837, 846, 853, 861, 869, 878, 888, 898, 908, 919]
[0, 811, 805, 800, 794, 788, 785, 780, 775, 772, 770, 768, 766, 764, 762, 759, 750, 0, 0, 509, 503, 502, 501, 503, 506, 509, 508, 505, 501, 501, 507, 514, 520, 523, 525, 534, 0, 0, 0, 658, 0, 0, 789, 795, 801, 806, 0, 812, 825, 831, 837, 837, 845, 854, 863, 870, 879, 899, 898, 909, 920]
[0, 842, 836, 831, 827, 823, 819, 816, 812, 809, 805, 803, 802, 799, 796, 795, 795, 0, 0, 514, 508, 506, 506, 504, 506, 509, 508, 505, 501, 501, 503, 518, 520, 522, 525, 534, 0, 0, 660, 669, 0, 787, 794, 799, 804, 811, 816, 821, 827, 834, 841, 849, 857, 865, 872, 880, 889, 900, 910, 921, 932]
[0, 842, 836, 831, 827, 823, 819, 816, 812, 809, 805, 803, 0, 810, 807, 806, 804, 0, 0, 515, 509, 506, 507, 509, 512, 514, 508, 513, 508, 504, 507, 518, 520, 520, 525, 534, 0, 812, 817, 821, 826, 829, 833, 838, 845, 852, 858, 864, 870, 877, 841, 849, 857, 865, 872, 880, 889, 900, 910, 921, 932]
[0, 859, 852, 845, 840, 835, 832, 828, 825, 821, 818, 815, 812, 810, 807, 806, 805, 0, 0, 516, 509, 506, 507, 510, 514, 514, 508, 508, 508, 505, 508, 515, 519, 522, 525, 534, 0, 822, 826, 830, 833, 837, 843, 848, 854, 861, 868, 872, 878, 885, 892, 899, 908, 918, 927, 937, 946, 956, 969, 982, 993]
[0, 855, 848, 845, 842, 837, 832, 829, 827, 824, 820, 817, 814, 812, 811, 808, 807, 0, 0, 519, 511, 507, 506, 510, 514, 514, 514, 513, 509, 506, 508, 515, 519, 522, 525, 534, 0, 822, 827, 831, 833, 837, 842, 848, 855, 862, 868, 872, 879, 886, 892, 899, 908, 918, 927, 938, 947, 957, 970, 984, 995]
[0, 865, 859, 854, 842, 847, 842, 838, 835, 832, 829, 826, 823, 820, 818, 816, 814, 0, 0, 0, 511, 508, 507, 509, 514, 515, 514, 510, 505, 507, 514, 519, 520, 522, 525, 0, 0, 822, 826, 830, 834, 839, 844, 850, 857, 863, 868, 874, 880, 886, 894, 901, 909, 919, 929, 938, 947, 958, 971, 983, 995]
[0, 867, 862, 856, 850, 843, 839, 836, 833, 831, 827, 824, 822, 820, 817, 816, 815, 816, 0, 0, 514, 509, 508, 510, 514, 516, 514, 510, 506, 507, 514, 520, 521, 522, 525, 0, 0, 831, 835, 838, 843, 849, 853, 859, 866, 871, 877, 882, 888, 895, 903, 911, 920, 930, 938, 946, 958, 971, 982, 994, 1006]
[0, 886, 881, 876, 871, 866, 862, 836, 854, 831, 850, 847, 844, 840, 838, 837, 836, 836, 0, 0, 517, 511, 511, 515, 513, 514, 513, 511, 507, 506, 512, 518, 521, 522, 525, 0, 0, 835, 838, 841, 847, 853, 858, 864, 869, 873, 880, 887, 894, 901, 908, 917, 920, 934, 938, 944, 966, 971, 989, 1001, 1006]
[0, 886, 884, 879, 874, 869, 865, 862, 857, 853, 851, 847, 842, 839, 838, 837, 835, 836, 0, 523, 513, 510, 511, 515, 518, 519, 516, 513, 510, 509, 514, 518, 521, 522, 525, 0, 855, 860, 863, 867, 872, 877, 880, 884, 890, 896, 880, 911, 894, 920, 928, 935, 942, 950, 960, 972, 984, 994, 1005, 1017, 1030]
[0, 902, 895, 889, 884, 879, 874, 871, 867, 863, 861, 859, 856, 853, 851, 848, 847, 836, 0, 523, 524, 514, 512, 514, 517, 514, 516, 513, 510, 508, 511, 516, 519, 522, 525, 0, 0, 857, 861, 865, 869, 872, 877, 882, 887, 892, 899, 907, 915, 922, 930, 938, 947, 955, 964, 976, 987, 998, 1009, 1021, 1033]
[0, 906, 900, 893, 884, 887, 883, 878, 874, 872, 870, 867, 865, 862, 860, 859, 856, 855, 0, 0, 519, 513, 513, 514, 518, 518, 516, 512, 509, 509, 514, 519, 520, 522, 525, 0, 0, 869, 873, 876, 879, 884, 889, 894, 900, 907, 914, 921, 929, 936, 943, 952, 961, 971, 982, 994, 1003, 1014, 1027, 1040, 1053]
[0, 909, 903, 898, 892, 886, 882, 878, 874, 872, 870, 868, 866, 863, 860, 858, 857, 855, 0, 0, 525, 514, 513, 517, 519, 517, 513, 512, 510, 512, 519, 520, 520, 522, 525, 0, 875, 878, 881, 886, 0, 891, 895, 899, 905, 912, 920, 928, 935, 941, 948, 956, 966, 976, 987, 998, 1008, 1019, 1031, 1046, 1060]
[0, 906, 900, 894, 892, 889, 883, 878, 874, 872, 870, 867, 865, 863, 861, 859, 856, 855, 0, 0, 520, 513, 513, 517, 520, 518, 516, 514, 510, 510, 514, 518, 522, 522, 525, 0, 875, 0, 881, 886, 889, 893, 899, 904, 911, 917, 925, 933, 940, 946, 953, 961, 973, 984, 994, 1005, 1016, 1028, 1038, 1052, 1068]
[0, 947, 942, 936, 931, 926, 922, 917, 912, 908, 905, 902, 900, 898, 895, 894, 856, 893, 0, 0, 0, 522, 519, 521, 0, 517, 514, 513, 510, 510, 512, 520, 522, 522, 525, 0, 875, 878, 881, 886, 0, 891, 895, 900, 905, 913, 921, 929, 936, 942, 948, 957, 966, 978, 990, 999, 1009, 1020, 1031, 1046, 1060]
[0, 985, 978, 970, 962, 957, 952, 947, 944, 940, 937, 935, 932, 930, 928, 926, 924, 923, 0, 0, 0, 529, 522, 525, 523, 520, 517, 517, 515, 514, 516, 521, 522, 522, 525, 0, 917, 922, 926, 932, 937, 941, 946, 952, 959, 967, 976, 985, 994, 1002, 1010, 1020, 1030, 1041, 1052, 1065, 1077, 1090, 1104, 1119, 1137]
[0, 985, 979, 972, 964, 958, 954, 949, 945, 941, 938, 936, 933, 931, 928, 927, 925, 924, 0, 0, 0, 524, 523, 525, 525, 0, 518, 519, 517, 517, 520, 526, 522, 522, 525, 0, 947, 951, 954, 959, 967, 973, 980, 987, 993, 999, 1006, 1015, 1023, 1031, 1041, 1052, 1061, 1071, 1082, 1095, 1108, 1123, 1138, 1154, 1167]
[0, 982, 975, 968, 962, 955, 951, 947, 942, 939, 938, 937, 931, 931, 928, 926, 925, 924, 924, 0, 0, 527, 522, 523, 522, 521, 518, 518, 517, 517, 519, 522, 522, 522, 525, 0, 945, 949, 954, 959, 964, 971, 978, 984, 990, 996, 1004, 1013, 1021, 1029, 1037, 1046, 1057, 1068, 1080, 1091, 1103, 1117, 1132, 1148, 1162]
[0, 1000, 994, 986, 979, 973, 967, 961, 955, 952, 949, 946, 944, 942, 939, 937, 936, 936, 937, 0, 0, 0, 525, 525, 522, 518, 517, 516, 516, 517, 520, 528, 522, 522, 0, 945, 949, 953, 957, 962, 969, 975, 981, 988, 995, 1001, 1009, 1018, 1024, 1033, 1037, 1053, 1057, 1076, 1080, 1087, 1100, 1114, 1128, 1144, 1157]
[0, 999, 993, 985, 979, 973, 967, 960, 956, 952, 949, 947, 945, 942, 939, 938, 937, 936, 936, 0, 0, 0, 525, 525, 524, 520, 520, 520, 518, 517, 520, 527, 522, 522, 0, 0, 960, 963, 969, 976, 982, 989, 995, 999, 1005, 1011, 1019, 1028, 1036, 1045, 1055, 1065, 1074, 1085, 1098, 1111, 1125, 1140, 1154, 1168, 1181]
[0, 1021, 1014, 1008, 1003, 997, 992, 960, 988, 983, 979, 974, 971, 968, 966, 964, 964, 963, 962, 0, 0, 0, 527, 525, 524, 0, 521, 520, 518, 517, 520, 526, 522, 522, 0, 0, 959, 963, 969, 976, 982, 987, 993, 998, 1004, 1012, 1020, 1027, 1035, 1044, 1052, 1063, 1074, 1085, 1098, 1111, 1123, 1137, 1153, 1167, 1180]
[0, 1036, 1028, 1022, 1016, 1011, 1005, 1000, 996, 991, 990, 987, 983, 980, 978, 977, 974, 974, 974, 0, 0, 0, 532, 528, 524, 0, 521, 520, 519, 517, 522, 531, 522, 522, 0, 992, 996, 999, 1005, 1010, 1015, 987, 1021, 1028, 1035, 1042, 1050, 1059, 1068, 1076, 1084, 1095, 1108, 1121, 1134, 1149, 1161, 1174, 1187, 1200, 1216]
[0, 1092, 1085, 1078, 1071, 1066, 1063, 1058, 1053, 1049, 1045, 1041, 1038, 1036, 978, 1033, 1033, 1033, 1033, 1032, 1032, 0, 0, 528, 525, 522, 522, 522, 521, 521, 527, 538, 522, 522, 0, 999, 1003, 1007, 1013, 1018, 1022, 1028, 1034, 1041, 1049, 1057, 1066, 1074, 1080, 1089, 1099, 1109, 1124, 1138, 1150, 1163, 1174, 1187, 1201, 1219, 1237]
[0, 1092, 1089, 1082, 1075, 1068, 1063, 1060, 1057, 1053, 1046, 1041, 1040, 1037, 1036, 1034, 1033, 1032, 1031, 1030, 1030, 0, 0, 0, 529, 527, 527, 527, 532, 540, 547, 538, 522, 0, 1055, 1060, 1066, 1070, 1076, 1082, 1088, 1095, 1103, 1111, 1118, 1129, 1137, 1143, 1155, 1167, 1176, 1187, 1202, 1217, 1229, 1242, 1258, 1272, 1288, 1306, 1327]
[0, 1092, 1085, 1079, 1071, 1066, 1062, 1058, 1050, 1047, 1045, 1041, 1040, 1038, 1037, 1034, 1033, 1032, 1032, 1032, 1032, 0, 0, 534, 529, 527, 526, 527, 536, 543, 551, 538, 564, 0, 1060, 1062, 1066, 1066, 1072, 1079, 1084, 1091, 1098, 1105, 1116, 1126, 1133, 1141, 1149, 1159, 1170, 1180, 1194, 1208, 1220, 1233, 1246, 1262, 1278, 1294, 1315]
[0, 1130, 1122, 1113, 1106, 1100, 1094, 1089, 1085, 1081, 1077, 1074, 1071, 1069, 1067, 1066, 1064, 1064, 1063, 1062, 1062, 0, 0, 0, 529, 527, 527, 527, 532, 540, 548, 538, 564, 0, 1056, 1061, 1067, 1070, 1075, 1081, 1088, 1095, 1104, 1112, 1118, 1130, 1138, 1144, 1156, 1167, 1176, 1187, 1202, 1217, 1229, 1242, 1257, 1272, 1288, 1307, 1327]
[0, 1127, 1119, 1113, 1106, 1100, 1093, 1088, 1084, 1080, 1077, 1073, 1070, 1069, 1066, 1065, 1063, 1063, 1063, 1063, 1064, 0, 0, 0, 539, 532, 532, 534, 538, 544, 551, 538, 0, 1087, 1056, 1092, 1097, 1105, 1111, 1117, 1124, 1131, 1140, 1148, 1157, 1165, 1170, 1175, 1185, 1197, 1214, 1230, 1242, 1253, 1264, 1276, 1288, 1303, 1324, 1344, 1362]
[0, 1126, 1120, 1112, 1104, 1099, 1093, 1089, 1085, 1080, 1076, 1073, 1071, 1068, 1066, 1065, 1064, 1064, 1064, 1064, 1064, 1065, 0, 0, 535, 531, 532, 535, 540, 546, 554, 565, 0, 0, 1088, 1093, 1097, 1105, 1115, 1122, 1128, 1134, 1144, 1153, 1161, 1167, 1172, 1179, 1193, 1204, 1215, 1233, 1245, 1255, 1268, 1281, 1295, 1313, 1333, 1353, 1371]
[0, 1160, 1120, 1154, 1145, 1137, 1133, 1128, 1123, 1119, 1115, 1111, 1108, 1105, 1101, 1100, 1101, 1102, 1100, 1101, 1105, 1106, 0, 0, 534, 532, 533, 536, 542, 548, 556, 569, 0, 0, 1091, 1095, 1102, 1112, 1120, 1127, 1133, 1138, 1146, 1156, 1163, 1169, 1176, 1186, 1197, 1208, 1222, 1237, 1248, 1259, 1272, 1285, 1295, 1298, 1315, 1337, 1358]
[0, 1160, 1153, 1145, 1145, 1138, 1133, 1128, 1123, 1119, 1114, 1111, 1109, 1105, 1101, 1099, 1101, 1102, 1099, 1101, 1105, 1106, 0, 0, 0, 541, 542, 544, 548, 553, 559, 571, 0, 1130, 1135, 1138, 1144, 1149, 1156, 1127, 1166, 1172, 1176, 1182, 1188, 1196, 1209, 1219, 1229, 1240, 1252, 1265, 1277, 1289, 1303, 1318, 1334, 1350, 1363, 1375, 1388]
[0, 1193, 1184, 1177, 1170, 1138, 1165, 1161, 1157, 1153, 1148, 1144, 1140, 1135, 1136, 1138, 1138, 1139, 1139, 1139, 1139, 1137, 0, 0, 541, 542, 542, 544, 547, 552, 559, 571, 0, 1130, 1134, 1138, 1144, 1150, 0, 1157, 1166, 1172, 1176, 1182, 1188, 1196, 1209, 1219, 1229, 1240, 1252, 1265, 1277, 1289, 1302, 1318, 1334, 1351, 1364, 1375, 1388]
[0, 1195, 1187, 1179, 1172, 1167, 1163, 1158, 1156, 1151, 1145, 1140, 1137, 1136, 1137, 1138, 1140, 1144, 1139, 1141, 1137, 1137, 0, 0, 0, 542, 0, 557, 561, 568, 559, 0, 1161, 1162, 1164, 1168, 1174, 1179, 1185, 1157, 1191, 1209, 1218, 1182, 1224, 1232, 1239, 1245, 1253, 1262, 1270, 1277, 1285, 1294, 1306, 1319, 1332, 1348, 1362, 1371, 1385]
[0, 1212, 1206, 1198, 1191, 1184, 1179, 1173, 1169, 1166, 1163, 1161, 1159, 1156, 1156, 1157, 1155, 1152, 1153, 1151, 1153, 1156, 1135, 0, 0, 542, 0, 556, 559, 565, 0, 0, 1159, 1161, 1165, 1169, 1173, 1177, 1183, 1189, 1196, 1207, 1217, 1223, 1229, 1236, 1244, 1251, 1259, 1268, 1275, 1282, 1292, 1302, 1314, 1327, 1340, 1353, 1365, 1371, 1395]
[0, 1212, 1206, 1198, 1191, 1185, 1179, 1175, 1172, 1167, 1163, 1161, 1160, 1158, 1159, 1158, 1154, 1150, 1152, 1154, 1154, 1157, 1135, 0, 0, 542, 0, 556, 0, 565, 1167, 1170, 1170, 1174, 1178, 1182, 1187, 1191, 1198, 1204, 1209, 1214, 1218, 1223, 1228, 1237, 1244, 1250, 1257, 1264, 1271, 1279, 1287, 1300, 1312, 1324, 1336, 1348, 1360, 1373, 1389]
[0, 1251, 1245, 1236, 1226, 1216, 1210, 1207, 1203, 1199, 1196, 1193, 1189, 1186, 1185, 1182, 1182, 1182, 1152, 1181, 1180, 1181, 1135, 0, 0, 0, 0, 556, 0, 1169, 1170, 1171, 1173, 1177, 1180, 1185, 1191, 1196, 1198, 1202, 1210, 1214, 1216, 1221, 1227, 1235, 1240, 1246, 1255, 1262, 1269, 1277, 1286, 1295, 1306, 1318, 1331, 1347, 1361, 1373, 1387]
[0, 1251, 1245, 1237, 1227, 1219, 1213, 1208, 1205, 1201, 1196, 1194, 1191, 1188, 1185, 1183, 1183, 1183, 1182, 1182, 1183, 1183, 1183, 1183, 1183, 1183, 1185, 1185, 1185, 1187, 1184, 1182, 1184, 1190, 1192, 1193, 1196, 1199, 1202, 1206, 1210, 1213, 1217, 1223, 1229, 1237, 1244, 1251, 1258, 1265, 1272, 1281, 1291, 1302, 1314, 1326, 1338, 1352, 1365, 1379, 1394]
[0, 1252, 1245, 1237, 1225, 1217, 1212, 1209, 1206, 1202, 1197, 1193, 1191, 1190, 1189, 1186, 1182, 1182, 1184, 1184, 1184, 1184, 1183, 1184, 1183, 1183, 1186, 1187, 1187, 1187, 1184, 1183, 1186, 1189, 1192, 1193, 1195, 1197, 1199, 1204, 1209, 1215, 1219, 1223, 1230, 1236, 1243, 1250, 1256, 1263, 1271, 1280, 1287, 1298, 1313, 1325, 1339, 1352, 1363, 1375, 1389]
[0, 1251, 1244, 1236, 1224, 1216, 1212, 1209, 1206, 1206, 1202, 1197, 1193, 1190, 1189, 1187, 1183, 1183, 1184, 1184, 1184, 1184, 1184, 1184, 1184, 1184, 1185, 1186, 1187, 1186, 1185, 1184, 1188, 1191, 1190, 1193, 1197, 1199, 1202, 1206, 1210, 1214, 1219, 1225, 1233, 1238, 1244, 1251, 1258, 1265, 1273, 1282, 1287, 1291, 1313, 1325, 1339, 1339, 1352, 1364, 1378]
[0, 1291, 1280, 1272, 1267, 1263, 1258, 1252, 1246, 1243, 1238, 1234, 1230, 1226, 1224, 1216, 1210, 1205, 1202, 1199, 1196, 1194, 1185, 1185, 1184, 1184, 1186, 1187, 1187, 1187, 1181, 1179, 1187, 1192, 1192, 1193, 1197, 1199, 1202, 1206, 1210, 1214, 1220, 1227, 1233, 1240, 1246, 1251, 1258, 1266, 1273, 1275, 1283, 1291, 1303, 1314, 1326, 1340, 1354, 1365, 1377]
[0, 1325, 1312, 1303, 1294, 1286, 1279, 1274, 1266, 1257, 1247, 1239, 1234, 1230, 1223, 1216, 1210, 1205, 1202, 1199, 1196, 1194, 1185, 1192, 1190, 1187, 1185, 1186, 1183, 1183, 1184, 1183, 1186, 1186, 1189, 1192, 1194, 1196, 1199, 1203, 1208, 1212, 1217, 1222, 1228, 1236, 1242, 1249, 1255, 1262, 1270, 1279, 1286, 1298, 1309, 1319, 1333, 1348, 1361, 1374, 1389]
[0, 1341, 1329, 1315, 1301, 1291, 1284, 1274, 1265, 1258, 1250, 1242, 1235, 1229, 1223, 1216, 1211, 1206, 1201, 1198, 1196, 1192, 1185, 1190, 1190, 1187, 1185, 1185, 1183, 1183, 1184, 1183, 1185, 1187, 1189, 1191, 1193, 1195, 1198, 1202, 1205, 1209, 1216, 1222, 1228, 1235, 1242, 1248, 1255, 1262, 1270, 1278, 1285, 1294, 1306, 1319, 1333, 1347, 1360, 1373, 1388]
[0, 1332, 1320, 1306, 1293, 1284, 1275, 1266, 1257, 1249, 1244, 1242, 1238, 1230, 1222, 1216, 1213, 1206, 1200, 1197, 1195, 1193, 1189, 1188, 1186, 1184, 1184, 1184, 1182, 1182, 1181, 1182, 1183, 1185, 1189, 1187, 1189, 1192, 1194, 1197, 1203, 1207, 1211, 1217, 1226, 1232, 1236, 1241, 1248, 1257, 1264, 1272, 1282, 1291, 1301, 1316, 1328, 1339, 1352, 1364, 1379]
[0, 1341, 1328, 1314, 1300, 1288, 1278, 1271, 1265, 1258, 1249, 1241, 1235, 1227, 1220, 1216, 1211, 1205, 1200, 1198, 1195, 1191, 1189, 1186, 1184, 1184, 1184, 1182, 1181, 1184, 1185, 1184, 1187, 1188, 1188, 1190, 1194, 1195, 1196, 1203, 1209, 1211, 1214, 1220, 1227, 1234, 1240, 1246, 1248, 1251, 1269, 1272, 1275, 1285, 1293, 1305, 1320, 1335, 1346, 1359, 1376]
[0, 1333, 1319, 1305, 1293, 1284, 1276, 1266, 1258, 1258, 1250, 1244, 1237, 1230, 1222, 1216, 1213, 1206, 1201, 1198, 1195, 1192, 1189, 1187, 1185, 1184, 1182, 1181, 1182, 1182, 1185, 1182, 1182, 1184, 1185, 1187, 1189, 1193, 1194, 1197, 1201, 1206, 1211, 1217, 1222, 1227, 1235, 1241, 1248, 1256, 1264, 1272, 1282, 1290, 1300, 1312, 1324, 1338, 1352, 1364, 1379]
[0, 1340, 1325, 1311, 1298, 1286, 1278, 1271, 1264, 1257, 1248, 1240, 1233, 1227, 1220, 1215, 1210, 1205, 1200, 1197, 1194, 1191, 1189, 1186, 1184, 1184, 1183, 1181, 1181, 1183, 1183, 1183, 1186, 1188, 1188, 1190, 1193, 1195, 1196, 1202, 1207, 1209, 1214, 1219, 1227, 1234, 1240, 1241, 1251, 1261, 1264, 1268, 1275, 1285, 1294, 1305, 1320, 1334, 1346, 1359, 1375]
[0, 1335, 1321, 1307, 1295, 1284, 1273, 1266, 1259, 1251, 1244, 1238, 1232, 1226, 1218, 1211, 1206, 1205, 1202, 1197, 1194, 1191, 1188, 1187, 1186, 1185, 1182, 1180, 1181, 1182, 1183, 1182, 1182, 1184, 1186, 1188, 1191, 1193, 1194, 1197, 1201, 1206, 1211, 1216, 1222, 1228, 1235, 1241, 1248, 1256, 1264, 1271, 1281, 1290, 1299, 1312, 1325, 1338, 1351, 1364, 1378]
[0, 1335, 1325, 1312, 1300, 1288, 1278, 1271, 1264, 1256, 1248, 1241, 1235, 1226, 1220, 1215, 1210, 1205, 1200, 1197, 1195, 1192, 1187, 1184, 1183, 1182, 1183, 1184, 1182, 1178, 1179, 1182, 1181, 1183, 1187, 1192, 1191, 1192, 1196, 1198, 1201, 1208, 1216, 1220, 1223, 1230, 1237, 1243, 1250, 1259, 1266, 1273, 1282, 1293, 1304, 1315, 1328, 1342, 1356, 1370, 1378]
[0, 1326, 1312, 1300, 1300, 1288, 1279, 1271, 1263, 1255, 1248, 1241, 1235, 1229, 1222, 1216, 1210, 1204, 1200, 1194, 1192, 1190, 1188, 1187, 1185, 1183, 1182, 1181, 1181, 1181, 1181, 1181, 1184, 1183, 1186, 1187, 1189, 1192, 1194, 1197, 1201, 1205, 1210, 1216, 1221, 1227, 1235, 1241, 1248, 1256, 1264, 1271, 1278, 1287, 1300, 1312, 1324, 1337, 1351, 1363, 1378]
[0, 1338, 1325, 1311, 1298, 1286, 1278, 1270, 1263, 1255, 1247, 1240, 1233, 1226, 1219, 1214, 1207, 1201, 1197, 1194, 1193, 1189, 1188, 1187, 1184, 1182, 1181, 1181, 1179, 1179, 1180, 1181, 1182, 1184, 1186, 1187, 1191, 1193, 1194, 1195, 1199, 1204, 1210, 1215, 1220, 1225, 1232, 1239, 1246, 1255, 1263, 1270, 1277, 1286, 1299, 1311, 1323, 1337, 1350, 1363, 1375]
[0, 1335, 1322, 1307, 1294, 1286, 1278, 1270, 1262, 1255, 1247, 1240, 1233, 1226, 1219, 1213, 1207, 1202, 1197, 1194, 1193, 1189, 1187, 1186, 1185, 1184, 1181, 1181, 1179, 1179, 1181, 1182, 1184, 1185, 1185, 1187, 1191, 1193, 1193, 1196, 1200, 1205, 1210, 1215, 1219, 1226, 1233, 1240, 1248, 1254, 1261, 1270, 1278, 1286, 1296, 1308, 1323, 1336, 1350, 1363, 1378]
[0, 1335, 1322, 1307, 1294, 1286, 1278, 1270, 1260, 1253, 1246, 1239, 1232, 1226, 1219, 1211, 1204, 1202, 1197, 1195, 1194, 1190, 1187, 1185, 1184, 1184, 1181, 1182, 1179, 1177, 1178, 1181, 1181, 1183, 1186, 1187, 1190, 1192, 1193, 1196, 1201, 1205, 1209, 1214, 1219, 1226, 1233, 1240, 1248, 1254, 1261, 1269, 1277, 1286, 1295, 1308, 1323, 1336, 1350, 1364, 1378]
[0, 1324, 1311, 1298, 1294, 1287, 1279, 1271, 1262, 1255, 1247, 1239, 1234, 1225, 1219, 1213, 1207, 1202, 1198, 1194, 1190, 1188, 1186, 1184, 1181, 1182, 1181, 1181, 1177, 1177, 1179, 1180, 1179, 1183, 1184, 1185, 1190, 1191, 1193, 1196, 1201, 1204, 1208, 1214, 1220, 1225, 1231, 1239, 1247, 1254, 1261, 1269, 1278, 1287, 1296, 1308, 1323, 1336, 1350, 1365, 1379]
[0, 1328, 1312, 1302, 1292, 1280, 1272, 1265, 1257, 1249, 1247, 1243, 1237, 1229, 1221, 1215, 1210, 1203, 1200, 1197, 1194, 1192, 1187, 1183, 1179, 1177, 1177, 1180, 1178, 1178, 1179, 1180, 1181, 1183, 1184, 1185, 1190, 1192, 1195, 1196, 1199, 1202, 1205, 1211, 1216, 1223, 1230, 1236, 1243, 1251, 1264, 1273, 1281, 1294, 1306, 1320, 1336, 1349, 1362, 1379, 1395]
[0, 1331, 1320, 1306, 1292, 1283, 1275, 1266, 1259, 1250, 1243, 1237, 1228, 1222, 1216, 1209, 1204, 1202, 1198, 1192, 1189, 1188, 1188, 1185, 1184, 1183, 1180, 1177, 1174, 1175, 1176, 1180, 1182, 1183, 1185, 1184, 1187, 1191, 1195, 1198, 1200, 1204, 1209, 1215, 1221, 1228, 1236, 1243, 1251, 1258, 1267, 1276, 1287, 1300, 1317, 1334, 1336, 1346, 1358, 1375, 1389]
[0, 1323, 1310, 1298, 1287, 1283, 1270, 1266, 1262, 1255, 1247, 1239, 1234, 1226, 1219, 1213, 1207, 1202, 1199, 1197, 1194, 1191, 1186, 1185, 1183, 1181, 1179, 1177, 1177, 1177, 1179, 1179, 1179, 1180, 1181, 1185, 1189, 1191, 1193, 1196, 1200, 1204, 1208, 1214, 1219, 1226, 1235, 1245, 1254, 1264, 1274, 1283, 1293, 1305, 1317, 1326, 1336, 1351, 1369, 1384, 1398]
[0, 1337, 1321, 1308, 1296, 1287, 1278, 1270, 1262, 1254, 1247, 1239, 1233, 1225, 1218, 1214, 1208, 1203, 1199, 1195, 1190, 1189, 1188, 1185, 1181, 1179, 1177, 1176, 1175, 1174, 1174, 1177, 1179, 1180, 1182, 1185, 1187, 1190, 1194, 1197, 1201, 1206, 1209, 1217, 1225, 1232, 1240, 1249, 1254, 1272, 1274, 1280, 1289, 1301, 1314, 1323, 1331, 1343, 1359, 1375, 1391]
[0, 1334, 1320, 1306, 1294, 1284, 1275, 1264, 1257, 1250, 1241, 1235, 1229, 1222, 1217, 1211, 1204, 1199, 1195, 1193, 1190, 1188, 1187, 1183, 1182, 1182, 1180, 1180, 1181, 1183, 1185, 1188, 1196, 1198, 1200, 1185, 1204, 1206, 1209, 1211, 1214, 1219, 1224, 1229, 1235, 1240, 1246, 1251, 1259, 1267, 1272, 1281, 1291, 1300, 1312, 1324, 1333, 1346, 1362, 1379, 1394]
[0, 1323, 1310, 1298, 1287, 1277, 1275, 1269, 1261, 1255, 1247, 1239, 1230, 1222, 1219, 1213, 1207, 1202, 1198, 1198, 1195, 1190, 1187, 1187, 1182, 1188, 1189, 1193, 1195, 1196, 1196, 1194, 1196, 1199, 1199, 1202, 1204, 1207, 1209, 1211, 1215, 1220, 1225, 1231, 1236, 1243, 1249, 1253, 1259, 1268, 1276, 1286, 1297, 1306, 1317, 1329, 1340, 1351, 1369, 1385, 1398]
[0, 1327, 1313, 1303, 1292, 1281, 1273, 1266, 1258, 1250, 1243, 1236, 1229, 1224, 1218, 1216, 1214, 1202, 1210, 1207, 1207, 1206, 1188, 1189, 1192, 1193, 1195, 1195, 1194, 1196, 1195, 1195, 1198, 1198, 1201, 1204, 1206, 1210, 1211, 1214, 1219, 1220, 1225, 1229, 1233, 1239, 1246, 1251, 1258, 1264, 1272, 1280, 1291, 1299, 1309, 1323, 1331, 1344, 1361, 1375, 1392]
[0, 1326, 1313, 1303, 1294, 1287, 1281, 1275, 1268, 1263, 1257, 1252, 1244, 1238, 1234, 1216, 1227, 1221, 1217, 1214, 1210, 1206, 1204, 1202, 1201, 1199, 1195, 1194, 1195, 1196, 1197, 1197, 1197, 1197, 1199, 1202, 1204, 1206, 1209, 1213, 1216, 1220, 1223, 1229, 1239, 1245, 1250, 1256, 1262, 1271, 1279, 1288, 1299, 1308, 1319, 1329, 1342, 1358, 1372, 1375, 1386]
[0, 1323, 1310, 1301, 1292, 1284, 1279, 1275, 1269, 1263, 1264, 1255, 1248, 1242, 1237, 1232, 1228, 1222, 1218, 1215, 1208, 1204, 1204, 1202, 1200, 1198, 1197, 1196, 1195, 1195, 1195, 1196, 1197, 1197, 1199, 1202, 1203, 1206, 1209, 1212, 1216, 1220, 1223, 1228, 1237, 1244, 1250, 1256, 1262, 1270, 1277, 1284, 1295, 1304, 1316, 1329, 1342, 1355, 1369, 1386, 1403]
[0, 1341, 1331, 1319, 1309, 1303, 1292, 1282, 1275, 1266, 1259, 1253, 1248, 1242, 1235, 1230, 1225, 1221, 1216, 1211, 1209, 1206, 1202, 1200, 1197, 1194, 1194, 1194, 1194, 1193, 1193, 1195, 1197, 1197, 1197, 1201, 1204, 1208, 1211, 1213, 1217, 1220, 1225, 1228, 1232, 1239, 1245, 1251, 1258, 1264, 1272, 1280, 1290, 1300, 1308, 1321, 1335, 1348, 1360, 1375, 1388]
[0, 1339, 1328, 1317, 1307, 1300, 1294, 1286, 1275, 1265, 1258, 1252, 1247, 1241, 1234, 1229, 1224, 1217, 1212, 1209, 1207, 1204, 1202, 1200, 1199, 1197, 1196, 1194, 1194, 1194, 1194, 1195, 1197, 1198, 1200, 1197, 1199, 1205, 1208, 1211, 1213, 1218, 1224, 1229, 1234, 1240, 1247, 1253, 1257, 1264, 1274, 1283, 1293, 1305, 1316, 1326, 1336, 1351, 1365, 1380, 1398]
[0, 1339, 1327, 1317, 1308, 1299, 1287, 1278, 1271, 1263, 1257, 1252, 1245, 1238, 1233, 1229, 1223, 1217, 1217, 1214, 1210, 1206, 1201, 1200, 1198, 1198, 1195, 1193, 1195, 1196, 1195, 1195, 1194, 1196, 1199, 1206, 1208, 1207, 1209, 1210, 1214, 1219, 1222, 1228, 1235, 1242, 1247, 1253, 1260, 1268, 1276, 1285, 1296, 1304, 1316, 1327, 1338, 1352, 1369, 1385, 1401]
[0, 1349, 1334, 1322, 1310, 1300, 1291, 1283, 1273, 1264, 1258, 1252, 1243, 1238, 1234, 1229, 1224, 1217, 1214, 1211, 1207, 1206, 1203, 1201, 1199, 1198, 1197, 1196, 1195, 1195, 1195, 1196, 1197, 1197, 1199, 1201, 1203, 1206, 1209, 1212, 1216, 1220, 1225, 1230, 1236, 1244, 1250, 1254, 1260, 1267, 1276, 1285, 1295, 1307, 1318, 1328, 1341, 1358, 1369, 1372, 1386]
[0, 1352, 1335, 1323, 1314, 1304, 1295, 1284, 1275, 1266, 1259, 1253, 1247, 1241, 1236, 1232, 1225, 1220, 1215, 1210, 1209, 1206, 1205, 1202, 1199, 1198, 1196, 1194, 1195, 1195, 1194, 1194, 1194, 1196, 1199, 1199, 1201, 1206, 1209, 1208, 1213, 1219, 1222, 1228, 1235, 1242, 1248, 1252, 1259, 1267, 1275, 1285, 1296, 1304, 1315, 1326, 1338, 1352, 1369, 1384, 1398]
[0, 1339, 1328, 1318, 1308, 1298, 1288, 1280, 1271, 1263, 1256, 1251, 1244, 1241, 1237, 1233, 1227, 1221, 1217, 1213, 1209, 1206, 1202, 1199, 1198, 1195, 1194, 1194, 1195, 1193, 1194, 1194, 1196, 1198, 1199, 1197, 1198, 1205, 1208, 1210, 1209, 1212, 1221, 1228, 1234, 1240, 1246, 1251, 1257, 1265, 1275, 1284, 1293, 1302, 1313, 1325, 1336, 1349, 1363, 1380, 1396]
[0, 1350, 1332, 1321, 1312, 1302, 1293, 1284, 1274, 1265, 1258, 1252, 1247, 1241, 1235, 1230, 1224, 1219, 1215, 1209, 1208, 1205, 1204, 1201, 1199, 1198, 1196, 1196, 1195, 1195, 1195, 1196, 1196, 1196, 1199, 1202, 1203, 1205, 1208, 1212, 1215, 1219, 1223, 1227, 1236, 1243, 1249, 1255, 1261, 1268, 1276, 1286, 1295, 1307, 1318, 1328, 1341, 1354, 1369, 1380, 1386]
[0, 1348, 1332, 1320, 1311, 1301, 1292, 1283, 1273, 1265, 1258, 1252, 1246, 1239, 1234, 1229, 1224, 1219, 1214, 1210, 1207, 1205, 1201, 1199, 1198, 1195, 1194, 1196, 1194, 1193, 1194, 1195, 1196, 1197, 1199, 1200, 1202, 1205, 1207, 1209, 1213, 1217, 1221, 1238, 1244, 1240, 1247, 1252, 1257, 1265, 1274, 1284, 1293, 1304, 1315, 1325, 1335, 1349, 1363, 1380, 1393]
[0, 1345, 1333, 1320, 1309, 1300, 1288, 1275, 1269, 1264, 1257, 1250, 1244, 1237, 1233, 1228, 1223, 1217, 1214, 1214, 1211, 1206, 1202, 1199, 1198, 1195, 1194, 1196, 1194, 1193, 1195, 1195, 1196, 1197, 1199, 1200, 1202, 1205, 1207, 1213, 1215, 1220, 1225, 1227, 1233, 1240, 1246, 1253, 1258, 1265, 1274, 1284, 1293, 1303, 1315, 1324, 1335, 1350, 1365, 1380, 1393]
[0, 1339, 1326, 1317, 1307, 1299, 1288, 1278, 1270, 1263, 1256, 1250, 1248, 1242, 1237, 1232, 1226, 1221, 1216, 1211, 1208, 1204, 1203, 1201, 1199, 1198, 1196, 1195, 1195, 1195, 1195, 1195, 1198, 1199, 1199, 1199, 1201, 1205, 1207, 1211, 1215, 1219, 1222, 1228, 1236, 1242, 1247, 1253, 1261, 1268, 1275, 1284, 1295, 1305, 1315, 1327, 1339, 1353, 1369, 1384, 1396]
[0, 1349, 1333, 1321, 1311, 1301, 1292, 1282, 1272, 1264, 1258, 1251, 1245, 1239, 1233, 1227, 1221, 1217, 1212, 1207, 1204, 1204, 1201, 1199, 1197, 1197, 1196, 1194, 1193, 1192, 1194, 1196, 1196, 1197, 1197, 1199, 1202, 1205, 1208, 1212, 1216, 1219, 1224, 1230, 1237, 1243, 1248, 1253, 1261, 1268, 1271, 1279, 1288, 1299, 1307, 1319, 1330, 1342, 1358, 1373, 1387]
