[0, 0, 0, 0, 0, 0, 0, 0, 0, 0, 0, 0, 0, 0, 0, 0, 0, 0, 0, 0, 0, 0, 0, 0, 0, 0, 0, 0, 0, 0, 0, 0, 0, 0, 0, 0, 0, 0, 0, 0, 0, 0, 0, 0, 0, 0, 0, 0, 0, 0, 0, 0, 0, 0, 0, 0, 0, 0, 0, 0, 0]
[0, 533, 528, 524, 521, 518, 514, 512, 512, 509, 507, 503, 501, 499, 497, 495, 494, 492, 490, 481, 467, 457, 451, 451, 444, 443, 443, 443, 443, 445, 447, 449, 454, 459, 468, 0, 0, 492, 495, 496, 498, 500, 503, 506, 509, 511, 514, 517, 522, 526, 529, 534, 538, 543, 547, 553, 559, 564, 570, 577, 584]
[0, 534, 530, 526, 522, 518, 515, 512, 510, 509, 507, 505, 502, 499, 497, 495, 494, 492, 490, 485, 0, 459, 453, 447, 444, 444, 443, 443, 443, 445, 448, 450, 454, 459, 468, 0, 0, 493, 495, 497, 499, 500, 503, 506, 508, 511, 514, 517, 521, 525, 529, 534, 539, 543, 549, 554, 559, 564, 570, 577, 586]
[0, 536, 531, 527, 524, 520, 515, 511, 509, 506, 503, 501, 500, 498, 496, 495, 492, 491, 490, 490, 0, 461, 453, 448, 444, 444, 443, 442, 443, 445, 447, 449, 453, 458, 468, 0, 0, 493, 495, 496, 498, 500, 503, 506, 509, 511, 514, 518, 522, 526, 529, 533, 538, 543, 547, 553, 558, 564, 570, 577, 584]
[0, 536, 531, 527, 523, 519, 515, 511, 509, 507, 504, 501, 500, 498, 496, 495, 494, 492, 491, 488, 0, 460, 453, 447, 445, 443, 443, 443, 443, 444, 450, 449, 458, 458, 468, 0, 493, 493, 494, 498, 498, 500, 502, 508, 509, 511, 513, 516, 520, 524, 528, 532, 537, 542, 547, 552, 558, 563, 569, 577, 584]
[0, 535, 531, 526, 523, 519, 515, 512, 510, 508, 505, 502, 499, 498, 498, 494, 494, 492, 491, 487, 0, 460, 453, 447, 445, 443, 443, 443, 443, 445, 450, 453, 458, 458, 468, 0, 493, 494, 0, 496, 498, 500, 502, 505, 508, 511, 514, 517, 520, 524, 528, 533, 537, 542, 547, 552, 558, 563, 569, 577, 584]
[0, 537, 532, 528, 524, 520, 516, 513, 510, 508, 506, 504, 501, 498, 497, 496, 493, 492, 490, 487, 0, 461, 454, 448, 445, 443, 443, 443, 445, 447, 450, 450, 453, 458, 468, 0, 492, 494, 496, 498, 498, 500, 502, 505, 508, 511, 513, 516, 520, 524, 528, 532, 537, 542, 547, 552, 558, 563, 569, 577, 584]
[0, 536, 532, 528, 523, 520, 515, 512, 510, 507, 505, 502, 500, 498, 498, 495, 493, 493, 491, 490, 0, 460, 452, 447, 445, 443, 443, 443, 445, 447, 449, 450, 452, 457, 468, 0, 493, 495, 496, 498, 500, 503, 502, 508, 511, 511, 513, 516, 520, 524, 528, 533, 537, 541, 546, 552, 558, 563, 568, 576, 584]
[0, 539, 532, 535, 531, 527, 524, 521, 518, 515, 512, 510, 508, 506, 504, 503, 501, 499, 491, 0, 472, 460, 451, 446, 445, 443, 443, 443, 443, 447, 450, 450, 458, 457, 468, 0, 493, 495, 496, 0, 498, 503, 502, 506, 511, 511, 514, 517, 521, 525, 530, 534, 538, 543, 548, 553, 558, 565, 572, 580, 587]
[0, 540, 536, 532, 531, 528, 524, 521, 519, 516, 513, 510, 508, 507, 504, 502, 501, 499, 0, 0, 461, 460, 452, 447, 444, 443, 443, 443, 445, 447, 449, 452, 456, 457, 468, 0, 0, 502, 504, 507, 509, 511, 513, 516, 519, 522, 525, 529, 534, 538, 542, 534, 551, 543, 556, 561, 573, 565, 581, 588, 593]
[0, 541, 537, 533, 529, 526, 523, 520, 517, 514, 513, 509, 508, 506, 504, 503, 501, 500, 499, 0, 466, 456, 449, 446, 445, 444, 443, 443, 444, 446, 448, 451, 455, 460, 468, 0, 0, 502, 504, 506, 508, 510, 512, 515, 518, 522, 525, 528, 532, 538, 542, 545, 550, 555, 560, 565, 572, 579, 586, 593, 600]
[0, 539, 537, 535, 531, 527, 524, 521, 518, 515, 512, 510, 508, 506, 504, 503, 501, 499, 499, 473, 466, 461, 452, 446, 445, 444, 443, 442, 443, 445, 450, 451, 453, 458, 468, 0, 0, 503, 0, 505, 508, 510, 512, 514, 517, 520, 523, 527, 531, 535, 540, 544, 549, 553, 558, 563, 568, 575, 583, 590, 597]
[0, 542, 537, 533, 529, 525, 523, 519, 517, 514, 512, 510, 507, 505, 504, 503, 501, 500, 495, 0, 465, 455, 449, 446, 444, 443, 443, 443, 445, 446, 448, 451, 456, 461, 468, 0, 0, 504, 505, 506, 509, 511, 513, 516, 519, 522, 525, 529, 533, 538, 542, 546, 550, 555, 560, 563, 566, 579, 583, 593, 600]
[0, 542, 539, 535, 531, 527, 524, 521, 518, 515, 512, 510, 509, 507, 504, 503, 501, 500, 0, 0, 0, 459, 452, 447, 444, 443, 443, 442, 443, 445, 447, 450, 453, 458, 468, 0, 502, 504, 503, 505, 508, 511, 512, 515, 518, 521, 524, 527, 531, 536, 540, 544, 549, 553, 559, 564, 569, 576, 584, 591, 597]
[0, 542, 538, 534, 530, 526, 523, 521, 518, 515, 512, 513, 511, 508, 506, 503, 502, 501, 0, 476, 463, 454, 452, 445, 444, 443, 443, 443, 445, 447, 449, 452, 456, 464, 468, 0, 0, 503, 504, 507, 509, 511, 514, 516, 519, 522, 525, 529, 531, 534, 538, 542, 547, 551, 556, 561, 566, 573, 581, 588, 593]
[0, 540, 536, 532, 530, 525, 522, 521, 519, 516, 514, 512, 509, 507, 505, 504, 502, 501, 0, 476, 473, 461, 452, 447, 444, 444, 443, 442, 443, 445, 448, 451, 454, 459, 468, 0, 0, 503, 506, 508, 510, 511, 513, 516, 519, 522, 526, 530, 534, 537, 542, 546, 551, 556, 561, 567, 572, 579, 587, 594, 600]
[0, 543, 535, 532, 531, 527, 525, 523, 520, 516, 513, 511, 509, 506, 504, 503, 502, 500, 0, 0, 473, 459, 452, 446, 445, 443, 443, 443, 444, 446, 448, 451, 454, 460, 468, 0, 0, 505, 506, 508, 510, 513, 515, 517, 520, 523, 525, 530, 534, 538, 544, 548, 552, 557, 563, 569, 574, 581, 589, 595, 602]
[0, 543, 535, 539, 535, 532, 528, 525, 522, 520, 518, 515, 513, 511, 509, 508, 506, 505, 0, 0, 468, 457, 450, 446, 444, 443, 442, 443, 445, 447, 449, 451, 456, 460, 468, 0, 0, 504, 507, 509, 511, 513, 515, 518, 521, 524, 527, 531, 536, 540, 544, 548, 553, 558, 563, 569, 575, 581, 589, 595, 604]
[0, 543, 543, 539, 535, 532, 528, 525, 522, 520, 518, 515, 513, 511, 509, 508, 506, 505, 0, 0, 0, 457, 450, 446, 444, 442, 442, 443, 444, 447, 450, 453, 456, 460, 468, 0, 0, 510, 511, 513, 516, 518, 521, 524, 521, 530, 527, 533, 542, 546, 544, 555, 553, 559, 564, 569, 575, 583, 589, 596, 603]
[0, 545, 541, 536, 532, 530, 526, 523, 520, 520, 518, 516, 514, 512, 511, 508, 506, 505, 0, 475, 0, 461, 452, 448, 444, 442, 442, 443, 445, 447, 450, 453, 456, 460, 468, 0, 0, 509, 511, 513, 515, 517, 520, 523, 526, 530, 533, 537, 541, 546, 550, 555, 559, 564, 568, 569, 575, 589, 589, 596, 603]
[0, 549, 545, 541, 538, 534, 531, 528, 525, 523, 521, 518, 515, 513, 512, 510, 506, 509, 501, 0, 0, 455, 449, 445, 444, 443, 443, 442, 443, 446, 448, 450, 454, 459, 468, 0, 0, 509, 510, 512, 515, 517, 520, 522, 525, 528, 532, 535, 539, 543, 547, 551, 556, 561, 567, 573, 579, 586, 593, 600, 607]
[0, 554, 550, 541, 547, 543, 539, 535, 533, 531, 528, 526, 523, 522, 520, 518, 516, 513, 0, 0, 0, 457, 450, 445, 442, 441, 442, 443, 444, 447, 450, 450, 457, 459, 468, 0, 0, 512, 514, 517, 520, 521, 524, 526, 529, 532, 536, 541, 545, 549, 554, 558, 562, 568, 573, 573, 586, 593, 599, 606, 614]
[0, 554, 550, 547, 547, 543, 539, 536, 533, 531, 528, 526, 523, 522, 520, 518, 516, 514, 0, 0, 0, 457, 450, 445, 440, 438, 437, 437, 439, 441, 445, 450, 456, 461, 468, 0, 0, 0, 522, 524, 525, 528, 531, 534, 537, 540, 543, 547, 552, 557, 560, 564, 569, 574, 581, 587, 593, 600, 607, 614, 621]
[0, 561, 557, 553, 550, 546, 543, 540, 537, 534, 531, 529, 527, 525, 523, 521, 520, 0, 0, 0, 0, 454, 447, 442, 440, 438, 437, 437, 438, 441, 445, 450, 455, 460, 468, 0, 0, 0, 522, 523, 525, 528, 531, 534, 537, 540, 543, 547, 551, 555, 560, 564, 569, 575, 581, 587, 593, 599, 606, 614, 621]
[0, 563, 559, 555, 552, 549, 545, 542, 537, 537, 531, 534, 532, 530, 528, 526, 525, 523, 0, 475, 461, 450, 447, 444, 439, 437, 436, 437, 437, 439, 443, 450, 456, 460, 468, 0, 0, 0, 526, 528, 530, 533, 535, 538, 541, 545, 549, 553, 557, 561, 565, 570, 575, 581, 587, 593, 593, 600, 613, 614, 629]
[0, 568, 559, 564, 561, 558, 555, 552, 549, 546, 543, 541, 539, 537, 535, 533, 532, 0, 0, 0, 0, 455, 447, 442, 441, 438, 436, 435, 435, 436, 438, 442, 448, 457, 468, 0, 0, 529, 526, 531, 534, 536, 538, 541, 544, 547, 551, 555, 559, 563, 567, 572, 578, 583, 589, 595, 602, 608, 615, 622, 629]
[0, 571, 567, 563, 559, 557, 554, 550, 549, 544, 542, 540, 539, 537, 535, 534, 533, 523, 0, 474, 0, 0, 449, 444, 439, 437, 436, 435, 435, 435, 437, 441, 447, 457, 468, 0, 0, 0, 538, 540, 542, 545, 548, 551, 554, 558, 562, 565, 569, 574, 579, 584, 589, 594, 601, 607, 602, 613, 620, 627, 636]
[0, 569, 567, 564, 561, 558, 555, 552, 549, 546, 543, 541, 539, 537, 535, 534, 532, 523, 0, 0, 0, 455, 447, 442, 440, 438, 436, 435, 435, 435, 436, 438, 444, 451, 468, 0, 0, 0, 0, 539, 541, 544, 547, 549, 552, 556, 559, 563, 566, 571, 576, 582, 587, 592, 597, 604, 611, 617, 624, 633, 641]
[0, 569, 572, 568, 564, 559, 557, 555, 552, 549, 546, 545, 543, 541, 538, 536, 534, 523, 0, 0, 0, 455, 447, 442, 439, 437, 436, 435, 435, 434, 436, 441, 447, 454, 468, 0, 0, 0, 0, 541, 543, 546, 549, 553, 555, 559, 563, 567, 571, 576, 581, 586, 591, 597, 603, 609, 615, 622, 630, 638, 646]
[0, 582, 577, 572, 568, 565, 562, 559, 557, 554, 551, 549, 547, 545, 544, 536, 542, 540, 0, 479, 0, 453, 446, 442, 439, 437, 435, 435, 434, 435, 436, 436, 447, 454, 468, 0, 0, 0, 0, 544, 546, 549, 552, 554, 557, 561, 564, 569, 573, 578, 582, 588, 592, 598, 604, 611, 618, 624, 632, 641, 648]
[0, 581, 576, 571, 568, 564, 561, 559, 557, 556, 553, 550, 549, 547, 544, 542, 541, 0, 0, 474, 0, 453, 449, 444, 439, 437, 435, 436, 434, 434, 434, 436, 441, 448, 456, 0, 0, 0, 0, 550, 552, 555, 558, 561, 564, 567, 571, 575, 573, 585, 582, 595, 592, 600, 612, 611, 618, 625, 632, 641, 649]
[0, 595, 591, 586, 582, 579, 561, 575, 572, 568, 566, 564, 561, 559, 557, 556, 555, 0, 0, 0, 0, 461, 453, 445, 440, 438, 436, 435, 434, 434, 435, 438, 443, 451, 459, 0, 0, 0, 548, 550, 550, 553, 556, 558, 561, 565, 568, 572, 577, 581, 587, 591, 596, 602, 608, 614, 620, 627, 635, 643, 650]
[0, 601, 597, 592, 589, 585, 581, 578, 575, 568, 572, 569, 565, 559, 563, 562, 560, 0, 0, 476, 0, 461, 453, 0, 440, 0, 0, 436, 434, 434, 435, 438, 445, 453, 463, 0, 0, 0, 0, 563, 565, 567, 570, 573, 576, 580, 585, 589, 593, 597, 602, 608, 613, 619, 625, 631, 638, 646, 654, 661, 669]
[0, 607, 602, 598, 594, 590, 586, 583, 580, 577, 575, 572, 570, 568, 563, 566, 565, 563, 0, 480, 0, 461, 0, 0, 0, 0, 0, 435, 434, 434, 435, 438, 444, 452, 462, 0, 0, 0, 0, 0, 575, 0, 579, 582, 586, 589, 592, 595, 599, 604, 610, 615, 621, 628, 634, 642, 648, 655, 662, 669, 678]
[0, 606, 602, 599, 594, 590, 586, 583, 580, 577, 575, 572, 570, 568, 568, 566, 565, 563, 0, 479, 0, 461, 0, 0, 0, 0, 0, 435, 434, 434, 435, 438, 443, 452, 462, 0, 0, 0, 0, 575, 578, 581, 584, 0, 588, 592, 599, 595, 603, 607, 610, 616, 622, 628, 635, 642, 649, 656, 662, 670, 678]
[0, 614, 609, 605, 602, 598, 595, 583, 588, 586, 575, 583, 581, 579, 576, 575, 573, 571, 0, 482, 486, 496, 497, 0, 0, 439, 436, 435, 434, 434, 435, 438, 443, 452, 461, 0, 0, 0, 0, 575, 578, 581, 584, 0, 588, 595, 599, 599, 603, 607, 611, 615, 622, 629, 635, 642, 649, 656, 662, 670, 678]
[0, 614, 610, 606, 602, 598, 595, 592, 588, 586, 584, 583, 582, 579, 576, 575, 573, 572, 0, 483, 486, 495, 497, 0, 0, 0, 436, 435, 434, 434, 435, 438, 444, 453, 461, 0, 0, 0, 0, 0, 585, 588, 591, 593, 597, 600, 604, 608, 612, 617, 623, 628, 635, 642, 648, 654, 660, 668, 676, 684, 693]
[0, 614, 610, 605, 601, 598, 594, 592, 591, 588, 585, 583, 581, 578, 576, 575, 573, 0, 0, 0, 486, 495, 0, 497, 493, 0, 0, 435, 434, 434, 435, 438, 444, 452, 461, 0, 0, 0, 0, 585, 588, 590, 0, 597, 597, 600, 604, 609, 612, 617, 623, 628, 635, 642, 647, 653, 660, 667, 675, 683, 692]
[0, 613, 610, 608, 603, 600, 596, 593, 590, 588, 585, 583, 581, 579, 577, 575, 573, 0, 0, 0, 483, 491, 498, 496, 0, 0, 436, 435, 434, 434, 436, 440, 447, 455, 461, 0, 0, 0, 0, 0, 586, 589, 592, 595, 599, 602, 605, 610, 614, 618, 624, 630, 637, 643, 650, 656, 663, 671, 678, 686, 695]
[0, 637, 632, 627, 622, 618, 615, 612, 608, 605, 603, 600, 599, 597, 595, 593, 573, 592, 0, 502, 506, 511, 510, 503, 0, 0, 438, 435, 434, 434, 434, 436, 441, 457, 461, 0, 0, 0, 581, 584, 587, 590, 593, 596, 599, 603, 607, 611, 615, 621, 627, 633, 639, 645, 651, 656, 658, 665, 680, 690, 695]
[0, 639, 632, 628, 624, 619, 615, 613, 610, 607, 603, 601, 600, 598, 596, 595, 593, 592, 0, 503, 506, 511, 510, 505, 0, 0, 461, 0, 435, 435, 436, 438, 443, 451, 459, 0, 0, 0, 602, 605, 608, 610, 614, 617, 620, 624, 629, 635, 641, 646, 627, 656, 639, 669, 676, 656, 691, 665, 700, 708, 715]
[0, 641, 636, 630, 626, 621, 617, 614, 610, 608, 606, 604, 601, 599, 598, 595, 593, 592, 0, 501, 505, 511, 510, 505, 0, 467, 461, 0, 435, 435, 436, 438, 443, 450, 458, 469, 0, 0, 602, 606, 608, 610, 614, 617, 620, 624, 629, 635, 640, 645, 651, 656, 663, 669, 675, 682, 690, 699, 707, 715, 724]
[0, 641, 636, 630, 625, 621, 617, 614, 610, 607, 605, 604, 601, 598, 596, 595, 593, 592, 0, 502, 506, 511, 510, 505, 0, 469, 461, 0, 436, 434, 435, 438, 442, 448, 457, 469, 0, 0, 602, 606, 609, 610, 614, 616, 619, 624, 629, 635, 641, 646, 650, 656, 662, 668, 676, 683, 690, 698, 707, 714, 722]
[0, 641, 647, 643, 638, 634, 629, 625, 623, 619, 617, 614, 612, 610, 608, 607, 606, 604, 0, 0, 514, 517, 512, 505, 0, 468, 461, 435, 436, 435, 435, 437, 443, 449, 457, 469, 0, 0, 602, 607, 609, 610, 614, 617, 620, 624, 629, 635, 641, 646, 651, 656, 662, 668, 675, 683, 690, 699, 707, 715, 723]
[0, 648, 643, 643, 638, 634, 630, 626, 623, 619, 617, 614, 612, 611, 609, 607, 605, 604, 0, 0, 513, 517, 512, 506, 0, 455, 452, 435, 0, 435, 436, 438, 443, 450, 457, 0, 516, 0, 615, 617, 621, 624, 627, 631, 635, 639, 645, 650, 654, 659, 665, 670, 676, 683, 691, 699, 707, 714, 722, 730, 723]
[0, 665, 661, 657, 652, 647, 645, 641, 637, 634, 631, 629, 627, 625, 623, 621, 605, 619, 0, 520, 523, 519, 510, 506, 0, 457, 456, 0, 436, 435, 438, 438, 448, 450, 457, 0, 0, 0, 614, 617, 620, 622, 626, 630, 634, 638, 644, 648, 653, 659, 664, 670, 675, 682, 689, 698, 705, 712, 720, 729, 738]
[0, 669, 661, 665, 660, 656, 652, 648, 646, 643, 641, 637, 635, 633, 630, 628, 626, 624, 0, 0, 527, 526, 0, 506, 0, 0, 454, 451, 443, 435, 436, 441, 0, 527, 457, 524, 522, 0, 0, 634, 638, 641, 645, 0, 648, 657, 662, 667, 653, 672, 677, 683, 691, 698, 704, 712, 718, 725, 734, 743, 754]
[0, 669, 666, 665, 661, 656, 652, 649, 646, 643, 640, 638, 635, 633, 630, 629, 627, 625, 0, 0, 526, 525, 515, 505, 0, 463, 454, 451, 443, 0, 437, 0, 0, 533, 531, 527, 0, 0, 0, 642, 644, 647, 650, 654, 658, 663, 668, 672, 678, 684, 690, 697, 704, 710, 716, 724, 733, 742, 751, 760, 769]
[0, 674, 669, 663, 659, 654, 650, 648, 646, 643, 643, 640, 637, 635, 632, 630, 628, 626, 0, 526, 526, 0, 515, 508, 0, 463, 0, 453, 443, 0, 436, 440, 0, 533, 532, 527, 0, 0, 0, 642, 644, 647, 650, 653, 658, 663, 667, 673, 677, 683, 689, 696, 703, 708, 715, 724, 731, 738, 749, 759, 768]
[0, 674, 669, 663, 659, 654, 650, 648, 646, 643, 643, 639, 637, 634, 632, 630, 628, 626, 0, 526, 526, 0, 0, 507, 0, 0, 455, 448, 440, 437, 439, 443, 0, 529, 535, 532, 0, 639, 0, 642, 644, 649, 652, 653, 662, 663, 667, 671, 676, 682, 688, 694, 702, 708, 714, 720, 728, 736, 745, 756, 765]
[0, 685, 680, 663, 675, 672, 667, 663, 661, 658, 655, 653, 650, 648, 646, 644, 642, 640, 0, 526, 531, 528, 0, 505, 0, 0, 455, 448, 440, 437, 439, 443, 0, 529, 535, 532, 0, 639, 0, 644, 644, 647, 649, 652, 656, 662, 667, 671, 676, 682, 688, 694, 702, 708, 714, 720, 728, 736, 745, 756, 765]
[0, 691, 680, 685, 679, 675, 672, 668, 665, 663, 660, 658, 655, 653, 650, 647, 646, 645, 0, 0, 532, 528, 0, 506, 0, 466, 466, 0, 452, 437, 441, 443, 0, 0, 542, 541, 0, 0, 0, 654, 657, 660, 663, 667, 671, 676, 680, 686, 692, 699, 705, 711, 716, 723, 731, 739, 748, 757, 766, 775, 785]
[0, 702, 696, 690, 686, 682, 679, 675, 672, 670, 667, 664, 662, 660, 658, 647, 656, 654, 647, 0, 530, 0, 506, 506, 0, 465, 467, 0, 444, 437, 440, 0, 532, 543, 545, 544, 0, 653, 657, 660, 664, 667, 670, 675, 679, 684, 689, 694, 700, 706, 712, 718, 724, 731, 738, 747, 757, 765, 774, 783, 793]
[0, 707, 703, 697, 692, 687, 683, 679, 676, 674, 671, 668, 665, 663, 662, 661, 660, 654, 656, 0, 531, 0, 507, 506, 0, 0, 463, 470, 0, 445, 445, 0, 532, 550, 545, 551, 0, 0, 670, 673, 675, 679, 683, 688, 693, 699, 705, 710, 715, 706, 728, 735, 724, 750, 738, 758, 766, 775, 784, 794, 804]
[0, 705, 699, 694, 692, 684, 683, 681, 678, 675, 672, 669, 667, 665, 663, 662, 660, 659, 656, 0, 531, 530, 0, 507, 0, 0, 462, 470, 0, 446, 446, 0, 532, 551, 553, 551, 0, 0, 673, 675, 677, 681, 685, 690, 694, 699, 705, 710, 715, 721, 728, 734, 742, 750, 758, 766, 766, 774, 795, 794, 804]
[0, 707, 703, 697, 692, 687, 683, 679, 676, 674, 671, 668, 665, 663, 662, 661, 660, 659, 656, 0, 531, 0, 508, 507, 0, 0, 465, 470, 0, 446, 446, 0, 532, 545, 551, 554, 0, 667, 672, 674, 676, 679, 683, 687, 692, 697, 702, 707, 712, 717, 724, 731, 738, 746, 754, 762, 770, 778, 788, 798, 808]
[0, 722, 717, 712, 707, 702, 699, 696, 692, 689, 686, 683, 680, 678, 676, 675, 660, 672, 656, 0, 0, 0, 506, 507, 0, 0, 462, 469, 0, 446, 446, 0, 0, 551, 551, 553, 0, 0, 673, 675, 678, 681, 685, 690, 695, 700, 705, 710, 715, 721, 728, 734, 742, 750, 758, 766, 774, 784, 788, 804, 814]
[0, 728, 722, 716, 712, 708, 704, 701, 698, 694, 692, 689, 687, 685, 676, 682, 679, 672, 677, 0, 0, 0, 505, 0, 0, 0, 466, 468, 475, 483, 446, 0, 0, 551, 570, 0, 682, 685, 689, 692, 695, 699, 702, 707, 711, 715, 720, 727, 733, 740, 747, 754, 761, 768, 776, 786, 796, 804, 814, 804, 824]
[0, 744, 739, 734, 729, 724, 719, 716, 713, 710, 708, 705, 702, 700, 699, 697, 694, 691, 677, 0, 541, 0, 508, 0, 0, 474, 465, 468, 475, 484, 446, 0, 0, 551, 570, 0, 0, 692, 695, 699, 702, 705, 709, 713, 717, 722, 727, 733, 739, 747, 753, 760, 768, 775, 783, 786, 802, 811, 814, 830, 824]
[0, 740, 735, 729, 724, 724, 717, 716, 713, 710, 707, 705, 703, 701, 698, 696, 694, 693, 677, 0, 546, 0, 0, 507, 0, 474, 465, 466, 482, 484, 446, 0, 0, 547, 570, 0, 0, 707, 709, 712, 715, 718, 723, 728, 733, 738, 743, 750, 756, 762, 769, 776, 783, 791, 800, 809, 819, 828, 836, 847, 858]
[0, 748, 743, 738, 733, 729, 725, 716, 718, 710, 715, 712, 710, 708, 706, 704, 703, 701, 0, 0, 542, 0, 516, 511, 0, 467, 465, 472, 473, 484, 446, 0, 0, 547, 0, 703, 0, 709, 0, 712, 714, 718, 721, 727, 732, 737, 742, 747, 754, 761, 767, 774, 781, 789, 798, 807, 816, 824, 834, 844, 855]
[0, 748, 742, 738, 733, 729, 725, 716, 720, 717, 714, 712, 710, 708, 705, 704, 703, 701, 0, 0, 543, 0, 514, 507, 0, 466, 463, 471, 470, 484, 446, 0, 0, 540, 0, 711, 713, 709, 715, 718, 727, 718, 731, 735, 740, 745, 751, 756, 762, 768, 775, 783, 790, 799, 807, 816, 824, 833, 843, 853, 864]
[0, 767, 761, 755, 750, 746, 742, 738, 734, 731, 714, 728, 725, 723, 720, 718, 717, 715, 714, 0, 543, 532, 0, 511, 0, 466, 464, 471, 471, 484, 446, 0, 0, 540, 0, 711, 713, 709, 715, 718, 722, 727, 731, 735, 740, 745, 751, 756, 762, 768, 775, 783, 790, 798, 807, 816, 824, 832, 843, 853, 863]
[0, 775, 769, 764, 758, 754, 750, 747, 743, 740, 737, 734, 732, 729, 727, 725, 723, 715, 722, 0, 536, 0, 505, 511, 0, 468, 463, 468, 471, 484, 446, 0, 0, 535, 0, 726, 730, 733, 735, 739, 744, 748, 752, 757, 763, 745, 774, 780, 762, 786, 794, 809, 817, 798, 825, 832, 840, 852, 864, 872, 881]
[0, 792, 786, 781, 775, 770, 767, 764, 760, 757, 754, 751, 749, 746, 744, 742, 740, 739, 722, 0, 532, 0, 505, 511, 0, 473, 465, 467, 472, 480, 446, 0, 0, 535, 0, 734, 736, 740, 744, 747, 751, 756, 761, 766, 771, 776, 782, 790, 797, 803, 811, 819, 826, 832, 839, 850, 862, 872, 881, 891, 902]
[0, 791, 785, 780, 775, 770, 766, 764, 760, 756, 754, 751, 748, 746, 744, 742, 742, 739, 738, 0, 532, 528, 515, 507, 0, 475, 467, 467, 472, 478, 446, 0, 0, 535, 0, 751, 754, 758, 761, 765, 769, 773, 778, 783, 789, 796, 801, 806, 813, 819, 827, 834, 840, 849, 859, 869, 878, 887, 897, 907, 919]
[0, 790, 784, 779, 773, 769, 765, 764, 758, 756, 755, 753, 751, 748, 745, 743, 741, 739, 738, 0, 0, 0, 509, 507, 0, 472, 466, 468, 473, 474, 446, 0, 0, 0, 0, 752, 756, 759, 762, 765, 770, 775, 780, 785, 792, 797, 803, 809, 816, 823, 829, 835, 843, 852, 862, 870, 878, 888, 898, 907, 909]
[0, 802, 797, 791, 785, 780, 776, 773, 769, 766, 764, 762, 759, 756, 753, 752, 750, 749, 738, 0, 529, 0, 506, 507, 0, 470, 465, 468, 469, 472, 446, 0, 0, 0, 0, 753, 756, 759, 762, 766, 770, 776, 780, 781, 786, 792, 799, 805, 811, 817, 823, 831, 838, 845, 855, 864, 873, 881, 891, 902, 913]
[0, 806, 801, 796, 792, 787, 781, 777, 775, 771, 768, 766, 764, 762, 753, 760, 758, 756, 755, 0, 0, 0, 509, 506, 0, 475, 467, 467, 472, 476, 446, 0, 0, 0, 0, 762, 766, 770, 772, 776, 782, 787, 792, 797, 803, 809, 814, 821, 827, 834, 842, 850, 857, 866, 874, 883, 892, 903, 915, 927, 937]
[0, 831, 825, 820, 815, 810, 807, 803, 798, 794, 793, 790, 787, 785, 784, 783, 781, 779, 778, 0, 0, 0, 511, 506, 0, 473, 467, 468, 472, 475, 446, 0, 0, 0, 0, 768, 771, 775, 779, 783, 787, 793, 798, 804, 810, 815, 821, 826, 832, 839, 846, 856, 857, 864, 871, 878, 887, 896, 907, 920, 931]
[0, 832, 825, 826, 822, 817, 812, 809, 805, 801, 798, 795, 793, 790, 789, 787, 785, 783, 782, 0, 0, 514, 506, 506, 499, 0, 471, 469, 471, 474, 446, 0, 0, 0, 0, 796, 798, 802, 805, 810, 814, 820, 826, 831, 836, 841, 849, 856, 864, 870, 877, 883, 890, 899, 908, 919, 931, 941, 952, 963, 978]
[0, 855, 847, 840, 836, 832, 828, 825, 823, 820, 816, 813, 811, 809, 806, 805, 803, 802, 782, 802, 0, 0, 509, 503, 499, 474, 471, 471, 471, 473, 478, 0, 0, 0, 0, 796, 800, 802, 806, 811, 816, 821, 826, 831, 835, 841, 848, 855, 863, 869, 875, 882, 889, 897, 905, 917, 928, 937, 947, 959, 973]
[0, 856, 849, 841, 836, 833, 829, 825, 823, 820, 817, 813, 811, 809, 806, 805, 803, 802, 782, 802, 0, 0, 510, 503, 496, 485, 475, 472, 473, 477, 478, 0, 0, 529, 0, 818, 822, 825, 829, 833, 836, 841, 847, 854, 861, 867, 871, 877, 885, 891, 898, 906, 915, 925, 935, 944, 954, 965, 979, 991, 1003]
[0, 855, 848, 841, 836, 832, 828, 825, 823, 820, 816, 813, 811, 809, 806, 805, 803, 803, 802, 802, 0, 0, 509, 503, 496, 485, 475, 472, 474, 477, 478, 0, 0, 529, 0, 818, 822, 825, 829, 833, 836, 841, 847, 854, 861, 867, 871, 877, 884, 891, 898, 906, 916, 925, 935, 944, 954, 965, 979, 991, 1003]
[0, 865, 860, 854, 848, 843, 838, 825, 835, 833, 830, 827, 824, 823, 820, 817, 815, 814, 813, 813, 0, 0, 506, 499, 496, 485, 475, 472, 473, 477, 478, 0, 0, 529, 0, 818, 821, 825, 830, 834, 837, 841, 848, 856, 861, 867, 872, 878, 886, 892, 899, 908, 917, 928, 935, 937, 946, 968, 979, 982, 994]
[0, 866, 859, 853, 848, 842, 838, 838, 835, 833, 830, 826, 824, 822, 820, 817, 815, 815, 814, 814, 0, 0, 505, 499, 492, 483, 475, 475, 478, 477, 478, 0, 519, 529, 0, 830, 833, 837, 842, 0, 853, 858, 848, 864, 869, 874, 879, 886, 892, 899, 908, 917, 926, 934, 943, 954, 965, 977, 989, 1000, 1012]
[0, 898, 892, 887, 882, 876, 872, 869, 866, 864, 830, 862, 859, 856, 853, 851, 849, 848, 847, 845, 846, 0, 0, 499, 491, 483, 475, 476, 478, 484, 478, 507, 520, 529, 0, 831, 833, 834, 842, 0, 848, 854, 859, 865, 869, 874, 879, 886, 892, 900, 909, 917, 926, 935, 943, 953, 965, 977, 989, 1000, 1013]
[0, 907, 900, 894, 889, 884, 880, 875, 871, 869, 868, 866, 859, 864, 862, 860, 858, 856, 855, 854, 854, 0, 0, 502, 491, 486, 483, 482, 478, 484, 0, 512, 520, 0, 865, 868, 871, 874, 877, 882, 886, 892, 859, 902, 908, 874, 924, 932, 892, 939, 946, 954, 963, 974, 986, 996, 1006, 1017, 1030, 1043, 1056]
[0, 906, 900, 894, 889, 884, 880, 875, 872, 869, 870, 868, 866, 864, 861, 860, 858, 856, 855, 854, 854, 0, 0, 501, 494, 488, 487, 483, 478, 484, 0, 518, 0, 869, 872, 874, 878, 881, 885, 890, 895, 900, 905, 911, 917, 924, 931, 938, 944, 951, 960, 972, 984, 974, 994, 1004, 1014, 1025, 1037, 1051, 1066]
[0, 908, 902, 897, 891, 885, 880, 876, 874, 871, 869, 866, 864, 862, 861, 859, 857, 855, 853, 854, 854, 0, 0, 0, 493, 488, 486, 0, 478, 484, 0, 518, 0, 869, 872, 874, 877, 881, 885, 889, 894, 899, 905, 911, 917, 924, 932, 938, 944, 952, 960, 961, 972, 984, 994, 1003, 1013, 1025, 1038, 1052, 1067]
[0, 907, 900, 895, 890, 885, 885, 880, 877, 873, 871, 870, 868, 866, 864, 862, 860, 860, 858, 857, 857, 0, 0, 0, 496, 490, 487, 483, 478, 484, 0, 514, 0, 0, 871, 873, 877, 880, 883, 888, 892, 898, 904, 909, 915, 922, 930, 937, 944, 951, 959, 969, 980, 991, 1001, 1010, 1021, 1035, 1048, 1063, 1077]
[0, 945, 941, 936, 928, 922, 918, 914, 910, 905, 901, 899, 896, 895, 894, 892, 890, 888, 887, 888, 888, 888, 0, 499, 493, 490, 489, 488, 478, 484, 0, 514, 0, 871, 874, 878, 880, 884, 888, 888, 893, 898, 903, 908, 915, 922, 929, 937, 944, 951, 958, 969, 980, 991, 1001, 1011, 1023, 1034, 1046, 1061, 1076]
[0, 953, 947, 942, 937, 922, 932, 927, 923, 918, 915, 912, 910, 908, 906, 904, 902, 901, 900, 899, 899, 899, 0, 499, 0, 504, 502, 503, 505, 510, 521, 0, 904, 901, 904, 907, 912, 917, 922, 927, 932, 936, 941, 948, 955, 961, 969, 977, 985, 993, 1003, 1013, 1021, 1031, 1043, 1055, 1068, 1080, 1094, 1110, 1127]
[0, 972, 962, 956, 951, 945, 941, 938, 934, 930, 927, 924, 921, 920, 919, 916, 902, 915, 915, 914, 914, 914, 915, 499, 0, 504, 506, 509, 0, 523, 0, 913, 914, 917, 922, 925, 930, 934, 922, 941, 932, 953, 941, 959, 965, 972, 981, 991, 998, 1005, 1014, 1023, 1032, 1044, 1054, 1066, 1079, 1091, 1106, 1121, 1138]
[0, 983, 975, 968, 961, 956, 951, 947, 944, 940, 937, 934, 932, 930, 928, 926, 925, 924, 924, 924, 924, 924, 915, 499, 0, 516, 512, 515, 520, 528, 0, 927, 931, 934, 937, 940, 943, 947, 952, 958, 963, 970, 978, 985, 992, 999, 1007, 1016, 1025, 1033, 1043, 1054, 1066, 1076, 1086, 1099, 1113, 1128, 1146, 1161, 1175]
[0, 985, 977, 969, 963, 958, 952, 948, 945, 940, 937, 935, 933, 930, 928, 927, 926, 924, 924, 924, 923, 923, 924, 499, 0, 0, 517, 517, 521, 531, 0, 935, 937, 939, 942, 945, 949, 953, 956, 961, 969, 976, 982, 989, 995, 1002, 1010, 1018, 1026, 1035, 1044, 1054, 1064, 1076, 1087, 1100, 1113, 1126, 1142, 1158, 1171]
[0, 991, 984, 969, 978, 972, 967, 960, 955, 952, 949, 946, 943, 940, 939, 939, 938, 937, 936, 936, 936, 936, 925, 499, 0, 0, 517, 517, 528, 0, 934, 937, 939, 939, 946, 950, 949, 952, 955, 961, 967, 974, 981, 988, 996, 1001, 1008, 1017, 1026, 1034, 1042, 1052, 1064, 1075, 1086, 1098, 1111, 1126, 1142, 1157, 1171]
[0, 996, 989, 981, 975, 969, 962, 957, 954, 951, 948, 946, 944, 941, 940, 939, 938, 937, 936, 937, 936, 936, 936, 938, 0, 0, 0, 529, 528, 0, 946, 948, 952, 955, 958, 962, 967, 952, 972, 979, 984, 989, 996, 1001, 1008, 1016, 1024, 1033, 1041, 1049, 1059, 1070, 1080, 1090, 1102, 1116, 1131, 1146, 1159, 1173, 1185]
[0, 1022, 1015, 1008, 1002, 996, 993, 989, 985, 982, 948, 976, 944, 973, 969, 967, 967, 967, 968, 968, 967, 967, 936, 936, 0, 0, 527, 526, 535, 0, 943, 946, 950, 953, 956, 960, 964, 969, 974, 981, 986, 992, 998, 1004, 1012, 1020, 1028, 1036, 1044, 1053, 1062, 1072, 1082, 1094, 1108, 1122, 1136, 1151, 1164, 1177, 1192]
[0, 1034, 1028, 1022, 1016, 1010, 1004, 999, 995, 991, 989, 986, 983, 980, 978, 975, 974, 975, 973, 974, 975, 976, 970, 970, 971, 973, 974, 978, 982, 982, 986, 989, 993, 997, 1000, 1002, 1007, 1013, 1018, 1023, 1029, 1034, 1041, 1049, 1057, 1065, 1074, 1083, 1091, 1101, 1062, 1112, 1139, 1094, 1165, 1122, 1176, 1190, 1204, 1221, 1240]
[0, 1035, 1027, 1020, 1014, 1007, 1002, 1000, 996, 993, 990, 986, 988, 985, 983, 982, 981, 980, 979, 979, 979, 978, 977, 978, 978, 979, 981, 985, 987, 982, 987, 990, 995, 997, 1000, 1003, 1006, 1011, 1017, 1021, 1027, 1034, 1040, 1046, 1054, 1061, 1068, 1078, 1086, 1096, 1107, 1119, 1132, 1146, 1159, 1170, 1184, 1199, 1214, 1229, 1245]
[0, 1080, 1073, 1066, 1058, 1053, 1048, 1043, 1038, 1035, 1032, 1029, 1025, 1022, 1020, 1021, 1020, 1019, 1019, 1018, 1018, 1019, 980, 982, 982, 984, 987, 990, 992, 994, 997, 999, 1002, 1004, 1007, 1011, 1015, 1022, 1029, 1035, 1040, 1046, 1054, 1060, 1069, 1077, 1085, 1094, 1105, 1116, 1127, 1142, 1155, 1167, 1179, 1170, 1208, 1225, 1214, 1244, 1262]
[0, 1105, 1097, 1091, 1085, 1080, 1075, 1071, 1068, 1063, 1060, 1056, 1025, 1053, 1051, 1050, 1049, 1047, 1045, 1046, 1047, 1048, 1020, 1020, 1022, 1024, 1026, 1028, 1030, 1033, 1036, 1040, 1043, 1004, 1045, 1047, 1052, 1057, 1062, 1069, 1075, 1080, 1088, 1096, 1104, 1114, 1124, 1132, 1141, 1150, 1161, 1173, 1184, 1198, 1213, 1228, 1242, 1257, 1272, 1289, 1308]
[0, 1105, 1102, 1094, 1088, 1082, 1076, 1073, 1069, 1065, 1062, 1058, 1055, 1053, 1050, 1047, 1048, 1049, 1048, 1048, 1048, 1049, 1048, 1049, 1052, 1053, 1054, 1056, 1056, 1059, 1062, 1065, 1068, 1071, 1075, 1079, 1084, 1090, 1098, 1106, 1115, 1125, 1136, 1147, 1156, 1160, 1164, 1171, 1179, 1194, 1206, 1217, 1232, 1248, 1261, 1272, 1285, 1303, 1325, 1345, 1365]
[0, 1123, 1115, 1109, 1102, 1082, 1092, 1073, 1087, 1083, 1080, 1076, 1073, 1072, 1072, 1069, 1067, 1066, 1066, 1067, 1066, 1066, 1050, 1051, 1054, 1056, 1056, 1056, 1058, 1061, 1064, 1067, 1069, 1071, 1075, 1079, 1080, 1086, 1093, 1100, 1108, 1119, 1130, 1138, 1147, 1158, 1164, 1168, 1178, 1186, 1195, 1211, 1225, 1237, 1252, 1266, 1280, 1294, 1312, 1333, 1352]
[0, 1140, 1133, 1126, 1119, 1113, 1109, 1105, 1100, 1083, 1094, 1089, 1087, 1085, 1083, 1081, 1081, 1080, 1080, 1080, 1079, 1080, 1067, 1068, 1070, 1072, 1072, 1074, 1076, 1080, 1086, 1088, 1089, 1093, 1098, 1103, 1109, 1119, 1127, 1133, 1141, 1151, 1160, 1138, 1165, 1170, 1188, 1168, 1201, 1212, 1221, 1234, 1248, 1258, 1269, 1282, 1297, 1314, 1334, 1353, 1372]
[0, 1141, 1134, 1128, 1121, 1115, 1109, 1104, 1100, 1097, 1094, 1089, 1086, 1086, 1085, 1083, 1081, 1080, 1080, 1080, 1079, 1079, 1081, 1082, 1087, 1087, 1089, 1097, 1101, 1105, 1107, 1108, 1110, 1112, 1117, 1122, 1126, 1133, 1139, 1145, 1155, 1165, 1172, 1178, 1186, 1193, 1202, 1168, 1212, 1223, 1250, 1234, 1262, 1274, 1285, 1298, 1316, 1335, 1351, 1367, 1385]
[0, 1171, 1166, 1161, 1155, 1149, 1143, 1137, 1100, 1134, 1128, 1124, 1121, 1118, 1116, 1116, 1117, 1120, 1123, 1123, 1123, 1124, 1081, 1082, 1084, 1087, 1089, 1094, 1104, 1108, 1108, 1109, 1109, 1112, 1116, 1120, 1125, 1133, 1139, 1144, 1152, 1161, 1170, 1178, 1183, 1187, 1198, 1209, 1218, 1231, 1245, 1258, 1270, 1281, 1295, 1312, 1329, 1347, 1363, 1380, 1396]
[0, 1171, 1170, 1164, 1158, 1151, 1146, 1140, 1135, 1132, 1130, 1126, 1122, 1120, 1117, 1117, 1119, 1119, 1122, 1120, 1120, 1124, 1122, 1120, 1124, 1127, 1127, 1130, 1133, 1136, 1142, 1143, 1143, 1146, 1149, 1154, 1162, 1167, 1172, 1176, 1182, 1191, 1200, 1210, 1220, 1229, 1237, 1247, 1258, 1269, 1278, 1283, 1292, 1306, 1316, 1328, 1342, 1355, 1363, 1365, 1380]
[0, 1171, 1203, 1195, 1188, 1182, 1177, 1173, 1170, 1166, 1163, 1162, 1160, 1157, 1157, 1157, 1152, 1149, 1153, 1153, 1154, 1159, 1119, 1117, 1124, 1124, 1125, 1131, 1134, 1136, 1140, 1144, 1144, 1146, 1150, 1156, 1163, 1168, 1174, 1179, 1186, 1191, 1200, 1211, 1223, 1230, 1237, 1238, 1247, 1258, 1269, 1278, 1285, 1295, 1307, 1318, 1330, 1345, 1358, 1370, 1384]
[0, 1208, 1199, 1192, 1186, 1180, 1175, 1171, 1167, 1164, 1161, 1159, 1158, 1158, 1156, 1156, 1155, 1153, 1151, 1153, 1157, 1158, 1158, 1157, 1157, 1157, 1159, 1163, 1167, 1168, 1170, 1172, 1175, 1178, 1182, 1187, 1193, 1198, 1202, 1205, 1210, 1217, 1200, 1221, 1226, 1234, 1242, 1247, 1254, 1262, 1269, 1277, 1285, 1294, 1306, 1318, 1331, 1345, 1358, 1370, 1383]
[0, 1210, 1202, 1194, 1187, 1181, 1176, 1173, 1168, 1165, 1161, 1159, 1157, 1156, 1156, 1157, 1155, 1152, 1153, 1152, 1153, 1157, 1158, 1157, 1155, 1156, 1157, 1160, 1165, 1167, 1168, 1171, 1174, 1177, 1181, 1185, 1190, 1195, 1199, 1202, 1209, 1215, 1220, 1226, 1232, 1239, 1246, 1252, 1259, 1265, 1272, 1280, 1289, 1300, 1312, 1325, 1339, 1350, 1363, 1376, 1392]
[0, 1234, 1225, 1217, 1210, 1202, 1197, 1192, 1189, 1186, 1181, 1178, 1178, 1175, 1172, 1172, 1171, 1170, 1170, 1171, 1172, 1173, 1157, 1157, 1157, 1158, 1162, 1166, 1168, 1169, 1171, 1171, 1173, 1175, 1180, 1185, 1190, 1196, 1201, 1204, 1209, 1213, 1218, 1224, 1231, 1238, 1244, 1250, 1257, 1264, 1270, 1278, 1287, 1296, 1308, 1322, 1336, 1348, 1360, 1373, 1388]
[0, 1252, 1245, 1237, 1226, 1218, 1215, 1212, 1207, 1201, 1198, 1199, 1196, 1194, 1172, 1193, 1191, 1189, 1187, 1186, 1188, 1189, 1172, 1174, 1175, 1176, 1179, 1180, 1181, 1182, 1184, 1186, 1190, 1175, 1190, 1190, 1193, 1193, 1198, 1204, 1208, 1213, 1218, 1225, 1230, 1234, 1241, 1249, 1255, 1262, 1270, 1277, 1285, 1295, 1306, 1318, 1332, 1346, 1359, 1371, 1386]
[0, 1249, 1245, 1242, 1233, 1224, 1217, 1215, 1211, 1206, 1202, 1201, 1198, 1195, 1196, 1193, 1189, 1188, 1189, 1189, 1188, 1188, 1188, 1187, 1186, 1188, 1188, 1186, 1183, 1184, 1186, 1186, 1188, 1190, 1192, 1193, 1195, 1198, 1202, 1205, 1209, 1214, 1219, 1225, 1231, 1234, 1241, 1250, 1257, 1265, 1271, 1280, 1289, 1300, 1310, 1323, 1338, 1350, 1363, 1376, 1391]
[0, 1253, 1247, 1237, 1227, 1219, 1216, 1213, 1209, 1204, 1201, 1198, 1196, 1194, 1194, 1192, 1189, 1189, 1189, 1188, 1187, 1189, 1188, 1187, 1187, 1189, 1189, 1186, 1185, 1186, 1187, 1188, 1188, 1190, 1192, 1195, 1197, 1199, 1202, 1205, 1211, 1214, 1216, 1221, 1227, 1234, 1242, 1248, 1252, 1260, 1269, 1276, 1284, 1294, 1305, 1317, 1330, 1343, 1357, 1370, 1383]
[0, 1324, 1315, 1308, 1300, 1292, 1282, 1271, 1262, 1253, 1248, 1241, 1234, 1227, 1194, 1220, 1214, 1209, 1205, 1200, 1197, 1192, 1189, 1189, 1188, 1188, 1188, 1187, 1186, 1187, 1187, 1186, 1187, 1190, 1192, 1192, 1195, 1198, 1200, 1204, 1209, 1214, 1220, 1225, 1230, 1238, 1245, 1250, 1257, 1265, 1271, 1279, 1289, 1300, 1311, 1323, 1338, 1350, 1363, 1376, 1391]
[0, 1324, 1326, 1311, 1300, 1287, 1277, 1271, 1261, 1253, 1247, 1240, 1233, 1227, 1226, 1220, 1215, 1209, 1204, 1200, 1198, 1193, 1189, 1187, 1187, 1187, 1187, 1185, 1183, 1183, 1185, 1186, 1187, 1187, 1187, 1190, 1194, 1197, 1200, 1204, 1209, 1212, 1217, 1222, 1228, 1234, 1239, 1247, 1257, 1264, 1270, 1279, 1288, 1300, 1299, 1309, 1324, 1336, 1349, 1363, 1375]
[0, 1336, 1320, 1308, 1298, 1287, 1279, 1270, 1261, 1253, 1246, 1241, 1234, 1226, 1220, 1214, 1208, 1203, 1199, 1196, 1198, 1192, 1190, 1188, 1185, 1185, 1186, 1184, 1182, 1183, 1185, 1185, 1186, 1187, 1187, 1190, 1194, 1197, 1200, 1203, 1208, 1212, 1214, 1220, 1228, 1233, 1238, 1247, 1256, 1264, 1270, 1278, 1288, 1288, 1298, 1309, 1323, 1336, 1350, 1362, 1375]
[0, 1329, 1317, 1303, 1291, 1283, 1276, 1270, 1267, 1258, 1250, 1243, 1237, 1232, 1224, 1217, 1212, 1208, 1203, 1198, 1195, 1191, 1189, 1188, 1187, 1185, 1183, 1183, 1182, 1181, 1180, 1182, 1186, 1186, 1186, 1189, 1194, 1197, 1199, 1203, 1205, 1207, 1215, 1220, 1224, 1231, 1241, 1249, 1256, 1263, 1270, 1278, 1286, 1293, 1306, 1321, 1333, 1344, 1357, 1371, 1385]
[0, 1331, 1318, 1303, 1291, 1283, 1276, 1270, 1266, 1258, 1250, 1242, 1236, 1230, 1224, 1217, 1212, 1208, 1203, 1198, 1195, 1192, 1189, 1188, 1187, 1185, 1185, 1185, 1184, 1182, 1182, 1184, 1187, 1189, 1189, 1189, 1194, 1198, 1199, 1201, 1205, 1204, 1209, 1215, 1220, 1227, 1234, 1243, 1251, 1256, 1263, 1270, 1280, 1290, 1298, 1308, 1321, 1337, 1351, 1362, 1374]
[0, 1331, 1326, 1312, 1300, 1289, 1281, 1272, 1264, 1256, 1248, 1241, 1236, 1231, 1223, 1217, 1210, 1204, 1200, 1197, 1194, 1192, 1189, 1188, 1186, 1185, 1183, 1183, 1184, 1182, 1182, 1181, 1182, 1185, 1187, 1190, 1194, 1197, 1198, 1202, 1205, 1209, 1214, 1219, 1220, 1226, 1232, 1238, 1247, 1256, 1262, 1269, 1279, 1289, 1298, 1308, 1321, 1335, 1349, 1361, 1374]
[0, 1331, 1317, 1303, 1291, 1283, 1275, 1266, 1264, 1258, 1250, 1243, 1237, 1230, 1224, 1217, 1211, 1208, 1203, 1198, 1196, 1193, 1190, 1187, 1184, 1183, 1185, 1183, 1182, 1182, 1183, 1182, 1184, 1188, 1188, 1190, 1191, 1195, 1198, 1202, 1201, 1206, 1210, 1215, 1219, 1226, 1233, 1242, 1250, 1255, 1263, 1270, 1279, 1288, 1298, 1309, 1322, 1337, 1350, 1362, 1374]
[0, 1334, 1321, 1306, 1293, 1284, 1274, 1265, 1259, 1250, 1243, 1238, 1237, 1233, 1225, 1219, 1214, 1208, 1203, 1199, 1196, 1192, 1189, 1188, 1185, 1183, 1184, 1183, 1182, 1180, 1182, 1184, 1185, 1186, 1186, 1189, 1193, 1196, 1196, 1200, 1205, 1209, 1215, 1221, 1225, 1231, 1239, 1246, 1252, 1259, 1269, 1278, 1286, 1293, 1305, 1320, 1332, 1344, 1357, 1362, 1370]
[0, 1333, 1317, 1303, 1291, 1282, 1275, 1266, 1259, 1258, 1249, 1242, 1236, 1229, 1223, 1216, 1211, 1207, 1202, 1197, 1195, 1192, 1190, 1188, 1185, 1182, 1183, 1183, 1182, 1180, 1181, 1184, 1185, 1185, 1187, 1189, 1192, 1195, 1196, 1199, 1204, 1207, 1214, 1220, 1225, 1231, 1238, 1246, 1252, 1259, 1268, 1277, 1285, 1293, 1305, 1315, 1327, 1344, 1357, 1370, 1384]
[0, 1329, 1314, 1303, 1290, 1282, 1281, 1273, 1265, 1256, 1248, 1242, 1236, 1230, 1223, 1217, 1209, 1205, 1202, 1197, 1193, 1190, 1189, 1187, 1185, 1183, 1183, 1182, 1181, 1181, 1182, 1183, 1184, 1185, 1186, 1187, 1189, 1193, 1196, 1200, 1204, 1208, 1214, 1219, 1225, 1231, 1238, 1246, 1253, 1259, 1260, 1268, 1277, 1286, 1294, 1305, 1319, 1332, 1347, 1360, 1374]
[0, 1331, 1316, 1302, 1290, 1281, 1273, 1265, 1257, 1249, 1248, 1242, 1236, 1228, 1222, 1216, 1209, 1204, 1201, 1197, 1195, 1192, 1188, 1186, 1185, 1184, 1184, 1184, 1182, 1182, 1182, 1182, 1183, 1187, 1187, 1189, 1191, 1195, 1196, 1200, 1203, 1208, 1208, 1214, 1219, 1226, 1233, 1242, 1248, 1254, 1262, 1268, 1274, 1285, 1296, 1307, 1321, 1336, 1348, 1360, 1374]
[0, 1338, 1325, 1311, 1299, 1288, 1280, 1271, 1264, 1256, 1248, 1240, 1232, 1224, 1219, 1215, 1209, 1203, 1200, 1197, 1193, 1191, 1188, 1187, 1184, 1182, 1182, 1179, 1178, 1180, 1181, 1180, 1181, 1184, 1185, 1187, 1188, 1191, 1196, 1197, 1201, 1207, 1213, 1219, 1224, 1230, 1237, 1245, 1252, 1259, 1265, 1274, 1274, 1293, 1296, 1305, 1318, 1331, 1345, 1359, 1372]
[0, 1335, 1319, 1304, 1294, 1285, 1274, 1267, 1259, 1251, 1244, 1237, 1229, 1224, 1219, 1211, 1205, 1200, 1196, 1194, 1191, 1188, 1189, 1186, 1183, 1182, 1180, 1178, 1178, 1179, 1179, 1179, 1183, 1184, 1184, 1188, 1191, 1192, 1196, 1195, 1203, 1205, 1213, 1212, 1219, 1223, 1230, 1238, 1244, 1253, 1259, 1266, 1275, 1284, 1294, 1305, 1318, 1332, 1347, 1361, 1375]
[0, 1329, 1316, 1301, 1289, 1281, 1273, 1267, 1264, 1256, 1248, 1241, 1235, 1228, 1222, 1216, 1210, 1206, 1200, 1197, 1192, 1189, 1185, 1183, 1180, 1182, 1180, 1178, 1180, 1177, 1173, 1175, 1180, 1180, 1184, 1187, 1187, 1190, 1194, 1196, 1198, 1202, 1207, 1211, 1217, 1224, 1232, 1240, 1246, 1255, 1266, 1277, 1286, 1295, 1311, 1323, 1333, 1350, 1366, 1380, 1397]
[0, 1328, 1313, 1303, 1294, 1283, 1273, 1264, 1258, 1250, 1242, 1237, 1229, 1222, 1222, 1216, 1208, 1203, 1200, 1198, 1195, 1192, 1188, 1186, 1184, 1182, 1179, 1176, 1178, 1177, 1179, 1180, 1180, 1184, 1185, 1187, 1189, 1192, 1195, 1197, 1200, 1206, 1212, 1218, 1221, 1227, 1237, 1245, 1252, 1260, 1266, 1268, 1277, 1287, 1302, 1319, 1332, 1343, 1358, 1376, 1393]
[0, 1334, 1319, 1304, 1294, 1286, 1275, 1266, 1260, 1251, 1243, 1238, 1230, 1223, 1218, 1213, 1207, 1202, 1198, 1194, 1190, 1192, 1188, 1187, 1186, 1183, 1179, 1177, 1178, 1179, 1179, 1179, 1180, 1182, 1185, 1186, 1188, 1191, 1194, 1196, 1200, 1204, 1209, 1216, 1223, 1230, 1237, 1244, 1251, 1258, 1268, 1277, 1288, 1302, 1316, 1327, 1341, 1356, 1373, 1388, 1401]
[0, 1333, 1321, 1310, 1297, 1287, 1278, 1270, 1261, 1252, 1246, 1239, 1230, 1222, 1216, 1210, 1206, 1203, 1199, 1196, 1192, 1190, 1186, 1187, 1183, 1182, 1181, 1179, 1177, 1176, 1177, 1178, 1179, 1181, 1182, 1185, 1187, 1189, 1192, 1195, 1199, 1203, 1207, 1212, 1219, 1226, 1234, 1240, 1248, 1259, 1269, 1278, 1287, 1300, 1313, 1325, 1337, 1351, 1371, 1386, 1401]
[0, 1334, 1321, 1310, 1297, 1286, 1276, 1268, 1260, 1253, 1246, 1239, 1232, 1225, 1217, 1210, 1206, 1202, 1198, 1196, 1192, 1189, 1187, 1185, 1183, 1180, 1178, 1178, 1180, 1180, 1179, 1177, 1181, 1184, 1184, 1185, 1187, 1189, 1193, 1196, 1199, 1202, 1207, 1212, 1219, 1224, 1231, 1238, 1244, 1254, 1264, 1275, 1285, 1295, 1308, 1320, 1334, 1348, 1363, 1379, 1394]
[0, 1325, 1312, 1301, 1290, 1281, 1272, 1264, 1257, 1249, 1241, 1234, 1232, 1226, 1221, 1215, 1208, 1204, 1200, 1197, 1195, 1191, 1187, 1185, 1182, 1179, 1177, 1178, 1177, 1178, 1179, 1178, 1181, 1184, 1185, 1191, 1197, 1189, 1210, 1196, 1214, 1218, 1223, 1229, 1234, 1241, 1248, 1253, 1259, 1265, 1273, 1283, 1293, 1302, 1311, 1319, 1333, 1347, 1359, 1375, 1393]
[0, 1332, 1320, 1308, 1296, 1286, 1275, 1267, 1259, 1251, 1245, 1239, 1233, 1229, 1227, 1223, 1221, 1221, 1217, 1212, 1207, 1203, 1188, 1186, 1183, 1181, 1179, 1177, 1177, 1178, 1180, 1180, 1180, 1182, 1185, 1190, 1196, 1203, 1209, 1214, 1219, 1222, 1227, 1233, 1239, 1245, 1251, 1258, 1264, 1271, 1278, 1288, 1299, 1308, 1319, 1330, 1333, 1341, 1357, 1374, 1388]
[0, 1331, 1318, 1307, 1294, 1283, 1275, 1266, 1258, 1251, 1245, 1239, 1236, 1232, 1228, 1226, 1224, 1221, 1217, 1212, 1207, 1203, 1202, 1201, 1199, 1196, 1195, 1196, 1195, 1194, 1193, 1196, 1199, 1200, 1198, 1200, 1205, 1203, 1211, 1214, 1214, 1217, 1222, 1228, 1234, 1241, 1248, 1253, 1258, 1265, 1273, 1283, 1293, 1302, 1311, 1320, 1333, 1347, 1363, 1379, 1393]
[0, 1319, 1318, 1309, 1297, 1284, 1274, 1267, 1262, 1255, 1246, 1241, 1237, 1234, 1230, 1227, 1226, 1224, 1220, 1215, 1210, 1205, 1202, 1201, 1198, 1196, 1195, 1196, 1195, 1194, 1194, 1196, 1198, 1198, 1198, 1200, 1206, 1203, 1208, 1210, 1213, 1217, 1221, 1228, 1234, 1241, 1247, 1252, 1258, 1265, 1273, 1282, 1293, 1302, 1311, 1321, 1333, 1346, 1362, 1379, 1393]
[0, 1333, 1319, 1307, 1295, 1285, 1275, 1267, 1259, 1252, 1245, 1239, 1236, 1234, 1229, 1226, 1226, 1223, 1217, 1214, 1208, 1203, 1201, 1200, 1199, 1196, 1195, 1194, 1194, 1194, 1193, 1195, 1196, 1198, 1199, 1203, 1205, 1205, 1209, 1212, 1216, 1220, 1226, 1234, 1239, 1244, 1252, 1252, 1263, 1269, 1273, 1278, 1290, 1299, 1308, 1319, 1331, 1342, 1357, 1375, 1392]
[0, 1340, 1331, 1322, 1310, 1300, 1289, 1281, 1273, 1264, 1259, 1253, 1246, 1238, 1233, 1230, 1226, 1222, 1217, 1212, 1207, 1204, 1200, 1199, 1199, 1197, 1196, 1195, 1195, 1194, 1194, 1196, 1199, 1199, 1193, 1195, 1204, 1205, 1210, 1212, 1214, 1217, 1222, 1229, 1234, 1240, 1246, 1252, 1258, 1264, 1272, 1282, 1292, 1301, 1310, 1321, 1333, 1345, 1362, 1378, 1389]
[0, 1330, 1321, 1310, 1301, 1300, 1294, 1287, 1280, 1270, 1262, 1254, 1245, 1240, 1237, 1231, 1225, 1222, 1219, 1214, 1210, 1205, 1202, 1200, 1198, 1196, 1195, 1195, 1195, 1193, 1193, 1196, 1198, 1199, 1199, 1195, 1204, 1208, 1210, 1210, 1213, 1217, 1221, 1227, 1234, 1240, 1246, 1252, 1258, 1264, 1272, 1279, 1290, 1301, 1310, 1320, 1332, 1345, 1361, 1377, 1389]
[0, 1332, 1324, 1313, 1304, 1298, 1287, 1277, 1273, 1266, 1258, 1252, 1245, 1239, 1233, 1228, 1224, 1220, 1216, 1210, 1208, 1205, 1203, 1202, 1199, 1196, 1195, 1194, 1195, 1194, 1193, 1195, 1197, 1198, 1198, 1201, 1204, 1206, 1209, 1212, 1217, 1221, 1226, 1232, 1236, 1243, 1251, 1257, 1264, 1271, 1278, 1279, 1296, 1307, 1310, 1329, 1332, 1356, 1361, 1373, 1388]
[0, 1348, 1333, 1321, 1313, 1303, 1293, 1284, 1274, 1265, 1259, 1252, 1245, 1239, 1235, 1230, 1224, 1219, 1215, 1212, 1208, 1205, 1202, 1202, 1200, 1199, 1197, 1196, 1197, 1196, 1194, 1196, 1198, 1197, 1199, 1201, 1202, 1205, 1208, 1210, 1212, 1215, 1222, 1228, 1234, 1240, 1248, 1254, 1258, 1264, 1270, 1278, 1290, 1300, 1311, 1325, 1335, 1350, 1368, 1382, 1394]
[0, 1348, 1334, 1320, 1310, 1301, 1292, 1282, 1273, 1266, 1259, 1252, 1246, 1238, 1233, 1228, 1222, 1218, 1214, 1210, 1207, 1204, 1202, 1199, 1197, 1196, 1194, 1195, 1195, 1194, 1194, 1195, 1197, 1197, 1199, 1201, 1202, 1205, 1208, 1210, 1213, 1216, 1221, 1228, 1233, 1239, 1245, 1252, 1258, 1264, 1272, 1284, 1293, 1300, 1310, 1321, 1333, 1345, 1361, 1377, 1389]
[0, 1343, 1328, 1317, 1307, 1298, 1288, 1277, 1269, 1262, 1257, 1252, 1245, 1239, 1233, 1228, 1222, 1218, 1214, 1210, 1207, 1206, 1200, 1198, 1196, 1194, 1193, 1195, 1192, 1194, 1193, 1194, 1196, 1198, 1198, 1196, 1198, 1204, 1207, 1210, 1212, 1216, 1222, 1227, 1234, 1240, 1246, 1253, 1258, 1268, 1277, 1284, 1293, 1300, 1309, 1321, 1332, 1346, 1362, 1379, 1395]
[0, 1345, 1331, 1322, 1310, 1300, 1293, 1284, 1273, 1265, 1259, 1253, 1246, 1239, 1235, 1230, 1224, 1220, 1216, 1212, 1207, 1203, 1203, 1201, 1197, 1196, 1197, 1195, 1195, 1195, 1193, 1194, 1197, 1198, 1200, 1201, 1201, 1205, 1208, 1211, 1214, 1217, 1223, 1229, 1233, 1240, 1246, 1251, 1260, 1269, 1279, 1287, 1296, 1306, 1314, 1325, 1337, 1352, 1367, 1382, 1397]
[0, 1342, 1329, 1317, 1307, 1297, 1289, 1279, 1272, 1266, 1257, 1250, 1243, 1239, 1233, 1230, 1228, 1222, 1216, 1212, 1208, 1206, 1201, 1200, 1197, 1195, 1195, 1195, 1194, 1193, 1193, 1195, 1197, 1199, 1200, 1200, 1201, 1204, 1207, 1210, 1213, 1216, 1221, 1230, 1236, 1239, 1246, 1253, 1258, 1265, 1274, 1283, 1293, 1301, 1311, 1321, 1332, 1346, 1362, 1379, 1393]
[0, 1347, 1333, 1322, 1313, 1303, 1293, 1283, 1273, 1265, 1259, 1252, 1245, 1239, 1234, 1229, 1224, 1218, 1214, 1211, 1208, 1204, 1203, 1198, 1199, 1198, 1193, 1193, 1194, 1195, 1196, 1196, 1197, 1199, 1201, 1203, 1204, 1206, 1208, 1210, 1216, 1221, 1226, 1232, 1236, 1242, 1250, 1257, 1264, 1271, 1278, 1287, 1297, 1307, 1318, 1328, 1340, 1346, 1356, 1387, 1393]
[0, 1345, 1329, 1318, 1310, 1300, 1291, 1282, 1270, 1260, 1256, 1252, 1245, 1237, 1232, 1227, 1222, 1216, 1212, 1210, 1207, 1204, 1202, 1199, 1197, 1195, 1194, 1193, 1193, 1193, 1196, 1194, 1196, 1195, 1196, 1199, 1201, 1203, 1207, 1210, 1212, 1216, 1221, 1227, 1233, 1239, 1245, 1252, 1257, 1265, 1274, 1281, 1290, 1300, 1311, 1322, 1335, 1349, 1361, 1378, 1394]
[0, 1347, 1333, 1322, 1313, 1302, 1292, 1283, 1273, 1265, 1259, 1251, 1245, 1238, 1233, 1229, 1221, 1215, 1214, 1211, 1207, 1203, 1202, 1199, 1197, 1198, 1195, 1194, 1193, 1193, 1194, 1195, 1196, 1196, 1198, 1200, 1202, 1205, 1209, 1210, 1212, 1216, 1222, 1228, 1233, 1239, 1247, 1253, 1258, 1264, 1272, 1281, 1290, 1303, 1313, 1321, 1333, 1350, 1366, 1382, 1395]
