[0, 0, 0, 0, 0, 0, 0, 0, 0, 0, 0, 0, 0, 0, 0, 0, 0, 0, 0, 0, 0, 0, 0, 0, 0, 0, 0, 0, 0, 0, 0, 0, 0, 0, 0, 0, 0, 0, 0, 0, 0, 0, 0, 0, 0, 0, 0, 0, 0, 0, 0, 0, 0, 0, 0, 0, 0, 0, 0, 0, 0]
[0, 533, 530, 526, 521, 517, 515, 512, 508, 506, 504, 501, 499, 497, 495, 494, 493, 492, 489, 483, 0, 458, 452, 447, 445, 443, 442, 442, 444, 446, 449, 449, 457, 459, 469, 0, 0, 492, 494, 496, 498, 500, 503, 505, 507, 510, 513, 517, 522, 525, 530, 534, 539, 544, 549, 555, 560, 566, 573, 580, 587]
[0, 534, 530, 525, 520, 517, 514, 511, 509, 506, 503, 502, 499, 497, 495, 495, 493, 491, 490, 486, 0, 459, 452, 447, 447, 443, 443, 442, 443, 445, 447, 450, 454, 459, 469, 0, 0, 493, 495, 497, 498, 501, 504, 507, 509, 512, 515, 519, 523, 525, 527, 532, 536, 541, 546, 552, 557, 563, 569, 576, 584]
[0, 529, 530, 525, 522, 518, 514, 511, 509, 506, 503, 501, 499, 497, 495, 495, 493, 491, 490, 488, 0, 459, 453, 448, 447, 443, 443, 442, 442, 444, 446, 449, 454, 459, 469, 0, 0, 492, 495, 497, 498, 501, 503, 506, 509, 512, 515, 519, 522, 526, 530, 532, 540, 541, 546, 551, 556, 561, 567, 574, 582]
[0, 532, 527, 523, 520, 518, 515, 511, 509, 508, 505, 502, 499, 497, 495, 493, 493, 491, 490, 489, 0, 460, 453, 448, 444, 443, 442, 442, 444, 444, 446, 449, 453, 458, 469, 0, 0, 492, 495, 496, 498, 501, 504, 506, 509, 512, 515, 519, 522, 526, 530, 535, 539, 544, 546, 555, 561, 567, 567, 574, 582]
[0, 530, 527, 525, 522, 518, 514, 511, 509, 506, 503, 502, 499, 497, 495, 493, 493, 491, 490, 488, 0, 459, 453, 448, 444, 443, 442, 442, 443, 444, 449, 449, 453, 458, 469, 0, 0, 492, 494, 497, 499, 501, 503, 506, 509, 511, 515, 518, 521, 525, 530, 535, 539, 544, 550, 555, 561, 561, 566, 582, 582]
[0, 530, 530, 525, 522, 518, 514, 511, 509, 506, 503, 501, 499, 497, 497, 495, 493, 491, 490, 487, 0, 459, 452, 447, 444, 443, 442, 442, 443, 444, 446, 449, 453, 458, 469, 0, 0, 492, 494, 497, 499, 501, 503, 506, 509, 511, 515, 519, 522, 526, 530, 535, 539, 544, 550, 555, 561, 561, 567, 574, 582]
[0, 534, 530, 525, 521, 517, 514, 512, 509, 506, 503, 501, 498, 497, 496, 495, 493, 491, 490, 485, 0, 459, 452, 447, 444, 443, 442, 442, 442, 444, 446, 449, 454, 459, 469, 0, 0, 492, 494, 497, 499, 501, 503, 506, 509, 511, 515, 519, 522, 526, 530, 535, 539, 544, 550, 555, 561, 561, 567, 574, 582]
[0, 534, 532, 528, 523, 520, 517, 513, 511, 508, 506, 504, 501, 498, 496, 495, 493, 494, 491, 489, 0, 460, 453, 447, 444, 443, 443, 442, 442, 444, 446, 449, 453, 458, 469, 0, 0, 492, 494, 497, 498, 501, 503, 506, 509, 512, 515, 519, 522, 526, 530, 535, 539, 545, 551, 555, 557, 562, 567, 574, 582]
[0, 540, 531, 528, 528, 524, 521, 518, 515, 512, 510, 507, 505, 503, 501, 495, 499, 498, 497, 0, 469, 457, 450, 446, 444, 443, 442, 443, 442, 447, 446, 453, 453, 458, 469, 0, 0, 493, 495, 497, 499, 501, 504, 506, 509, 512, 516, 520, 523, 528, 532, 536, 542, 546, 552, 558, 564, 562, 570, 577, 585]
[0, 538, 534, 530, 528, 526, 523, 519, 516, 513, 511, 509, 506, 504, 502, 500, 498, 497, 0, 0, 472, 460, 451, 446, 444, 443, 442, 442, 443, 444, 446, 449, 454, 458, 469, 0, 0, 500, 502, 504, 506, 509, 511, 513, 516, 519, 523, 526, 530, 535, 538, 543, 548, 546, 554, 559, 564, 570, 578, 585, 592]
[0, 542, 538, 534, 530, 526, 523, 520, 517, 515, 512, 510, 508, 504, 506, 504, 502, 500, 493, 0, 464, 454, 451, 448, 444, 443, 442, 443, 443, 444, 446, 452, 454, 457, 469, 0, 499, 501, 0, 503, 505, 509, 511, 513, 515, 519, 523, 527, 531, 535, 539, 543, 548, 553, 558, 563, 569, 576, 584, 591, 598]
[0, 541, 537, 533, 529, 525, 523, 519, 517, 513, 512, 512, 510, 508, 505, 503, 501, 500, 0, 0, 460, 454, 452, 447, 444, 443, 442, 442, 443, 445, 447, 450, 454, 459, 469, 0, 0, 504, 506, 508, 510, 512, 515, 518, 521, 524, 527, 531, 537, 541, 545, 543, 554, 553, 559, 564, 570, 577, 584, 591, 598]
[0, 542, 538, 533, 529, 526, 522, 520, 517, 514, 512, 512, 510, 507, 505, 503, 502, 500, 493, 0, 462, 454, 452, 447, 444, 442, 442, 442, 443, 445, 448, 451, 455, 459, 469, 0, 0, 505, 506, 508, 511, 513, 515, 518, 522, 524, 525, 528, 532, 536, 540, 545, 549, 554, 559, 565, 571, 577, 584, 592, 599]
[0, 541, 537, 533, 529, 525, 522, 519, 516, 514, 513, 511, 510, 507, 505, 503, 501, 500, 0, 0, 460, 454, 452, 447, 444, 443, 442, 442, 443, 445, 447, 450, 454, 460, 469, 0, 0, 504, 506, 508, 510, 512, 514, 518, 522, 525, 527, 531, 537, 536, 545, 545, 549, 554, 559, 564, 570, 577, 584, 591, 598]
[0, 541, 541, 537, 533, 530, 526, 523, 520, 517, 515, 513, 511, 509, 505, 507, 505, 503, 496, 0, 465, 454, 448, 444, 444, 442, 442, 442, 444, 446, 448, 451, 455, 461, 469, 0, 0, 505, 506, 508, 511, 513, 515, 518, 522, 525, 527, 528, 532, 536, 540, 545, 549, 554, 559, 565, 571, 577, 584, 592, 599]
[0, 543, 539, 535, 531, 527, 525, 523, 522, 519, 516, 514, 511, 509, 508, 506, 505, 503, 0, 0, 0, 458, 450, 446, 444, 443, 442, 442, 443, 445, 448, 451, 454, 458, 469, 0, 0, 508, 509, 511, 513, 516, 518, 521, 524, 527, 531, 534, 538, 543, 548, 553, 558, 562, 568, 574, 581, 588, 584, 602, 609]
[0, 545, 541, 537, 533, 529, 526, 523, 520, 517, 515, 512, 511, 509, 509, 507, 505, 503, 0, 476, 463, 453, 447, 444, 444, 443, 442, 442, 444, 446, 449, 452, 456, 458, 469, 0, 0, 508, 510, 512, 514, 516, 518, 520, 523, 525, 529, 533, 537, 542, 547, 550, 555, 560, 564, 571, 577, 583, 591, 598, 605]
[0, 544, 540, 536, 531, 528, 526, 525, 522, 520, 518, 514, 512, 510, 508, 507, 506, 504, 0, 476, 0, 458, 450, 445, 444, 442, 442, 442, 443, 445, 448, 450, 454, 459, 469, 0, 0, 508, 510, 511, 513, 516, 519, 521, 525, 528, 531, 535, 539, 543, 548, 552, 555, 563, 564, 568, 574, 582, 588, 595, 602]
[0, 543, 539, 536, 532, 528, 525, 525, 522, 519, 517, 515, 513, 510, 508, 507, 506, 504, 0, 476, 0, 457, 450, 445, 443, 442, 442, 442, 444, 446, 449, 452, 456, 459, 469, 0, 0, 509, 510, 512, 515, 518, 521, 521, 524, 531, 531, 537, 539, 542, 548, 553, 557, 561, 567, 572, 577, 585, 593, 600, 607]
[0, 549, 539, 545, 542, 538, 535, 532, 529, 526, 524, 521, 519, 517, 515, 513, 512, 504, 0, 0, 466, 455, 448, 444, 443, 442, 442, 442, 444, 446, 449, 452, 456, 459, 469, 0, 0, 509, 510, 512, 515, 518, 518, 524, 524, 528, 531, 534, 538, 542, 548, 552, 557, 561, 567, 572, 578, 585, 593, 600, 607]
[0, 553, 549, 545, 541, 537, 534, 531, 528, 525, 522, 521, 519, 516, 515, 513, 513, 512, 0, 477, 464, 454, 447, 444, 443, 439, 439, 440, 444, 445, 448, 453, 456, 458, 469, 0, 0, 509, 519, 521, 515, 523, 526, 529, 532, 535, 539, 543, 547, 551, 555, 560, 564, 570, 576, 583, 590, 596, 603, 610, 617]
[0, 557, 549, 553, 550, 546, 543, 540, 536, 534, 531, 529, 527, 524, 522, 521, 519, 512, 0, 0, 466, 455, 447, 442, 443, 439, 439, 441, 444, 443, 446, 450, 454, 459, 469, 0, 0, 0, 518, 520, 523, 524, 527, 530, 533, 537, 540, 544, 548, 553, 557, 561, 566, 571, 577, 585, 591, 597, 605, 612, 620]
[0, 564, 549, 560, 556, 553, 550, 547, 544, 541, 538, 536, 534, 532, 530, 529, 526, 512, 0, 477, 464, 453, 446, 442, 438, 439, 437, 436, 444, 439, 446, 451, 454, 457, 469, 0, 0, 525, 527, 0, 532, 0, 535, 537, 540, 544, 548, 551, 555, 560, 564, 568, 574, 580, 586, 592, 598, 605, 612, 619, 628]
[0, 568, 563, 559, 556, 552, 549, 546, 542, 540, 538, 535, 534, 534, 532, 529, 527, 525, 0, 0, 464, 459, 449, 444, 438, 436, 437, 435, 434, 435, 435, 438, 444, 457, 469, 0, 0, 0, 535, 538, 0, 540, 542, 545, 549, 552, 556, 559, 562, 567, 573, 577, 583, 589, 595, 601, 608, 614, 621, 629, 638]
[0, 567, 562, 559, 556, 552, 549, 546, 542, 539, 537, 535, 533, 534, 531, 529, 527, 526, 0, 473, 459, 449, 449, 444, 440, 437, 435, 435, 434, 435, 436, 440, 446, 457, 469, 0, 0, 0, 0, 536, 538, 540, 543, 547, 550, 553, 557, 561, 564, 569, 574, 579, 585, 591, 596, 603, 610, 616, 621, 632, 638]
[0, 567, 563, 559, 555, 552, 550, 546, 544, 541, 539, 535, 536, 533, 532, 531, 529, 520, 0, 472, 459, 458, 448, 443, 440, 437, 435, 435, 434, 434, 436, 440, 446, 457, 469, 0, 0, 0, 534, 536, 538, 540, 544, 547, 550, 554, 558, 561, 565, 569, 575, 579, 581, 586, 592, 598, 603, 610, 617, 625, 633]
[0, 572, 568, 564, 560, 557, 554, 551, 548, 545, 543, 541, 539, 533, 534, 531, 533, 531, 0, 475, 0, 449, 444, 443, 439, 437, 435, 435, 435, 434, 436, 440, 446, 457, 469, 0, 0, 0, 534, 537, 540, 543, 546, 548, 550, 554, 558, 563, 567, 572, 576, 582, 588, 586, 592, 600, 607, 614, 621, 628, 637]
[0, 574, 568, 564, 560, 560, 558, 555, 552, 549, 546, 544, 543, 541, 538, 536, 535, 531, 0, 481, 0, 452, 446, 442, 440, 437, 436, 435, 434, 434, 435, 438, 444, 451, 469, 0, 0, 0, 0, 540, 543, 545, 548, 552, 555, 558, 563, 566, 570, 574, 580, 585, 590, 596, 602, 609, 615, 622, 630, 639, 637]
[0, 574, 569, 566, 560, 562, 559, 556, 553, 550, 547, 545, 542, 541, 539, 537, 535, 0, 0, 0, 0, 455, 447, 442, 438, 436, 435, 434, 434, 434, 435, 437, 441, 448, 469, 0, 0, 0, 543, 546, 0, 548, 551, 554, 557, 560, 565, 569, 573, 577, 582, 588, 593, 598, 604, 610, 617, 624, 632, 641, 649]
[0, 585, 580, 575, 570, 562, 567, 564, 561, 558, 556, 555, 553, 550, 548, 546, 544, 0, 0, 487, 0, 455, 447, 442, 438, 437, 435, 434, 434, 434, 435, 436, 447, 448, 455, 0, 0, 0, 543, 546, 548, 551, 554, 557, 560, 560, 564, 568, 572, 577, 582, 587, 592, 597, 604, 610, 617, 623, 631, 639, 648]
[0, 596, 591, 588, 583, 579, 576, 571, 568, 566, 563, 561, 559, 558, 556, 546, 554, 0, 0, 475, 0, 463, 455, 447, 438, 437, 435, 434, 434, 434, 435, 440, 447, 448, 455, 0, 0, 0, 0, 555, 558, 560, 0, 563, 567, 571, 575, 578, 582, 587, 593, 597, 603, 609, 614, 621, 628, 635, 643, 651, 659]
[0, 595, 590, 585, 581, 578, 575, 571, 568, 566, 565, 563, 561, 559, 557, 556, 554, 0, 0, 0, 0, 460, 452, 444, 441, 437, 436, 435, 434, 434, 436, 439, 444, 452, 455, 0, 0, 0, 0, 564, 566, 569, 572, 575, 579, 583, 587, 591, 595, 600, 605, 611, 616, 622, 629, 636, 643, 650, 658, 651, 666]
[0, 606, 602, 597, 593, 589, 586, 582, 579, 577, 574, 571, 561, 570, 568, 566, 565, 0, 0, 477, 0, 481, 452, 488, 439, 437, 435, 434, 434, 434, 436, 440, 447, 455, 455, 0, 0, 0, 0, 564, 566, 570, 573, 577, 581, 584, 588, 593, 595, 601, 605, 612, 616, 618, 625, 631, 638, 646, 653, 661, 669]
[0, 607, 602, 598, 594, 591, 587, 584, 580, 577, 574, 572, 570, 570, 568, 566, 565, 563, 0, 479, 0, 481, 0, 488, 0, 0, 0, 435, 434, 434, 435, 439, 445, 454, 455, 0, 0, 0, 0, 574, 578, 581, 584, 587, 591, 594, 598, 602, 606, 611, 617, 623, 629, 636, 643, 649, 656, 664, 653, 672, 689]
[0, 614, 610, 605, 601, 598, 595, 591, 587, 577, 586, 583, 580, 578, 576, 574, 572, 571, 0, 481, 486, 495, 0, 496, 0, 439, 436, 435, 434, 434, 435, 438, 444, 452, 463, 0, 0, 0, 0, 0, 577, 580, 583, 587, 591, 594, 598, 602, 606, 611, 615, 621, 628, 635, 642, 649, 655, 662, 670, 678, 688]
[0, 616, 611, 607, 602, 599, 595, 591, 588, 586, 584, 581, 579, 577, 574, 573, 573, 571, 0, 483, 484, 493, 496, 496, 0, 0, 435, 435, 434, 435, 436, 440, 447, 454, 463, 0, 0, 0, 578, 584, 587, 590, 593, 596, 600, 604, 608, 611, 616, 621, 627, 633, 640, 646, 652, 659, 667, 675, 682, 691, 688]
[0, 616, 611, 607, 603, 600, 596, 593, 590, 586, 584, 582, 581, 579, 576, 575, 573, 571, 0, 484, 484, 494, 496, 493, 0, 0, 437, 435, 434, 434, 435, 438, 444, 452, 463, 0, 0, 0, 578, 0, 586, 589, 592, 595, 598, 602, 606, 611, 614, 619, 624, 631, 638, 644, 651, 658, 665, 673, 681, 690, 699]
[0, 616, 611, 607, 603, 599, 596, 593, 590, 586, 584, 582, 581, 579, 576, 575, 574, 573, 0, 483, 484, 494, 497, 493, 0, 0, 437, 435, 434, 434, 435, 438, 444, 452, 463, 0, 0, 0, 578, 0, 587, 590, 593, 595, 598, 602, 606, 611, 614, 619, 625, 631, 638, 645, 651, 658, 665, 673, 681, 690, 699]
[0, 637, 632, 626, 621, 617, 614, 611, 608, 605, 603, 582, 601, 599, 597, 594, 593, 592, 0, 502, 509, 511, 508, 494, 0, 0, 437, 435, 434, 434, 435, 438, 444, 452, 463, 0, 0, 0, 0, 0, 587, 590, 593, 596, 599, 602, 607, 611, 615, 621, 628, 633, 639, 645, 651, 658, 667, 675, 681, 690, 699]
[0, 638, 633, 629, 624, 619, 616, 613, 610, 607, 605, 602, 600, 598, 597, 596, 595, 593, 0, 502, 508, 512, 509, 494, 498, 0, 0, 436, 434, 435, 435, 437, 447, 455, 463, 0, 0, 0, 601, 606, 609, 611, 614, 617, 620, 624, 630, 635, 641, 646, 652, 658, 664, 671, 651, 678, 693, 675, 710, 690, 717]
[0, 635, 633, 631, 626, 621, 617, 614, 611, 609, 606, 604, 602, 599, 598, 596, 594, 593, 0, 501, 505, 511, 510, 504, 498, 0, 0, 439, 434, 435, 436, 440, 446, 454, 463, 0, 0, 0, 601, 0, 609, 611, 614, 617, 620, 625, 630, 635, 641, 647, 652, 658, 664, 670, 678, 685, 692, 701, 710, 717, 727]
[0, 642, 636, 631, 628, 623, 619, 616, 611, 614, 611, 609, 607, 605, 602, 601, 599, 597, 0, 508, 505, 513, 511, 506, 0, 468, 0, 439, 436, 434, 435, 438, 443, 450, 463, 0, 0, 0, 605, 608, 611, 613, 617, 620, 620, 629, 634, 635, 638, 644, 650, 656, 662, 668, 674, 682, 689, 698, 707, 714, 723]
[0, 642, 636, 631, 628, 623, 619, 619, 616, 613, 611, 609, 607, 605, 602, 601, 599, 597, 0, 0, 508, 513, 511, 505, 0, 462, 0, 436, 436, 435, 437, 438, 442, 449, 463, 0, 0, 0, 609, 613, 615, 618, 621, 625, 629, 634, 638, 644, 638, 655, 650, 661, 667, 673, 679, 687, 695, 704, 711, 719, 729]
[0, 642, 648, 644, 628, 641, 636, 631, 628, 625, 623, 621, 618, 616, 614, 613, 611, 610, 0, 0, 518, 521, 513, 504, 0, 462, 0, 436, 434, 435, 435, 437, 442, 449, 463, 0, 0, 0, 609, 612, 615, 618, 621, 625, 629, 634, 638, 644, 638, 655, 650, 661, 667, 673, 679, 687, 695, 704, 711, 719, 729]
[0, 658, 653, 649, 646, 642, 638, 634, 628, 630, 628, 626, 623, 621, 619, 617, 615, 614, 0, 0, 518, 520, 513, 505, 0, 454, 0, 456, 0, 436, 437, 440, 443, 452, 0, 515, 514, 0, 0, 626, 629, 618, 632, 636, 640, 644, 649, 654, 660, 665, 671, 677, 683, 690, 697, 705, 711, 719, 728, 738, 749]
[0, 661, 656, 652, 648, 643, 638, 635, 632, 629, 627, 624, 623, 622, 620, 618, 616, 614, 0, 517, 521, 515, 513, 507, 0, 454, 451, 456, 443, 437, 436, 437, 442, 452, 0, 0, 518, 0, 0, 630, 634, 637, 641, 645, 649, 653, 658, 663, 668, 674, 679, 677, 686, 702, 697, 709, 715, 723, 732, 742, 752]
[0, 661, 662, 656, 652, 648, 645, 642, 638, 635, 632, 630, 627, 624, 623, 621, 619, 614, 617, 0, 523, 522, 513, 507, 0, 0, 457, 450, 0, 436, 438, 441, 449, 0, 522, 518, 520, 0, 626, 629, 632, 636, 640, 644, 648, 653, 657, 661, 666, 672, 678, 684, 692, 699, 706, 713, 720, 728, 738, 747, 758]
[0, 672, 667, 662, 652, 658, 654, 650, 647, 644, 642, 639, 636, 634, 632, 630, 627, 625, 617, 0, 526, 526, 0, 506, 0, 0, 454, 450, 442, 436, 437, 439, 447, 0, 527, 523, 522, 0, 0, 636, 632, 643, 0, 646, 650, 655, 659, 665, 670, 675, 681, 688, 695, 701, 709, 716, 723, 732, 741, 751, 762]
[0, 676, 670, 666, 662, 657, 653, 650, 648, 646, 644, 639, 641, 638, 636, 634, 632, 629, 0, 528, 525, 526, 514, 505, 0, 0, 463, 456, 442, 0, 438, 441, 447, 0, 527, 533, 529, 0, 0, 644, 647, 650, 654, 658, 662, 667, 672, 665, 677, 690, 681, 697, 704, 710, 717, 724, 732, 741, 750, 760, 770]
[0, 693, 687, 683, 678, 673, 670, 667, 663, 660, 659, 639, 656, 653, 651, 649, 647, 646, 0, 0, 528, 526, 0, 505, 0, 465, 456, 447, 439, 436, 439, 441, 447, 0, 538, 536, 0, 0, 0, 647, 650, 654, 658, 661, 666, 671, 676, 681, 687, 693, 699, 705, 712, 718, 727, 735, 744, 754, 763, 760, 772]
[0, 693, 690, 683, 679, 674, 671, 667, 664, 662, 659, 656, 654, 651, 649, 648, 647, 641, 0, 0, 530, 0, 507, 505, 0, 0, 466, 0, 450, 445, 439, 0, 530, 542, 544, 544, 0, 656, 660, 662, 665, 668, 672, 677, 680, 685, 691, 697, 703, 709, 715, 722, 729, 736, 744, 753, 762, 771, 763, 790, 801]
[0, 700, 694, 689, 679, 684, 681, 677, 674, 672, 668, 665, 663, 661, 660, 658, 656, 655, 0, 0, 535, 0, 508, 0, 0, 0, 463, 0, 451, 445, 441, 0, 530, 0, 545, 544, 0, 0, 661, 662, 664, 667, 671, 675, 679, 685, 691, 697, 702, 708, 714, 719, 727, 734, 742, 751, 760, 768, 777, 788, 799]
[0, 707, 702, 696, 691, 685, 681, 678, 675, 672, 670, 667, 665, 663, 662, 660, 659, 655, 655, 0, 530, 0, 506, 0, 0, 461, 468, 0, 0, 445, 444, 0, 530, 550, 545, 551, 0, 0, 671, 674, 677, 681, 686, 691, 696, 702, 691, 708, 713, 717, 724, 732, 738, 745, 754, 762, 770, 779, 789, 799, 809]
[0, 705, 699, 694, 691, 689, 683, 680, 678, 675, 672, 670, 666, 664, 663, 662, 660, 659, 655, 0, 0, 525, 513, 500, 0, 0, 463, 470, 0, 446, 447, 0, 530, 0, 552, 0, 668, 0, 671, 673, 676, 680, 684, 688, 692, 697, 703, 708, 713, 719, 726, 733, 740, 748, 756, 764, 773, 782, 792, 802, 812]
[0, 706, 701, 696, 690, 685, 682, 678, 677, 674, 670, 670, 667, 665, 663, 662, 661, 659, 0, 0, 0, 530, 0, 507, 0, 0, 467, 470, 0, 451, 447, 0, 0, 549, 551, 0, 0, 0, 673, 676, 680, 683, 687, 692, 697, 703, 708, 713, 718, 719, 732, 733, 739, 746, 755, 763, 771, 779, 789, 800, 810]
[0, 722, 716, 711, 707, 703, 699, 695, 692, 688, 685, 682, 680, 678, 676, 674, 673, 659, 671, 0, 0, 0, 0, 505, 0, 0, 465, 470, 0, 451, 447, 0, 0, 0, 550, 0, 0, 0, 674, 676, 678, 682, 686, 691, 696, 701, 706, 711, 717, 724, 730, 736, 744, 753, 761, 769, 778, 788, 789, 798, 808]
[0, 733, 728, 722, 717, 713, 710, 708, 692, 704, 701, 697, 695, 693, 691, 688, 687, 685, 671, 0, 544, 0, 510, 0, 0, 0, 462, 469, 475, 477, 447, 0, 0, 545, 557, 0, 0, 0, 691, 676, 694, 698, 701, 706, 710, 715, 720, 726, 732, 739, 745, 753, 760, 768, 776, 785, 795, 804, 814, 824, 833]
[0, 738, 733, 727, 722, 719, 710, 715, 712, 709, 706, 703, 702, 700, 697, 695, 692, 691, 671, 0, 544, 0, 508, 0, 0, 466, 466, 469, 480, 477, 447, 0, 0, 548, 0, 0, 0, 700, 704, 707, 710, 713, 717, 722, 727, 733, 738, 745, 751, 758, 765, 772, 780, 788, 776, 797, 807, 816, 824, 833, 844]
[0, 741, 735, 731, 726, 721, 718, 714, 711, 708, 706, 704, 702, 699, 696, 695, 692, 693, 691, 0, 537, 0, 0, 504, 0, 466, 465, 465, 480, 477, 447, 0, 0, 548, 549, 0, 0, 707, 710, 714, 717, 721, 725, 730, 735, 740, 746, 753, 760, 766, 773, 772, 781, 789, 798, 806, 815, 825, 834, 844, 855]
[0, 747, 741, 736, 731, 726, 722, 714, 719, 716, 713, 711, 708, 707, 705, 704, 702, 700, 691, 0, 545, 0, 505, 504, 0, 471, 465, 468, 466, 477, 447, 0, 0, 548, 0, 703, 706, 707, 712, 0, 715, 718, 722, 727, 732, 737, 743, 750, 756, 763, 770, 777, 785, 792, 801, 810, 820, 829, 837, 849, 861]
[0, 750, 744, 739, 734, 730, 724, 720, 718, 715, 712, 709, 708, 706, 705, 703, 701, 700, 700, 0, 539, 0, 0, 507, 0, 471, 465, 465, 466, 477, 447, 0, 0, 0, 0, 0, 0, 714, 717, 721, 726, 730, 734, 738, 744, 750, 757, 763, 768, 776, 784, 791, 785, 806, 801, 814, 824, 833, 843, 855, 865]
[0, 766, 760, 754, 749, 745, 740, 737, 733, 729, 726, 724, 721, 719, 705, 717, 701, 716, 714, 0, 538, 0, 0, 507, 0, 471, 465, 468, 466, 477, 447, 0, 0, 538, 0, 711, 713, 716, 717, 723, 726, 728, 732, 735, 740, 746, 752, 758, 765, 773, 779, 786, 794, 803, 812, 820, 829, 838, 848, 859, 870]
[0, 770, 765, 759, 754, 750, 747, 743, 739, 735, 733, 724, 731, 728, 726, 724, 722, 720, 720, 0, 0, 0, 510, 504, 0, 469, 463, 468, 466, 477, 447, 0, 0, 536, 0, 725, 730, 733, 737, 740, 726, 745, 750, 755, 760, 765, 770, 776, 783, 790, 796, 805, 814, 821, 828, 836, 847, 859, 868, 877, 887]
[0, 788, 782, 777, 772, 767, 764, 743, 760, 757, 755, 752, 748, 746, 744, 742, 739, 738, 738, 0, 0, 0, 508, 0, 0, 468, 465, 471, 466, 473, 447, 0, 0, 536, 0, 0, 735, 737, 741, 744, 749, 754, 759, 765, 768, 772, 779, 786, 793, 800, 808, 815, 823, 830, 838, 848, 860, 869, 879, 888, 899]
[0, 788, 788, 777, 783, 777, 772, 769, 765, 762, 760, 758, 755, 753, 750, 748, 746, 745, 738, 0, 530, 0, 508, 505, 0, 468, 468, 466, 471, 477, 447, 0, 0, 536, 0, 751, 754, 758, 762, 766, 770, 773, 779, 785, 791, 797, 803, 810, 816, 823, 829, 836, 844, 853, 863, 848, 872, 882, 892, 901, 913]
[0, 794, 788, 784, 783, 778, 773, 769, 766, 763, 761, 758, 755, 753, 750, 749, 748, 746, 738, 0, 529, 0, 507, 505, 0, 475, 468, 468, 473, 475, 447, 0, 0, 0, 0, 760, 763, 767, 769, 773, 778, 784, 790, 796, 791, 801, 807, 813, 819, 826, 833, 840, 848, 857, 866, 874, 883, 893, 904, 915, 927]
[0, 796, 792, 787, 780, 775, 771, 768, 765, 762, 760, 758, 754, 753, 752, 749, 748, 747, 746, 0, 0, 0, 508, 503, 0, 477, 468, 467, 470, 476, 447, 0, 0, 0, 0, 760, 762, 766, 770, 773, 778, 783, 788, 795, 801, 806, 812, 818, 825, 832, 839, 840, 846, 856, 865, 873, 881, 891, 903, 914, 926]
[0, 794, 788, 784, 778, 773, 771, 770, 766, 763, 761, 758, 755, 753, 750, 749, 748, 746, 746, 0, 0, 0, 507, 503, 0, 470, 468, 469, 472, 476, 447, 0, 0, 0, 0, 0, 762, 765, 768, 772, 777, 780, 786, 792, 798, 805, 810, 815, 822, 829, 835, 844, 853, 861, 869, 878, 888, 897, 909, 922, 933]
[0, 822, 816, 812, 807, 802, 797, 793, 790, 787, 784, 781, 780, 753, 778, 776, 774, 772, 772, 0, 0, 518, 509, 504, 0, 0, 468, 466, 470, 476, 447, 0, 0, 0, 0, 759, 763, 767, 770, 773, 779, 784, 788, 795, 800, 806, 812, 819, 825, 832, 839, 846, 855, 864, 873, 878, 881, 891, 902, 914, 926]
[0, 822, 821, 816, 812, 808, 803, 799, 794, 791, 788, 785, 782, 780, 778, 777, 775, 773, 773, 0, 0, 518, 506, 504, 0, 474, 468, 468, 471, 475, 447, 0, 0, 0, 0, 791, 795, 0, 803, 0, 808, 811, 817, 823, 828, 834, 839, 846, 854, 861, 868, 876, 885, 891, 900, 910, 922, 933, 943, 954, 968]
[0, 844, 838, 833, 829, 825, 821, 817, 813, 810, 807, 805, 803, 799, 797, 777, 797, 795, 794, 794, 0, 0, 508, 503, 499, 0, 470, 469, 471, 473, 447, 0, 0, 0, 0, 789, 792, 796, 800, 805, 810, 814, 821, 827, 832, 839, 846, 846, 852, 859, 866, 874, 881, 889, 897, 906, 918, 930, 940, 951, 964]
[0, 841, 836, 831, 827, 825, 822, 818, 815, 812, 809, 806, 804, 801, 798, 797, 797, 795, 793, 794, 0, 512, 505, 503, 495, 0, 472, 471, 473, 473, 447, 0, 0, 0, 0, 812, 815, 819, 800, 824, 828, 832, 837, 842, 851, 858, 863, 870, 875, 881, 888, 896, 906, 916, 925, 935, 945, 956, 969, 983, 996]
[0, 866, 860, 854, 847, 841, 838, 835, 832, 830, 826, 823, 821, 820, 798, 818, 815, 814, 814, 813, 0, 0, 506, 499, 498, 0, 474, 471, 471, 475, 447, 0, 0, 0, 0, 810, 813, 818, 823, 828, 831, 834, 840, 847, 854, 861, 867, 874, 879, 886, 888, 902, 906, 912, 921, 931, 941, 951, 963, 978, 991]
[0, 867, 862, 855, 849, 843, 838, 835, 832, 830, 827, 823, 821, 821, 818, 815, 815, 815, 814, 813, 0, 0, 510, 502, 492, 482, 475, 471, 477, 475, 447, 0, 519, 0, 0, 832, 813, 836, 841, 845, 850, 856, 860, 866, 872, 877, 883, 890, 897, 905, 914, 922, 931, 940, 949, 960, 973, 985, 997, 1009, 1022]
[0, 881, 876, 871, 867, 862, 858, 854, 850, 848, 827, 840, 821, 837, 835, 834, 833, 832, 830, 830, 0, 0, 506, 502, 495, 485, 476, 474, 476, 479, 489, 502, 519, 0, 0, 831, 834, 838, 843, 848, 854, 860, 865, 870, 875, 877, 881, 888, 895, 903, 911, 920, 929, 938, 947, 957, 969, 982, 993, 1004, 1019]
[0, 881, 875, 870, 866, 862, 857, 854, 852, 848, 845, 841, 838, 836, 835, 834, 832, 830, 830, 830, 0, 0, 505, 497, 489, 485, 482, 477, 478, 489, 489, 497, 519, 0, 0, 851, 854, 858, 862, 866, 870, 875, 880, 884, 889, 895, 903, 912, 920, 928, 936, 943, 951, 962, 974, 986, 998, 1009, 1020, 1033, 1049]
[0, 891, 886, 881, 875, 871, 857, 865, 852, 862, 859, 856, 853, 850, 849, 847, 845, 842, 841, 841, 0, 0, 505, 0, 489, 481, 0, 473, 474, 483, 491, 499, 519, 0, 0, 851, 855, 860, 863, 867, 871, 875, 880, 885, 891, 897, 906, 914, 921, 929, 937, 946, 955, 965, 978, 989, 999, 1011, 1020, 1023, 1052]
[0, 895, 889, 884, 879, 874, 869, 866, 863, 861, 858, 854, 851, 850, 848, 845, 843, 842, 842, 841, 841, 0, 0, 502, 488, 481, 483, 483, 474, 483, 492, 503, 514, 0, 860, 864, 867, 870, 874, 879, 883, 888, 892, 897, 904, 912, 920, 929, 936, 943, 951, 959, 970, 982, 993, 1002, 1015, 1011, 1028, 1040, 1055]
[0, 902, 895, 890, 885, 881, 877, 873, 863, 870, 868, 866, 865, 863, 860, 857, 856, 854, 852, 852, 853, 0, 0, 502, 493, 486, 481, 480, 474, 483, 0, 503, 514, 0, 861, 865, 869, 872, 876, 880, 884, 889, 892, 894, 901, 907, 914, 923, 932, 940, 946, 955, 964, 975, 987, 997, 1008, 1020, 1034, 1048, 1063]
[0, 907, 900, 895, 890, 884, 879, 875, 873, 870, 867, 865, 863, 861, 860, 858, 856, 854, 854, 854, 854, 0, 0, 501, 496, 490, 486, 485, 474, 483, 0, 509, 514, 0, 870, 872, 875, 879, 883, 887, 892, 897, 903, 909, 916, 924, 932, 939, 946, 953, 961, 973, 984, 995, 1006, 1017, 1008, 1028, 1040, 1054, 1069]
[0, 928, 922, 917, 911, 905, 900, 895, 892, 870, 890, 887, 885, 884, 882, 880, 878, 878, 876, 876, 876, 0, 0, 501, 493, 488, 486, 0, 474, 483, 0, 520, 0, 871, 873, 876, 879, 883, 0, 888, 893, 897, 902, 908, 915, 923, 930, 937, 943, 951, 961, 971, 981, 991, 1002, 1012, 1023, 1036, 1049, 1064, 1080]
[0, 930, 925, 918, 911, 906, 901, 898, 895, 891, 889, 885, 884, 882, 882, 880, 879, 878, 876, 876, 876, 877, 0, 0, 501, 488, 497, 499, 474, 504, 0, 520, 0, 890, 893, 896, 900, 904, 909, 914, 920, 925, 931, 938, 945, 951, 957, 965, 975, 984, 993, 1002, 1011, 1021, 1034, 1045, 1057, 1071, 1049, 1086, 1102]
[0, 969, 961, 954, 949, 944, 940, 898, 936, 933, 929, 926, 923, 921, 919, 917, 916, 916, 914, 914, 914, 915, 0, 0, 503, 498, 498, 499, 502, 509, 519, 0, 891, 892, 895, 898, 900, 907, 913, 914, 918, 924, 930, 935, 941, 947, 955, 963, 972, 981, 990, 999, 1009, 1019, 1029, 1041, 1054, 1069, 1084, 1098, 1113]
[0, 981, 973, 965, 958, 953, 949, 945, 941, 938, 934, 932, 931, 928, 925, 924, 923, 922, 922, 923, 923, 915, 923, 0, 0, 498, 512, 516, 502, 523, 0, 0, 930, 934, 936, 939, 944, 948, 952, 957, 963, 970, 977, 986, 993, 1001, 1009, 1016, 1026, 1036, 1043, 1055, 1067, 1078, 1090, 1104, 1118, 1134, 1150, 1164, 1180]
[0, 980, 973, 964, 958, 953, 949, 945, 941, 938, 935, 932, 930, 928, 928, 927, 925, 924, 923, 923, 925, 924, 923, 924, 0, 0, 516, 518, 522, 523, 0, 936, 937, 940, 944, 948, 952, 956, 961, 967, 973, 981, 988, 994, 1001, 1008, 1016, 1025, 1034, 1043, 1052, 1055, 1074, 1078, 1086, 1099, 1113, 1127, 1142, 1158, 1173]
[0, 988, 973, 981, 975, 969, 964, 958, 954, 951, 948, 946, 944, 940, 939, 938, 937, 936, 935, 935, 936, 937, 923, 924, 0, 518, 515, 519, 525, 523, 0, 937, 940, 942, 946, 950, 0, 959, 961, 964, 970, 977, 985, 992, 997, 1005, 1013, 1021, 1028, 1037, 1047, 1058, 1069, 1080, 1091, 1106, 1121, 1135, 1150, 1164, 1179]
[0, 992, 984, 977, 971, 967, 961, 956, 952, 949, 947, 946, 940, 940, 939, 937, 937, 937, 936, 936, 936, 936, 936, 924, 0, 0, 526, 525, 532, 0, 944, 947, 950, 954, 956, 959, 965, 969, 975, 981, 988, 994, 1000, 1006, 1013, 1022, 1030, 1039, 1048, 1058, 1068, 1078, 1090, 1080, 1103, 1117, 1130, 1145, 1160, 1174, 1189]
[0, 992, 985, 977, 971, 966, 960, 955, 951, 949, 949, 947, 944, 942, 939, 937, 936, 936, 935, 935, 936, 936, 936, 937, 0, 0, 523, 527, 532, 0, 946, 949, 953, 956, 959, 0, 963, 974, 975, 980, 985, 991, 997, 1003, 1010, 1018, 1027, 1036, 1044, 1053, 1063, 1074, 1085, 1096, 1110, 1124, 1139, 1154, 1167, 1180, 1196]
[0, 1064, 1056, 1049, 1044, 1040, 1036, 1031, 951, 1028, 1025, 1021, 1019, 1018, 1017, 1015, 1014, 1014, 1014, 1013, 1014, 1015, 936, 937, 0, 0, 523, 527, 532, 0, 945, 949, 952, 955, 0, 960, 964, 968, 975, 982, 986, 991, 997, 1004, 1012, 1020, 1028, 1036, 1046, 1056, 1064, 1074, 1085, 1097, 1110, 1125, 1140, 1154, 1168, 1182, 1198]
[0, 1069, 1061, 1055, 1044, 1050, 1043, 1038, 1035, 1033, 1028, 1023, 1022, 1020, 1017, 1015, 1015, 1016, 1017, 1015, 1015, 1017, 1017, 1018, 1019, 1021, 1024, 1026, 1029, 1032, 1035, 1039, 1044, 955, 1046, 1048, 1051, 1056, 1063, 1069, 1076, 1082, 1091, 1099, 1108, 1117, 1126, 1135, 1144, 1156, 1166, 1177, 1190, 1205, 1220, 1233, 1249, 1266, 1282, 1299, 1322]
[0, 1074, 1066, 1058, 1052, 1046, 1042, 1038, 1035, 1032, 1028, 1024, 1021, 1018, 1018, 1017, 1017, 1017, 1017, 1017, 1016, 1017, 1017, 1018, 1019, 1021, 1024, 1026, 1029, 1032, 1032, 1035, 1039, 1043, 1045, 1048, 1053, 1058, 1063, 1069, 1076, 1082, 1091, 1100, 1109, 1119, 1128, 1138, 1148, 1157, 1167, 1178, 1192, 1209, 1222, 1237, 1253, 1267, 1283, 1299, 1327]
[0, 1098, 1091, 1086, 1080, 1046, 1074, 1069, 1065, 1062, 1059, 1056, 1053, 1050, 1048, 1046, 1046, 1046, 1045, 1045, 1046, 1046, 1017, 1018, 1019, 1022, 1024, 1026, 1028, 1030, 1036, 1040, 1042, 1044, 1046, 1051, 1056, 1062, 1067, 1073, 1080, 1087, 1091, 1096, 1105, 1115, 1125, 1133, 1143, 1153, 1165, 1176, 1187, 1202, 1217, 1231, 1246, 1262, 1278, 1297, 1319]
[0, 1102, 1094, 1089, 1083, 1077, 1072, 1067, 1064, 1061, 1057, 1054, 1053, 1050, 1047, 1046, 1044, 1046, 1046, 1045, 1045, 1045, 1047, 1051, 1053, 1053, 1054, 1057, 1028, 1059, 1061, 1064, 1068, 1071, 1075, 1078, 1083, 1091, 1098, 1108, 1117, 1124, 1135, 1143, 1150, 1162, 1171, 1174, 1180, 1194, 1209, 1225, 1240, 1251, 1264, 1277, 1292, 1311, 1331, 1297, 1351]
[0, 1117, 1110, 1089, 1102, 1095, 1089, 1084, 1080, 1077, 1074, 1071, 1068, 1066, 1063, 1062, 1062, 1062, 1061, 1062, 1063, 1064, 1046, 1049, 1051, 1052, 1054, 1056, 1057, 1061, 1063, 1066, 1069, 1073, 1077, 1081, 1087, 1095, 1102, 1110, 1122, 1124, 1132, 1140, 1150, 1159, 1168, 1172, 1180, 1190, 1201, 1217, 1231, 1244, 1257, 1270, 1286, 1302, 1323, 1344, 1362]
[0, 1118, 1112, 1103, 1097, 1092, 1088, 1083, 1079, 1075, 1074, 1072, 1070, 1068, 1067, 1065, 1063, 1063, 1063, 1063, 1063, 1064, 1065, 1066, 1068, 1069, 1054, 1070, 1071, 1073, 1076, 1080, 1086, 1089, 1093, 1098, 1104, 1113, 1121, 1129, 1136, 1144, 1153, 1159, 1166, 1173, 1180, 1194, 1209, 1217, 1228, 1244, 1256, 1268, 1281, 1270, 1296, 1314, 1334, 1354, 1374]
[0, 1142, 1135, 1127, 1119, 1115, 1110, 1105, 1099, 1095, 1094, 1090, 1086, 1084, 1083, 1081, 1080, 1080, 1080, 1080, 1081, 1082, 1065, 1066, 1068, 1070, 1071, 1072, 1074, 1078, 1084, 1087, 1086, 1094, 1093, 1097, 1102, 1110, 1117, 1122, 1133, 1142, 1151, 1159, 1164, 1169, 1180, 1189, 1201, 1214, 1226, 1240, 1255, 1267, 1277, 1292, 1309, 1328, 1346, 1366, 1387]
[0, 1154, 1146, 1139, 1133, 1126, 1121, 1117, 1113, 1109, 1105, 1101, 1098, 1098, 1096, 1081, 1094, 1093, 1094, 1098, 1100, 1102, 1065, 1082, 1085, 1088, 1090, 1095, 1106, 1110, 1108, 1111, 1112, 1115, 1121, 1125, 1131, 1138, 1142, 1148, 1159, 1169, 1176, 1183, 1191, 1197, 1204, 1218, 1201, 1233, 1246, 1257, 1268, 1282, 1295, 1311, 1329, 1347, 1364, 1375, 1386]
[0, 1167, 1161, 1157, 1151, 1145, 1139, 1135, 1131, 1127, 1124, 1120, 1117, 1116, 1114, 1081, 1117, 1120, 1121, 1121, 1123, 1125, 1105, 1102, 1102, 1104, 1109, 1119, 1122, 1121, 1121, 1122, 1123, 1128, 1132, 1138, 1145, 1151, 1159, 1167, 1171, 1175, 1182, 1183, 1193, 1205, 1214, 1226, 1237, 1246, 1258, 1271, 1283, 1298, 1311, 1323, 1336, 1345, 1358, 1374, 1389]
[0, 1170, 1165, 1159, 1153, 1145, 1139, 1136, 1132, 1128, 1124, 1120, 1122, 1118, 1115, 1115, 1116, 1120, 1121, 1122, 1125, 1125, 1123, 1119, 1124, 1129, 1128, 1130, 1137, 1139, 1141, 1147, 1148, 1149, 1153, 1160, 1165, 1169, 1175, 1181, 1189, 1175, 1198, 1208, 1218, 1226, 1235, 1245, 1255, 1266, 1273, 1280, 1287, 1299, 1312, 1324, 1336, 1349, 1362, 1375, 1389]
[0, 1202, 1195, 1189, 1183, 1176, 1172, 1168, 1165, 1162, 1124, 1158, 1122, 1155, 1154, 1156, 1156, 1150, 1150, 1155, 1156, 1158, 1120, 1120, 1126, 1126, 1124, 1129, 1136, 1141, 1143, 1147, 1147, 1148, 1155, 1161, 1165, 1172, 1175, 1178, 1183, 1190, 1199, 1210, 1219, 1227, 1236, 1245, 1255, 1263, 1271, 1280, 1291, 1301, 1311, 1325, 1338, 1350, 1362, 1376, 1391]
[0, 1204, 1194, 1187, 1182, 1176, 1171, 1168, 1165, 1162, 1161, 1158, 1157, 1156, 1156, 1156, 1153, 1150, 1152, 1155, 1156, 1159, 1157, 1158, 1157, 1158, 1162, 1167, 1168, 1170, 1173, 1174, 1177, 1180, 1185, 1190, 1165, 1195, 1202, 1206, 1206, 1211, 1218, 1225, 1231, 1236, 1242, 1248, 1255, 1263, 1270, 1279, 1287, 1297, 1311, 1325, 1339, 1351, 1362, 1376, 1391]
[0, 1243, 1237, 1229, 1219, 1213, 1209, 1203, 1199, 1198, 1194, 1191, 1157, 1188, 1187, 1184, 1183, 1184, 1183, 1182, 1183, 1185, 1159, 1158, 1158, 1158, 1162, 1164, 1165, 1169, 1172, 1174, 1177, 1177, 1181, 1185, 1191, 1198, 1204, 1206, 1207, 1212, 1217, 1224, 1231, 1235, 1242, 1251, 1258, 1264, 1270, 1279, 1288, 1299, 1311, 1325, 1338, 1350, 1362, 1375, 1391]
[0, 1243, 1236, 1230, 1220, 1213, 1209, 1203, 1200, 1198, 1194, 1191, 1189, 1188, 1187, 1184, 1182, 1183, 1182, 1182, 1184, 1185, 1184, 1185, 1185, 1187, 1189, 1189, 1185, 1184, 1188, 1187, 1189, 1191, 1192, 1193, 1195, 1198, 1198, 1202, 1206, 1211, 1218, 1224, 1230, 1236, 1240, 1246, 1255, 1262, 1270, 1279, 1287, 1297, 1310, 1323, 1336, 1350, 1362, 1374, 1389]
[0, 1244, 1238, 1231, 1221, 1212, 1208, 1204, 1201, 1197, 1194, 1192, 1189, 1187, 1184, 1182, 1182, 1183, 1183, 1182, 1184, 1184, 1185, 1185, 1183, 1186, 1189, 1188, 1187, 1186, 1187, 1187, 1188, 1190, 1191, 1193, 1195, 1197, 1201, 1206, 1206, 1212, 1216, 1221, 1228, 1235, 1239, 1245, 1253, 1260, 1269, 1279, 1286, 1294, 1306, 1321, 1335, 1348, 1361, 1374, 1386]
[0, 1250, 1244, 1239, 1230, 1219, 1213, 1209, 1206, 1203, 1199, 1196, 1192, 1191, 1191, 1190, 1188, 1188, 1189, 1189, 1190, 1184, 1185, 1185, 1186, 1187, 1188, 1188, 1186, 1184, 1185, 1185, 1187, 1189, 1191, 1193, 1195, 1197, 1200, 1205, 1209, 1215, 1216, 1226, 1228, 1232, 1238, 1246, 1251, 1259, 1268, 1273, 1283, 1293, 1306, 1319, 1331, 1347, 1360, 1373, 1386]
[0, 1329, 1319, 1312, 1303, 1290, 1280, 1270, 1261, 1253, 1246, 1239, 1232, 1191, 1226, 1220, 1214, 1208, 1203, 1199, 1196, 1193, 1185, 1190, 1189, 1190, 1189, 1183, 1184, 1185, 1185, 1188, 1188, 1189, 1191, 1193, 1195, 1197, 1201, 1205, 1210, 1215, 1221, 1226, 1232, 1239, 1245, 1251, 1259, 1267, 1268, 1274, 1282, 1292, 1304, 1315, 1327, 1341, 1354, 1369, 1381]
[0, 1324, 1314, 1307, 1303, 1298, 1285, 1274, 1266, 1257, 1249, 1243, 1236, 1231, 1226, 1217, 1211, 1207, 1202, 1199, 1195, 1193, 1191, 1187, 1184, 1183, 1185, 1185, 1184, 1185, 1187, 1186, 1187, 1189, 1190, 1192, 1195, 1198, 1201, 1200, 1203, 1209, 1214, 1219, 1227, 1234, 1239, 1246, 1253, 1260, 1268, 1278, 1286, 1294, 1303, 1314, 1327, 1341, 1354, 1367, 1382]
[0, 1334, 1320, 1307, 1295, 1286, 1277, 1267, 1258, 1251, 1249, 1243, 1237, 1230, 1223, 1216, 1211, 1207, 1201, 1198, 1195, 1193, 1190, 1186, 1184, 1182, 1183, 1185, 1183, 1182, 1184, 1183, 1184, 1185, 1187, 1189, 1192, 1194, 1195, 1199, 1204, 1209, 1215, 1221, 1228, 1234, 1242, 1248, 1254, 1262, 1270, 1280, 1287, 1294, 1297, 1310, 1324, 1340, 1351, 1360, 1375]
[0, 1337, 1325, 1312, 1300, 1289, 1279, 1270, 1262, 1254, 1246, 1239, 1231, 1223, 1219, 1215, 1211, 1208, 1203, 1199, 1196, 1193, 1192, 1190, 1185, 1183, 1183, 1184, 1184, 1182, 1182, 1182, 1184, 1183, 1184, 1187, 1191, 1195, 1198, 1202, 1205, 1209, 1216, 1220, 1224, 1232, 1241, 1246, 1250, 1257, 1267, 1275, 1282, 1292, 1304, 1318, 1332, 1343, 1358, 1371, 1386]
[0, 1339, 1326, 1313, 1299, 1287, 1278, 1270, 1263, 1252, 1244, 1238, 1232, 1226, 1219, 1214, 1207, 1202, 1199, 1199, 1193, 1193, 1189, 1186, 1184, 1183, 1186, 1184, 1182, 1182, 1181, 1181, 1184, 1188, 1190, 1192, 1194, 1197, 1199, 1202, 1205, 1209, 1208, 1216, 1224, 1229, 1236, 1245, 1251, 1258, 1265, 1272, 1282, 1293, 1302, 1313, 1326, 1339, 1353, 1367, 1382]
[0, 1327, 1316, 1313, 1303, 1290, 1281, 1273, 1265, 1256, 1249, 1242, 1234, 1226, 1222, 1216, 1211, 1205, 1201, 1198, 1195, 1190, 1190, 1189, 1187, 1186, 1183, 1181, 1181, 1182, 1182, 1182, 1185, 1185, 1184, 1187, 1192, 1196, 1198, 1202, 1206, 1207, 1212, 1218, 1226, 1233, 1236, 1245, 1251, 1253, 1263, 1270, 1277, 1286, 1296, 1309, 1320, 1334, 1347, 1361, 1377]
[0, 1329, 1317, 1302, 1290, 1290, 1281, 1273, 1266, 1256, 1249, 1242, 1235, 1228, 1222, 1216, 1211, 1206, 1201, 1198, 1194, 1190, 1187, 1186, 1184, 1182, 1183, 1182, 1183, 1182, 1184, 1183, 1182, 1184, 1187, 1189, 1191, 1194, 1196, 1199, 1203, 1209, 1214, 1221, 1228, 1233, 1241, 1247, 1253, 1261, 1267, 1274, 1284, 1296, 1296, 1309, 1320, 1333, 1348, 1360, 1373]
[0, 1331, 1317, 1304, 1293, 1282, 1273, 1273, 1265, 1258, 1249, 1242, 1236, 1229, 1223, 1217, 1210, 1204, 1201, 1197, 1194, 1190, 1187, 1186, 1184, 1182, 1181, 1182, 1181, 1182, 1183, 1183, 1183, 1185, 1187, 1188, 1191, 1194, 1196, 1198, 1203, 1208, 1214, 1220, 1227, 1233, 1240, 1247, 1253, 1260, 1267, 1274, 1284, 1296, 1295, 1309, 1320, 1333, 1347, 1360, 1373]
[0, 1338, 1324, 1309, 1295, 1287, 1278, 1270, 1261, 1252, 1243, 1238, 1232, 1226, 1219, 1213, 1207, 1202, 1201, 1198, 1195, 1192, 1187, 1186, 1185, 1183, 1182, 1183, 1183, 1182, 1182, 1183, 1182, 1183, 1184, 1187, 1191, 1194, 1197, 1198, 1201, 1205, 1210, 1217, 1224, 1229, 1235, 1242, 1249, 1257, 1265, 1273, 1282, 1292, 1303, 1315, 1328, 1342, 1347, 1370, 1373]
[0, 1327, 1324, 1312, 1297, 1288, 1280, 1272, 1262, 1253, 1247, 1241, 1233, 1225, 1218, 1213, 1206, 1201, 1199, 1195, 1193, 1189, 1189, 1184, 1183, 1183, 1181, 1181, 1181, 1180, 1179, 1180, 1183, 1185, 1185, 1186, 1191, 1195, 1197, 1198, 1203, 1208, 1212, 1218, 1224, 1226, 1232, 1239, 1245, 1252, 1260, 1267, 1276, 1286, 1296, 1308, 1320, 1334, 1348, 1361, 1375]
[0, 1337, 1325, 1310, 1295, 1287, 1278, 1270, 1261, 1253, 1245, 1238, 1231, 1225, 1217, 1209, 1204, 1201, 1198, 1193, 1190, 1189, 1185, 1184, 1183, 1181, 1181, 1182, 1181, 1181, 1180, 1179, 1182, 1184, 1186, 1188, 1190, 1193, 1195, 1198, 1202, 1206, 1211, 1216, 1220, 1229, 1236, 1243, 1251, 1259, 1266, 1273, 1282, 1292, 1301, 1308, 1313, 1328, 1344, 1359, 1370]
[0, 1333, 1319, 1306, 1293, 1283, 1276, 1269, 1258, 1248, 1242, 1235, 1227, 1223, 1217, 1217, 1209, 1203, 1200, 1198, 1195, 1192, 1185, 1183, 1184, 1185, 1182, 1180, 1179, 1178, 1179, 1179, 1178, 1182, 1184, 1186, 1191, 1193, 1194, 1197, 1201, 1206, 1211, 1215, 1220, 1229, 1237, 1242, 1249, 1259, 1257, 1266, 1274, 1282, 1293, 1308, 1320, 1333, 1347, 1362, 1378]
[0, 1333, 1316, 1303, 1293, 1283, 1274, 1268, 1257, 1249, 1242, 1235, 1234, 1227, 1221, 1214, 1208, 1202, 1199, 1196, 1190, 1186, 1187, 1184, 1184, 1183, 1182, 1179, 1179, 1182, 1181, 1179, 1179, 1182, 1183, 1185, 1191, 1194, 1194, 1197, 1199, 1204, 1206, 1212, 1220, 1224, 1230, 1238, 1244, 1251, 1261, 1270, 1276, 1283, 1294, 1310, 1326, 1339, 1353, 1368, 1385]
[0, 1328, 1314, 1301, 1290, 1281, 1274, 1273, 1262, 1253, 1247, 1241, 1235, 1227, 1221, 1216, 1209, 1204, 1198, 1195, 1193, 1189, 1184, 1182, 1180, 1180, 1179, 1176, 1178, 1178, 1179, 1179, 1179, 1181, 1184, 1185, 1186, 1191, 1194, 1195, 1198, 1203, 1206, 1210, 1217, 1225, 1232, 1238, 1246, 1257, 1268, 1279, 1289, 1300, 1312, 1325, 1337, 1350, 1366, 1384, 1398]
[0, 1326, 1313, 1300, 1289, 1281, 1280, 1272, 1262, 1253, 1247, 1241, 1234, 1226, 1219, 1211, 1206, 1203, 1198, 1194, 1192, 1189, 1187, 1184, 1182, 1182, 1178, 1178, 1178, 1179, 1179, 1179, 1177, 1180, 1184, 1186, 1187, 1190, 1193, 1195, 1200, 1204, 1206, 1212, 1219, 1225, 1234, 1243, 1250, 1258, 1269, 1282, 1295, 1306, 1317, 1330, 1345, 1360, 1375, 1384, 1391]
[0, 1326, 1313, 1300, 1289, 1288, 1279, 1271, 1261, 1253, 1246, 1240, 1233, 1225, 1218, 1212, 1206, 1201, 1197, 1193, 1192, 1189, 1186, 1185, 1183, 1179, 1176, 1178, 1178, 1178, 1178, 1179, 1180, 1181, 1181, 1185, 1187, 1190, 1193, 1195, 1200, 1204, 1209, 1216, 1224, 1231, 1239, 1251, 1260, 1267, 1274, 1283, 1296, 1307, 1317, 1328, 1343, 1359, 1372, 1384, 1387]
[0, 1336, 1322, 1307, 1295, 1286, 1277, 1269, 1258, 1250, 1244, 1237, 1230, 1224, 1216, 1209, 1204, 1200, 1197, 1192, 1192, 1190, 1186, 1184, 1183, 1179, 1178, 1176, 1178, 1180, 1179, 1179, 1181, 1183, 1185, 1187, 1189, 1192, 1194, 1197, 1202, 1205, 1210, 1219, 1228, 1234, 1242, 1254, 1263, 1271, 1279, 1290, 1300, 1307, 1310, 1321, 1332, 1345, 1360, 1375, 1390]
[0, 1326, 1312, 1298, 1287, 1279, 1270, 1262, 1257, 1250, 1249, 1241, 1236, 1229, 1221, 1214, 1207, 1202, 1198, 1195, 1190, 1187, 1188, 1184, 1181, 1181, 1181, 1179, 1179, 1178, 1176, 1176, 1178, 1182, 1184, 1185, 1188, 1189, 1193, 1197, 1201, 1206, 1212, 1220, 1228, 1237, 1246, 1254, 1254, 1262, 1271, 1282, 1292, 1301, 1311, 1322, 1334, 1347, 1362, 1377, 1391]
[0, 1335, 1321, 1306, 1295, 1283, 1275, 1266, 1256, 1249, 1243, 1236, 1230, 1222, 1215, 1212, 1206, 1201, 1197, 1195, 1190, 1192, 1185, 1183, 1180, 1180, 1179, 1175, 1175, 1177, 1179, 1181, 1183, 1186, 1184, 1191, 1199, 1206, 1209, 1211, 1216, 1220, 1225, 1230, 1235, 1241, 1248, 1254, 1262, 1267, 1273, 1285, 1293, 1301, 1315, 1325, 1336, 1352, 1368, 1386, 1402]
[0, 1328, 1315, 1304, 1291, 1282, 1273, 1262, 1253, 1246, 1241, 1236, 1229, 1223, 1217, 1212, 1211, 1211, 1209, 1195, 1207, 1206, 1190, 1189, 1188, 1191, 1195, 1195, 1194, 1194, 1194, 1195, 1197, 1198, 1200, 1202, 1205, 1207, 1209, 1212, 1214, 1219, 1225, 1231, 1237, 1243, 1249, 1255, 1263, 1267, 1271, 1281, 1291, 1299, 1310, 1322, 1333, 1345, 1361, 1376, 1390]
[0, 1326, 1313, 1300, 1288, 1279, 1270, 1262, 1254, 1247, 1241, 1233, 1229, 1227, 1221, 1217, 1214, 1213, 1211, 1208, 1209, 1207, 1204, 1200, 1198, 1198, 1196, 1196, 1195, 1194, 1195, 1197, 1198, 1198, 1200, 1202, 1205, 1207, 1208, 1212, 1215, 1217, 1225, 1233, 1236, 1243, 1243, 1250, 1255, 1263, 1270, 1280, 1291, 1301, 1312, 1324, 1334, 1347, 1364, 1379, 1391]
[0, 1330, 1315, 1300, 1289, 1279, 1269, 1262, 1254, 1247, 1242, 1238, 1234, 1230, 1221, 1227, 1225, 1222, 1216, 1211, 1209, 1206, 1203, 1199, 1197, 1196, 1196, 1195, 1195, 1195, 1194, 1195, 1196, 1198, 1200, 1202, 1205, 1207, 1208, 1211, 1213, 1217, 1221, 1226, 1234, 1240, 1245, 1251, 1260, 1266, 1271, 1280, 1291, 1304, 1315, 1325, 1337, 1351, 1368, 1384, 1398]
[0, 1319, 1315, 1309, 1297, 1287, 1279, 1274, 1269, 1261, 1258, 1254, 1247, 1241, 1235, 1231, 1226, 1219, 1214, 1212, 1208, 1204, 1203, 1200, 1199, 1198, 1196, 1195, 1196, 1196, 1194, 1194, 1197, 1199, 1200, 1202, 1204, 1207, 1210, 1212, 1214, 1217, 1220, 1228, 1235, 1241, 1245, 1251, 1258, 1266, 1272, 1280, 1292, 1301, 1312, 1325, 1336, 1349, 1365, 1378, 1394]
[0, 1330, 1318, 1309, 1302, 1293, 1287, 1281, 1272, 1265, 1258, 1251, 1244, 1238, 1232, 1228, 1223, 1219, 1218, 1214, 1209, 1206, 1200, 1198, 1198, 1197, 1196, 1196, 1197, 1196, 1194, 1193, 1195, 1197, 1200, 1202, 1203, 1206, 1208, 1210, 1215, 1219, 1223, 1230, 1237, 1241, 1247, 1255, 1262, 1270, 1279, 1287, 1296, 1306, 1318, 1325, 1339, 1349, 1357, 1374, 1388]
[0, 1326, 1317, 1307, 1297, 1293, 1292, 1286, 1277, 1266, 1257, 1254, 1246, 1240, 1235, 1230, 1224, 1218, 1216, 1212, 1208, 1205, 1203, 1200, 1198, 1198, 1196, 1195, 1195, 1195, 1195, 1197, 1198, 1199, 1199, 1202, 1204, 1207, 1208, 1212, 1215, 1219, 1227, 1230, 1233, 1237, 1242, 1249, 1255, 1263, 1270, 1279, 1290, 1300, 1312, 1322, 1333, 1347, 1363, 1379, 1392]
[0, 1344, 1333, 1320, 1311, 1302, 1291, 1281, 1269, 1261, 1257, 1251, 1245, 1238, 1232, 1228, 1222, 1218, 1215, 1212, 1209, 1205, 1202, 1200, 1199, 1197, 1194, 1193, 1192, 1194, 1195, 1195, 1195, 1195, 1196, 1198, 1202, 1206, 1208, 1210, 1213, 1215, 1221, 1228, 1233, 1240, 1248, 1254, 1260, 1267, 1274, 1284, 1296, 1306, 1316, 1325, 1337, 1355, 1370, 1385, 1402]
[0, 1343, 1328, 1317, 1306, 1297, 1287, 1279, 1274, 1264, 1255, 1250, 1245, 1244, 1237, 1232, 1225, 1220, 1217, 1211, 1206, 1204, 1203, 1200, 1196, 1195, 1196, 1195, 1195, 1194, 1195, 1196, 1197, 1197, 1199, 1201, 1204, 1206, 1208, 1211, 1215, 1217, 1222, 1230, 1237, 1243, 1250, 1254, 1255, 1262, 1270, 1280, 1290, 1300, 1310, 1322, 1333, 1345, 1361, 1376, 1391]
[0, 1350, 1333, 1321, 1309, 1300, 1292, 1281, 1273, 1265, 1257, 1251, 1246, 1240, 1233, 1228, 1223, 1218, 1217, 1212, 1206, 1205, 1202, 1199, 1197, 1196, 1195, 1194, 1195, 1194, 1193, 1194, 1197, 1198, 1200, 1202, 1205, 1207, 1208, 1208, 1211, 1216, 1220, 1226, 1234, 1237, 1243, 1251, 1260, 1267, 1272, 1280, 1291, 1304, 1315, 1325, 1336, 1350, 1366, 1379, 1394]
[0, 1350, 1334, 1321, 1310, 1301, 1292, 1282, 1274, 1265, 1257, 1251, 1246, 1240, 1233, 1228, 1223, 1218, 1217, 1212, 1212, 1205, 1204, 1201, 1196, 1196, 1196, 1195, 1195, 1194, 1194, 1195, 1196, 1198, 1199, 1207, 1210, 1206, 1209, 1211, 1213, 1217, 1223, 1230, 1236, 1243, 1250, 1251, 1255, 1262, 1270, 1280, 1290, 1300, 1310, 1321, 1332, 1346, 1362, 1376, 1390]
[0, 1342, 1330, 1320, 1311, 1302, 1291, 1281, 1270, 1261, 1257, 1251, 1245, 1238, 1233, 1228, 1223, 1218, 1217, 1213, 1208, 1205, 1204, 1201, 1197, 1196, 1195, 1194, 1194, 1194, 1194, 1195, 1196, 1198, 1199, 1206, 1209, 1206, 1208, 1210, 1213, 1217, 1223, 1230, 1236, 1243, 1250, 1256, 1255, 1263, 1271, 1280, 1290, 1300, 1310, 1321, 1332, 1345, 1361, 1376, 1390]
[0, 1338, 1325, 1320, 1314, 1302, 1291, 1283, 1274, 1266, 1259, 1253, 1247, 1240, 1235, 1231, 1225, 1218, 1214, 1211, 1208, 1203, 1200, 1197, 1197, 1196, 1196, 1195, 1194, 1194, 1195, 1195, 1195, 1197, 1199, 1201, 1203, 1206, 1208, 1211, 1215, 1218, 1223, 1229, 1236, 1243, 1246, 1256, 1253, 1263, 1271, 1280, 1290, 1299, 1309, 1321, 1331, 1344, 1360, 1375, 1390]
[0, 1342, 1328, 1317, 1306, 1297, 1287, 1276, 1269, 1266, 1262, 1254, 1250, 1243, 1236, 1232, 1225, 1218, 1214, 1211, 1207, 1204, 1199, 1198, 1197, 1196, 1196, 1195, 1194, 1192, 1192, 1194, 1195, 1196, 1199, 1201, 1203, 1206, 1208, 1211, 1215, 1219, 1223, 1229, 1236, 1243, 1249, 1255, 1261, 1269, 1278, 1286, 1296, 1306, 1318, 1328, 1331, 1340, 1356, 1373, 1388]
[0, 1344, 1329, 1320, 1310, 1301, 1290, 1279, 1269, 1262, 1257, 1249, 1242, 1237, 1236, 1230, 1223, 1218, 1215, 1211, 1207, 1203, 1202, 1199, 1197, 1196, 1195, 1196, 1195, 1194, 1194, 1194, 1196, 1198, 1200, 1201, 1202, 1200, 1202, 1209, 1214, 1217, 1218, 1226, 1233, 1238, 1243, 1251, 1260, 1266, 1272, 1282, 1292, 1304, 1316, 1326, 1335, 1350, 1367, 1384, 1399]
[0, 1338, 1324, 1311, 1302, 1301, 1292, 1285, 1277, 1265, 1257, 1253, 1246, 1239, 1235, 1230, 1223, 1217, 1213, 1209, 1207, 1204, 1203, 1200, 1198, 1197, 1195, 1195, 1192, 1193, 1195, 1196, 1197, 1198, 1199, 1201, 1204, 1206, 1209, 1212, 1215, 1217, 1224, 1226, 1232, 1236, 1242, 1245, 1252, 1263, 1270, 1279, 1290, 1300, 1311, 1322, 1331, 1344, 1362, 1378, 1390]
