[0, 0, 0, 0, 0, 0, 0, 0, 0, 0, 0, 0, 0, 0, 0, 0, 0, 0, 0, 0, 0, 0, 0, 0, 0, 0, 0, 0, 0, 0, 0, 0, 0, 0, 0, 0, 0, 0, 0, 0, 0, 0, 0, 0, 0, 0, 0, 0, 0, 0, 0, 0, 0, 0, 0, 0, 0, 0, 0, 0, 0]
[0, 551, 546, 542, 538, 534, 530, 528, 525, 522, 519, 516, 514, 511, 509, 508, 506, 505, 503, 503, 502, 500, 500, 499, 499, 498, 498, 498, 498, 499, 498, 499, 499, 500, 502, 503, 505, 507, 507, 510, 511, 513, 516, 518, 519, 522, 529, 530, 535, 538, 543, 547, 553, 556, 558, 567, 573, 578, 588, 594, 598]
[0, 548, 544, 540, 536, 532, 529, 526, 523, 520, 518, 515, 514, 512, 510, 509, 507, 506, 505, 503, 501, 501, 500, 499, 499, 498, 497, 497, 498, 498, 498, 499, 499, 500, 501, 503, 504, 505, 507, 509, 511, 512, 514, 517, 520, 523, 526, 530, 532, 536, 541, 546, 551, 555, 559, 564, 569, 576, 583, 590, 596]
[0, 547, 544, 539, 535, 532, 529, 528, 525, 523, 520, 518, 515, 513, 511, 509, 507, 505, 505, 503, 501, 500, 499, 499, 497, 496, 497, 497, 498, 498, 498, 499, 499, 500, 502, 504, 505, 506, 508, 509, 511, 513, 515, 518, 521, 524, 527, 530, 534, 538, 542, 547, 552, 557, 561, 566, 571, 579, 585, 592, 598]
[0, 547, 544, 539, 535, 532, 529, 528, 525, 523, 520, 518, 515, 513, 511, 508, 506, 505, 504, 503, 501, 500, 500, 499, 499, 498, 497, 497, 498, 498, 498, 499, 499, 500, 502, 504, 505, 506, 508, 510, 512, 513, 515, 518, 521, 524, 527, 530, 534, 538, 542, 547, 552, 557, 561, 566, 571, 579, 585, 592, 598]
[0, 551, 546, 542, 538, 534, 530, 528, 525, 522, 519, 516, 514, 511, 509, 508, 506, 505, 503, 502, 501, 500, 499, 499, 499, 498, 497, 497, 498, 498, 498, 499, 499, 500, 502, 504, 505, 506, 507, 509, 511, 513, 515, 518, 521, 524, 529, 532, 535, 539, 542, 547, 552, 557, 561, 566, 572, 579, 586, 592, 598]
[0, 551, 546, 542, 538, 534, 530, 527, 524, 522, 519, 516, 514, 511, 509, 507, 506, 504, 503, 502, 501, 500, 500, 499, 498, 497, 497, 497, 498, 498, 498, 499, 499, 500, 501, 503, 504, 505, 507, 509, 511, 512, 514, 517, 520, 523, 526, 530, 533, 536, 541, 545, 550, 555, 559, 564, 570, 576, 582, 589, 595]
[0, 547, 544, 542, 535, 534, 532, 529, 526, 523, 520, 518, 515, 513, 511, 508, 506, 505, 504, 503, 501, 501, 500, 500, 498, 498, 497, 497, 498, 498, 498, 499, 499, 500, 501, 502, 504, 505, 507, 509, 511, 512, 514, 517, 520, 522, 526, 530, 533, 536, 541, 545, 550, 554, 559, 564, 570, 576, 582, 589, 595]
[0, 549, 545, 541, 537, 534, 530, 527, 524, 521, 519, 516, 514, 512, 510, 508, 506, 506, 504, 502, 501, 501, 500, 500, 499, 498, 498, 498, 498, 499, 499, 499, 500, 501, 501, 503, 504, 507, 508, 509, 512, 513, 514, 519, 522, 522, 525, 529, 532, 535, 539, 543, 548, 558, 559, 562, 567, 573, 581, 588, 600]
[0, 554, 545, 546, 537, 538, 530, 535, 532, 530, 527, 524, 522, 520, 518, 515, 513, 512, 511, 510, 509, 508, 507, 507, 499, 498, 498, 498, 498, 499, 498, 499, 500, 500, 501, 503, 504, 506, 508, 509, 511, 514, 516, 518, 520, 524, 527, 530, 534, 538, 542, 547, 551, 556, 560, 565, 571, 577, 584, 591, 597]
[0, 555, 551, 547, 544, 540, 537, 534, 531, 528, 527, 523, 521, 519, 518, 514, 513, 513, 511, 510, 509, 509, 508, 507, 506, 505, 505, 506, 507, 507, 507, 507, 508, 500, 510, 503, 512, 514, 516, 518, 521, 523, 525, 528, 520, 534, 527, 537, 545, 538, 553, 558, 551, 567, 573, 579, 571, 592, 598, 605, 612]
[0, 558, 554, 550, 546, 543, 539, 535, 533, 531, 527, 524, 522, 520, 518, 516, 514, 513, 511, 510, 509, 508, 508, 507, 506, 506, 506, 506, 506, 506, 506, 507, 507, 509, 510, 511, 512, 514, 515, 518, 520, 522, 525, 527, 530, 533, 535, 539, 543, 547, 552, 556, 560, 564, 570, 576, 582, 589, 595, 601, 609]
[0, 558, 554, 550, 546, 543, 539, 536, 533, 531, 527, 524, 522, 520, 518, 516, 514, 512, 511, 510, 509, 508, 508, 507, 506, 505, 505, 506, 507, 507, 507, 507, 508, 510, 510, 512, 512, 515, 517, 519, 521, 522, 523, 526, 531, 533, 537, 539, 546, 549, 554, 556, 559, 568, 570, 579, 582, 592, 599, 605, 609]
[0, 559, 555, 551, 547, 544, 541, 538, 534, 531, 529, 526, 524, 522, 520, 518, 516, 514, 513, 510, 512, 511, 510, 507, 506, 505, 505, 506, 507, 507, 507, 508, 508, 510, 511, 512, 514, 516, 517, 519, 521, 523, 526, 529, 531, 535, 537, 542, 546, 550, 555, 559, 563, 568, 573, 579, 585, 592, 599, 606, 612]
[0, 558, 554, 550, 546, 541, 538, 536, 532, 529, 528, 526, 523, 522, 521, 518, 516, 516, 513, 513, 512, 511, 511, 510, 510, 509, 509, 509, 507, 509, 510, 510, 511, 511, 513, 515, 516, 517, 519, 520, 522, 525, 527, 530, 533, 536, 539, 543, 547, 551, 555, 558, 563, 568, 574, 580, 587, 593, 599, 605, 612]
[0, 555, 554, 551, 547, 543, 540, 538, 534, 531, 529, 527, 525, 522, 520, 519, 517, 514, 512, 512, 512, 511, 511, 510, 509, 509, 509, 509, 510, 510, 510, 510, 511, 512, 513, 515, 517, 518, 519, 522, 523, 526, 529, 532, 534, 537, 540, 544, 549, 553, 556, 560, 564, 569, 575, 581, 587, 594, 600, 607, 613]
[0, 562, 553, 551, 550, 546, 543, 540, 537, 534, 531, 528, 526, 524, 522, 519, 518, 517, 516, 515, 513, 511, 512, 510, 510, 509, 508, 509, 508, 509, 510, 510, 511, 513, 513, 514, 516, 519, 520, 522, 524, 526, 529, 532, 532, 535, 542, 544, 549, 554, 556, 561, 566, 569, 578, 583, 590, 596, 602, 609, 616]
[0, 559, 555, 551, 547, 546, 540, 540, 537, 533, 531, 530, 526, 524, 522, 521, 519, 517, 516, 515, 513, 513, 513, 512, 510, 510, 510, 510, 511, 511, 510, 512, 511, 513, 513, 517, 518, 520, 522, 524, 524, 527, 529, 532, 535, 540, 542, 548, 549, 552, 560, 561, 564, 575, 582, 587, 590, 599, 602, 613, 620]
[0, 562, 559, 555, 551, 547, 544, 541, 538, 535, 534, 531, 529, 526, 524, 521, 523, 520, 516, 517, 513, 517, 516, 516, 511, 510, 510, 511, 511, 511, 511, 512, 513, 514, 515, 516, 518, 520, 522, 524, 526, 528, 532, 535, 537, 540, 543, 548, 552, 555, 559, 564, 568, 574, 580, 585, 591, 598, 604, 610, 618]
[0, 562, 559, 555, 551, 548, 545, 541, 538, 535, 533, 531, 531, 526, 525, 521, 523, 522, 520, 519, 518, 517, 516, 515, 515, 514, 514, 514, 514, 515, 516, 516, 517, 518, 519, 521, 522, 523, 526, 528, 530, 532, 534, 537, 540, 543, 546, 550, 554, 557, 561, 566, 571, 577, 582, 588, 594, 600, 606, 613, 621]
[0, 563, 559, 555, 552, 549, 545, 542, 540, 537, 534, 532, 529, 528, 526, 524, 522, 520, 519, 518, 517, 516, 516, 515, 515, 515, 515, 514, 514, 515, 515, 515, 517, 518, 519, 521, 522, 523, 525, 528, 530, 532, 534, 537, 540, 543, 546, 550, 554, 558, 561, 566, 572, 577, 582, 588, 594, 600, 607, 613, 621]
[0, 567, 563, 559, 555, 552, 548, 545, 543, 537, 537, 535, 529, 533, 529, 524, 528, 526, 524, 523, 522, 521, 521, 520, 515, 515, 514, 515, 514, 515, 515, 515, 516, 519, 519, 521, 522, 524, 526, 529, 530, 531, 533, 536, 542, 545, 546, 549, 553, 557, 561, 565, 569, 575, 581, 587, 598, 605, 607, 618, 621]
[0, 568, 564, 560, 556, 552, 550, 547, 544, 541, 538, 535, 533, 532, 530, 528, 526, 524, 523, 522, 522, 521, 520, 520, 519, 519, 518, 519, 519, 520, 520, 521, 521, 522, 524, 525, 527, 530, 531, 533, 535, 537, 539, 542, 546, 549, 552, 556, 559, 563, 568, 572, 578, 582, 587, 594, 600, 607, 613, 620, 628]
[0, 576, 571, 567, 563, 560, 557, 554, 552, 549, 546, 535, 541, 532, 538, 536, 534, 524, 533, 532, 531, 530, 529, 529, 519, 519, 519, 519, 519, 520, 520, 520, 520, 521, 525, 525, 526, 530, 532, 534, 535, 536, 538, 541, 544, 547, 554, 556, 559, 566, 568, 576, 581, 582, 586, 598, 605, 607, 617, 623, 631]
[0, 584, 579, 575, 570, 568, 565, 554, 558, 549, 556, 554, 552, 549, 547, 545, 543, 542, 540, 539, 538, 537, 537, 536, 528, 528, 527, 527, 527, 528, 528, 529, 530, 531, 532, 534, 536, 538, 539, 541, 543, 545, 548, 551, 554, 557, 560, 564, 568, 572, 576, 581, 587, 592, 597, 603, 609, 615, 622, 629, 637]
[0, 583, 578, 575, 571, 568, 567, 564, 561, 558, 556, 554, 551, 549, 547, 545, 543, 541, 540, 539, 538, 538, 537, 536, 536, 535, 535, 535, 535, 536, 536, 537, 538, 539, 541, 543, 543, 544, 547, 549, 551, 554, 556, 559, 562, 565, 568, 573, 577, 582, 587, 591, 596, 600, 606, 612, 618, 625, 632, 640, 647]
[0, 592, 587, 583, 579, 575, 572, 568, 565, 562, 559, 558, 556, 554, 553, 551, 548, 547, 546, 545, 543, 543, 542, 536, 536, 536, 535, 534, 535, 536, 536, 538, 539, 540, 541, 543, 544, 545, 547, 549, 551, 554, 557, 559, 562, 566, 570, 574, 578, 583, 587, 592, 597, 602, 608, 614, 620, 627, 634, 641, 649]
[0, 591, 587, 582, 578, 574, 570, 567, 564, 561, 559, 557, 555, 554, 552, 551, 547, 547, 545, 545, 544, 542, 542, 542, 541, 540, 540, 541, 541, 541, 542, 543, 544, 545, 547, 548, 549, 551, 554, 556, 558, 560, 563, 566, 569, 573, 577, 582, 586, 590, 587, 600, 605, 610, 616, 623, 629, 636, 644, 651, 659]
[0, 592, 588, 584, 579, 574, 572, 567, 569, 563, 559, 561, 559, 557, 556, 554, 552, 550, 549, 548, 547, 546, 545, 544, 541, 541, 540, 541, 540, 541, 542, 542, 543, 544, 546, 547, 549, 550, 552, 554, 557, 559, 561, 565, 567, 571, 575, 579, 583, 587, 591, 594, 599, 605, 611, 618, 624, 631, 638, 646, 661]
[0, 599, 595, 591, 588, 584, 580, 577, 574, 570, 567, 566, 564, 557, 559, 554, 558, 556, 555, 548, 554, 553, 551, 551, 543, 543, 542, 543, 544, 544, 544, 545, 546, 548, 550, 552, 552, 554, 556, 558, 560, 562, 565, 568, 571, 575, 579, 583, 587, 592, 597, 601, 606, 611, 617, 624, 631, 637, 644, 652, 660]
[0, 608, 604, 600, 596, 594, 590, 586, 584, 570, 578, 566, 573, 557, 571, 567, 558, 565, 564, 564, 562, 561, 560, 559, 551, 551, 550, 550, 550, 551, 551, 552, 553, 555, 556, 557, 559, 560, 562, 564, 566, 568, 570, 574, 579, 582, 586, 589, 593, 597, 602, 606, 612, 618, 624, 629, 636, 643, 650, 658, 666]
[0, 613, 609, 604, 596, 597, 593, 586, 590, 588, 585, 582, 580, 577, 575, 574, 571, 570, 569, 568, 567, 566, 565, 559, 559, 559, 559, 558, 559, 560, 560, 561, 562, 564, 565, 566, 567, 569, 571, 574, 576, 580, 583, 586, 589, 593, 596, 600, 604, 608, 613, 618, 624, 630, 636, 642, 649, 655, 662, 669, 678]
[0, 613, 612, 604, 596, 600, 597, 593, 590, 587, 584, 582, 580, 577, 575, 573, 571, 570, 569, 567, 566, 566, 565, 564, 564, 563, 563, 563, 564, 564, 565, 566, 567, 569, 570, 571, 573, 575, 577, 580, 582, 585, 588, 591, 594, 597, 601, 605, 609, 613, 618, 623, 630, 637, 643, 648, 655, 661, 668, 677, 685]
[0, 613, 624, 615, 596, 612, 608, 604, 601, 598, 596, 593, 591, 589, 587, 585, 584, 582, 580, 580, 579, 578, 577, 564, 564, 563, 563, 563, 564, 564, 565, 566, 566, 568, 570, 571, 573, 575, 577, 580, 582, 585, 588, 591, 594, 597, 601, 605, 609, 614, 618, 623, 630, 637, 643, 648, 655, 662, 669, 677, 685]
[0, 625, 620, 616, 612, 609, 605, 601, 598, 598, 596, 591, 591, 587, 587, 586, 584, 582, 580, 579, 579, 578, 577, 576, 574, 574, 574, 575, 576, 577, 578, 579, 579, 580, 581, 583, 585, 587, 589, 591, 594, 597, 599, 602, 605, 608, 612, 616, 621, 627, 632, 638, 645, 650, 655, 662, 669, 676, 683, 692, 700]
[0, 636, 630, 626, 622, 617, 613, 610, 607, 605, 603, 601, 599, 587, 597, 595, 592, 591, 590, 589, 588, 587, 586, 585, 575, 575, 575, 575, 575, 576, 578, 578, 579, 581, 582, 583, 585, 587, 589, 591, 594, 597, 601, 602, 605, 608, 611, 615, 620, 625, 630, 637, 643, 648, 654, 661, 668, 675, 682, 689, 698]
[0, 638, 632, 626, 623, 619, 615, 613, 610, 606, 602, 600, 598, 596, 595, 593, 592, 590, 589, 588, 588, 587, 586, 585, 585, 584, 585, 585, 585, 586, 587, 587, 588, 590, 591, 592, 594, 596, 598, 600, 603, 606, 608, 611, 614, 618, 622, 626, 630, 635, 642, 648, 653, 659, 666, 672, 678, 685, 693, 701, 709]
[0, 638, 642, 636, 631, 628, 624, 620, 617, 614, 611, 608, 606, 604, 602, 600, 599, 597, 596, 595, 595, 594, 593, 585, 585, 585, 586, 585, 586, 587, 587, 589, 588, 590, 591, 593, 595, 597, 598, 600, 603, 606, 608, 611, 614, 618, 621, 625, 630, 636, 642, 647, 652, 658, 665, 677, 685, 685, 701, 701, 716]
[0, 654, 650, 645, 640, 636, 632, 628, 624, 622, 620, 617, 614, 613, 611, 608, 606, 605, 604, 603, 602, 601, 600, 592, 592, 591, 591, 592, 592, 593, 594, 595, 595, 597, 599, 600, 601, 603, 605, 608, 611, 613, 616, 619, 623, 627, 632, 638, 642, 647, 653, 659, 664, 670, 677, 684, 692, 700, 708, 715, 723]
[0, 654, 650, 642, 640, 638, 634, 630, 626, 622, 620, 618, 615, 613, 611, 609, 607, 605, 604, 603, 602, 601, 600, 600, 599, 600, 600, 600, 601, 601, 602, 603, 604, 605, 607, 609, 610, 613, 614, 616, 619, 622, 625, 628, 633, 637, 642, 646, 651, 657, 662, 667, 673, 680, 687, 694, 702, 708, 716, 724, 733]
[0, 654, 656, 651, 648, 644, 639, 636, 632, 629, 627, 624, 621, 619, 617, 615, 613, 612, 611, 609, 608, 607, 607, 600, 600, 600, 601, 601, 601, 601, 601, 602, 604, 606, 606, 608, 610, 612, 615, 617, 618, 621, 625, 628, 632, 636, 641, 646, 650, 656, 661, 667, 672, 678, 685, 693, 700, 707, 714, 722, 731]
[0, 661, 655, 651, 648, 643, 639, 636, 632, 628, 625, 623, 621, 618, 616, 614, 613, 612, 610, 609, 608, 607, 607, 606, 606, 606, 607, 607, 607, 608, 608, 609, 610, 612, 613, 615, 616, 619, 622, 623, 626, 630, 633, 637, 641, 645, 648, 653, 659, 664, 670, 675, 681, 687, 695, 703, 710, 716, 724, 734, 743]
[0, 672, 666, 661, 656, 653, 649, 646, 643, 640, 636, 633, 631, 629, 628, 625, 623, 621, 619, 618, 618, 617, 617, 607, 606, 606, 607, 608, 608, 607, 609, 610, 611, 612, 614, 615, 616, 620, 622, 622, 627, 631, 633, 638, 641, 642, 646, 650, 655, 660, 666, 671, 683, 690, 698, 704, 711, 719, 724, 735, 744]
[0, 677, 673, 669, 664, 660, 656, 652, 649, 647, 645, 643, 640, 637, 634, 633, 632, 629, 628, 618, 625, 625, 624, 616, 616, 616, 617, 608, 617, 618, 619, 620, 611, 623, 614, 627, 628, 630, 622, 633, 635, 642, 646, 650, 641, 653, 657, 662, 672, 660, 677, 683, 690, 702, 709, 704, 716, 731, 724, 750, 759]
[0, 682, 678, 674, 670, 665, 661, 658, 655, 652, 649, 648, 646, 643, 641, 639, 637, 635, 634, 618, 631, 631, 624, 630, 624, 616, 625, 625, 617, 625, 626, 627, 631, 623, 632, 634, 636, 638, 640, 642, 645, 648, 650, 653, 657, 661, 666, 671, 676, 681, 687, 693, 699, 706, 713, 719, 725, 733, 742, 753, 770]
[0, 682, 678, 673, 670, 668, 664, 661, 657, 654, 651, 650, 647, 644, 642, 640, 638, 635, 633, 633, 632, 631, 630, 630, 624, 630, 631, 631, 631, 631, 632, 634, 636, 637, 639, 640, 642, 643, 645, 648, 650, 653, 656, 659, 663, 668, 673, 677, 683, 689, 694, 700, 706, 712, 717, 725, 732, 741, 749, 759, 768]
[0, 693, 687, 682, 677, 673, 669, 666, 663, 660, 656, 653, 652, 650, 647, 645, 643, 641, 640, 640, 638, 637, 636, 630, 630, 631, 631, 631, 632, 632, 633, 634, 636, 638, 640, 642, 643, 644, 646, 649, 651, 654, 658, 661, 666, 671, 675, 680, 685, 691, 696, 703, 709, 715, 722, 728, 736, 745, 754, 763, 772]
[0, 691, 685, 680, 676, 672, 668, 664, 661, 659, 656, 654, 652, 649, 647, 645, 643, 642, 640, 641, 639, 637, 637, 636, 636, 636, 636, 637, 638, 638, 639, 640, 643, 644, 646, 648, 649, 651, 652, 654, 658, 661, 664, 668, 673, 677, 681, 687, 692, 697, 704, 710, 716, 722, 729, 735, 743, 754, 763, 769, 778]
[0, 707, 701, 695, 690, 685, 682, 679, 676, 673, 669, 666, 664, 661, 659, 656, 654, 653, 652, 651, 651, 651, 650, 636, 637, 636, 636, 637, 638, 638, 640, 641, 641, 643, 645, 646, 648, 650, 651, 654, 657, 659, 663, 667, 671, 676, 680, 685, 690, 695, 702, 709, 714, 719, 726, 733, 741, 750, 758, 768, 777]
[0, 707, 701, 695, 691, 686, 682, 679, 676, 672, 669, 667, 664, 661, 659, 657, 655, 654, 653, 652, 651, 651, 650, 636, 651, 652, 636, 651, 638, 654, 655, 655, 657, 643, 660, 661, 648, 664, 651, 666, 670, 674, 677, 680, 684, 689, 694, 699, 705, 710, 722, 709, 728, 734, 742, 750, 758, 774, 783, 768, 793]
[0, 708, 702, 696, 691, 687, 682, 679, 676, 673, 671, 668, 665, 663, 660, 658, 657, 655, 654, 653, 652, 651, 650, 650, 651, 651, 651, 651, 652, 653, 654, 654, 656, 657, 660, 661, 662, 665, 667, 669, 673, 674, 676, 684, 689, 694, 700, 699, 705, 715, 721, 728, 728, 741, 749, 757, 765, 774, 784, 792, 801]
[0, 725, 719, 714, 710, 706, 703, 699, 695, 692, 689, 686, 683, 681, 679, 677, 675, 655, 673, 653, 672, 671, 671, 650, 650, 650, 651, 652, 653, 653, 654, 654, 655, 656, 659, 661, 663, 664, 666, 669, 672, 675, 679, 683, 688, 693, 699, 704, 709, 714, 720, 726, 733, 740, 747, 755, 763, 772, 780, 790, 801]
[0, 725, 721, 712, 710, 708, 705, 701, 697, 694, 690, 687, 685, 682, 680, 679, 677, 674, 674, 673, 672, 672, 671, 670, 670, 670, 669, 669, 669, 670, 671, 672, 672, 674, 677, 679, 682, 686, 688, 689, 692, 695, 699, 704, 708, 712, 716, 721, 728, 735, 739, 746, 754, 761, 767, 774, 783, 792, 801, 810, 821]
[0, 741, 734, 729, 725, 720, 716, 713, 710, 707, 705, 702, 700, 697, 695, 692, 690, 688, 687, 686, 686, 685, 683, 670, 669, 668, 669, 670, 671, 671, 672, 672, 673, 675, 678, 681, 684, 685, 686, 690, 694, 697, 701, 706, 710, 714, 718, 723, 729, 735, 741, 749, 757, 764, 770, 778, 787, 795, 804, 814, 824]
[0, 742, 738, 733, 725, 720, 716, 714, 711, 708, 706, 702, 699, 697, 694, 692, 690, 688, 687, 687, 685, 685, 683, 682, 679, 677, 676, 676, 679, 678, 673, 672, 672, 674, 681, 692, 700, 701, 702, 706, 710, 713, 717, 721, 725, 731, 735, 741, 748, 754, 761, 767, 775, 783, 791, 800, 809, 817, 826, 835, 844]
[0, 747, 741, 736, 731, 727, 722, 718, 716, 713, 710, 702, 707, 702, 694, 700, 698, 697, 696, 694, 693, 692, 687, 682, 680, 677, 676, 675, 678, 677, 673, 671, 672, 675, 680, 689, 697, 702, 704, 705, 709, 712, 716, 720, 724, 729, 735, 741, 747, 754, 760, 766, 773, 780, 789, 797, 805, 813, 823, 833, 843]
[0, 750, 744, 738, 732, 728, 724, 720, 717, 714, 711, 708, 706, 704, 702, 700, 698, 696, 695, 694, 693, 688, 683, 682, 680, 678, 677, 678, 679, 678, 674, 672, 671, 672, 676, 682, 694, 705, 710, 712, 715, 718, 722, 726, 731, 736, 741, 747, 752, 759, 766, 771, 779, 786, 794, 803, 811, 820, 828, 837, 847]
[0, 772, 767, 762, 757, 753, 749, 744, 740, 737, 734, 732, 729, 726, 724, 722, 720, 718, 716, 708, 699, 698, 683, 681, 679, 677, 677, 677, 676, 678, 676, 671, 672, 674, 680, 690, 703, 710, 712, 714, 718, 721, 725, 730, 735, 739, 746, 753, 759, 765, 770, 777, 784, 792, 801, 809, 817, 826, 834, 844, 855]
[0, 770, 765, 760, 755, 752, 748, 743, 739, 736, 733, 731, 728, 725, 724, 722, 719, 718, 718, 708, 709, 698, 698, 698, 679, 694, 677, 689, 684, 679, 672, 668, 669, 671, 673, 679, 703, 722, 735, 714, 738, 747, 752, 757, 735, 761, 766, 777, 759, 791, 770, 805, 812, 820, 829, 837, 847, 855, 864, 875, 884]
[0, 779, 774, 769, 764, 759, 755, 751, 748, 744, 741, 738, 728, 733, 731, 722, 728, 725, 718, 716, 707, 705, 705, 698, 698, 698, 698, 691, 682, 678, 672, 668, 668, 671, 676, 681, 690, 708, 726, 737, 741, 745, 748, 753, 757, 762, 768, 773, 780, 787, 793, 800, 807, 814, 822, 830, 837, 847, 859, 868, 876]
[0, 779, 773, 767, 763, 760, 756, 751, 748, 748, 744, 740, 737, 735, 733, 731, 730, 728, 725, 716, 707, 705, 705, 705, 704, 701, 696, 691, 683, 675, 670, 667, 667, 670, 675, 680, 691, 707, 0, 746, 751, 754, 758, 762, 766, 771, 777, 783, 789, 796, 803, 810, 819, 826, 832, 839, 849, 860, 868, 877, 886]
[0, 784, 778, 773, 767, 763, 759, 754, 750, 747, 743, 740, 738, 735, 733, 731, 729, 728, 725, 716, 707, 706, 705, 705, 703, 700, 696, 690, 682, 675, 670, 667, 668, 670, 674, 679, 691, 708, 0, 746, 751, 754, 758, 762, 766, 771, 777, 784, 790, 796, 803, 810, 818, 825, 832, 840, 850, 861, 869, 877, 887]
[0, 799, 792, 786, 780, 776, 772, 767, 764, 762, 758, 755, 753, 750, 748, 745, 743, 741, 731, 721, 720, 721, 719, 704, 704, 704, 698, 687, 680, 675, 670, 667, 669, 671, 676, 684, 695, 0, 736, 747, 751, 755, 759, 764, 768, 774, 780, 785, 792, 798, 805, 811, 819, 827, 834, 843, 853, 863, 871, 879, 889]
[0, 795, 789, 785, 780, 775, 771, 768, 764, 761, 758, 754, 752, 749, 747, 745, 743, 742, 731, 731, 721, 721, 720, 717, 718, 711, 698, 690, 682, 673, 667, 666, 669, 672, 676, 685, 695, 0, 0, 765, 769, 773, 778, 782, 787, 793, 798, 804, 812, 820, 826, 830, 836, 845, 856, 864, 873, 882, 891, 900, 910]
[0, 824, 818, 812, 807, 803, 798, 793, 789, 786, 783, 780, 777, 775, 773, 770, 768, 767, 756, 744, 743, 741, 739, 718, 716, 710, 700, 691, 685, 677, 670, 667, 667, 670, 673, 679, 691, 0, 0, 0, 767, 771, 775, 779, 785, 791, 796, 802, 809, 815, 822, 829, 835, 841, 850, 861, 870, 878, 887, 895, 905]
[0, 825, 820, 814, 808, 804, 798, 795, 791, 787, 784, 782, 779, 775, 773, 770, 769, 768, 760, 749, 743, 742, 739, 735, 723, 708, 699, 688, 685, 679, 672, 671, 667, 671, 671, 675, 685, 0, 0, 0, 798, 804, 808, 812, 818, 824, 828, 833, 839, 846, 854, 861, 868, 875, 884, 893, 903, 914, 923, 934, 943]
[0, 831, 827, 823, 818, 812, 807, 803, 799, 796, 792, 790, 788, 785, 783, 781, 779, 777, 760, 0, 752, 750, 739, 737, 728, 712, 701, 694, 685, 675, 671, 672, 671, 671, 674, 681, 692, 0, 0, 0, 796, 800, 804, 811, 817, 821, 826, 832, 837, 844, 853, 860, 866, 873, 880, 889, 898, 908, 919, 929, 938]
[0, 831, 825, 820, 815, 812, 810, 806, 802, 798, 796, 793, 790, 787, 785, 783, 780, 779, 777, 765, 753, 751, 749, 747, 738, 721, 706, 698, 693, 682, 670, 671, 673, 672, 674, 680, 688, 0, 0, 0, 805, 810, 814, 819, 826, 830, 833, 839, 846, 853, 861, 867, 881, 889, 880, 898, 919, 908, 939, 948, 959]
[0, 852, 843, 838, 834, 830, 827, 822, 818, 814, 812, 810, 807, 805, 803, 802, 800, 798, 0, 765, 771, 751, 768, 747, 0, 712, 703, 695, 686, 675, 670, 673, 673, 672, 675, 682, 692, 0, 0, 0, 807, 812, 818, 822, 826, 831, 836, 842, 850, 856, 864, 870, 876, 883, 891, 900, 911, 923, 932, 940, 952]
[0, 852, 849, 842, 836, 832, 828, 825, 821, 817, 813, 811, 809, 806, 803, 802, 800, 800, 798, 0, 772, 771, 768, 747, 0, 719, 705, 697, 691, 680, 673, 679, 684, 682, 679, 681, 688, 701, 0, 0, 0, 831, 835, 840, 845, 852, 859, 864, 869, 875, 882, 888, 895, 903, 923, 933, 943, 952, 932, 976, 952]
[0, 851, 846, 839, 834, 831, 828, 824, 820, 816, 813, 811, 808, 806, 805, 803, 799, 798, 0, 772, 772, 770, 768, 763, 0, 712, 701, 693, 685, 675, 674, 680, 682, 679, 679, 684, 692, 701, 0, 0, 828, 832, 837, 841, 847, 854, 860, 867, 871, 877, 885, 892, 899, 908, 918, 929, 937, 946, 956, 969, 981]
[0, 884, 878, 872, 868, 864, 860, 855, 851, 849, 843, 839, 838, 835, 833, 831, 830, 829, 828, 817, 805, 805, 767, 0, 0, 712, 706, 698, 686, 677, 673, 678, 683, 682, 679, 679, 687, 699, 0, 0, 829, 834, 839, 843, 850, 857, 863, 868, 874, 881, 888, 895, 901, 911, 921, 930, 939, 949, 961, 974, 987]
[0, 898, 892, 886, 880, 875, 871, 868, 865, 862, 859, 855, 850, 848, 847, 846, 842, 841, 840, 833, 822, 817, 802, 0, 0, 705, 706, 697, 687, 679, 674, 681, 690, 687, 684, 684, 690, 701, 0, 859, 864, 869, 873, 877, 883, 888, 894, 901, 908, 915, 922, 931, 939, 947, 957, 968, 978, 989, 1001, 1013, 1026]
[0, 900, 893, 887, 882, 876, 872, 868, 865, 863, 861, 856, 852, 848, 846, 845, 842, 840, 839, 838, 828, 817, 815, 0, 0, 706, 706, 696, 679, 679, 675, 692, 690, 691, 686, 685, 690, 704, 0, 870, 875, 879, 883, 889, 894, 900, 908, 914, 922, 930, 937, 944, 953, 962, 973, 983, 993, 1005, 1017, 1029, 1041]
[0, 915, 909, 902, 895, 890, 885, 882, 879, 876, 873, 871, 869, 867, 865, 863, 861, 860, 860, 859, 828, 849, 839, 815, 0, 711, 697, 688, 682, 677, 680, 691, 692, 687, 686, 688, 700, 715, 0, 870, 0, 878, 882, 887, 893, 898, 905, 912, 920, 928, 936, 943, 951, 959, 970, 981, 991, 1000, 1012, 1025, 1036]
[0, 916, 910, 904, 897, 892, 887, 883, 881, 877, 875, 872, 870, 869, 866, 864, 863, 862, 861, 860, 852, 841, 839, 839, 0, 0, 700, 691, 687, 682, 678, 689, 696, 690, 688, 689, 699, 714, 727, 0, 890, 895, 900, 905, 910, 917, 925, 932, 938, 944, 960, 970, 980, 959, 990, 999, 1010, 1032, 1046, 1059, 1072]
[0, 937, 930, 925, 919, 914, 910, 904, 900, 896, 894, 891, 889, 887, 884, 882, 882, 881, 880, 879, 852, 879, 879, 0, 0, 706, 694, 691, 681, 678, 678, 685, 696, 694, 688, 689, 0, 714, 722, 0, 0, 897, 902, 909, 915, 922, 928, 935, 941, 948, 956, 964, 974, 985, 996, 1005, 1015, 1026, 1039, 1051, 1066]
[0, 941, 936, 929, 922, 916, 912, 907, 902, 899, 896, 893, 891, 888, 885, 883, 882, 881, 881, 881, 879, 879, 880, 880, 0, 0, 699, 689, 682, 680, 681, 694, 701, 693, 691, 693, 703, 719, 722, 0, 0, 921, 926, 931, 937, 943, 950, 956, 963, 972, 980, 988, 998, 1007, 1017, 1028, 1037, 1049, 1063, 1088, 1066]
[0, 941, 934, 927, 921, 915, 909, 905, 901, 897, 894, 892, 890, 888, 885, 883, 882, 881, 880, 880, 880, 880, 880, 880, 0, 706, 694, 686, 683, 680, 681, 700, 701, 701, 693, 695, 0, 728, 722, 0, 0, 923, 929, 934, 939, 946, 952, 959, 965, 973, 984, 993, 1002, 1011, 1021, 1032, 1042, 1054, 1068, 1081, 1094]
[0, 965, 956, 949, 943, 939, 936, 931, 926, 921, 920, 918, 914, 912, 910, 883, 908, 903, 903, 880, 904, 904, 903, 880, 0, 0, 705, 691, 679, 678, 681, 691, 702, 697, 693, 694, 699, 0, 0, 916, 920, 925, 931, 937, 942, 948, 954, 962, 971, 979, 989, 997, 1006, 1016, 1026, 1036, 1048, 1060, 1073, 1087, 1102]
[0, 968, 959, 952, 946, 941, 937, 934, 929, 926, 922, 919, 917, 914, 910, 909, 908, 905, 905, 904, 902, 903, 903, 903, 0, 0, 702, 688, 682, 682, 685, 0, 707, 701, 698, 699, 706, 0, 0, 916, 0, 948, 953, 958, 964, 973, 980, 988, 995, 1002, 1011, 1020, 1029, 1038, 1048, 1059, 1071, 1083, 1095, 1109, 1125]
[0, 964, 956, 950, 945, 941, 936, 931, 927, 924, 920, 918, 915, 912, 911, 909, 906, 905, 904, 903, 903, 904, 904, 905, 0, 709, 694, 688, 685, 682, 682, 689, 704, 706, 700, 699, 0, 738, 0, 938, 944, 950, 955, 961, 968, 975, 983, 990, 998, 1005, 1014, 1023, 1033, 1042, 1052, 1064, 1077, 1089, 1102, 1117, 1132]
[0, 990, 984, 977, 971, 965, 959, 954, 950, 946, 944, 941, 938, 937, 935, 933, 931, 930, 929, 928, 928, 928, 905, 905, 0, 0, 702, 691, 683, 681, 683, 695, 710, 707, 699, 698, 0, 738, 0, 941, 945, 950, 957, 964, 970, 977, 986, 993, 1000, 1008, 1016, 1025, 1034, 1046, 1057, 1068, 1080, 1093, 1108, 1122, 1137]
[0, 990, 1019, 1011, 1005, 1001, 996, 990, 986, 982, 977, 975, 972, 969, 967, 965, 965, 964, 963, 962, 962, 962, 963, 929, 0, 0, 708, 693, 683, 681, 683, 695, 712, 716, 716, 714, 709, 0, 0, 968, 975, 980, 985, 992, 998, 1005, 1013, 1020, 1027, 1035, 1043, 1052, 1065, 1077, 1087, 1098, 1111, 1124, 1139, 1154, 1166]
[0, 1025, 1020, 1011, 1004, 1001, 999, 997, 994, 989, 986, 983, 979, 975, 973, 971, 971, 970, 968, 968, 968, 967, 966, 964, 0, 723, 704, 690, 682, 683, 695, 711, 720, 725, 726, 723, 723, 0, 0, 1009, 1014, 1021, 1027, 1034, 1041, 1048, 1056, 1064, 1071, 1079, 1088, 1098, 1110, 1122, 1136, 1150, 1161, 1172, 1186, 1198, 1210]
[0, 1046, 1039, 1033, 1028, 1021, 1015, 1012, 1007, 1002, 1000, 997, 995, 992, 989, 990, 989, 988, 988, 987, 985, 986, 966, 967, 0, 723, 704, 690, 682, 683, 695, 711, 720, 725, 726, 723, 723, 0, 0, 1009, 1014, 1020, 1025, 1031, 1041, 1048, 1056, 1062, 1070, 1079, 1088, 1098, 1110, 1122, 1135, 1149, 1160, 1171, 1185, 1197, 1209]
[0, 1055, 1047, 1042, 1035, 1029, 1024, 1021, 1017, 1013, 1010, 1006, 1002, 1000, 1000, 999, 998, 997, 996, 997, 997, 997, 986, 986, 0, 723, 720, 704, 689, 683, 687, 702, 715, 722, 727, 727, 724, 727, 0, 0, 1034, 1039, 1045, 1052, 1059, 1067, 1075, 1082, 1090, 1099, 1110, 1122, 1134, 1147, 1160, 1171, 1182, 1195, 1207, 1221, 1237]
[0, 1055, 1047, 1042, 1036, 1029, 1024, 1021, 1016, 1013, 1010, 1005, 1002, 1000, 999, 999, 998, 997, 996, 996, 997, 997, 997, 997, 0, 0, 714, 700, 688, 684, 692, 706, 717, 723, 727, 727, 727, 734, 0, 0, 1046, 1053, 1060, 1067, 1073, 1079, 1088, 1097, 1106, 1116, 1127, 1139, 1151, 1163, 1174, 1186, 1199, 1195, 1222, 1245, 1261]
[0, 1106, 1099, 1092, 1086, 1080, 1076, 1072, 1068, 1064, 1060, 1057, 1055, 1052, 1049, 1048, 1047, 1046, 1047, 1047, 1046, 1048, 997, 997, 0, 0, 713, 700, 688, 684, 692, 706, 717, 723, 726, 727, 727, 735, 0, 0, 1046, 1053, 1059, 1067, 1074, 1082, 1091, 1098, 1106, 1116, 1128, 1140, 1152, 1164, 1176, 1188, 1200, 1213, 1230, 1245, 1260]
[0, 1120, 1113, 1105, 1096, 1090, 1086, 1082, 1079, 1073, 1069, 1067, 1063, 1060, 1059, 1059, 1058, 1056, 1057, 1056, 1056, 1057, 1049, 1051, 0, 0, 724, 709, 696, 691, 698, 710, 717, 723, 728, 731, 733, 0, 1096, 1102, 1109, 1117, 1125, 1134, 1141, 1148, 1156, 1166, 1173, 1182, 1197, 1212, 1224, 1237, 1250, 1263, 1278, 1292, 1310, 1332, 1351]
[0, 1124, 1115, 1107, 1098, 1092, 1088, 1084, 1080, 1076, 1073, 1068, 1064, 1061, 1060, 1060, 1058, 1058, 1057, 1056, 1057, 1056, 1057, 1058, 0, 0, 728, 711, 699, 692, 698, 710, 718, 722, 728, 731, 732, 0, 1100, 1108, 1118, 1126, 1130, 1137, 1146, 1156, 1162, 1168, 1175, 1187, 1202, 1217, 1228, 1238, 1250, 1265, 1279, 1293, 1310, 1332, 1355]
[0, 1168, 1160, 1153, 1148, 1143, 1136, 1131, 1127, 1122, 1119, 1115, 1111, 1108, 1107, 1105, 1107, 1106, 1107, 1113, 1112, 1109, 1057, 1059, 0, 0, 714, 711, 702, 693, 695, 716, 722, 722, 727, 729, 732, 0, 1099, 1106, 1117, 1127, 1129, 1135, 1144, 1151, 1160, 1168, 1176, 1186, 1198, 1211, 1226, 1238, 1248, 1261, 1276, 1289, 1305, 1326, 1348]
[0, 1170, 1162, 1155, 1149, 1145, 1139, 1132, 1127, 1123, 1120, 1115, 1112, 1110, 1108, 1106, 1105, 1105, 1108, 1113, 1113, 1110, 1108, 1108, 0, 0, 730, 717, 707, 701, 703, 713, 721, 726, 731, 735, 0, 1152, 1161, 1167, 1174, 1182, 1189, 1197, 1203, 1211, 1220, 1229, 1241, 1254, 1264, 1275, 1288, 1298, 1311, 1329, 1347, 1363, 1381, 1400, 1420]
[0, 1170, 1164, 1159, 1154, 1148, 1141, 1134, 1131, 1129, 1124, 1120, 1117, 1115, 1113, 1116, 1120, 1117, 1114, 1118, 1121, 1119, 1109, 1108, 0, 0, 734, 718, 708, 701, 702, 712, 720, 726, 731, 734, 0, 1151, 1159, 1167, 1173, 1180, 1186, 1194, 1199, 1207, 1221, 1229, 1240, 1253, 1263, 1273, 1285, 1298, 1311, 1326, 1343, 1360, 1380, 1400, 1417]
[0, 1190, 1181, 1173, 1167, 1162, 1158, 1154, 1149, 1143, 1138, 1136, 1132, 1130, 1132, 1132, 1131, 1135, 1131, 1128, 1132, 1130, 1120, 1124, 0, 0, 729, 718, 708, 702, 703, 712, 721, 724, 728, 0, 0, 0, 1164, 1172, 1179, 1184, 1191, 1197, 1215, 1207, 1223, 1236, 1249, 1258, 1268, 1278, 1304, 1298, 1319, 1336, 1366, 1360, 1382, 1396, 1407]
[0, 1225, 1218, 1210, 1202, 1196, 1190, 1183, 1178, 1176, 1172, 1168, 1167, 1167, 1167, 1166, 1163, 1163, 1163, 1162, 1165, 1166, 1129, 1133, 0, 0, 0, 722, 714, 707, 706, 714, 722, 726, 731, 0, 0, 1173, 1179, 1183, 1190, 1196, 1205, 1214, 1222, 1233, 1244, 1251, 1261, 1273, 1284, 1295, 1308, 1323, 1340, 1352, 1363, 1374, 1387, 1404, 1418]
[0, 1221, 1213, 1206, 1199, 1192, 1186, 1181, 1178, 1175, 1172, 1169, 1166, 1166, 1167, 1163, 1161, 1161, 1160, 1163, 1166, 1164, 1165, 1163, 1162, 0, 0, 735, 725, 718, 715, 716, 722, 727, 731, 0, 0, 1204, 1209, 1216, 1223, 1228, 1235, 1242, 1247, 1253, 1260, 1266, 1273, 1281, 1289, 1299, 1311, 1321, 1333, 1345, 1357, 1369, 1383, 1397, 1409]
[0, 1227, 1220, 1210, 1201, 1196, 1189, 1182, 1179, 1177, 1172, 1169, 1168, 1165, 1166, 1165, 1162, 1162, 1164, 1164, 1165, 1165, 1164, 1164, 1162, 0, 739, 729, 721, 715, 713, 722, 730, 731, 741, 0, 0, 1199, 1206, 1213, 1228, 1234, 1240, 1246, 1247, 1250, 1255, 1262, 1270, 1278, 1286, 1308, 1318, 1329, 1333, 1351, 1357, 1363, 1391, 1407, 1420]
[0, 1230, 1223, 1215, 1206, 1202, 1196, 1190, 1185, 1182, 1180, 1177, 1174, 1172, 1172, 1171, 1171, 1172, 1171, 1170, 1171, 1171, 1164, 1165, 1164, 0, 0, 732, 723, 716, 713, 713, 720, 727, 741, 0, 1201, 1206, 1211, 1218, 1224, 1230, 1237, 1245, 1250, 1255, 1262, 1270, 1275, 1282, 1291, 1300, 1310, 1322, 1335, 1348, 1361, 1372, 1385, 1401, 1414]
[0, 1244, 1235, 1226, 1218, 1213, 1210, 1204, 1199, 1196, 1192, 1190, 1187, 1183, 1181, 1179, 1179, 1180, 1181, 1179, 1180, 1179, 1171, 1172, 1173, 0, 0, 734, 725, 720, 717, 717, 724, 731, 743, 0, 1213, 1217, 1216, 1220, 1225, 1232, 1238, 1245, 1250, 1256, 1262, 1269, 1274, 1281, 1291, 1302, 1314, 1325, 1339, 1351, 1362, 1375, 1388, 1403, 1417]
[0, 1277, 1271, 1265, 1258, 1253, 1247, 1242, 1238, 1233, 1227, 1223, 1219, 1218, 1216, 1213, 1211, 1210, 1209, 1209, 1207, 1205, 1171, 1177, 1180, 0, 744, 732, 725, 720, 719, 723, 729, 731, 743, 0, 0, 1212, 1216, 1219, 1222, 1227, 1235, 1241, 1246, 1251, 1257, 1263, 1270, 1277, 1285, 1295, 1307, 1318, 1330, 1342, 1352, 1364, 1375, 1389, 1405]
[0, 1280, 1273, 1264, 1260, 1257, 1250, 1244, 1240, 1235, 1230, 1225, 1221, 1218, 1220, 1218, 1216, 1211, 1209, 1209, 1209, 1206, 1204, 1201, 1180, 1199, 0, 743, 737, 732, 729, 729, 735, 750, 743, 0, 1206, 1212, 1215, 1218, 1222, 1227, 1234, 1240, 1245, 1250, 1255, 1263, 1270, 1277, 1284, 1294, 1306, 1317, 1326, 1337, 1351, 1363, 1375, 1389, 1404]
[0, 1327, 1311, 1304, 1296, 1257, 1288, 1276, 1240, 1266, 1256, 1250, 1245, 1238, 1232, 1226, 1220, 1216, 1214, 1209, 1205, 1203, 1200, 1199, 1200, 1198, 0, 743, 736, 731, 729, 730, 737, 0, 0, 1202, 1207, 1212, 1215, 1219, 1222, 1227, 1234, 1237, 1242, 1250, 1256, 1262, 1269, 1276, 1284, 1292, 1303, 1316, 1326, 1338, 1352, 1363, 1376, 1389, 1404]
[0, 1327, 1311, 1311, 1296, 1288, 0, 1276, 1240, 1266, 1256, 1250, 1244, 1238, 1232, 1226, 1220, 1216, 1214, 1209, 1205, 1203, 1200, 1197, 1197, 1196, 1195, 0, 750, 746, 729, 745, 0, 0, 1200, 1203, 1207, 1210, 1212, 1216, 1223, 1228, 1234, 1241, 1244, 1250, 1258, 1264, 1272, 1279, 1287, 1297, 1305, 1317, 1329, 1338, 1351, 1366, 1379, 1391, 1406]
[0, 1327, 1341, 1322, 1305, 1296, 1288, 1278, 1272, 1266, 1256, 1250, 1245, 1238, 1231, 1225, 1220, 1216, 1213, 1209, 1205, 1200, 1200, 1197, 1196, 1196, 1195, 0, 750, 746, 729, 745, 0, 0, 1199, 1203, 1206, 1209, 1214, 1218, 1223, 1228, 1234, 1240, 1244, 1250, 1258, 1264, 1271, 1278, 1286, 1296, 1305, 1315, 1327, 1338, 1351, 1366, 1379, 1391, 1406]
[0, 1332, 1320, 1307, 1296, 1288, 1278, 1270, 1263, 1257, 1251, 1250, 1244, 1237, 1231, 1225, 1222, 1217, 1211, 1207, 1205, 1201, 1198, 1197, 1196, 1196, 1195, 1194, 1193, 746, 772, 0, 0, 0, 1200, 1203, 1206, 1209, 1212, 1216, 1222, 1228, 1234, 1239, 1243, 1249, 1259, 1265, 1270, 1278, 1286, 1295, 1304, 1316, 1328, 1338, 1350, 1365, 1378, 1391, 1405]
[0, 1333, 1319, 1307, 1296, 1287, 1278, 1270, 1263, 1257, 1250, 1250, 1244, 1237, 1230, 1225, 1221, 1217, 1211, 1208, 1205, 1201, 1198, 1197, 1196, 1196, 1196, 1194, 1193, 1193, 1192, 0, 0, 1196, 1199, 1202, 1206, 1210, 1211, 1215, 1221, 1226, 1232, 1237, 1241, 1248, 1253, 1259, 1268, 1273, 1282, 1291, 1300, 1312, 1326, 1338, 1351, 1363, 1375, 1389, 1404]
[0, 1336, 1323, 1310, 1297, 1286, 1280, 1272, 1265, 1257, 1249, 1244, 1238, 1231, 1225, 1221, 1219, 1214, 1208, 1202, 1199, 1197, 1198, 1196, 1196, 1196, 1195, 1193, 1193, 1193, 1192, 1192, 1194, 1196, 1199, 1201, 1205, 1209, 1211, 1215, 1220, 1225, 1232, 1236, 1242, 1249, 1253, 1259, 1267, 1275, 1283, 1291, 1299, 1312, 1322, 1334, 1348, 1360, 1374, 1388, 1400]
[0, 1340, 1327, 1314, 1302, 1292, 1285, 1278, 1268, 1261, 1253, 1247, 1242, 1235, 1229, 1225, 1220, 1214, 1209, 1205, 1202, 1199, 1197, 1195, 1193, 1192, 1190, 1190, 1192, 1192, 1192, 1193, 1197, 1198, 1199, 1201, 1203, 1206, 1213, 1216, 1220, 1227, 1232, 1236, 1242, 1248, 1254, 1261, 1269, 1279, 1287, 1293, 1303, 1316, 1330, 1341, 1353, 1365, 1378, 1393, 1408]
[0, 1338, 1325, 1312, 1300, 1289, 1280, 1272, 1264, 1257, 1250, 1245, 1239, 1232, 1226, 1221, 1216, 1212, 1207, 1204, 1200, 1197, 1197, 1196, 1195, 1194, 1193, 1193, 1193, 1193, 1193, 1193, 1194, 1197, 1200, 1200, 1200, 1205, 1210, 1215, 1218, 1220, 1225, 1235, 1242, 1245, 1250, 1257, 1264, 1272, 1281, 1288, 1300, 1312, 1321, 1335, 1350, 1360, 1374, 1390, 1404]
[0, 1333, 1318, 1306, 1297, 1287, 1278, 1269, 1263, 1256, 1248, 1242, 1236, 1229, 1224, 1219, 1215, 1210, 1206, 1201, 1198, 1196, 1197, 1195, 1191, 1190, 1191, 1191, 1192, 1193, 1193, 1193, 1194, 1195, 1198, 1201, 1203, 1206, 1209, 1215, 1222, 1224, 1228, 1235, 1241, 1248, 1254, 1261, 1267, 1275, 1283, 1292, 1303, 1312, 1325, 1339, 1350, 1362, 1376, 1391, 1405]
[0, 1339, 1326, 1313, 1300, 1291, 1283, 1276, 1268, 1259, 1251, 1245, 1240, 1234, 1228, 1224, 1219, 1213, 1210, 1205, 1201, 1199, 1196, 1195, 1192, 1190, 1190, 1191, 1190, 1192, 1192, 1193, 1196, 1197, 1198, 1202, 1204, 1206, 1204, 1219, 1222, 1223, 1223, 1228, 1235, 1241, 1246, 1254, 1262, 1269, 1275, 1286, 1299, 1309, 1318, 1329, 1343, 1369, 1380, 1393, 1409]
[0, 1339, 1326, 1313, 1301, 1291, 1283, 1275, 1267, 1260, 1252, 1244, 1239, 1234, 1228, 1224, 1218, 1213, 1210, 1205, 1201, 1199, 1197, 1195, 1194, 1194, 1193, 1193, 1191, 1191, 1195, 1195, 1194, 1195, 1198, 1200, 1201, 1205, 1210, 1215, 1222, 1225, 1225, 1232, 1239, 1245, 1249, 1257, 1266, 1274, 1281, 1290, 1301, 1313, 1325, 1337, 1349, 1362, 1374, 1391, 1406]
[0, 1340, 1327, 1314, 1302, 1293, 1286, 1275, 1265, 1259, 1254, 1248, 1240, 1232, 1228, 1224, 1218, 1213, 1208, 1204, 1201, 1198, 1197, 1195, 1193, 1193, 1193, 1192, 1191, 1190, 1193, 1194, 1194, 1195, 1196, 1199, 1202, 1205, 1210, 1216, 1220, 1222, 1227, 1233, 1239, 1245, 1250, 1258, 1267, 1275, 1283, 1291, 1301, 1313, 1326, 1339, 1350, 1362, 1374, 1388, 1405]
[0, 1333, 1318, 1307, 1298, 1288, 1279, 1272, 1264, 1257, 1250, 1244, 1238, 1231, 1225, 1222, 1217, 1211, 1207, 1204, 1201, 1198, 1196, 1195, 1194, 1193, 1192, 1191, 1192, 1193, 1193, 1192, 1193, 1196, 1199, 1199, 1200, 1203, 1205, 1212, 1218, 1220, 1225, 1234, 1239, 1242, 1250, 1257, 1264, 1272, 1280, 1288, 1297, 1309, 1321, 1332, 1344, 1357, 1369, 1384, 1400]
[0, 1327, 1314, 1307, 1294, 1288, 1273, 1272, 1266, 1259, 1253, 1246, 1238, 1233, 1229, 1224, 1218, 1214, 1209, 1204, 1201, 1198, 1197, 1195, 1192, 1190, 1191, 1191, 1191, 1192, 1191, 1192, 1195, 1197, 1198, 1200, 1202, 1206, 1209, 1213, 1220, 1224, 1229, 1236, 1242, 1248, 1253, 1261, 1268, 1272, 1280, 1291, 1303, 1313, 1326, 1339, 1351, 1363, 1376, 1392, 1407]
[0, 1333, 1318, 1307, 1298, 1287, 1279, 1271, 1263, 1256, 1249, 1243, 1238, 1231, 1226, 1221, 1216, 1210, 1206, 1203, 1200, 1197, 1198, 1194, 1193, 1195, 1194, 1190, 1190, 1192, 1191, 1192, 1194, 1196, 1196, 1197, 1202, 1204, 1207, 1212, 1214, 1218, 1223, 1231, 1237, 1241, 1246, 1253, 1263, 1270, 1274, 1282, 1291, 1303, 1317, 1329, 1343, 1356, 1368, 1382, 1397]
[0, 1326, 1314, 1307, 1293, 1283, 1273, 1271, 1265, 1258, 1252, 1246, 1239, 1233, 1228, 1223, 1217, 1210, 1205, 1204, 1201, 1197, 1196, 1194, 1191, 1191, 1191, 1190, 1191, 1191, 1191, 1192, 1193, 1195, 1196, 1200, 1202, 1205, 1208, 1211, 1215, 1220, 1227, 1234, 1240, 1246, 1252, 1259, 1270, 1280, 1289, 1299, 1315, 1329, 1340, 1353, 1366, 1381, 1394, 1409, 1428]
[0, 1335, 1320, 1309, 1299, 1288, 1278, 1270, 1264, 1255, 1248, 1244, 1236, 1229, 1225, 1221, 1216, 1210, 1203, 1202, 1200, 1197, 1197, 1194, 1191, 1191, 1193, 1193, 1190, 1189, 1190, 1192, 1193, 1194, 1195, 1197, 1200, 1202, 1206, 1214, 1219, 1223, 1228, 1234, 1243, 1252, 1260, 1268, 1275, 1285, 1295, 1303, 1314, 1322, 1332, 1346, 1360, 1374, 1386, 1404, 1420]
[0, 1334, 1319, 1309, 1298, 1288, 1279, 1271, 1263, 1255, 1248, 1243, 1236, 1230, 1226, 1220, 1215, 1209, 1205, 1203, 1199, 1196, 1197, 1195, 1193, 1190, 1190, 1190, 1189, 1190, 1190, 1192, 1193, 1194, 1196, 1198, 1201, 1205, 1209, 1212, 1217, 1225, 1230, 1237, 1248, 1256, 1264, 1271, 1278, 1283, 1294, 1307, 1317, 1327, 1340, 1352, 1365, 1378, 1391, 1408, 1425]
[0, 1335, 1320, 1309, 1298, 1287, 1278, 1270, 1264, 1256, 1248, 1243, 1236, 1228, 1225, 1223, 1217, 1209, 1203, 1201, 1199, 1197, 1193, 1191, 1192, 1191, 1190, 1189, 1190, 1190, 1190, 1191, 1192, 1193, 1196, 1199, 1202, 1205, 1209, 1212, 1216, 1223, 1230, 1238, 1248, 1255, 1263, 1271, 1278, 1284, 1294, 1307, 1319, 1328, 1339, 1353, 1365, 1380, 1394, 1410, 1428]
[0, 1333, 1319, 1308, 1297, 1287, 1278, 1270, 1263, 1255, 1249, 1243, 1235, 1229, 1225, 1220, 1215, 1209, 1205, 1204, 1200, 1197, 1194, 1193, 1193, 1190, 1190, 1190, 1189, 1190, 1190, 1192, 1193, 1193, 1196, 1198, 1201, 1204, 1209, 1212, 1217, 1225, 1232, 1238, 1247, 1256, 1264, 1271, 1278, 1284, 1295, 1307, 1317, 1327, 1337, 1349, 1364, 1377, 1391, 1406, 1423]
[0, 1329, 1315, 1303, 1293, 1285, 1277, 1268, 1262, 1255, 1247, 1242, 1236, 1229, 1224, 1219, 1214, 1210, 1207, 1203, 1202, 1203, 1198, 1200, 1200, 1202, 1205, 1207, 1207, 1204, 1205, 1208, 1209, 1209, 1211, 1214, 1217, 1220, 1223, 1227, 1233, 1237, 1242, 1249, 1252, 1256, 1263, 1271, 1279, 1289, 1299, 1307, 1318, 1328, 1337, 1349, 1365, 1379, 1392, 1408, 1427]
[0, 1326, 1312, 1299, 1293, 1280, 1273, 1267, 1260, 1255, 1251, 1246, 1239, 1233, 1228, 1222, 1217, 1211, 1209, 1207, 1204, 1204, 1202, 1202, 1201, 1202, 1205, 1206, 1207, 1207, 1208, 1209, 1210, 1212, 1215, 1216, 1218, 1221, 1225, 1229, 1233, 1239, 1244, 1249, 1255, 1261, 1266, 1274, 1282, 1290, 1301, 1310, 1319, 1331, 1341, 1355, 1370, 1380, 1394, 1413, 1430]
[0, 1345, 1335, 1323, 1314, 1304, 1295, 1290, 1282, 1273, 1265, 1259, 1253, 1247, 1243, 1238, 1232, 1228, 1223, 1220, 1216, 1214, 1203, 1202, 1200, 1203, 1206, 1206, 1207, 1206, 1207, 1209, 1209, 1209, 1211, 1214, 1215, 1216, 1219, 1225, 1230, 1234, 1238, 1243, 1250, 1256, 1260, 1268, 1275, 1284, 1294, 1303, 1313, 1321, 1331, 1345, 1360, 1374, 1386, 1403, 1420]
[0, 1343, 1333, 1322, 1311, 1304, 1296, 1287, 1278, 1269, 1262, 1256, 1252, 1248, 1242, 1238, 1233, 1227, 1222, 1219, 1216, 1212, 1211, 1208, 1208, 1207, 1207, 1203, 1203, 1207, 1207, 1208, 1209, 1210, 1213, 1213, 1215, 1218, 1220, 1224, 1230, 1235, 1236, 1243, 1253, 1258, 1264, 1271, 1276, 1284, 1293, 1300, 1310, 1322, 1334, 1348, 1362, 1376, 1388, 1405, 1421]
[0, 1340, 1330, 1322, 1312, 1297, 1288, 1283, 1275, 1269, 1262, 1255, 1250, 1245, 1240, 1236, 1231, 1227, 1223, 1217, 1214, 1212, 1211, 1210, 1209, 1208, 1207, 1206, 1205, 1206, 1208, 1207, 1208, 1209, 1212, 1214, 1217, 1220, 1223, 1228, 1233, 1237, 1242, 1248, 1254, 1258, 1263, 1271, 1279, 1288, 1298, 1307, 1318, 1327, 1336, 1350, 1366, 1380, 1393, 1409, 1423]
[0, 1346, 1335, 1326, 1316, 1303, 1294, 1287, 1280, 1273, 1263, 1257, 1251, 1246, 1241, 1235, 1233, 1228, 1223, 1219, 1216, 1213, 1210, 1209, 1208, 1207, 1207, 1206, 1206, 1206, 1208, 1209, 1209, 1211, 1213, 1214, 1217, 1221, 1223, 1224, 1231, 1238, 1243, 1249, 1255, 1260, 1266, 1273, 1281, 1288, 1299, 1309, 1316, 1325, 1338, 1351, 1366, 1380, 1393, 1411, 1426]
[0, 1354, 1339, 1326, 1318, 1306, 1295, 1289, 1281, 1274, 1267, 1260, 1255, 1246, 1242, 1239, 1232, 1229, 1228, 1222, 1215, 1213, 1212, 1210, 1209, 1209, 1207, 1205, 1205, 1206, 1208, 1209, 1209, 1210, 1212, 1213, 1216, 1218, 1220, 1225, 1230, 1234, 1240, 1247, 1253, 1258, 1264, 1270, 1276, 1283, 1292, 1300, 1310, 1322, 1333, 1346, 1358, 1372, 1387, 1401, 1418]
[0, 1354, 1339, 1326, 1318, 1306, 1295, 1288, 1280, 1273, 1266, 1260, 1254, 1248, 1243, 1238, 1232, 1227, 1225, 1221, 1215, 1213, 1211, 1207, 1206, 1207, 1205, 1206, 1207, 1206, 1204, 1206, 1208, 1208, 1211, 1213, 1213, 1217, 1220, 1224, 1230, 1234, 1238, 1242, 1250, 1255, 1261, 1268, 1274, 1283, 1294, 1300, 1310, 1321, 1331, 1344, 1359, 1373, 1386, 1399, 1415]
[0, 1344, 1333, 1326, 1316, 1304, 1294, 1287, 1278, 1271, 1264, 1257, 1254, 1249, 1241, 1236, 1233, 1228, 1222, 1218, 1215, 1212, 1210, 1209, 1208, 1206, 1206, 1205, 1205, 1206, 1204, 1205, 1208, 1209, 1212, 1212, 1214, 1217, 1220, 1224, 1229, 1234, 1238, 1245, 1251, 1257, 1262, 1267, 1274, 1283, 1293, 1300, 1310, 1321, 1332, 1345, 1359, 1372, 1386, 1401, 1418]
[0, 1353, 1339, 1326, 1317, 1309, 1298, 1288, 1281, 1274, 1267, 1260, 1254, 1247, 1242, 1239, 1233, 1229, 1226, 1220, 1214, 1212, 1211, 1209, 1209, 1208, 1207, 1206, 1205, 1206, 1207, 1208, 1209, 1210, 1212, 1214, 1215, 1217, 1220, 1224, 1229, 1234, 1240, 1247, 1253, 1258, 1264, 1270, 1276, 1284, 1295, 1303, 1312, 1324, 1334, 1347, 1359, 1374, 1388, 1403, 1419]
[0, 1345, 1331, 1321, 1311, 1303, 1294, 1284, 1276, 1270, 1263, 1256, 1252, 1247, 1242, 1237, 1231, 1226, 1222, 1218, 1216, 1212, 1211, 1209, 1209, 1207, 1205, 1205, 1206, 1205, 1206, 1208, 1209, 1209, 1211, 1214, 1215, 1216, 1219, 1224, 1229, 1234, 1238, 1243, 1249, 1255, 1262, 1269, 1274, 1283, 1293, 1301, 1311, 1321, 1331, 1344, 1358, 1371, 1385, 1399, 1413]
[0, 1350, 1336, 1326, 1316, 1307, 1298, 1288, 1281, 1270, 1263, 1260, 1254, 1248, 1244, 1239, 1232, 1228, 1222, 1218, 1214, 1212, 1210, 1209, 1208, 1207, 1206, 1205, 1205, 1205, 1206, 1207, 1208, 1210, 1212, 1214, 1216, 1219, 1222, 1227, 1232, 1237, 1242, 1245, 1252, 1259, 1264, 1271, 1279, 1289, 1299, 1307, 1318, 1327, 1337, 1350, 1365, 1379, 1392, 1407, 1424]
[0, 1350, 1336, 1325, 1315, 1307, 1297, 1288, 1280, 1271, 1264, 1259, 1253, 1248, 1244, 1238, 1232, 1228, 1223, 1218, 1214, 1213, 1210, 1208, 1208, 1207, 1206, 1205, 1205, 1206, 1204, 1206, 1208, 1210, 1209, 1209, 1214, 1217, 1217, 1222, 1230, 1234, 1238, 1244, 1251, 1257, 1264, 1269, 1276, 1285, 1293, 1303, 1313, 1322, 1332, 1345, 1359, 1373, 1387, 1401, 1417]
[0, 1351, 1337, 1325, 1315, 1307, 1296, 1287, 1280, 1271, 1264, 1260, 1254, 1248, 1243, 1238, 1232, 1228, 1225, 1220, 1214, 1212, 1211, 1209, 1207, 1206, 1206, 1205, 1205, 1208, 1209, 1208, 1209, 1210, 1209, 1210, 1214, 1217, 1218, 1222, 1229, 1234, 1238, 1244, 1250, 1256, 1263, 1269, 1275, 1284, 1293, 1303, 1313, 1322, 1332, 1345, 1359, 1372, 1387, 1400, 1417]
[0, 1341, 1330, 1321, 1310, 1301, 1293, 1284, 1276, 1267, 1259, 1255, 1250, 1245, 1240, 1236, 1231, 1223, 1218, 1217, 1214, 1212, 1210, 1209, 1208, 1206, 1206, 1206, 1206, 1205, 1204, 1206, 1207, 1209, 1212, 1212, 1213, 1216, 1223, 1228, 1229, 1233, 1237, 1242, 1249, 1254, 1260, 1267, 1275, 1283, 1293, 1302, 1309, 1318, 1331, 1341, 1355, 1371, 1385, 1399, 1413]
[0, 1352, 1338, 1324, 1315, 1308, 1298, 1289, 1281, 1273, 1265, 1259, 1252, 1245, 1241, 1235, 1228, 1226, 1225, 1219, 1214, 1212, 1210, 1209, 1208, 1207, 1206, 1205, 1205, 1205, 1206, 1207, 1207, 1209, 1211, 1214, 1216, 1220, 1223, 1225, 1230, 1236, 1242, 1246, 1250, 1256, 1263, 1271, 1279, 1288, 1298, 1306, 1314, 1325, 1337, 1349, 1364, 1377, 1390, 1407, 1423]
[0, 1348, 1335, 1324, 1314, 1306, 1296, 1287, 1279, 1271, 1264, 1258, 1252, 1245, 1241, 1237, 1232, 1224, 1220, 1217, 1213, 1212, 1210, 1206, 1205, 1207, 1205, 1203, 1203, 1204, 1205, 1213, 1214, 1208, 1208, 1211, 1213, 1215, 1218, 1223, 1229, 1233, 1238, 1241, 1248, 1254, 1256, 1261, 1272, 1281, 1299, 1309, 1319, 1328, 1341, 1355, 1368, 1381, 1394, 1412, 1426]
[0, 1341, 1330, 1321, 1310, 1301, 1292, 1284, 1275, 1266, 1254, 1250, 1250, 1243, 1238, 1235, 1228, 1220, 1218, 1216, 1214, 1211, 1211, 1209, 1207, 1206, 1205, 1204, 1205, 1205, 1205, 1205, 1207, 1208, 1211, 1212, 1213, 1217, 1220, 1224, 1229, 1233, 1237, 1242, 1249, 1255, 1261, 1268, 1275, 1284, 1293, 1302, 1312, 1320, 1330, 1341, 1355, 1372, 1386, 1399, 1414]
