[0, 0, 0, 0, 0, 0, 0, 0, 0, 0, 0, 0, 0, 0, 0, 0, 0, 0, 0, 0, 0, 0, 0, 0, 0, 0, 0, 0, 0, 0, 0, 0, 0, 0, 0, 0, 0, 0, 0, 0, 0, 0, 0, 0, 0, 0, 0, 0, 0, 0, 0, 0, 0, 0, 0, 0, 0, 0, 0, 0, 0]
[0, 548, 546, 543, 540, 535, 531, 529, 526, 523, 520, 517, 514, 512, 511, 509, 507, 506, 505, 503, 498, 492, 489, 489, 484, 484, 484, 483, 481, 480, 481, 482, 483, 483, 484, 485, 488, 492, 496, 499, 502, 509, 515, 519, 523, 525, 528, 531, 536, 540, 544, 547, 552, 558, 563, 568, 574, 581, 588, 594, 600]
[0, 549, 545, 541, 536, 533, 531, 530, 527, 525, 522, 519, 517, 514, 512, 510, 507, 506, 505, 504, 503, 496, 489, 488, 486, 484, 483, 481, 481, 481, 482, 481, 481, 482, 483, 485, 488, 492, 495, 497, 498, 506, 515, 519, 522, 524, 527, 531, 535, 539, 543, 547, 552, 556, 560, 565, 571, 578, 585, 591, 598]
[0, 551, 547, 542, 538, 535, 531, 528, 525, 522, 522, 519, 517, 514, 512, 510, 508, 507, 506, 504, 502, 496, 489, 487, 485, 483, 483, 482, 482, 481, 482, 482, 481, 483, 486, 485, 489, 491, 494, 499, 498, 504, 511, 517, 520, 524, 527, 529, 533, 537, 541, 546, 550, 554, 559, 565, 571, 577, 584, 590, 597]
[0, 551, 545, 542, 538, 534, 531, 529, 525, 521, 520, 518, 516, 513, 511, 510, 507, 506, 506, 505, 504, 497, 490, 487, 484, 484, 484, 483, 482, 482, 482, 483, 483, 485, 486, 485, 491, 491, 496, 499, 502, 510, 517, 517, 523, 527, 527, 531, 533, 541, 541, 545, 549, 554, 559, 564, 569, 574, 581, 588, 594]
[0, 549, 545, 541, 537, 534, 534, 530, 527, 525, 522, 519, 517, 514, 512, 510, 508, 506, 505, 504, 502, 495, 489, 487, 485, 483, 483, 483, 481, 480, 481, 482, 483, 484, 485, 486, 489, 493, 496, 499, 501, 508, 515, 519, 522, 525, 528, 531, 536, 540, 543, 547, 552, 558, 563, 568, 574, 581, 588, 593, 600]
[0, 551, 546, 542, 538, 534, 531, 529, 525, 521, 520, 518, 515, 514, 511, 509, 508, 507, 506, 505, 503, 497, 490, 487, 485, 483, 483, 482, 482, 480, 481, 482, 482, 483, 484, 486, 488, 491, 494, 496, 499, 504, 512, 518, 520, 524, 527, 529, 533, 537, 541, 546, 550, 554, 559, 565, 571, 577, 583, 590, 597]
[0, 548, 546, 544, 539, 536, 533, 530, 527, 524, 520, 518, 515, 512, 511, 510, 508, 506, 504, 503, 498, 492, 489, 487, 485, 484, 484, 483, 481, 481, 481, 482, 483, 483, 484, 486, 488, 492, 496, 498, 501, 509, 516, 519, 522, 525, 528, 531, 536, 540, 543, 547, 552, 558, 563, 567, 574, 581, 587, 594, 600]
[0, 551, 547, 542, 538, 535, 531, 528, 526, 524, 523, 518, 515, 512, 511, 511, 509, 508, 506, 505, 503, 496, 490, 488, 485, 483, 482, 481, 481, 481, 480, 481, 482, 483, 483, 485, 488, 492, 494, 497, 500, 507, 515, 519, 521, 524, 527, 530, 534, 539, 543, 546, 551, 556, 560, 564, 570, 578, 584, 590, 598]
[0, 557, 553, 549, 545, 542, 539, 536, 533, 530, 523, 524, 522, 512, 520, 518, 516, 515, 513, 511, 511, 505, 498, 496, 487, 485, 484, 483, 482, 481, 482, 483, 483, 484, 486, 488, 490, 493, 496, 499, 503, 511, 518, 520, 524, 527, 531, 535, 538, 542, 546, 551, 556, 561, 565, 564, 579, 586, 592, 598, 605]
[0, 557, 553, 549, 545, 542, 539, 536, 532, 530, 530, 527, 525, 522, 520, 518, 516, 515, 514, 512, 510, 503, 498, 496, 494, 492, 491, 489, 488, 488, 488, 488, 490, 492, 494, 496, 498, 501, 504, 508, 511, 519, 526, 529, 532, 535, 538, 542, 546, 550, 555, 559, 563, 568, 574, 580, 587, 594, 600, 606, 613]
[0, 557, 552, 547, 545, 544, 541, 538, 535, 531, 529, 527, 524, 522, 520, 518, 516, 514, 513, 512, 506, 499, 498, 496, 494, 492, 491, 489, 489, 489, 489, 490, 491, 492, 494, 496, 499, 502, 505, 508, 514, 522, 527, 531, 533, 536, 539, 544, 547, 550, 551, 556, 560, 564, 575, 581, 587, 587, 595, 608, 613]
[0, 559, 555, 551, 547, 544, 541, 537, 534, 531, 528, 525, 525, 523, 520, 518, 516, 513, 513, 512, 511, 505, 499, 497, 494, 492, 492, 490, 489, 488, 489, 489, 490, 492, 493, 495, 498, 500, 503, 506, 510, 518, 526, 528, 531, 534, 537, 541, 545, 549, 553, 557, 562, 566, 572, 579, 585, 591, 596, 603, 610]
[0, 559, 555, 551, 547, 544, 541, 537, 533, 531, 528, 525, 524, 523, 519, 517, 516, 513, 511, 512, 511, 505, 499, 497, 495, 493, 491, 490, 489, 488, 488, 489, 491, 492, 495, 496, 498, 502, 505, 508, 511, 520, 527, 529, 533, 536, 539, 542, 547, 551, 555, 559, 564, 569, 574, 581, 587, 594, 600, 606, 613]
[0, 561, 557, 553, 549, 546, 543, 540, 537, 531, 533, 529, 524, 527, 523, 521, 516, 519, 517, 517, 514, 507, 502, 500, 495, 493, 491, 490, 489, 488, 488, 489, 491, 492, 494, 496, 499, 502, 505, 508, 511, 519, 527, 529, 533, 536, 539, 542, 547, 551, 555, 560, 564, 569, 574, 581, 587, 594, 600, 606, 613]
[0, 560, 556, 553, 553, 549, 545, 542, 539, 535, 533, 530, 528, 526, 524, 522, 521, 519, 516, 516, 510, 503, 501, 500, 498, 496, 495, 494, 493, 493, 493, 494, 496, 496, 498, 500, 503, 507, 510, 513, 519, 528, 533, 535, 539, 542, 545, 550, 554, 557, 561, 566, 571, 569, 582, 581, 594, 594, 608, 614, 621]
[0, 562, 558, 554, 550, 547, 544, 541, 538, 534, 532, 530, 527, 524, 523, 522, 520, 518, 516, 515, 510, 509, 503, 500, 497, 496, 495, 494, 494, 493, 494, 494, 494, 495, 497, 501, 503, 504, 508, 511, 514, 523, 531, 533, 536, 539, 543, 546, 551, 555, 558, 562, 566, 572, 579, 584, 589, 597, 603, 609, 616]
[0, 561, 557, 553, 549, 546, 543, 540, 536, 533, 531, 529, 527, 524, 523, 521, 520, 517, 516, 517, 516, 508, 502, 500, 498, 497, 496, 495, 494, 493, 493, 494, 495, 496, 498, 500, 503, 506, 510, 513, 516, 524, 532, 535, 538, 541, 544, 548, 552, 556, 560, 564, 569, 575, 581, 588, 593, 599, 606, 612, 619]
[0, 563, 560, 556, 552, 548, 544, 540, 538, 536, 533, 531, 528, 524, 526, 523, 520, 522, 520, 518, 516, 510, 504, 501, 498, 496, 495, 493, 493, 493, 493, 494, 495, 497, 498, 501, 503, 507, 510, 513, 518, 527, 533, 535, 539, 542, 545, 550, 554, 557, 561, 566, 569, 576, 581, 582, 594, 601, 608, 614, 621]
[0, 563, 559, 556, 552, 548, 545, 541, 538, 538, 536, 533, 531, 528, 527, 524, 523, 522, 520, 519, 515, 509, 504, 502, 498, 498, 497, 496, 496, 496, 496, 496, 496, 498, 501, 502, 506, 510, 513, 517, 524, 532, 535, 538, 541, 544, 548, 553, 557, 561, 564, 569, 569, 575, 586, 592, 594, 604, 608, 618, 625]
[0, 567, 564, 560, 557, 554, 550, 546, 544, 542, 539, 533, 536, 534, 532, 530, 530, 528, 526, 524, 521, 515, 510, 507, 500, 499, 497, 496, 496, 496, 496, 497, 498, 499, 501, 502, 506, 510, 514, 517, 525, 533, 536, 539, 541, 545, 549, 553, 558, 561, 564, 569, 569, 575, 586, 592, 594, 604, 608, 617, 625]
[0, 570, 566, 562, 558, 554, 551, 548, 545, 542, 540, 537, 535, 533, 531, 529, 527, 526, 526, 523, 521, 517, 508, 507, 505, 503, 502, 501, 500, 499, 499, 500, 502, 504, 506, 509, 512, 515, 519, 523, 530, 538, 541, 544, 547, 551, 555, 559, 562, 566, 571, 576, 581, 586, 592, 598, 604, 610, 617, 624, 632]
[0, 572, 568, 564, 560, 557, 551, 554, 551, 548, 545, 543, 541, 539, 537, 535, 533, 531, 530, 529, 523, 516, 513, 507, 506, 503, 502, 501, 500, 500, 499, 499, 502, 503, 504, 508, 511, 514, 517, 521, 525, 533, 540, 543, 546, 549, 553, 557, 561, 564, 569, 574, 579, 584, 590, 596, 602, 609, 615, 622, 631]
[0, 578, 574, 570, 566, 563, 559, 556, 554, 550, 547, 545, 543, 541, 539, 537, 535, 531, 533, 532, 526, 519, 513, 516, 509, 507, 505, 504, 504, 503, 502, 502, 502, 507, 504, 514, 517, 521, 525, 528, 537, 545, 540, 551, 554, 557, 561, 564, 568, 573, 569, 577, 582, 594, 590, 600, 605, 612, 619, 625, 633]
[0, 577, 573, 569, 565, 561, 558, 555, 553, 550, 549, 546, 542, 541, 540, 539, 537, 535, 534, 532, 530, 524, 517, 514, 509, 511, 508, 507, 505, 503, 501, 501, 502, 505, 509, 514, 519, 522, 526, 529, 535, 543, 549, 552, 555, 558, 562, 565, 569, 573, 578, 584, 589, 594, 599, 605, 611, 617, 624, 632, 640]
[0, 584, 573, 580, 576, 572, 568, 565, 562, 559, 556, 554, 553, 551, 549, 547, 545, 543, 542, 540, 535, 528, 525, 514, 512, 510, 508, 506, 504, 502, 500, 501, 504, 507, 510, 515, 520, 524, 528, 531, 540, 548, 550, 553, 557, 561, 565, 568, 572, 577, 582, 584, 592, 597, 599, 609, 616, 623, 624, 638, 646]
[0, 594, 588, 584, 581, 577, 573, 569, 566, 563, 561, 558, 557, 555, 553, 550, 549, 548, 546, 545, 539, 528, 532, 529, 521, 510, 509, 506, 505, 503, 501, 501, 502, 504, 508, 513, 520, 528, 534, 537, 543, 552, 558, 560, 563, 566, 570, 574, 579, 583, 588, 592, 597, 602, 608, 614, 621, 627, 635, 643, 650]
[0, 590, 586, 582, 577, 577, 573, 570, 567, 564, 561, 559, 557, 555, 554, 553, 550, 548, 547, 546, 542, 535, 530, 529, 527, 521, 513, 508, 505, 503, 501, 501, 503, 506, 510, 516, 523, 533, 541, 544, 553, 560, 563, 566, 569, 572, 577, 581, 585, 589, 594, 599, 604, 609, 615, 622, 628, 635, 643, 650, 658]
[0, 597, 592, 587, 584, 581, 576, 573, 569, 566, 564, 562, 560, 558, 554, 556, 554, 552, 547, 550, 550, 543, 535, 530, 521, 516, 509, 505, 505, 503, 501, 501, 502, 508, 510, 513, 528, 533, 536, 542, 549, 557, 562, 565, 568, 572, 576, 584, 585, 588, 593, 597, 602, 607, 613, 620, 626, 633, 641, 648, 655]
[0, 598, 594, 589, 585, 581, 577, 573, 570, 567, 565, 563, 560, 558, 557, 555, 553, 551, 551, 550, 543, 536, 535, 533, 525, 519, 511, 506, 504, 502, 500, 500, 503, 506, 510, 517, 526, 538, 545, 549, 558, 565, 568, 571, 575, 580, 583, 586, 590, 595, 599, 604, 609, 615, 622, 628, 635, 643, 651, 658, 666]
[0, 598, 593, 589, 586, 582, 577, 573, 571, 568, 565, 564, 562, 559, 558, 556, 555, 554, 552, 552, 543, 546, 539, 534, 529, 522, 513, 508, 505, 502, 501, 501, 502, 505, 508, 514, 522, 531, 540, 547, 556, 564, 567, 569, 573, 577, 581, 585, 589, 594, 598, 603, 608, 613, 619, 626, 633, 640, 647, 654, 662]
[0, 612, 609, 604, 600, 596, 593, 589, 586, 582, 580, 578, 576, 574, 572, 569, 567, 566, 565, 564, 557, 549, 542, 534, 528, 521, 513, 508, 504, 502, 501, 501, 502, 505, 510, 515, 522, 533, 545, 552, 561, 569, 572, 575, 580, 584, 587, 591, 595, 599, 604, 609, 614, 620, 627, 633, 640, 646, 654, 661, 669]
[0, 621, 616, 612, 608, 604, 601, 598, 594, 592, 590, 587, 585, 583, 581, 569, 578, 577, 565, 576, 574, 566, 553, 543, 532, 520, 511, 507, 504, 502, 501, 501, 502, 505, 509, 515, 522, 533, 0, 560, 572, 581, 584, 587, 590, 594, 597, 601, 605, 610, 615, 620, 626, 632, 639, 645, 651, 658, 666, 673, 681]
[0, 621, 616, 612, 608, 603, 600, 597, 594, 591, 590, 588, 585, 583, 582, 580, 579, 577, 575, 574, 574, 565, 550, 543, 531, 519, 510, 505, 503, 501, 500, 500, 503, 506, 510, 516, 522, 533, 0, 560, 0, 593, 595, 598, 601, 605, 608, 612, 616, 621, 627, 634, 640, 645, 651, 657, 664, 672, 679, 688, 696]
[0, 631, 626, 621, 617, 613, 609, 597, 603, 591, 600, 598, 596, 594, 592, 590, 588, 586, 585, 584, 583, 0, 554, 540, 0, 515, 509, 505, 503, 502, 500, 502, 503, 503, 511, 517, 528, 543, 0, 560, 0, 592, 596, 599, 602, 605, 609, 613, 617, 622, 627, 634, 640, 646, 652, 658, 665, 674, 680, 689, 698]
[0, 630, 625, 621, 617, 613, 609, 609, 606, 603, 600, 598, 596, 594, 592, 589, 588, 586, 585, 584, 583, 0, 0, 541, 0, 513, 509, 509, 505, 503, 501, 500, 501, 503, 506, 512, 528, 543, 0, 0, 600, 603, 606, 609, 612, 615, 619, 624, 629, 635, 642, 634, 647, 658, 652, 671, 679, 686, 680, 703, 698]
[0, 641, 635, 630, 626, 621, 617, 613, 610, 609, 607, 603, 601, 599, 597, 595, 593, 591, 591, 590, 589, 0, 0, 554, 0, 513, 508, 504, 505, 501, 501, 500, 501, 503, 506, 512, 528, 543, 0, 0, 600, 0, 606, 609, 612, 615, 619, 624, 629, 635, 642, 642, 652, 658, 664, 671, 679, 686, 680, 695, 703]
[0, 639, 634, 629, 624, 619, 615, 612, 610, 606, 607, 604, 601, 599, 598, 595, 594, 593, 591, 591, 589, 0, 0, 554, 0, 520, 511, 506, 503, 502, 499, 498, 501, 504, 508, 514, 528, 543, 0, 0, 0, 606, 609, 613, 616, 619, 623, 628, 634, 640, 645, 650, 655, 661, 667, 674, 682, 689, 697, 705, 713]
[0, 649, 644, 639, 634, 630, 626, 622, 618, 616, 614, 612, 609, 607, 605, 603, 601, 600, 600, 599, 597, 0, 0, 556, 0, 512, 508, 506, 504, 501, 499, 501, 501, 504, 506, 512, 528, 543, 0, 0, 606, 608, 611, 615, 618, 622, 626, 631, 637, 643, 649, 653, 659, 661, 672, 674, 686, 689, 702, 705, 718]
[0, 655, 650, 646, 641, 637, 633, 629, 625, 622, 620, 617, 609, 615, 611, 610, 608, 600, 607, 606, 605, 0, 0, 556, 0, 518, 510, 506, 502, 499, 499, 499, 502, 504, 508, 514, 528, 543, 0, 0, 0, 619, 622, 625, 629, 634, 639, 644, 649, 654, 659, 664, 670, 676, 683, 690, 697, 706, 713, 719, 729]
[0, 655, 650, 645, 641, 637, 633, 629, 625, 624, 620, 621, 616, 615, 614, 612, 610, 608, 607, 605, 605, 0, 0, 548, 0, 513, 509, 503, 500, 501, 501, 499, 503, 505, 508, 509, 517, 543, 0, 0, 0, 624, 628, 632, 636, 640, 644, 649, 654, 659, 665, 670, 676, 683, 690, 697, 705, 712, 720, 728, 737]
[0, 655, 650, 645, 641, 637, 633, 629, 626, 624, 621, 618, 616, 615, 614, 612, 610, 608, 607, 605, 605, 0, 0, 0, 0, 512, 508, 503, 504, 501, 501, 500, 504, 505, 506, 511, 519, 543, 0, 0, 0, 625, 628, 632, 636, 640, 645, 650, 654, 660, 665, 670, 677, 684, 690, 697, 706, 713, 720, 729, 738]
[0, 668, 662, 658, 655, 650, 646, 644, 626, 637, 621, 635, 632, 630, 627, 625, 622, 620, 619, 618, 617, 0, 0, 0, 0, 512, 512, 504, 504, 501, 501, 500, 501, 503, 506, 511, 518, 543, 0, 0, 0, 625, 628, 632, 636, 640, 645, 650, 654, 660, 665, 671, 677, 683, 690, 697, 706, 713, 720, 729, 738]
[0, 670, 665, 660, 655, 652, 649, 645, 641, 638, 635, 633, 630, 627, 625, 623, 622, 620, 619, 617, 617, 609, 0, 0, 521, 512, 507, 504, 504, 501, 500, 499, 500, 504, 506, 521, 518, 543, 0, 0, 0, 639, 643, 646, 650, 654, 659, 663, 669, 674, 679, 685, 692, 699, 706, 713, 720, 728, 736, 746, 755]
[0, 677, 672, 667, 662, 657, 654, 650, 647, 645, 643, 639, 636, 634, 632, 629, 627, 625, 624, 623, 623, 0, 0, 0, 0, 516, 508, 503, 503, 501, 502, 502, 502, 506, 506, 512, 518, 543, 0, 0, 0, 639, 642, 646, 649, 653, 657, 662, 668, 673, 678, 684, 691, 698, 705, 711, 718, 726, 734, 744, 753]
[0, 686, 681, 676, 672, 667, 664, 660, 657, 645, 654, 649, 636, 647, 644, 642, 640, 638, 637, 636, 634, 0, 0, 0, 0, 517, 508, 501, 500, 501, 502, 502, 502, 505, 509, 515, 518, 543, 0, 0, 0, 0, 647, 650, 654, 657, 662, 668, 673, 678, 684, 689, 695, 703, 709, 716, 724, 731, 739, 748, 757]
[0, 694, 688, 683, 678, 674, 670, 667, 664, 660, 657, 655, 653, 651, 648, 646, 644, 643, 642, 640, 641, 0, 0, 0, 520, 517, 504, 501, 504, 501, 502, 502, 502, 503, 511, 515, 518, 543, 0, 0, 0, 657, 661, 665, 669, 673, 677, 682, 688, 695, 701, 707, 713, 719, 727, 734, 742, 751, 760, 769, 778]
[0, 693, 687, 681, 678, 674, 670, 667, 664, 660, 658, 655, 652, 650, 648, 648, 645, 643, 644, 643, 642, 0, 0, 0, 525, 516, 510, 504, 504, 503, 500, 501, 504, 507, 510, 516, 518, 543, 0, 0, 0, 0, 664, 668, 672, 676, 680, 686, 692, 698, 704, 710, 715, 721, 729, 735, 743, 753, 762, 771, 781]
[0, 705, 700, 695, 691, 687, 670, 679, 664, 676, 674, 671, 668, 665, 662, 660, 657, 656, 655, 654, 653, 0, 0, 0, 520, 509, 510, 504, 500, 501, 500, 503, 500, 502, 508, 512, 518, 543, 0, 0, 0, 664, 666, 671, 675, 680, 684, 689, 695, 701, 707, 712, 719, 726, 732, 740, 749, 757, 765, 775, 784]
[0, 709, 703, 698, 694, 688, 684, 681, 677, 675, 672, 669, 666, 664, 661, 659, 657, 656, 654, 653, 653, 0, 0, 538, 520, 517, 511, 507, 503, 501, 501, 501, 502, 504, 507, 513, 520, 543, 0, 0, 675, 679, 682, 685, 690, 696, 701, 706, 711, 716, 723, 729, 734, 742, 751, 759, 767, 775, 785, 793, 804]
[0, 705, 700, 695, 691, 687, 684, 679, 677, 676, 673, 670, 668, 665, 662, 660, 657, 656, 655, 655, 654, 0, 0, 538, 524, 510, 504, 504, 502, 501, 500, 500, 503, 506, 510, 513, 520, 543, 0, 0, 675, 0, 679, 683, 688, 693, 697, 703, 709, 713, 719, 725, 732, 739, 746, 754, 763, 770, 779, 789, 800]
[0, 729, 722, 717, 712, 709, 704, 701, 698, 695, 692, 688, 686, 684, 682, 680, 657, 675, 675, 655, 674, 0, 546, 538, 529, 517, 510, 506, 503, 501, 501, 501, 502, 504, 507, 513, 520, 543, 0, 0, 674, 677, 681, 685, 689, 694, 701, 706, 710, 716, 722, 729, 735, 741, 750, 759, 767, 775, 784, 794, 804]
[0, 729, 722, 717, 712, 709, 705, 701, 698, 695, 692, 688, 686, 684, 682, 680, 677, 675, 675, 674, 674, 0, 546, 532, 522, 518, 512, 505, 503, 502, 501, 501, 502, 506, 512, 513, 524, 543, 0, 0, 674, 0, 703, 707, 710, 714, 720, 726, 731, 737, 744, 751, 758, 765, 773, 781, 790, 798, 808, 817, 827]
[0, 729, 727, 717, 721, 717, 713, 711, 707, 704, 702, 698, 695, 692, 690, 688, 686, 684, 682, 683, 682, 0, 0, 0, 522, 518, 512, 504, 503, 501, 501, 501, 502, 506, 512, 516, 524, 543, 0, 0, 674, 0, 703, 707, 710, 715, 720, 726, 731, 737, 744, 751, 758, 765, 773, 781, 789, 798, 807, 817, 827]
[0, 736, 731, 724, 719, 715, 711, 708, 705, 702, 699, 696, 694, 692, 689, 687, 685, 683, 682, 682, 681, 0, 0, 0, 525, 513, 507, 506, 503, 501, 500, 500, 502, 505, 509, 515, 523, 543, 0, 0, 0, 709, 713, 716, 721, 727, 732, 737, 744, 750, 757, 763, 770, 778, 773, 794, 803, 813, 822, 817, 841]
[0, 752, 746, 740, 735, 731, 727, 723, 719, 716, 713, 712, 709, 706, 704, 702, 701, 699, 682, 698, 697, 696, 0, 530, 520, 513, 513, 508, 503, 501, 501, 501, 502, 504, 508, 514, 524, 531, 0, 0, 702, 707, 711, 714, 718, 724, 729, 734, 741, 748, 755, 761, 768, 775, 784, 792, 801, 809, 819, 827, 836]
[0, 749, 746, 744, 738, 733, 727, 723, 720, 718, 715, 712, 710, 707, 706, 704, 702, 700, 698, 697, 696, 696, 0, 534, 521, 514, 507, 508, 504, 503, 501, 502, 505, 504, 514, 514, 524, 532, 0, 0, 718, 722, 726, 731, 735, 740, 746, 752, 758, 765, 770, 777, 785, 793, 802, 810, 818, 827, 834, 844, 856]
[0, 769, 763, 758, 753, 748, 745, 740, 737, 733, 730, 728, 726, 722, 719, 718, 717, 700, 714, 697, 713, 712, 0, 534, 524, 516, 509, 506, 503, 502, 501, 501, 503, 507, 511, 517, 524, 532, 0, 0, 0, 725, 0, 728, 739, 0, 750, 755, 761, 767, 774, 781, 788, 797, 802, 813, 823, 831, 839, 851, 861]
[0, 770, 765, 761, 753, 757, 748, 740, 743, 739, 736, 733, 730, 728, 725, 723, 721, 720, 719, 717, 716, 0, 0, 539, 521, 517, 511, 506, 505, 503, 502, 503, 507, 507, 511, 514, 532, 543, 0, 0, 740, 744, 749, 754, 758, 763, 769, 776, 782, 788, 796, 802, 809, 818, 827, 834, 843, 853, 862, 871, 881]
[0, 774, 769, 764, 760, 755, 751, 746, 742, 738, 735, 733, 731, 729, 726, 724, 722, 720, 718, 717, 716, 0, 0, 539, 527, 521, 515, 509, 506, 504, 502, 502, 505, 509, 513, 516, 524, 543, 0, 0, 743, 748, 752, 757, 762, 767, 771, 778, 785, 792, 798, 805, 813, 820, 829, 838, 848, 856, 866, 876, 885]
[0, 771, 765, 761, 756, 752, 751, 748, 743, 739, 736, 733, 730, 729, 726, 723, 722, 721, 719, 717, 716, 0, 0, 539, 523, 519, 513, 506, 503, 505, 502, 505, 504, 510, 516, 522, 531, 542, 0, 0, 743, 748, 752, 756, 762, 766, 772, 777, 782, 790, 797, 804, 812, 819, 827, 834, 843, 853, 863, 872, 881]
[0, 793, 787, 782, 776, 771, 767, 764, 761, 757, 754, 750, 747, 744, 741, 739, 738, 737, 735, 734, 733, 0, 0, 539, 527, 521, 515, 509, 506, 504, 502, 502, 505, 509, 513, 516, 524, 542, 0, 0, 745, 748, 753, 757, 762, 767, 772, 778, 785, 792, 798, 806, 813, 821, 829, 838, 849, 857, 866, 876, 885]
[0, 809, 804, 798, 793, 787, 783, 779, 776, 773, 770, 767, 763, 761, 759, 758, 756, 754, 753, 752, 733, 751, 0, 533, 525, 519, 514, 509, 508, 505, 502, 502, 506, 511, 516, 524, 532, 541, 0, 0, 761, 765, 769, 772, 777, 783, 790, 802, 785, 810, 816, 822, 828, 834, 843, 854, 863, 871, 879, 888, 898]
[0, 824, 819, 814, 808, 803, 798, 794, 791, 787, 785, 782, 779, 776, 773, 772, 756, 771, 769, 767, 733, 767, 0, 532, 526, 520, 514, 516, 511, 507, 506, 505, 509, 511, 522, 530, 532, 537, 546, 0, 780, 785, 789, 795, 800, 805, 811, 817, 823, 829, 834, 841, 850, 858, 866, 875, 884, 893, 902, 912, 924]
[0, 823, 816, 811, 806, 801, 797, 794, 790, 787, 787, 784, 781, 779, 777, 773, 772, 770, 768, 767, 767, 767, 0, 0, 533, 526, 520, 514, 509, 507, 507, 508, 507, 510, 517, 524, 531, 540, 552, 0, 798, 804, 808, 812, 818, 823, 828, 834, 840, 847, 856, 863, 869, 876, 883, 892, 902, 914, 924, 933, 943]
[0, 827, 822, 815, 810, 806, 801, 797, 793, 790, 787, 784, 782, 778, 775, 773, 771, 770, 769, 768, 767, 767, 0, 0, 532, 525, 519, 515, 509, 505, 505, 507, 510, 513, 519, 526, 533, 542, 552, 0, 0, 804, 809, 814, 820, 825, 830, 835, 841, 849, 856, 863, 870, 878, 887, 896, 906, 917, 928, 937, 948]
[0, 825, 820, 816, 810, 805, 800, 795, 791, 789, 786, 783, 780, 779, 778, 774, 771, 769, 769, 768, 767, 767, 0, 0, 530, 524, 516, 513, 511, 507, 504, 504, 507, 512, 518, 528, 536, 546, 0, 797, 801, 806, 809, 816, 0, 822, 833, 838, 841, 845, 853, 861, 867, 874, 882, 890, 900, 911, 921, 930, 940]
[0, 823, 817, 812, 807, 805, 802, 798, 794, 791, 789, 785, 782, 780, 779, 777, 773, 770, 770, 769, 767, 769, 0, 0, 533, 521, 516, 513, 508, 507, 507, 507, 507, 510, 517, 524, 531, 540, 552, 0, 799, 804, 809, 815, 820, 824, 829, 834, 843, 850, 856, 863, 869, 876, 884, 894, 904, 916, 928, 937, 946]
[0, 846, 840, 835, 830, 826, 822, 818, 814, 811, 808, 805, 801, 800, 798, 796, 793, 791, 791, 790, 790, 769, 0, 0, 531, 524, 519, 515, 0, 506, 504, 505, 510, 513, 519, 527, 534, 543, 0, 799, 803, 807, 813, 818, 824, 828, 833, 839, 845, 854, 862, 868, 876, 884, 892, 902, 914, 924, 933, 942, 954]
[0, 876, 871, 867, 861, 855, 851, 847, 842, 838, 835, 833, 832, 829, 827, 825, 825, 823, 820, 821, 821, 769, 821, 0, 530, 525, 519, 511, 509, 506, 508, 506, 512, 518, 524, 533, 542, 553, 0, 0, 821, 826, 829, 833, 838, 845, 852, 858, 864, 871, 876, 883, 890, 898, 908, 918, 929, 938, 947, 959, 971]
[0, 877, 871, 866, 861, 855, 850, 847, 843, 838, 835, 834, 832, 832, 829, 827, 826, 824, 823, 822, 822, 821, 821, 0, 530, 529, 519, 524, 519, 515, 511, 511, 513, 517, 524, 531, 540, 549, 0, 849, 854, 860, 865, 870, 874, 879, 885, 892, 898, 903, 910, 919, 928, 937, 946, 955, 965, 977, 990, 1000, 1012]
[0, 884, 878, 873, 869, 865, 861, 857, 853, 838, 845, 834, 840, 838, 836, 834, 832, 832, 832, 831, 831, 830, 821, 0, 539, 533, 528, 523, 0, 514, 511, 511, 514, 519, 525, 533, 541, 550, 0, 850, 856, 861, 867, 872, 876, 881, 886, 892, 899, 905, 913, 923, 932, 940, 949, 960, 970, 982, 993, 1004, 1017]
[0, 887, 881, 875, 870, 866, 862, 859, 855, 850, 846, 843, 841, 838, 835, 834, 833, 833, 832, 831, 830, 830, 821, 0, 0, 534, 528, 523, 519, 515, 511, 511, 514, 521, 526, 535, 544, 555, 0, 862, 866, 870, 873, 879, 885, 889, 894, 901, 910, 917, 925, 933, 941, 949, 959, 971, 983, 993, 1003, 1016, 1030]
[0, 884, 878, 875, 873, 868, 864, 860, 856, 852, 849, 845, 841, 838, 836, 835, 834, 832, 831, 831, 831, 831, 821, 0, 0, 535, 531, 521, 519, 517, 514, 512, 518, 521, 524, 532, 541, 549, 0, 860, 866, 870, 874, 879, 883, 887, 894, 902, 910, 916, 924, 932, 940, 947, 958, 969, 980, 992, 1002, 1013, 1026]
[0, 912, 906, 900, 894, 888, 883, 880, 876, 873, 870, 868, 866, 863, 862, 860, 858, 855, 854, 854, 854, 853, 821, 0, 538, 533, 528, 524, 519, 515, 513, 513, 516, 522, 529, 537, 546, 558, 0, 863, 868, 872, 877, 882, 887, 892, 897, 904, 913, 921, 929, 936, 946, 955, 964, 975, 986, 997, 1008, 1020, 1034]
[0, 912, 906, 899, 893, 888, 883, 880, 876, 873, 870, 868, 866, 863, 862, 860, 857, 855, 854, 854, 853, 853, 821, 0, 541, 536, 531, 528, 519, 518, 516, 517, 523, 529, 536, 537, 554, 0, 882, 863, 890, 895, 877, 901, 906, 913, 920, 927, 935, 941, 947, 956, 965, 975, 985, 995, 1004, 1016, 1028, 1040, 1053]
[0, 942, 906, 936, 929, 923, 917, 912, 908, 904, 900, 897, 895, 893, 891, 888, 886, 886, 885, 884, 884, 883, 821, 0, 541, 536, 531, 528, 524, 518, 515, 517, 523, 529, 536, 544, 554, 0, 882, 863, 890, 895, 900, 0, 913, 913, 927, 927, 934, 940, 947, 956, 965, 975, 985, 994, 1004, 1016, 1028, 1040, 1053]
[0, 943, 936, 930, 925, 918, 913, 908, 904, 901, 898, 897, 895, 893, 890, 888, 887, 885, 884, 883, 883, 883, 883, 0, 0, 546, 540, 536, 533, 529, 525, 525, 530, 536, 544, 552, 562, 0, 913, 918, 923, 929, 933, 939, 944, 951, 958, 965, 973, 983, 992, 1001, 1010, 1018, 1029, 1040, 1051, 1065, 1079, 1091, 1106]
[0, 954, 947, 942, 938, 932, 927, 922, 918, 915, 912, 908, 905, 902, 899, 898, 897, 897, 896, 896, 894, 894, 883, 0, 0, 547, 541, 537, 534, 530, 525, 524, 528, 535, 542, 549, 560, 0, 912, 917, 922, 927, 932, 938, 943, 950, 957, 963, 972, 981, 989, 997, 1006, 1017, 1027, 1036, 1048, 1062, 1075, 1088, 1103]
[0, 968, 961, 953, 947, 942, 937, 934, 929, 925, 923, 919, 916, 914, 911, 909, 907, 906, 905, 904, 904, 904, 895, 0, 0, 547, 541, 537, 538, 535, 530, 528, 530, 537, 544, 551, 561, 0, 924, 930, 934, 938, 942, 949, 956, 962, 969, 977, 984, 992, 1001, 1009, 1018, 1030, 1041, 1050, 1062, 1074, 1087, 1101, 1116]
[0, 966, 958, 950, 945, 941, 937, 934, 929, 925, 922, 919, 917, 914, 912, 909, 907, 905, 904, 905, 904, 905, 905, 0, 0, 549, 545, 541, 539, 535, 533, 528, 534, 546, 553, 563, 561, 936, 924, 943, 934, 948, 953, 959, 967, 976, 983, 989, 997, 1004, 1012, 1020, 1031, 1041, 1052, 1062, 1073, 1084, 1100, 1114, 1128]
[0, 968, 962, 954, 949, 944, 938, 934, 931, 927, 923, 920, 918, 916, 913, 910, 907, 908, 907, 905, 905, 906, 905, 906, 0, 550, 545, 544, 541, 538, 534, 530, 533, 541, 547, 555, 0, 0, 936, 939, 943, 948, 954, 962, 969, 976, 984, 992, 999, 1005, 1014, 1023, 1032, 1043, 1052, 1064, 1077, 1089, 1103, 1118, 1134]
[0, 964, 956, 954, 951, 947, 942, 938, 934, 931, 928, 924, 920, 917, 915, 913, 913, 911, 910, 911, 910, 909, 905, 906, 0, 552, 545, 542, 539, 534, 533, 535, 539, 541, 553, 563, 0, 936, 939, 945, 951, 948, 955, 961, 968, 976, 983, 989, 997, 1004, 1012, 1021, 1032, 1041, 1052, 1063, 1073, 1085, 1100, 1115, 1131]
[0, 1037, 1030, 1022, 1016, 1009, 1004, 1000, 996, 994, 991, 985, 983, 981, 978, 977, 977, 975, 976, 974, 974, 975, 909, 906, 0, 0, 548, 543, 540, 537, 532, 532, 539, 545, 553, 563, 0, 938, 942, 946, 951, 957, 963, 971, 979, 985, 992, 1000, 1008, 1016, 1025, 1033, 1042, 1053, 1066, 1077, 1090, 1105, 1119, 1134, 1150]
[0, 1035, 1028, 1021, 1014, 1008, 1004, 999, 996, 993, 989, 985, 983, 980, 979, 978, 977, 976, 976, 974, 974, 974, 975, 975, 0, 975, 548, 0, 564, 561, 560, 559, 562, 567, 578, 0, 1000, 1005, 1010, 1014, 1019, 1026, 1032, 1039, 1045, 1052, 1060, 1068, 1076, 1086, 1096, 1106, 1118, 1130, 1143, 1157, 1170, 1183, 1195, 1206, 1222]
[0, 1034, 1026, 1020, 1014, 1008, 1003, 999, 996, 993, 989, 985, 982, 980, 980, 979, 978, 976, 975, 975, 973, 974, 976, 975, 976, 976, 548, 0, 565, 562, 560, 560, 562, 569, 581, 0, 1002, 1006, 1010, 1015, 1020, 1027, 1032, 1038, 1046, 1054, 1061, 1068, 1076, 1086, 1096, 1106, 1118, 1131, 1144, 1157, 1170, 1182, 1195, 1207, 1222]
[0, 1045, 1037, 1030, 1025, 1021, 1016, 1009, 1005, 1002, 999, 999, 982, 994, 980, 992, 990, 989, 990, 989, 988, 989, 989, 975, 975, 975, 548, 0, 565, 561, 559, 558, 562, 569, 581, 0, 1003, 1006, 1010, 1017, 1022, 1028, 1034, 1041, 1049, 1057, 1063, 1071, 1080, 1087, 1098, 1109, 1119, 1134, 1148, 1162, 1174, 1187, 1200, 1214, 1231]
[0, 1048, 1040, 1032, 1027, 1021, 1016, 1012, 1007, 1004, 1001, 998, 995, 992, 991, 991, 989, 988, 988, 987, 987, 988, 989, 989, 990, 991, 548, 0, 572, 569, 565, 564, 569, 577, 0, 1011, 1015, 1021, 1025, 1031, 1035, 1039, 1046, 1054, 1061, 1069, 1077, 1084, 1091, 1102, 1114, 1126, 1139, 1152, 1163, 1174, 1187, 1200, 1213, 1228, 1246]
[0, 1120, 1112, 1104, 1097, 1091, 1087, 1083, 1079, 1074, 1069, 1068, 1065, 1063, 1062, 1060, 1060, 1059, 1058, 1058, 1059, 1061, 988, 989, 990, 989, 548, 0, 573, 569, 566, 565, 568, 575, 0, 0, 1014, 1020, 1025, 1029, 1033, 1038, 1045, 1053, 1059, 1068, 1076, 1082, 1090, 1098, 1110, 1124, 1136, 1148, 1160, 1173, 1186, 1197, 1209, 1225, 1241]
[0, 1129, 1120, 1110, 1103, 1096, 1091, 1087, 1083, 1079, 1076, 1073, 1069, 1065, 1063, 1063, 1063, 1062, 1060, 1060, 1060, 1060, 1062, 1061, 1062, 1064, 1065, 1064, 573, 0, 0, 1074, 1079, 1082, 0, 1090, 1097, 0, 1110, 1118, 1129, 1038, 1136, 1141, 1147, 1155, 1163, 1173, 1180, 1190, 1202, 1213, 1226, 1239, 1250, 1263, 1279, 1292, 1310, 1331, 1351]
[0, 1161, 1153, 1146, 1139, 1135, 1131, 1124, 1120, 1118, 1076, 1115, 1110, 1106, 1105, 1103, 1101, 1105, 1109, 1111, 1110, 1108, 1061, 1063, 1064, 1064, 1064, 1065, 573, 0, 592, 0, 1079, 1081, 1084, 1087, 1094, 1100, 1107, 1116, 1125, 1134, 1138, 1141, 1152, 1161, 1168, 1175, 1186, 1199, 1211, 1223, 1236, 1248, 1259, 1275, 1288, 1304, 1325, 1345, 1364]
[0, 1171, 1164, 1158, 1152, 1146, 1139, 1133, 1129, 1126, 1122, 1118, 1115, 1109, 1108, 1103, 1110, 1110, 1110, 1117, 1110, 1118, 1114, 1105, 1110, 1111, 1120, 1127, 1123, 1123, 1127, 1129, 1131, 1135, 1137, 1141, 1148, 1155, 1160, 1165, 1173, 1183, 1191, 1197, 1199, 1207, 1221, 1230, 1239, 1251, 1264, 1274, 1285, 1297, 1314, 1332, 1348, 1365, 1383, 1401, 1419]
[0, 1172, 1165, 1157, 1152, 1148, 1142, 1136, 1131, 1125, 1122, 1120, 1115, 1112, 1111, 1109, 1111, 1111, 1112, 1118, 1120, 1116, 1114, 1112, 1111, 1113, 1122, 1129, 1127, 1127, 1128, 1130, 1132, 1134, 1137, 1143, 1150, 1156, 1161, 1168, 1173, 1179, 1187, 1192, 1197, 1209, 1218, 1227, 1239, 1249, 1261, 1273, 1284, 1296, 1310, 1329, 1345, 1361, 1378, 1396, 1415]
[0, 1170, 1164, 1157, 1151, 1146, 1140, 1135, 1131, 1130, 1125, 1121, 1117, 1115, 1114, 1113, 1113, 1115, 1113, 1111, 1117, 1120, 1112, 1114, 1116, 1121, 1127, 1129, 1127, 1128, 1128, 1129, 1136, 1134, 1140, 1142, 1149, 1153, 1159, 1168, 1174, 1180, 1186, 1193, 1201, 1211, 1217, 1223, 1235, 1248, 1262, 1272, 1282, 1295, 1309, 1325, 1342, 1359, 1377, 1394, 1412]
[0, 1175, 1168, 1162, 1156, 1150, 1144, 1139, 1134, 1129, 1126, 1121, 1118, 1115, 1112, 1111, 1112, 1114, 1114, 1117, 1119, 1117, 1114, 1112, 1113, 1116, 1128, 1134, 1129, 1126, 1128, 1132, 1137, 1138, 1138, 1142, 1149, 1155, 1163, 1168, 1174, 1183, 1191, 1198, 1202, 1210, 1220, 1229, 1242, 1254, 1264, 1275, 1286, 1298, 1315, 1332, 1348, 1366, 1385, 1401, 1418]
[0, 1210, 1200, 1192, 1186, 1182, 1176, 1170, 1166, 1163, 1161, 1157, 1155, 1153, 1153, 1153, 1154, 1153, 1152, 1151, 1147, 1146, 1114, 1114, 1114, 1119, 1131, 1130, 1126, 1127, 1129, 1130, 1135, 1141, 1144, 1147, 1150, 1158, 1166, 1171, 1178, 1186, 1194, 1200, 1205, 1215, 1225, 1234, 1248, 1260, 1271, 1282, 1293, 1307, 1324, 1339, 1355, 1373, 1389, 1408, 1430]
[0, 1209, 1199, 1192, 1189, 1182, 1176, 1170, 1172, 1169, 1166, 1163, 1162, 1161, 1159, 1159, 1160, 1158, 1156, 1157, 1160, 1160, 1149, 1151, 1153, 1155, 1161, 1164, 1126, 1165, 1168, 1170, 1171, 1171, 1173, 1177, 1181, 1187, 1194, 1201, 1210, 1218, 1224, 1232, 1240, 1247, 1255, 1264, 1274, 1282, 1288, 1299, 1310, 1319, 1331, 1345, 1358, 1368, 1378, 1395, 1411]
[0, 1252, 1245, 1236, 1227, 1221, 1215, 1210, 1204, 1199, 1196, 1196, 1193, 1187, 1184, 1183, 1180, 1181, 1181, 1181, 1183, 1183, 1161, 1161, 1161, 1162, 1163, 1167, 1169, 1171, 1174, 1176, 1179, 1183, 1188, 1194, 1200, 1206, 1212, 1219, 1225, 1231, 1236, 1242, 1247, 1254, 1261, 1267, 1275, 1283, 1291, 1301, 1313, 1325, 1336, 1348, 1362, 1372, 1385, 1401, 1417]
[0, 1254, 1248, 1241, 1230, 1220, 1214, 1210, 1207, 1202, 1199, 1197, 1192, 1187, 1185, 1185, 1184, 1184, 1183, 1182, 1182, 1182, 1184, 1182, 1185, 1189, 1190, 1191, 1192, 1194, 1174, 1196, 1199, 1202, 1203, 1205, 1208, 1213, 1216, 1220, 1224, 1229, 1234, 1239, 1246, 1251, 1257, 1265, 1273, 1280, 1287, 1298, 1309, 1318, 1331, 1342, 1355, 1367, 1379, 1395, 1409]
[0, 1268, 1261, 1255, 1246, 1241, 1238, 1233, 1227, 1222, 1220, 1218, 1215, 1212, 1207, 1204, 1204, 1204, 1203, 1201, 1201, 1200, 1184, 1184, 1184, 1188, 1190, 1190, 1191, 1192, 1195, 1196, 1198, 1205, 1209, 1208, 1209, 1212, 1217, 1221, 1227, 1233, 1237, 1244, 1251, 1255, 1261, 1268, 1275, 1283, 1291, 1301, 1314, 1326, 1339, 1351, 1361, 1373, 1388, 1402, 1417]
[0, 1312, 1306, 1297, 1287, 1282, 1276, 1269, 1263, 1257, 1251, 1246, 1240, 1234, 1230, 1224, 1219, 1216, 1210, 1207, 1204, 1200, 1200, 1199, 1201, 1202, 1198, 1197, 1198, 1199, 1200, 1200, 1201, 1205, 1204, 1208, 1208, 1212, 1219, 1221, 1228, 1233, 1234, 1239, 1246, 1251, 1256, 1264, 1272, 1279, 1287, 1296, 1307, 1317, 1328, 1340, 1355, 1365, 1378, 1395, 1408]
[0, 1312, 1306, 1297, 1287, 1282, 1275, 1269, 1263, 1256, 1250, 1246, 1240, 1234, 1230, 1224, 1218, 1215, 1210, 1208, 1204, 1200, 1200, 1199, 1197, 1202, 1196, 1195, 1193, 1192, 1193, 1196, 1197, 1198, 1203, 1205, 1205, 1206, 1213, 1219, 1223, 1227, 1231, 1235, 1242, 1250, 1255, 1262, 1270, 1277, 1284, 1296, 1308, 1318, 1330, 1344, 1356, 1366, 1379, 1395, 1411]
[0, 1312, 1305, 1297, 1289, 1282, 1276, 1270, 1264, 1257, 1253, 1247, 1241, 1234, 1228, 1224, 1219, 1215, 1211, 1208, 1204, 1201, 1200, 1199, 1199, 1197, 1195, 1195, 1194, 1194, 1193, 1195, 1196, 1198, 1202, 1205, 1206, 1207, 1213, 1218, 1222, 1227, 1231, 1236, 1243, 1249, 1255, 1261, 1269, 1276, 1284, 1294, 1305, 1317, 1330, 1344, 1356, 1366, 1379, 1393, 1407]
[0, 1351, 1335, 1318, 1305, 1295, 1284, 1275, 1269, 1261, 1254, 1248, 1241, 1236, 1231, 1225, 1219, 1215, 1212, 1209, 1204, 1200, 1199, 1198, 1196, 1197, 1197, 1194, 1194, 1198, 1193, 1198, 1198, 1202, 1204, 1205, 1205, 1209, 1214, 1218, 1222, 1227, 1233, 1238, 1245, 1250, 1256, 1264, 1269, 1276, 1286, 1295, 1303, 1314, 1327, 1339, 1351, 1363, 1377, 1394, 1408]
[0, 1345, 1328, 1313, 1301, 1292, 1283, 1273, 1265, 1259, 1253, 1248, 1242, 1236, 1231, 1225, 1219, 1215, 1211, 1205, 1201, 1201, 1198, 1197, 1197, 1195, 1194, 1194, 1195, 1195, 1195, 1195, 1197, 1199, 1201, 1203, 1205, 1210, 1216, 1220, 1223, 1231, 1236, 1240, 1247, 1253, 1259, 1267, 1273, 1281, 1290, 1300, 1311, 1321, 1334, 1348, 1360, 1372, 1387, 1402, 1416]
[0, 1339, 1324, 1312, 1300, 1289, 1283, 1273, 1264, 1259, 1254, 1247, 1240, 1232, 1228, 1223, 1218, 1215, 1210, 1207, 1204, 1200, 1199, 1198, 1196, 1197, 1196, 1194, 1195, 1197, 1199, 1197, 1196, 1199, 1203, 1204, 1208, 1214, 1216, 1220, 1225, 1231, 1230, 1237, 1249, 1253, 1262, 1267, 1268, 1276, 1283, 1293, 1303, 1313, 1323, 1334, 1347, 1360, 1374, 1387, 1401]
[0, 1335, 1322, 1309, 1298, 1288, 1280, 1271, 1264, 1258, 1251, 1245, 1238, 1233, 1228, 1229, 1218, 1215, 1213, 1208, 1207, 1203, 1199, 1198, 1196, 1197, 1195, 1194, 1193, 1193, 1193, 1195, 1196, 1198, 1201, 1204, 1205, 1207, 1210, 1215, 1222, 1226, 1231, 1236, 1242, 1249, 1254, 1262, 1268, 1275, 1285, 1296, 1304, 1314, 1327, 1339, 1351, 1361, 1376, 1390, 1404]
[0, 1333, 1320, 1306, 1296, 1286, 1278, 1271, 1263, 1258, 1246, 1241, 1236, 1233, 1231, 1224, 1219, 1215, 1210, 1205, 1201, 1200, 1200, 1198, 1195, 1195, 1195, 1193, 1193, 1194, 1194, 1195, 1195, 1197, 1199, 1201, 1204, 1208, 1210, 1215, 1221, 1225, 1231, 1237, 1243, 1249, 1255, 1262, 1268, 1276, 1284, 1293, 1304, 1317, 1329, 1343, 1355, 1366, 1380, 1393, 1408]
[0, 1338, 1323, 1311, 1299, 1289, 1280, 1270, 1263, 1256, 1248, 1241, 1236, 1232, 1225, 1221, 1218, 1212, 1206, 1202, 1201, 1200, 1198, 1196, 1195, 1193, 1193, 1193, 1192, 1193, 1195, 1195, 1195, 1195, 1197, 1201, 1204, 1205, 1208, 1214, 1220, 1224, 1230, 1236, 1240, 1246, 1253, 1258, 1267, 1275, 1283, 1292, 1301, 1313, 1326, 1336, 1350, 1365, 1378, 1392, 1405]
[0, 1335, 1322, 1311, 1300, 1290, 1281, 1273, 1265, 1258, 1249, 1242, 1239, 1233, 1224, 1217, 1213, 1211, 1208, 1202, 1201, 1200, 1198, 1197, 1194, 1192, 1192, 1191, 1193, 1193, 1193, 1191, 1190, 1195, 1200, 1203, 1204, 1206, 1208, 1213, 1218, 1219, 1227, 1235, 1239, 1245, 1252, 1257, 1265, 1274, 1281, 1287, 1298, 1310, 1320, 1331, 1344, 1358, 1372, 1386, 1399]
[0, 1336, 1321, 1310, 1299, 1289, 1280, 1272, 1265, 1258, 1249, 1242, 1238, 1232, 1224, 1217, 1213, 1211, 1207, 1202, 1202, 1200, 1198, 1195, 1191, 1190, 1190, 1192, 1191, 1191, 1191, 1192, 1197, 1195, 1202, 1203, 1203, 1205, 1207, 1211, 1214, 1218, 1227, 1232, 1237, 1245, 1251, 1257, 1263, 1272, 1280, 1287, 1297, 1310, 1321, 1332, 1344, 1358, 1372, 1383, 1396]
[0, 1337, 1322, 1310, 1298, 1287, 1279, 1271, 1264, 1256, 1248, 1241, 1236, 1232, 1225, 1220, 1217, 1211, 1206, 1202, 1200, 1199, 1198, 1195, 1191, 1190, 1190, 1192, 1191, 1191, 1193, 1194, 1197, 1195, 1201, 1203, 1203, 1206, 1208, 1211, 1212, 1219, 1227, 1232, 1239, 1246, 1250, 1256, 1262, 1268, 1278, 1287, 1295, 1306, 1318, 1333, 1346, 1356, 1367, 1382, 1398]
[0, 1330, 1317, 1308, 1297, 1287, 1278, 1270, 1263, 1256, 1249, 1244, 1238, 1230, 1224, 1221, 1213, 1208, 1205, 1201, 1200, 1199, 1199, 1195, 1193, 1190, 1193, 1194, 1192, 1191, 1193, 1191, 1191, 1195, 1197, 1198, 1201, 1205, 1208, 1210, 1215, 1220, 1227, 1234, 1239, 1244, 1250, 1256, 1264, 1270, 1278, 1287, 1297, 1310, 1320, 1331, 1344, 1358, 1372, 1385, 1399]
[0, 1330, 1317, 1307, 1296, 1286, 1276, 1268, 1263, 1255, 1247, 1243, 1237, 1229, 1222, 1218, 1213, 1213, 1208, 1205, 1202, 1201, 1198, 1195, 1193, 1192, 1193, 1193, 1193, 1192, 1193, 1192, 1191, 1194, 1197, 1198, 1201, 1204, 1207, 1210, 1214, 1219, 1226, 1233, 1238, 1244, 1249, 1256, 1264, 1270, 1277, 1286, 1296, 1309, 1320, 1331, 1344, 1358, 1371, 1383, 1397]
[0, 1330, 1317, 1305, 1293, 1286, 1276, 1269, 1263, 1263, 1255, 1246, 1240, 1234, 1229, 1224, 1218, 1214, 1207, 1202, 1201, 1198, 1199, 1197, 1195, 1194, 1194, 1192, 1193, 1193, 1193, 1194, 1195, 1194, 1196, 1200, 1203, 1205, 1208, 1212, 1217, 1220, 1224, 1233, 1239, 1242, 1248, 1259, 1267, 1273, 1280, 1291, 1298, 1311, 1325, 1335, 1348, 1362, 1377, 1389, 1399]
[0, 1329, 1316, 1303, 1290, 1281, 1275, 1268, 1262, 1253, 1255, 1241, 1240, 1236, 1230, 1223, 1218, 1212, 1208, 1204, 1201, 1197, 1196, 1196, 1195, 1193, 1192, 1192, 1192, 1191, 1192, 1193, 1193, 1195, 1196, 1199, 1202, 1206, 1209, 1211, 1216, 1223, 1227, 1232, 1238, 1245, 1251, 1258, 1265, 1273, 1281, 1289, 1300, 1311, 1320, 1332, 1348, 1362, 1375, 1389, 1404]
[0, 1336, 1325, 1310, 1296, 1287, 1280, 1272, 1264, 1256, 1249, 1245, 1237, 1230, 1225, 1219, 1215, 1210, 1204, 1202, 1200, 1200, 1195, 1196, 1194, 1192, 1192, 1192, 1192, 1192, 1190, 1191, 1194, 1194, 1196, 1199, 1202, 1204, 1207, 1211, 1216, 1219, 1223, 1232, 1239, 1242, 1246, 1256, 1267, 1274, 1282, 1291, 1304, 1320, 1334, 1348, 1361, 1374, 1390, 1409, 1427]
[0, 1328, 1315, 1304, 1291, 1281, 1274, 1267, 1261, 1253, 1245, 1245, 1240, 1234, 1229, 1223, 1217, 1213, 1209, 1204, 1201, 1197, 1197, 1196, 1194, 1192, 1191, 1189, 1189, 1191, 1191, 1189, 1191, 1195, 1200, 1202, 1202, 1203, 1205, 1213, 1219, 1222, 1227, 1235, 1243, 1250, 1259, 1267, 1274, 1282, 1294, 1308, 1318, 1330, 1343, 1356, 1370, 1382, 1397, 1414, 1433]
[0, 1332, 1321, 1305, 1293, 1286, 1279, 1269, 1260, 1256, 1249, 1242, 1236, 1227, 1221, 1217, 1214, 1211, 1206, 1202, 1199, 1197, 1196, 1196, 1194, 1192, 1191, 1191, 1190, 1191, 1190, 1190, 1193, 1194, 1196, 1199, 1201, 1203, 1206, 1211, 1216, 1223, 1227, 1232, 1238, 1245, 1255, 1262, 1271, 1283, 1294, 1305, 1315, 1323, 1335, 1349, 1362, 1378, 1393, 1409, 1426]
[0, 1329, 1316, 1303, 1293, 1283, 1275, 1269, 1262, 1255, 1248, 1241, 1236, 1229, 1223, 1219, 1215, 1208, 1202, 1201, 1200, 1198, 1194, 1192, 1191, 1190, 1190, 1191, 1191, 1191, 1192, 1194, 1196, 1199, 1196, 1209, 1214, 1220, 1225, 1229, 1234, 1239, 1227, 1251, 1238, 1256, 1269, 1262, 1275, 1281, 1303, 1305, 1311, 1321, 1331, 1343, 1357, 1372, 1386, 1402, 1418]
[0, 1329, 1316, 1303, 1293, 1283, 1275, 1269, 1261, 1254, 1247, 1241, 1235, 1228, 1222, 1217, 1212, 1210, 1205, 1201, 1198, 1196, 1196, 1195, 1191, 1192, 1191, 1189, 1191, 1191, 1191, 1191, 1191, 1194, 1199, 1205, 1209, 1213, 1219, 1225, 1230, 1234, 1238, 1244, 1250, 1256, 1261, 1271, 1277, 1282, 1293, 1303, 1313, 1323, 1331, 1343, 1358, 1372, 1386, 1402, 1418]
[0, 1329, 1315, 1302, 1292, 1283, 1273, 1267, 1261, 1254, 1247, 1241, 1236, 1228, 1222, 1218, 1213, 1206, 1202, 1201, 1199, 1198, 1195, 1193, 1190, 1190, 1190, 1190, 1191, 1191, 1191, 1192, 1195, 1198, 1204, 1209, 1214, 1220, 1224, 1225, 1229, 1233, 1238, 1244, 1250, 1256, 1261, 1269, 1275, 1282, 1293, 1303, 1313, 1323, 1331, 1343, 1357, 1372, 1386, 1402, 1418]
[0, 1329, 1323, 1309, 1301, 1291, 1279, 1270, 1263, 1258, 1251, 1244, 1239, 1233, 1225, 1220, 1214, 1211, 1206, 1202, 1199, 1196, 1196, 1193, 1191, 1190, 1191, 1190, 1190, 1191, 1191, 1192, 1194, 1198, 1199, 1205, 1209, 1213, 1219, 1225, 1230, 1233, 1237, 1244, 1251, 1256, 1262, 1270, 1277, 1282, 1294, 1304, 1313, 1323, 1331, 1343, 1357, 1372, 1386, 1402, 1418]
[0, 1326, 1315, 1302, 1292, 1283, 1273, 1267, 1261, 1254, 1247, 1242, 1239, 1237, 1233, 1230, 1229, 1227, 1223, 1220, 1199, 1215, 1194, 1192, 1191, 1190, 1191, 1191, 1191, 1190, 1192, 1194, 1194, 1197, 1203, 1208, 1213, 1218, 1223, 1227, 1232, 1237, 1240, 1245, 1252, 1260, 1267, 1272, 1276, 1287, 1298, 1308, 1316, 1327, 1341, 1352, 1365, 1378, 1393, 1413, 1428]
[0, 1340, 1328, 1318, 1292, 1309, 1301, 1293, 1283, 1276, 1268, 1261, 1256, 1250, 1243, 1237, 1234, 1230, 1222, 1217, 1215, 1212, 1194, 1212, 1209, 1207, 1206, 1205, 1205, 1205, 1203, 1205, 1209, 1210, 1211, 1214, 1216, 1216, 1220, 1227, 1232, 1234, 1238, 1245, 1252, 1257, 1262, 1268, 1276, 1284, 1294, 1304, 1313, 1323, 1334, 1346, 1357, 1371, 1386, 1402, 1418]
[0, 1340, 1336, 1327, 1317, 1308, 1300, 1292, 1282, 1275, 1267, 1261, 1255, 1249, 1245, 1240, 1234, 1229, 1222, 1217, 1215, 1212, 1210, 1209, 1208, 1208, 1209, 1207, 1206, 1206, 1207, 1209, 1209, 1210, 1211, 1211, 1213, 1218, 1223, 1227, 1229, 1234, 1240, 1245, 1251, 1259, 1264, 1270, 1278, 1285, 1295, 1307, 1315, 1326, 1338, 1349, 1364, 1379, 1394, 1410, 1426]
[0, 1345, 1332, 1324, 1314, 1300, 1292, 1288, 1278, 1270, 1265, 1258, 1252, 1246, 1241, 1236, 1232, 1227, 1223, 1219, 1214, 1212, 1211, 1209, 1208, 1208, 1208, 1207, 1205, 1205, 1207, 1209, 1209, 1210, 1212, 1211, 1214, 1218, 1222, 1226, 1229, 1235, 1240, 1245, 1251, 1258, 1264, 1270, 1278, 1285, 1295, 1306, 1314, 1326, 1337, 1349, 1363, 1378, 1394, 1409, 1425]
[0, 1348, 1336, 1327, 1317, 1304, 1295, 1286, 1277, 1272, 1267, 1259, 1253, 1249, 1246, 1239, 1233, 1230, 1223, 1217, 1214, 1212, 1211, 1209, 1208, 1207, 1207, 1206, 1205, 1205, 1206, 1208, 1209, 1212, 1211, 1212, 1217, 1219, 1224, 1230, 1233, 1238, 1243, 1250, 1256, 1261, 1268, 1276, 1278, 1289, 1297, 1308, 1320, 1332, 1343, 1349, 1371, 1385, 1399, 1414, 1432]
[0, 1348, 1337, 1327, 1317, 1308, 1301, 1292, 1282, 1274, 1267, 1260, 1255, 1249, 1245, 1240, 1234, 1229, 1222, 1217, 1215, 1212, 1210, 1209, 1207, 1205, 1205, 1204, 1205, 1206, 1206, 1208, 1209, 1211, 1211, 1211, 1215, 1216, 1220, 1226, 1231, 1236, 1239, 1245, 1254, 1260, 1267, 1271, 1275, 1286, 1297, 1306, 1315, 1325, 1337, 1349, 1365, 1379, 1395, 1413, 1427]
[0, 1342, 1330, 1323, 1311, 1300, 1293, 1283, 1273, 1266, 1262, 1257, 1251, 1246, 1242, 1234, 1229, 1229, 1222, 1217, 1215, 1212, 1211, 1213, 1212, 1207, 1207, 1206, 1205, 1205, 1207, 1209, 1209, 1210, 1211, 1212, 1214, 1218, 1221, 1225, 1229, 1235, 1240, 1245, 1251, 1256, 1263, 1275, 1281, 1285, 1296, 1306, 1315, 1325, 1336, 1348, 1364, 1379, 1393, 1407, 1423]
[0, 1345, 1331, 1323, 1314, 1300, 1292, 1287, 1278, 1270, 1263, 1257, 1252, 1246, 1241, 1236, 1232, 1225, 1219, 1216, 1214, 1212, 1211, 1211, 1208, 1207, 1206, 1205, 1205, 1204, 1204, 1204, 1207, 1209, 1210, 1213, 1215, 1216, 1220, 1221, 1225, 1234, 1238, 1245, 1251, 1256, 1262, 1270, 1277, 1284, 1294, 1304, 1313, 1322, 1333, 1347, 1361, 1374, 1386, 1402, 1419]
[0, 1349, 1336, 1328, 1316, 1306, 1297, 1288, 1279, 1271, 1265, 1258, 1253, 1249, 1245, 1239, 1234, 1230, 1223, 1217, 1214, 1212, 1209, 1207, 1207, 1207, 1207, 1206, 1204, 1204, 1204, 1206, 1208, 1210, 1211, 1212, 1217, 1219, 1220, 1228, 1225, 1233, 1238, 1244, 1250, 1255, 1263, 1271, 1275, 1282, 1289, 1299, 1310, 1320, 1331, 1342, 1357, 1371, 1386, 1401, 1417]
[0, 1345, 1328, 1319, 1308, 1299, 1291, 1282, 1275, 1271, 1260, 1255, 1253, 1244, 1239, 1239, 1234, 1229, 1230, 1225, 1217, 1215, 1210, 1209, 1207, 1207, 1206, 1204, 1205, 1206, 1206, 1208, 1207, 1209, 1213, 1213, 1214, 1219, 1223, 1226, 1230, 1236, 1240, 1244, 1252, 1257, 1263, 1270, 1277, 1287, 1297, 1306, 1315, 1326, 1337, 1348, 1363, 1378, 1392, 1407, 1423]
[0, 1352, 1339, 1327, 1315, 1306, 1297, 1288, 1282, 1275, 1266, 1258, 1253, 1246, 1242, 1239, 1233, 1229, 1223, 1217, 1214, 1212, 1210, 1208, 1209, 1207, 1205, 1204, 1205, 1204, 1204, 1205, 1208, 1209, 1210, 1213, 1214, 1216, 1221, 1224, 1229, 1233, 1241, 1247, 1250, 1255, 1262, 1269, 1276, 1284, 1293, 1303, 1312, 1322, 1331, 1342, 1357, 1371, 1386, 1401, 1417]
[0, 1345, 1332, 1323, 1313, 1300, 1292, 1285, 1275, 1266, 1261, 1258, 1252, 1245, 1240, 1237, 1232, 1226, 1219, 1216, 1214, 1211, 1210, 1209, 1208, 1207, 1206, 1205, 1206, 1206, 1206, 1208, 1208, 1210, 1212, 1213, 1214, 1217, 1222, 1225, 1229, 1235, 1240, 1245, 1251, 1256, 1263, 1270, 1277, 1286, 1295, 1305, 1314, 1325, 1336, 1349, 1363, 1378, 1392, 1407, 1423]
[0, 1352, 1339, 1326, 1316, 1308, 1300, 1291, 1281, 1275, 1267, 1259, 1254, 1249, 1245, 1238, 1233, 1230, 1223, 1217, 1215, 1212, 1209, 1208, 1208, 1207, 1207, 1206, 1204, 1204, 1203, 1204, 1207, 1209, 1211, 1206, 1210, 1219, 1223, 1228, 1233, 1237, 1240, 1244, 1250, 1255, 1258, 1266, 1274, 1281, 1289, 1299, 1310, 1320, 1330, 1342, 1355, 1370, 1385, 1416, 1423]
[0, 1348, 1335, 1326, 1315, 1304, 1295, 1287, 1278, 1271, 1266, 1259, 1253, 1246, 1242, 1237, 1233, 1229, 1223, 1217, 1215, 1213, 1211, 1211, 1210, 1207, 1207, 1206, 1205, 1205, 1206, 1208, 1208, 1210, 1211, 1212, 1214, 1217, 1221, 1225, 1229, 1234, 1239, 1245, 1251, 1256, 1262, 1270, 1278, 1286, 1296, 1306, 1314, 1324, 1336, 1348, 1363, 1378, 1392, 1406, 1422]
[0, 1349, 1335, 1323, 1313, 1305, 1296, 1287, 1277, 1269, 1263, 1258, 1252, 1246, 1240, 1236, 1230, 1223, 1218, 1215, 1212, 1212, 1210, 1209, 1208, 1206, 1205, 1204, 1204, 1205, 1206, 1207, 1207, 1209, 1212, 1213, 1214, 1218, 1223, 1226, 1230, 1234, 1238, 1245, 1252, 1259, 1263, 1268, 1279, 1287, 1295, 1305, 1314, 1325, 1339, 1352, 1362, 1377, 1395, 1410, 1424]
[0, 1341, 1328, 1318, 1308, 1298, 1291, 1282, 1270, 1263, 1262, 1257, 1252, 1240, 1240, 1231, 1228, 1223, 1223, 1218, 1214, 1212, 1210, 1209, 1208, 1206, 1206, 1206, 1205, 1205, 1207, 1208, 1208, 1210, 1212, 1213, 1215, 1219, 1223, 1228, 1233, 1237, 1243, 1249, 1252, 1258, 1267, 1275, 1283, 1290, 1297, 1307, 1317, 1329, 1342, 1356, 1370, 1383, 1392, 1408, 1430]
[0, 1342, 1330, 1318, 1308, 1302, 1292, 1282, 1276, 1267, 1260, 1255, 1249, 1242, 1237, 1234, 1228, 1224, 1221, 1217, 1214, 1210, 1212, 1210, 1208, 1207, 1205, 1204, 1204, 1203, 1203, 1205, 1206, 1208, 1208, 1210, 1214, 1216, 1220, 1226, 1230, 1232, 1236, 1243, 1250, 1255, 1261, 1268, 1275, 1284, 1293, 1303, 1312, 1322, 1330, 1338, 1356, 1373, 1385, 1401, 1417]
