[0, 0, 0, 0, 0, 0, 0, 0, 0, 0, 0, 0, 0, 0, 0, 0, 0, 0, 0, 0, 0, 0, 0, 0, 0, 0, 0, 0, 0, 0, 0, 0, 0, 0, 0, 0, 0, 0, 0, 0, 0, 0, 0, 0, 0, 0, 0, 0, 0, 0, 0, 0, 0, 0, 0, 0, 0, 0, 0, 0, 0]
[0, 549, 544, 540, 537, 533, 529, 525, 523, 521, 518, 516, 512, 509, 508, 505, 504, 502, 496, 489, 485, 481, 480, 478, 479, 479, 480, 480, 479, 479, 480, 480, 481, 482, 483, 485, 486, 488, 491, 499, 507, 511, 513, 516, 518, 521, 524, 527, 531, 535, 539, 543, 547, 552, 557, 561, 566, 573, 580, 586, 593]
[0, 548, 543, 539, 535, 531, 527, 525, 522, 519, 517, 514, 511, 509, 507, 505, 504, 502, 495, 489, 484, 481, 478, 479, 479, 479, 480, 480, 480, 479, 480, 480, 482, 482, 483, 485, 487, 488, 489, 499, 0, 511, 511, 513, 519, 521, 525, 527, 528, 535, 539, 544, 547, 554, 558, 563, 569, 575, 583, 589, 595]
[0, 547, 543, 538, 534, 530, 527, 524, 522, 519, 516, 513, 511, 509, 508, 505, 505, 501, 495, 494, 486, 482, 480, 479, 479, 480, 480, 480, 479, 479, 480, 479, 480, 481, 482, 483, 486, 487, 489, 492, 502, 510, 513, 513, 519, 522, 526, 527, 529, 533, 536, 540, 545, 555, 560, 564, 569, 576, 583, 589, 590]
[0, 547, 543, 539, 534, 530, 527, 525, 522, 519, 516, 513, 511, 509, 508, 505, 503, 501, 501, 494, 487, 483, 480, 479, 479, 479, 482, 482, 480, 480, 479, 480, 480, 481, 483, 484, 486, 487, 489, 494, 504, 511, 512, 514, 517, 520, 522, 525, 529, 533, 537, 542, 546, 550, 555, 560, 566, 571, 578, 585, 591]
[0, 547, 543, 539, 535, 531, 527, 525, 522, 519, 517, 514, 511, 509, 507, 505, 503, 501, 495, 494, 487, 483, 481, 479, 479, 478, 481, 482, 480, 479, 479, 480, 480, 481, 482, 484, 486, 487, 489, 494, 504, 511, 512, 514, 517, 520, 522, 525, 529, 533, 537, 542, 546, 550, 555, 560, 566, 571, 578, 585, 591]
[0, 548, 543, 539, 538, 536, 532, 528, 525, 523, 519, 514, 515, 512, 511, 510, 508, 504, 497, 490, 485, 483, 480, 479, 478, 481, 481, 481, 479, 479, 479, 479, 480, 481, 483, 483, 486, 487, 489, 494, 504, 0, 511, 514, 517, 520, 523, 526, 530, 533, 537, 541, 546, 550, 555, 560, 565, 571, 577, 584, 591]
[0, 551, 545, 541, 537, 534, 531, 528, 526, 523, 520, 517, 515, 512, 511, 509, 507, 500, 492, 488, 485, 485, 482, 479, 479, 479, 480, 482, 482, 482, 482, 483, 484, 484, 486, 488, 489, 492, 494, 503, 511, 514, 516, 519, 522, 525, 527, 531, 535, 539, 543, 548, 552, 556, 561, 566, 571, 578, 585, 591, 598]
[0, 551, 543, 539, 537, 536, 532, 528, 526, 524, 521, 517, 514, 512, 511, 509, 508, 503, 495, 489, 485, 482, 479, 478, 479, 480, 480, 481, 482, 481, 483, 483, 483, 483, 485, 488, 489, 491, 494, 503, 0, 515, 516, 517, 523, 0, 526, 529, 533, 537, 541, 545, 554, 556, 564, 568, 571, 575, 582, 595, 601]
[0, 551, 547, 543, 540, 536, 533, 530, 527, 524, 522, 520, 517, 515, 513, 509, 511, 504, 495, 491, 487, 484, 482, 481, 478, 479, 480, 481, 482, 482, 482, 483, 483, 484, 487, 489, 490, 492, 495, 503, 512, 514, 516, 519, 522, 525, 527, 530, 535, 540, 543, 548, 553, 557, 561, 566, 572, 579, 586, 591, 598]
[0, 556, 552, 547, 544, 541, 538, 535, 532, 528, 526, 523, 521, 519, 513, 517, 512, 504, 495, 491, 487, 484, 482, 481, 481, 480, 481, 482, 485, 488, 486, 486, 487, 489, 491, 493, 495, 497, 499, 503, 512, 0, 522, 525, 528, 531, 534, 538, 542, 545, 550, 554, 558, 563, 568, 573, 579, 586, 593, 598, 604]
[0, 558, 555, 550, 546, 543, 539, 536, 533, 531, 527, 524, 522, 521, 519, 516, 509, 499, 492, 488, 486, 483, 481, 480, 481, 480, 481, 483, 484, 486, 488, 488, 490, 492, 494, 496, 498, 500, 501, 503, 512, 0, 524, 526, 528, 532, 535, 538, 543, 548, 552, 557, 560, 564, 570, 576, 582, 588, 595, 601, 607]
[0, 555, 551, 547, 544, 540, 539, 534, 533, 531, 528, 525, 523, 521, 519, 516, 509, 500, 495, 489, 485, 483, 482, 481, 481, 482, 481, 482, 488, 490, 489, 489, 491, 494, 496, 497, 499, 500, 501, 503, 0, 523, 526, 529, 531, 535, 538, 542, 546, 550, 554, 558, 563, 568, 574, 579, 585, 592, 598, 605, 612]
[0, 557, 553, 549, 545, 542, 539, 535, 533, 530, 527, 524, 523, 521, 518, 514, 505, 496, 495, 487, 485, 485, 482, 481, 481, 481, 482, 482, 486, 489, 489, 490, 491, 492, 495, 497, 498, 500, 502, 508, 518, 523, 526, 529, 532, 534, 537, 541, 545, 549, 553, 557, 562, 566, 572, 578, 584, 590, 597, 603, 610]
[0, 558, 555, 550, 546, 543, 539, 536, 533, 530, 528, 525, 522, 521, 519, 517, 508, 498, 493, 488, 485, 482, 480, 481, 482, 482, 482, 483, 484, 487, 489, 489, 491, 492, 494, 496, 498, 500, 502, 508, 518, 0, 525, 527, 529, 532, 537, 541, 543, 547, 552, 556, 560, 564, 570, 576, 582, 589, 596, 601, 607]
[0, 558, 554, 550, 546, 543, 540, 536, 537, 535, 528, 525, 525, 523, 519, 520, 0, 499, 494, 489, 486, 484, 482, 481, 481, 481, 482, 484, 488, 487, 489, 490, 491, 494, 496, 496, 499, 501, 502, 508, 0, 524, 527, 529, 0, 535, 538, 541, 547, 551, 552, 559, 560, 569, 574, 580, 586, 592, 599, 606, 612]
[0, 560, 556, 552, 548, 544, 541, 537, 534, 532, 530, 528, 526, 524, 522, 0, 0, 502, 495, 490, 488, 485, 482, 482, 481, 480, 480, 483, 486, 490, 493, 493, 495, 497, 497, 499, 502, 503, 506, 511, 520, 527, 530, 533, 535, 538, 542, 546, 550, 554, 558, 561, 566, 571, 577, 583, 588, 594, 602, 609, 614]
[0, 559, 556, 551, 548, 544, 541, 538, 534, 535, 533, 531, 527, 526, 524, 519, 509, 499, 493, 489, 486, 484, 482, 481, 482, 481, 482, 483, 490, 490, 492, 493, 493, 495, 498, 499, 500, 503, 505, 508, 516, 526, 531, 533, 534, 538, 541, 544, 548, 556, 558, 564, 569, 571, 581, 583, 592, 594, 599, 605, 620]
[0, 559, 556, 552, 548, 544, 541, 538, 536, 533, 533, 531, 527, 526, 524, 519, 508, 498, 493, 489, 486, 484, 482, 481, 481, 481, 482, 483, 487, 493, 495, 495, 495, 497, 499, 502, 504, 506, 509, 512, 520, 528, 531, 534, 537, 541, 544, 548, 553, 556, 559, 564, 568, 574, 580, 586, 591, 598, 605, 611, 618]
[0, 559, 555, 552, 548, 544, 541, 538, 536, 533, 533, 531, 527, 526, 524, 519, 508, 498, 493, 489, 486, 484, 481, 481, 481, 481, 481, 483, 487, 492, 495, 495, 495, 497, 499, 502, 504, 506, 509, 511, 520, 529, 532, 534, 537, 541, 544, 548, 553, 556, 559, 564, 568, 574, 580, 586, 591, 598, 605, 611, 618]
[0, 559, 555, 552, 548, 544, 544, 541, 536, 533, 533, 530, 528, 526, 524, 519, 508, 498, 493, 489, 486, 484, 481, 481, 481, 481, 482, 483, 486, 492, 495, 495, 495, 497, 499, 502, 504, 506, 509, 511, 520, 529, 532, 534, 537, 541, 544, 548, 553, 556, 559, 564, 568, 574, 580, 586, 591, 598, 605, 611, 618]
[0, 571, 566, 562, 559, 557, 554, 550, 547, 544, 541, 539, 537, 535, 0, 519, 509, 498, 492, 489, 487, 484, 481, 482, 481, 481, 482, 483, 487, 492, 495, 495, 496, 497, 499, 502, 504, 506, 509, 512, 520, 529, 532, 534, 537, 541, 544, 548, 553, 556, 560, 564, 568, 574, 580, 586, 592, 599, 605, 611, 618]
[0, 572, 567, 563, 560, 557, 554, 551, 549, 546, 541, 543, 542, 539, 533, 521, 508, 497, 490, 488, 486, 484, 482, 481, 482, 482, 482, 482, 485, 490, 496, 502, 505, 507, 509, 511, 514, 517, 519, 522, 531, 540, 543, 546, 548, 551, 556, 559, 562, 567, 571, 575, 581, 586, 592, 597, 603, 610, 616, 622, 630]
[0, 573, 569, 566, 562, 558, 555, 553, 549, 546, 544, 542, 540, 539, 536, 0, 509, 497, 491, 489, 487, 483, 481, 482, 481, 481, 481, 483, 486, 492, 498, 505, 510, 510, 512, 514, 516, 520, 522, 524, 0, 544, 546, 549, 552, 556, 558, 562, 567, 570, 574, 579, 584, 589, 595, 601, 607, 613, 620, 627, 635]
[0, 585, 580, 575, 571, 568, 564, 561, 559, 557, 555, 552, 550, 0, 523, 510, 499, 497, 491, 487, 486, 485, 482, 482, 482, 482, 481, 482, 485, 490, 496, 505, 510, 510, 512, 514, 517, 520, 522, 525, 534, 543, 546, 549, 552, 555, 558, 562, 566, 568, 573, 584, 584, 589, 594, 606, 613, 613, 626, 633, 635]
[0, 585, 580, 575, 571, 568, 564, 561, 559, 556, 554, 552, 550, 0, 0, 522, 509, 497, 490, 487, 487, 485, 483, 482, 482, 480, 480, 480, 484, 490, 496, 503, 520, 520, 512, 522, 528, 520, 530, 533, 539, 555, 546, 557, 560, 563, 571, 575, 566, 584, 573, 593, 598, 604, 610, 616, 623, 630, 637, 645, 652]
[0, 584, 580, 575, 571, 568, 564, 561, 559, 556, 554, 552, 549, 0, 0, 520, 508, 497, 489, 486, 486, 485, 483, 481, 482, 481, 480, 481, 485, 490, 496, 505, 516, 520, 520, 523, 526, 529, 531, 534, 542, 552, 555, 558, 561, 564, 568, 572, 576, 580, 585, 589, 594, 599, 611, 616, 624, 631, 637, 646, 653]
[0, 587, 583, 575, 580, 572, 568, 561, 565, 562, 560, 557, 555, 554, 0, 519, 508, 495, 487, 486, 486, 484, 482, 481, 481, 481, 481, 482, 486, 491, 497, 505, 514, 519, 521, 523, 526, 529, 532, 535, 544, 553, 557, 559, 562, 565, 568, 573, 578, 582, 587, 592, 596, 601, 607, 613, 619, 626, 633, 640, 649]
[0, 592, 583, 584, 580, 572, 576, 572, 569, 566, 563, 561, 559, 554, 0, 517, 506, 495, 487, 484, 484, 483, 481, 481, 481, 480, 480, 482, 486, 492, 500, 509, 519, 524, 526, 529, 532, 534, 537, 540, 550, 558, 561, 564, 567, 571, 576, 580, 583, 588, 592, 596, 601, 607, 613, 619, 626, 633, 640, 647, 654]
[0, 592, 583, 588, 584, 580, 576, 572, 569, 566, 563, 561, 559, 550, 0, 516, 505, 495, 487, 483, 484, 483, 482, 481, 481, 480, 479, 482, 486, 492, 500, 509, 519, 0, 530, 533, 536, 538, 541, 545, 554, 563, 565, 568, 572, 576, 580, 584, 588, 591, 596, 601, 606, 612, 618, 623, 630, 637, 644, 652, 660]
[0, 608, 602, 598, 594, 590, 587, 584, 582, 578, 575, 572, 570, 0, 525, 515, 504, 495, 495, 486, 480, 483, 479, 478, 481, 480, 479, 482, 486, 492, 500, 509, 522, 529, 530, 533, 536, 539, 542, 545, 554, 562, 566, 569, 571, 576, 580, 584, 588, 592, 597, 602, 606, 612, 618, 624, 630, 637, 644, 652, 659]
[0, 607, 602, 598, 594, 591, 587, 585, 582, 581, 578, 576, 573, 0, 0, 517, 506, 497, 488, 482, 480, 478, 477, 477, 481, 477, 478, 482, 481, 493, 501, 512, 0, 539, 544, 547, 550, 553, 557, 564, 573, 578, 581, 584, 587, 591, 595, 599, 603, 608, 612, 618, 623, 629, 636, 643, 649, 656, 663, 671, 679]
[0, 613, 609, 604, 594, 600, 593, 590, 588, 581, 584, 580, 573, 0, 0, 517, 507, 499, 489, 481, 479, 476, 476, 476, 476, 476, 477, 481, 485, 492, 499, 509, 522, 537, 545, 548, 552, 554, 557, 564, 573, 578, 581, 584, 588, 591, 595, 599, 603, 607, 612, 618, 623, 629, 635, 642, 649, 655, 662, 669, 676]
[0, 617, 613, 609, 604, 601, 598, 595, 591, 588, 586, 580, 584, 0, 0, 516, 507, 499, 489, 480, 478, 476, 474, 475, 475, 475, 476, 480, 486, 492, 499, 509, 522, 0, 551, 554, 557, 560, 562, 570, 580, 584, 587, 590, 593, 597, 601, 604, 608, 612, 617, 622, 629, 635, 641, 647, 653, 660, 668, 675, 683]
[0, 631, 626, 621, 617, 614, 610, 606, 602, 600, 597, 595, 593, 0, 519, 510, 503, 496, 489, 486, 478, 475, 473, 472, 475, 476, 477, 480, 485, 492, 499, 509, 522, 0, 0, 559, 562, 565, 567, 577, 587, 589, 593, 595, 598, 601, 605, 609, 613, 617, 622, 628, 634, 641, 647, 652, 658, 666, 674, 682, 690]
[0, 631, 626, 621, 617, 613, 609, 605, 603, 600, 597, 595, 586, 0, 518, 510, 503, 502, 494, 485, 477, 474, 472, 472, 472, 473, 475, 478, 482, 488, 496, 503, 522, 0, 567, 571, 575, 578, 586, 595, 597, 601, 603, 606, 610, 613, 617, 621, 627, 633, 639, 644, 649, 654, 661, 667, 674, 681, 690, 699, 707]
[0, 636, 631, 627, 622, 618, 614, 611, 608, 606, 603, 601, 586, 0, 0, 512, 506, 499, 492, 483, 476, 473, 472, 472, 473, 473, 475, 479, 482, 489, 496, 503, 522, 0, 0, 569, 572, 575, 578, 587, 595, 599, 604, 606, 610, 613, 618, 621, 628, 633, 638, 645, 649, 650, 662, 667, 677, 684, 691, 700, 708]
[0, 642, 637, 632, 627, 623, 620, 616, 614, 606, 609, 601, 606, 0, 0, 510, 504, 499, 492, 483, 476, 472, 472, 471, 472, 473, 475, 480, 484, 489, 498, 503, 522, 0, 0, 579, 582, 584, 592, 600, 603, 606, 608, 611, 615, 618, 622, 627, 632, 636, 642, 648, 653, 659, 666, 672, 678, 685, 693, 701, 710]
[0, 646, 641, 636, 631, 627, 622, 619, 615, 613, 611, 608, 605, 0, 518, 509, 502, 497, 492, 491, 481, 474, 472, 470, 472, 473, 475, 480, 485, 490, 499, 503, 522, 0, 0, 585, 588, 596, 604, 607, 609, 612, 615, 618, 621, 625, 630, 635, 640, 645, 649, 655, 660, 666, 673, 680, 686, 694, 701, 709, 717]
[0, 653, 648, 644, 638, 633, 630, 627, 623, 620, 618, 615, 614, 0, 516, 506, 501, 497, 491, 481, 481, 474, 471, 469, 472, 472, 474, 476, 486, 491, 499, 503, 522, 0, 0, 586, 589, 597, 605, 608, 610, 612, 615, 618, 621, 625, 630, 635, 640, 645, 650, 655, 660, 666, 673, 680, 688, 695, 702, 710, 718]
[0, 660, 655, 650, 647, 643, 639, 634, 630, 627, 625, 622, 618, 0, 513, 506, 503, 499, 494, 488, 480, 474, 470, 469, 470, 474, 474, 480, 485, 492, 499, 502, 522, 0, 0, 601, 608, 614, 616, 619, 621, 624, 627, 630, 635, 639, 643, 647, 652, 658, 663, 668, 674, 680, 687, 695, 702, 709, 716, 724, 733]
[0, 660, 655, 651, 647, 643, 639, 634, 631, 628, 626, 623, 616, 0, 0, 513, 503, 498, 494, 488, 480, 473, 470, 469, 471, 472, 473, 474, 480, 488, 496, 505, 518, 0, 0, 608, 616, 618, 621, 622, 625, 628, 632, 636, 641, 644, 648, 653, 659, 664, 669, 674, 680, 686, 693, 701, 708, 714, 722, 731, 741]
[0, 662, 656, 651, 648, 644, 640, 635, 632, 629, 625, 623, 0, 0, 0, 510, 502, 497, 493, 487, 479, 472, 470, 470, 471, 473, 473, 474, 480, 488, 496, 505, 518, 0, 0, 611, 617, 619, 621, 623, 625, 629, 633, 636, 641, 644, 648, 653, 659, 665, 670, 674, 680, 687, 694, 701, 708, 716, 724, 733, 744]
[0, 666, 660, 656, 652, 648, 645, 642, 638, 634, 632, 629, 0, 0, 0, 510, 501, 497, 493, 487, 479, 472, 470, 470, 471, 473, 474, 477, 482, 489, 497, 505, 518, 598, 0, 615, 618, 620, 621, 623, 628, 631, 634, 638, 643, 647, 648, 651, 661, 667, 672, 678, 684, 691, 698, 705, 712, 719, 727, 735, 745]
[0, 683, 677, 656, 673, 669, 662, 642, 658, 654, 652, 650, 648, 0, 520, 506, 501, 496, 490, 484, 477, 472, 471, 469, 470, 472, 477, 484, 486, 489, 497, 505, 518, 604, 615, 622, 624, 626, 629, 632, 634, 631, 640, 644, 648, 653, 657, 662, 667, 672, 678, 684, 690, 697, 704, 710, 716, 724, 733, 742, 752]
[0, 685, 679, 675, 671, 667, 663, 659, 656, 653, 650, 648, 648, 0, 526, 511, 499, 492, 489, 486, 479, 471, 469, 471, 470, 471, 474, 481, 485, 493, 497, 505, 518, 0, 639, 642, 644, 645, 647, 649, 652, 655, 658, 662, 666, 671, 675, 679, 685, 691, 696, 703, 709, 715, 722, 730, 736, 745, 754, 762, 771]
[0, 685, 679, 676, 671, 667, 663, 659, 656, 653, 651, 649, 648, 0, 528, 0, 500, 492, 489, 487, 480, 472, 470, 470, 472, 473, 474, 478, 484, 491, 500, 505, 518, 0, 637, 641, 643, 644, 646, 648, 651, 653, 660, 662, 664, 668, 673, 683, 689, 691, 695, 701, 712, 715, 719, 726, 732, 750, 759, 768, 777]
[0, 698, 693, 686, 682, 678, 675, 671, 668, 665, 662, 659, 0, 0, 531, 517, 505, 495, 488, 486, 481, 473, 470, 470, 470, 473, 473, 476, 483, 489, 498, 505, 0, 634, 637, 643, 644, 646, 648, 650, 654, 653, 660, 664, 669, 668, 678, 682, 688, 694, 700, 707, 713, 718, 725, 732, 741, 750, 758, 767, 777]
[0, 697, 691, 687, 683, 679, 675, 672, 669, 665, 662, 659, 0, 0, 520, 508, 505, 496, 489, 485, 482, 476, 470, 469, 471, 473, 475, 478, 483, 489, 498, 505, 0, 646, 652, 653, 654, 657, 660, 662, 664, 668, 672, 664, 681, 685, 690, 695, 701, 707, 713, 718, 725, 732, 738, 746, 756, 765, 771, 780, 791]
[0, 704, 699, 694, 689, 684, 681, 678, 675, 672, 669, 666, 0, 0, 529, 517, 508, 0, 487, 485, 479, 476, 470, 469, 471, 473, 474, 477, 482, 488, 494, 505, 0, 646, 0, 652, 654, 656, 658, 661, 664, 667, 670, 674, 679, 683, 688, 694, 699, 705, 710, 715, 721, 728, 736, 744, 752, 760, 769, 779, 788]
[0, 707, 701, 696, 692, 688, 683, 679, 676, 673, 670, 667, 0, 0, 535, 522, 510, 498, 488, 485, 482, 476, 471, 470, 472, 473, 477, 483, 484, 492, 501, 505, 0, 0, 656, 659, 660, 662, 665, 667, 670, 673, 676, 680, 684, 689, 694, 699, 710, 705, 715, 728, 721, 741, 736, 757, 752, 774, 784, 792, 801]
[0, 720, 715, 710, 705, 701, 697, 694, 690, 686, 682, 679, 678, 0, 535, 0, 521, 522, 0, 485, 482, 476, 471, 470, 471, 473, 472, 476, 483, 488, 496, 505, 0, 0, 0, 660, 662, 664, 666, 669, 672, 674, 678, 682, 687, 692, 698, 703, 709, 713, 718, 724, 732, 739, 746, 754, 763, 771, 780, 790, 799]
[0, 732, 726, 721, 717, 713, 710, 706, 703, 700, 697, 693, 678, 0, 546, 544, 542, 535, 0, 484, 480, 474, 470, 470, 471, 474, 474, 477, 482, 488, 496, 505, 0, 0, 0, 674, 676, 678, 680, 683, 687, 691, 694, 698, 702, 706, 711, 716, 722, 728, 735, 741, 748, 755, 761, 770, 778, 786, 796, 804, 814]
[0, 736, 729, 723, 718, 714, 712, 709, 705, 701, 699, 696, 692, 0, 543, 541, 540, 535, 0, 491, 483, 476, 471, 470, 474, 475, 478, 482, 486, 493, 496, 505, 0, 683, 0, 686, 693, 0, 695, 699, 687, 703, 711, 714, 702, 718, 730, 735, 722, 741, 755, 762, 767, 774, 783, 791, 800, 809, 796, 828, 837]
[0, 734, 728, 722, 717, 713, 710, 706, 702, 700, 696, 694, 692, 0, 0, 544, 542, 538, 0, 485, 481, 476, 472, 472, 471, 474, 479, 481, 482, 488, 496, 505, 0, 683, 0, 688, 690, 693, 695, 697, 701, 705, 709, 713, 716, 721, 726, 732, 737, 744, 751, 757, 764, 771, 779, 787, 796, 805, 813, 822, 831]
[0, 744, 728, 739, 729, 713, 725, 721, 718, 714, 712, 710, 707, 0, 549, 549, 546, 538, 0, 0, 483, 477, 472, 471, 473, 475, 475, 478, 484, 491, 499, 505, 0, 683, 0, 688, 692, 694, 695, 698, 703, 706, 710, 714, 717, 721, 727, 733, 738, 745, 751, 759, 766, 773, 781, 790, 798, 806, 816, 825, 833]
[0, 758, 752, 747, 741, 737, 733, 729, 725, 722, 719, 716, 714, 0, 0, 550, 549, 541, 0, 0, 480, 476, 474, 471, 474, 476, 478, 483, 487, 490, 497, 505, 0, 0, 701, 704, 706, 708, 710, 712, 715, 718, 722, 726, 732, 737, 742, 747, 754, 761, 767, 773, 780, 787, 796, 805, 813, 821, 829, 839, 850]
[0, 765, 759, 754, 750, 746, 741, 736, 733, 730, 727, 724, 721, 0, 0, 552, 551, 548, 538, 0, 482, 477, 474, 474, 477, 479, 479, 483, 490, 496, 497, 505, 0, 0, 711, 713, 715, 717, 720, 723, 726, 730, 735, 739, 744, 750, 755, 760, 766, 779, 767, 786, 794, 801, 809, 826, 813, 834, 843, 865, 874]
[0, 770, 765, 759, 755, 750, 746, 742, 738, 735, 732, 729, 726, 0, 0, 550, 551, 549, 539, 0, 481, 476, 474, 474, 476, 478, 481, 486, 488, 491, 501, 505, 0, 714, 716, 717, 720, 724, 728, 731, 734, 737, 741, 746, 751, 756, 762, 768, 773, 779, 786, 794, 802, 809, 817, 825, 833, 842, 853, 863, 872]
[0, 770, 765, 759, 755, 750, 746, 742, 738, 735, 732, 730, 727, 0, 0, 552, 552, 549, 539, 0, 481, 476, 474, 475, 477, 480, 483, 486, 490, 496, 501, 505, 0, 720, 723, 725, 729, 732, 735, 738, 742, 746, 751, 756, 761, 765, 770, 776, 782, 790, 797, 804, 811, 819, 827, 835, 844, 854, 863, 871, 881]
[0, 788, 783, 777, 772, 768, 764, 761, 757, 753, 750, 747, 744, 0, 0, 554, 553, 553, 544, 0, 488, 479, 477, 475, 478, 480, 483, 486, 490, 496, 501, 505, 0, 721, 723, 725, 729, 732, 735, 738, 742, 746, 751, 756, 761, 765, 770, 776, 782, 789, 797, 803, 811, 819, 827, 835, 844, 854, 863, 872, 882]
[0, 788, 783, 777, 772, 768, 764, 761, 757, 753, 749, 746, 744, 0, 0, 554, 553, 553, 544, 0, 488, 479, 477, 475, 479, 482, 484, 486, 491, 496, 501, 505, 0, 740, 742, 744, 747, 750, 754, 758, 761, 765, 768, 773, 779, 784, 789, 796, 803, 809, 817, 824, 830, 837, 846, 856, 866, 874, 882, 891, 901]
[0, 789, 784, 778, 773, 769, 765, 761, 758, 754, 750, 748, 746, 742, 0, 554, 553, 553, 548, 0, 0, 480, 477, 478, 479, 482, 483, 486, 491, 497, 501, 505, 0, 740, 742, 744, 747, 750, 753, 757, 761, 765, 768, 773, 779, 784, 789, 796, 803, 809, 817, 824, 830, 837, 846, 856, 865, 874, 882, 891, 901]
[0, 812, 784, 806, 800, 795, 791, 787, 783, 779, 777, 774, 770, 768, 0, 562, 559, 556, 548, 0, 0, 0, 482, 482, 479, 481, 482, 483, 489, 497, 501, 505, 0, 738, 742, 744, 746, 750, 753, 757, 761, 764, 768, 772, 777, 782, 789, 795, 801, 808, 815, 821, 828, 835, 843, 853, 863, 871, 879, 888, 898]
[0, 816, 811, 806, 801, 795, 791, 788, 784, 780, 777, 774, 771, 769, 0, 0, 561, 559, 554, 0, 0, 488, 481, 481, 482, 484, 487, 489, 492, 497, 501, 505, 0, 766, 769, 770, 773, 776, 780, 785, 788, 793, 797, 802, 807, 812, 818, 825, 830, 836, 842, 850, 859, 866, 873, 881, 890, 900, 908, 919, 931]
[0, 829, 825, 820, 814, 810, 806, 802, 784, 794, 777, 791, 787, 769, 785, 0, 564, 561, 552, 0, 0, 0, 487, 484, 482, 485, 487, 490, 494, 499, 501, 505, 0, 766, 769, 772, 774, 778, 782, 786, 790, 795, 800, 804, 809, 815, 821, 827, 832, 838, 845, 852, 860, 868, 876, 885, 895, 905, 914, 925, 936]
[0, 830, 825, 820, 816, 812, 808, 805, 784, 799, 777, 795, 791, 788, 785, 0, 564, 561, 552, 0, 0, 0, 487, 484, 484, 486, 488, 491, 493, 498, 501, 505, 0, 782, 784, 787, 791, 795, 797, 801, 805, 809, 814, 819, 824, 828, 833, 839, 847, 855, 862, 869, 875, 881, 889, 908, 895, 918, 928, 938, 947]
[0, 837, 832, 828, 823, 818, 814, 810, 805, 799, 801, 797, 795, 788, 792, 0, 566, 562, 552, 0, 0, 0, 488, 485, 485, 487, 488, 491, 495, 500, 501, 505, 0, 787, 790, 793, 797, 800, 803, 807, 811, 816, 821, 826, 831, 836, 842, 848, 854, 862, 869, 876, 882, 888, 896, 905, 917, 927, 947, 938, 970]
[0, 845, 839, 834, 830, 827, 824, 820, 805, 816, 813, 811, 809, 806, 804, 0, 568, 565, 552, 556, 0, 0, 490, 489, 485, 487, 490, 493, 496, 500, 501, 505, 0, 791, 794, 796, 799, 803, 807, 809, 813, 819, 822, 827, 831, 837, 843, 850, 858, 864, 870, 877, 883, 890, 900, 909, 918, 928, 938, 948, 959]
[0, 848, 843, 834, 836, 832, 828, 825, 821, 817, 814, 811, 809, 807, 804, 0, 568, 564, 552, 554, 0, 0, 489, 489, 489, 490, 493, 496, 498, 500, 501, 505, 0, 805, 808, 810, 812, 816, 820, 824, 827, 831, 836, 841, 847, 854, 859, 865, 871, 877, 883, 890, 898, 906, 915, 925, 934, 944, 954, 966, 979]
[0, 850, 844, 837, 833, 829, 826, 822, 819, 815, 812, 810, 807, 805, 804, 0, 566, 564, 558, 0, 0, 0, 493, 488, 489, 490, 494, 497, 497, 500, 501, 505, 0, 805, 807, 810, 812, 815, 820, 824, 827, 831, 836, 841, 847, 854, 859, 865, 871, 876, 883, 890, 898, 906, 915, 925, 934, 944, 954, 966, 979]
[0, 874, 844, 862, 833, 853, 826, 849, 844, 839, 837, 835, 833, 831, 828, 0, 573, 564, 569, 560, 0, 0, 496, 496, 489, 490, 494, 497, 498, 500, 501, 505, 804, 806, 809, 811, 815, 819, 823, 827, 830, 835, 840, 845, 851, 857, 864, 870, 875, 881, 889, 894, 901, 911, 921, 931, 940, 949, 960, 972, 985]
[0, 874, 880, 869, 833, 864, 856, 849, 853, 848, 843, 840, 837, 835, 833, 0, 573, 564, 569, 560, 0, 0, 497, 497, 497, 498, 500, 501, 504, 507, 514, 505, 0, 833, 835, 839, 842, 845, 851, 856, 861, 866, 870, 875, 880, 885, 891, 897, 904, 911, 920, 928, 935, 941, 950, 961, 984, 994, 960, 1018, 1030]
[0, 903, 897, 891, 885, 880, 877, 874, 871, 868, 866, 863, 859, 857, 855, 0, 0, 573, 568, 0, 0, 509, 497, 502, 497, 498, 500, 501, 504, 507, 514, 505, 0, 834, 836, 840, 842, 846, 852, 856, 861, 866, 870, 874, 880, 885, 890, 897, 903, 911, 920, 928, 935, 941, 950, 961, 971, 994, 960, 1005, 1030]
[0, 904, 898, 892, 886, 881, 878, 875, 872, 868, 866, 863, 860, 857, 855, 0, 0, 573, 568, 0, 0, 509, 0, 501, 497, 503, 505, 508, 511, 507, 514, 0, 860, 861, 864, 868, 870, 873, 877, 881, 886, 889, 894, 900, 905, 912, 919, 927, 935, 941, 948, 957, 965, 976, 987, 997, 1005, 1016, 1029, 1042, 1057]
[0, 903, 897, 891, 885, 881, 877, 873, 871, 868, 866, 863, 859, 857, 854, 0, 0, 573, 568, 0, 0, 0, 508, 503, 497, 503, 506, 508, 510, 507, 514, 0, 860, 862, 864, 868, 870, 873, 876, 879, 884, 889, 894, 899, 905, 912, 919, 927, 934, 941, 948, 956, 965, 976, 986, 996, 1005, 1017, 1029, 1041, 1056]
[0, 937, 931, 925, 919, 914, 911, 905, 900, 897, 894, 891, 889, 887, 885, 883, 0, 0, 571, 0, 0, 0, 520, 514, 502, 503, 505, 507, 508, 511, 521, 0, 860, 860, 864, 867, 0, 869, 873, 882, 886, 889, 894, 900, 905, 906, 920, 928, 935, 941, 948, 957, 968, 979, 989, 999, 1008, 1019, 1030, 1043, 1057]
[0, 937, 931, 925, 919, 914, 908, 905, 900, 897, 894, 891, 889, 887, 885, 885, 0, 0, 571, 570, 0, 0, 515, 513, 511, 513, 515, 515, 517, 511, 0, 888, 890, 893, 0, 897, 901, 869, 906, 910, 915, 927, 932, 936, 905, 942, 949, 956, 971, 981, 990, 998, 1007, 1018, 1027, 1037, 1049, 1062, 1075, 1086, 1100]
[0, 941, 937, 931, 923, 917, 913, 907, 902, 899, 896, 893, 891, 889, 886, 884, 0, 0, 575, 569, 0, 0, 515, 512, 512, 514, 515, 515, 517, 511, 0, 0, 888, 891, 894, 897, 899, 903, 907, 912, 916, 921, 927, 932, 937, 944, 950, 956, 964, 974, 982, 989, 998, 1008, 1018, 1028, 1038, 1050, 1063, 1076, 1089]
[0, 940, 933, 926, 920, 915, 910, 905, 902, 897, 894, 893, 891, 890, 886, 884, 0, 0, 574, 565, 0, 0, 513, 512, 512, 514, 516, 516, 517, 511, 0, 0, 888, 891, 894, 896, 898, 902, 907, 913, 918, 923, 929, 934, 939, 945, 951, 959, 967, 974, 984, 993, 1001, 1011, 1020, 1030, 1041, 1052, 1067, 1082, 1094]
[0, 962, 956, 949, 943, 939, 936, 930, 924, 920, 918, 915, 913, 911, 908, 906, 0, 0, 0, 566, 0, 0, 0, 520, 512, 514, 516, 516, 517, 511, 0, 888, 890, 892, 894, 897, 901, 905, 910, 914, 919, 926, 931, 935, 941, 948, 954, 960, 967, 976, 986, 995, 1004, 1013, 1022, 1034, 1046, 1058, 1069, 1083, 1097]
[0, 966, 958, 951, 945, 941, 936, 932, 928, 925, 922, 918, 916, 913, 909, 908, 906, 0, 0, 571, 0, 0, 524, 520, 520, 522, 523, 524, 517, 511, 0, 912, 914, 917, 922, 925, 928, 932, 935, 940, 945, 949, 956, 963, 969, 977, 985, 992, 999, 1007, 1016, 1024, 1034, 1044, 1055, 1067, 1079, 1093, 1108, 1121, 1136]
[0, 986, 979, 973, 967, 961, 955, 951, 949, 946, 942, 938, 937, 936, 909, 933, 930, 0, 0, 568, 0, 0, 537, 531, 521, 523, 523, 524, 517, 511, 0, 911, 913, 915, 919, 924, 928, 932, 936, 939, 943, 948, 953, 960, 967, 975, 982, 990, 996, 1003, 1012, 1021, 1030, 1041, 1051, 1062, 1075, 1086, 1101, 1115, 1130]
[0, 1018, 1012, 1004, 998, 993, 989, 984, 980, 975, 970, 967, 964, 962, 960, 959, 958, 957, 956, 568, 0, 553, 537, 548, 531, 531, 530, 533, 517, 511, 0, 936, 939, 941, 943, 948, 951, 953, 957, 962, 968, 975, 981, 988, 994, 999, 1005, 1013, 1022, 1029, 1037, 1046, 1056, 1067, 1078, 1088, 1101, 1115, 1129, 1144, 1158]
[0, 1013, 1012, 1006, 1000, 995, 991, 985, 979, 976, 972, 968, 965, 962, 961, 959, 957, 957, 956, 568, 0, 555, 547, 545, 544, 531, 545, 533, 0, 962, 964, 966, 971, 975, 978, 982, 986, 990, 996, 1000, 1005, 1010, 1016, 1024, 1031, 1039, 1047, 1053, 1062, 1071, 1080, 1090, 1101, 1114, 1127, 1138, 1152, 1164, 1177, 1193, 1206]
[0, 1043, 1037, 1030, 1023, 1016, 1013, 1009, 1004, 1002, 999, 996, 992, 990, 988, 987, 987, 986, 985, 984, 0, 0, 554, 545, 542, 542, 546, 556, 0, 0, 963, 965, 969, 972, 975, 979, 985, 989, 993, 997, 1002, 1007, 1013, 1020, 1027, 1035, 1041, 1050, 1058, 1066, 1074, 1084, 1095, 1106, 1119, 1134, 1147, 1159, 1171, 1184, 1198]
[0, 1041, 1033, 1027, 1022, 1016, 1011, 1009, 1006, 1000, 999, 998, 994, 991, 989, 989, 988, 985, 985, 984, 0, 0, 0, 554, 557, 567, 0, 0, 991, 993, 996, 999, 1001, 1003, 1006, 1009, 1014, 1020, 1025, 1029, 1034, 1040, 1046, 1054, 1062, 1070, 1078, 1085, 1094, 1102, 1113, 1125, 1138, 1151, 1163, 1175, 1187, 1200, 1213, 1229, 1244]
[0, 1042, 1037, 1031, 1023, 1016, 1013, 1009, 1004, 1001, 999, 995, 992, 990, 988, 987, 986, 986, 985, 984, 0, 0, 0, 554, 558, 560, 568, 0, 0, 991, 994, 997, 999, 1001, 1003, 1007, 1011, 1015, 1020, 1024, 1030, 1036, 1041, 1047, 1055, 1063, 1070, 1077, 1086, 1094, 1103, 1116, 1139, 1151, 1165, 1175, 1178, 1201, 1214, 1231, 1247]
[0, 1076, 1069, 1061, 1055, 1048, 1042, 1039, 1035, 1031, 1026, 1022, 1020, 1018, 1017, 1015, 1015, 1014, 1012, 1009, 0, 0, 0, 557, 558, 559, 0, 0, 991, 993, 996, 999, 1001, 1003, 1006, 1009, 1014, 1020, 1025, 1029, 1034, 1040, 1046, 1053, 1061, 1070, 1078, 1085, 1093, 1101, 1113, 1125, 1137, 1150, 1162, 1175, 1187, 1199, 1210, 1226, 1243]
[0, 1122, 1113, 1106, 1100, 1094, 1088, 1083, 1079, 1075, 1071, 1070, 1067, 1064, 1062, 1061, 1060, 1060, 1060, 1059, 1060, 1061, 0, 557, 0, 1015, 1016, 1017, 1019, 1023, 1025, 1026, 1029, 1032, 1035, 1038, 1043, 1048, 1052, 1059, 1065, 1071, 1076, 1082, 1090, 1097, 1106, 1116, 1126, 1136, 1146, 1157, 1170, 1181, 1192, 1204, 1220, 1235, 1250, 1266, 1283]
[0, 1135, 1127, 1121, 1115, 1108, 1101, 1096, 1092, 1087, 1083, 1081, 1079, 1076, 1073, 1072, 1072, 1072, 1070, 1070, 1070, 1069, 1062, 1062, 1063, 1064, 1064, 1066, 1068, 1070, 1073, 1075, 1078, 1082, 1085, 1089, 1095, 1101, 1107, 1116, 1125, 1134, 1138, 1143, 1153, 1162, 1169, 1179, 1189, 1198, 1212, 1224, 1236, 1249, 1262, 1274, 1288, 1305, 1324, 1342, 1363]
[0, 1165, 1158, 1151, 1145, 1137, 1132, 1129, 1125, 1119, 1115, 1112, 1108, 1105, 1104, 1102, 1100, 1104, 1106, 1107, 1105, 1103, 1070, 1072, 1073, 1073, 1074, 1077, 1078, 1079, 1082, 1085, 1087, 1090, 1096, 1101, 1105, 1111, 1120, 1127, 1134, 1143, 1152, 1161, 1166, 1169, 1174, 1185, 1196, 1206, 1218, 1230, 1244, 1257, 1267, 1281, 1295, 1310, 1328, 1347, 1365]
[0, 1161, 1155, 1148, 1145, 1142, 1134, 1129, 1125, 1120, 1118, 1114, 1109, 1106, 1106, 1104, 1100, 1101, 1103, 1105, 1106, 1104, 1103, 1102, 1104, 1105, 1113, 1120, 1120, 1121, 1124, 1124, 1125, 1128, 1129, 1133, 1140, 1147, 1155, 1161, 1163, 1169, 1175, 1184, 1196, 1206, 1211, 1220, 1232, 1242, 1253, 1264, 1276, 1285, 1295, 1312, 1330, 1347, 1364, 1382, 1401]
[0, 1178, 1171, 1165, 1161, 1155, 1150, 1144, 1139, 1134, 1129, 1126, 1123, 1119, 1119, 1122, 1121, 1119, 1119, 1120, 1123, 1126, 1101, 1102, 1103, 1104, 1110, 1118, 1120, 1119, 1122, 1123, 1125, 1128, 1129, 1133, 1140, 1147, 1155, 1160, 1163, 1169, 1175, 1184, 1197, 1206, 1211, 1220, 1232, 1242, 1253, 1264, 1276, 1285, 1296, 1312, 1331, 1348, 1364, 1382, 1401]
[0, 1181, 1174, 1168, 1162, 1158, 1154, 1148, 1142, 1137, 1134, 1131, 1127, 1124, 1122, 1122, 1123, 1122, 1123, 1124, 1127, 1128, 1124, 1126, 1127, 1124, 1131, 1135, 1134, 1135, 1136, 1138, 1141, 1143, 1147, 1155, 1161, 1166, 1172, 1178, 1185, 1193, 1195, 1202, 1211, 1220, 1231, 1243, 1254, 1263, 1273, 1286, 1297, 1310, 1327, 1344, 1358, 1373, 1391, 1407, 1418]
[0, 1188, 1180, 1172, 1163, 1159, 1155, 1151, 1145, 1138, 1135, 1132, 1128, 1125, 1125, 1124, 1124, 1123, 1124, 1125, 1127, 1128, 1125, 1132, 1138, 1134, 1136, 1138, 1138, 1137, 1140, 1143, 1144, 1146, 1150, 1156, 1162, 1166, 1171, 1178, 1184, 1192, 1200, 1205, 1212, 1223, 1235, 1245, 1255, 1264, 1275, 1285, 1298, 1312, 1327, 1342, 1358, 1374, 1385, 1394, 1408]
[0, 1184, 1176, 1169, 1164, 1160, 1155, 1151, 1145, 1140, 1136, 1132, 1129, 1127, 1127, 1126, 1127, 1129, 1125, 1124, 1128, 1129, 1125, 1132, 1137, 1135, 1136, 1137, 1137, 1137, 1140, 1143, 1144, 1147, 1151, 1156, 1162, 1166, 1171, 1178, 1184, 1192, 1200, 1205, 1212, 1223, 1235, 1245, 1255, 1264, 1276, 1286, 1298, 1312, 1327, 1343, 1358, 1375, 1386, 1394, 1408]
[0, 1246, 1237, 1226, 1219, 1214, 1210, 1206, 1200, 1195, 1189, 1184, 1182, 1181, 1178, 1177, 1177, 1178, 1176, 1176, 1178, 1176, 1127, 1130, 1132, 1132, 1138, 1138, 1139, 1140, 1142, 1144, 1146, 1148, 1152, 1158, 1164, 1170, 1175, 1181, 1188, 1194, 1200, 1209, 1219, 1224, 1234, 1246, 1255, 1269, 1278, 1287, 1302, 1319, 1332, 1344, 1359, 1377, 1390, 1402, 1417]
[0, 1245, 1235, 1226, 1218, 1213, 1209, 1203, 1199, 1195, 1190, 1186, 1183, 1181, 1179, 1177, 1176, 1177, 1176, 1176, 1177, 1177, 1177, 1179, 1181, 1181, 1183, 1185, 1185, 1186, 1189, 1192, 1197, 1200, 1204, 1211, 1216, 1216, 1217, 1221, 1226, 1233, 1238, 1244, 1250, 1256, 1262, 1268, 1274, 1282, 1292, 1303, 1314, 1325, 1338, 1349, 1360, 1372, 1387, 1403, 1415]
[0, 1260, 1253, 1243, 1236, 1232, 1226, 1222, 1218, 1213, 1209, 1205, 1203, 1181, 1199, 1177, 1197, 1195, 1194, 1176, 1195, 1196, 1177, 1178, 1180, 1181, 1185, 1186, 1185, 1187, 1189, 1191, 1195, 1200, 1204, 1211, 1215, 1215, 1217, 1221, 1226, 1231, 1236, 1244, 1249, 1254, 1259, 1267, 1274, 1282, 1291, 1301, 1311, 1321, 1335, 1347, 1358, 1372, 1385, 1398, 1413]
[0, 1262, 1256, 1247, 1237, 1233, 1230, 1222, 1216, 1212, 1208, 1206, 1204, 1203, 1201, 1198, 1196, 1194, 1193, 1195, 1195, 1195, 1177, 1192, 1193, 1198, 1185, 1199, 1185, 1200, 1198, 1197, 1200, 1201, 1205, 1211, 1208, 1211, 1214, 1223, 1226, 1232, 1236, 1243, 1248, 1254, 1259, 1262, 1270, 1284, 1294, 1305, 1314, 1327, 1340, 1351, 1363, 1372, 1385, 1402, 1417]
[0, 1305, 1296, 1287, 1280, 1273, 1268, 1262, 1258, 1253, 1246, 1243, 1241, 1236, 1231, 1226, 1221, 1215, 1212, 1209, 1205, 1203, 1197, 1196, 1196, 1196, 1196, 1198, 1196, 1192, 1190, 1193, 1198, 1201, 1202, 1205, 1211, 1214, 1217, 1221, 1226, 1231, 1234, 1241, 1249, 1254, 1259, 1267, 1274, 1281, 1291, 1300, 1310, 1322, 1335, 1347, 1358, 1372, 1385, 1398, 1410]
[0, 1301, 1293, 1287, 1281, 1274, 1267, 1260, 1255, 1251, 1247, 1242, 1237, 1234, 1230, 1225, 1221, 1217, 1213, 1209, 1205, 1203, 1201, 1200, 1198, 1196, 1196, 1195, 1196, 1196, 1196, 1196, 1197, 1199, 1201, 1204, 1208, 1213, 1216, 1219, 1225, 1230, 1234, 1238, 1245, 1251, 1257, 1264, 1271, 1279, 1286, 1295, 1306, 1317, 1330, 1343, 1355, 1365, 1380, 1395, 1408]
[0, 1326, 1313, 1307, 1301, 1292, 1284, 1277, 1267, 1257, 1250, 1246, 1241, 1233, 1228, 1223, 1217, 1213, 1210, 1207, 1205, 1200, 1199, 1196, 1196, 1196, 1196, 1197, 1196, 1195, 1194, 1194, 1197, 1200, 1204, 1206, 1208, 1211, 1216, 1220, 1225, 1231, 1235, 1241, 1249, 1251, 1257, 1266, 1273, 1281, 1291, 1300, 1311, 1322, 1334, 1346, 1358, 1371, 1384, 1397, 1410]
[0, 1342, 1330, 1317, 1306, 1295, 1286, 1277, 1269, 1262, 1254, 1248, 1243, 1237, 1231, 1224, 1219, 1215, 1212, 1208, 1204, 1202, 1197, 1197, 1197, 1197, 1196, 1196, 1197, 1195, 1194, 1197, 1199, 1201, 1204, 1206, 1207, 1214, 1216, 1217, 1221, 1230, 1235, 1237, 1248, 1254, 1257, 1262, 1276, 1284, 1291, 1301, 1311, 1312, 1333, 1347, 1362, 1373, 1386, 1401, 1415]
[0, 1334, 1319, 1307, 1300, 1291, 1283, 1276, 1266, 1257, 1250, 1246, 1240, 1233, 1228, 1222, 1217, 1211, 1208, 1208, 1205, 1203, 1200, 1198, 1196, 1196, 1194, 1194, 1195, 1195, 1195, 1195, 1196, 1198, 1200, 1203, 1204, 1205, 1210, 1218, 1221, 1227, 1233, 1237, 1244, 1250, 1256, 1263, 1270, 1276, 1283, 1294, 1305, 1316, 1328, 1339, 1351, 1363, 1378, 1395, 1408]
[0, 1339, 1325, 1313, 1300, 1289, 1282, 1274, 1266, 1259, 1250, 1242, 1240, 1235, 1229, 1225, 1219, 1211, 1208, 1206, 1202, 1199, 1200, 1197, 1196, 1196, 1196, 1196, 1195, 1194, 1195, 1196, 1195, 1196, 1199, 1200, 1205, 1208, 1212, 1215, 1219, 1225, 1231, 1236, 1240, 1246, 1254, 1260, 1265, 1272, 1282, 1290, 1300, 1312, 1323, 1334, 1345, 1359, 1370, 1383, 1400]
[0, 1335, 1322, 1309, 1297, 1288, 1281, 1272, 1263, 1256, 1251, 1244, 1239, 1231, 1226, 1222, 1216, 1212, 1208, 1203, 1201, 1200, 1197, 1196, 1194, 1193, 1192, 1190, 1193, 1194, 1193, 1192, 1196, 1199, 1198, 1200, 1204, 1208, 1211, 1215, 1219, 1224, 1231, 1237, 1242, 1248, 1254, 1262, 1269, 1274, 1282, 1292, 1302, 1313, 1325, 1338, 1352, 1364, 1377, 1392, 1406]
[0, 1330, 1317, 1304, 1294, 1286, 1277, 1269, 1263, 1262, 1255, 1248, 1241, 1235, 1228, 1224, 1222, 1214, 1208, 1205, 1202, 1201, 1198, 1196, 1195, 1193, 1192, 1192, 1192, 1194, 1196, 1196, 1197, 1199, 1201, 1202, 1203, 1206, 1210, 1217, 1223, 1229, 1233, 1239, 1246, 1248, 1255, 1263, 1269, 1277, 1286, 1294, 1306, 1318, 1329, 1342, 1354, 1366, 1379, 1395, 1408]
[0, 1339, 1325, 1313, 1300, 1289, 1281, 1274, 1266, 1259, 1250, 1242, 1239, 1234, 1229, 1225, 1218, 1212, 1208, 1206, 1202, 1198, 1198, 1197, 1197, 1196, 1194, 1192, 1192, 1193, 1195, 1196, 1195, 1196, 1198, 1200, 1204, 1205, 1209, 1215, 1218, 1224, 1230, 1235, 1240, 1245, 1252, 1259, 1265, 1270, 1277, 1287, 1295, 1306, 1322, 1334, 1344, 1358, 1370, 1383, 1400]
[0, 1341, 1329, 1317, 1302, 1290, 1282, 1275, 1269, 1261, 1253, 1246, 1241, 1236, 1230, 1224, 1219, 1214, 1209, 1205, 1204, 1201, 1196, 1197, 1195, 1193, 1192, 1191, 1194, 1195, 1195, 1194, 1193, 1196, 1198, 1201, 1206, 1206, 1209, 1216, 1221, 1224, 1230, 1236, 1242, 1248, 1253, 1261, 1268, 1275, 1283, 1291, 1302, 1313, 1325, 1338, 1351, 1362, 1376, 1390, 1405]
[0, 1340, 1328, 1313, 1299, 1290, 1282, 1275, 1268, 1261, 1252, 1246, 1241, 1235, 1229, 1224, 1218, 1214, 1208, 1204, 1200, 1198, 1199, 1197, 1195, 1195, 1194, 1193, 1194, 1194, 1194, 1194, 1196, 1197, 1199, 1202, 1204, 1205, 1210, 1217, 1220, 1221, 1227, 1234, 1241, 1249, 1252, 1257, 1265, 1272, 1282, 1290, 1301, 1313, 1323, 1337, 1349, 1361, 1374, 1388, 1401]
[0, 1334, 1321, 1308, 1297, 1287, 1279, 1272, 1263, 1256, 1249, 1242, 1237, 1231, 1226, 1223, 1217, 1210, 1207, 1203, 1201, 1200, 1196, 1194, 1194, 1194, 1192, 1192, 1193, 1194, 1193, 1193, 1194, 1195, 1199, 1201, 1203, 1205, 1208, 1212, 1217, 1221, 1228, 1234, 1238, 1243, 1249, 1254, 1263, 1272, 1279, 1287, 1297, 1311, 1323, 1335, 1347, 1359, 1371, 1383, 1399]
[0, 1340, 1327, 1315, 1301, 1292, 1286, 1276, 1266, 1258, 1252, 1247, 1241, 1233, 1227, 1223, 1218, 1212, 1206, 1203, 1202, 1200, 1196, 1195, 1195, 1194, 1192, 1192, 1191, 1194, 1195, 1195, 1196, 1196, 1198, 1201, 1202, 1205, 1209, 1213, 1219, 1228, 1232, 1236, 1242, 1248, 1253, 1259, 1267, 1275, 1283, 1294, 1304, 1315, 1328, 1340, 1353, 1365, 1378, 1393, 1408]
[0, 1338, 1323, 1311, 1300, 1289, 1281, 1274, 1266, 1255, 1246, 1243, 1239, 1234, 1227, 1222, 1219, 1212, 1205, 1202, 1201, 1198, 1196, 1194, 1192, 1191, 1192, 1190, 1190, 1192, 1192, 1192, 1193, 1194, 1194, 1198, 1200, 1202, 1206, 1209, 1215, 1219, 1224, 1231, 1238, 1243, 1249, 1254, 1261, 1270, 1278, 1286, 1297, 1307, 1319, 1331, 1343, 1356, 1369, 1383, 1399]
[0, 1337, 1323, 1310, 1300, 1289, 1281, 1274, 1266, 1255, 1247, 1243, 1239, 1234, 1227, 1221, 1218, 1212, 1205, 1202, 1200, 1197, 1196, 1197, 1194, 1192, 1192, 1190, 1193, 1194, 1194, 1193, 1194, 1197, 1198, 1198, 1202, 1205, 1208, 1215, 1219, 1223, 1229, 1235, 1239, 1244, 1251, 1257, 1265, 1272, 1280, 1288, 1299, 1311, 1323, 1335, 1348, 1360, 1371, 1385, 1401]
[0, 1327, 1314, 1303, 1291, 1282, 1275, 1267, 1261, 1255, 1247, 1241, 1235, 1228, 1221, 1216, 1218, 1208, 1204, 1202, 1201, 1199, 1194, 1195, 1194, 1192, 1191, 1191, 1193, 1193, 1193, 1193, 1194, 1196, 1198, 1199, 1201, 1204, 1207, 1214, 1219, 1221, 1228, 1234, 1237, 1243, 1249, 1257, 1264, 1271, 1279, 1287, 1297, 1310, 1323, 1335, 1347, 1360, 1371, 1383, 1399]
[0, 1333, 1322, 1306, 1295, 1288, 1280, 1273, 1265, 1255, 1247, 1243, 1238, 1234, 1227, 1221, 1217, 1211, 1205, 1202, 1200, 1197, 1196, 1195, 1193, 1192, 1191, 1190, 1193, 1188, 1190, 1190, 1196, 1196, 1196, 1198, 1202, 1204, 1209, 1214, 1220, 1221, 1227, 1233, 1238, 1247, 1253, 1261, 1272, 1281, 1289, 1301, 1317, 1332, 1343, 1353, 1364, 1383, 1400, 1415, 1433]
[0, 1340, 1324, 1310, 1299, 1290, 1282, 1275, 1265, 1258, 1252, 1246, 1241, 1233, 1227, 1222, 1217, 1213, 1207, 1203, 1201, 1198, 1196, 1193, 1191, 1191, 1191, 1190, 1192, 1191, 1188, 1190, 1193, 1195, 1197, 1199, 1201, 1204, 1204, 1210, 1218, 1221, 1227, 1232, 1236, 1244, 1251, 1257, 1267, 1277, 1287, 1298, 1311, 1323, 1333, 1346, 1362, 1379, 1391, 1405, 1423]
[0, 1333, 1321, 1306, 1295, 1287, 1277, 1270, 1263, 1255, 1248, 1242, 1237, 1230, 1223, 1221, 1216, 1211, 1207, 1204, 1200, 1197, 1196, 1194, 1194, 1193, 1192, 1191, 1189, 1190, 1192, 1192, 1193, 1195, 1196, 1198, 1202, 1204, 1207, 1211, 1216, 1221, 1224, 1231, 1237, 1243, 1249, 1255, 1266, 1278, 1288, 1298, 1308, 1320, 1334, 1346, 1360, 1374, 1389, 1404, 1421]
[0, 1325, 1321, 1301, 1290, 1281, 1277, 1273, 1264, 1256, 1250, 1246, 1240, 1234, 1227, 1220, 1218, 1213, 1207, 1204, 1201, 1199, 1195, 1193, 1191, 1192, 1191, 1190, 1191, 1190, 1190, 1192, 1192, 1194, 1197, 1199, 1203, 1211, 1217, 1222, 1229, 1235, 1239, 1245, 1251, 1256, 1265, 1272, 1280, 1289, 1297, 1306, 1316, 1324, 1334, 1348, 1364, 1378, 1391, 1406, 1421]
[0, 1330, 1317, 1305, 1295, 1286, 1277, 1270, 1263, 1255, 1248, 1243, 1237, 1229, 1222, 1219, 1216, 1210, 1207, 1205, 1201, 1201, 1197, 1194, 1191, 1189, 1189, 1190, 1191, 1192, 1191, 1191, 1192, 1194, 1196, 1202, 1207, 1211, 1216, 1220, 1223, 1229, 1238, 1245, 1249, 1256, 1262, 1268, 1274, 1282, 1293, 1302, 1310, 1321, 1333, 1346, 1358, 1372, 1386, 1399, 1416]
[0, 1327, 1313, 1302, 1290, 1281, 1273, 1266, 1258, 1252, 1245, 1239, 1234, 1227, 1221, 1216, 1211, 1207, 1208, 1205, 1201, 1203, 1202, 1201, 1200, 1200, 1201, 1204, 1208, 1209, 1207, 1207, 1210, 1211, 1212, 1213, 1215, 1219, 1222, 1227, 1234, 1238, 1240, 1246, 1251, 1257, 1263, 1270, 1278, 1287, 1296, 1301, 1312, 1324, 1334, 1346, 1362, 1376, 1389, 1406, 1421]
[0, 1331, 1318, 1308, 1298, 1288, 1278, 1270, 1264, 1255, 1249, 1244, 1238, 1233, 1226, 1221, 1216, 1212, 1209, 1205, 1203, 1202, 1201, 1201, 1199, 1200, 1201, 1204, 1204, 1207, 1207, 1208, 1209, 1210, 1210, 1212, 1214, 1215, 1220, 1227, 1229, 1231, 1243, 1246, 1249, 1255, 1268, 1270, 1281, 1291, 1301, 1310, 1320, 1332, 1341, 1351, 1367, 1384, 1400, 1416, 1432]
[0, 1326, 1315, 1302, 1291, 1284, 1274, 1266, 1260, 1253, 1245, 1242, 1237, 1231, 1227, 1223, 1221, 1220, 1219, 1215, 1214, 1213, 1201, 1200, 1201, 1200, 1202, 1205, 1207, 1207, 1206, 1205, 1208, 1210, 1211, 1212, 1215, 1219, 1223, 1228, 1232, 1235, 1240, 1245, 1250, 1257, 1263, 1270, 1278, 1287, 1293, 1299, 1312, 1324, 1334, 1347, 1362, 1376, 1389, 1406, 1421]
[0, 1326, 1312, 1302, 1301, 1290, 1279, 1271, 1264, 1256, 1251, 1246, 1240, 1234, 1231, 1229, 1226, 1224, 1225, 1223, 1220, 1217, 1210, 1210, 1209, 1207, 1204, 1204, 1207, 1206, 1207, 1209, 1208, 1209, 1211, 1213, 1217, 1219, 1222, 1227, 1233, 1237, 1241, 1247, 1254, 1260, 1267, 1273, 1279, 1290, 1300, 1309, 1320, 1329, 1340, 1353, 1367, 1383, 1399, 1415, 1428]
[0, 1347, 1335, 1324, 1315, 1305, 1295, 1286, 1278, 1270, 1263, 1257, 1251, 1246, 1241, 1236, 1231, 1227, 1224, 1217, 1214, 1213, 1213, 1213, 1210, 1206, 1207, 1206, 1202, 1204, 1207, 1208, 1208, 1209, 1210, 1213, 1214, 1215, 1217, 1224, 1231, 1234, 1239, 1246, 1251, 1256, 1262, 1268, 1275, 1284, 1293, 1301, 1311, 1323, 1334, 1344, 1358, 1373, 1387, 1401, 1416]
[0, 1343, 1330, 1318, 1309, 1300, 1291, 1282, 1274, 1267, 1261, 1257, 1250, 1244, 1242, 1236, 1232, 1225, 1219, 1217, 1213, 1210, 1210, 1210, 1208, 1203, 1202, 1205, 1206, 1206, 1207, 1208, 1209, 1210, 1211, 1213, 1215, 1216, 1221, 1228, 1229, 1234, 1242, 1247, 1252, 1259, 1266, 1272, 1278, 1286, 1295, 1305, 1316, 1326, 1332, 1346, 1365, 1379, 1392, 1407, 1423]
[0, 1338, 1326, 1318, 1318, 1309, 1302, 1293, 1283, 1273, 1267, 1262, 1255, 1248, 1244, 1239, 1235, 1232, 1229, 1223, 1217, 1214, 1208, 1207, 1207, 1205, 1204, 1205, 1205, 1206, 1204, 1206, 1208, 1210, 1211, 1214, 1217, 1216, 1221, 1228, 1227, 1237, 1242, 1248, 1255, 1261, 1265, 1271, 1279, 1289, 1299, 1309, 1319, 1328, 1339, 1353, 1367, 1383, 1396, 1411, 1428]
[0, 1337, 1326, 1318, 1318, 1301, 1302, 1283, 1283, 1273, 1267, 1262, 1255, 1247, 1243, 1240, 1235, 1231, 1228, 1222, 1217, 1214, 1212, 1209, 1207, 1207, 1207, 1206, 1203, 1204, 1206, 1207, 1209, 1209, 1207, 1209, 1214, 1215, 1218, 1223, 1230, 1233, 1235, 1243, 1250, 1255, 1261, 1267, 1273, 1282, 1292, 1301, 1311, 1322, 1330, 1339, 1354, 1369, 1383, 1399, 1415]
[0, 1349, 1336, 1325, 1317, 1307, 1296, 1287, 1277, 1270, 1264, 1260, 1255, 1250, 1245, 1239, 1234, 1230, 1226, 1220, 1215, 1212, 1211, 1208, 1207, 1207, 1205, 1204, 1203, 1204, 1206, 1205, 1206, 1209, 1207, 1209, 1213, 1215, 1217, 1228, 1230, 1231, 1236, 1242, 1248, 1254, 1261, 1266, 1272, 1280, 1290, 1301, 1309, 1328, 1337, 1352, 1368, 1380, 1397, 1415, 1431]
[0, 1347, 1334, 1324, 1314, 1304, 1295, 1287, 1278, 1270, 1263, 1257, 1251, 1247, 1241, 1236, 1231, 1226, 1220, 1215, 1214, 1213, 1210, 1208, 1207, 1206, 1205, 1204, 1204, 1205, 1206, 1207, 1208, 1208, 1210, 1212, 1213, 1215, 1220, 1227, 1230, 1233, 1237, 1243, 1250, 1255, 1262, 1268, 1272, 1281, 1293, 1301, 1310, 1321, 1329, 1342, 1356, 1371, 1385, 1399, 1415]
[0, 1338, 1326, 1318, 1309, 1300, 1291, 1283, 1274, 1270, 1267, 1261, 1248, 1247, 1243, 1240, 1235, 1231, 1222, 1215, 1216, 1213, 1212, 1210, 1208, 1207, 1204, 1204, 1207, 1206, 1206, 1208, 1209, 1210, 1209, 1210, 1214, 1218, 1222, 1225, 1228, 1234, 1239, 1246, 1252, 1258, 1264, 1271, 1278, 1288, 1296, 1302, 1312, 1324, 1334, 1348, 1363, 1378, 1390, 1405, 1421]
[0, 1345, 1331, 1323, 1314, 1304, 1295, 1287, 1279, 1270, 1264, 1257, 1252, 1248, 1242, 1236, 1232, 1227, 1220, 1216, 1214, 1211, 1211, 1208, 1206, 1207, 1206, 1204, 1205, 1205, 1205, 1204, 1206, 1209, 1211, 1210, 1213, 1216, 1221, 1225, 1226, 1231, 1230, 1236, 1254, 1259, 1265, 1272, 1280, 1289, 1298, 1308, 1319, 1328, 1338, 1353, 1367, 1380, 1391, 1406, 1425]
[0, 1345, 1331, 1323, 1314, 1304, 1295, 1287, 1279, 1270, 1264, 1258, 1253, 1248, 1242, 1236, 1232, 1228, 1222, 1218, 1214, 1211, 1209, 1209, 1208, 1206, 1204, 1204, 1207, 1206, 1205, 1207, 1209, 1210, 1209, 1210, 1214, 1218, 1221, 1227, 1230, 1234, 1239, 1246, 1251, 1256, 1264, 1273, 1280, 1287, 1295, 1302, 1313, 1324, 1334, 1348, 1360, 1375, 1390, 1404, 1420]
[0, 1349, 1335, 1324, 1316, 1306, 1296, 1288, 1279, 1270, 1264, 1260, 1255, 1249, 1245, 1238, 1233, 1229, 1224, 1218, 1215, 1212, 1209, 1214, 1212, 1206, 1204, 1204, 1206, 1206, 1205, 1207, 1209, 1210, 1212, 1212, 1214, 1218, 1220, 1224, 1231, 1235, 1240, 1245, 1250, 1256, 1263, 1268, 1276, 1285, 1295, 1302, 1312, 1323, 1334, 1346, 1356, 1371, 1388, 1402, 1417]
[0, 1350, 1335, 1323, 1315, 1306, 1299, 1289, 1279, 1271, 1263, 1256, 1251, 1245, 1240, 1238, 1231, 1225, 1224, 1220, 1215, 1212, 1210, 1208, 1207, 1206, 1204, 1204, 1204, 1204, 1205, 1206, 1206, 1208, 1211, 1211, 1214, 1216, 1218, 1224, 1230, 1233, 1240, 1246, 1250, 1256, 1259, 1265, 1277, 1285, 1293, 1301, 1310, 1320, 1331, 1345, 1356, 1370, 1386, 1401, 1416]
[0, 1349, 1335, 1324, 1316, 1307, 1296, 1288, 1279, 1270, 1263, 1258, 1253, 1248, 1241, 1235, 1233, 1228, 1224, 1219, 1214, 1212, 1212, 1208, 1206, 1206, 1206, 1206, 1204, 1204, 1205, 1206, 1207, 1208, 1209, 1211, 1213, 1215, 1218, 1222, 1227, 1232, 1236, 1241, 1247, 1253, 1260, 1267, 1273, 1282, 1292, 1299, 1308, 1319, 1339, 1345, 1369, 1383, 1396, 1412, 1428]
[0, 1341, 1327, 1320, 1312, 1301, 1293, 1285, 1275, 1265, 1255, 1250, 1249, 1246, 1240, 1233, 1228, 1224, 1219, 1215, 1213, 1212, 1210, 1208, 1207, 1206, 1205, 1204, 1204, 1204, 1206, 1205, 1205, 1208, 1207, 1208, 1213, 1215, 1218, 1224, 1230, 1233, 1240, 1246, 1250, 1255, 1259, 1265, 1276, 1285, 1292, 1301, 1310, 1319, 1331, 1344, 1356, 1371, 1387, 1400, 1415]
[0, 1338, 1327, 1317, 1312, 1300, 1293, 1282, 1275, 1273, 1266, 1258, 1252, 1247, 1243, 1237, 1232, 1228, 1219, 1216, 1215, 1212, 1210, 1206, 1204, 1205, 1205, 1204, 1205, 1205, 1204, 1205, 1208, 1209, 1211, 1212, 1215, 1216, 1218, 1223, 1227, 1234, 1241, 1247, 1252, 1258, 1265, 1271, 1277, 1286, 1295, 1304, 1315, 1324, 1331, 1343, 1362, 1379, 1391, 1406, 1420]
