[0, 0, 0, 0, 0, 0, 0, 0, 0, 0, 0, 0, 0, 0, 0, 0, 0, 0, 0, 0, 0, 0, 0, 0, 0, 0, 0, 0, 0, 0, 0, 0, 0, 0, 0, 0, 0, 0, 0, 0, 0, 0, 0, 0, 0, 0, 0, 0, 0, 0, 0, 0, 0, 0, 0, 0, 0, 0, 0, 0, 0]
[0, 551, 546, 542, 537, 534, 531, 528, 524, 522, 519, 516, 514, 511, 510, 508, 508, 505, 504, 504, 503, 501, 500, 499, 499, 498, 498, 498, 498, 498, 498, 499, 499, 500, 501, 503, 504, 506, 508, 509, 511, 514, 516, 518, 521, 524, 527, 531, 535, 538, 543, 547, 551, 556, 560, 565, 571, 579, 585, 591, 598]
[0, 547, 546, 543, 539, 535, 532, 529, 526, 523, 520, 518, 515, 512, 510, 509, 507, 505, 503, 502, 502, 501, 500, 499, 499, 498, 498, 498, 498, 498, 499, 499, 500, 500, 502, 505, 505, 506, 508, 510, 512, 513, 516, 519, 522, 524, 528, 532, 535, 539, 543, 547, 552, 557, 562, 567, 571, 580, 586, 593, 600]
[0, 549, 545, 541, 537, 534, 530, 527, 524, 521, 518, 518, 516, 513, 511, 510, 508, 506, 506, 504, 502, 502, 501, 499, 498, 498, 497, 498, 498, 498, 499, 499, 499, 501, 502, 503, 504, 505, 507, 509, 511, 512, 515, 517, 520, 523, 526, 530, 533, 537, 541, 546, 550, 554, 559, 564, 569, 577, 584, 590, 597]
[0, 549, 547, 543, 539, 535, 532, 528, 526, 522, 519, 518, 515, 512, 510, 508, 507, 505, 503, 502, 501, 501, 500, 499, 498, 497, 497, 498, 498, 499, 499, 499, 500, 500, 502, 504, 505, 506, 508, 510, 512, 513, 516, 518, 521, 525, 529, 532, 535, 539, 543, 546, 547, 558, 562, 567, 574, 581, 584, 593, 601]
[0, 551, 546, 542, 537, 534, 531, 528, 524, 522, 519, 516, 514, 511, 510, 508, 506, 505, 505, 504, 502, 501, 500, 499, 498, 498, 497, 498, 498, 498, 499, 499, 499, 501, 502, 503, 503, 505, 507, 509, 511, 512, 515, 517, 520, 523, 526, 530, 533, 537, 541, 546, 550, 554, 559, 564, 569, 576, 583, 590, 597]
[0, 549, 544, 541, 537, 533, 529, 528, 527, 521, 519, 518, 515, 513, 511, 509, 507, 505, 504, 503, 502, 501, 501, 500, 499, 498, 498, 498, 498, 498, 498, 499, 499, 500, 501, 503, 504, 506, 507, 509, 511, 513, 515, 518, 521, 524, 527, 531, 534, 538, 543, 548, 552, 557, 561, 566, 573, 580, 586, 592, 599]
[0, 551, 546, 542, 538, 534, 531, 528, 525, 523, 520, 517, 514, 512, 510, 508, 506, 505, 504, 504, 501, 500, 501, 500, 499, 498, 498, 498, 498, 499, 499, 499, 500, 501, 502, 504, 504, 507, 509, 509, 510, 512, 517, 519, 521, 522, 525, 529, 537, 538, 540, 544, 548, 553, 558, 563, 568, 575, 581, 588, 594]
[0, 548, 544, 540, 536, 533, 531, 529, 523, 523, 521, 518, 515, 513, 511, 509, 507, 505, 504, 503, 502, 501, 500, 500, 499, 498, 498, 498, 498, 498, 498, 498, 499, 500, 501, 503, 504, 506, 508, 510, 511, 513, 516, 518, 521, 524, 527, 531, 535, 538, 543, 548, 552, 556, 561, 566, 573, 580, 586, 592, 599]
[0, 556, 552, 548, 544, 540, 536, 534, 530, 527, 525, 522, 519, 517, 515, 513, 512, 510, 509, 509, 507, 501, 506, 500, 499, 498, 498, 498, 498, 499, 499, 499, 500, 500, 502, 503, 505, 506, 507, 509, 510, 513, 517, 518, 520, 522, 525, 531, 534, 537, 545, 548, 551, 555, 560, 565, 571, 583, 586, 591, 597]
[0, 556, 552, 548, 544, 540, 536, 534, 531, 528, 525, 523, 521, 518, 515, 513, 512, 510, 509, 509, 508, 506, 506, 506, 505, 498, 504, 504, 504, 505, 505, 505, 506, 507, 508, 509, 510, 512, 514, 515, 517, 520, 522, 524, 527, 531, 533, 536, 541, 545, 549, 554, 558, 563, 568, 573, 579, 586, 593, 599, 606]
[0, 553, 549, 548, 541, 540, 537, 534, 531, 529, 526, 524, 521, 519, 517, 515, 513, 512, 510, 509, 508, 507, 507, 506, 505, 505, 504, 505, 505, 505, 505, 505, 506, 507, 508, 509, 511, 513, 514, 516, 518, 521, 523, 525, 528, 530, 534, 538, 542, 545, 550, 554, 558, 563, 568, 573, 579, 586, 593, 600, 606]
[0, 559, 555, 550, 547, 544, 540, 536, 533, 531, 526, 524, 524, 522, 520, 517, 515, 513, 512, 512, 511, 510, 510, 506, 505, 505, 504, 505, 506, 506, 506, 506, 507, 507, 509, 510, 511, 514, 514, 517, 518, 520, 522, 524, 528, 531, 534, 537, 541, 545, 549, 553, 558, 562, 567, 573, 579, 585, 592, 598, 605]
[0, 558, 555, 551, 547, 543, 540, 536, 533, 530, 528, 525, 524, 522, 520, 517, 515, 514, 512, 512, 511, 510, 510, 510, 508, 508, 504, 508, 508, 506, 509, 509, 510, 511, 512, 513, 514, 516, 518, 520, 522, 525, 527, 529, 533, 536, 539, 543, 547, 551, 554, 558, 563, 568, 573, 579, 585, 591, 598, 605, 612]
[0, 560, 556, 553, 548, 544, 540, 538, 535, 532, 530, 528, 526, 523, 521, 519, 517, 517, 514, 512, 513, 512, 511, 509, 508, 509, 508, 508, 508, 509, 509, 510, 510, 511, 512, 513, 514, 516, 518, 520, 522, 524, 527, 529, 532, 536, 539, 543, 547, 550, 554, 558, 563, 568, 573, 579, 585, 591, 598, 605, 612]
[0, 560, 555, 551, 548, 544, 541, 538, 535, 532, 529, 527, 525, 522, 521, 520, 518, 517, 516, 515, 514, 513, 512, 511, 508, 509, 508, 509, 511, 511, 510, 510, 512, 513, 515, 517, 518, 519, 521, 523, 526, 528, 530, 533, 536, 539, 542, 546, 550, 554, 558, 562, 566, 571, 578, 584, 589, 595, 601, 609, 616]
[0, 559, 554, 551, 547, 544, 540, 537, 535, 533, 529, 527, 525, 526, 524, 521, 519, 517, 516, 515, 514, 513, 512, 512, 511, 511, 510, 510, 511, 511, 511, 511, 512, 514, 515, 516, 518, 520, 521, 523, 525, 528, 531, 533, 536, 539, 543, 547, 552, 555, 558, 563, 567, 573, 579, 585, 591, 597, 603, 610, 618]
[0, 560, 557, 553, 549, 545, 543, 540, 536, 534, 529, 532, 529, 527, 524, 522, 522, 520, 517, 517, 517, 516, 514, 512, 511, 511, 510, 510, 510, 511, 511, 512, 512, 513, 515, 516, 519, 520, 522, 524, 526, 528, 531, 533, 537, 540, 543, 547, 552, 555, 558, 563, 568, 574, 579, 585, 592, 598, 605, 612, 618]
[0, 561, 558, 553, 550, 547, 544, 541, 538, 534, 531, 530, 528, 526, 524, 522, 521, 519, 517, 516, 515, 516, 514, 513, 513, 512, 511, 511, 512, 513, 514, 514, 515, 515, 515, 518, 521, 523, 524, 526, 528, 531, 532, 535, 538, 542, 545, 549, 554, 558, 561, 565, 571, 576, 582, 588, 594, 600, 607, 614, 621]
[0, 560, 558, 555, 551, 547, 545, 542, 538, 535, 533, 530, 528, 526, 524, 523, 522, 518, 517, 516, 515, 515, 514, 512, 513, 513, 512, 512, 512, 512, 512, 514, 514, 515, 518, 518, 519, 522, 524, 525, 526, 528, 531, 534, 537, 541, 545, 548, 552, 556, 560, 564, 568, 574, 580, 585, 592, 599, 606, 612, 619]
[0, 560, 557, 553, 549, 545, 543, 540, 536, 533, 531, 529, 528, 527, 524, 522, 521, 519, 517, 517, 517, 515, 515, 513, 513, 512, 513, 513, 513, 513, 512, 515, 516, 517, 518, 519, 520, 522, 523, 525, 527, 529, 532, 534, 537, 541, 544, 547, 551, 556, 560, 563, 568, 573, 580, 585, 591, 597, 603, 609, 617]
[0, 569, 557, 565, 562, 558, 555, 552, 549, 546, 543, 541, 538, 536, 535, 533, 531, 529, 528, 527, 526, 525, 524, 513, 513, 512, 511, 511, 512, 513, 514, 514, 514, 515, 516, 518, 521, 523, 524, 526, 528, 531, 533, 536, 539, 542, 546, 549, 553, 557, 561, 566, 571, 576, 582, 589, 594, 600, 608, 614, 621]
[0, 569, 565, 562, 558, 555, 552, 552, 549, 545, 543, 541, 538, 536, 535, 533, 531, 529, 528, 527, 526, 524, 524, 524, 523, 523, 523, 523, 523, 523, 524, 525, 526, 528, 529, 530, 532, 533, 535, 538, 540, 542, 533, 548, 551, 542, 555, 558, 561, 565, 570, 576, 581, 585, 596, 589, 602, 615, 608, 629, 638]
[0, 583, 577, 573, 569, 567, 564, 559, 557, 554, 551, 549, 547, 545, 543, 541, 539, 537, 537, 535, 534, 534, 533, 524, 523, 523, 522, 523, 523, 523, 524, 525, 526, 528, 529, 530, 532, 533, 535, 538, 540, 542, 545, 548, 551, 554, 558, 561, 565, 570, 576, 576, 585, 590, 596, 602, 608, 614, 621, 629, 638]
[0, 582, 577, 572, 568, 564, 561, 558, 556, 553, 550, 548, 546, 544, 543, 540, 538, 537, 536, 534, 534, 533, 533, 532, 532, 532, 531, 531, 532, 533, 524, 534, 535, 537, 538, 530, 540, 541, 545, 547, 549, 551, 545, 554, 557, 563, 558, 567, 571, 581, 576, 585, 596, 590, 601, 606, 612, 626, 621, 642, 638]
[0, 582, 577, 573, 569, 566, 562, 559, 557, 554, 552, 550, 547, 545, 544, 540, 541, 539, 539, 538, 537, 535, 533, 533, 532, 532, 532, 531, 531, 532, 533, 533, 534, 535, 536, 538, 540, 541, 543, 545, 547, 550, 553, 556, 558, 561, 564, 568, 573, 578, 582, 587, 592, 596, 602, 608, 614, 620, 628, 636, 644]
[0, 592, 587, 583, 579, 576, 572, 568, 565, 563, 560, 559, 557, 554, 553, 551, 548, 546, 541, 535, 534, 532, 532, 533, 534, 533, 533, 533, 534, 535, 534, 535, 537, 538, 539, 541, 543, 545, 546, 548, 551, 553, 556, 559, 562, 565, 568, 573, 577, 582, 587, 592, 596, 602, 608, 615, 621, 628, 636, 643, 650]
[0, 593, 589, 585, 582, 577, 573, 570, 567, 564, 562, 559, 557, 556, 554, 551, 552, 544, 541, 536, 533, 533, 532, 533, 541, 541, 541, 542, 542, 543, 544, 545, 545, 547, 548, 550, 552, 553, 555, 557, 560, 553, 562, 564, 568, 572, 575, 584, 577, 588, 592, 601, 607, 602, 618, 625, 632, 640, 648, 655, 650]
[0, 595, 590, 586, 582, 578, 575, 571, 568, 565, 563, 561, 559, 557, 554, 552, 551, 548, 541, 535, 534, 532, 532, 533, 536, 540, 543, 543, 544, 544, 544, 545, 547, 548, 549, 551, 552, 554, 556, 557, 560, 562, 565, 568, 571, 574, 579, 584, 587, 591, 595, 600, 605, 611, 617, 623, 629, 637, 644, 651, 659]
[0, 599, 596, 591, 587, 583, 579, 576, 574, 570, 563, 568, 565, 564, 559, 552, 555, 546, 540, 537, 534, 533, 533, 533, 538, 543, 542, 542, 544, 545, 545, 546, 548, 548, 550, 552, 553, 554, 555, 558, 560, 562, 565, 569, 573, 576, 580, 584, 589, 593, 595, 602, 608, 613, 619, 623, 632, 640, 648, 655, 662]
[0, 601, 596, 592, 589, 585, 581, 577, 575, 572, 568, 566, 564, 562, 560, 558, 551, 540, 535, 537, 533, 533, 532, 532, 535, 538, 543, 545, 544, 546, 547, 550, 554, 555, 556, 557, 559, 561, 563, 565, 567, 569, 572, 576, 579, 583, 587, 590, 593, 598, 603, 608, 613, 619, 625, 631, 639, 646, 652, 660, 667]
[0, 615, 610, 606, 602, 598, 595, 591, 588, 586, 583, 581, 564, 571, 560, 560, 552, 544, 539, 534, 532, 533, 532, 532, 536, 538, 544, 545, 544, 546, 546, 548, 554, 555, 556, 557, 558, 559, 561, 563, 565, 568, 571, 574, 577, 581, 585, 589, 592, 597, 601, 605, 611, 617, 623, 628, 635, 643, 650, 657, 665]
[0, 616, 612, 606, 602, 599, 595, 592, 589, 586, 584, 582, 580, 576, 566, 554, 546, 544, 535, 533, 533, 533, 532, 532, 533, 537, 541, 544, 548, 552, 553, 554, 555, 558, 561, 565, 571, 575, 577, 580, 582, 585, 588, 591, 593, 597, 601, 605, 609, 613, 618, 624, 630, 636, 643, 649, 655, 662, 669, 677, 685]
[0, 625, 621, 617, 602, 613, 609, 605, 601, 598, 596, 594, 591, 588, 0, 555, 548, 542, 535, 531, 532, 532, 532, 532, 536, 537, 544, 544, 552, 552, 553, 554, 556, 557, 559, 571, 571, 575, 577, 579, 582, 584, 588, 591, 594, 597, 600, 604, 608, 612, 617, 623, 628, 634, 641, 647, 653, 660, 668, 675, 683]
[0, 629, 625, 620, 615, 613, 608, 606, 601, 602, 599, 597, 595, 593, 0, 555, 549, 542, 535, 531, 531, 532, 532, 532, 534, 539, 545, 550, 552, 558, 564, 564, 566, 567, 569, 572, 579, 587, 590, 593, 595, 598, 601, 604, 607, 610, 614, 618, 623, 628, 634, 641, 647, 652, 658, 665, 672, 679, 688, 697, 704]
[0, 630, 624, 619, 616, 613, 609, 605, 602, 599, 597, 595, 595, 594, 0, 556, 550, 544, 536, 531, 531, 532, 532, 532, 533, 538, 544, 549, 554, 561, 566, 567, 570, 571, 573, 575, 579, 587, 594, 596, 598, 602, 605, 607, 610, 614, 617, 622, 627, 633, 638, 644, 650, 656, 661, 667, 674, 682, 690, 698, 707]
[0, 636, 631, 627, 622, 618, 614, 605, 607, 606, 597, 602, 599, 597, 0, 555, 549, 542, 534, 531, 531, 532, 532, 532, 533, 537, 544, 549, 554, 561, 566, 567, 569, 571, 573, 575, 579, 587, 594, 596, 598, 602, 604, 607, 610, 613, 617, 621, 627, 633, 638, 644, 649, 655, 661, 668, 675, 682, 690, 699, 707]
[0, 636, 634, 629, 624, 619, 616, 613, 610, 607, 604, 602, 599, 0, 566, 554, 547, 539, 531, 529, 531, 532, 532, 532, 533, 537, 544, 550, 556, 566, 571, 571, 573, 576, 578, 580, 584, 592, 599, 601, 603, 606, 609, 612, 616, 619, 623, 629, 633, 639, 645, 650, 655, 661, 668, 675, 681, 689, 698, 706, 713]
[0, 654, 649, 645, 641, 636, 631, 627, 624, 622, 619, 616, 614, 0, 0, 550, 542, 535, 530, 528, 530, 532, 532, 532, 533, 533, 538, 552, 559, 567, 572, 572, 574, 576, 579, 580, 585, 593, 600, 602, 603, 607, 610, 613, 616, 616, 624, 630, 636, 639, 646, 652, 657, 662, 668, 676, 683, 692, 700, 708, 715]
[0, 651, 647, 643, 641, 634, 631, 627, 624, 623, 620, 617, 615, 607, 0, 552, 544, 536, 531, 528, 529, 532, 532, 532, 533, 538, 546, 553, 561, 571, 581, 586, 587, 590, 592, 595, 598, 607, 615, 617, 619, 622, 626, 630, 634, 638, 643, 648, 652, 657, 663, 669, 675, 681, 688, 696, 704, 710, 717, 726, 735]
[0, 656, 652, 647, 643, 639, 635, 631, 627, 625, 622, 619, 617, 0, 0, 556, 547, 539, 532, 528, 526, 529, 532, 533, 533, 536, 543, 551, 560, 568, 580, 587, 588, 590, 592, 594, 597, 603, 612, 617, 619, 622, 625, 629, 632, 637, 642, 646, 651, 656, 662, 668, 674, 679, 686, 694, 701, 709, 716, 723, 733]
[0, 661, 656, 651, 647, 644, 639, 635, 631, 628, 625, 623, 621, 0, 558, 556, 547, 539, 532, 528, 527, 529, 532, 533, 534, 534, 541, 550, 558, 566, 576, 584, 590, 592, 594, 597, 599, 602, 611, 619, 622, 625, 628, 631, 636, 641, 645, 649, 654, 659, 665, 671, 676, 682, 690, 698, 704, 712, 719, 727, 737]
[0, 663, 657, 652, 649, 644, 641, 637, 634, 632, 629, 625, 622, 0, 0, 555, 545, 538, 532, 527, 526, 529, 532, 532, 533, 534, 540, 549, 556, 566, 576, 585, 591, 594, 597, 600, 602, 604, 612, 621, 625, 628, 631, 634, 639, 642, 647, 652, 657, 662, 667, 672, 678, 684, 691, 699, 707, 713, 720, 728, 737]
[0, 669, 663, 658, 654, 650, 647, 644, 640, 636, 633, 630, 628, 0, 555, 545, 545, 538, 532, 527, 526, 529, 531, 533, 533, 534, 541, 551, 559, 567, 578, 589, 595, 597, 600, 602, 605, 608, 617, 627, 629, 632, 636, 640, 644, 648, 652, 657, 662, 668, 674, 679, 686, 692, 699, 706, 713, 721, 729, 737, 747]
[0, 687, 682, 678, 673, 669, 664, 661, 658, 655, 652, 650, 648, 0, 0, 544, 545, 531, 532, 527, 526, 525, 527, 531, 533, 534, 538, 547, 557, 566, 576, 590, 599, 599, 602, 605, 608, 611, 621, 630, 632, 635, 639, 643, 646, 649, 654, 659, 664, 670, 675, 680, 687, 694, 702, 708, 714, 722, 729, 738, 747]
[0, 687, 681, 676, 671, 667, 663, 660, 657, 654, 652, 649, 647, 0, 0, 553, 542, 535, 530, 526, 525, 526, 529, 532, 534, 534, 536, 542, 553, 565, 575, 607, 614, 617, 621, 624, 608, 627, 637, 648, 651, 654, 658, 661, 668, 649, 679, 659, 683, 689, 702, 707, 713, 694, 726, 708, 733, 741, 751, 761, 770]
[0, 684, 678, 674, 670, 665, 662, 660, 656, 653, 651, 648, 647, 0, 0, 548, 539, 533, 530, 528, 526, 526, 530, 532, 533, 534, 536, 544, 556, 567, 578, 591, 606, 615, 619, 622, 625, 628, 639, 649, 651, 654, 658, 661, 665, 670, 675, 679, 685, 690, 696, 703, 709, 715, 721, 729, 736, 744, 754, 764, 773]
[0, 684, 694, 688, 683, 679, 676, 672, 669, 667, 663, 661, 658, 0, 560, 545, 536, 533, 531, 527, 526, 526, 526, 530, 535, 535, 538, 547, 559, 570, 578, 591, 0, 617, 620, 624, 627, 637, 647, 650, 653, 656, 660, 663, 667, 672, 676, 682, 687, 694, 700, 705, 711, 717, 724, 731, 739, 748, 757, 766, 775]
[0, 696, 691, 685, 680, 676, 673, 670, 666, 667, 663, 658, 658, 0, 562, 549, 539, 534, 530, 528, 526, 526, 529, 530, 535, 536, 538, 550, 559, 561, 578, 591, 0, 628, 632, 635, 637, 648, 660, 662, 664, 668, 672, 676, 681, 686, 690, 696, 701, 707, 712, 718, 725, 733, 739, 747, 757, 765, 773, 782, 792]
[0, 707, 700, 695, 690, 686, 682, 679, 676, 672, 669, 667, 665, 0, 0, 555, 544, 536, 531, 529, 527, 526, 527, 530, 535, 535, 538, 544, 557, 570, 578, 591, 0, 626, 631, 635, 638, 648, 659, 661, 663, 666, 671, 675, 680, 684, 688, 694, 699, 706, 711, 716, 722, 729, 736, 744, 753, 761, 770, 779, 789]
[0, 707, 701, 697, 693, 688, 683, 680, 676, 673, 671, 668, 665, 0, 0, 556, 545, 536, 531, 529, 527, 525, 526, 530, 534, 536, 537, 542, 552, 563, 578, 591, 0, 634, 637, 641, 644, 654, 664, 667, 669, 673, 678, 681, 686, 691, 696, 701, 706, 712, 718, 723, 730, 737, 744, 751, 759, 768, 776, 785, 795]
[0, 725, 718, 714, 693, 707, 683, 703, 700, 696, 693, 690, 687, 0, 567, 0, 543, 540, 536, 529, 529, 528, 528, 530, 534, 535, 536, 541, 550, 562, 578, 591, 0, 634, 638, 641, 644, 651, 661, 668, 670, 673, 677, 680, 684, 689, 695, 701, 706, 711, 717, 723, 730, 737, 743, 750, 759, 767, 775, 785, 795]
[0, 725, 731, 724, 719, 715, 712, 709, 706, 702, 699, 697, 694, 0, 570, 0, 544, 543, 536, 538, 532, 530, 528, 528, 535, 536, 536, 537, 552, 562, 578, 591, 0, 658, 660, 664, 675, 686, 689, 692, 695, 700, 704, 708, 712, 716, 721, 728, 733, 739, 745, 752, 760, 767, 774, 782, 791, 800, 808, 818, 828]
[0, 737, 725, 724, 719, 715, 712, 709, 706, 702, 699, 696, 694, 0, 570, 0, 544, 544, 536, 532, 530, 530, 528, 528, 531, 536, 538, 538, 543, 554, 578, 591, 0, 664, 668, 670, 0, 694, 696, 700, 703, 706, 711, 715, 718, 723, 729, 734, 740, 747, 753, 761, 767, 774, 782, 791, 799, 808, 818, 827, 836]
[0, 744, 738, 733, 728, 723, 719, 716, 712, 710, 708, 704, 701, 0, 570, 573, 0, 545, 547, 542, 534, 532, 530, 529, 531, 536, 537, 538, 543, 553, 578, 591, 0, 664, 668, 670, 0, 694, 697, 700, 703, 706, 710, 715, 718, 722, 728, 734, 740, 747, 753, 761, 767, 774, 782, 791, 799, 808, 818, 827, 836]
[0, 747, 738, 742, 736, 727, 719, 724, 720, 716, 713, 711, 709, 0, 574, 0, 548, 548, 545, 541, 534, 534, 530, 530, 531, 536, 538, 539, 545, 556, 571, 591, 0, 664, 678, 670, 687, 705, 707, 710, 703, 716, 710, 724, 718, 734, 728, 739, 746, 759, 753, 765, 779, 774, 796, 791, 813, 821, 818, 830, 839]
[0, 749, 744, 738, 733, 728, 724, 720, 717, 714, 711, 709, 709, 0, 571, 568, 554, 547, 548, 545, 538, 535, 532, 530, 530, 535, 539, 539, 553, 556, 571, 591, 0, 680, 684, 693, 704, 710, 714, 716, 719, 721, 726, 731, 735, 740, 746, 752, 759, 766, 771, 778, 786, 794, 802, 809, 819, 828, 836, 846, 858]
[0, 770, 765, 738, 755, 750, 724, 746, 742, 739, 736, 733, 730, 0, 582, 0, 552, 554, 548, 559, 557, 552, 532, 542, 532, 538, 540, 542, 548, 556, 571, 591, 0, 679, 683, 685, 697, 709, 712, 714, 717, 720, 723, 729, 735, 739, 744, 751, 757, 763, 768, 775, 783, 791, 800, 808, 817, 825, 832, 842, 853]
[0, 772, 768, 763, 758, 753, 750, 745, 741, 737, 734, 732, 730, 0, 0, 580, 0, 551, 555, 560, 558, 554, 548, 538, 534, 535, 540, 540, 543, 556, 571, 0, 704, 705, 713, 724, 730, 733, 735, 738, 741, 746, 751, 757, 761, 765, 770, 776, 782, 790, 798, 804, 811, 818, 826, 835, 843, 853, 864, 873, 883]
[0, 778, 773, 768, 763, 759, 754, 751, 747, 737, 741, 732, 737, 0, 587, 0, 554, 554, 560, 560, 557, 553, 546, 538, 533, 537, 540, 540, 544, 556, 571, 0, 0, 705, 717, 728, 730, 0, 733, 736, 740, 744, 748, 753, 758, 762, 773, 776, 779, 793, 800, 807, 811, 822, 830, 835, 847, 853, 868, 873, 877]
[0, 782, 774, 768, 764, 761, 756, 752, 749, 744, 741, 738, 735, 0, 0, 578, 0, 554, 558, 562, 559, 554, 550, 538, 534, 537, 540, 540, 542, 549, 571, 0, 710, 713, 724, 734, 737, 739, 742, 747, 751, 755, 759, 763, 767, 773, 778, 785, 791, 798, 804, 811, 818, 826, 834, 842, 853, 863, 871, 879, 889]
[0, 788, 782, 777, 771, 767, 764, 760, 756, 753, 750, 747, 735, 0, 591, 0, 557, 557, 561, 562, 559, 555, 549, 539, 533, 537, 540, 541, 546, 549, 571, 0, 707, 713, 723, 733, 736, 739, 742, 747, 751, 754, 758, 762, 766, 771, 776, 782, 788, 795, 803, 810, 818, 826, 831, 839, 849, 860, 869, 877, 886]
[0, 802, 796, 790, 785, 780, 775, 772, 769, 753, 766, 763, 760, 0, 592, 0, 559, 561, 561, 565, 562, 557, 550, 538, 534, 538, 540, 542, 549, 549, 571, 0, 720, 729, 739, 742, 745, 749, 752, 757, 760, 764, 768, 772, 777, 782, 789, 796, 801, 807, 814, 821, 828, 835, 843, 854, 864, 872, 880, 889, 900]
[0, 807, 801, 795, 789, 785, 780, 776, 773, 771, 769, 766, 760, 0, 598, 0, 560, 561, 564, 566, 562, 557, 552, 538, 540, 538, 540, 540, 543, 549, 571, 0, 0, 756, 758, 760, 764, 767, 770, 773, 777, 782, 785, 790, 796, 801, 808, 815, 821, 826, 832, 839, 847, 855, 865, 873, 881, 890, 900, 910, 922]
[0, 825, 819, 813, 809, 804, 798, 794, 790, 787, 784, 781, 779, 0, 598, 0, 570, 563, 565, 568, 568, 565, 559, 551, 537, 538, 540, 543, 552, 565, 571, 0, 760, 762, 764, 767, 769, 773, 776, 780, 784, 788, 794, 799, 805, 810, 816, 823, 828, 834, 840, 849, 858, 865, 873, 882, 891, 901, 911, 923, 934]
[0, 826, 820, 815, 810, 805, 801, 798, 794, 790, 788, 784, 781, 0, 0, 0, 569, 564, 567, 569, 566, 563, 558, 550, 542, 538, 540, 542, 545, 565, 571, 0, 0, 772, 776, 778, 781, 785, 788, 792, 797, 803, 807, 811, 816, 822, 828, 833, 838, 846, 853, 861, 868, 875, 884, 893, 903, 914, 924, 934, 943]
[0, 833, 828, 823, 817, 811, 807, 803, 800, 796, 792, 791, 789, 0, 0, 0, 569, 564, 567, 570, 568, 563, 559, 550, 542, 539, 542, 542, 546, 565, 571, 0, 0, 777, 780, 783, 787, 791, 794, 798, 801, 805, 812, 817, 822, 827, 832, 838, 845, 853, 861, 868, 875, 881, 889, 899, 909, 921, 931, 941, 951]
[0, 835, 830, 825, 820, 815, 811, 806, 803, 801, 798, 794, 792, 0, 0, 0, 569, 568, 571, 571, 569, 565, 558, 550, 542, 539, 541, 542, 546, 565, 571, 0, 781, 783, 786, 789, 792, 796, 800, 804, 809, 813, 817, 824, 828, 832, 837, 845, 853, 859, 866, 871, 877, 886, 894, 904, 916, 927, 936, 946, 958]
[0, 837, 833, 828, 820, 824, 820, 816, 812, 808, 805, 803, 799, 0, 592, 575, 569, 568, 572, 571, 571, 567, 562, 554, 543, 539, 541, 544, 551, 565, 0, 787, 789, 783, 796, 0, 802, 806, 810, 814, 809, 819, 825, 828, 833, 845, 837, 849, 857, 865, 872, 878, 884, 891, 900, 910, 931, 927, 940, 951, 963]
[0, 854, 847, 840, 836, 832, 829, 825, 821, 818, 816, 814, 811, 0, 0, 0, 571, 573, 575, 574, 570, 566, 558, 554, 546, 541, 540, 543, 547, 565, 0, 0, 792, 795, 797, 799, 802, 806, 810, 812, 817, 823, 828, 832, 837, 843, 848, 856, 863, 869, 875, 880, 887, 897, 906, 916, 926, 936, 945, 957, 969]
[0, 874, 869, 864, 858, 852, 849, 844, 840, 836, 833, 831, 828, 0, 0, 590, 577, 575, 578, 577, 574, 569, 564, 554, 545, 541, 541, 546, 555, 571, 0, 0, 807, 808, 811, 814, 817, 821, 825, 829, 832, 837, 842, 849, 856, 862, 867, 873, 879, 885, 892, 899, 907, 917, 926, 936, 947, 958, 969, 981, 993]
[0, 877, 871, 867, 862, 857, 852, 848, 840, 841, 833, 837, 835, 833, 0, 583, 575, 576, 578, 577, 571, 569, 567, 560, 552, 544, 542, 545, 554, 569, 0, 823, 826, 827, 829, 832, 834, 837, 843, 848, 852, 858, 864, 869, 873, 878, 884, 891, 897, 905, 913, 922, 929, 937, 946, 956, 967, 981, 992, 1002, 1015]
[0, 884, 879, 874, 869, 864, 860, 856, 851, 848, 844, 840, 838, 833, 0, 0, 578, 576, 579, 577, 575, 570, 565, 560, 553, 548, 544, 543, 550, 569, 0, 0, 832, 833, 834, 838, 841, 845, 851, 855, 858, 864, 870, 874, 878, 884, 890, 896, 902, 909, 917, 926, 935, 942, 951, 962, 974, 986, 996, 1007, 1020]
[0, 905, 899, 892, 886, 882, 877, 873, 872, 870, 866, 864, 838, 862, 0, 0, 580, 580, 581, 580, 575, 569, 564, 557, 549, 547, 544, 546, 555, 569, 0, 833, 835, 836, 839, 842, 847, 852, 856, 860, 864, 869, 873, 877, 882, 888, 894, 901, 908, 917, 924, 931, 940, 948, 957, 968, 980, 991, 1003, 1015, 1027]
[0, 908, 901, 896, 891, 885, 880, 877, 873, 869, 867, 866, 862, 860, 0, 0, 585, 579, 580, 581, 578, 573, 568, 562, 557, 552, 550, 549, 554, 569, 0, 0, 860, 862, 863, 866, 870, 872, 875, 879, 883, 888, 892, 898, 904, 909, 915, 924, 932, 939, 946, 953, 962, 971, 983, 994, 1004, 1014, 1024, 1037, 1051]
[0, 905, 898, 892, 886, 882, 877, 873, 872, 870, 866, 864, 862, 860, 0, 0, 580, 580, 581, 580, 575, 569, 568, 564, 556, 551, 548, 549, 558, 571, 0, 858, 861, 863, 865, 867, 870, 873, 876, 880, 885, 889, 893, 898, 904, 911, 917, 925, 933, 941, 948, 956, 966, 978, 987, 997, 1007, 1018, 1030, 1043, 1059]
[0, 926, 919, 913, 907, 901, 896, 894, 891, 870, 887, 883, 882, 880, 0, 0, 0, 584, 583, 584, 581, 574, 570, 565, 557, 552, 550, 554, 567, 0, 0, 0, 860, 862, 863, 866, 870, 872, 875, 878, 883, 888, 892, 898, 904, 910, 916, 924, 932, 939, 946, 953, 962, 971, 983, 994, 1004, 1014, 1024, 1037, 1051]
[0, 931, 924, 917, 911, 907, 901, 896, 892, 888, 885, 883, 881, 879, 0, 0, 0, 583, 584, 584, 580, 575, 569, 565, 560, 555, 551, 551, 560, 0, 0, 0, 879, 881, 884, 886, 890, 894, 897, 902, 907, 912, 918, 924, 930, 936, 942, 948, 955, 962, 972, 982, 991, 1001, 1010, 1020, 1031, 1042, 1054, 1069, 1083]
[0, 952, 946, 940, 934, 929, 924, 919, 915, 911, 908, 905, 902, 900, 0, 0, 0, 586, 586, 585, 580, 575, 569, 563, 559, 555, 551, 554, 565, 580, 0, 878, 879, 883, 885, 888, 890, 894, 897, 903, 908, 912, 917, 924, 931, 938, 942, 948, 956, 964, 974, 986, 995, 1004, 1013, 1023, 1035, 1048, 1060, 1073, 1086]
[0, 952, 946, 940, 935, 930, 926, 921, 915, 912, 909, 907, 903, 900, 0, 0, 0, 588, 587, 585, 581, 576, 569, 565, 560, 554, 554, 562, 565, 580, 0, 900, 903, 883, 908, 911, 915, 919, 924, 903, 929, 934, 939, 950, 931, 957, 964, 971, 979, 995, 974, 1004, 1012, 1021, 1042, 1055, 1067, 1048, 1093, 1073, 1106]
[0, 953, 946, 946, 940, 936, 932, 928, 923, 918, 915, 913, 909, 907, 0, 0, 0, 0, 587, 587, 582, 577, 572, 567, 561, 555, 554, 559, 570, 585, 0, 899, 901, 904, 907, 910, 914, 919, 924, 928, 933, 938, 943, 949, 955, 961, 969, 978, 985, 992, 1002, 1011, 1020, 1029, 1039, 1051, 1062, 1074, 1087, 1101, 1116]
[0, 964, 956, 948, 944, 940, 936, 932, 927, 923, 919, 917, 915, 912, 0, 0, 0, 588, 588, 585, 580, 575, 569, 567, 563, 557, 555, 561, 571, 584, 0, 909, 913, 915, 918, 922, 926, 931, 935, 938, 943, 947, 953, 960, 967, 974, 982, 990, 997, 1004, 1013, 1021, 1031, 1042, 1052, 1063, 1076, 1087, 1102, 1117, 1132]
[0, 1010, 1003, 948, 996, 992, 988, 983, 978, 973, 970, 967, 964, 960, 959, 957, 0, 0, 0, 593, 588, 581, 579, 574, 560, 557, 559, 566, 571, 584, 0, 913, 915, 918, 922, 926, 929, 933, 935, 941, 943, 947, 958, 960, 972, 974, 987, 990, 1000, 1004, 1018, 1021, 1037, 1042, 1057, 1063, 1083, 1087, 1111, 1124, 1139]
[0, 1017, 1010, 1004, 998, 993, 988, 982, 977, 973, 970, 966, 962, 960, 958, 957, 0, 0, 597, 590, 585, 581, 579, 577, 567, 568, 573, 581, 592, 603, 0, 966, 969, 974, 977, 980, 984, 990, 994, 998, 1002, 1008, 1013, 1019, 1027, 1034, 1042, 1051, 1058, 1066, 1076, 1084, 1095, 1107, 1121, 1133, 1146, 1159, 1172, 1185, 1200]
[0, 1018, 1011, 1007, 1002, 996, 989, 984, 980, 974, 971, 968, 964, 961, 959, 958, 0, 0, 0, 592, 589, 582, 580, 570, 567, 571, 576, 586, 597, 603, 0, 964, 966, 969, 979, 983, 986, 990, 995, 1000, 1002, 1005, 1011, 1017, 1024, 1032, 1039, 1047, 1055, 1064, 1072, 1080, 1091, 1103, 1116, 1128, 1142, 1156, 1169, 1181, 1194]
[0, 1032, 1025, 1019, 1014, 1007, 1001, 999, 995, 992, 988, 984, 964, 980, 977, 958, 0, 618, 0, 0, 590, 585, 585, 580, 568, 569, 573, 581, 592, 606, 0, 967, 969, 972, 976, 980, 984, 989, 994, 998, 1003, 1008, 1014, 1020, 1027, 1036, 1042, 1050, 1058, 1067, 1077, 1087, 1097, 1108, 1123, 1137, 1152, 1162, 1173, 1185, 1199]
[0, 1033, 1026, 1020, 1015, 1009, 1003, 999, 997, 994, 989, 986, 986, 983, 980, 958, 0, 0, 0, 0, 592, 587, 586, 581, 572, 573, 577, 585, 595, 605, 0, 986, 988, 990, 994, 997, 1001, 1005, 1009, 1013, 1018, 1026, 1032, 1038, 1044, 1052, 1060, 1067, 1076, 1084, 1093, 1104, 1115, 1127, 1142, 1155, 1167, 1177, 1190, 1204, 1220]
[0, 1059, 1051, 1044, 1038, 1033, 1028, 1023, 1018, 1014, 1011, 1008, 1005, 1002, 1001, 1000, 0, 0, 616, 602, 591, 592, 589, 581, 572, 573, 578, 586, 595, 605, 0, 991, 994, 997, 999, 1002, 1005, 1010, 1015, 1020, 1024, 1028, 1034, 1040, 1048, 1057, 1065, 1073, 1078, 1088, 1100, 1110, 1122, 1135, 1148, 1161, 1173, 1184, 1197, 1210, 1227]
[0, 1058, 1052, 1045, 1038, 1033, 1028, 1023, 1021, 1017, 1013, 1009, 1005, 1007, 1005, 1004, 1003, 0, 616, 0, 596, 590, 586, 584, 572, 585, 593, 601, 613, 0, 1012, 1015, 1016, 1019, 1022, 0, 1030, 1036, 1041, 1045, 1024, 1052, 1063, 1040, 1078, 1057, 1093, 1101, 1078, 1112, 1133, 1147, 1122, 1158, 1170, 1192, 1173, 1222, 1239, 1210, 1270]
[0, 1132, 1125, 1117, 1112, 1105, 1099, 1095, 1092, 1017, 1087, 1084, 1081, 1079, 1077, 1076, 1075, 1073, 1072, 1072, 596, 0, 605, 611, 582, 583, 588, 596, 604, 0, 0, 1017, 1019, 1022, 1025, 1029, 1033, 1037, 1042, 1048, 1055, 1061, 1068, 1074, 1081, 1088, 1097, 1107, 1115, 1124, 1135, 1148, 1162, 1174, 1186, 1198, 1211, 1226, 1241, 1258, 1272]
[0, 1132, 1124, 1118, 1112, 1105, 1100, 1096, 1093, 1088, 1084, 1081, 1081, 1079, 1076, 1076, 1074, 1073, 1072, 1072, 596, 0, 605, 611, 611, 614, 0, 1077, 1078, 1081, 1084, 1085, 1088, 1093, 1097, 1102, 1107, 1111, 1118, 1124, 1133, 1143, 1150, 1159, 1170, 1176, 1177, 1182, 1194, 1205, 1218, 1231, 1244, 1256, 1267, 1281, 1295, 1309, 1329, 1348, 1366]
[0, 1171, 1165, 1156, 1150, 1147, 1141, 1135, 1131, 1125, 1121, 1118, 1113, 1111, 1109, 1107, 1109, 1108, 1110, 1116, 1115, 1107, 605, 611, 611, 614, 0, 1076, 1078, 1081, 1083, 1085, 1088, 1093, 1096, 1101, 1106, 1110, 1117, 1124, 1133, 1143, 1150, 1160, 1169, 1175, 1176, 1185, 1196, 1205, 1219, 1231, 1243, 1256, 1267, 1281, 1295, 1310, 1329, 1347, 1366]
[0, 1171, 1168, 1155, 1150, 1143, 1141, 1136, 1131, 1125, 1121, 1117, 1115, 1113, 1111, 1109, 1107, 1109, 1108, 1109, 1115, 1114, 1102, 1108, 1112, 1114, 0, 1122, 1123, 1128, 1130, 1129, 1133, 1137, 1140, 1144, 1147, 1153, 1163, 1170, 1177, 1184, 1188, 1160, 1196, 1205, 1223, 1231, 1196, 1244, 1268, 1231, 1290, 1256, 1316, 1281, 1353, 1310, 1370, 1403, 1420]
[0, 1175, 1167, 1161, 1155, 1149, 1146, 1138, 1134, 1133, 1128, 1124, 1120, 1118, 1120, 1122, 1119, 1116, 1115, 1116, 1119, 1123, 1109, 1107, 1110, 1112, 1122, 1128, 1126, 1124, 1126, 1129, 1131, 1134, 1136, 1142, 1149, 1153, 1158, 1166, 1172, 1177, 1186, 1196, 1201, 1209, 1217, 1224, 1237, 1248, 1259, 1272, 1282, 1294, 1306, 1321, 1339, 1353, 1370, 1390, 1409]
[0, 1190, 1181, 1174, 1167, 1163, 1158, 1154, 1149, 1142, 1138, 1135, 1130, 1127, 1127, 1128, 1130, 1130, 1130, 1129, 1130, 1129, 1124, 1128, 1128, 1126, 1131, 1135, 1134, 1137, 1139, 1139, 1141, 1144, 1150, 1157, 1162, 1168, 1174, 1179, 1183, 1193, 1202, 1210, 1218, 1226, 1239, 1248, 1259, 1271, 1284, 1295, 1307, 1321, 1337, 1353, 1367, 1376, 1390, 1405, 1420]
[0, 1188, 1181, 1173, 1167, 1163, 1160, 1155, 1150, 1146, 1141, 1137, 1133, 1131, 1132, 1131, 1132, 1136, 1133, 1132, 1135, 1130, 1127, 1131, 1135, 1137, 1141, 1139, 1138, 1139, 1141, 1144, 1146, 1148, 1153, 1159, 1165, 1169, 1175, 1180, 1186, 1194, 1201, 1207, 1214, 1224, 1235, 1246, 1256, 1267, 1278, 1290, 1302, 1315, 1331, 1345, 1360, 1373, 1385, 1398, 1412]
[0, 1250, 1242, 1233, 1224, 1217, 1212, 1207, 1203, 1198, 1194, 1191, 1187, 1183, 1181, 1180, 1180, 1180, 1181, 1180, 1180, 1178, 1129, 1134, 1134, 1134, 1135, 1136, 1139, 1145, 1149, 1150, 1152, 1154, 1159, 1165, 1170, 1175, 1180, 1186, 1193, 1198, 1206, 1218, 1226, 1234, 1242, 1252, 1265, 1277, 1287, 1300, 1314, 1327, 1340, 1351, 1363, 1375, 1389, 1404, 1418]
[0, 1244, 1242, 1233, 1223, 1212, 1212, 1210, 1204, 1197, 1193, 1191, 1186, 1182, 1182, 1182, 1179, 1178, 1179, 1179, 1180, 1179, 1179, 1182, 1182, 1184, 1186, 1187, 1188, 1189, 1190, 1194, 1199, 1202, 1208, 1214, 1214, 1213, 1215, 1220, 1225, 1230, 1236, 1243, 1248, 1252, 1259, 1267, 1274, 1281, 1289, 1300, 1308, 1320, 1335, 1346, 1357, 1369, 1382, 1397, 1412]
[0, 1283, 1274, 1267, 1260, 1253, 1249, 1247, 1242, 1237, 1230, 1225, 1222, 1220, 1217, 1214, 1212, 1212, 1214, 1213, 1208, 1205, 1179, 1179, 1182, 1186, 1185, 1185, 1187, 1187, 1190, 1193, 1197, 1200, 1205, 1209, 1210, 1210, 1214, 1219, 1224, 1229, 1234, 1240, 1246, 1252, 1259, 1266, 1273, 1280, 1289, 1296, 1306, 1319, 1331, 1345, 1356, 1366, 1381, 1397, 1411]
[0, 1279, 1270, 1263, 1258, 1254, 1250, 1245, 1239, 1232, 1228, 1226, 1222, 1218, 1216, 1217, 1212, 1215, 1212, 1211, 1211, 1208, 1201, 1198, 1199, 1199, 1197, 1196, 1196, 1196, 1197, 1198, 1197, 1199, 1202, 1205, 1208, 1211, 1216, 1222, 1225, 1229, 1236, 1241, 1247, 1253, 1258, 1266, 1271, 1279, 1289, 1298, 1312, 1324, 1335, 1348, 1360, 1370, 1383, 1398, 1412]
[0, 1280, 1271, 1263, 1258, 1253, 1251, 1245, 1239, 1238, 1233, 1229, 1226, 1223, 1220, 1218, 1217, 1215, 1213, 1211, 1211, 1208, 1200, 1199, 1201, 1198, 1197, 1197, 1197, 1197, 1198, 1197, 1199, 1201, 1202, 1205, 1209, 1211, 1215, 1218, 1223, 1228, 1233, 1237, 1242, 1248, 1255, 1261, 1270, 1277, 1283, 1291, 1302, 1314, 1326, 1339, 1351, 1363, 1376, 1390, 1404]
[0, 1307, 1300, 1292, 1284, 1276, 1270, 1264, 1260, 1254, 1250, 1245, 1240, 1234, 1227, 1223, 1218, 1214, 1212, 1208, 1205, 1201, 1201, 1199, 1199, 1197, 1197, 1196, 1196, 1197, 1198, 1197, 1197, 1200, 1202, 1205, 1209, 1210, 1214, 1219, 1224, 1229, 1233, 1237, 1244, 1250, 1256, 1263, 1270, 1279, 1285, 1292, 1304, 1316, 1331, 1341, 1353, 1366, 1378, 1392, 1404]
[0, 1310, 1303, 1296, 1287, 1279, 1273, 1268, 1261, 1257, 1252, 1247, 1243, 1236, 1229, 1225, 1221, 1216, 1211, 1208, 1206, 1205, 1199, 1198, 1198, 1196, 1196, 1196, 1196, 1196, 1195, 1196, 1197, 1200, 1202, 1203, 1208, 1212, 1215, 1219, 1220, 1231, 1233, 1236, 1241, 1254, 1256, 1266, 1270, 1274, 1291, 1292, 1302, 1314, 1336, 1341, 1348, 1373, 1378, 1388, 1417]
[0, 1335, 1303, 1322, 1310, 1300, 1294, 1287, 1270, 1260, 1257, 1251, 1244, 1238, 1231, 1228, 1223, 1216, 1213, 1209, 1206, 1203, 1200, 1198, 1198, 1196, 1196, 1196, 1197, 1196, 1197, 1198, 1198, 1200, 1202, 1204, 1207, 1211, 1214, 1219, 1225, 1229, 1236, 1241, 1247, 1253, 1258, 1265, 1273, 1281, 1288, 1298, 1311, 1323, 1334, 1347, 1359, 1370, 1383, 1397, 1411]
[0, 1343, 1328, 1312, 1300, 1291, 1282, 1273, 1263, 1256, 1253, 1246, 1240, 1234, 1227, 1222, 1217, 1215, 1211, 1206, 1203, 1200, 1200, 1197, 1195, 1195, 1194, 1195, 1195, 1194, 1193, 1194, 1198, 1201, 1202, 1202, 1205, 1210, 1214, 1219, 1222, 1225, 1233, 1240, 1245, 1251, 1258, 1266, 1271, 1278, 1286, 1297, 1308, 1318, 1329, 1340, 1355, 1368, 1381, 1396, 1409]
[0, 1338, 1327, 1314, 1301, 1290, 1283, 1276, 1268, 1261, 1255, 1248, 1241, 1236, 1230, 1225, 1220, 1215, 1211, 1206, 1201, 1199, 1198, 1197, 1197, 1194, 1194, 1195, 1196, 1196, 1193, 1196, 1196, 1199, 1202, 1202, 1202, 1206, 1211, 1216, 1221, 1226, 1232, 1237, 1242, 1248, 1255, 1261, 1267, 1274, 1282, 1291, 1302, 1313, 1325, 1338, 1349, 1362, 1377, 1390, 1404]
[0, 1335, 1324, 1312, 1300, 1290, 1280, 1271, 1266, 1259, 1250, 1243, 1239, 1233, 1227, 1222, 1216, 1215, 1210, 1206, 1204, 1201, 1198, 1198, 1196, 1196, 1196, 1195, 1195, 1194, 1195, 1197, 1197, 1198, 1201, 1204, 1207, 1210, 1215, 1220, 1224, 1229, 1233, 1239, 1245, 1252, 1259, 1265, 1273, 1280, 1286, 1298, 1310, 1320, 1332, 1345, 1356, 1368, 1384, 1402, 1415]
[0, 1335, 1321, 1309, 1297, 1286, 1278, 1271, 1265, 1258, 1250, 1244, 1239, 1230, 1227, 1220, 1216, 1215, 1213, 1210, 1206, 1203, 1196, 1198, 1195, 1195, 1194, 1192, 1191, 1191, 1194, 1196, 1196, 1198, 1200, 1201, 1202, 1207, 1212, 1215, 1220, 1224, 1231, 1236, 1242, 1247, 1254, 1260, 1266, 1273, 1282, 1291, 1299, 1310, 1321, 1335, 1349, 1361, 1374, 1387, 1403]
[0, 1340, 1328, 1315, 1302, 1290, 1283, 1277, 1268, 1260, 1253, 1248, 1240, 1233, 1229, 1224, 1220, 1215, 1211, 1205, 1200, 1199, 1200, 1196, 1196, 1196, 1196, 1194, 1191, 1191, 1192, 1194, 1197, 1199, 1200, 1201, 1203, 1207, 1211, 1216, 1220, 1225, 1232, 1236, 1243, 1249, 1252, 1259, 1266, 1273, 1282, 1291, 1301, 1311, 1327, 1340, 1349, 1362, 1374, 1387, 1402]
[0, 1328, 1317, 1305, 1302, 1292, 1277, 1277, 1267, 1261, 1254, 1247, 1243, 1237, 1227, 1223, 1222, 1215, 1210, 1205, 1201, 1198, 1197, 1197, 1195, 1191, 1191, 1191, 1191, 1193, 1194, 1195, 1197, 1197, 1199, 1202, 1203, 1205, 1211, 1215, 1219, 1227, 1232, 1237, 1244, 1249, 1256, 1264, 1270, 1276, 1284, 1294, 1305, 1317, 1329, 1340, 1355, 1368, 1380, 1395, 1408]
[0, 1334, 1320, 1308, 1299, 1289, 1281, 1272, 1263, 1256, 1249, 1243, 1239, 1232, 1226, 1221, 1217, 1211, 1205, 1203, 1201, 1197, 1197, 1196, 1195, 1194, 1192, 1190, 1190, 1191, 1191, 1193, 1194, 1196, 1200, 1201, 1203, 1206, 1211, 1214, 1218, 1223, 1228, 1233, 1237, 1243, 1250, 1257, 1264, 1272, 1281, 1288, 1296, 1307, 1320, 1335, 1348, 1361, 1372, 1385, 1402]
[0, 1332, 1320, 1305, 1294, 1285, 1278, 1270, 1262, 1255, 1249, 1243, 1236, 1229, 1225, 1220, 1216, 1210, 1205, 1206, 1203, 1199, 1197, 1194, 1191, 1191, 1190, 1191, 1192, 1193, 1194, 1195, 1196, 1199, 1201, 1202, 1203, 1207, 1211, 1217, 1223, 1223, 1225, 1231, 1238, 1241, 1247, 1261, 1268, 1272, 1275, 1286, 1308, 1307, 1330, 1335, 1342, 1357, 1380, 1395, 1402]
[0, 1328, 1317, 1305, 1292, 1285, 1283, 1276, 1267, 1258, 1251, 1246, 1242, 1236, 1229, 1221, 1217, 1215, 1208, 1203, 1201, 1200, 1197, 1196, 1194, 1192, 1191, 1191, 1191, 1191, 1191, 1193, 1195, 1197, 1199, 1201, 1202, 1204, 1209, 1213, 1217, 1222, 1228, 1233, 1238, 1246, 1251, 1258, 1265, 1272, 1278, 1285, 1294, 1306, 1320, 1333, 1345, 1357, 1372, 1386, 1398]
[0, 1333, 1319, 1305, 1294, 1284, 1277, 1270, 1262, 1254, 1248, 1242, 1235, 1229, 1224, 1220, 1215, 1210, 1208, 1205, 1203, 1199, 1199, 1196, 1195, 1194, 1194, 1192, 1192, 1192, 1191, 1193, 1194, 1195, 1196, 1198, 1201, 1205, 1209, 1212, 1217, 1221, 1226, 1232, 1237, 1243, 1249, 1256, 1263, 1271, 1280, 1287, 1295, 1312, 1324, 1334, 1345, 1358, 1372, 1385, 1401]
[0, 1333, 1319, 1307, 1298, 1286, 1275, 1269, 1262, 1255, 1248, 1242, 1236, 1230, 1226, 1218, 1213, 1210, 1204, 1202, 1199, 1196, 1197, 1195, 1194, 1192, 1191, 1192, 1191, 1191, 1192, 1193, 1194, 1196, 1198, 1200, 1201, 1203, 1208, 1212, 1216, 1221, 1228, 1232, 1238, 1245, 1249, 1256, 1264, 1271, 1278, 1286, 1295, 1306, 1320, 1330, 1345, 1357, 1367, 1382, 1398]
[0, 1328, 1316, 1305, 1293, 1283, 1276, 1269, 1260, 1253, 1248, 1242, 1242, 1235, 1228, 1223, 1219, 1214, 1209, 1203, 1200, 1199, 1196, 1193, 1191, 1191, 1190, 1191, 1191, 1190, 1189, 1192, 1195, 1197, 1199, 1200, 1201, 1204, 1208, 1211, 1219, 1221, 1223, 1231, 1236, 1240, 1247, 1253, 1260, 1269, 1277, 1283, 1291, 1301, 1315, 1329, 1339, 1354, 1368, 1382, 1397]
[0, 1327, 1313, 1301, 1291, 1283, 1282, 1268, 1260, 1259, 1251, 1245, 1241, 1235, 1228, 1221, 1217, 1211, 1204, 1203, 1201, 1198, 1197, 1195, 1193, 1192, 1191, 1189, 1188, 1190, 1191, 1192, 1194, 1195, 1197, 1199, 1201, 1203, 1207, 1211, 1215, 1220, 1223, 1229, 1235, 1242, 1249, 1253, 1261, 1270, 1277, 1283, 1292, 1302, 1315, 1330, 1341, 1354, 1368, 1383, 1401]
[0, 1338, 1324, 1312, 1301, 1290, 1281, 1273, 1266, 1257, 1250, 1245, 1239, 1232, 1224, 1220, 1218, 1213, 1206, 1201, 1200, 1197, 1197, 1195, 1194, 1191, 1189, 1190, 1191, 1191, 1190, 1191, 1192, 1194, 1195, 1198, 1201, 1204, 1208, 1210, 1212, 1219, 1227, 1232, 1237, 1243, 1250, 1257, 1268, 1280, 1288, 1299, 1313, 1321, 1332, 1347, 1361, 1375, 1390, 1405, 1420]
[0, 1332, 1318, 1304, 1295, 1288, 1279, 1269, 1260, 1254, 1247, 1243, 1238, 1229, 1222, 1216, 1212, 1209, 1206, 1203, 1200, 1199, 1196, 1196, 1194, 1192, 1192, 1191, 1190, 1189, 1188, 1191, 1193, 1194, 1196, 1199, 1201, 1203, 1207, 1210, 1217, 1222, 1224, 1230, 1238, 1245, 1252, 1262, 1270, 1278, 1287, 1299, 1314, 1322, 1335, 1351, 1364, 1379, 1393, 1408, 1426]
[0, 1327, 1313, 1302, 1292, 1283, 1273, 1266, 1260, 1253, 1247, 1239, 1232, 1226, 1221, 1216, 1212, 1209, 1209, 1202, 1199, 1198, 1195, 1191, 1192, 1191, 1191, 1192, 1189, 1190, 1192, 1191, 1194, 1198, 1201, 1204, 1208, 1212, 1217, 1221, 1228, 1236, 1244, 1250, 1254, 1260, 1267, 1274, 1283, 1292, 1300, 1308, 1318, 1330, 1342, 1354, 1368, 1382, 1397, 1413, 1429]
[0, 1327, 1315, 1303, 1294, 1286, 1276, 1267, 1261, 1255, 1247, 1240, 1236, 1230, 1225, 1218, 1209, 1207, 1205, 1202, 1199, 1196, 1196, 1194, 1193, 1191, 1190, 1189, 1188, 1190, 1191, 1191, 1192, 1195, 1197, 1199, 1205, 1211, 1216, 1220, 1224, 1230, 1238, 1244, 1249, 1256, 1262, 1268, 1274, 1283, 1293, 1302, 1311, 1322, 1333, 1345, 1359, 1373, 1385, 1399, 1418]
[0, 1338, 1324, 1312, 1300, 1290, 1281, 1272, 1265, 1256, 1249, 1244, 1239, 1231, 1225, 1219, 1217, 1212, 1206, 1202, 1200, 1197, 1193, 1191, 1190, 1189, 1189, 1189, 1190, 1191, 1192, 1192, 1193, 1198, 1201, 1203, 1207, 1214, 1219, 1222, 1228, 1236, 1244, 1250, 1254, 1260, 1267, 1274, 1282, 1292, 1300, 1308, 1318, 1329, 1340, 1354, 1368, 1381, 1397, 1413, 1428]
[0, 1331, 1318, 1304, 1294, 1287, 1278, 1268, 1260, 1254, 1247, 1243, 1238, 1233, 1230, 1226, 1223, 1221, 1219, 1215, 1213, 1213, 1196, 1195, 1193, 1191, 1187, 1188, 1190, 1189, 1189, 1192, 1193, 1194, 1198, 1201, 1206, 1213, 1216, 1222, 1229, 1233, 1239, 1246, 1251, 1257, 1263, 1269, 1274, 1283, 1293, 1301, 1313, 1324, 1335, 1347, 1361, 1378, 1392, 1404, 1420]
[0, 1328, 1316, 1303, 1293, 1285, 1276, 1267, 1261, 1254, 1246, 1241, 1236, 1230, 1225, 1223, 1223, 1221, 1219, 1215, 1214, 1213, 1212, 1210, 1208, 1207, 1206, 1205, 1205, 1205, 1206, 1206, 1208, 1211, 1212, 1214, 1216, 1220, 1224, 1228, 1232, 1235, 1242, 1249, 1253, 1259, 1266, 1274, 1281, 1288, 1295, 1303, 1316, 1328, 1338, 1350, 1364, 1378, 1392, 1408, 1426]
[0, 1324, 1313, 1302, 1292, 1282, 1273, 1267, 1260, 1253, 1247, 1239, 1233, 1231, 1228, 1223, 1222, 1221, 1216, 1213, 1214, 1214, 1209, 1209, 1208, 1207, 1205, 1204, 1206, 1206, 1208, 1209, 1208, 1210, 1211, 1213, 1216, 1218, 1220, 1226, 1232, 1236, 1240, 1246, 1254, 1260, 1267, 1274, 1282, 1292, 1300, 1308, 1318, 1330, 1341, 1353, 1367, 1381, 1397, 1413, 1429]
[0, 1342, 1328, 1320, 1310, 1302, 1294, 1282, 1274, 1268, 1262, 1256, 1250, 1246, 1240, 1234, 1231, 1221, 1226, 1220, 1214, 1214, 1213, 1209, 1207, 1207, 1205, 1204, 1205, 1203, 1206, 1208, 1208, 1211, 1213, 1215, 1216, 1219, 1224, 1226, 1228, 1232, 1239, 1245, 1249, 1254, 1260, 1268, 1277, 1285, 1292, 1301, 1311, 1321, 1330, 1344, 1359, 1373, 1397, 1413, 1429]
[0, 1342, 1328, 1320, 1310, 1302, 1294, 1282, 1274, 1268, 1262, 1256, 1250, 1246, 1240, 1234, 1231, 1226, 1226, 1220, 1217, 1214, 1211, 1209, 1208, 1206, 1206, 1206, 1206, 1206, 1207, 1207, 1207, 1210, 1211, 1212, 1215, 1215, 1218, 1221, 1226, 1232, 1234, 1241, 1249, 1255, 1261, 1267, 1276, 1284, 1292, 1301, 1310, 1320, 1331, 1341, 1355, 1372, 1384, 1398, 1414]
[0, 1350, 1336, 1326, 1317, 1305, 1295, 1287, 1280, 1272, 1265, 1258, 1252, 1247, 1241, 1237, 1233, 1226, 1219, 1215, 1213, 1213, 1212, 1211, 1208, 1206, 1206, 1206, 1206, 1206, 1206, 1206, 1207, 1210, 1211, 1212, 1215, 1216, 1218, 1221, 1225, 1230, 1234, 1241, 1248, 1255, 1261, 1267, 1275, 1283, 1291, 1300, 1310, 1320, 1331, 1344, 1358, 1371, 1383, 1398, 1414]
[0, 1351, 1336, 1326, 1316, 1305, 1295, 1287, 1279, 1271, 1265, 1259, 1253, 1248, 1242, 1237, 1233, 1229, 1224, 1218, 1216, 1213, 1211, 1210, 1208, 1207, 1205, 1205, 1206, 1206, 1206, 1207, 1208, 1210, 1212, 1213, 1215, 1219, 1223, 1227, 1232, 1235, 1241, 1249, 1254, 1259, 1266, 1273, 1279, 1286, 1295, 1304, 1313, 1325, 1339, 1352, 1366, 1378, 1391, 1407, 1426]
[0, 1344, 1333, 1322, 1311, 1300, 1294, 1286, 1276, 1269, 1262, 1256, 1251, 1245, 1239, 1236, 1233, 1225, 1219, 1216, 1214, 1213, 1210, 1212, 1210, 1205, 1205, 1204, 1203, 1203, 1204, 1206, 1209, 1210, 1210, 1213, 1213, 1214, 1217, 1222, 1229, 1234, 1238, 1245, 1251, 1256, 1263, 1267, 1272, 1281, 1292, 1303, 1313, 1324, 1333, 1346, 1359, 1374, 1391, 1407, 1423]
[0, 1342, 1330, 1322, 1310, 1300, 1292, 1284, 1275, 1267, 1261, 1255, 1250, 1247, 1241, 1235, 1230, 1224, 1219, 1216, 1214, 1211, 1209, 1209, 1209, 1207, 1205, 1204, 1205, 1206, 1207, 1208, 1208, 1209, 1211, 1213, 1216, 1218, 1219, 1225, 1232, 1236, 1240, 1246, 1253, 1259, 1266, 1273, 1279, 1288, 1298, 1306, 1316, 1325, 1338, 1352, 1367, 1379, 1391, 1407, 1425]
[0, 1342, 1329, 1322, 1320, 1310, 1300, 1291, 1283, 1277, 1268, 1260, 1256, 1251, 1245, 1239, 1234, 1231, 1227, 1221, 1215, 1211, 1210, 1210, 1208, 1207, 1205, 1205, 1206, 1206, 1207, 1208, 1208, 1209, 1213, 1214, 1215, 1218, 1222, 1228, 1232, 1238, 1242, 1246, 1253, 1259, 1267, 1274, 1282, 1290, 1299, 1308, 1318, 1329, 1340, 1352, 1368, 1381, 1393, 1409, 1429]
[0, 1345, 1332, 1320, 1310, 1302, 1295, 1285, 1276, 1270, 1262, 1255, 1249, 1243, 1238, 1234, 1232, 1229, 1222, 1216, 1215, 1212, 1210, 1208, 1205, 1205, 1204, 1205, 1203, 1203, 1205, 1207, 1207, 1207, 1215, 1216, 1212, 1216, 1219, 1225, 1231, 1233, 1239, 1245, 1250, 1256, 1260, 1267, 1277, 1287, 1293, 1300, 1312, 1324, 1332, 1344, 1360, 1377, 1391, 1404, 1420]
[0, 1342, 1328, 1319, 1310, 1302, 1293, 1285, 1283, 1273, 1264, 1259, 1254, 1250, 1245, 1239, 1235, 1231, 1226, 1221, 1215, 1212, 1209, 1208, 1207, 1206, 1205, 1204, 1205, 1205, 1206, 1207, 1208, 1209, 1210, 1212, 1215, 1218, 1222, 1227, 1232, 1238, 1242, 1246, 1253, 1256, 1263, 1273, 1281, 1290, 1299, 1307, 1318, 1329, 1339, 1352, 1367, 1381, 1396, 1412, 1428]
[0, 1350, 1336, 1325, 1316, 1305, 1295, 1287, 1280, 1272, 1265, 1258, 1252, 1247, 1242, 1236, 1232, 1230, 1225, 1217, 1214, 1213, 1211, 1208, 1206, 1206, 1206, 1206, 1204, 1203, 1205, 1205, 1206, 1207, 1209, 1214, 1215, 1217, 1220, 1222, 1229, 1234, 1239, 1244, 1250, 1255, 1260, 1267, 1277, 1286, 1294, 1302, 1309, 1320, 1331, 1345, 1361, 1373, 1387, 1403, 1415]
[0, 1342, 1328, 1319, 1309, 1301, 1293, 1285, 1285, 1275, 1260, 1254, 1249, 1245, 1240, 1235, 1232, 1225, 1225, 1221, 1217, 1214, 1211, 1209, 1208, 1207, 1205, 1205, 1205, 1205, 1205, 1206, 1208, 1209, 1210, 1213, 1215, 1217, 1216, 1220, 1225, 1231, 1239, 1244, 1252, 1257, 1264, 1273, 1280, 1287, 1296, 1304, 1314, 1326, 1338, 1350, 1363, 1377, 1391, 1407, 1421]
[0, 1345, 1332, 1321, 1311, 1303, 1294, 1284, 1276, 1269, 1262, 1255, 1249, 1243, 1237, 1235, 1230, 1223, 1219, 1216, 1214, 1213, 1212, 1211, 1208, 1206, 1206, 1205, 1206, 1206, 1206, 1209, 1210, 1208, 1209, 1212, 1222, 1223, 1218, 1223, 1227, 1230, 1235, 1241, 1248, 1254, 1261, 1267, 1275, 1283, 1291, 1300, 1310, 1320, 1330, 1342, 1356, 1370, 1383, 1397, 1413]
[0, 1355, 1341, 1328, 1319, 1309, 1299, 1291, 1283, 1272, 1263, 1256, 1247, 1244, 1241, 1235, 1233, 1227, 1220, 1217, 1215, 1212, 1214, 1212, 1207, 1208, 1208, 1204, 1205, 1205, 1206, 1207, 1207, 1209, 1210, 1212, 1215, 1217, 1221, 1226, 1231, 1235, 1240, 1246, 1253, 1258, 1265, 1273, 1279, 1288, 1298, 1306, 1316, 1326, 1338, 1352, 1366, 1379, 1392, 1409, 1426]
[0, 1350, 1336, 1325, 1315, 1305, 1295, 1287, 1279, 1269, 1262, 1257, 1250, 1245, 1239, 1234, 1232, 1225, 1218, 1215, 1215, 1212, 1210, 1208, 1207, 1206, 1205, 1205, 1203, 1203, 1205, 1205, 1205, 1207, 1207, 1209, 1213, 1217, 1220, 1222, 1229, 1234, 1239, 1246, 1250, 1255, 1260, 1267, 1276, 1286, 1292, 1300, 1310, 1320, 1331, 1344, 1358, 1370, 1387, 1402, 1419]
[0, 1338, 1328, 1318, 1309, 1301, 1292, 1287, 1270, 1269, 1258, 1257, 1251, 1246, 1241, 1236, 1231, 1224, 1219, 1217, 1216, 1213, 1210, 1208, 1206, 1205, 1205, 1203, 1202, 1203, 1204, 1206, 1208, 1208, 1209, 1211, 1212, 1215, 1218, 1223, 1229, 1234, 1238, 1244, 1250, 1256, 1262, 1267, 1275, 1286, 1293, 1301, 1313, 1323, 1333, 1345, 1358, 1372, 1385, 1398, 1415]
