[0, 0, 0, 0, 0, 0, 0, 0, 0, 0, 0, 0, 0, 0, 0, 0, 0, 0, 0, 0, 0, 0, 0, 0, 0, 0, 0, 0, 0, 0, 0, 0, 0, 0, 0, 0, 0, 0, 0, 0, 0, 0, 0, 0, 0, 0, 0, 0, 0, 0, 0, 0, 0, 0, 0, 0, 0, 0, 0, 0, 0]
[0, 550, 547, 543, 538, 533, 531, 528, 525, 522, 519, 517, 514, 512, 510, 509, 501, 493, 490, 488, 485, 484, 484, 482, 482, 482, 482, 482, 483, 483, 484, 485, 487, 489, 491, 495, 501, 506, 508, 509, 511, 514, 516, 518, 521, 524, 527, 531, 535, 539, 542, 546, 551, 556, 560, 565, 571, 578, 584, 590, 598]
[0, 550, 544, 543, 535, 533, 532, 528, 526, 523, 521, 518, 515, 513, 511, 506, 497, 491, 489, 487, 486, 485, 484, 482, 481, 482, 482, 481, 481, 483, 485, 486, 488, 490, 492, 499, 505, 507, 509, 510, 512, 514, 516, 519, 522, 525, 527, 531, 535, 539, 543, 547, 552, 557, 562, 567, 574, 580, 587, 594, 600]
[0, 549, 545, 541, 537, 533, 530, 528, 524, 523, 521, 519, 516, 512, 511, 509, 500, 492, 490, 488, 486, 485, 484, 483, 483, 481, 482, 482, 483, 483, 484, 487, 488, 489, 491, 494, 501, 506, 508, 509, 511, 513, 515, 518, 521, 523, 526, 530, 534, 537, 541, 546, 551, 555, 560, 565, 570, 576, 583, 590, 597]
[0, 547, 545, 544, 539, 535, 532, 528, 526, 524, 521, 518, 515, 513, 511, 505, 496, 491, 489, 487, 486, 485, 483, 483, 482, 482, 482, 482, 482, 483, 485, 486, 488, 489, 493, 499, 506, 506, 507, 508, 512, 514, 515, 520, 521, 523, 526, 529, 533, 537, 541, 544, 550, 555, 559, 564, 570, 576, 582, 589, 595]
[0, 553, 548, 544, 539, 536, 532, 529, 526, 522, 520, 518, 515, 512, 510, 503, 494, 491, 489, 487, 486, 485, 483, 482, 482, 482, 482, 482, 483, 483, 484, 485, 487, 489, 491, 495, 501, 506, 508, 509, 511, 513, 516, 518, 521, 524, 527, 531, 534, 538, 542, 547, 551, 556, 560, 565, 571, 578, 584, 590, 597]
[0, 552, 548, 543, 539, 535, 532, 529, 525, 522, 520, 517, 514, 512, 510, 503, 494, 491, 489, 487, 486, 483, 483, 482, 482, 482, 482, 482, 483, 483, 484, 486, 488, 489, 491, 497, 503, 507, 509, 510, 512, 514, 516, 518, 521, 524, 527, 531, 535, 539, 543, 548, 552, 556, 561, 566, 572, 579, 586, 593, 599]
[0, 552, 548, 544, 539, 535, 533, 530, 526, 523, 521, 518, 515, 513, 511, 505, 496, 491, 489, 487, 486, 485, 483, 482, 482, 482, 482, 482, 483, 483, 484, 486, 488, 489, 491, 497, 503, 507, 509, 510, 511, 514, 516, 518, 521, 524, 527, 531, 534, 539, 543, 547, 551, 556, 560, 565, 571, 579, 585, 592, 599]
[0, 548, 544, 544, 539, 535, 533, 530, 526, 523, 520, 518, 515, 512, 510, 505, 495, 491, 489, 487, 486, 485, 483, 482, 482, 482, 482, 483, 483, 483, 484, 485, 487, 489, 491, 495, 501, 506, 508, 510, 511, 514, 516, 518, 521, 524, 527, 530, 534, 537, 541, 546, 551, 555, 560, 565, 570, 577, 583, 590, 597]
[0, 554, 544, 546, 539, 543, 539, 536, 533, 530, 528, 525, 523, 521, 519, 510, 501, 499, 497, 496, 494, 491, 490, 483, 482, 482, 482, 482, 483, 483, 484, 485, 487, 489, 491, 495, 501, 506, 508, 510, 511, 514, 516, 518, 521, 524, 527, 530, 534, 538, 542, 546, 551, 555, 560, 565, 571, 577, 583, 590, 598]
[0, 557, 552, 548, 544, 541, 538, 535, 532, 529, 528, 523, 522, 521, 519, 511, 502, 500, 498, 496, 494, 492, 491, 489, 488, 488, 488, 482, 489, 492, 494, 485, 497, 489, 500, 502, 508, 515, 517, 519, 521, 523, 526, 528, 531, 534, 538, 542, 545, 549, 553, 557, 562, 567, 573, 579, 585, 591, 597, 604, 611]
[0, 559, 554, 550, 546, 543, 539, 536, 533, 530, 527, 525, 523, 521, 517, 508, 500, 500, 497, 496, 493, 492, 492, 490, 488, 488, 488, 489, 490, 491, 493, 494, 496, 499, 500, 506, 513, 516, 518, 520, 522, 524, 527, 528, 529, 535, 539, 542, 547, 550, 553, 560, 562, 569, 573, 575, 581, 588, 594, 601, 608]
[0, 558, 554, 550, 550, 546, 543, 539, 536, 533, 531, 528, 526, 523, 519, 511, 502, 500, 499, 498, 497, 495, 493, 490, 488, 488, 488, 489, 489, 490, 492, 494, 496, 498, 499, 503, 511, 516, 517, 519, 521, 523, 526, 529, 531, 534, 538, 541, 545, 550, 554, 558, 562, 567, 573, 579, 585, 591, 598, 605, 612]
[0, 559, 555, 551, 547, 543, 539, 537, 533, 531, 529, 527, 525, 523, 519, 505, 502, 502, 500, 499, 497, 495, 493, 492, 491, 491, 491, 492, 489, 492, 492, 495, 496, 498, 501, 504, 511, 517, 519, 521, 522, 525, 528, 531, 533, 536, 539, 543, 548, 552, 556, 559, 563, 569, 574, 581, 587, 592, 599, 606, 613]
[0, 560, 555, 551, 548, 543, 539, 536, 535, 532, 529, 529, 526, 525, 523, 514, 505, 503, 500, 499, 497, 495, 493, 493, 491, 491, 491, 492, 491, 491, 494, 496, 497, 500, 503, 508, 515, 519, 520, 521, 523, 526, 530, 532, 536, 539, 542, 545, 549, 555, 559, 562, 567, 573, 578, 583, 590, 596, 603, 610, 616]
[0, 560, 556, 551, 547, 544, 541, 538, 536, 533, 530, 527, 525, 523, 514, 514, 505, 503, 501, 499, 498, 496, 494, 493, 491, 491, 491, 492, 492, 493, 495, 496, 497, 500, 503, 508, 516, 520, 521, 523, 525, 527, 530, 533, 536, 539, 543, 545, 550, 555, 559, 563, 567, 573, 579, 585, 590, 597, 604, 611, 619]
[0, 560, 553, 551, 550, 546, 543, 540, 537, 534, 530, 528, 526, 524, 520, 512, 504, 501, 499, 498, 497, 495, 494, 493, 492, 492, 492, 492, 492, 492, 494, 497, 497, 499, 503, 507, 514, 520, 522, 523, 525, 528, 530, 533, 536, 539, 542, 547, 551, 555, 559, 562, 567, 573, 579, 585, 590, 597, 603, 610, 618]
[0, 563, 560, 556, 553, 549, 546, 542, 539, 537, 534, 531, 529, 526, 519, 511, 507, 504, 503, 498, 499, 498, 494, 497, 491, 491, 492, 492, 492, 493, 495, 497, 496, 501, 503, 504, 511, 519, 520, 522, 524, 526, 529, 531, 534, 537, 540, 544, 548, 552, 556, 560, 564, 570, 577, 582, 588, 593, 601, 608, 614]
[0, 563, 560, 556, 552, 549, 545, 542, 539, 536, 534, 531, 529, 526, 518, 509, 506, 504, 503, 502, 501, 497, 496, 496, 491, 495, 492, 494, 494, 495, 494, 495, 497, 498, 500, 506, 516, 522, 524, 526, 528, 531, 533, 537, 539, 542, 545, 549, 553, 557, 561, 565, 570, 575, 581, 587, 593, 600, 607, 612, 620]
[0, 566, 562, 558, 554, 550, 547, 544, 541, 538, 535, 533, 531, 530, 0, 509, 511, 509, 506, 504, 503, 501, 500, 498, 495, 495, 492, 493, 494, 495, 494, 495, 497, 498, 501, 507, 516, 522, 524, 526, 528, 531, 533, 536, 539, 542, 545, 549, 553, 557, 561, 565, 570, 575, 581, 587, 593, 600, 607, 613, 620]
[0, 566, 558, 558, 551, 550, 549, 546, 542, 539, 537, 535, 532, 530, 524, 516, 510, 508, 505, 503, 501, 500, 499, 498, 497, 497, 495, 495, 495, 493, 494, 496, 498, 500, 503, 509, 519, 525, 528, 530, 532, 534, 537, 540, 543, 546, 549, 553, 558, 561, 565, 570, 575, 581, 586, 592, 598, 604, 611, 618, 626]
[0, 568, 564, 560, 556, 553, 549, 546, 544, 540, 538, 536, 534, 531, 524, 523, 514, 512, 509, 507, 505, 502, 500, 499, 497, 497, 497, 496, 495, 494, 494, 497, 498, 500, 502, 506, 524, 525, 527, 529, 531, 533, 536, 538, 542, 545, 548, 551, 555, 560, 564, 568, 573, 579, 584, 590, 596, 603, 609, 615, 623]
[0, 575, 570, 567, 563, 553, 559, 556, 553, 550, 548, 545, 543, 540, 535, 527, 522, 519, 516, 514, 512, 509, 508, 499, 499, 498, 498, 498, 494, 493, 494, 496, 498, 501, 505, 510, 520, 530, 532, 533, 535, 538, 540, 543, 546, 550, 554, 557, 559, 563, 569, 573, 579, 584, 590, 597, 602, 609, 616, 624, 631]
[0, 575, 570, 566, 563, 563, 559, 556, 553, 550, 547, 545, 543, 540, 534, 526, 522, 519, 516, 514, 511, 509, 507, 507, 507, 504, 498, 495, 494, 494, 494, 498, 498, 501, 508, 514, 521, 530, 540, 542, 544, 538, 549, 552, 555, 550, 559, 563, 566, 570, 581, 573, 591, 584, 596, 608, 614, 609, 627, 624, 644]
[0, 578, 573, 569, 565, 561, 559, 556, 553, 550, 547, 545, 542, 540, 532, 524, 521, 518, 516, 513, 512, 510, 508, 506, 507, 503, 498, 495, 494, 494, 496, 498, 498, 501, 508, 514, 521, 533, 540, 542, 542, 546, 549, 552, 555, 555, 563, 563, 566, 575, 581, 580, 585, 591, 596, 601, 608, 614, 620, 627, 636]
[0, 578, 582, 578, 574, 570, 566, 563, 561, 558, 556, 554, 552, 549, 541, 533, 530, 527, 524, 522, 519, 517, 508, 513, 506, 503, 498, 495, 494, 493, 494, 495, 498, 501, 508, 514, 516, 534, 540, 541, 543, 545, 547, 550, 553, 557, 560, 565, 568, 571, 575, 581, 587, 592, 597, 603, 609, 615, 622, 629, 637]
[0, 591, 587, 582, 578, 575, 572, 568, 564, 562, 559, 557, 555, 555, 546, 537, 530, 531, 528, 525, 519, 523, 521, 517, 506, 503, 501, 497, 493, 493, 494, 497, 500, 502, 506, 509, 515, 523, 535, 547, 552, 554, 557, 560, 563, 566, 570, 574, 579, 583, 588, 592, 597, 602, 608, 615, 621, 628, 635, 643, 649]
[0, 592, 588, 584, 579, 575, 571, 568, 565, 562, 560, 558, 556, 554, 547, 539, 535, 532, 529, 527, 524, 522, 521, 517, 512, 505, 499, 495, 493, 492, 493, 498, 501, 504, 509, 513, 516, 525, 539, 552, 557, 559, 562, 565, 568, 573, 577, 581, 584, 588, 593, 598, 603, 608, 613, 620, 627, 634, 642, 650, 657]
[0, 597, 592, 585, 579, 580, 576, 573, 569, 567, 564, 562, 560, 558, 556, 547, 539, 537, 533, 530, 528, 525, 526, 515, 506, 505, 501, 495, 493, 492, 492, 496, 499, 502, 503, 507, 513, 532, 547, 552, 556, 560, 563, 565, 569, 573, 574, 579, 583, 586, 590, 600, 603, 611, 613, 617, 623, 638, 642, 645, 652]
[0, 594, 589, 585, 581, 580, 577, 573, 567, 567, 564, 562, 560, 559, 556, 549, 540, 537, 534, 531, 528, 526, 526, 0, 506, 501, 501, 498, 495, 493, 492, 495, 499, 506, 510, 507, 513, 519, 547, 0, 562, 565, 567, 570, 575, 579, 582, 586, 590, 595, 600, 604, 610, 615, 622, 628, 635, 642, 649, 657, 665]
[0, 613, 609, 605, 601, 597, 594, 591, 588, 585, 582, 580, 578, 576, 573, 566, 559, 555, 551, 549, 546, 539, 527, 0, 507, 501, 501, 495, 493, 492, 495, 495, 499, 502, 510, 513, 519, 519, 547, 0, 562, 564, 567, 570, 575, 579, 582, 586, 590, 595, 600, 604, 609, 615, 621, 628, 634, 642, 649, 657, 665]
[0, 615, 610, 606, 602, 598, 595, 592, 589, 586, 583, 580, 579, 576, 574, 566, 558, 554, 551, 548, 545, 538, 527, 524, 507, 505, 500, 496, 493, 492, 491, 493, 498, 503, 506, 510, 516, 520, 547, 0, 0, 586, 567, 588, 591, 595, 602, 586, 607, 611, 615, 626, 609, 633, 639, 645, 651, 659, 674, 681, 690]
[0, 620, 616, 612, 608, 604, 599, 597, 594, 591, 588, 586, 584, 583, 580, 575, 567, 561, 558, 554, 549, 538, 538, 524, 512, 504, 499, 495, 493, 491, 491, 494, 499, 505, 509, 512, 517, 520, 547, 0, 0, 0, 587, 589, 592, 596, 599, 603, 607, 612, 616, 621, 627, 634, 640, 647, 652, 659, 667, 674, 682]
[0, 619, 615, 611, 607, 603, 599, 596, 593, 590, 587, 585, 583, 582, 579, 571, 563, 561, 561, 557, 553, 551, 0, 520, 512, 504, 499, 495, 493, 491, 491, 494, 499, 505, 511, 514, 517, 520, 547, 0, 0, 0, 592, 595, 598, 601, 605, 609, 613, 618, 624, 629, 634, 641, 648, 654, 659, 667, 674, 682, 691]
[0, 629, 624, 619, 615, 611, 608, 604, 601, 598, 596, 593, 591, 589, 588, 585, 577, 568, 566, 562, 560, 551, 0, 523, 509, 502, 497, 494, 493, 491, 491, 495, 500, 505, 510, 515, 518, 520, 547, 0, 0, 590, 593, 596, 599, 603, 606, 610, 615, 619, 625, 631, 637, 643, 649, 655, 662, 669, 676, 683, 693]
[0, 630, 625, 620, 616, 613, 609, 604, 606, 603, 597, 593, 595, 593, 591, 590, 588, 579, 570, 567, 564, 0, 0, 523, 512, 504, 499, 495, 493, 491, 490, 494, 499, 505, 510, 513, 516, 520, 547, 0, 0, 0, 600, 604, 607, 611, 614, 618, 623, 629, 634, 641, 647, 652, 658, 665, 672, 679, 687, 696, 703]
[0, 637, 632, 627, 622, 618, 614, 610, 608, 603, 606, 603, 600, 598, 596, 594, 593, 586, 578, 575, 570, 0, 0, 516, 507, 501, 497, 495, 492, 490, 490, 495, 500, 505, 505, 513, 516, 517, 547, 0, 0, 602, 605, 607, 610, 614, 619, 623, 628, 633, 639, 646, 652, 656, 662, 670, 677, 684, 692, 701, 709]
[0, 637, 632, 627, 623, 619, 615, 612, 608, 606, 604, 601, 599, 597, 595, 593, 593, 587, 579, 575, 571, 0, 0, 519, 507, 500, 495, 493, 492, 490, 490, 495, 500, 505, 509, 513, 517, 517, 547, 0, 0, 607, 610, 613, 616, 620, 624, 630, 635, 640, 646, 650, 656, 662, 669, 676, 681, 690, 699, 706, 714]
[0, 655, 650, 645, 641, 636, 631, 629, 626, 622, 620, 617, 615, 613, 611, 609, 607, 606, 599, 591, 571, 0, 0, 519, 509, 501, 495, 492, 491, 490, 490, 494, 498, 503, 509, 514, 515, 520, 547, 0, 0, 0, 609, 612, 615, 619, 623, 628, 634, 639, 645, 650, 655, 661, 667, 674, 682, 689, 697, 705, 713]
[0, 654, 649, 645, 640, 635, 632, 628, 625, 622, 619, 616, 614, 613, 610, 609, 607, 608, 605, 598, 590, 0, 0, 519, 508, 502, 497, 493, 490, 490, 491, 492, 495, 500, 506, 512, 515, 520, 547, 0, 0, 0, 625, 629, 633, 637, 642, 646, 650, 656, 661, 666, 671, 678, 685, 693, 700, 707, 715, 723, 732]
[0, 654, 648, 644, 640, 635, 631, 628, 624, 621, 619, 617, 614, 612, 610, 611, 609, 607, 605, 598, 589, 0, 0, 517, 507, 501, 495, 491, 489, 489, 491, 492, 495, 501, 508, 513, 515, 520, 547, 0, 0, 0, 626, 629, 633, 638, 643, 648, 653, 658, 663, 668, 674, 681, 688, 695, 702, 709, 716, 725, 734]
[0, 654, 649, 645, 640, 635, 632, 628, 625, 622, 619, 616, 614, 613, 610, 609, 608, 607, 606, 598, 590, 0, 0, 517, 506, 501, 500, 493, 489, 488, 488, 489, 492, 501, 508, 512, 515, 520, 0, 0, 0, 0, 626, 630, 634, 639, 643, 648, 653, 658, 664, 669, 675, 682, 688, 695, 703, 711, 717, 726, 736]
[0, 664, 659, 654, 650, 646, 643, 640, 636, 634, 631, 628, 625, 613, 623, 621, 617, 607, 616, 615, 608, 0, 0, 517, 507, 501, 495, 491, 489, 488, 489, 492, 492, 501, 508, 513, 515, 520, 0, 0, 0, 0, 626, 629, 633, 638, 642, 648, 653, 658, 663, 668, 674, 681, 688, 695, 702, 709, 716, 725, 734]
[0, 665, 661, 655, 650, 646, 643, 640, 640, 637, 631, 628, 625, 626, 623, 621, 620, 618, 617, 615, 608, 0, 0, 517, 507, 501, 496, 494, 493, 492, 491, 492, 496, 500, 508, 508, 512, 520, 0, 0, 0, 0, 639, 643, 646, 650, 654, 659, 665, 671, 676, 681, 687, 694, 702, 709, 715, 723, 731, 740, 750]
[0, 685, 679, 675, 671, 666, 662, 659, 657, 637, 653, 648, 625, 646, 643, 641, 639, 636, 634, 634, 633, 0, 0, 514, 506, 500, 496, 495, 494, 492, 492, 490, 496, 500, 500, 512, 512, 520, 0, 0, 0, 0, 640, 643, 647, 651, 655, 660, 666, 671, 676, 682, 688, 695, 702, 709, 716, 724, 732, 741, 752]
[0, 684, 678, 674, 670, 666, 662, 659, 659, 656, 652, 650, 648, 646, 643, 640, 638, 636, 635, 633, 632, 0, 0, 0, 506, 506, 496, 495, 495, 492, 490, 490, 492, 494, 498, 505, 512, 520, 553, 0, 0, 0, 659, 663, 667, 672, 675, 680, 687, 693, 699, 705, 711, 717, 724, 731, 739, 748, 757, 766, 776]
[0, 689, 683, 679, 676, 671, 667, 664, 661, 658, 655, 652, 648, 650, 648, 646, 644, 642, 641, 640, 639, 0, 0, 514, 506, 506, 499, 497, 495, 487, 487, 491, 492, 494, 498, 505, 512, 520, 554, 0, 0, 0, 659, 663, 667, 673, 677, 681, 687, 693, 700, 706, 712, 717, 725, 732, 741, 749, 758, 766, 776]
[0, 692, 685, 680, 676, 673, 669, 665, 663, 660, 655, 653, 650, 649, 647, 645, 643, 641, 640, 639, 639, 0, 0, 0, 506, 501, 499, 496, 492, 491, 491, 491, 492, 494, 498, 505, 512, 520, 557, 0, 0, 0, 664, 669, 673, 677, 683, 688, 692, 699, 706, 711, 717, 723, 730, 738, 747, 756, 764, 773, 782]
[0, 707, 700, 695, 690, 685, 682, 679, 676, 672, 670, 667, 664, 662, 660, 657, 655, 655, 654, 652, 639, 0, 0, 0, 510, 503, 499, 493, 491, 494, 495, 492, 493, 495, 500, 509, 512, 520, 0, 565, 0, 659, 663, 667, 671, 676, 680, 684, 690, 696, 703, 709, 714, 720, 728, 735, 741, 751, 761, 770, 778]
[0, 704, 700, 695, 690, 685, 681, 678, 675, 672, 669, 667, 664, 662, 660, 658, 655, 655, 655, 654, 653, 0, 0, 522, 510, 503, 499, 495, 493, 494, 496, 492, 493, 496, 500, 502, 512, 0, 557, 565, 0, 0, 677, 682, 686, 691, 697, 702, 708, 712, 718, 723, 730, 737, 745, 753, 761, 770, 778, 787, 798]
[0, 715, 710, 704, 700, 696, 691, 686, 682, 679, 677, 674, 672, 670, 667, 665, 663, 662, 661, 660, 653, 0, 0, 524, 507, 502, 498, 495, 492, 494, 496, 496, 493, 494, 502, 502, 512, 0, 558, 565, 0, 0, 677, 681, 686, 691, 697, 702, 708, 713, 718, 723, 730, 738, 745, 754, 762, 770, 779, 788, 798]
[0, 711, 710, 705, 700, 695, 692, 688, 684, 681, 678, 675, 672, 670, 668, 665, 663, 662, 661, 661, 0, 0, 542, 527, 510, 503, 498, 495, 493, 492, 492, 492, 493, 495, 499, 502, 512, 0, 558, 565, 0, 682, 685, 689, 695, 699, 703, 708, 714, 720, 726, 732, 739, 746, 752, 760, 769, 778, 787, 796, 806]
[0, 732, 726, 721, 717, 713, 710, 706, 703, 700, 696, 694, 691, 670, 688, 685, 683, 682, 680, 679, 679, 0, 0, 527, 514, 504, 499, 495, 493, 487, 489, 494, 493, 495, 499, 507, 512, 0, 0, 0, 681, 685, 689, 693, 699, 699, 708, 713, 717, 720, 730, 732, 745, 746, 758, 760, 775, 784, 794, 796, 813]
[0, 730, 724, 721, 718, 714, 712, 708, 704, 701, 698, 696, 692, 689, 688, 686, 683, 681, 680, 679, 679, 0, 0, 527, 507, 504, 502, 498, 495, 494, 493, 492, 493, 495, 499, 505, 512, 0, 567, 0, 699, 705, 708, 712, 716, 721, 727, 732, 738, 745, 751, 758, 765, 772, 780, 789, 797, 806, 815, 824, 833]
[0, 732, 725, 720, 716, 713, 708, 705, 703, 699, 697, 696, 694, 691, 688, 686, 684, 681, 680, 680, 678, 0, 0, 533, 514, 504, 499, 496, 494, 489, 491, 495, 494, 496, 498, 505, 512, 0, 560, 0, 702, 706, 710, 713, 717, 723, 728, 734, 740, 746, 753, 760, 767, 775, 783, 791, 800, 809, 818, 828, 836]
[0, 732, 726, 721, 716, 712, 708, 705, 703, 700, 697, 697, 694, 691, 688, 685, 683, 681, 680, 679, 679, 0, 0, 518, 514, 506, 499, 497, 494, 493, 494, 494, 494, 495, 498, 505, 512, 0, 567, 0, 700, 705, 709, 713, 716, 721, 727, 733, 738, 745, 751, 758, 765, 772, 780, 789, 797, 806, 815, 824, 833]
[0, 753, 748, 721, 742, 736, 733, 730, 726, 722, 719, 717, 714, 712, 710, 708, 707, 705, 703, 702, 701, 0, 0, 527, 518, 507, 502, 498, 494, 494, 493, 493, 494, 495, 498, 504, 512, 0, 567, 0, 700, 705, 709, 712, 716, 721, 727, 733, 738, 745, 752, 758, 765, 772, 781, 790, 797, 806, 816, 825, 833]
[0, 757, 751, 746, 740, 736, 732, 728, 724, 721, 718, 715, 713, 711, 709, 708, 706, 704, 702, 701, 701, 0, 0, 527, 515, 505, 500, 498, 496, 499, 500, 496, 496, 498, 501, 504, 512, 0, 566, 0, 0, 731, 734, 739, 744, 749, 755, 761, 766, 772, 779, 786, 794, 803, 810, 818, 827, 835, 845, 857, 867]
[0, 772, 767, 763, 757, 753, 750, 745, 741, 738, 735, 732, 730, 727, 725, 708, 722, 720, 702, 719, 717, 0, 0, 522, 512, 505, 500, 496, 495, 494, 494, 496, 496, 497, 497, 502, 512, 0, 571, 0, 0, 0, 731, 735, 740, 745, 751, 757, 763, 768, 775, 782, 790, 798, 806, 814, 823, 832, 839, 851, 862]
[0, 772, 767, 763, 757, 753, 750, 745, 741, 737, 734, 732, 730, 729, 726, 725, 722, 719, 702, 718, 717, 0, 0, 521, 512, 505, 500, 503, 499, 497, 498, 498, 498, 499, 501, 502, 0, 568, 580, 0, 743, 748, 751, 757, 761, 765, 771, 778, 784, 790, 797, 804, 811, 819, 827, 834, 842, 851, 862, 873, 882]
[0, 772, 773, 768, 757, 764, 759, 755, 750, 747, 743, 740, 738, 736, 734, 731, 728, 727, 725, 724, 723, 0, 0, 531, 511, 505, 505, 503, 499, 499, 500, 498, 498, 498, 501, 502, 0, 568, 0, 0, 744, 749, 753, 758, 761, 765, 771, 778, 784, 790, 797, 804, 811, 819, 828, 836, 846, 854, 863, 873, 882]
[0, 791, 786, 779, 774, 771, 766, 762, 758, 754, 751, 749, 746, 742, 741, 739, 737, 736, 734, 733, 723, 0, 0, 531, 517, 506, 501, 498, 494, 493, 497, 499, 498, 499, 502, 502, 0, 0, 572, 0, 0, 758, 761, 766, 770, 775, 781, 787, 794, 801, 808, 815, 824, 830, 837, 847, 859, 868, 875, 885, 894]
[0, 796, 786, 789, 779, 771, 773, 769, 767, 764, 760, 757, 754, 751, 748, 746, 745, 743, 742, 741, 739, 0, 0, 531, 513, 506, 506, 499, 499, 499, 497, 499, 500, 500, 501, 502, 0, 0, 572, 0, 762, 765, 769, 774, 779, 784, 790, 797, 804, 809, 816, 824, 831, 838, 846, 856, 866, 874, 883, 892, 902]
[0, 796, 794, 788, 782, 777, 773, 769, 767, 763, 760, 757, 754, 751, 749, 747, 745, 744, 742, 740, 739, 0, 0, 0, 518, 508, 502, 500, 501, 502, 500, 500, 500, 501, 505, 502, 0, 0, 578, 0, 0, 775, 780, 784, 789, 795, 801, 808, 814, 820, 827, 833, 839, 849, 859, 868, 875, 884, 894, 903, 916]
[0, 821, 815, 810, 805, 800, 796, 769, 792, 789, 786, 783, 779, 777, 774, 771, 770, 769, 767, 766, 766, 0, 0, 0, 518, 508, 502, 500, 501, 502, 500, 500, 500, 501, 505, 502, 0, 0, 578, 0, 769, 775, 780, 784, 789, 795, 801, 808, 814, 820, 827, 833, 839, 849, 859, 868, 875, 884, 894, 903, 916]
[0, 824, 818, 812, 809, 804, 799, 794, 790, 786, 784, 781, 779, 776, 773, 771, 769, 768, 767, 766, 766, 0, 0, 0, 521, 514, 507, 503, 500, 501, 502, 502, 503, 504, 508, 0, 582, 588, 591, 0, 797, 802, 808, 813, 818, 823, 828, 833, 839, 846, 855, 861, 868, 876, 885, 893, 903, 914, 924, 935, 945]
[0, 834, 828, 823, 818, 813, 808, 804, 801, 798, 795, 791, 788, 786, 784, 783, 780, 778, 776, 776, 766, 0, 0, 528, 521, 508, 507, 505, 502, 502, 502, 503, 503, 504, 506, 0, 0, 589, 591, 0, 796, 801, 806, 811, 816, 820, 826, 832, 837, 845, 853, 859, 866, 873, 881, 890, 899, 910, 921, 931, 940]
[0, 832, 828, 822, 816, 812, 809, 804, 801, 797, 794, 792, 789, 785, 784, 783, 780, 779, 778, 776, 766, 0, 0, 534, 0, 508, 504, 502, 502, 503, 504, 504, 505, 508, 517, 0, 590, 594, 591, 806, 796, 811, 820, 811, 826, 830, 835, 842, 848, 855, 863, 869, 876, 884, 892, 900, 910, 921, 930, 940, 952]
[0, 842, 836, 831, 827, 823, 819, 813, 810, 808, 804, 801, 799, 796, 794, 792, 790, 779, 788, 787, 766, 0, 0, 529, 0, 508, 504, 505, 501, 502, 504, 503, 503, 504, 506, 0, 0, 594, 591, 0, 807, 812, 817, 822, 827, 831, 835, 841, 849, 857, 864, 870, 876, 884, 892, 901, 913, 924, 932, 942, 953]
[0, 842, 839, 834, 829, 825, 821, 816, 812, 809, 806, 803, 800, 799, 796, 793, 791, 790, 789, 787, 786, 0, 0, 0, 520, 508, 511, 505, 505, 504, 504, 505, 506, 507, 0, 586, 595, 601, 591, 0, 819, 823, 829, 833, 837, 844, 850, 855, 862, 869, 875, 881, 888, 896, 906, 917, 928, 936, 946, 956, 968]
[0, 873, 868, 863, 857, 852, 847, 843, 839, 836, 833, 831, 829, 826, 824, 793, 822, 790, 820, 819, 786, 0, 0, 0, 524, 515, 508, 503, 503, 504, 504, 506, 506, 508, 515, 0, 593, 597, 0, 816, 820, 825, 830, 834, 840, 847, 854, 860, 867, 872, 878, 885, 892, 902, 912, 920, 931, 940, 949, 962, 977]
[0, 876, 870, 865, 860, 855, 850, 846, 841, 838, 834, 832, 830, 828, 826, 824, 823, 821, 819, 819, 818, 0, 0, 0, 533, 521, 511, 507, 508, 507, 509, 512, 512, 512, 517, 596, 603, 597, 0, 848, 852, 857, 862, 868, 872, 878, 884, 890, 895, 903, 911, 920, 929, 937, 946, 954, 965, 977, 989, 1000, 1012]
[0, 894, 888, 881, 876, 873, 869, 866, 862, 859, 855, 851, 848, 847, 845, 842, 823, 839, 819, 838, 837, 0, 0, 0, 525, 514, 510, 509, 509, 507, 509, 511, 513, 515, 0, 0, 601, 614, 844, 848, 850, 859, 865, 868, 870, 875, 881, 887, 893, 900, 908, 916, 924, 932, 941, 950, 961, 973, 985, 996, 1007]
[0, 908, 901, 896, 891, 885, 880, 876, 872, 869, 867, 865, 862, 860, 858, 855, 852, 851, 850, 850, 850, 0, 0, 0, 0, 521, 515, 512, 512, 513, 513, 515, 516, 518, 0, 0, 608, 614, 0, 869, 873, 877, 881, 887, 893, 897, 904, 911, 919, 926, 934, 943, 950, 960, 972, 982, 993, 1003, 1014, 1026, 1039]
[0, 908, 902, 896, 889, 884, 880, 876, 873, 870, 868, 865, 862, 859, 857, 854, 852, 851, 850, 850, 850, 0, 0, 0, 0, 522, 515, 514, 514, 515, 516, 518, 520, 518, 0, 0, 605, 0, 877, 881, 886, 891, 881, 900, 893, 908, 914, 921, 929, 936, 943, 950, 959, 970, 982, 991, 1001, 1011, 1022, 1033, 1048]
[0, 908, 902, 895, 889, 884, 880, 875, 872, 870, 867, 865, 862, 859, 857, 856, 853, 851, 851, 852, 851, 0, 0, 0, 533, 521, 515, 514, 514, 515, 516, 518, 520, 518, 0, 595, 606, 0, 879, 881, 882, 890, 881, 900, 893, 908, 914, 920, 929, 936, 943, 950, 959, 970, 981, 991, 1001, 1011, 1022, 1034, 1048]
[0, 908, 923, 917, 911, 905, 899, 895, 891, 887, 885, 882, 881, 879, 876, 874, 872, 871, 871, 870, 870, 0, 0, 0, 533, 521, 515, 513, 514, 515, 516, 518, 520, 518, 0, 0, 606, 0, 879, 878, 882, 886, 890, 896, 901, 908, 914, 921, 929, 937, 943, 950, 959, 970, 981, 991, 1001, 1011, 1022, 1034, 1048]
[0, 929, 922, 916, 910, 904, 899, 895, 892, 888, 885, 882, 880, 879, 878, 876, 874, 873, 872, 872, 872, 872, 0, 0, 0, 528, 520, 517, 518, 520, 521, 523, 526, 518, 0, 0, 608, 0, 897, 902, 907, 911, 916, 923, 930, 936, 942, 949, 957, 964, 973, 984, 993, 1003, 1013, 1024, 1035, 1046, 1059, 1073, 1087]
[0, 943, 938, 932, 925, 920, 915, 909, 905, 901, 896, 894, 893, 890, 888, 885, 883, 883, 883, 882, 881, 872, 0, 0, 0, 0, 524, 520, 519, 520, 521, 523, 525, 518, 0, 0, 0, 0, 900, 905, 910, 916, 921, 927, 934, 940, 946, 952, 961, 970, 979, 988, 997, 1006, 1017, 1029, 1040, 1052, 1066, 1079, 1094]
[0, 952, 946, 940, 935, 930, 926, 921, 915, 912, 910, 907, 904, 901, 897, 895, 897, 896, 894, 894, 893, 872, 0, 0, 553, 0, 525, 523, 0, 522, 523, 526, 529, 518, 0, 0, 609, 0, 911, 916, 920, 926, 931, 937, 943, 949, 955, 962, 971, 979, 989, 998, 1006, 1016, 1027, 1037, 1048, 1062, 1075, 1088, 1104]
[0, 953, 947, 940, 934, 929, 924, 920, 916, 911, 908, 905, 903, 901, 898, 896, 896, 896, 895, 894, 892, 872, 0, 0, 555, 0, 529, 523, 524, 526, 528, 530, 529, 518, 0, 0, 0, 920, 925, 931, 935, 939, 944, 950, 957, 965, 972, 979, 988, 996, 1004, 1013, 1023, 1033, 1044, 1055, 1068, 1080, 1093, 1107, 1122]
[0, 991, 984, 978, 972, 966, 959, 955, 950, 947, 945, 942, 939, 937, 935, 933, 931, 896, 931, 930, 892, 929, 929, 0, 555, 551, 0, 526, 524, 525, 526, 527, 530, 518, 0, 0, 0, 0, 922, 927, 932, 937, 941, 946, 953, 959, 967, 975, 983, 991, 998, 1006, 1016, 1026, 1035, 1045, 1056, 1070, 1084, 1098, 1113]
[0, 995, 987, 980, 974, 969, 962, 957, 954, 949, 946, 944, 941, 938, 937, 935, 934, 933, 933, 933, 932, 932, 929, 0, 0, 565, 553, 543, 536, 536, 538, 539, 530, 518, 0, 0, 0, 955, 961, 967, 972, 978, 985, 991, 997, 1004, 1011, 1018, 1026, 1034, 1043, 1052, 1064, 1074, 1084, 1098, 1111, 1125, 1139, 1154, 1166]
[0, 1006, 1000, 994, 989, 983, 976, 970, 964, 960, 957, 954, 952, 950, 949, 947, 944, 943, 943, 944, 943, 943, 929, 0, 0, 559, 550, 541, 537, 537, 538, 541, 530, 518, 0, 0, 0, 961, 966, 972, 979, 984, 989, 995, 1001, 1007, 1015, 1023, 1031, 1040, 1049, 1059, 1070, 1082, 1091, 1104, 1118, 1131, 1146, 1161, 1174]
[0, 1037, 1029, 1022, 1017, 1011, 1005, 1000, 997, 992, 989, 987, 983, 980, 977, 975, 974, 974, 973, 973, 971, 971, 929, 0, 0, 563, 554, 541, 546, 542, 543, 545, 546, 518, 0, 0, 0, 972, 977, 983, 988, 993, 998, 1005, 1012, 1019, 1027, 1034, 1041, 1050, 1059, 1070, 1080, 1090, 1103, 1116, 1128, 1141, 1155, 1168, 1182]
[0, 1036, 1028, 1023, 1017, 1010, 1004, 1000, 996, 993, 990, 986, 983, 981, 979, 978, 978, 976, 974, 973, 973, 974, 972, 974, 0, 0, 573, 563, 558, 554, 555, 558, 564, 0, 0, 998, 1002, 1007, 1011, 1016, 1022, 1027, 1034, 1041, 1049, 1056, 1063, 1071, 1080, 1088, 1098, 1109, 1121, 1136, 1150, 1161, 1173, 1186, 1199, 1214, 1231]
[0, 1044, 1037, 1030, 1025, 1019, 1013, 1008, 1004, 1001, 997, 996, 994, 990, 987, 986, 986, 984, 983, 983, 983, 984, 975, 975, 0, 0, 570, 562, 558, 558, 556, 560, 564, 0, 0, 1001, 1005, 1010, 1015, 1019, 0, 1025, 1038, 1041, 1052, 1060, 1067, 1071, 1076, 1083, 1092, 1115, 1121, 1126, 1140, 1155, 1166, 1178, 1192, 1206, 1221]
[0, 1041, 1036, 1029, 1022, 1016, 1011, 1006, 1002, 999, 997, 994, 994, 990, 988, 988, 988, 986, 984, 984, 984, 985, 984, 984, 0, 0, 570, 567, 563, 560, 556, 560, 564, 0, 0, 1001, 1015, 0, 1023, 0, 1028, 1035, 1040, 1047, 1055, 1063, 1070, 1078, 1086, 1094, 1104, 1115, 1127, 1141, 1155, 1165, 1176, 1188, 1201, 1218, 1235]
[0, 1090, 1083, 1077, 1071, 1064, 1058, 1053, 1048, 1046, 1044, 1039, 1036, 1033, 1031, 1029, 1028, 1029, 1029, 1029, 1027, 1026, 984, 984, 985, 0, 0, 572, 565, 562, 561, 561, 564, 0, 0, 1007, 1010, 1016, 1020, 1026, 1031, 1036, 1042, 1049, 1057, 1067, 1074, 1080, 1087, 1097, 1108, 1119, 1132, 1146, 1158, 1170, 1183, 1196, 1208, 1223, 1240]
[0, 1087, 1080, 1073, 1067, 1062, 1057, 1052, 1048, 1044, 1039, 1036, 1034, 1032, 1030, 1029, 1029, 1029, 1027, 1027, 1026, 1027, 1027, 1028, 1029, 1030, 1032, 1034, 1036, 562, 0, 0, 1042, 0, 1052, 1007, 1056, 1061, 1071, 1026, 1077, 1084, 1090, 1095, 1106, 1116, 1124, 1131, 1140, 1152, 1163, 1173, 1183, 1195, 1210, 1223, 1241, 1260, 1274, 1286, 1299]
[0, 1139, 1132, 1125, 1119, 1114, 1107, 1101, 1097, 1093, 1088, 1085, 1083, 1081, 1079, 1077, 1029, 1076, 1076, 1076, 1076, 1077, 1078, 1027, 1027, 1029, 1032, 1032, 1035, 562, 0, 0, 1042, 0, 1050, 1052, 1058, 1064, 1067, 1073, 1079, 1084, 1089, 1098, 1108, 1117, 1126, 1133, 1141, 1153, 1163, 1172, 1184, 1198, 1212, 1225, 1239, 1256, 1272, 1288, 1304]
[0, 1157, 1147, 1139, 1134, 1128, 1122, 1116, 1111, 1107, 1103, 1099, 1096, 1094, 1093, 1091, 1089, 1088, 1086, 1085, 1086, 1085, 1078, 1079, 1080, 1080, 1080, 1083, 1085, 1087, 1090, 1093, 1094, 1097, 1103, 1108, 1112, 1118, 1124, 1133, 1140, 1146, 1154, 1165, 1171, 1178, 1184, 1189, 1198, 1211, 1226, 1238, 1251, 1262, 1274, 1290, 1303, 1319, 1338, 1356, 1375]
[0, 1171, 1164, 1158, 1153, 1128, 1146, 1140, 1136, 1131, 1126, 1123, 1119, 1116, 1115, 1113, 1113, 1116, 1115, 1114, 1118, 1121, 1086, 1088, 1090, 1092, 1097, 1099, 1099, 1105, 1110, 1110, 1112, 1114, 1117, 1122, 1130, 1137, 1143, 1147, 1155, 1164, 1168, 1173, 1180, 1188, 1199, 1210, 1220, 1235, 1250, 1259, 1269, 1280, 1292, 1308, 1326, 1342, 1360, 1379, 1397]
[0, 1171, 1164, 1159, 1154, 1128, 1146, 1140, 1136, 1131, 1126, 1122, 1120, 1116, 1115, 1116, 1116, 1116, 1115, 1114, 1118, 1121, 1116, 1115, 1116, 1117, 1128, 1134, 1131, 1128, 1130, 1133, 1138, 1139, 1140, 1146, 1154, 1160, 1166, 1171, 1178, 1185, 1192, 1200, 1204, 1213, 1221, 1231, 1245, 1256, 1269, 1280, 1290, 1303, 1319, 1336, 1351, 1366, 1382, 1400, 1419]
[0, 1191, 1182, 1174, 1168, 1163, 1159, 1155, 1150, 1142, 1137, 1134, 1131, 1129, 1128, 1129, 1131, 1132, 1131, 1130, 1129, 1129, 1116, 1115, 1116, 1117, 1128, 1134, 1131, 1128, 1130, 1133, 1138, 1139, 1140, 1146, 1154, 1159, 1166, 1172, 1178, 1185, 1192, 1199, 1204, 1213, 1222, 1231, 1246, 1257, 1269, 1280, 1291, 1304, 1320, 1336, 1351, 1368, 1385, 1404, 1421]
[0, 1188, 1180, 1173, 1167, 1163, 1159, 1153, 1147, 1143, 1138, 1134, 1131, 1129, 1129, 1128, 1129, 1130, 1127, 1126, 1129, 1129, 1127, 1129, 1134, 1138, 1140, 1139, 1140, 1142, 1143, 1145, 1147, 1150, 1155, 1161, 1165, 1171, 1177, 1182, 1189, 1196, 1203, 1212, 1221, 1231, 1240, 1251, 1260, 1270, 1282, 1294, 1306, 1321, 1337, 1351, 1363, 1373, 1387, 1402, 1418]
[0, 1228, 1219, 1212, 1205, 1198, 1193, 1187, 1182, 1180, 1178, 1175, 1171, 1169, 1169, 1168, 1168, 1169, 1168, 1168, 1169, 1168, 1127, 1131, 1133, 1133, 1136, 1138, 1138, 1140, 1145, 1148, 1148, 1151, 1156, 1163, 1167, 1172, 1178, 1182, 1187, 1195, 1204, 1213, 1221, 1230, 1242, 1254, 1264, 1276, 1288, 1299, 1306, 1326, 1341, 1354, 1365, 1377, 1391, 1407, 1424]
[0, 1227, 1217, 1210, 1203, 1197, 1191, 1186, 1182, 1180, 1179, 1175, 1172, 1170, 1169, 1168, 1167, 1169, 1171, 1169, 1168, 1168, 1168, 1168, 1133, 1170, 1173, 1138, 1175, 1177, 1177, 1180, 1185, 1188, 1193, 1198, 1202, 1206, 1212, 1217, 1220, 1226, 1232, 1240, 1246, 1251, 1259, 1265, 1271, 1280, 1287, 1296, 1308, 1318, 1330, 1344, 1354, 1366, 1379, 1394, 1408]
[0, 1268, 1258, 1250, 1242, 1238, 1234, 1228, 1223, 1217, 1213, 1212, 1209, 1208, 1206, 1202, 1200, 1198, 1197, 1197, 1197, 1196, 1168, 1166, 1166, 1167, 1171, 1175, 1176, 1177, 1178, 1181, 1186, 1188, 1193, 1200, 1204, 1209, 1215, 1220, 1223, 1227, 1233, 1240, 1247, 1253, 1260, 1266, 1272, 1281, 1289, 1298, 1310, 1322, 1335, 1345, 1357, 1370, 1385, 1401, 1415]
[0, 1268, 1259, 1250, 1243, 1239, 1236, 1229, 1223, 1221, 1217, 1212, 1209, 1209, 1206, 1201, 1199, 1200, 1199, 1197, 1197, 1197, 1196, 1196, 1197, 1199, 1202, 1200, 1197, 1195, 1196, 1198, 1202, 1202, 1202, 1206, 1209, 1212, 1217, 1220, 1225, 1231, 1235, 1242, 1248, 1253, 1259, 1265, 1272, 1280, 1289, 1298, 1311, 1324, 1335, 1345, 1355, 1369, 1386, 1400, 1413]
[0, 1288, 1278, 1270, 1262, 1257, 1255, 1249, 1243, 1238, 1232, 1228, 1226, 1223, 1218, 1217, 1215, 1214, 1214, 1213, 1208, 1202, 1197, 1196, 1198, 1199, 1199, 1200, 1197, 1194, 1194, 1197, 1201, 1202, 1204, 1206, 1209, 1214, 1218, 1219, 1224, 1230, 1237, 1244, 1248, 1253, 1260, 1268, 1275, 1283, 1291, 1301, 1313, 1325, 1337, 1350, 1362, 1374, 1387, 1402, 1418]
[0, 1287, 1279, 1272, 1264, 1260, 1256, 1250, 1245, 1239, 1234, 1233, 1228, 1223, 1219, 1218, 1218, 1216, 1214, 1210, 1209, 1204, 1199, 1198, 1200, 1199, 1196, 1196, 1196, 1196, 1198, 1197, 1197, 1201, 1203, 1206, 1209, 1212, 1216, 1221, 1226, 1231, 1236, 1242, 1248, 1253, 1260, 1268, 1275, 1283, 1291, 1301, 1312, 1325, 1338, 1351, 1363, 1374, 1389, 1403, 1417]
[0, 1312, 1304, 1296, 1289, 1282, 1275, 1269, 1266, 1260, 1253, 1248, 1244, 1238, 1230, 1224, 1221, 1218, 1213, 1209, 1206, 1201, 1200, 1200, 1198, 1200, 1198, 1197, 1197, 1195, 1195, 1198, 1198, 1198, 1202, 1205, 1209, 1213, 1218, 1220, 1225, 1230, 1236, 1243, 1248, 1253, 1260, 1267, 1272, 1280, 1290, 1300, 1312, 1324, 1337, 1350, 1362, 1373, 1387, 1401, 1414]
[0, 1312, 1326, 1308, 1302, 1296, 1290, 1281, 1269, 1259, 1252, 1246, 1241, 1236, 1231, 1226, 1218, 1213, 1211, 1208, 1204, 1200, 1200, 1199, 1197, 1199, 1197, 1197, 1197, 1195, 1195, 1197, 1198, 1198, 1202, 1205, 1208, 1212, 1217, 1220, 1224, 1229, 1233, 1240, 1247, 1252, 1259, 1266, 1272, 1279, 1289, 1299, 1312, 1324, 1336, 1346, 1359, 1373, 1387, 1401, 1416]
[0, 1331, 1316, 1306, 1301, 1295, 1287, 1279, 1269, 1259, 1251, 1246, 1241, 1235, 1230, 1225, 1219, 1214, 1210, 1208, 1204, 1200, 1198, 1197, 1197, 1197, 1195, 1195, 1197, 1194, 1195, 1197, 1198, 1198, 1201, 1202, 1204, 1206, 1209, 1214, 1220, 1226, 1232, 1237, 1243, 1250, 1256, 1262, 1268, 1277, 1286, 1293, 1305, 1314, 1325, 1340, 1353, 1365, 1378, 1393, 1407]
[0, 1337, 1324, 1313, 1301, 1289, 1281, 1272, 1265, 1257, 1250, 1245, 1239, 1234, 1229, 1222, 1215, 1213, 1208, 1205, 1203, 1200, 1198, 1196, 1197, 1197, 1195, 1195, 1195, 1194, 1196, 1197, 1196, 1201, 1201, 1202, 1204, 1206, 1209, 1214, 1221, 1227, 1232, 1237, 1243, 1250, 1256, 1262, 1268, 1276, 1285, 1293, 1304, 1314, 1325, 1340, 1353, 1365, 1378, 1393, 1407]
[0, 1333, 1322, 1310, 1298, 1288, 1280, 1270, 1263, 1258, 1250, 1244, 1239, 1232, 1229, 1228, 1222, 1216, 1211, 1207, 1204, 1202, 1198, 1198, 1197, 1194, 1194, 1195, 1196, 1195, 1194, 1195, 1196, 1197, 1199, 1200, 1203, 1207, 1210, 1215, 1220, 1224, 1230, 1236, 1242, 1249, 1254, 1261, 1268, 1275, 1283, 1292, 1303, 1314, 1322, 1334, 1349, 1362, 1375, 1392, 1405]
[0, 1339, 1326, 1312, 1298, 1288, 1281, 1272, 1265, 1259, 1252, 1244, 1238, 1233, 1227, 1220, 1215, 1211, 1208, 1203, 1202, 1202, 1200, 1198, 1195, 1194, 1193, 1192, 1192, 1193, 1194, 1194, 1195, 1196, 1198, 1200, 1203, 1208, 1214, 1219, 1222, 1227, 1232, 1237, 1243, 1249, 1256, 1264, 1270, 1277, 1283, 1291, 1302, 1314, 1327, 1342, 1356, 1365, 1378, 1394, 1407]
[0, 1333, 1319, 1307, 1297, 1287, 1279, 1270, 1263, 1257, 1250, 1244, 1238, 1233, 1225, 1221, 1215, 1211, 1208, 1206, 1204, 1202, 1199, 1196, 1193, 1191, 1191, 1189, 1190, 1193, 1194, 1194, 1197, 1198, 1200, 1204, 1208, 1209, 1213, 1220, 1223, 1224, 1232, 1239, 1242, 1250, 1257, 1262, 1268, 1277, 1289, 1294, 1303, 1317, 1328, 1342, 1355, 1367, 1382, 1397, 1411]
[0, 1340, 1326, 1312, 1300, 1292, 1284, 1273, 1266, 1259, 1252, 1247, 1240, 1233, 1229, 1223, 1218, 1215, 1209, 1203, 1200, 1198, 1199, 1197, 1196, 1194, 1193, 1194, 1194, 1193, 1194, 1194, 1195, 1197, 1198, 1199, 1203, 1206, 1210, 1216, 1220, 1223, 1228, 1234, 1239, 1245, 1253, 1260, 1266, 1273, 1282, 1290, 1300, 1311, 1323, 1334, 1348, 1360, 1373, 1389, 1403]
[0, 1336, 1321, 1307, 1297, 1288, 1280, 1271, 1262, 1255, 1251, 1243, 1237, 1234, 1229, 1224, 1218, 1210, 1204, 1203, 1200, 1197, 1197, 1196, 1194, 1192, 1190, 1189, 1189, 1190, 1193, 1197, 1197, 1198, 1198, 1199, 1202, 1204, 1206, 1214, 1220, 1223, 1230, 1236, 1240, 1245, 1251, 1259, 1266, 1272, 1280, 1290, 1302, 1312, 1325, 1341, 1354, 1364, 1375, 1389, 1404]
[0, 1332, 1319, 1303, 1293, 1285, 1277, 1270, 1261, 1254, 1249, 1243, 1242, 1236, 1231, 1227, 1221, 1216, 1211, 1206, 1203, 1200, 1198, 1196, 1193, 1193, 1194, 1194, 1194, 1190, 1193, 1195, 1195, 1195, 1197, 1201, 1203, 1204, 1205, 1208, 1213, 1222, 1226, 1229, 1235, 1241, 1248, 1254, 1262, 1268, 1276, 1286, 1297, 1308, 1318, 1329, 1342, 1355, 1368, 1382, 1396]
[0, 1338, 1323, 1309, 1301, 1291, 1280, 1271, 1262, 1257, 1251, 1243, 1238, 1234, 1227, 1219, 1214, 1211, 1207, 1203, 1200, 1199, 1199, 1197, 1195, 1193, 1193, 1192, 1191, 1192, 1193, 1193, 1194, 1196, 1197, 1200, 1203, 1205, 1208, 1212, 1218, 1223, 1226, 1234, 1240, 1246, 1252, 1259, 1266, 1274, 1282, 1290, 1301, 1313, 1322, 1333, 1347, 1361, 1374, 1389, 1405]
[0, 1331, 1318, 1303, 1293, 1285, 1276, 1269, 1260, 1254, 1248, 1243, 1243, 1237, 1231, 1225, 1220, 1215, 1210, 1205, 1203, 1201, 1197, 1195, 1193, 1191, 1189, 1189, 1191, 1193, 1191, 1192, 1196, 1197, 1200, 1201, 1202, 1205, 1210, 1212, 1219, 1224, 1229, 1237, 1240, 1250, 1252, 1256, 1261, 1268, 1276, 1296, 1301, 1308, 1317, 1328, 1342, 1355, 1368, 1382, 1396]
[0, 1331, 1317, 1306, 1295, 1285, 1277, 1268, 1262, 1255, 1248, 1242, 1236, 1229, 1231, 1223, 1217, 1213, 1209, 1205, 1202, 1200, 1199, 1196, 1194, 1193, 1192, 1191, 1191, 1192, 1192, 1193, 1194, 1195, 1197, 1199, 1202, 1205, 1207, 1211, 1218, 1222, 1226, 1233, 1240, 1245, 1251, 1258, 1265, 1273, 1281, 1290, 1301, 1312, 1321, 1333, 1347, 1360, 1374, 1389, 1404]
[0, 1339, 1325, 1312, 1300, 1291, 1283, 1273, 1265, 1259, 1252, 1246, 1239, 1233, 1228, 1223, 1218, 1212, 1205, 1203, 1201, 1198, 1198, 1196, 1194, 1193, 1192, 1191, 1191, 1191, 1192, 1193, 1194, 1195, 1197, 1198, 1201, 1204, 1208, 1212, 1215, 1219, 1225, 1232, 1239, 1245, 1251, 1258, 1265, 1272, 1281, 1289, 1300, 1312, 1321, 1332, 1346, 1360, 1374, 1389, 1407]
[0, 1338, 1325, 1311, 1299, 1288, 1280, 1272, 1265, 1258, 1251, 1245, 1239, 1233, 1227, 1222, 1217, 1211, 1205, 1203, 1200, 1198, 1196, 1193, 1192, 1192, 1191, 1190, 1190, 1192, 1192, 1194, 1196, 1197, 1197, 1198, 1201, 1205, 1207, 1211, 1217, 1222, 1229, 1234, 1240, 1246, 1251, 1258, 1265, 1272, 1282, 1291, 1301, 1313, 1326, 1338, 1350, 1365, 1379, 1397, 1414]
[0, 1333, 1318, 1306, 1293, 1284, 1279, 1271, 1262, 1255, 1249, 1242, 1236, 1229, 1221, 1217, 1214, 1210, 1205, 1201, 1197, 1196, 1194, 1191, 1191, 1191, 1190, 1190, 1190, 1191, 1192, 1193, 1195, 1194, 1195, 1197, 1201, 1204, 1208, 1212, 1216, 1222, 1229, 1234, 1239, 1248, 1254, 1261, 1273, 1285, 1296, 1308, 1319, 1327, 1339, 1352, 1369, 1384, 1396, 1412, 1430]
[0, 1326, 1313, 1300, 1293, 1290, 1280, 1273, 1264, 1257, 1251, 1244, 1240, 1234, 1228, 1221, 1216, 1211, 1206, 1203, 1201, 1198, 1195, 1191, 1191, 1190, 1190, 1188, 1188, 1190, 1192, 1191, 1192, 1195, 1196, 1199, 1200, 1200, 1203, 1208, 1215, 1220, 1224, 1232, 1236, 1244, 1252, 1258, 1271, 1280, 1286, 1298, 1313, 1321, 1331, 1345, 1360, 1374, 1388, 1404, 1421]
[0, 1330, 1317, 1304, 1292, 1282, 1274, 1269, 1262, 1254, 1248, 1243, 1234, 1227, 1223, 1219, 1216, 1207, 1202, 1203, 1201, 1196, 1195, 1194, 1192, 1191, 1188, 1187, 1189, 1190, 1191, 1190, 1192, 1196, 1199, 1202, 1207, 1214, 1218, 1224, 1230, 1234, 1238, 1245, 1252, 1257, 1265, 1273, 1281, 1289, 1298, 1309, 1318, 1326, 1336, 1349, 1364, 1380, 1394, 1410, 1423]
[0, 1332, 1322, 1310, 1296, 1287, 1278, 1269, 1264, 1258, 1250, 1244, 1236, 1227, 1223, 1219, 1213, 1209, 1204, 1201, 1198, 1198, 1195, 1194, 1191, 1190, 1190, 1189, 1187, 1188, 1192, 1191, 1192, 1195, 1197, 1202, 1207, 1210, 1216, 1223, 1229, 1233, 1239, 1245, 1252, 1257, 1262, 1268, 1274, 1281, 1293, 1304, 1312, 1321, 1332, 1346, 1360, 1374, 1388, 1403, 1419]
[0, 1328, 1313, 1300, 1289, 1281, 1278, 1274, 1264, 1257, 1251, 1245, 1240, 1234, 1226, 1220, 1215, 1212, 1208, 1204, 1201, 1198, 1198, 1195, 1192, 1190, 1189, 1189, 1190, 1190, 1190, 1192, 1195, 1197, 1201, 1205, 1209, 1214, 1222, 1228, 1232, 1238, 1241, 1245, 1254, 1260, 1267, 1272, 1281, 1292, 1300, 1310, 1323, 1331, 1340, 1354, 1369, 1383, 1397, 1414, 1431]
[0, 1327, 1314, 1302, 1291, 1282, 1273, 1263, 1264, 1256, 1247, 1245, 1239, 1234, 1227, 1221, 1216, 1211, 1208, 1204, 1200, 1199, 1196, 1195, 1192, 1191, 1188, 1188, 1190, 1190, 1191, 1190, 1192, 1195, 1199, 1204, 1209, 1212, 1216, 1224, 1231, 1235, 1241, 1248, 1251, 1256, 1263, 1272, 1278, 1286, 1298, 1307, 1317, 1326, 1336, 1349, 1362, 1378, 1394, 1410, 1424]
[0, 1326, 1312, 1300, 1289, 1282, 1280, 1273, 1265, 1258, 1251, 1245, 1240, 1237, 1234, 1232, 1231, 1228, 1226, 1222, 1215, 1214, 1197, 1195, 1193, 1191, 1191, 1192, 1193, 1196, 1198, 1204, 1206, 1208, 1211, 1215, 1218, 1221, 1224, 1228, 1231, 1235, 1240, 1246, 1251, 1256, 1263, 1270, 1277, 1286, 1296, 1305, 1314, 1323, 1336, 1349, 1362, 1378, 1390, 1406, 1424]
[0, 1349, 1337, 1324, 1315, 1307, 1299, 1292, 1282, 1273, 1266, 1259, 1254, 1250, 1243, 1238, 1233, 1229, 1223, 1217, 1215, 1214, 1212, 1210, 1208, 1206, 1205, 1205, 1206, 1205, 1207, 1208, 1208, 1209, 1211, 1213, 1213, 1215, 1221, 1227, 1230, 1235, 1241, 1248, 1252, 1256, 1264, 1272, 1280, 1288, 1297, 1307, 1317, 1325, 1336, 1349, 1364, 1379, 1393, 1409, 1424]
[0, 1346, 1337, 1324, 1314, 1305, 1295, 1289, 1282, 1272, 1263, 1257, 1252, 1249, 1242, 1237, 1233, 1229, 1223, 1218, 1215, 1213, 1213, 1209, 1207, 1207, 1208, 1207, 1206, 1206, 1206, 1208, 1208, 1210, 1212, 1213, 1217, 1221, 1224, 1226, 1230, 1237, 1240, 1245, 1252, 1257, 1264, 1272, 1280, 1286, 1295, 1307, 1317, 1325, 1336, 1349, 1364, 1378, 1392, 1408, 1423]
[0, 1338, 1328, 1319, 1314, 1309, 1300, 1291, 1284, 1278, 1267, 1259, 1254, 1249, 1245, 1240, 1234, 1229, 1225, 1220, 1216, 1213, 1211, 1209, 1207, 1208, 1206, 1206, 1207, 1205, 1205, 1207, 1209, 1211, 1210, 1211, 1215, 1218, 1223, 1227, 1230, 1236, 1242, 1244, 1249, 1257, 1265, 1275, 1279, 1284, 1295, 1308, 1318, 1327, 1337, 1351, 1366, 1380, 1394, 1412, 1427]
[0, 1342, 1331, 1324, 1316, 1302, 1292, 1286, 1277, 1269, 1264, 1260, 1253, 1245, 1240, 1237, 1233, 1228, 1222, 1216, 1213, 1211, 1211, 1207, 1206, 1207, 1205, 1203, 1204, 1205, 1207, 1208, 1207, 1208, 1214, 1217, 1215, 1217, 1223, 1227, 1230, 1234, 1239, 1246, 1251, 1256, 1263, 1270, 1276, 1283, 1293, 1304, 1314, 1323, 1333, 1346, 1362, 1375, 1388, 1402, 1420]
[0, 1350, 1336, 1324, 1314, 1305, 1296, 1289, 1276, 1266, 1264, 1258, 1253, 1249, 1243, 1237, 1233, 1230, 1223, 1218, 1215, 1212, 1210, 1208, 1207, 1206, 1208, 1207, 1204, 1205, 1207, 1207, 1209, 1213, 1213, 1214, 1217, 1218, 1224, 1230, 1232, 1237, 1243, 1249, 1254, 1260, 1268, 1276, 1282, 1288, 1293, 1307, 1318, 1323, 1329, 1355, 1362, 1384, 1398, 1413, 1431]
[0, 1350, 1338, 1328, 1318, 1308, 1299, 1291, 1283, 1276, 1266, 1259, 1254, 1249, 1243, 1238, 1234, 1230, 1225, 1219, 1215, 1213, 1211, 1212, 1210, 1206, 1205, 1205, 1206, 1205, 1206, 1207, 1208, 1210, 1212, 1213, 1215, 1218, 1222, 1226, 1231, 1236, 1240, 1245, 1252, 1257, 1264, 1272, 1279, 1288, 1298, 1306, 1316, 1325, 1336, 1349, 1364, 1378, 1392, 1408, 1423]
[0, 1350, 1337, 1324, 1315, 1305, 1296, 1289, 1279, 1270, 1264, 1258, 1252, 1248, 1242, 1236, 1233, 1229, 1223, 1217, 1214, 1211, 1211, 1211, 1210, 1207, 1206, 1205, 1206, 1205, 1205, 1207, 1208, 1209, 1211, 1213, 1213, 1217, 1222, 1227, 1230, 1235, 1239, 1245, 1251, 1256, 1264, 1271, 1279, 1287, 1296, 1306, 1315, 1325, 1335, 1349, 1364, 1378, 1391, 1407, 1422]
[0, 1342, 1331, 1320, 1309, 1300, 1290, 1281, 1274, 1267, 1261, 1256, 1250, 1244, 1242, 1235, 1233, 1230, 1230, 1225, 1215, 1211, 1210, 1209, 1208, 1206, 1205, 1205, 1205, 1204, 1204, 1206, 1208, 1209, 1216, 1218, 1214, 1217, 1222, 1226, 1230, 1235, 1240, 1245, 1252, 1257, 1263, 1270, 1278, 1287, 1297, 1306, 1316, 1325, 1335, 1348, 1364, 1378, 1391, 1406, 1422]
[0, 1349, 1336, 1324, 1315, 1305, 1295, 1288, 1279, 1270, 1263, 1258, 1252, 1248, 1242, 1235, 1231, 1229, 1222, 1217, 1215, 1212, 1210, 1207, 1206, 1207, 1207, 1204, 1203, 1204, 1204, 1206, 1207, 1207, 1211, 1214, 1214, 1216, 1220, 1224, 1229, 1234, 1240, 1246, 1250, 1256, 1262, 1268, 1275, 1283, 1293, 1303, 1312, 1323, 1333, 1345, 1360, 1374, 1387, 1399, 1414]
[0, 1343, 1331, 1323, 1314, 1301, 1291, 1282, 1274, 1267, 1262, 1257, 1251, 1244, 1238, 1235, 1230, 1226, 1219, 1213, 1212, 1212, 1210, 1209, 1207, 1206, 1205, 1206, 1206, 1204, 1205, 1207, 1208, 1210, 1211, 1212, 1214, 1218, 1222, 1226, 1230, 1235, 1241, 1246, 1252, 1257, 1264, 1273, 1280, 1287, 1297, 1306, 1316, 1325, 1335, 1348, 1363, 1379, 1393, 1406, 1421]
[0, 1345, 1331, 1324, 1315, 1304, 1295, 1286, 1277, 1269, 1263, 1258, 1252, 1245, 1240, 1237, 1232, 1228, 1222, 1216, 1213, 1211, 1208, 1207, 1207, 1207, 1205, 1205, 1205, 1204, 1203, 1203, 1205, 1208, 1210, 1212, 1213, 1213, 1216, 1221, 1226, 1233, 1242, 1248, 1251, 1256, 1261, 1268, 1275, 1281, 1290, 1300, 1311, 1321, 1330, 1344, 1358, 1372, 1388, 1404, 1420]
[0, 1340, 1328, 1320, 1309, 1304, 1290, 1282, 1275, 1267, 1260, 1258, 1254, 1249, 1245, 1239, 1234, 1229, 1225, 1220, 1215, 1212, 1209, 1208, 1208, 1206, 1205, 1204, 1204, 1205, 1207, 1207, 1209, 1212, 1213, 1214, 1216, 1217, 1223, 1230, 1233, 1237, 1243, 1248, 1254, 1260, 1267, 1274, 1280, 1289, 1290, 1308, 1318, 1329, 1341, 1355, 1369, 1384, 1398, 1413, 1430]
[0, 1340, 1342, 1327, 1318, 1299, 1290, 1291, 1283, 1276, 1266, 1259, 1253, 1248, 1244, 1238, 1233, 1228, 1220, 1215, 1214, 1212, 1210, 1207, 1206, 1207, 1206, 1205, 1204, 1204, 1204, 1205, 1207, 1207, 1210, 1212, 1213, 1214, 1217, 1223, 1229, 1231, 1237, 1245, 1250, 1255, 1261, 1268, 1275, 1282, 1291, 1301, 1311, 1321, 1331, 1345, 1359, 1374, 1387, 1399, 1415]
[0, 1346, 1333, 1322, 1312, 1303, 1294, 1287, 1276, 1267, 1260, 1254, 1251, 1244, 1239, 1235, 1228, 1225, 1221, 1216, 1214, 1211, 1211, 1211, 1209, 1206, 1205, 1204, 1204, 1205, 1204, 1202, 1203, 1208, 1211, 1211, 1212, 1216, 1219, 1224, 1230, 1233, 1238, 1244, 1250, 1256, 1263, 1270, 1276, 1285, 1296, 1302, 1312, 1324, 1333, 1346, 1362, 1376, 1390, 1403, 1419]
[0, 1342, 1330, 1321, 1311, 1301, 1292, 1282, 1274, 1266, 1261, 1253, 1248, 1244, 1235, 1232, 1229, 1225, 1221, 1218, 1213, 1212, 1208, 1205, 1205, 1207, 1206, 1204, 1204, 1205, 1206, 1206, 1208, 1208, 1209, 1212, 1217, 1219, 1222, 1228, 1232, 1234, 1241, 1245, 1251, 1259, 1266, 1273, 1278, 1286, 1297, 1307, 1316, 1326, 1335, 1350, 1367, 1381, 1395, 1410, 1425]
[0, 1342, 1330, 1320, 1310, 1301, 1292, 1282, 1274, 1266, 1261, 1256, 1250, 1246, 1241, 1232, 1226, 1221, 1216, 1213, 1211, 1210, 1208, 1208, 1206, 1207, 1205, 1202, 1202, 1203, 1204, 1207, 1209, 1208, 1210, 1212, 1213, 1217, 1220, 1221, 1227, 1232, 1235, 1242, 1250, 1255, 1261, 1268, 1272, 1279, 1290, 1299, 1310, 1320, 1330, 1338, 1352, 1371, 1386, 1399, 1415]
