[0, 0, 0, 0, 0, 0, 0, 0, 0, 0, 0, 0, 0, 0, 0, 0, 0, 0, 0, 0, 0, 0, 0, 0, 0, 0, 0, 0, 0, 0, 0, 0, 0, 0, 0, 0, 0, 0, 0, 0, 0, 0, 0, 0, 0, 0, 0, 0, 0, 0, 0, 0, 0, 0, 0, 0, 0, 0, 0, 0, 0]
[0, 551, 546, 542, 538, 535, 531, 528, 525, 522, 519, 517, 514, 512, 510, 507, 0, 0, 483, 480, 0, 483, 485, 487, 492, 496, 498, 497, 498, 498, 498, 498, 499, 500, 501, 503, 504, 506, 508, 509, 511, 513, 516, 518, 520, 524, 527, 530, 534, 537, 541, 546, 551, 555, 560, 565, 570, 577, 584, 591, 597]
[0, 549, 545, 540, 537, 533, 529, 527, 525, 519, 519, 516, 514, 511, 510, 511, 0, 0, 482, 480, 481, 482, 484, 486, 494, 496, 497, 497, 498, 498, 498, 498, 499, 500, 501, 503, 505, 506, 507, 509, 510, 512, 514, 517, 520, 522, 525, 528, 532, 536, 540, 543, 548, 553, 563, 565, 573, 577, 587, 591, 594]
[0, 551, 546, 542, 538, 535, 531, 528, 525, 522, 519, 517, 514, 512, 510, 511, 0, 0, 481, 480, 481, 483, 484, 485, 492, 496, 497, 498, 498, 498, 498, 499, 499, 500, 501, 503, 504, 506, 508, 509, 511, 513, 515, 518, 520, 523, 526, 530, 534, 537, 541, 547, 551, 555, 560, 565, 570, 578, 585, 591, 598]
[0, 549, 545, 540, 537, 532, 529, 528, 523, 520, 519, 518, 513, 512, 511, 511, 0, 483, 482, 480, 481, 482, 484, 486, 494, 496, 497, 497, 498, 498, 498, 499, 500, 501, 503, 503, 503, 505, 507, 509, 510, 512, 514, 517, 520, 522, 525, 528, 532, 536, 540, 543, 548, 553, 558, 563, 568, 575, 581, 587, 594]
[0, 551, 546, 542, 538, 535, 531, 528, 525, 522, 519, 516, 514, 512, 510, 511, 0, 482, 482, 481, 481, 483, 484, 486, 492, 496, 497, 498, 498, 498, 498, 499, 499, 500, 502, 504, 504, 506, 508, 509, 511, 513, 515, 518, 521, 523, 527, 530, 534, 538, 542, 547, 551, 555, 560, 565, 570, 578, 585, 591, 598]
[0, 549, 545, 541, 537, 532, 529, 526, 525, 520, 519, 518, 515, 513, 510, 511, 0, 483, 482, 480, 481, 482, 484, 486, 494, 498, 497, 498, 497, 498, 499, 499, 499, 500, 502, 503, 503, 505, 507, 509, 510, 512, 514, 517, 519, 523, 525, 529, 532, 536, 541, 544, 548, 554, 558, 563, 568, 575, 581, 588, 595]
[0, 551, 546, 542, 538, 534, 531, 528, 525, 522, 519, 516, 514, 512, 510, 511, 0, 482, 482, 480, 0, 481, 483, 486, 492, 496, 497, 498, 498, 498, 498, 499, 499, 500, 501, 503, 504, 506, 508, 509, 511, 513, 515, 518, 520, 523, 526, 530, 534, 538, 542, 547, 551, 555, 560, 565, 570, 578, 585, 591, 598]
[0, 553, 549, 545, 541, 538, 535, 533, 529, 525, 519, 523, 521, 519, 516, 511, 0, 483, 482, 480, 480, 482, 484, 486, 489, 494, 498, 497, 497, 498, 499, 499, 499, 501, 502, 503, 503, 505, 507, 509, 510, 512, 514, 517, 519, 523, 526, 529, 533, 537, 541, 545, 550, 554, 559, 564, 568, 575, 583, 589, 595]
[0, 553, 549, 545, 540, 537, 535, 534, 531, 528, 526, 524, 522, 519, 518, 511, 0, 483, 481, 480, 481, 483, 484, 489, 490, 497, 503, 503, 504, 503, 504, 505, 505, 506, 508, 509, 510, 511, 513, 515, 518, 520, 522, 525, 527, 530, 534, 537, 541, 545, 549, 554, 558, 563, 568, 573, 580, 587, 593, 600, 606]
[0, 554, 550, 545, 542, 538, 535, 533, 530, 526, 526, 521, 522, 516, 518, 511, 0, 481, 482, 480, 480, 482, 484, 485, 493, 498, 504, 504, 504, 504, 504, 505, 506, 507, 508, 509, 511, 513, 515, 517, 518, 520, 523, 525, 528, 532, 534, 538, 542, 547, 550, 554, 560, 564, 569, 575, 582, 588, 594, 600, 608]
[0, 552, 549, 545, 540, 538, 534, 533, 531, 528, 526, 523, 521, 519, 518, 511, 0, 483, 480, 481, 482, 482, 484, 489, 488, 497, 502, 503, 503, 504, 505, 505, 505, 506, 507, 509, 510, 511, 513, 515, 517, 520, 522, 524, 527, 531, 533, 536, 540, 544, 549, 553, 558, 562, 567, 573, 579, 585, 591, 598, 605]
[0, 559, 555, 551, 547, 543, 540, 537, 534, 531, 527, 525, 523, 522, 518, 511, 0, 482, 480, 0, 480, 483, 484, 485, 492, 498, 503, 504, 504, 503, 504, 505, 506, 506, 508, 509, 510, 512, 514, 515, 518, 520, 522, 525, 528, 530, 534, 538, 542, 545, 549, 554, 559, 563, 568, 575, 581, 586, 593, 600, 606]
[0, 557, 551, 547, 545, 542, 539, 535, 532, 530, 527, 525, 524, 522, 518, 511, 0, 482, 481, 480, 480, 481, 483, 485, 493, 501, 507, 507, 507, 503, 507, 509, 506, 510, 511, 513, 510, 515, 519, 515, 521, 523, 527, 525, 530, 537, 534, 543, 548, 552, 549, 556, 560, 564, 575, 575, 587, 594, 601, 607, 614]
[0, 558, 553, 549, 546, 543, 539, 536, 533, 530, 528, 526, 523, 522, 518, 0, 489, 482, 480, 480, 480, 481, 483, 485, 488, 494, 502, 507, 508, 508, 508, 509, 510, 510, 511, 513, 515, 516, 517, 519, 521, 523, 526, 528, 531, 534, 537, 541, 545, 549, 553, 557, 561, 566, 572, 578, 584, 590, 596, 602, 610]
[0, 560, 557, 552, 548, 545, 543, 539, 536, 533, 530, 528, 526, 528, 518, 0, 0, 482, 482, 480, 481, 483, 485, 485, 488, 494, 502, 507, 509, 509, 510, 510, 510, 510, 512, 513, 515, 517, 519, 521, 522, 524, 526, 530, 534, 537, 540, 543, 547, 551, 555, 558, 562, 568, 574, 580, 587, 592, 599, 605, 611]
[0, 560, 557, 553, 550, 546, 542, 540, 537, 534, 531, 528, 526, 524, 518, 0, 0, 481, 480, 480, 481, 483, 484, 487, 494, 501, 508, 511, 511, 509, 512, 510, 513, 513, 515, 513, 517, 519, 521, 523, 526, 524, 529, 532, 534, 537, 541, 545, 549, 553, 556, 560, 564, 569, 575, 581, 593, 592, 599, 606, 613]
[0, 558, 554, 550, 550, 543, 542, 537, 537, 535, 531, 528, 526, 524, 518, 0, 489, 482, 480, 480, 481, 482, 484, 486, 492, 498, 505, 510, 510, 511, 511, 512, 513, 514, 515, 517, 518, 520, 522, 523, 525, 528, 530, 533, 537, 540, 543, 547, 551, 555, 558, 563, 567, 573, 579, 585, 591, 597, 603, 610, 618]
[0, 557, 554, 550, 550, 543, 542, 540, 537, 535, 531, 529, 527, 526, 518, 0, 489, 481, 480, 480, 481, 482, 484, 486, 491, 497, 505, 510, 510, 510, 511, 512, 513, 514, 515, 517, 518, 520, 522, 523, 525, 528, 531, 533, 537, 540, 543, 546, 551, 554, 558, 562, 567, 573, 579, 585, 591, 597, 603, 610, 617]
[0, 560, 557, 553, 549, 545, 543, 540, 536, 533, 530, 528, 527, 526, 518, 0, 489, 482, 480, 480, 481, 482, 483, 485, 490, 497, 506, 511, 511, 512, 513, 513, 513, 514, 515, 517, 520, 522, 524, 526, 527, 529, 532, 535, 537, 541, 544, 548, 553, 557, 561, 565, 569, 574, 581, 588, 594, 600, 606, 612, 618]
[0, 569, 565, 561, 557, 554, 551, 548, 545, 542, 539, 536, 534, 526, 0, 0, 480, 482, 478, 480, 480, 481, 485, 485, 488, 494, 502, 509, 512, 513, 513, 513, 514, 516, 518, 519, 520, 522, 524, 525, 527, 530, 532, 535, 537, 541, 544, 548, 552, 556, 560, 564, 568, 573, 579, 585, 591, 598, 604, 610, 618]
[0, 570, 565, 562, 559, 555, 551, 549, 545, 546, 542, 536, 539, 526, 0, 0, 0, 480, 478, 479, 480, 482, 484, 485, 488, 491, 498, 515, 520, 520, 521, 522, 514, 524, 526, 527, 520, 531, 524, 535, 537, 540, 532, 545, 547, 551, 544, 559, 563, 556, 570, 576, 582, 587, 579, 598, 605, 612, 618, 625, 633]
[0, 571, 566, 563, 560, 557, 554, 550, 547, 544, 542, 540, 540, 0, 0, 0, 0, 481, 479, 478, 479, 481, 483, 485, 487, 494, 503, 513, 522, 523, 524, 525, 526, 527, 528, 530, 532, 533, 535, 536, 539, 542, 544, 547, 550, 553, 556, 560, 565, 568, 572, 578, 582, 587, 593, 599, 605, 611, 618, 625, 633]
[0, 578, 573, 568, 565, 562, 559, 556, 553, 550, 548, 545, 540, 0, 0, 0, 0, 481, 478, 477, 479, 480, 481, 482, 486, 492, 500, 507, 517, 523, 523, 524, 525, 527, 528, 529, 531, 533, 535, 536, 538, 540, 542, 545, 548, 551, 555, 559, 561, 565, 575, 581, 582, 592, 593, 603, 605, 609, 622, 629, 638]
[0, 582, 577, 572, 568, 566, 562, 559, 556, 553, 550, 548, 540, 0, 0, 0, 0, 480, 476, 477, 478, 479, 481, 481, 485, 492, 500, 507, 0, 523, 530, 530, 533, 0, 534, 535, 537, 539, 540, 543, 544, 547, 550, 552, 555, 559, 563, 566, 570, 575, 579, 584, 589, 594, 605, 603, 618, 609, 632, 640, 638]
[0, 588, 584, 580, 575, 571, 568, 564, 561, 559, 557, 555, 540, 0, 0, 0, 0, 479, 475, 0, 475, 477, 478, 480, 488, 496, 505, 515, 526, 532, 532, 533, 534, 535, 536, 538, 541, 542, 543, 546, 548, 550, 553, 556, 558, 562, 566, 570, 574, 578, 583, 588, 593, 598, 603, 609, 616, 623, 630, 639, 646]
[0, 591, 587, 583, 578, 574, 571, 567, 564, 562, 559, 557, 0, 0, 0, 0, 480, 479, 479, 476, 475, 476, 478, 479, 488, 496, 506, 515, 526, 0, 541, 542, 543, 544, 546, 547, 549, 551, 553, 556, 558, 560, 563, 566, 569, 562, 577, 570, 585, 590, 595, 588, 605, 610, 616, 622, 629, 636, 643, 651, 658]
[0, 591, 587, 583, 580, 575, 571, 568, 565, 562, 560, 557, 0, 0, 0, 552, 0, 478, 475, 474, 475, 476, 478, 481, 489, 496, 507, 515, 526, 0, 541, 542, 543, 544, 546, 547, 549, 551, 553, 556, 558, 559, 563, 566, 569, 562, 577, 570, 585, 590, 595, 599, 605, 610, 616, 622, 629, 635, 643, 650, 658]
[0, 595, 591, 587, 583, 579, 575, 571, 567, 566, 564, 561, 0, 0, 0, 552, 0, 478, 475, 474, 0, 475, 476, 478, 486, 495, 503, 512, 525, 537, 541, 542, 543, 544, 545, 547, 549, 551, 553, 555, 557, 559, 562, 564, 567, 571, 576, 580, 583, 588, 592, 596, 601, 607, 612, 619, 626, 633, 639, 647, 654]
[0, 594, 589, 585, 581, 577, 574, 571, 567, 564, 561, 561, 0, 0, 557, 552, 0, 475, 475, 474, 474, 475, 477, 480, 488, 496, 505, 512, 525, 0, 546, 546, 547, 548, 550, 552, 553, 555, 557, 559, 561, 563, 566, 569, 573, 577, 581, 585, 589, 593, 597, 602, 608, 614, 620, 626, 632, 640, 647, 654, 661]
[0, 606, 602, 598, 593, 590, 586, 583, 579, 576, 574, 561, 0, 568, 564, 552, 0, 478, 477, 475, 475, 474, 474, 478, 483, 492, 502, 510, 522, 537, 545, 546, 548, 548, 549, 551, 553, 555, 556, 558, 560, 562, 565, 568, 571, 574, 577, 583, 587, 591, 595, 600, 605, 611, 616, 622, 629, 636, 644, 651, 658]
[0, 613, 609, 604, 600, 596, 593, 589, 586, 583, 580, 561, 0, 576, 572, 552, 0, 478, 478, 475, 473, 473, 475, 477, 482, 488, 499, 508, 522, 0, 553, 557, 559, 560, 561, 562, 564, 566, 568, 571, 573, 577, 580, 583, 571, 590, 594, 597, 602, 607, 612, 617, 623, 629, 635, 641, 648, 656, 663, 672, 680]
[0, 613, 609, 605, 601, 596, 594, 591, 589, 583, 586, 0, 0, 0, 576, 0, 478, 482, 479, 476, 474, 474, 476, 480, 482, 489, 499, 509, 522, 0, 553, 558, 565, 567, 0, 569, 572, 566, 574, 579, 582, 577, 588, 592, 571, 597, 594, 605, 609, 607, 618, 624, 630, 637, 642, 649, 655, 663, 671, 678, 686]
[0, 614, 610, 606, 602, 598, 595, 591, 588, 586, 577, 0, 0, 572, 576, 576, 0, 480, 479, 476, 474, 474, 476, 479, 484, 493, 505, 509, 522, 0, 552, 562, 568, 569, 570, 571, 573, 575, 577, 580, 583, 585, 588, 592, 594, 597, 601, 605, 609, 613, 618, 624, 629, 636, 643, 648, 654, 661, 668, 676, 684]
[0, 624, 620, 615, 611, 608, 595, 604, 600, 597, 595, 0, 0, 572, 0, 0, 482, 482, 480, 477, 474, 475, 477, 480, 483, 492, 503, 513, 525, 541, 552, 561, 568, 570, 571, 573, 575, 577, 580, 582, 585, 587, 590, 593, 596, 600, 604, 607, 611, 616, 621, 627, 633, 640, 646, 652, 657, 665, 672, 680, 688]
[0, 624, 620, 615, 611, 608, 604, 604, 600, 596, 595, 0, 0, 572, 0, 0, 482, 483, 480, 477, 474, 476, 477, 480, 484, 492, 503, 513, 525, 541, 0, 566, 575, 581, 581, 582, 585, 587, 588, 590, 593, 596, 599, 601, 604, 607, 611, 615, 620, 625, 630, 636, 642, 648, 653, 660, 668, 675, 682, 690, 699]
[0, 639, 634, 629, 624, 620, 616, 613, 610, 607, 604, 0, 0, 600, 596, 0, 484, 0, 485, 483, 477, 477, 482, 483, 484, 492, 503, 513, 525, 541, 0, 566, 574, 581, 581, 582, 585, 587, 589, 590, 593, 596, 599, 601, 604, 607, 611, 615, 620, 626, 630, 636, 642, 647, 653, 660, 668, 675, 682, 690, 698]
[0, 638, 632, 627, 623, 619, 615, 612, 610, 606, 0, 0, 0, 0, 596, 0, 483, 487, 485, 482, 478, 478, 480, 481, 482, 495, 503, 507, 525, 0, 569, 575, 581, 588, 592, 593, 594, 596, 599, 601, 604, 606, 609, 612, 616, 619, 624, 629, 634, 639, 645, 650, 655, 661, 667, 674, 681, 688, 696, 704, 712]
[0, 650, 646, 642, 636, 631, 627, 624, 620, 618, 0, 0, 0, 0, 596, 0, 489, 490, 487, 482, 479, 481, 484, 484, 483, 495, 503, 0, 525, 0, 0, 577, 581, 585, 592, 594, 594, 596, 598, 600, 603, 605, 608, 611, 614, 617, 621, 625, 630, 637, 642, 647, 651, 657, 664, 670, 677, 692, 696, 700, 709]
[0, 650, 644, 640, 636, 631, 627, 624, 621, 617, 0, 0, 0, 0, 596, 0, 488, 490, 487, 482, 480, 483, 485, 484, 485, 489, 499, 512, 525, 0, 0, 0, 587, 590, 603, 0, 608, 596, 613, 615, 616, 619, 622, 611, 626, 630, 634, 644, 630, 649, 660, 647, 671, 657, 677, 684, 700, 708, 714, 722, 730]
[0, 656, 651, 647, 643, 639, 636, 632, 621, 626, 0, 0, 0, 621, 0, 494, 494, 492, 487, 481, 482, 488, 488, 484, 485, 489, 499, 0, 525, 0, 0, 0, 587, 591, 599, 604, 606, 608, 610, 612, 614, 617, 619, 622, 626, 631, 635, 640, 644, 649, 655, 661, 666, 673, 678, 685, 692, 700, 707, 714, 723]
[0, 656, 652, 647, 647, 643, 639, 635, 632, 629, 626, 0, 0, 0, 493, 494, 494, 0, 492, 481, 482, 487, 488, 486, 489, 489, 499, 0, 525, 0, 0, 593, 596, 598, 606, 613, 615, 617, 619, 621, 624, 627, 631, 634, 638, 642, 646, 651, 656, 661, 666, 672, 678, 684, 691, 698, 705, 712, 720, 729, 738]
[0, 662, 656, 652, 648, 645, 640, 635, 632, 629, 626, 0, 0, 0, 0, 497, 495, 494, 490, 484, 480, 485, 489, 487, 486, 489, 499, 0, 525, 0, 0, 594, 596, 600, 608, 614, 615, 617, 619, 622, 625, 628, 631, 635, 639, 643, 648, 652, 657, 662, 667, 673, 679, 686, 692, 699, 707, 713, 720, 729, 739]
[0, 668, 662, 657, 652, 648, 645, 643, 639, 635, 626, 0, 0, 0, 0, 498, 497, 495, 489, 482, 480, 485, 485, 489, 487, 0, 0, 0, 525, 0, 0, 597, 599, 604, 611, 616, 619, 621, 623, 625, 628, 631, 634, 637, 642, 646, 650, 656, 661, 665, 671, 677, 683, 690, 697, 704, 711, 718, 726, 735, 743]
[0, 679, 674, 670, 666, 662, 657, 655, 652, 649, 0, 0, 0, 508, 503, 501, 499, 495, 490, 485, 487, 497, 499, 494, 490, 493, 0, 0, 525, 0, 0, 0, 601, 604, 616, 0, 621, 624, 626, 629, 632, 635, 638, 642, 644, 648, 658, 656, 662, 667, 673, 684, 691, 698, 697, 705, 711, 718, 735, 744, 753]
[0, 685, 680, 676, 671, 666, 662, 658, 655, 653, 0, 542, 0, 505, 502, 501, 499, 495, 490, 486, 487, 496, 500, 497, 494, 495, 0, 0, 525, 0, 0, 614, 618, 621, 630, 0, 640, 643, 645, 648, 651, 654, 658, 642, 662, 671, 658, 676, 679, 692, 673, 704, 709, 716, 723, 731, 738, 748, 757, 766, 775]
[0, 688, 682, 679, 675, 670, 667, 663, 660, 658, 0, 536, 0, 505, 502, 502, 500, 495, 490, 486, 488, 497, 504, 501, 494, 495, 0, 0, 0, 0, 0, 614, 618, 622, 630, 638, 641, 644, 646, 648, 651, 654, 657, 661, 666, 671, 675, 680, 686, 692, 697, 703, 710, 716, 723, 730, 737, 746, 755, 765, 774]
[0, 691, 685, 680, 676, 672, 667, 664, 661, 658, 0, 0, 530, 515, 506, 503, 499, 496, 491, 486, 488, 498, 505, 501, 497, 497, 499, 0, 535, 0, 617, 621, 624, 627, 637, 646, 647, 649, 651, 654, 657, 659, 663, 667, 671, 676, 681, 686, 692, 698, 703, 709, 715, 722, 729, 735, 743, 753, 762, 771, 780]
[0, 699, 694, 687, 683, 679, 675, 672, 669, 667, 0, 0, 530, 0, 505, 502, 498, 494, 489, 487, 495, 505, 510, 510, 497, 497, 499, 0, 535, 0, 618, 621, 624, 627, 637, 646, 647, 649, 651, 654, 658, 660, 663, 667, 671, 677, 681, 686, 692, 698, 704, 709, 715, 723, 730, 736, 744, 754, 762, 771, 780]
[0, 704, 699, 694, 688, 683, 680, 677, 675, 671, 0, 0, 533, 0, 505, 502, 498, 493, 489, 488, 498, 508, 510, 511, 503, 500, 499, 0, 0, 0, 618, 0, 630, 634, 637, 647, 655, 656, 658, 660, 663, 666, 669, 680, 671, 684, 687, 693, 704, 698, 710, 715, 721, 728, 735, 742, 749, 767, 762, 785, 780]
[0, 715, 709, 704, 700, 695, 692, 677, 688, 684, 682, 0, 0, 511, 504, 501, 496, 493, 492, 495, 506, 512, 513, 511, 508, 502, 499, 0, 0, 0, 618, 0, 636, 639, 643, 652, 660, 661, 663, 666, 668, 672, 675, 679, 684, 688, 694, 700, 705, 710, 715, 721, 728, 735, 742, 749, 758, 766, 775, 784, 793]
[0, 715, 710, 704, 705, 699, 695, 693, 690, 686, 682, 0, 0, 0, 502, 500, 496, 495, 491, 492, 498, 507, 512, 515, 515, 502, 512, 0, 0, 0, 618, 0, 649, 652, 662, 672, 674, 676, 678, 680, 684, 688, 692, 697, 701, 705, 710, 715, 719, 725, 732, 738, 745, 752, 759, 767, 775, 784, 793, 803, 812]
[0, 728, 722, 717, 714, 711, 708, 704, 690, 697, 682, 0, 0, 0, 505, 501, 496, 496, 495, 492, 510, 515, 516, 515, 516, 513, 509, 0, 0, 0, 644, 648, 651, 653, 663, 673, 674, 676, 679, 681, 686, 690, 694, 698, 702, 706, 711, 716, 721, 728, 734, 741, 749, 755, 761, 770, 779, 788, 797, 805, 815]
[0, 734, 728, 722, 717, 713, 710, 707, 704, 701, 697, 0, 0, 0, 509, 503, 500, 496, 493, 496, 504, 512, 515, 517, 518, 516, 509, 0, 0, 0, 644, 0, 662, 667, 678, 686, 690, 692, 693, 695, 700, 704, 707, 710, 715, 718, 723, 730, 736, 742, 748, 755, 762, 768, 776, 785, 793, 803, 811, 820, 829]
[0, 733, 728, 722, 717, 714, 711, 708, 705, 701, 702, 0, 0, 0, 505, 503, 496, 496, 496, 496, 512, 516, 516, 517, 519, 518, 515, 0, 0, 0, 644, 0, 663, 673, 683, 686, 688, 692, 696, 698, 700, 704, 708, 712, 716, 721, 726, 732, 737, 743, 751, 758, 765, 771, 779, 788, 796, 804, 814, 823, 832]
[0, 746, 740, 735, 731, 726, 721, 717, 715, 712, 710, 0, 0, 0, 508, 502, 500, 496, 497, 505, 513, 518, 518, 520, 518, 516, 515, 0, 0, 0, 0, 665, 669, 680, 691, 694, 696, 699, 701, 703, 707, 711, 714, 718, 722, 728, 734, 739, 744, 750, 758, 765, 771, 778, 787, 795, 803, 812, 822, 830, 838]
[0, 757, 751, 746, 741, 736, 732, 728, 724, 720, 718, 0, 0, 0, 512, 504, 499, 498, 499, 506, 514, 518, 520, 522, 521, 519, 516, 517, 528, 543, 0, 676, 669, 698, 691, 700, 703, 706, 708, 710, 713, 716, 719, 729, 722, 738, 734, 744, 750, 763, 770, 765, 777, 791, 800, 808, 803, 817, 834, 844, 855]
[0, 757, 751, 746, 741, 736, 732, 729, 724, 720, 718, 0, 0, 0, 512, 504, 500, 498, 499, 506, 514, 518, 520, 522, 521, 520, 518, 517, 528, 0, 0, 0, 697, 707, 709, 711, 714, 717, 719, 722, 726, 730, 734, 739, 743, 748, 755, 760, 766, 772, 779, 786, 794, 802, 809, 818, 827, 834, 845, 856, 866]
[0, 772, 765, 761, 757, 753, 748, 744, 740, 737, 733, 0, 0, 0, 517, 509, 502, 500, 502, 510, 517, 520, 521, 523, 521, 520, 518, 517, 528, 0, 0, 0, 696, 707, 709, 711, 714, 717, 719, 722, 726, 730, 734, 739, 743, 748, 754, 760, 766, 772, 779, 786, 794, 801, 808, 818, 826, 834, 844, 855, 866]
[0, 778, 772, 761, 761, 757, 748, 754, 750, 746, 742, 739, 0, 0, 514, 509, 506, 501, 503, 516, 517, 521, 523, 525, 525, 524, 521, 517, 528, 0, 0, 718, 721, 724, 726, 728, 731, 735, 738, 741, 744, 749, 753, 757, 762, 766, 772, 778, 785, 792, 799, 806, 812, 820, 828, 836, 846, 856, 865, 874, 884]
[0, 793, 787, 782, 777, 772, 768, 764, 761, 758, 755, 739, 0, 0, 523, 516, 508, 504, 507, 514, 520, 523, 525, 526, 525, 525, 523, 520, 526, 538, 0, 724, 725, 728, 731, 734, 736, 738, 741, 745, 749, 753, 757, 762, 766, 771, 777, 783, 791, 797, 803, 810, 816, 824, 832, 840, 851, 861, 868, 877, 886]
[0, 794, 788, 783, 778, 773, 769, 766, 763, 760, 755, 757, 0, 527, 520, 516, 504, 505, 511, 518, 520, 524, 526, 526, 526, 524, 522, 523, 532, 544, 0, 740, 740, 742, 746, 749, 752, 754, 758, 762, 765, 769, 773, 777, 783, 789, 794, 800, 808, 814, 820, 827, 834, 840, 849, 859, 868, 877, 886, 894, 904]
[0, 797, 790, 783, 778, 774, 770, 766, 763, 760, 757, 757, 0, 531, 522, 513, 504, 504, 509, 517, 522, 524, 525, 526, 526, 525, 522, 525, 535, 544, 0, 741, 743, 744, 747, 749, 753, 756, 758, 762, 765, 770, 774, 778, 782, 788, 795, 800, 806, 814, 821, 827, 833, 839, 849, 859, 867, 875, 884, 893, 903]
[0, 797, 790, 783, 778, 774, 770, 766, 763, 760, 757, 757, 0, 531, 522, 512, 504, 504, 509, 517, 522, 524, 526, 527, 526, 525, 524, 525, 535, 0, 0, 740, 744, 746, 0, 753, 756, 756, 762, 762, 765, 768, 773, 783, 782, 788, 794, 800, 806, 814, 821, 826, 839, 847, 849, 867, 867, 883, 891, 902, 903]
[0, 827, 822, 815, 810, 806, 801, 796, 792, 789, 786, 783, 0, 0, 532, 527, 517, 509, 512, 519, 524, 526, 527, 528, 526, 525, 524, 525, 534, 0, 0, 741, 742, 744, 746, 749, 753, 756, 758, 762, 766, 769, 773, 778, 782, 788, 794, 800, 806, 813, 821, 826, 832, 839, 849, 859, 867, 874, 883, 893, 902]
[0, 828, 824, 819, 813, 809, 804, 800, 797, 794, 791, 783, 0, 536, 528, 523, 514, 511, 517, 523, 526, 526, 527, 526, 527, 527, 527, 528, 534, 546, 0, 770, 772, 774, 778, 781, 784, 787, 791, 795, 799, 804, 809, 816, 821, 825, 830, 835, 840, 847, 856, 863, 868, 876, 884, 893, 903, 914, 925, 934, 945]
[0, 830, 825, 818, 813, 810, 805, 800, 797, 794, 791, 783, 0, 0, 528, 523, 514, 511, 517, 523, 526, 527, 528, 528, 527, 527, 528, 531, 538, 546, 0, 777, 779, 780, 783, 786, 789, 793, 796, 799, 803, 807, 812, 817, 823, 828, 833, 837, 844, 853, 860, 867, 873, 880, 888, 896, 907, 917, 927, 937, 947]
[0, 843, 836, 831, 826, 822, 817, 813, 810, 806, 803, 801, 0, 0, 533, 528, 519, 512, 517, 524, 527, 529, 530, 529, 528, 527, 528, 530, 538, 546, 0, 777, 780, 780, 783, 786, 789, 793, 796, 799, 803, 807, 812, 817, 823, 828, 833, 837, 845, 853, 860, 867, 873, 880, 888, 896, 907, 917, 927, 937, 947]
[0, 843, 837, 832, 828, 824, 820, 816, 812, 808, 804, 802, 0, 0, 536, 530, 525, 516, 515, 522, 525, 527, 528, 530, 528, 527, 529, 531, 538, 0, 789, 790, 792, 794, 798, 800, 804, 808, 811, 815, 819, 825, 830, 833, 839, 845, 851, 858, 865, 872, 877, 884, 891, 899, 908, 918, 928, 938, 947, 959, 971]
[0, 873, 868, 862, 856, 851, 846, 840, 838, 835, 831, 828, 827, 0, 0, 534, 530, 522, 520, 525, 528, 530, 531, 532, 529, 533, 534, 529, 534, 548, 0, 790, 792, 795, 797, 800, 802, 806, 810, 812, 816, 822, 827, 832, 838, 844, 848, 856, 862, 868, 875, 881, 888, 896, 905, 916, 927, 936, 945, 956, 968]
[0, 871, 866, 861, 856, 851, 846, 841, 838, 835, 832, 829, 827, 0, 0, 534, 529, 522, 522, 527, 528, 528, 529, 532, 532, 532, 533, 535, 540, 0, 820, 821, 823, 825, 827, 829, 831, 834, 839, 843, 848, 854, 860, 866, 870, 874, 880, 886, 892, 899, 906, 915, 923, 933, 941, 950, 960, 971, 984, 996, 1008]
[0, 872, 866, 861, 856, 851, 846, 841, 838, 835, 832, 831, 827, 0, 537, 534, 529, 520, 525, 528, 529, 528, 531, 532, 531, 533, 534, 535, 541, 0, 822, 823, 824, 826, 828, 830, 834, 837, 841, 844, 850, 856, 862, 867, 872, 877, 883, 889, 895, 903, 911, 921, 928, 935, 945, 954, 966, 978, 989, 1000, 1013]
[0, 881, 876, 872, 867, 862, 858, 854, 850, 845, 842, 839, 827, 0, 0, 534, 531, 524, 526, 0, 529, 528, 531, 532, 532, 533, 535, 535, 0, 0, 0, 825, 826, 828, 829, 832, 835, 839, 843, 848, 853, 857, 862, 868, 872, 877, 883, 889, 896, 904, 911, 919, 928, 937, 947, 956, 966, 978, 989, 999, 1012]
[0, 891, 885, 880, 875, 871, 867, 863, 859, 845, 853, 839, 849, 0, 0, 534, 537, 529, 524, 528, 530, 530, 531, 532, 534, 533, 538, 535, 540, 0, 0, 838, 840, 841, 844, 849, 852, 857, 861, 864, 868, 872, 878, 883, 888, 893, 899, 906, 914, 922, 929, 937, 945, 954, 964, 976, 987, 997, 1007, 1019, 1032]
[0, 921, 914, 907, 902, 897, 892, 888, 884, 881, 879, 877, 875, 873, 0, 0, 541, 533, 528, 531, 532, 533, 534, 532, 534, 535, 537, 539, 541, 0, 841, 842, 846, 847, 848, 852, 857, 861, 864, 868, 871, 876, 880, 883, 889, 896, 902, 909, 915, 923, 932, 939, 947, 956, 966, 978, 989, 999, 1009, 1022, 1034]
[0, 921, 915, 909, 903, 898, 894, 890, 886, 883, 880, 877, 876, 873, 0, 542, 541, 539, 531, 529, 531, 531, 533, 535, 538, 540, 540, 542, 0, 869, 871, 873, 874, 876, 880, 882, 886, 888, 892, 898, 903, 907, 912, 918, 925, 931, 939, 945, 951, 959, 967, 977, 988, 998, 1006, 1016, 1028, 1038, 1051, 1066, 1080]
[0, 929, 921, 915, 910, 904, 898, 894, 890, 885, 883, 881, 880, 878, 0, 0, 541, 537, 531, 531, 533, 533, 534, 535, 537, 538, 539, 542, 0, 0, 871, 872, 875, 877, 879, 881, 885, 889, 892, 895, 900, 906, 911, 916, 922, 930, 936, 941, 948, 956, 966, 975, 983, 993, 1003, 1013, 1023, 1034, 1047, 1061, 1074]
[0, 944, 938, 932, 926, 920, 916, 911, 906, 901, 897, 896, 894, 891, 0, 0, 0, 541, 534, 532, 535, 533, 535, 536, 538, 539, 540, 542, 0, 0, 873, 874, 877, 880, 882, 885, 889, 892, 894, 899, 904, 909, 914, 920, 926, 934, 940, 946, 953, 960, 970, 980, 990, 999, 1007, 1017, 1029, 1040, 1052, 1067, 1081]
[0, 951, 944, 937, 933, 928, 923, 918, 913, 910, 907, 903, 900, 898, 897, 0, 0, 541, 536, 534, 535, 534, 537, 537, 539, 540, 540, 545, 0, 888, 889, 889, 891, 894, 897, 901, 905, 909, 913, 918, 924, 930, 936, 940, 946, 952, 958, 967, 976, 986, 993, 1001, 1011, 1021, 1032, 1042, 1055, 1069, 1082, 1094, 1108]
[0, 950, 943, 937, 932, 927, 922, 916, 912, 909, 905, 902, 899, 897, 897, 0, 0, 539, 534, 532, 533, 535, 538, 539, 539, 539, 542, 552, 0, 893, 894, 896, 898, 902, 905, 908, 912, 916, 921, 926, 931, 934, 938, 945, 952, 959, 966, 973, 982, 988, 997, 1006, 1016, 1027, 1035, 1044, 1058, 1070, 1083, 1095, 1109]
[0, 948, 941, 936, 931, 925, 921, 915, 911, 908, 905, 901, 899, 897, 897, 0, 544, 539, 533, 532, 534, 536, 538, 538, 540, 540, 542, 552, 0, 894, 895, 897, 900, 902, 905, 908, 912, 917, 921, 926, 930, 936, 941, 946, 952, 959, 967, 975, 984, 993, 1001, 1009, 1016, 1029, 1039, 1050, 1062, 1076, 1089, 1102, 1116]
[0, 966, 958, 952, 945, 941, 937, 932, 928, 924, 921, 918, 916, 913, 910, 0, 0, 546, 539, 536, 539, 536, 539, 541, 540, 540, 543, 552, 0, 894, 895, 897, 900, 0, 902, 909, 912, 913, 918, 922, 927, 936, 942, 946, 947, 952, 960, 968, 975, 984, 993, 1002, 1019, 1029, 1040, 1050, 1050, 1063, 1089, 1102, 1102]
[0, 981, 974, 967, 959, 954, 949, 945, 942, 938, 934, 932, 930, 927, 925, 0, 0, 550, 543, 537, 537, 540, 541, 541, 540, 540, 543, 552, 0, 907, 909, 912, 914, 916, 919, 923, 927, 932, 935, 938, 943, 947, 953, 959, 966, 974, 982, 989, 996, 1003, 1011, 1019, 1030, 1040, 1050, 1062, 1074, 1085, 1101, 1115, 1129]
[0, 1015, 1009, 1002, 997, 991, 986, 980, 975, 971, 968, 964, 961, 959, 957, 0, 956, 550, 0, 544, 546, 540, 547, 547, 542, 547, 559, 0, 927, 928, 930, 933, 936, 939, 941, 944, 950, 955, 959, 964, 970, 977, 984, 990, 996, 1003, 1011, 1018, 1026, 1035, 1045, 1055, 1066, 1077, 1087, 1101, 1115, 1128, 1143, 1157, 1170]
[0, 1015, 1012, 1000, 995, 991, 989, 984, 979, 975, 971, 968, 964, 961, 958, 956, 956, 550, 0, 546, 544, 547, 547, 548, 550, 547, 559, 0, 957, 928, 963, 0, 965, 970, 974, 977, 981, 985, 990, 995, 999, 1004, 1015, 990, 1023, 1037, 1011, 1052, 1060, 1035, 1080, 1089, 1100, 1111, 1124, 1139, 1152, 1163, 1175, 1189, 1204]
[0, 1041, 1034, 1027, 1021, 1014, 1008, 1004, 1001, 998, 996, 992, 989, 987, 985, 984, 983, 550, 0, 551, 544, 558, 559, 548, 551, 547, 559, 0, 958, 959, 961, 963, 967, 970, 973, 978, 982, 986, 991, 996, 1000, 1004, 1010, 1017, 1025, 1033, 1039, 1047, 1056, 1063, 1072, 1081, 1093, 1105, 1117, 1129, 1143, 1158, 1169, 1181, 1195]
[0, 1073, 1065, 1058, 1052, 1046, 1041, 1036, 1032, 1029, 1024, 1021, 1019, 1017, 1016, 1015, 1013, 550, 0, 0, 557, 572, 577, 562, 571, 0, 0, 986, 988, 990, 993, 995, 997, 999, 1002, 1005, 1009, 1014, 1019, 1024, 1029, 1035, 1040, 1048, 1058, 1065, 1072, 1080, 1087, 1096, 1106, 1118, 1131, 1144, 1157, 1168, 1180, 1193, 1205, 1220, 1237]
[0, 1089, 1082, 1076, 1069, 1062, 1057, 1052, 1049, 1046, 1041, 1037, 1034, 1032, 1030, 1029, 1027, 1027, 0, 0, 557, 0, 584, 562, 0, 0, 1018, 1018, 988, 1020, 1023, 1027, 1028, 1029, 1037, 1005, 1040, 1052, 1019, 1056, 1061, 1068, 1074, 1078, 1085, 1093, 1102, 1112, 1120, 1129, 1140, 1151, 1163, 1175, 1187, 1199, 1211, 1225, 1242, 1258, 1273]
[0, 1085, 1078, 1072, 1066, 1059, 1055, 1051, 1046, 1041, 1038, 1037, 1035, 1032, 1031, 1030, 1029, 1027, 1027, 0, 557, 0, 585, 588, 599, 0, 1031, 1032, 1034, 1036, 1039, 1042, 1045, 1048, 1049, 1052, 1055, 1061, 1067, 1072, 1079, 1085, 1092, 1100, 1108, 1116, 1125, 1134, 1142, 1152, 1163, 1172, 1184, 1197, 1209, 1224, 1239, 1254, 1273, 1290, 1302]
[0, 1090, 1085, 1077, 1069, 1063, 1057, 1053, 1049, 1046, 1041, 1037, 1034, 1031, 1029, 1028, 1027, 1026, 1027, 0, 557, 0, 585, 588, 0, 0, 1031, 1032, 1034, 1036, 1038, 1042, 1045, 1046, 1048, 1051, 1057, 1062, 1066, 1071, 1077, 1083, 1089, 1096, 1105, 1115, 1125, 1132, 1141, 1152, 1160, 1170, 1180, 1193, 1207, 1222, 1243, 1257, 1270, 1285, 1296]
[0, 1135, 1127, 1119, 1113, 1106, 1101, 1096, 1092, 1088, 1084, 1080, 1079, 1078, 1075, 1073, 1073, 1073, 1071, 1070, 1071, 1072, 585, 589, 598, 0, 1030, 1032, 1033, 1036, 1039, 1042, 1044, 1046, 1048, 1052, 1055, 1061, 1067, 1072, 1078, 1084, 1091, 1098, 1106, 1116, 1125, 1133, 1142, 1152, 1161, 1170, 1183, 1195, 1208, 1223, 1241, 1256, 1271, 1287, 1301]
[0, 1137, 1131, 1124, 1116, 1110, 1104, 1099, 1094, 1089, 1086, 1083, 1080, 1078, 1076, 1074, 1074, 1074, 1072, 1071, 1071, 1073, 1073, 589, 1075, 0, 1078, 1079, 1081, 1036, 1087, 1089, 1044, 1095, 1048, 1100, 1104, 1109, 1124, 1072, 1141, 1084, 1151, 1160, 1169, 1174, 1175, 1186, 1196, 1205, 1217, 1230, 1242, 1253, 1266, 1277, 1307, 1256, 1325, 1364, 1385]
[0, 1166, 1160, 1153, 1147, 1142, 1136, 1132, 1126, 1120, 1118, 1114, 1110, 1109, 1107, 1074, 1105, 1105, 1105, 1108, 1114, 1116, 1112, 1076, 1075, 1075, 1076, 1077, 1080, 1082, 1084, 1087, 1090, 1094, 1098, 1103, 1107, 1112, 1122, 1131, 1137, 1144, 1154, 1162, 1170, 1175, 1179, 1187, 1198, 1211, 1224, 1237, 1248, 1260, 1273, 1287, 1301, 1317, 1336, 1355, 1374]
[0, 1169, 1161, 1154, 1149, 1144, 1137, 1132, 1126, 1122, 1119, 1115, 1111, 1108, 1107, 1106, 1107, 1106, 1107, 1114, 1115, 1111, 1112, 1108, 1107, 1109, 1114, 1123, 1125, 1124, 1126, 1127, 1128, 1131, 1134, 1141, 1147, 1151, 1156, 1161, 1168, 1175, 1183, 1192, 1198, 1207, 1215, 1222, 1235, 1247, 1258, 1268, 1279, 1290, 1303, 1318, 1334, 1351, 1368, 1387, 1407]
[0, 1189, 1179, 1173, 1166, 1160, 1156, 1152, 1147, 1140, 1136, 1133, 1130, 1127, 1127, 1127, 1128, 1130, 1129, 1128, 1129, 1129, 1107, 1107, 1110, 1113, 1118, 1121, 1122, 1127, 1129, 1128, 1131, 1136, 1134, 1143, 1147, 1153, 1156, 1168, 1175, 1181, 1188, 1197, 1203, 1211, 1222, 1230, 1242, 1256, 1266, 1277, 1287, 1298, 1312, 1330, 1351, 1369, 1384, 1401, 1421]
[0, 1199, 1192, 1185, 1178, 1173, 1168, 1164, 1160, 1157, 1155, 1152, 1148, 1144, 1145, 1147, 1149, 1147, 1143, 1143, 1143, 1142, 1126, 1129, 1135, 1137, 1139, 1137, 1138, 1139, 1140, 1144, 1146, 1149, 1153, 1159, 1164, 1169, 1174, 1180, 1188, 1195, 1200, 1209, 1218, 1226, 1238, 1247, 1257, 1268, 1279, 1290, 1302, 1317, 1332, 1347, 1362, 1376, 1389, 1401, 1415]
[0, 1230, 1221, 1212, 1204, 1198, 1191, 1186, 1182, 1179, 1175, 1172, 1172, 1170, 1168, 1165, 1165, 1167, 1166, 1167, 1167, 1167, 1140, 1142, 1135, 1146, 1139, 1150, 1159, 1139, 1160, 1161, 1163, 1165, 1168, 1170, 1173, 1180, 1186, 1192, 1198, 1205, 1213, 1224, 1234, 1241, 1250, 1259, 1269, 1279, 1290, 1300, 1308, 1319, 1330, 1341, 1354, 1368, 1380, 1393, 1406]
[0, 1223, 1214, 1207, 1200, 1195, 1191, 1183, 1182, 1180, 1177, 1173, 1171, 1169, 1168, 1167, 1165, 1166, 1166, 1165, 1166, 1167, 1166, 1166, 1166, 1167, 1171, 1173, 1172, 1174, 1178, 1181, 1184, 1187, 1191, 1197, 1202, 1207, 1214, 1219, 1223, 1229, 1235, 1242, 1249, 1255, 1262, 1269, 1275, 1283, 1292, 1302, 1311, 1321, 1333, 1348, 1362, 1373, 1386, 1401, 1415]
[0, 1262, 1255, 1247, 1238, 1233, 1229, 1221, 1216, 1213, 1211, 1208, 1202, 1201, 1198, 1194, 1194, 1195, 1194, 1192, 1194, 1192, 1166, 1166, 1166, 1165, 1168, 1172, 1173, 1173, 1176, 1181, 1184, 1187, 1190, 1194, 1198, 1205, 1212, 1218, 1224, 1227, 1232, 1238, 1245, 1252, 1258, 1265, 1272, 1279, 1287, 1295, 1307, 1320, 1332, 1345, 1357, 1367, 1382, 1397, 1410]
[0, 1264, 1255, 1248, 1239, 1231, 1227, 1223, 1219, 1213, 1211, 1208, 1202, 1200, 1198, 1194, 1193, 1195, 1194, 1194, 1193, 1192, 1192, 1194, 1195, 1196, 1196, 1198, 1199, 1198, 1196, 1198, 1199, 1201, 1203, 1205, 1209, 1211, 1215, 1219, 1224, 1229, 1235, 1242, 1249, 1255, 1260, 1268, 1274, 1282, 1289, 1299, 1310, 1323, 1336, 1346, 1360, 1373, 1384, 1399, 1413]
[0, 1284, 1278, 1271, 1262, 1256, 1251, 1248, 1243, 1238, 1232, 1226, 1222, 1222, 1220, 1218, 1214, 1212, 1212, 1211, 1211, 1208, 1193, 1194, 1195, 1197, 1197, 1195, 1196, 1198, 1194, 1196, 1200, 1201, 1203, 1204, 1208, 1213, 1216, 1220, 1224, 1230, 1235, 1242, 1249, 1255, 1261, 1267, 1274, 1282, 1290, 1299, 1311, 1322, 1334, 1347, 1360, 1372, 1385, 1400, 1412]
[0, 1281, 1274, 1267, 1261, 1255, 1252, 1247, 1241, 1236, 1231, 1227, 1224, 1222, 1220, 1217, 1216, 1214, 1212, 1211, 1208, 1203, 1200, 1198, 1199, 1199, 1198, 1195, 1196, 1197, 1196, 1197, 1196, 1198, 1203, 1205, 1209, 1211, 1216, 1220, 1224, 1229, 1236, 1242, 1249, 1254, 1259, 1266, 1274, 1281, 1289, 1299, 1310, 1323, 1336, 1347, 1358, 1371, 1384, 1398, 1412]
[0, 1281, 1326, 1311, 1303, 1295, 1287, 1281, 1276, 1264, 1252, 1248, 1244, 1237, 1233, 1227, 1221, 1216, 1212, 1208, 1204, 1203, 1202, 1202, 1200, 1199, 1198, 1196, 1197, 1197, 1198, 1199, 1201, 1198, 1203, 1207, 1209, 1214, 1216, 1224, 1224, 1228, 1233, 1237, 1244, 1251, 1255, 1260, 1268, 1277, 1285, 1291, 1304, 1315, 1327, 1340, 1351, 1362, 1377, 1393, 1406]
[0, 1323, 1311, 1311, 1305, 1296, 1288, 1283, 1277, 1266, 1256, 1249, 1245, 1239, 1232, 1226, 1221, 1218, 1215, 1210, 1205, 1203, 1200, 1198, 1199, 1197, 1196, 1195, 1196, 1197, 1196, 1198, 1198, 1200, 1202, 1204, 1208, 1212, 1215, 1220, 1224, 1229, 1235, 1241, 1248, 1254, 1260, 1267, 1273, 1281, 1288, 1298, 1310, 1321, 1333, 1344, 1357, 1368, 1381, 1399, 1413]
[0, 1340, 1327, 1315, 1305, 1293, 1284, 1276, 1268, 1260, 1254, 1249, 1241, 1235, 1232, 1228, 1221, 1215, 1211, 1206, 1202, 1200, 1200, 1197, 1196, 1195, 1195, 1195, 1195, 1195, 1195, 1195, 1197, 1200, 1201, 1203, 1206, 1208, 1213, 1218, 1224, 1228, 1233, 1239, 1244, 1250, 1257, 1265, 1271, 1279, 1286, 1295, 1306, 1316, 1329, 1340, 1352, 1366, 1379, 1393, 1407]
[0, 1340, 1327, 1313, 1303, 1293, 1285, 1277, 1268, 1260, 1254, 1249, 1242, 1236, 1232, 1224, 1218, 1216, 1210, 1205, 1204, 1201, 1198, 1195, 1196, 1196, 1195, 1194, 1194, 1194, 1195, 1196, 1197, 1198, 1200, 1204, 1206, 1210, 1216, 1217, 1221, 1229, 1235, 1241, 1247, 1250, 1256, 1266, 1273, 1280, 1288, 1298, 1307, 1317, 1330, 1344, 1358, 1367, 1380, 1397, 1411]
[0, 1335, 1324, 1312, 1300, 1289, 1280, 1272, 1265, 1259, 1252, 1245, 1238, 1232, 1226, 1221, 1216, 1213, 1209, 1205, 1204, 1199, 1198, 1198, 1198, 1197, 1196, 1195, 1195, 1196, 1196, 1197, 1198, 1199, 1201, 1203, 1205, 1208, 1212, 1216, 1223, 1229, 1234, 1240, 1244, 1250, 1259, 1266, 1272, 1280, 1287, 1297, 1307, 1318, 1332, 1344, 1357, 1368, 1381, 1397, 1409]
[0, 1338, 1326, 1312, 1300, 1289, 1282, 1274, 1266, 1260, 1252, 1246, 1241, 1234, 1228, 1221, 1217, 1212, 1207, 1205, 1202, 1200, 1198, 1198, 1197, 1195, 1196, 1196, 1194, 1196, 1196, 1194, 1195, 1198, 1200, 1202, 1206, 1209, 1212, 1215, 1220, 1227, 1232, 1237, 1243, 1250, 1257, 1263, 1267, 1273, 1283, 1292, 1302, 1313, 1323, 1337, 1349, 1360, 1372, 1386, 1402]
[0, 1336, 1324, 1310, 1298, 1288, 1280, 1272, 1264, 1257, 1251, 1245, 1239, 1233, 1227, 1220, 1216, 1213, 1208, 1203, 1200, 1200, 1198, 1196, 1196, 1195, 1194, 1195, 1195, 1194, 1194, 1195, 1195, 1197, 1200, 1202, 1204, 1208, 1210, 1214, 1220, 1225, 1231, 1239, 1245, 1251, 1258, 1265, 1270, 1278, 1286, 1296, 1307, 1319, 1331, 1342, 1358, 1371, 1383, 1397, 1412]
[0, 1330, 1317, 1305, 1295, 1284, 1276, 1272, 1269, 1263, 1255, 1248, 1244, 1238, 1231, 1225, 1220, 1217, 1214, 1209, 1204, 1202, 1198, 1196, 1193, 1194, 1194, 1193, 1193, 1193, 1193, 1195, 1195, 1197, 1201, 1205, 1204, 1206, 1208, 1211, 1215, 1225, 1230, 1239, 1243, 1249, 1258, 1264, 1270, 1279, 1286, 1293, 1307, 1321, 1331, 1342, 1357, 1368, 1381, 1397, 1410]
[0, 1340, 1327, 1313, 1301, 1291, 1284, 1277, 1268, 1260, 1252, 1246, 1242, 1236, 1231, 1226, 1218, 1213, 1209, 1203, 1202, 1201, 1200, 1196, 1195, 1194, 1194, 1194, 1194, 1194, 1194, 1195, 1196, 1198, 1198, 1201, 1205, 1208, 1212, 1215, 1218, 1222, 1226, 1234, 1243, 1245, 1248, 1257, 1264, 1272, 1282, 1289, 1297, 1310, 1323, 1337, 1347, 1358, 1375, 1390, 1404]
[0, 1339, 1326, 1312, 1301, 1292, 1281, 1273, 1267, 1260, 1252, 1246, 1241, 1234, 1231, 1223, 1215, 1213, 1209, 1204, 1202, 1200, 1198, 1196, 1194, 1192, 1192, 1194, 1195, 1194, 1194, 1194, 1193, 1197, 1199, 1200, 1204, 1206, 1210, 1214, 1218, 1222, 1228, 1235, 1240, 1246, 1251, 1258, 1267, 1273, 1283, 1293, 1302, 1312, 1324, 1337, 1350, 1361, 1374, 1389, 1405]
[0, 1339, 1326, 1312, 1300, 1290, 1283, 1275, 1266, 1259, 1253, 1247, 1240, 1234, 1228, 1221, 1217, 1214, 1207, 1203, 1202, 1199, 1198, 1195, 1195, 1193, 1192, 1191, 1188, 1191, 1195, 1193, 1194, 1197, 1200, 1202, 1203, 1205, 1209, 1214, 1218, 1223, 1229, 1234, 1240, 1246, 1250, 1257, 1267, 1276, 1286, 1291, 1300, 1312, 1327, 1340, 1349, 1361, 1374, 1392, 1407]
[0, 1334, 1321, 1310, 1298, 1289, 1281, 1273, 1264, 1257, 1251, 1245, 1239, 1232, 1227, 1221, 1213, 1209, 1206, 1203, 1201, 1199, 1197, 1195, 1194, 1195, 1194, 1191, 1191, 1193, 1190, 1189, 1194, 1197, 1199, 1200, 1202, 1205, 1209, 1216, 1220, 1223, 1228, 1233, 1239, 1247, 1252, 1260, 1271, 1278, 1283, 1289, 1301, 1313, 1327, 1341, 1350, 1363, 1376, 1391, 1406]
[0, 1334, 1325, 1314, 1302, 1292, 1283, 1275, 1269, 1262, 1254, 1245, 1241, 1235, 1227, 1224, 1219, 1212, 1207, 1206, 1203, 1199, 1197, 1195, 1192, 1191, 1193, 1194, 1193, 1193, 1190, 1191, 1195, 1197, 1199, 1200, 1201, 1205, 1208, 1212, 1219, 1223, 1230, 1235, 1239, 1246, 1253, 1261, 1270, 1274, 1279, 1289, 1302, 1313, 1325, 1339, 1353, 1365, 1375, 1393, 1407]
[0, 1339, 1326, 1312, 1300, 1290, 1281, 1274, 1267, 1260, 1252, 1244, 1238, 1230, 1225, 1220, 1217, 1214, 1208, 1203, 1201, 1199, 1197, 1196, 1194, 1192, 1191, 1193, 1193, 1193, 1193, 1192, 1193, 1195, 1197, 1199, 1199, 1204, 1208, 1209, 1216, 1221, 1225, 1233, 1242, 1245, 1249, 1256, 1263, 1271, 1279, 1285, 1295, 1309, 1322, 1335, 1348, 1359, 1371, 1383, 1400]
[0, 1335, 1322, 1311, 1298, 1286, 1277, 1272, 1266, 1259, 1251, 1242, 1237, 1231, 1225, 1221, 1216, 1210, 1206, 1203, 1201, 1199, 1196, 1195, 1194, 1192, 1192, 1191, 1189, 1190, 1193, 1192, 1192, 1196, 1197, 1197, 1199, 1203, 1207, 1211, 1217, 1221, 1227, 1232, 1236, 1242, 1249, 1258, 1264, 1271, 1279, 1288, 1301, 1311, 1323, 1336, 1348, 1361, 1374, 1389, 1404]
[0, 1335, 1322, 1309, 1296, 1285, 1277, 1271, 1263, 1254, 1247, 1242, 1234, 1229, 1226, 1219, 1215, 1209, 1205, 1203, 1199, 1199, 1197, 1195, 1194, 1193, 1192, 1191, 1189, 1191, 1193, 1192, 1192, 1194, 1198, 1198, 1201, 1204, 1206, 1210, 1217, 1222, 1225, 1230, 1239, 1246, 1251, 1258, 1267, 1278, 1287, 1298, 1313, 1325, 1338, 1351, 1362, 1378, 1392, 1407, 1425]
[0, 1327, 1315, 1303, 1290, 1282, 1274, 1267, 1260, 1252, 1246, 1242, 1236, 1229, 1224, 1218, 1215, 1212, 1205, 1203, 1201, 1198, 1198, 1194, 1193, 1192, 1192, 1190, 1191, 1192, 1192, 1195, 1195, 1196, 1198, 1200, 1203, 1206, 1209, 1212, 1217, 1224, 1230, 1235, 1240, 1248, 1257, 1264, 1273, 1284, 1295, 1306, 1316, 1328, 1342, 1355, 1370, 1385, 1399, 1414, 1432]
[0, 1330, 1314, 1302, 1292, 1283, 1277, 1270, 1262, 1256, 1249, 1241, 1236, 1229, 1223, 1220, 1214, 1210, 1206, 1203, 1200, 1198, 1198, 1195, 1193, 1192, 1187, 1187, 1188, 1188, 1189, 1191, 1194, 1195, 1197, 1201, 1205, 1208, 1213, 1220, 1226, 1232, 1239, 1246, 1252, 1255, 1262, 1271, 1276, 1284, 1293, 1302, 1312, 1323, 1332, 1345, 1361, 1373, 1386, 1403, 1419]
[0, 1329, 1314, 1302, 1292, 1283, 1276, 1270, 1262, 1255, 1248, 1241, 1236, 1229, 1223, 1219, 1212, 1208, 1205, 1203, 1200, 1197, 1196, 1193, 1191, 1191, 1191, 1190, 1190, 1192, 1192, 1194, 1195, 1196, 1199, 1204, 1210, 1215, 1220, 1226, 1234, 1240, 1245, 1249, 1254, 1262, 1268, 1273, 1283, 1293, 1299, 1309, 1322, 1331, 1343, 1356, 1370, 1385, 1399, 1414, 1431]
[0, 1329, 1314, 1302, 1292, 1283, 1276, 1269, 1262, 1254, 1248, 1240, 1236, 1229, 1223, 1218, 1212, 1208, 1205, 1202, 1199, 1197, 1195, 1193, 1191, 1190, 1191, 1190, 1190, 1191, 1192, 1194, 1194, 1195, 1199, 1204, 1210, 1215, 1220, 1226, 1234, 1240, 1245, 1249, 1254, 1261, 1268, 1274, 1283, 1293, 1300, 1309, 1321, 1332, 1345, 1358, 1370, 1385, 1399, 1415, 1432]
[0, 1329, 1325, 1313, 1301, 1288, 1279, 1271, 1263, 1255, 1251, 1245, 1237, 1231, 1227, 1222, 1218, 1212, 1208, 1206, 1207, 1206, 1195, 1193, 1191, 1190, 1192, 1191, 1189, 1190, 1191, 1193, 1194, 1195, 1199, 1204, 1210, 1215, 1220, 1226, 1233, 1239, 1245, 1249, 1254, 1261, 1267, 1273, 1283, 1292, 1299, 1307, 1319, 1331, 1343, 1355, 1369, 1384, 1398, 1414, 1431]
[0, 1331, 1321, 1310, 1297, 1285, 1276, 1270, 1265, 1258, 1252, 1244, 1237, 1234, 1228, 1225, 1224, 1222, 1219, 1218, 1218, 1216, 1204, 1203, 1202, 1203, 1205, 1205, 1206, 1208, 1208, 1208, 1209, 1209, 1212, 1214, 1214, 1217, 1220, 1225, 1231, 1236, 1239, 1244, 1251, 1257, 1264, 1271, 1275, 1282, 1294, 1303, 1309, 1319, 1330, 1343, 1360, 1375, 1389, 1404, 1418]
[0, 1333, 1321, 1310, 1302, 1296, 1290, 1282, 1276, 1272, 1264, 1257, 1251, 1244, 1239, 1236, 1232, 1227, 1221, 1217, 1214, 1213, 1212, 1209, 1208, 1207, 1206, 1206, 1205, 1207, 1208, 1208, 1210, 1210, 1212, 1213, 1214, 1219, 1224, 1227, 1231, 1236, 1242, 1247, 1253, 1258, 1265, 1271, 1277, 1283, 1293, 1304, 1313, 1325, 1338, 1350, 1361, 1377, 1391, 1407, 1425]
[0, 1346, 1334, 1323, 1314, 1300, 1290, 1285, 1279, 1269, 1262, 1257, 1251, 1247, 1243, 1236, 1232, 1226, 1221, 1218, 1216, 1212, 1211, 1210, 1207, 1206, 1207, 1206, 1207, 1206, 1206, 1209, 1210, 1208, 1208, 1214, 1217, 1218, 1221, 1227, 1233, 1239, 1244, 1249, 1254, 1261, 1267, 1271, 1279, 1287, 1296, 1307, 1318, 1328, 1339, 1355, 1369, 1383, 1395, 1410, 1426]
[0, 1340, 1334, 1319, 1309, 1300, 1299, 1290, 1283, 1276, 1269, 1261, 1255, 1250, 1244, 1238, 1233, 1229, 1226, 1222, 1217, 1215, 1210, 1210, 1209, 1208, 1206, 1205, 1206, 1206, 1207, 1207, 1208, 1211, 1212, 1214, 1215, 1216, 1221, 1226, 1232, 1237, 1243, 1248, 1254, 1259, 1265, 1274, 1282, 1288, 1295, 1306, 1318, 1327, 1339, 1352, 1366, 1380, 1393, 1409, 1425]
[0, 1350, 1336, 1327, 1318, 1305, 1296, 1289, 1281, 1272, 1264, 1258, 1254, 1250, 1243, 1238, 1235, 1230, 1222, 1218, 1216, 1214, 1212, 1211, 1209, 1207, 1206, 1206, 1205, 1203, 1205, 1208, 1208, 1209, 1209, 1211, 1214, 1217, 1219, 1224, 1230, 1234, 1238, 1244, 1250, 1256, 1264, 1270, 1275, 1282, 1293, 1302, 1310, 1320, 1331, 1344, 1359, 1371, 1386, 1402, 1417]
[0, 1343, 1332, 1321, 1311, 1302, 1294, 1285, 1276, 1268, 1261, 1256, 1250, 1246, 1242, 1237, 1230, 1224, 1219, 1217, 1213, 1214, 1211, 1209, 1208, 1206, 1206, 1206, 1205, 1206, 1207, 1208, 1209, 1209, 1210, 1211, 1215, 1218, 1223, 1231, 1235, 1236, 1241, 1246, 1252, 1258, 1264, 1271, 1277, 1284, 1293, 1304, 1314, 1324, 1337, 1349, 1361, 1377, 1391, 1406, 1423]
[0, 1345, 1334, 1323, 1313, 1304, 1294, 1283, 1276, 1269, 1261, 1256, 1251, 1247, 1242, 1235, 1232, 1226, 1220, 1217, 1215, 1213, 1210, 1209, 1208, 1207, 1204, 1202, 1206, 1205, 1207, 1206, 1207, 1208, 1210, 1211, 1212, 1218, 1221, 1231, 1226, 1232, 1239, 1243, 1249, 1254, 1261, 1268, 1274, 1283, 1290, 1299, 1321, 1332, 1337, 1345, 1356, 1381, 1391, 1395, 1432]
[0, 1341, 1329, 1321, 1311, 1302, 1294, 1284, 1275, 1268, 1261, 1255, 1250, 1245, 1242, 1237, 1232, 1226, 1220, 1217, 1214, 1211, 1210, 1209, 1207, 1206, 1207, 1206, 1203, 1203, 1206, 1208, 1209, 1210, 1212, 1212, 1215, 1218, 1222, 1227, 1230, 1235, 1242, 1248, 1253, 1260, 1266, 1274, 1282, 1287, 1297, 1307, 1318, 1328, 1339, 1354, 1368, 1382, 1395, 1409, 1425]
[0, 1354, 1339, 1327, 1320, 1310, 1299, 1289, 1282, 1275, 1267, 1260, 1254, 1249, 1244, 1238, 1233, 1229, 1226, 1223, 1218, 1213, 1210, 1208, 1208, 1206, 1204, 1203, 1205, 1206, 1205, 1206, 1207, 1208, 1209, 1210, 1212, 1215, 1218, 1222, 1227, 1232, 1238, 1243, 1248, 1254, 1261, 1267, 1274, 1283, 1292, 1301, 1310, 1321, 1331, 1340, 1352, 1368, 1381, 1398, 1431]
[0, 1349, 1335, 1326, 1317, 1305, 1296, 1288, 1279, 1270, 1264, 1259, 1254, 1248, 1242, 1235, 1232, 1229, 1224, 1220, 1216, 1213, 1210, 1207, 1205, 1207, 1205, 1205, 1205, 1204, 1205, 1208, 1209, 1209, 1213, 1215, 1214, 1216, 1220, 1224, 1230, 1235, 1238, 1244, 1250, 1256, 1263, 1270, 1278, 1286, 1294, 1303, 1311, 1321, 1330, 1344, 1359, 1375, 1390, 1403, 1418]
[0, 1342, 1329, 1329, 1319, 1301, 1293, 1285, 1276, 1268, 1261, 1255, 1251, 1246, 1239, 1234, 1232, 1226, 1219, 1216, 1213, 1211, 1209, 1209, 1208, 1205, 1205, 1205, 1205, 1205, 1206, 1208, 1209, 1210, 1212, 1213, 1215, 1218, 1220, 1224, 1231, 1235, 1240, 1246, 1251, 1256, 1264, 1273, 1280, 1287, 1296, 1306, 1316, 1324, 1336, 1348, 1359, 1376, 1390, 1402, 1420]
[0, 1352, 1337, 1324, 1316, 1309, 1297, 1289, 1281, 1274, 1266, 1259, 1254, 1249, 1244, 1239, 1234, 1230, 1226, 1219, 1215, 1213, 1209, 1208, 1207, 1204, 1203, 1205, 1205, 1205, 1204, 1205, 1209, 1208, 1210, 1212, 1215, 1216, 1221, 1224, 1226, 1232, 1228, 1233, 1248, 1253, 1258, 1265, 1273, 1283, 1292, 1301, 1310, 1331, 1336, 1352, 1368, 1376, 1383, 1398, 1431]
[0, 1342, 1329, 1319, 1309, 1301, 1292, 1284, 1281, 1273, 1261, 1255, 1250, 1245, 1242, 1237, 1232, 1228, 1226, 1222, 1217, 1211, 1210, 1210, 1207, 1205, 1206, 1205, 1205, 1207, 1208, 1209, 1209, 1209, 1209, 1211, 1214, 1217, 1221, 1225, 1231, 1232, 1237, 1244, 1251, 1257, 1261, 1269, 1275, 1284, 1296, 1303, 1311, 1321, 1331, 1344, 1358, 1373, 1390, 1403, 1417]
[0, 1352, 1337, 1324, 1316, 1308, 1298, 1289, 1281, 1273, 1265, 1259, 1254, 1249, 1244, 1238, 1233, 1226, 1222, 1218, 1212, 1210, 1209, 1208, 1207, 1205, 1204, 1203, 1205, 1205, 1208, 1208, 1209, 1208, 1210, 1211, 1205, 1208, 1218, 1226, 1232, 1232, 1237, 1242, 1249, 1253, 1258, 1265, 1273, 1282, 1292, 1301, 1320, 1330, 1339, 1344, 1368, 1383, 1395, 1410, 1430]
[0, 1349, 1334, 1325, 1316, 1305, 1296, 1288, 1278, 1269, 1264, 1258, 1250, 1243, 1238, 1235, 1229, 1226, 1221, 1216, 1216, 1212, 1210, 1210, 1208, 1205, 1205, 1205, 1205, 1206, 1207, 1205, 1205, 1209, 1210, 1211, 1214, 1218, 1221, 1225, 1230, 1232, 1237, 1244, 1249, 1255, 1262, 1267, 1272, 1283, 1294, 1302, 1311, 1320, 1330, 1344, 1359, 1374, 1389, 1403, 1418]
[0, 1342, 1330, 1320, 1309, 1301, 1293, 1283, 1273, 1266, 1261, 1255, 1249, 1244, 1240, 1232, 1226, 1221, 1218, 1217, 1213, 1211, 1205, 1204, 1207, 1206, 1205, 1205, 1204, 1204, 1205, 1207, 1208, 1209, 1211, 1213, 1214, 1217, 1220, 1224, 1230, 1235, 1240, 1246, 1250, 1256, 1263, 1270, 1277, 1287, 1295, 1303, 1313, 1324, 1336, 1348, 1361, 1378, 1390, 1403, 1420]
[0, 1342, 1339, 1318, 1309, 1309, 1300, 1291, 1283, 1274, 1265, 1260, 1254, 1249, 1244, 1238, 1232, 1225, 1222, 1222, 1215, 1212, 1210, 1208, 1206, 1206, 1206, 1205, 1204, 1204, 1206, 1207, 1208, 1210, 1211, 1212, 1215, 1218, 1221, 1226, 1230, 1234, 1242, 1247, 1252, 1259, 1265, 1273, 1281, 1288, 1296, 1307, 1318, 1327, 1335, 1350, 1366, 1380, 1392, 1409, 1424]
