[0, 0, 0, 0, 0, 0, 0, 0, 0, 0, 0, 0, 0, 0, 0, 0, 0, 0, 0, 0, 0, 0, 0, 0, 0, 0, 0, 0, 0, 0, 0, 0, 0, 0, 0, 0, 0, 0, 0, 0, 0, 0, 0, 0, 0, 0, 0, 0, 0, 0, 0, 0, 0, 0, 0, 0, 0, 0, 0, 0, 0]
[0, 548, 545, 540, 535, 533, 530, 527, 524, 522, 519, 516, 514, 511, 509, 508, 506, 504, 503, 501, 502, 501, 500, 499, 498, 498, 498, 498, 497, 497, 499, 499, 500, 501, 502, 502, 505, 507, 507, 510, 512, 514, 516, 517, 522, 525, 529, 533, 532, 536, 543, 544, 552, 558, 562, 567, 574, 580, 586, 592, 599]
[0, 551, 546, 542, 538, 535, 531, 528, 525, 521, 519, 517, 514, 512, 510, 508, 506, 505, 503, 502, 501, 501, 500, 499, 498, 498, 498, 498, 498, 498, 498, 499, 499, 500, 502, 502, 503, 505, 507, 509, 511, 512, 515, 517, 520, 523, 526, 529, 533, 536, 541, 544, 549, 554, 559, 563, 568, 575, 582, 588, 594]
[0, 551, 546, 542, 538, 535, 531, 528, 525, 521, 519, 517, 514, 512, 510, 508, 506, 504, 503, 502, 501, 501, 500, 498, 498, 498, 498, 498, 497, 498, 498, 499, 500, 501, 502, 503, 503, 507, 507, 510, 512, 512, 514, 519, 520, 525, 529, 529, 533, 535, 539, 547, 552, 558, 562, 566, 574, 581, 586, 593, 600]
[0, 548, 543, 539, 535, 535, 532, 529, 526, 523, 521, 517, 514, 513, 511, 509, 507, 505, 505, 503, 502, 501, 500, 499, 498, 498, 498, 498, 497, 498, 498, 499, 500, 501, 502, 503, 503, 505, 507, 510, 512, 514, 516, 519, 522, 525, 529, 533, 533, 535, 543, 547, 552, 558, 562, 566, 573, 580, 586, 592, 599]
[0, 548, 545, 542, 537, 533, 531, 527, 524, 522, 519, 516, 514, 511, 509, 508, 507, 504, 503, 502, 501, 500, 500, 499, 499, 498, 497, 497, 498, 498, 499, 499, 499, 500, 502, 504, 505, 507, 508, 509, 511, 512, 515, 518, 521, 524, 527, 530, 535, 538, 542, 546, 551, 555, 560, 564, 569, 577, 584, 589, 597]
[0, 551, 547, 542, 538, 535, 532, 528, 525, 522, 520, 517, 514, 513, 510, 508, 507, 505, 503, 502, 502, 501, 500, 499, 498, 498, 498, 497, 498, 499, 499, 499, 499, 500, 502, 502, 503, 505, 507, 509, 511, 512, 514, 517, 520, 523, 526, 529, 532, 536, 540, 544, 549, 554, 559, 563, 569, 573, 580, 588, 594]
[0, 549, 544, 541, 537, 534, 531, 528, 525, 522, 519, 517, 514, 511, 509, 508, 508, 506, 505, 504, 503, 502, 500, 500, 499, 498, 498, 498, 498, 498, 498, 499, 499, 500, 501, 502, 504, 506, 508, 510, 512, 514, 516, 519, 522, 524, 529, 532, 535, 539, 543, 547, 552, 557, 562, 567, 573, 580, 586, 592, 599]
[0, 552, 548, 544, 540, 537, 531, 532, 525, 528, 525, 522, 521, 519, 516, 514, 512, 510, 509, 508, 508, 507, 506, 505, 500, 499, 498, 498, 499, 499, 498, 500, 501, 501, 502, 503, 505, 506, 508, 510, 511, 514, 517, 519, 521, 524, 527, 530, 534, 538, 541, 545, 551, 555, 560, 564, 569, 576, 583, 589, 596]
[0, 556, 548, 544, 544, 536, 531, 533, 531, 528, 525, 523, 520, 519, 516, 514, 512, 511, 510, 508, 507, 507, 506, 505, 503, 503, 504, 504, 504, 504, 504, 505, 506, 506, 508, 509, 510, 511, 513, 515, 518, 520, 522, 524, 527, 530, 533, 537, 541, 545, 550, 554, 558, 563, 567, 573, 579, 585, 592, 598, 606]
[0, 556, 552, 547, 543, 540, 536, 533, 530, 527, 525, 522, 519, 517, 516, 513, 512, 511, 510, 508, 507, 507, 506, 505, 504, 504, 504, 504, 504, 504, 504, 505, 506, 507, 508, 509, 511, 513, 515, 516, 518, 520, 523, 526, 528, 531, 534, 538, 542, 546, 550, 555, 559, 563, 568, 574, 581, 587, 594, 600, 606]
[0, 555, 551, 547, 543, 539, 535, 533, 530, 526, 524, 522, 520, 518, 515, 513, 512, 510, 509, 508, 508, 507, 506, 506, 505, 504, 504, 504, 505, 505, 505, 505, 506, 508, 509, 510, 511, 513, 514, 516, 519, 520, 521, 526, 529, 532, 536, 539, 543, 546, 551, 555, 560, 563, 570, 576, 582, 588, 594, 600, 608]
[0, 556, 553, 550, 546, 542, 539, 536, 533, 530, 527, 524, 523, 521, 519, 517, 514, 513, 512, 511, 511, 510, 509, 506, 505, 504, 504, 504, 504, 505, 505, 505, 506, 507, 508, 509, 510, 512, 514, 515, 517, 519, 522, 524, 527, 530, 533, 536, 540, 544, 548, 552, 557, 561, 566, 578, 582, 592, 594, 603, 608]
[0, 557, 553, 549, 546, 542, 539, 539, 536, 533, 531, 528, 525, 523, 521, 520, 518, 515, 514, 514, 513, 512, 511, 510, 508, 507, 507, 507, 508, 508, 508, 509, 509, 510, 511, 513, 510, 516, 518, 520, 522, 519, 527, 530, 527, 533, 539, 543, 547, 552, 556, 560, 564, 568, 574, 581, 586, 593, 600, 606, 613]
[0, 560, 557, 552, 548, 544, 541, 538, 535, 532, 529, 527, 525, 523, 521, 519, 518, 516, 514, 514, 513, 512, 511, 511, 510, 510, 509, 510, 510, 510, 510, 511, 512, 513, 513, 515, 517, 519, 520, 523, 525, 527, 529, 532, 535, 538, 541, 546, 550, 554, 558, 561, 565, 570, 576, 582, 588, 594, 602, 608, 613]
[0, 560, 557, 549, 548, 545, 541, 539, 536, 533, 530, 527, 525, 523, 521, 520, 518, 515, 514, 514, 513, 512, 511, 511, 510, 510, 509, 509, 509, 509, 510, 511, 512, 513, 514, 516, 517, 519, 521, 522, 523, 527, 530, 532, 535, 539, 542, 545, 550, 555, 557, 561, 566, 571, 577, 583, 589, 596, 601, 607, 615]
[0, 558, 554, 550, 547, 543, 540, 537, 534, 533, 529, 527, 525, 523, 521, 520, 519, 516, 514, 514, 513, 513, 512, 511, 510, 510, 509, 509, 510, 510, 510, 511, 512, 513, 514, 516, 517, 519, 521, 522, 523, 527, 530, 532, 535, 539, 542, 546, 550, 554, 558, 562, 566, 571, 577, 583, 589, 595, 601, 607, 615]
[0, 558, 554, 550, 547, 543, 540, 537, 534, 531, 529, 527, 525, 525, 521, 520, 519, 516, 514, 514, 513, 512, 512, 512, 511, 510, 510, 510, 510, 510, 510, 511, 512, 513, 514, 515, 517, 518, 520, 522, 524, 526, 529, 531, 534, 538, 540, 543, 548, 552, 556, 560, 564, 569, 575, 581, 587, 593, 600, 606, 612]
[0, 562, 559, 556, 547, 547, 545, 537, 539, 531, 536, 531, 525, 529, 527, 525, 524, 522, 520, 519, 518, 518, 517, 516, 511, 510, 510, 510, 510, 510, 510, 511, 512, 513, 514, 515, 517, 518, 520, 522, 524, 526, 529, 531, 535, 538, 540, 544, 548, 552, 556, 560, 564, 569, 575, 581, 587, 593, 600, 606, 613]
[0, 564, 561, 557, 554, 550, 547, 544, 541, 538, 535, 533, 531, 529, 527, 525, 524, 522, 520, 519, 518, 517, 517, 516, 516, 516, 516, 515, 515, 515, 516, 517, 519, 520, 520, 521, 523, 524, 526, 528, 530, 533, 535, 538, 541, 544, 547, 551, 555, 559, 564, 568, 572, 577, 582, 589, 595, 601, 607, 614, 622]
[0, 564, 560, 556, 552, 549, 546, 542, 539, 537, 534, 532, 529, 527, 526, 525, 522, 520, 520, 519, 517, 517, 517, 516, 515, 514, 514, 515, 516, 516, 516, 517, 518, 519, 520, 522, 524, 526, 528, 530, 531, 533, 536, 539, 542, 545, 548, 552, 556, 560, 564, 568, 574, 579, 585, 591, 597, 603, 610, 617, 624]
[0, 566, 563, 559, 555, 552, 549, 546, 539, 543, 540, 536, 534, 532, 531, 529, 529, 527, 524, 523, 522, 522, 521, 521, 515, 514, 515, 515, 515, 516, 517, 517, 517, 518, 520, 523, 524, 526, 528, 530, 530, 532, 534, 537, 540, 543, 546, 550, 554, 558, 565, 568, 570, 576, 588, 591, 599, 606, 610, 619, 626]
[0, 565, 563, 557, 554, 552, 551, 549, 545, 542, 539, 536, 535, 533, 531, 530, 528, 526, 524, 523, 522, 521, 521, 520, 520, 519, 519, 519, 520, 520, 520, 521, 521, 523, 524, 526, 528, 529, 531, 532, 535, 537, 540, 542, 545, 548, 552, 556, 559, 563, 568, 572, 578, 583, 588, 594, 600, 606, 612, 619, 626]
[0, 583, 577, 573, 569, 566, 562, 559, 557, 554, 551, 549, 546, 545, 543, 541, 538, 537, 536, 535, 534, 533, 533, 520, 520, 519, 519, 519, 520, 520, 520, 521, 522, 523, 524, 526, 527, 529, 531, 532, 535, 537, 540, 542, 545, 548, 552, 556, 559, 563, 568, 572, 579, 583, 588, 594, 600, 606, 612, 619, 627]
[0, 581, 577, 573, 568, 565, 562, 558, 556, 554, 551, 548, 545, 544, 543, 541, 538, 537, 536, 535, 534, 533, 533, 533, 533, 532, 532, 531, 532, 532, 532, 534, 534, 536, 538, 539, 541, 543, 544, 546, 548, 550, 553, 556, 559, 562, 566, 570, 574, 578, 583, 588, 593, 598, 604, 610, 616, 623, 630, 637, 645]
[0, 589, 584, 580, 576, 573, 569, 565, 562, 560, 558, 556, 554, 553, 550, 547, 546, 545, 536, 542, 535, 533, 538, 532, 532, 532, 531, 531, 533, 533, 533, 534, 535, 536, 537, 539, 541, 542, 544, 546, 549, 551, 553, 557, 560, 563, 566, 570, 575, 580, 584, 589, 594, 599, 604, 610, 617, 624, 630, 639, 647]
[0, 593, 588, 584, 581, 577, 573, 569, 566, 563, 560, 558, 557, 555, 550, 551, 546, 545, 536, 537, 534, 533, 532, 532, 540, 539, 539, 539, 539, 540, 540, 541, 542, 543, 545, 546, 547, 549, 551, 553, 555, 557, 560, 562, 565, 568, 572, 577, 584, 589, 584, 599, 594, 604, 610, 621, 628, 624, 643, 650, 657]
[0, 592, 588, 583, 580, 577, 572, 569, 566, 563, 561, 558, 556, 555, 550, 554, 552, 549, 544, 537, 534, 533, 532, 532, 535, 540, 541, 543, 543, 543, 544, 545, 546, 547, 549, 550, 551, 553, 555, 557, 558, 560, 563, 566, 569, 574, 577, 581, 585, 589, 594, 599, 604, 609, 614, 621, 627, 634, 641, 648, 656]
[0, 592, 588, 583, 579, 577, 572, 569, 565, 563, 563, 561, 559, 556, 555, 554, 551, 549, 543, 535, 533, 532, 532, 532, 536, 540, 542, 543, 543, 543, 544, 544, 545, 547, 549, 550, 551, 553, 555, 557, 559, 561, 563, 566, 570, 574, 577, 581, 585, 589, 594, 599, 604, 610, 615, 621, 628, 635, 641, 649, 656]
[0, 595, 590, 586, 582, 578, 575, 571, 568, 565, 563, 561, 559, 557, 555, 553, 551, 548, 541, 535, 534, 533, 533, 532, 536, 541, 542, 543, 544, 544, 545, 546, 546, 548, 550, 551, 552, 554, 556, 558, 560, 562, 565, 568, 571, 575, 579, 583, 588, 592, 596, 601, 606, 611, 617, 623, 630, 637, 644, 651, 659]
[0, 602, 597, 593, 589, 586, 583, 579, 575, 572, 569, 567, 565, 563, 561, 559, 552, 544, 538, 535, 533, 532, 532, 532, 538, 543, 543, 543, 544, 545, 545, 546, 547, 548, 550, 551, 552, 554, 556, 559, 560, 563, 565, 568, 573, 576, 580, 584, 589, 593, 597, 601, 606, 613, 619, 624, 631, 639, 646, 653, 661]
[0, 608, 604, 600, 596, 592, 589, 585, 575, 583, 580, 578, 573, 563, 570, 561, 552, 544, 537, 532, 531, 532, 532, 532, 535, 538, 543, 545, 544, 545, 547, 551, 554, 554, 556, 557, 558, 560, 562, 564, 566, 569, 573, 576, 579, 583, 587, 590, 594, 598, 604, 609, 613, 619, 625, 631, 639, 646, 653, 660, 668]
[0, 608, 619, 615, 596, 612, 607, 603, 601, 598, 595, 593, 591, 589, 0, 556, 549, 543, 536, 531, 531, 532, 532, 532, 534, 538, 541, 544, 547, 548, 550, 550, 552, 555, 559, 564, 568, 569, 571, 574, 576, 579, 582, 586, 589, 592, 596, 600, 604, 608, 612, 617, 623, 629, 635, 642, 648, 655, 662, 669, 677]
[0, 625, 621, 616, 612, 609, 605, 602, 599, 597, 593, 591, 589, 589, 0, 560, 546, 543, 538, 531, 531, 532, 532, 532, 533, 537, 543, 547, 549, 556, 562, 564, 565, 567, 569, 571, 575, 583, 588, 591, 594, 597, 600, 601, 604, 608, 611, 615, 620, 626, 632, 638, 644, 649, 655, 661, 669, 676, 683, 691, 700]
[0, 628, 623, 618, 615, 611, 607, 604, 600, 597, 595, 593, 591, 587, 0, 555, 548, 542, 535, 531, 532, 533, 532, 532, 532, 535, 540, 545, 551, 559, 563, 563, 564, 565, 568, 570, 574, 583, 590, 591, 592, 595, 598, 601, 603, 607, 610, 619, 624, 626, 630, 642, 647, 649, 653, 659, 665, 679, 687, 696, 704]
[0, 634, 628, 624, 619, 615, 612, 608, 605, 602, 600, 597, 596, 0, 563, 554, 547, 539, 532, 531, 531, 533, 533, 532, 533, 537, 544, 549, 552, 557, 562, 564, 565, 567, 569, 571, 577, 585, 589, 591, 594, 596, 599, 601, 604, 608, 611, 616, 621, 626, 632, 638, 644, 649, 655, 662, 669, 676, 683, 691, 700]
[0, 637, 631, 627, 623, 618, 613, 610, 608, 605, 602, 600, 598, 0, 563, 553, 547, 546, 537, 530, 531, 532, 532, 532, 533, 539, 546, 549, 550, 562, 567, 568, 570, 573, 569, 575, 582, 590, 595, 597, 599, 602, 606, 610, 613, 616, 620, 624, 630, 635, 641, 647, 652, 658, 665, 671, 678, 686, 694, 702, 710]
[0, 634, 630, 625, 621, 617, 613, 610, 610, 605, 602, 602, 599, 597, 0, 555, 548, 542, 535, 531, 531, 532, 532, 532, 532, 540, 546, 546, 552, 558, 566, 572, 570, 575, 578, 575, 581, 593, 595, 601, 604, 602, 610, 612, 613, 616, 623, 629, 635, 640, 645, 650, 656, 661, 668, 671, 683, 690, 699, 707, 714]
[0, 634, 629, 624, 621, 620, 617, 613, 610, 607, 605, 602, 599, 597, 0, 556, 549, 542, 535, 531, 531, 532, 532, 532, 533, 537, 543, 549, 555, 563, 569, 571, 573, 575, 577, 579, 582, 591, 598, 600, 603, 606, 609, 611, 614, 616, 621, 626, 631, 636, 641, 648, 653, 658, 665, 672, 678, 685, 694, 702, 710]
[0, 655, 650, 646, 641, 636, 632, 630, 627, 623, 621, 618, 615, 0, 559, 556, 549, 541, 533, 529, 528, 530, 532, 532, 533, 537, 543, 549, 555, 563, 569, 571, 573, 575, 577, 579, 582, 590, 598, 600, 603, 606, 609, 611, 614, 617, 621, 626, 631, 636, 641, 648, 653, 658, 665, 672, 678, 685, 693, 702, 710]
[0, 654, 650, 644, 641, 639, 634, 631, 627, 624, 621, 618, 617, 0, 0, 552, 544, 536, 531, 529, 529, 531, 532, 532, 532, 533, 546, 554, 555, 573, 569, 588, 590, 592, 594, 597, 582, 608, 616, 618, 621, 624, 627, 630, 635, 640, 645, 649, 654, 659, 665, 671, 676, 682, 690, 697, 704, 711, 719, 727, 737]
[0, 659, 655, 650, 646, 641, 637, 634, 631, 628, 626, 623, 621, 0, 0, 554, 545, 537, 531, 527, 526, 529, 532, 532, 533, 536, 542, 551, 560, 569, 579, 586, 588, 591, 593, 596, 598, 602, 612, 619, 620, 623, 626, 630, 634, 638, 643, 648, 652, 658, 663, 668, 673, 679, 686, 694, 702, 708, 715, 724, 733]
[0, 659, 654, 650, 645, 641, 637, 634, 631, 628, 625, 623, 621, 0, 0, 553, 544, 537, 531, 527, 526, 529, 531, 532, 533, 534, 541, 551, 559, 567, 577, 587, 592, 595, 597, 599, 602, 605, 614, 623, 626, 628, 631, 634, 639, 643, 647, 652, 657, 662, 667, 673, 678, 685, 691, 699, 712, 708, 719, 728, 738]
[0, 673, 668, 663, 658, 654, 650, 647, 645, 643, 639, 636, 634, 0, 558, 545, 544, 532, 529, 526, 526, 529, 532, 532, 533, 534, 541, 551, 559, 567, 577, 587, 592, 595, 597, 599, 602, 605, 614, 623, 626, 628, 631, 635, 639, 643, 648, 652, 657, 662, 667, 673, 678, 684, 691, 699, 706, 712, 719, 728, 738]
[0, 673, 670, 665, 656, 654, 652, 648, 645, 642, 640, 638, 635, 0, 0, 547, 539, 534, 530, 527, 526, 530, 532, 532, 534, 537, 544, 553, 562, 574, 586, 597, 603, 606, 609, 612, 615, 624, 634, 637, 640, 644, 647, 650, 654, 659, 664, 669, 673, 678, 684, 690, 696, 703, 710, 716, 723, 731, 740, 749, 758]
[0, 688, 682, 677, 673, 669, 665, 662, 659, 657, 654, 652, 649, 0, 0, 550, 541, 535, 531, 527, 525, 525, 528, 532, 534, 535, 541, 551, 560, 571, 582, 595, 603, 605, 608, 610, 612, 616, 627, 636, 639, 643, 646, 649, 652, 656, 661, 666, 671, 677, 682, 687, 693, 700, 707, 714, 720, 728, 736, 746, 755]
[0, 690, 684, 679, 675, 670, 665, 663, 660, 657, 655, 652, 649, 0, 0, 551, 542, 536, 531, 528, 526, 525, 527, 531, 533, 534, 537, 544, 556, 567, 577, 591, 608, 618, 621, 624, 628, 642, 627, 652, 654, 657, 664, 668, 672, 676, 661, 681, 692, 698, 682, 711, 716, 722, 729, 736, 744, 753, 762, 771, 780]
[0, 700, 694, 689, 683, 679, 676, 672, 670, 667, 664, 661, 658, 0, 560, 547, 537, 536, 528, 527, 526, 526, 529, 531, 534, 535, 536, 543, 554, 576, 577, 609, 617, 618, 624, 627, 631, 642, 627, 654, 656, 659, 663, 668, 672, 676, 682, 687, 692, 698, 705, 711, 716, 722, 729, 736, 745, 754, 762, 771, 780]
[0, 698, 694, 688, 683, 678, 675, 672, 669, 666, 663, 660, 657, 0, 0, 555, 544, 536, 531, 528, 526, 525, 527, 531, 535, 535, 538, 546, 557, 569, 577, 609, 0, 627, 630, 634, 637, 648, 658, 660, 663, 666, 671, 675, 678, 682, 687, 693, 699, 704, 709, 715, 721, 727, 735, 742, 751, 759, 768, 777, 786]
[0, 703, 698, 693, 688, 684, 680, 678, 675, 672, 669, 666, 657, 0, 564, 553, 541, 534, 531, 529, 526, 525, 527, 531, 534, 535, 535, 541, 550, 562, 577, 0, 0, 630, 634, 637, 639, 649, 659, 662, 665, 669, 673, 677, 681, 686, 691, 697, 702, 708, 713, 717, 724, 732, 739, 747, 756, 764, 772, 782, 791]
[0, 707, 701, 697, 693, 687, 683, 679, 676, 673, 671, 668, 665, 0, 561, 553, 537, 534, 532, 529, 527, 525, 526, 529, 536, 536, 537, 543, 553, 564, 577, 0, 0, 633, 637, 640, 644, 654, 664, 667, 669, 673, 677, 680, 685, 690, 696, 701, 705, 711, 716, 722, 730, 736, 743, 750, 758, 767, 775, 784, 794]
[0, 718, 714, 709, 704, 701, 698, 694, 690, 686, 683, 681, 665, 0, 564, 559, 548, 541, 536, 531, 529, 527, 526, 534, 536, 536, 536, 539, 547, 558, 577, 0, 0, 635, 638, 642, 646, 656, 665, 669, 672, 674, 678, 683, 687, 692, 698, 704, 709, 713, 718, 725, 733, 740, 747, 755, 763, 772, 780, 790, 800]
[0, 721, 716, 709, 711, 707, 704, 701, 697, 693, 690, 688, 685, 0, 566, 0, 542, 538, 535, 531, 529, 529, 527, 529, 534, 536, 536, 540, 548, 560, 577, 0, 0, 649, 653, 656, 659, 669, 680, 682, 686, 690, 694, 698, 702, 707, 711, 715, 727, 713, 740, 747, 733, 761, 747, 769, 777, 795, 805, 790, 824]
[0, 724, 718, 713, 709, 705, 702, 698, 695, 691, 689, 686, 685, 0, 565, 561, 548, 542, 537, 531, 529, 527, 526, 531, 536, 537, 538, 540, 552, 560, 577, 0, 0, 654, 658, 661, 668, 678, 685, 689, 692, 696, 700, 704, 709, 713, 717, 722, 728, 734, 740, 747, 755, 762, 769, 777, 786, 795, 803, 813, 824]
[0, 734, 729, 723, 718, 714, 711, 707, 703, 700, 697, 696, 693, 0, 565, 570, 0, 544, 542, 537, 532, 530, 528, 527, 534, 537, 537, 540, 548, 559, 577, 0, 0, 654, 657, 660, 663, 685, 685, 687, 691, 695, 698, 703, 710, 713, 715, 727, 733, 739, 740, 753, 755, 765, 774, 782, 790, 799, 809, 819, 827]
[0, 747, 729, 742, 730, 714, 727, 719, 717, 700, 714, 711, 709, 0, 574, 564, 550, 546, 546, 541, 538, 534, 530, 527, 531, 537, 537, 539, 544, 553, 577, 0, 0, 664, 667, 668, 0, 693, 696, 698, 701, 705, 709, 713, 717, 721, 726, 732, 738, 746, 752, 759, 766, 773, 780, 788, 797, 806, 814, 823, 833]
[0, 752, 746, 740, 734, 729, 725, 721, 719, 716, 712, 710, 708, 0, 574, 564, 0, 548, 546, 541, 541, 539, 534, 530, 534, 538, 539, 541, 549, 553, 577, 0, 675, 679, 682, 684, 696, 708, 711, 714, 716, 720, 724, 728, 733, 737, 742, 749, 754, 761, 767, 773, 781, 789, 796, 804, 812, 822, 831, 840, 850]
[0, 750, 744, 738, 733, 729, 725, 721, 718, 715, 712, 709, 707, 0, 0, 572, 0, 547, 550, 547, 541, 539, 535, 530, 529, 535, 539, 540, 544, 553, 577, 0, 0, 681, 683, 688, 700, 709, 712, 715, 717, 721, 725, 730, 734, 739, 746, 751, 757, 764, 769, 775, 783, 790, 798, 807, 815, 824, 832, 842, 853]
[0, 773, 768, 763, 758, 753, 750, 745, 740, 737, 734, 732, 730, 0, 0, 579, 0, 551, 556, 560, 558, 555, 548, 538, 531, 536, 539, 539, 544, 555, 0, 0, 0, 681, 684, 696, 707, 710, 713, 715, 718, 722, 726, 730, 735, 740, 746, 753, 759, 765, 771, 778, 785, 793, 801, 808, 817, 827, 835, 844, 856]
[0, 771, 765, 761, 756, 752, 748, 743, 739, 737, 734, 732, 732, 0, 580, 0, 555, 552, 557, 558, 555, 553, 546, 538, 532, 536, 539, 540, 544, 554, 0, 0, 0, 705, 716, 727, 730, 734, 737, 740, 743, 748, 753, 757, 762, 766, 771, 777, 785, 792, 798, 805, 813, 820, 828, 836, 845, 856, 866, 874, 884]
[0, 778, 771, 767, 763, 758, 754, 750, 739, 743, 740, 732, 737, 0, 586, 0, 555, 553, 559, 559, 556, 553, 547, 536, 534, 539, 539, 541, 547, 554, 0, 0, 701, 704, 706, 718, 728, 731, 735, 737, 741, 745, 749, 754, 758, 762, 768, 774, 781, 788, 794, 800, 807, 815, 823, 830, 849, 859, 868, 877, 887]
[0, 779, 773, 768, 764, 760, 755, 751, 748, 744, 741, 738, 735, 0, 0, 579, 0, 553, 557, 561, 559, 555, 549, 539, 533, 538, 539, 541, 548, 554, 0, 0, 709, 712, 722, 732, 735, 738, 742, 745, 749, 752, 756, 761, 765, 770, 776, 781, 788, 795, 801, 814, 807, 822, 829, 837, 857, 859, 874, 884, 894]
[0, 794, 773, 788, 778, 760, 773, 769, 767, 764, 759, 756, 754, 0, 592, 0, 558, 559, 563, 564, 561, 556, 549, 539, 533, 536, 539, 540, 544, 554, 0, 0, 0, 713, 725, 735, 737, 740, 743, 748, 752, 756, 760, 765, 769, 773, 780, 786, 792, 798, 806, 812, 820, 828, 836, 844, 854, 864, 872, 881, 890]
[0, 797, 792, 786, 780, 776, 772, 768, 765, 762, 759, 756, 753, 0, 592, 585, 0, 557, 560, 563, 561, 558, 554, 545, 539, 535, 540, 540, 550, 554, 0, 0, 736, 747, 749, 752, 755, 758, 760, 763, 768, 772, 775, 780, 786, 792, 796, 802, 809, 815, 822, 829, 834, 842, 851, 860, 869, 877, 886, 895, 905]
[0, 823, 817, 811, 808, 804, 799, 794, 790, 787, 784, 781, 778, 0, 0, 0, 568, 564, 566, 568, 567, 564, 558, 545, 537, 535, 540, 542, 545, 554, 0, 0, 0, 748, 751, 753, 756, 759, 761, 764, 768, 773, 777, 782, 787, 793, 799, 804, 810, 817, 824, 831, 837, 844, 854, 863, 871, 879, 888, 897, 908]
[0, 822, 816, 811, 806, 801, 797, 793, 791, 787, 784, 781, 778, 0, 599, 0, 565, 564, 567, 570, 567, 563, 556, 549, 541, 538, 541, 542, 547, 554, 0, 0, 772, 775, 777, 779, 783, 787, 790, 794, 799, 804, 808, 812, 818, 823, 828, 834, 839, 846, 854, 861, 868, 876, 884, 892, 902, 913, 923, 933, 944]
[0, 821, 815, 811, 806, 801, 797, 793, 791, 789, 783, 781, 781, 0, 595, 0, 563, 564, 568, 569, 565, 561, 554, 548, 540, 538, 541, 542, 548, 554, 0, 770, 773, 775, 777, 780, 784, 788, 791, 796, 801, 804, 809, 814, 819, 825, 829, 834, 842, 849, 856, 864, 869, 877, 886, 895, 904, 915, 926, 935, 945]
[0, 834, 829, 824, 819, 815, 811, 807, 802, 799, 797, 794, 791, 0, 592, 0, 563, 565, 570, 570, 565, 567, 561, 554, 540, 538, 541, 542, 544, 554, 0, 0, 771, 773, 775, 778, 781, 785, 788, 792, 796, 800, 805, 810, 816, 822, 826, 831, 837, 844, 851, 858, 865, 873, 879, 887, 897, 907, 918, 928, 938]
[0, 844, 837, 832, 827, 824, 820, 816, 812, 809, 805, 803, 800, 0, 0, 0, 571, 569, 572, 572, 569, 564, 560, 554, 545, 540, 540, 541, 544, 570, 0, 0, 782, 784, 786, 789, 793, 797, 800, 803, 807, 813, 818, 823, 828, 833, 838, 843, 850, 857, 864, 870, 877, 885, 892, 901, 912, 923, 933, 942, 953]
[0, 851, 844, 837, 833, 829, 826, 822, 818, 815, 812, 810, 807, 0, 0, 0, 570, 572, 574, 573, 570, 566, 558, 553, 545, 540, 541, 544, 548, 570, 0, 0, 795, 797, 799, 802, 805, 810, 813, 817, 821, 826, 830, 834, 840, 847, 852, 859, 866, 872, 877, 883, 891, 899, 909, 920, 930, 938, 948, 962, 974]
[0, 854, 847, 840, 836, 832, 828, 825, 819, 816, 814, 811, 808, 0, 0, 591, 575, 571, 574, 574, 572, 569, 563, 555, 545, 540, 541, 545, 548, 570, 0, 802, 803, 797, 808, 0, 815, 818, 813, 826, 830, 834, 830, 839, 845, 858, 852, 864, 875, 882, 889, 883, 903, 912, 922, 932, 941, 951, 963, 976, 989]
[0, 891, 885, 880, 875, 870, 867, 863, 859, 855, 851, 848, 845, 0, 0, 0, 580, 577, 579, 579, 575, 570, 565, 555, 547, 542, 541, 542, 547, 570, 0, 0, 802, 804, 806, 809, 813, 817, 820, 825, 829, 832, 837, 842, 849, 854, 860, 867, 872, 877, 885, 892, 900, 909, 919, 929, 937, 946, 956, 969, 982]
[0, 889, 883, 878, 873, 869, 866, 863, 858, 854, 850, 847, 845, 0, 0, 586, 578, 579, 579, 578, 574, 568, 562, 558, 552, 548, 545, 547, 556, 572, 0, 842, 845, 846, 849, 852, 855, 860, 865, 868, 871, 875, 880, 885, 890, 896, 903, 911, 917, 924, 933, 941, 949, 958, 967, 979, 990, 1000, 1010, 1023, 1035]
[0, 893, 888, 882, 877, 872, 868, 865, 862, 860, 855, 851, 847, 846, 0, 0, 582, 577, 579, 579, 576, 572, 567, 560, 552, 550, 546, 550, 556, 572, 0, 0, 842, 845, 848, 851, 855, 859, 862, 865, 869, 873, 878, 882, 886, 892, 898, 905, 912, 921, 929, 936, 943, 952, 962, 983, 990, 1004, 1015, 1027, 1039]
[0, 890, 884, 878, 874, 870, 866, 863, 860, 857, 852, 848, 846, 846, 0, 0, 579, 578, 579, 578, 575, 570, 564, 560, 553, 550, 547, 546, 554, 572, 0, 0, 843, 846, 848, 851, 855, 859, 863, 866, 871, 876, 879, 884, 889, 894, 901, 908, 915, 923, 931, 937, 946, 955, 965, 977, 988, 998, 1008, 1020, 1032]
[0, 897, 885, 878, 879, 873, 869, 866, 863, 860, 857, 854, 849, 846, 0, 0, 585, 578, 579, 578, 577, 573, 568, 562, 551, 548, 546, 548, 557, 0, 0, 842, 845, 848, 850, 854, 857, 861, 864, 868, 872, 877, 882, 886, 891, 897, 904, 911, 919, 925, 933, 940, 949, 958, 967, 980, 991, 1002, 1013, 1023, 1036]
[0, 929, 923, 917, 911, 905, 900, 896, 893, 889, 885, 882, 880, 878, 0, 0, 0, 583, 583, 583, 580, 575, 571, 564, 555, 551, 547, 551, 557, 0, 0, 0, 845, 848, 849, 852, 857, 862, 864, 868, 872, 875, 879, 883, 888, 894, 900, 907, 916, 924, 930, 938, 947, 956, 966, 977, 988, 996, 1007, 1031, 1036]
[0, 939, 932, 925, 920, 916, 911, 907, 902, 897, 895, 893, 890, 889, 0, 0, 0, 584, 586, 584, 580, 574, 567, 564, 559, 556, 551, 552, 560, 0, 0, 0, 878, 881, 882, 885, 889, 891, 894, 898, 902, 907, 913, 920, 927, 933, 938, 944, 951, 959, 968, 977, 986, 995, 1004, 1014, 1025, 1035, 1049, 1064, 1077]
[0, 938, 931, 925, 920, 916, 913, 908, 905, 901, 898, 895, 892, 890, 0, 0, 0, 584, 586, 585, 576, 574, 571, 566, 559, 553, 552, 559, 560, 0, 0, 889, 891, 892, 895, 899, 901, 906, 912, 916, 921, 926, 931, 936, 943, 949, 956, 963, 971, 979, 989, 998, 1006, 1016, 1026, 1036, 1048, 1061, 1072, 1086, 1099]
[0, 952, 947, 941, 937, 931, 926, 922, 916, 913, 910, 907, 904, 901, 0, 0, 0, 587, 587, 585, 581, 576, 571, 566, 562, 557, 552, 553, 561, 0, 0, 0, 889, 891, 894, 897, 900, 904, 908, 911, 916, 922, 927, 932, 938, 945, 951, 957, 965, 975, 984, 990, 999, 1009, 1018, 1029, 1039, 1050, 1076, 1089, 1105]
[0, 973, 965, 958, 953, 949, 926, 944, 936, 913, 933, 931, 929, 926, 924, 0, 0, 590, 587, 584, 581, 577, 573, 570, 561, 556, 555, 560, 571, 587, 0, 902, 904, 906, 909, 912, 915, 919, 925, 930, 934, 938, 942, 948, 955, 962, 969, 977, 985, 992, 1000, 1008, 1019, 1028, 1037, 1048, 1061, 1074, 1087, 1101, 1115]
[0, 976, 970, 962, 956, 951, 945, 942, 939, 935, 932, 929, 927, 924, 924, 0, 613, 597, 589, 586, 581, 576, 571, 570, 565, 559, 559, 564, 586, 587, 0, 921, 927, 930, 933, 936, 939, 943, 948, 951, 955, 960, 967, 974, 980, 987, 994, 1000, 1007, 1015, 1023, 1042, 1019, 1052, 1073, 1086, 1099, 1112, 1125, 1141, 1155]
[0, 1014, 1006, 1000, 996, 990, 984, 980, 975, 971, 967, 963, 960, 957, 955, 0, 0, 617, 0, 592, 588, 582, 579, 567, 561, 558, 562, 570, 586, 587, 0, 926, 929, 933, 936, 938, 942, 946, 950, 954, 959, 965, 972, 979, 985, 993, 1000, 1007, 1015, 1023, 1031, 1041, 1051, 1061, 1074, 1085, 1097, 1110, 1123, 1140, 1155]
[0, 1017, 1009, 1002, 996, 992, 987, 981, 975, 972, 968, 965, 963, 960, 956, 0, 0, 0, 0, 593, 589, 583, 580, 571, 565, 568, 573, 581, 586, 587, 0, 962, 966, 969, 973, 977, 981, 986, 991, 995, 999, 1004, 1010, 1016, 1022, 1032, 1040, 1047, 1054, 1063, 1073, 1083, 1092, 1104, 1118, 1130, 1144, 1157, 1169, 1183, 1196]
[0, 1010, 1009, 1003, 998, 993, 988, 983, 978, 973, 969, 966, 963, 959, 957, 955, 0, 0, 0, 592, 588, 581, 577, 573, 567, 568, 572, 580, 590, 603, 0, 963, 966, 969, 972, 977, 980, 985, 990, 995, 999, 1003, 1010, 1017, 1022, 1030, 1038, 1045, 1054, 1062, 1071, 1081, 1091, 1101, 1115, 1129, 1143, 1157, 1168, 1180, 1192]
[0, 1043, 1037, 1029, 1025, 1020, 1013, 1009, 1004, 1001, 998, 996, 994, 990, 989, 988, 0, 0, 0, 595, 590, 581, 577, 573, 569, 568, 571, 578, 588, 598, 0, 963, 966, 970, 973, 977, 980, 984, 989, 994, 998, 1003, 1009, 1016, 1022, 1029, 1037, 1045, 1053, 1061, 1068, 1078, 1089, 1100, 1112, 1124, 1139, 1166, 1177, 1180, 1191]
[0, 1042, 1036, 1030, 1023, 1017, 1013, 1008, 1003, 1001, 998, 995, 993, 991, 989, 987, 0, 0, 0, 595, 590, 587, 582, 576, 576, 579, 585, 593, 603, 598, 0, 999, 1001, 1002, 1005, 1009, 1013, 1018, 1023, 1028, 1033, 1039, 1045, 1052, 1058, 1066, 1075, 1081, 1088, 1098, 1109, 1120, 1133, 1147, 1158, 1169, 1181, 1194, 1206, 1221, 1238]
[0, 1042, 1035, 1028, 1023, 1023, 1012, 1008, 1003, 1001, 998, 995, 995, 992, 991, 990, 990, 0, 0, 0, 592, 588, 582, 583, 576, 580, 587, 596, 605, 0, 996, 999, 1001, 1003, 1007, 1010, 1014, 1021, 1025, 1029, 1034, 1039, 1045, 1053, 1061, 1069, 1078, 1085, 1093, 1102, 1113, 1125, 1139, 1152, 1162, 1173, 1184, 1197, 1210, 1227, 1243]
[0, 1102, 1094, 1089, 1083, 1076, 1072, 1067, 1063, 1057, 1053, 1052, 1049, 1045, 1044, 1043, 1042, 1042, 0, 0, 608, 601, 600, 583, 574, 576, 580, 588, 607, 0, 997, 999, 999, 1001, 1003, 1007, 1012, 1016, 1024, 1031, 1034, 1040, 1047, 1055, 1061, 1071, 1079, 1085, 1094, 1104, 1115, 1126, 1138, 1153, 1164, 1175, 1188, 1200, 1214, 1229, 1244]
[0, 1134, 1126, 1120, 1113, 1106, 1101, 1097, 1092, 1088, 1084, 1081, 1079, 1077, 1075, 1073, 1074, 1074, 1072, 0, 0, 603, 608, 598, 600, 603, 607, 614, 0, 1054, 1057, 1060, 1061, 1063, 1066, 1070, 1074, 1078, 1084, 1090, 1096, 1105, 1113, 1120, 1128, 1136, 1143, 1151, 1161, 1171, 1181, 1194, 1206, 1221, 1235, 1245, 1260, 1274, 1286, 1313, 1338]
[0, 1140, 1132, 1125, 1119, 1111, 1104, 1100, 1095, 1090, 1087, 1083, 1081, 1079, 1077, 1076, 1075, 1073, 1072, 1071, 0, 0, 604, 610, 613, 617, 0, 1078, 1079, 1082, 1086, 1088, 1090, 1094, 1099, 1102, 1108, 1117, 1125, 1133, 1138, 1143, 1157, 1167, 1169, 1174, 1179, 1188, 1200, 1212, 1224, 1238, 1249, 1261, 1273, 1286, 1301, 1317, 1336, 1356, 1376]
[0, 1163, 1156, 1148, 1141, 1136, 1132, 1128, 1123, 1118, 1114, 1110, 1107, 1104, 1103, 1103, 1102, 1101, 1106, 1109, 1102, 1097, 604, 610, 611, 613, 0, 1076, 1078, 1081, 1083, 1086, 1088, 1092, 1095, 1099, 1104, 1108, 1115, 1123, 1133, 1141, 1149, 1170, 1169, 1174, 1176, 1185, 1205, 1212, 1216, 1241, 1253, 1266, 1277, 1290, 1307, 1325, 1342, 1360, 1378]
[0, 1169, 1162, 1155, 1148, 1144, 1139, 1132, 1127, 1124, 1121, 1116, 1112, 1109, 1107, 1106, 1107, 1107, 1109, 1113, 1102, 1110, 1100, 1102, 1103, 1112, 1120, 0, 1119, 1121, 1123, 1124, 1127, 1130, 1132, 1135, 1141, 1148, 1156, 1163, 1168, 1174, 1180, 1187, 1196, 1206, 1217, 1225, 1234, 1247, 1258, 1270, 1282, 1292, 1305, 1322, 1338, 1356, 1375, 1394, 1413]
[0, 1187, 1180, 1173, 1166, 1161, 1156, 1153, 1147, 1141, 1137, 1134, 1130, 1128, 1127, 1126, 1127, 1127, 1127, 1128, 1127, 1128, 1107, 1107, 1109, 1115, 1125, 1126, 1124, 1126, 1129, 1130, 1132, 1132, 1134, 1142, 1149, 1154, 1159, 1165, 1169, 1177, 1186, 1191, 1194, 1204, 1219, 1225, 1236, 1248, 1259, 1272, 1284, 1294, 1306, 1324, 1341, 1357, 1376, 1393, 1411]
[0, 1182, 1173, 1173, 1162, 1158, 1153, 1148, 1144, 1140, 1135, 1131, 1130, 1128, 1125, 1126, 1127, 1128, 1126, 1128, 1127, 1126, 1126, 1130, 1134, 1132, 1135, 1140, 1139, 1138, 1142, 1144, 1145, 1148, 1151, 1156, 1161, 1166, 1172, 1179, 1185, 1192, 1199, 1205, 1213, 1223, 1234, 1246, 1253, 1262, 1274, 1285, 1297, 1310, 1325, 1341, 1355, 1369, 1380, 1391, 1408]
[0, 1203, 1194, 1187, 1182, 1176, 1171, 1168, 1165, 1160, 1157, 1155, 1151, 1149, 1149, 1149, 1152, 1151, 1148, 1148, 1146, 1143, 1126, 1125, 1133, 1135, 1140, 1140, 1139, 1138, 1141, 1141, 1144, 1151, 1156, 1156, 1166, 1171, 1172, 1181, 1184, 1193, 1202, 1211, 1221, 1229, 1240, 1250, 1259, 1270, 1282, 1293, 1305, 1319, 1335, 1351, 1364, 1375, 1388, 1402, 1417]
[0, 1221, 1211, 1204, 1197, 1191, 1184, 1180, 1176, 1172, 1169, 1168, 1167, 1167, 1166, 1163, 1161, 1160, 1160, 1163, 1166, 1165, 1144, 1146, 1148, 1151, 1155, 1159, 1161, 1164, 1165, 1165, 1166, 1169, 1173, 1177, 1182, 1187, 1193, 1199, 1207, 1216, 1224, 1232, 1240, 1248, 1258, 1268, 1277, 1285, 1291, 1299, 1310, 1322, 1335, 1347, 1359, 1372, 1385, 1398, 1413]
[0, 1220, 1211, 1205, 1198, 1191, 1185, 1180, 1176, 1174, 1171, 1168, 1165, 1165, 1165, 1162, 1160, 1160, 1160, 1162, 1165, 1165, 1163, 1163, 1164, 1165, 1166, 1168, 1170, 1173, 1176, 1179, 1181, 1183, 1189, 1195, 1198, 1205, 1213, 1220, 1225, 1231, 1239, 1247, 1251, 1256, 1262, 1269, 1275, 1283, 1294, 1306, 1315, 1323, 1335, 1350, 1363, 1375, 1387, 1402, 1418]
[0, 1260, 1252, 1243, 1234, 1227, 1221, 1216, 1213, 1210, 1206, 1203, 1200, 1198, 1195, 1193, 1193, 1192, 1192, 1191, 1191, 1193, 1164, 1163, 1164, 1165, 1166, 1167, 1170, 1173, 1174, 1177, 1181, 1185, 1190, 1195, 1200, 1207, 1213, 1218, 1226, 1232, 1239, 1246, 1251, 1255, 1260, 1267, 1276, 1285, 1294, 1303, 1312, 1323, 1335, 1347, 1359, 1373, 1386, 1401, 1415]
[0, 1262, 1256, 1248, 1239, 1235, 1232, 1227, 1221, 1217, 1215, 1214, 1210, 1209, 1206, 1202, 1200, 1199, 1192, 1199, 1199, 1193, 1199, 1194, 1195, 1195, 1196, 1197, 1196, 1198, 1198, 1195, 1197, 1201, 1203, 1205, 1209, 1213, 1218, 1222, 1225, 1232, 1236, 1241, 1246, 1252, 1259, 1266, 1272, 1279, 1287, 1296, 1307, 1320, 1331, 1342, 1353, 1363, 1376, 1393, 1408]
[0, 1275, 1267, 1262, 1256, 1250, 1246, 1241, 1237, 1232, 1225, 1221, 1220, 1218, 1216, 1214, 1212, 1210, 1209, 1209, 1208, 1208, 1199, 1198, 1197, 1200, 1198, 1197, 1195, 1198, 1198, 1200, 1201, 1201, 1203, 1209, 1212, 1213, 1218, 1222, 1225, 1232, 1239, 1245, 1246, 1250, 1254, 1261, 1270, 1276, 1292, 1304, 1315, 1325, 1339, 1352, 1363, 1374, 1387, 1402, 1417]
[0, 1281, 1273, 1266, 1259, 1253, 1247, 1243, 1239, 1234, 1228, 1223, 1222, 1219, 1216, 1213, 1211, 1210, 1210, 1209, 1205, 1204, 1207, 1201, 1198, 1199, 1198, 1196, 1196, 1198, 1198, 1198, 1200, 1201, 1203, 1207, 1212, 1210, 1218, 1221, 1225, 1231, 1239, 1245, 1249, 1254, 1261, 1269, 1275, 1283, 1291, 1303, 1315, 1325, 1337, 1350, 1362, 1373, 1387, 1402, 1417]
[0, 1281, 1328, 1313, 1305, 1298, 1289, 1281, 1275, 1263, 1254, 1249, 1243, 1238, 1232, 1227, 1222, 1218, 1213, 1210, 1206, 1202, 1204, 1200, 1198, 1198, 1198, 1197, 1195, 1195, 1196, 1197, 1198, 1201, 1203, 1203, 1207, 1211, 1213, 1219, 1223, 1229, 1236, 1242, 1249, 1252, 1258, 1267, 1275, 1284, 1290, 1299, 1310, 1322, 1335, 1347, 1359, 1371, 1384, 1397, 1411]
[0, 1281, 1327, 1307, 1300, 1296, 1289, 1281, 1271, 1261, 1253, 1248, 1242, 1235, 1230, 1225, 1220, 1215, 1211, 1206, 1202, 1201, 1200, 1198, 1196, 1196, 1197, 1196, 1195, 1194, 1194, 1195, 1196, 1200, 1202, 1204, 1206, 1209, 1215, 1219, 1221, 1226, 1233, 1238, 1244, 1251, 1255, 1263, 1270, 1277, 1285, 1293, 1305, 1314, 1327, 1339, 1351, 1364, 1376, 1390, 1403]
[0, 1340, 1322, 1310, 1299, 1289, 1281, 1273, 1267, 1259, 1253, 1249, 1242, 1236, 1231, 1224, 1219, 1214, 1210, 1209, 1204, 1201, 1199, 1196, 1195, 1197, 1197, 1196, 1197, 1196, 1196, 1196, 1198, 1199, 1202, 1205, 1208, 1212, 1214, 1218, 1222, 1228, 1236, 1240, 1245, 1251, 1258, 1264, 1270, 1279, 1287, 1296, 1307, 1319, 1329, 1340, 1353, 1364, 1378, 1394, 1408]
[0, 1342, 1329, 1316, 1305, 1295, 1286, 1278, 1270, 1260, 1254, 1248, 1243, 1237, 1231, 1227, 1222, 1216, 1212, 1207, 1203, 1201, 1199, 1198, 1198, 1196, 1196, 1195, 1194, 1194, 1196, 1196, 1197, 1200, 1202, 1203, 1205, 1209, 1213, 1219, 1223, 1229, 1235, 1239, 1243, 1251, 1259, 1266, 1274, 1282, 1289, 1298, 1310, 1319, 1331, 1343, 1355, 1367, 1380, 1396, 1410]
[0, 1335, 1321, 1310, 1299, 1288, 1280, 1273, 1267, 1260, 1251, 1245, 1241, 1235, 1228, 1223, 1220, 1214, 1208, 1204, 1202, 1200, 1198, 1197, 1197, 1196, 1195, 1192, 1191, 1193, 1193, 1193, 1195, 1198, 1200, 1202, 1205, 1207, 1211, 1216, 1221, 1226, 1230, 1235, 1241, 1248, 1255, 1260, 1266, 1274, 1282, 1289, 1298, 1310, 1322, 1335, 1349, 1361, 1373, 1387, 1401]
[0, 1335, 1322, 1310, 1298, 1288, 1280, 1271, 1264, 1257, 1249, 1242, 1236, 1230, 1227, 1223, 1219, 1213, 1209, 1205, 1200, 1198, 1199, 1198, 1197, 1194, 1191, 1192, 1194, 1192, 1194, 1196, 1197, 1198, 1201, 1203, 1205, 1208, 1212, 1217, 1222, 1227, 1232, 1237, 1244, 1250, 1257, 1263, 1269, 1276, 1284, 1292, 1301, 1312, 1325, 1337, 1349, 1363, 1377, 1390, 1404]
[0, 1343, 1329, 1316, 1305, 1295, 1285, 1276, 1268, 1261, 1253, 1247, 1240, 1235, 1230, 1225, 1221, 1216, 1210, 1206, 1203, 1201, 1197, 1196, 1195, 1194, 1195, 1194, 1192, 1192, 1193, 1193, 1196, 1199, 1201, 1202, 1203, 1207, 1211, 1215, 1222, 1230, 1233, 1236, 1241, 1247, 1254, 1262, 1269, 1276, 1285, 1295, 1305, 1315, 1328, 1341, 1353, 1365, 1378, 1392, 1406]
[0, 1335, 1321, 1309, 1299, 1288, 1280, 1273, 1266, 1259, 1250, 1242, 1238, 1232, 1225, 1222, 1218, 1212, 1207, 1203, 1202, 1200, 1198, 1197, 1196, 1194, 1193, 1194, 1193, 1192, 1193, 1193, 1194, 1197, 1198, 1200, 1204, 1207, 1210, 1215, 1220, 1223, 1227, 1233, 1239, 1245, 1250, 1258, 1264, 1272, 1282, 1289, 1308, 1315, 1333, 1341, 1342, 1368, 1381, 1399, 1411]
[0, 1330, 1316, 1304, 1293, 1284, 1277, 1269, 1261, 1253, 1246, 1241, 1235, 1230, 1225, 1219, 1213, 1209, 1206, 1202, 1199, 1200, 1199, 1195, 1192, 1192, 1194, 1194, 1193, 1193, 1192, 1192, 1194, 1194, 1198, 1202, 1204, 1208, 1209, 1214, 1222, 1227, 1231, 1235, 1242, 1247, 1253, 1260, 1267, 1275, 1284, 1292, 1302, 1315, 1327, 1339, 1351, 1364, 1376, 1389, 1404]
[0, 1342, 1329, 1316, 1304, 1294, 1285, 1277, 1269, 1260, 1253, 1247, 1240, 1235, 1230, 1222, 1219, 1216, 1211, 1207, 1203, 1200, 1197, 1195, 1192, 1192, 1190, 1190, 1191, 1192, 1192, 1193, 1194, 1196, 1199, 1201, 1203, 1207, 1211, 1215, 1219, 1225, 1232, 1236, 1241, 1247, 1254, 1261, 1268, 1276, 1285, 1295, 1305, 1315, 1328, 1340, 1352, 1364, 1378, 1391, 1405]
[0, 1332, 1319, 1309, 1298, 1288, 1280, 1271, 1264, 1257, 1249, 1242, 1236, 1230, 1226, 1221, 1216, 1212, 1206, 1202, 1201, 1199, 1198, 1196, 1193, 1192, 1194, 1194, 1193, 1192, 1192, 1193, 1194, 1196, 1199, 1201, 1203, 1206, 1209, 1214, 1219, 1224, 1229, 1232, 1237, 1243, 1249, 1257, 1265, 1270, 1276, 1286, 1295, 1306, 1321, 1332, 1345, 1360, 1369, 1379, 1396]
[0, 1333, 1319, 1309, 1298, 1287, 1280, 1272, 1266, 1259, 1251, 1244, 1237, 1233, 1227, 1220, 1216, 1212, 1207, 1203, 1201, 1200, 1196, 1193, 1192, 1193, 1192, 1191, 1192, 1193, 1193, 1193, 1196, 1198, 1199, 1201, 1203, 1208, 1212, 1214, 1218, 1226, 1232, 1236, 1241, 1247, 1253, 1261, 1268, 1275, 1285, 1295, 1305, 1315, 1327, 1340, 1352, 1364, 1377, 1392, 1406]
[0, 1336, 1321, 1308, 1299, 1288, 1282, 1275, 1265, 1257, 1249, 1245, 1239, 1232, 1226, 1220, 1215, 1211, 1207, 1203, 1199, 1199, 1198, 1195, 1193, 1193, 1191, 1192, 1193, 1191, 1190, 1192, 1194, 1194, 1196, 1199, 1203, 1207, 1211, 1213, 1218, 1223, 1227, 1235, 1242, 1246, 1252, 1260, 1267, 1274, 1283, 1292, 1301, 1311, 1323, 1335, 1347, 1363, 1375, 1390, 1405]
[0, 1331, 1318, 1305, 1293, 1285, 1277, 1268, 1262, 1257, 1248, 1241, 1236, 1230, 1224, 1220, 1215, 1209, 1206, 1202, 1200, 1198, 1196, 1194, 1194, 1194, 1190, 1188, 1189, 1192, 1192, 1192, 1194, 1195, 1196, 1198, 1201, 1203, 1206, 1210, 1217, 1221, 1226, 1232, 1236, 1243, 1249, 1255, 1264, 1272, 1279, 1286, 1297, 1309, 1319, 1331, 1343, 1358, 1373, 1384, 1398]
[0, 1333, 1320, 1309, 1297, 1284, 1276, 1268, 1261, 1256, 1248, 1242, 1234, 1229, 1224, 1219, 1214, 1209, 1206, 1202, 1200, 1198, 1197, 1193, 1191, 1190, 1189, 1190, 1191, 1190, 1189, 1192, 1193, 1194, 1196, 1198, 1202, 1206, 1208, 1211, 1217, 1222, 1227, 1235, 1241, 1246, 1252, 1261, 1268, 1275, 1287, 1300, 1313, 1326, 1337, 1347, 1361, 1378, 1392, 1409, 1426]
[0, 1329, 1316, 1302, 1291, 1282, 1275, 1268, 1261, 1254, 1246, 1241, 1234, 1229, 1224, 1218, 1213, 1208, 1205, 1201, 1199, 1198, 1197, 1194, 1191, 1191, 1191, 1190, 1191, 1189, 1189, 1192, 1193, 1194, 1195, 1198, 1202, 1205, 1208, 1210, 1217, 1222, 1227, 1235, 1241, 1245, 1252, 1261, 1269, 1276, 1287, 1300, 1313, 1326, 1338, 1348, 1362, 1377, 1391, 1409, 1426]
[0, 1338, 1325, 1315, 1299, 1289, 1284, 1274, 1266, 1260, 1253, 1247, 1240, 1234, 1227, 1220, 1216, 1213, 1207, 1203, 1202, 1197, 1196, 1192, 1191, 1190, 1189, 1189, 1190, 1189, 1189, 1192, 1193, 1195, 1199, 1200, 1203, 1207, 1211, 1214, 1219, 1227, 1233, 1241, 1251, 1259, 1266, 1274, 1279, 1287, 1299, 1309, 1320, 1333, 1343, 1354, 1366, 1380, 1395, 1411, 1428]
[0, 1338, 1325, 1314, 1299, 1287, 1281, 1275, 1267, 1259, 1252, 1246, 1240, 1234, 1229, 1221, 1217, 1214, 1207, 1204, 1202, 1197, 1195, 1196, 1193, 1191, 1191, 1189, 1190, 1189, 1189, 1192, 1191, 1193, 1198, 1201, 1203, 1205, 1209, 1214, 1218, 1224, 1229, 1236, 1245, 1253, 1261, 1267, 1272, 1282, 1293, 1302, 1314, 1324, 1334, 1345, 1358, 1372, 1386, 1400, 1416]
[0, 1337, 1324, 1313, 1299, 1287, 1281, 1273, 1265, 1258, 1251, 1246, 1240, 1234, 1228, 1221, 1217, 1213, 1207, 1204, 1201, 1197, 1195, 1195, 1193, 1191, 1190, 1189, 1190, 1189, 1189, 1192, 1191, 1193, 1197, 1200, 1204, 1210, 1217, 1220, 1224, 1230, 1238, 1245, 1248, 1254, 1261, 1267, 1273, 1282, 1294, 1303, 1312, 1322, 1333, 1345, 1357, 1386, 1386, 1417, 1416]
[0, 1323, 1312, 1303, 1292, 1283, 1275, 1267, 1260, 1253, 1246, 1240, 1234, 1229, 1228, 1223, 1218, 1212, 1208, 1204, 1200, 1197, 1195, 1195, 1192, 1191, 1190, 1188, 1189, 1189, 1189, 1191, 1191, 1193, 1197, 1201, 1206, 1211, 1216, 1224, 1228, 1230, 1238, 1245, 1249, 1254, 1261, 1270, 1275, 1282, 1294, 1303, 1311, 1321, 1334, 1345, 1357, 1371, 1400, 1417, 1431]
[0, 1337, 1324, 1311, 1297, 1286, 1279, 1272, 1264, 1257, 1250, 1245, 1239, 1233, 1226, 1220, 1216, 1211, 1206, 1202, 1199, 1199, 1196, 1196, 1192, 1191, 1191, 1190, 1189, 1189, 1190, 1194, 1199, 1203, 1206, 1207, 1211, 1217, 1222, 1226, 1229, 1239, 1246, 1251, 1256, 1260, 1265, 1272, 1278, 1288, 1301, 1309, 1320, 1333, 1343, 1353, 1369, 1381, 1395, 1411, 1428]
[0, 1333, 1318, 1308, 1298, 1288, 1277, 1270, 1264, 1257, 1250, 1244, 1238, 1231, 1225, 1220, 1215, 1213, 1208, 1202, 1203, 1202, 1197, 1196, 1195, 1193, 1190, 1189, 1190, 1192, 1194, 1198, 1202, 1207, 1210, 1214, 1219, 1222, 1225, 1228, 1231, 1235, 1240, 1246, 1251, 1255, 1263, 1272, 1278, 1285, 1293, 1302, 1313, 1323, 1333, 1346, 1358, 1371, 1385, 1400, 1416]
[0, 1340, 1329, 1320, 1310, 1300, 1290, 1282, 1275, 1268, 1262, 1244, 1250, 1245, 1240, 1236, 1232, 1213, 1219, 1216, 1214, 1212, 1201, 1202, 1201, 1200, 1203, 1206, 1206, 1207, 1207, 1206, 1208, 1209, 1210, 1214, 1216, 1217, 1220, 1225, 1231, 1235, 1240, 1246, 1251, 1255, 1263, 1271, 1277, 1284, 1293, 1302, 1310, 1320, 1333, 1346, 1359, 1371, 1385, 1400, 1416]
[0, 1341, 1331, 1324, 1314, 1300, 1290, 1285, 1278, 1270, 1263, 1257, 1251, 1247, 1243, 1236, 1231, 1225, 1221, 1219, 1216, 1212, 1210, 1209, 1201, 1205, 1203, 1205, 1207, 1208, 1209, 1208, 1207, 1208, 1212, 1213, 1217, 1220, 1222, 1224, 1229, 1238, 1243, 1248, 1254, 1259, 1266, 1274, 1278, 1287, 1298, 1308, 1319, 1328, 1338, 1353, 1368, 1382, 1395, 1411, 1428]
[0, 1343, 1331, 1321, 1311, 1302, 1294, 1284, 1276, 1269, 1262, 1256, 1249, 1244, 1240, 1235, 1231, 1225, 1220, 1219, 1215, 1212, 1210, 1210, 1208, 1207, 1205, 1205, 1205, 1204, 1205, 1205, 1206, 1210, 1210, 1213, 1217, 1219, 1221, 1225, 1230, 1236, 1241, 1247, 1253, 1259, 1264, 1270, 1277, 1286, 1295, 1302, 1312, 1325, 1337, 1348, 1361, 1377, 1391, 1408, 1421]
[0, 1341, 1331, 1322, 1313, 1303, 1294, 1286, 1278, 1270, 1262, 1257, 1251, 1247, 1242, 1236, 1230, 1225, 1221, 1218, 1215, 1212, 1210, 1209, 1209, 1207, 1205, 1205, 1206, 1206, 1207, 1207, 1208, 1210, 1211, 1213, 1213, 1217, 1223, 1225, 1229, 1235, 1240, 1247, 1253, 1259, 1266, 1272, 1280, 1289, 1298, 1308, 1317, 1327, 1337, 1351, 1366, 1380, 1394, 1410, 1427]
[0, 1341, 1331, 1322, 1313, 1303, 1294, 1286, 1277, 1269, 1262, 1256, 1251, 1246, 1242, 1237, 1230, 1225, 1221, 1217, 1214, 1212, 1211, 1210, 1209, 1207, 1205, 1205, 1205, 1205, 1206, 1206, 1207, 1210, 1212, 1214, 1215, 1217, 1222, 1226, 1229, 1236, 1243, 1247, 1253, 1258, 1264, 1270, 1278, 1287, 1298, 1305, 1314, 1326, 1335, 1349, 1364, 1377, 1390, 1406, 1422]
[0, 1346, 1333, 1324, 1313, 1303, 1295, 1286, 1280, 1272, 1263, 1258, 1252, 1248, 1243, 1237, 1232, 1226, 1221, 1217, 1216, 1213, 1211, 1210, 1209, 1207, 1205, 1205, 1205, 1204, 1207, 1207, 1207, 1210, 1212, 1213, 1214, 1217, 1222, 1225, 1229, 1236, 1243, 1247, 1252, 1258, 1264, 1271, 1279, 1288, 1297, 1304, 1314, 1326, 1335, 1349, 1364, 1379, 1392, 1407, 1424]
[0, 1349, 1335, 1324, 1316, 1306, 1297, 1288, 1277, 1269, 1264, 1260, 1255, 1251, 1246, 1239, 1234, 1231, 1225, 1220, 1215, 1212, 1211, 1210, 1208, 1207, 1205, 1205, 1206, 1205, 1205, 1207, 1209, 1209, 1210, 1211, 1215, 1216, 1219, 1227, 1231, 1234, 1238, 1246, 1252, 1256, 1263, 1270, 1277, 1285, 1295, 1303, 1312, 1322, 1334, 1349, 1361, 1376, 1391, 1405, 1419]
[0, 1344, 1331, 1323, 1313, 1304, 1294, 1285, 1277, 1269, 1262, 1257, 1251, 1246, 1242, 1236, 1231, 1226, 1221, 1216, 1215, 1212, 1211, 1208, 1207, 1207, 1207, 1206, 1206, 1204, 1204, 1207, 1208, 1208, 1210, 1212, 1213, 1216, 1220, 1225, 1231, 1235, 1239, 1245, 1250, 1254, 1262, 1270, 1273, 1281, 1292, 1302, 1310, 1320, 1332, 1343, 1357, 1372, 1386, 1400, 1416]
[0, 1351, 1337, 1325, 1316, 1306, 1298, 1291, 1284, 1275, 1266, 1260, 1255, 1249, 1244, 1241, 1236, 1229, 1224, 1219, 1216, 1215, 1210, 1209, 1208, 1207, 1205, 1206, 1205, 1204, 1205, 1207, 1209, 1209, 1215, 1216, 1215, 1220, 1224, 1227, 1231, 1235, 1242, 1248, 1252, 1257, 1265, 1270, 1277, 1286, 1295, 1303, 1314, 1324, 1335, 1349, 1363, 1377, 1391, 1406, 1421]
[0, 1353, 1337, 1326, 1310, 1299, 1290, 1283, 1284, 1268, 1261, 1255, 1249, 1245, 1240, 1235, 1231, 1227, 1224, 1216, 1214, 1215, 1212, 1209, 1207, 1207, 1207, 1206, 1206, 1205, 1205, 1207, 1209, 1210, 1211, 1212, 1213, 1214, 1218, 1224, 1230, 1233, 1233, 1240, 1249, 1254, 1265, 1273, 1275, 1282, 1293, 1302, 1310, 1321, 1332, 1356, 1363, 1371, 1397, 1413, 1430]
[0, 1352, 1337, 1327, 1317, 1308, 1300, 1291, 1279, 1272, 1267, 1260, 1254, 1248, 1245, 1241, 1235, 1231, 1226, 1216, 1214, 1214, 1211, 1209, 1208, 1206, 1204, 1205, 1202, 1203, 1208, 1208, 1208, 1210, 1212, 1213, 1216, 1220, 1219, 1222, 1230, 1237, 1243, 1248, 1254, 1259, 1265, 1272, 1280, 1288, 1298, 1304, 1313, 1325, 1339, 1353, 1366, 1379, 1394, 1409, 1425]
[0, 1349, 1336, 1324, 1315, 1306, 1296, 1288, 1282, 1277, 1268, 1260, 1254, 1250, 1245, 1238, 1233, 1230, 1225, 1220, 1216, 1213, 1212, 1211, 1208, 1205, 1204, 1203, 1207, 1207, 1208, 1208, 1207, 1208, 1211, 1210, 1213, 1219, 1222, 1226, 1235, 1242, 1243, 1247, 1253, 1258, 1264, 1272, 1280, 1288, 1297, 1304, 1314, 1326, 1335, 1349, 1365, 1379, 1392, 1406, 1422]
[0, 1337, 1336, 1318, 1309, 1299, 1296, 1282, 1282, 1273, 1268, 1254, 1254, 1245, 1242, 1241, 1231, 1226, 1220, 1216, 1214, 1212, 1211, 1209, 1207, 1207, 1206, 1206, 1206, 1205, 1205, 1207, 1208, 1208, 1211, 1212, 1223, 1225, 1219, 1225, 1230, 1234, 1237, 1243, 1249, 1254, 1261, 1266, 1272, 1282, 1293, 1301, 1310, 1329, 1340, 1355, 1367, 1379, 1394, 1412, 1429]
[0, 1342, 1331, 1321, 1312, 1303, 1294, 1285, 1277, 1266, 1260, 1253, 1247, 1243, 1239, 1235, 1230, 1223, 1218, 1217, 1214, 1212, 1210, 1209, 1208, 1206, 1204, 1205, 1205, 1205, 1207, 1207, 1208, 1209, 1211, 1215, 1216, 1217, 1222, 1226, 1233, 1240, 1243, 1247, 1252, 1258, 1264, 1271, 1279, 1288, 1296, 1303, 1314, 1325, 1335, 1348, 1364, 1377, 1390, 1406, 1421]
[0, 1350, 1334, 1322, 1316, 1306, 1297, 1287, 1277, 1267, 1263, 1259, 1251, 1247, 1244, 1237, 1233, 1229, 1225, 1220, 1217, 1214, 1215, 1214, 1208, 1210, 1209, 1205, 1204, 1205, 1206, 1206, 1207, 1209, 1211, 1213, 1215, 1217, 1221, 1225, 1229, 1234, 1241, 1247, 1252, 1257, 1263, 1269, 1277, 1286, 1295, 1303, 1313, 1324, 1336, 1349, 1363, 1376, 1389, 1405, 1419]
[0, 1348, 1335, 1324, 1314, 1304, 1295, 1286, 1278, 1269, 1263, 1256, 1250, 1247, 1242, 1236, 1232, 1228, 1223, 1218, 1215, 1212, 1211, 1209, 1207, 1206, 1206, 1206, 1205, 1204, 1204, 1207, 1209, 1209, 1210, 1212, 1214, 1216, 1215, 1220, 1229, 1232, 1236, 1243, 1249, 1252, 1256, 1263, 1272, 1289, 1295, 1308, 1317, 1326, 1340, 1354, 1367, 1380, 1395, 1410, 1427]
