[0, 0, 0, 0, 0, 0, 0, 0, 0, 0, 0, 0, 0, 0, 0, 0, 0, 0, 0, 0, 0, 0, 0, 0, 0, 0, 0, 0, 0, 0, 0, 0, 0, 0, 0, 0, 0, 0, 0, 0, 0, 0, 0, 0, 0, 0, 0, 0, 0, 0, 0, 0, 0, 0, 0, 0, 0, 0, 0, 0, 0]
[0, 549, 546, 542, 537, 533, 531, 528, 524, 521, 519, 516, 514, 511, 510, 508, 506, 505, 502, 501, 500, 501, 499, 498, 498, 498, 498, 498, 498, 498, 498, 498, 499, 499, 502, 503, 505, 507, 507, 510, 512, 513, 516, 519, 516, 521, 528, 532, 529, 536, 540, 543, 547, 553, 558, 568, 573, 573, 579, 588, 593]
[0, 549, 545, 541, 537, 532, 529, 526, 522, 519, 519, 517, 516, 513, 510, 509, 508, 506, 505, 504, 502, 501, 500, 498, 499, 498, 497, 498, 498, 498, 498, 499, 499, 500, 501, 503, 504, 506, 507, 509, 510, 511, 514, 517, 520, 523, 526, 529, 533, 537, 541, 546, 550, 554, 559, 564, 570, 576, 583, 589, 596]
[0, 547, 543, 541, 538, 534, 531, 528, 525, 521, 519, 517, 515, 513, 510, 508, 507, 505, 503, 501, 501, 499, 499, 498, 498, 497, 497, 497, 498, 498, 498, 498, 499, 500, 501, 503, 504, 506, 507, 509, 511, 513, 516, 518, 520, 524, 527, 530, 534, 537, 541, 546, 551, 555, 560, 565, 570, 577, 583, 590, 597]
[0, 548, 545, 541, 536, 533, 531, 527, 523, 521, 519, 517, 514, 513, 510, 508, 506, 505, 503, 503, 502, 501, 500, 498, 498, 498, 498, 498, 498, 498, 498, 499, 499, 500, 501, 503, 504, 506, 508, 509, 509, 513, 516, 519, 522, 525, 530, 533, 535, 537, 543, 547, 551, 558, 562, 566, 570, 581, 586, 593, 599]
[0, 549, 545, 541, 537, 532, 529, 526, 522, 521, 519, 517, 516, 513, 510, 509, 508, 506, 505, 504, 502, 501, 500, 499, 498, 498, 497, 498, 498, 498, 497, 498, 499, 500, 501, 502, 504, 506, 507, 509, 510, 512, 516, 518, 520, 523, 526, 529, 533, 537, 541, 545, 550, 554, 559, 564, 570, 576, 583, 589, 596]
[0, 549, 544, 540, 536, 533, 529, 527, 524, 520, 517, 515, 516, 510, 509, 509, 508, 506, 505, 504, 502, 501, 500, 499, 498, 497, 497, 497, 498, 498, 498, 498, 499, 500, 501, 503, 504, 506, 508, 509, 511, 513, 516, 518, 520, 524, 527, 530, 534, 537, 541, 546, 551, 555, 560, 565, 570, 576, 583, 589, 597]
[0, 549, 545, 541, 537, 533, 530, 527, 524, 520, 518, 515, 516, 513, 510, 509, 508, 506, 506, 504, 502, 501, 500, 499, 498, 497, 497, 497, 498, 498, 497, 498, 499, 500, 501, 502, 504, 506, 507, 509, 511, 513, 516, 518, 520, 523, 527, 530, 533, 537, 541, 545, 550, 555, 560, 565, 570, 576, 583, 589, 597]
[0, 553, 549, 545, 541, 537, 535, 527, 532, 525, 518, 523, 521, 519, 516, 514, 512, 510, 508, 507, 507, 507, 506, 505, 498, 498, 497, 497, 498, 499, 499, 499, 499, 500, 501, 503, 504, 506, 508, 509, 511, 513, 516, 518, 521, 523, 526, 530, 535, 538, 542, 547, 552, 555, 560, 565, 570, 578, 586, 591, 596]
[0, 553, 549, 545, 541, 537, 535, 535, 529, 525, 526, 523, 521, 519, 517, 514, 512, 511, 510, 509, 508, 507, 506, 505, 503, 503, 504, 504, 504, 504, 504, 505, 506, 507, 508, 509, 510, 512, 513, 516, 518, 520, 522, 525, 528, 530, 534, 537, 541, 545, 550, 554, 559, 563, 568, 574, 580, 587, 594, 600, 606]
[0, 554, 550, 545, 542, 538, 535, 533, 530, 526, 524, 523, 519, 517, 515, 514, 511, 511, 510, 508, 507, 507, 506, 505, 505, 504, 504, 504, 504, 504, 504, 505, 506, 507, 508, 510, 510, 512, 514, 516, 518, 520, 522, 525, 528, 531, 534, 538, 542, 545, 550, 555, 559, 563, 568, 574, 581, 588, 594, 600, 607]
[0, 554, 550, 546, 542, 539, 535, 533, 530, 526, 523, 521, 519, 517, 515, 513, 511, 511, 510, 508, 507, 507, 506, 506, 505, 504, 503, 503, 504, 504, 505, 505, 506, 507, 508, 509, 511, 512, 513, 516, 518, 520, 522, 525, 527, 531, 534, 538, 542, 545, 550, 554, 558, 563, 568, 574, 580, 586, 592, 599, 606]
[0, 555, 551, 546, 543, 539, 535, 533, 530, 526, 524, 522, 519, 517, 515, 513, 511, 510, 508, 508, 507, 506, 506, 506, 505, 505, 504, 503, 504, 505, 505, 505, 505, 506, 507, 509, 510, 512, 513, 516, 518, 520, 522, 525, 528, 531, 534, 537, 541, 545, 549, 554, 558, 563, 568, 573, 579, 585, 592, 599, 606]
[0, 555, 555, 550, 546, 543, 540, 537, 534, 531, 528, 526, 523, 521, 519, 517, 515, 513, 512, 511, 510, 510, 509, 506, 505, 505, 504, 504, 504, 505, 505, 505, 505, 506, 508, 509, 510, 512, 514, 515, 517, 520, 522, 524, 527, 530, 533, 538, 542, 545, 548, 552, 556, 561, 566, 572, 578, 583, 590, 598, 604]
[0, 560, 557, 553, 549, 545, 542, 539, 535, 533, 530, 528, 526, 524, 521, 520, 518, 517, 515, 514, 513, 512, 512, 509, 508, 507, 507, 507, 508, 508, 509, 509, 510, 511, 511, 513, 515, 517, 519, 515, 522, 524, 522, 530, 533, 530, 536, 543, 547, 551, 555, 560, 564, 569, 575, 581, 587, 593, 600, 606, 613]
[0, 560, 556, 553, 549, 546, 542, 539, 535, 533, 530, 527, 526, 523, 521, 520, 518, 517, 515, 514, 513, 512, 512, 511, 511, 511, 510, 510, 511, 511, 511, 512, 513, 514, 515, 517, 515, 521, 519, 524, 526, 524, 529, 534, 537, 540, 536, 547, 551, 551, 556, 564, 569, 574, 575, 586, 592, 598, 605, 612, 619]
[0, 560, 556, 553, 549, 546, 542, 539, 535, 533, 530, 527, 526, 523, 521, 520, 518, 517, 515, 514, 513, 512, 512, 511, 511, 511, 510, 510, 511, 511, 511, 512, 513, 514, 515, 517, 515, 518, 521, 524, 526, 528, 529, 531, 537, 540, 540, 543, 551, 551, 556, 560, 564, 569, 574, 586, 592, 598, 605, 612, 619]
[0, 560, 558, 555, 550, 546, 543, 541, 538, 535, 532, 530, 528, 525, 523, 522, 520, 519, 516, 514, 515, 514, 512, 511, 511, 511, 510, 510, 511, 511, 511, 512, 513, 514, 515, 517, 518, 518, 521, 522, 524, 528, 529, 531, 537, 540, 540, 543, 552, 551, 556, 560, 564, 574, 574, 586, 592, 598, 605, 612, 619]
[0, 561, 556, 553, 549, 546, 543, 540, 537, 535, 532, 530, 530, 527, 524, 522, 520, 520, 518, 517, 516, 515, 514, 513, 512, 512, 513, 512, 512, 513, 514, 514, 514, 516, 518, 520, 522, 523, 525, 527, 524, 531, 534, 537, 540, 543, 547, 552, 556, 558, 561, 566, 571, 577, 582, 588, 594, 601, 607, 614, 620]
[0, 561, 559, 555, 550, 547, 544, 541, 538, 535, 533, 530, 528, 525, 523, 522, 520, 519, 516, 515, 515, 515, 514, 513, 513, 512, 512, 512, 513, 513, 513, 514, 515, 516, 517, 519, 521, 522, 524, 525, 528, 531, 533, 535, 538, 541, 544, 548, 553, 557, 560, 565, 569, 574, 580, 586, 592, 599, 606, 612, 619]
[0, 563, 560, 556, 553, 549, 546, 543, 540, 536, 532, 530, 531, 530, 527, 525, 524, 523, 521, 520, 519, 519, 518, 517, 513, 513, 513, 513, 513, 513, 514, 514, 514, 516, 518, 519, 521, 523, 525, 527, 528, 531, 534, 537, 539, 543, 546, 551, 555, 558, 562, 565, 570, 577, 583, 589, 594, 600, 607, 614, 621]
[0, 573, 569, 565, 561, 558, 555, 552, 549, 546, 543, 541, 539, 536, 535, 533, 531, 529, 528, 527, 526, 525, 525, 517, 516, 516, 516, 516, 515, 515, 517, 517, 518, 519, 521, 522, 524, 526, 528, 529, 531, 533, 536, 539, 542, 545, 548, 551, 555, 560, 564, 568, 574, 579, 584, 590, 596, 602, 608, 615, 623]
[0, 571, 566, 562, 559, 556, 555, 550, 549, 544, 543, 542, 540, 537, 535, 533, 532, 530, 529, 528, 527, 526, 525, 524, 523, 523, 523, 523, 515, 523, 524, 517, 527, 528, 529, 531, 533, 534, 528, 538, 540, 542, 536, 545, 548, 555, 559, 562, 555, 571, 576, 582, 586, 591, 597, 590, 609, 615, 621, 629, 638]
[0, 571, 573, 569, 565, 561, 558, 556, 553, 550, 547, 545, 543, 541, 539, 537, 535, 533, 532, 531, 530, 530, 529, 524, 523, 523, 523, 523, 523, 524, 524, 525, 526, 527, 529, 530, 532, 534, 535, 537, 540, 542, 544, 547, 550, 554, 557, 561, 565, 568, 573, 578, 583, 588, 593, 599, 606, 612, 618, 626, 633]
[0, 573, 569, 565, 565, 562, 559, 556, 553, 550, 547, 545, 543, 541, 539, 537, 536, 533, 532, 532, 531, 530, 529, 528, 528, 527, 526, 526, 528, 528, 529, 529, 531, 532, 533, 535, 537, 538, 540, 542, 544, 546, 549, 552, 556, 558, 562, 565, 569, 574, 579, 584, 589, 594, 599, 606, 612, 619, 625, 633, 641]
[0, 587, 583, 565, 575, 571, 559, 567, 564, 561, 559, 557, 555, 553, 551, 549, 547, 546, 544, 543, 542, 541, 541, 528, 528, 527, 526, 527, 528, 528, 529, 529, 530, 531, 533, 534, 536, 538, 540, 542, 544, 546, 549, 551, 554, 558, 561, 565, 569, 574, 579, 583, 588, 593, 599, 605, 611, 618, 624, 631, 640]
[0, 587, 583, 579, 575, 575, 571, 567, 564, 561, 559, 557, 555, 553, 551, 549, 547, 546, 544, 544, 542, 541, 541, 540, 539, 539, 538, 538, 539, 540, 540, 541, 543, 544, 545, 547, 549, 549, 551, 554, 556, 558, 561, 564, 567, 571, 576, 579, 583, 587, 592, 597, 602, 607, 613, 619, 626, 633, 641, 648, 656]
[0, 595, 590, 586, 582, 578, 575, 571, 568, 565, 563, 561, 559, 557, 555, 553, 552, 551, 549, 548, 547, 546, 545, 540, 540, 539, 539, 540, 540, 540, 541, 542, 543, 544, 545, 547, 549, 550, 552, 554, 556, 559, 561, 564, 567, 571, 576, 579, 583, 588, 593, 597, 602, 608, 613, 619, 626, 633, 641, 648, 655]
[0, 595, 590, 586, 582, 578, 575, 571, 568, 565, 563, 560, 559, 557, 555, 553, 552, 551, 550, 547, 547, 546, 545, 545, 544, 544, 543, 543, 544, 545, 545, 547, 548, 550, 550, 552, 554, 555, 557, 559, 561, 564, 567, 569, 573, 577, 581, 585, 589, 594, 598, 603, 608, 614, 620, 626, 632, 640, 647, 655, 663]
[0, 593, 589, 585, 580, 576, 573, 571, 567, 565, 564, 561, 559, 557, 556, 555, 553, 551, 550, 548, 548, 547, 546, 545, 545, 544, 543, 543, 544, 545, 545, 546, 548, 550, 551, 552, 554, 555, 557, 559, 561, 564, 567, 569, 573, 573, 581, 585, 590, 594, 598, 603, 608, 615, 621, 626, 633, 641, 647, 655, 663]
[0, 608, 603, 599, 595, 591, 588, 585, 582, 579, 576, 573, 571, 570, 568, 565, 564, 563, 561, 561, 560, 559, 558, 545, 544, 544, 544, 544, 544, 545, 546, 546, 548, 549, 550, 551, 553, 555, 556, 558, 561, 563, 566, 568, 572, 576, 580, 584, 588, 591, 596, 602, 607, 612, 618, 624, 630, 637, 645, 652, 660]
[0, 609, 604, 600, 596, 593, 589, 587, 583, 580, 577, 574, 572, 570, 568, 566, 565, 564, 562, 561, 560, 559, 559, 558, 557, 557, 557, 557, 558, 559, 559, 561, 562, 563, 563, 564, 566, 569, 572, 575, 577, 580, 583, 586, 589, 593, 597, 600, 604, 609, 614, 619, 625, 632, 638, 644, 650, 658, 665, 672, 680]
[0, 614, 609, 604, 601, 597, 594, 590, 587, 584, 582, 579, 572, 576, 568, 574, 570, 564, 567, 561, 566, 565, 565, 564, 558, 558, 559, 557, 559, 559, 559, 561, 562, 563, 564, 565, 567, 568, 570, 572, 575, 578, 581, 584, 587, 591, 594, 598, 602, 606, 611, 615, 622, 628, 633, 640, 647, 653, 660, 667, 675]
[0, 612, 608, 604, 600, 597, 592, 590, 587, 587, 584, 582, 579, 576, 574, 573, 571, 570, 568, 567, 566, 566, 564, 563, 563, 563, 562, 562, 563, 564, 565, 566, 566, 567, 568, 570, 572, 574, 577, 579, 581, 584, 587, 590, 593, 596, 599, 603, 608, 611, 616, 621, 628, 634, 640, 646, 652, 659, 667, 675, 683]
[0, 632, 627, 623, 618, 615, 611, 607, 604, 601, 599, 596, 593, 591, 590, 588, 587, 585, 584, 583, 582, 581, 580, 563, 563, 562, 562, 563, 563, 564, 564, 565, 567, 568, 569, 570, 572, 575, 577, 580, 582, 584, 587, 591, 594, 596, 599, 603, 608, 612, 617, 622, 629, 636, 642, 648, 653, 660, 668, 675, 684]
[0, 638, 633, 628, 623, 618, 615, 612, 608, 606, 603, 600, 598, 597, 595, 593, 591, 590, 589, 588, 586, 585, 582, 579, 579, 578, 574, 570, 570, 570, 575, 580, 582, 585, 586, 587, 588, 590, 593, 595, 598, 601, 604, 606, 610, 613, 617, 621, 626, 632, 638, 644, 649, 654, 661, 668, 675, 682, 690, 698, 706]
[0, 635, 629, 625, 620, 616, 613, 609, 606, 603, 601, 599, 597, 595, 595, 593, 591, 590, 588, 588, 587, 586, 583, 583, 577, 573, 574, 571, 569, 570, 572, 575, 582, 589, 590, 592, 594, 595, 598, 601, 602, 605, 609, 611, 614, 617, 622, 627, 631, 637, 644, 649, 654, 660, 666, 673, 680, 687, 695, 704, 712]
[0, 636, 630, 626, 622, 617, 613, 610, 607, 605, 602, 600, 598, 595, 594, 592, 591, 590, 589, 588, 586, 584, 585, 583, 579, 574, 573, 570, 570, 570, 572, 573, 580, 588, 590, 591, 593, 596, 597, 599, 602, 605, 608, 611, 613, 617, 621, 625, 629, 634, 641, 647, 652, 658, 664, 671, 677, 684, 692, 701, 708]
[0, 638, 633, 628, 623, 619, 615, 611, 608, 605, 603, 601, 599, 596, 595, 593, 592, 590, 589, 588, 587, 585, 583, 583, 580, 573, 573, 570, 570, 570, 572, 577, 580, 588, 590, 591, 593, 595, 597, 599, 601, 604, 607, 609, 612, 615, 620, 624, 629, 635, 641, 645, 657, 658, 663, 676, 677, 683, 690, 699, 707]
[0, 654, 649, 645, 641, 636, 632, 629, 626, 622, 619, 616, 615, 614, 612, 609, 592, 606, 605, 601, 587, 581, 583, 576, 573, 572, 571, 570, 570, 571, 572, 574, 584, 0, 590, 593, 595, 595, 597, 602, 604, 604, 611, 609, 613, 620, 624, 624, 629, 641, 646, 645, 651, 656, 662, 669, 683, 690, 690, 708, 715]
[0, 656, 650, 646, 642, 637, 633, 630, 627, 624, 622, 619, 616, 613, 612, 610, 608, 606, 606, 603, 594, 583, 579, 576, 575, 573, 570, 570, 570, 570, 573, 572, 575, 588, 602, 609, 611, 613, 615, 617, 620, 622, 626, 629, 633, 637, 642, 647, 650, 655, 661, 668, 673, 679, 685, 692, 699, 707, 714, 721, 730]
[0, 662, 656, 652, 648, 644, 639, 636, 633, 630, 627, 624, 622, 619, 617, 615, 614, 612, 611, 607, 594, 582, 578, 575, 575, 568, 569, 570, 570, 570, 568, 567, 571, 585, 609, 609, 613, 615, 617, 619, 622, 625, 628, 632, 633, 640, 645, 650, 655, 660, 665, 671, 676, 683, 690, 697, 705, 713, 720, 728, 737]
[0, 661, 656, 652, 648, 644, 639, 636, 633, 630, 627, 624, 622, 619, 617, 615, 614, 612, 611, 607, 594, 582, 579, 575, 572, 568, 568, 570, 566, 568, 570, 574, 571, 0, 0, 615, 618, 620, 622, 624, 627, 630, 634, 638, 642, 646, 650, 654, 660, 665, 671, 676, 682, 688, 696, 703, 710, 717, 726, 735, 745]
[0, 674, 669, 663, 659, 655, 651, 648, 645, 643, 640, 636, 634, 632, 628, 626, 625, 623, 620, 0, 591, 581, 577, 575, 573, 568, 568, 570, 566, 568, 570, 573, 571, 0, 0, 615, 618, 620, 622, 624, 627, 630, 634, 638, 642, 646, 650, 654, 660, 665, 671, 676, 682, 689, 696, 703, 710, 718, 726, 735, 744]
[0, 674, 669, 663, 659, 655, 651, 648, 645, 643, 640, 636, 634, 632, 628, 626, 625, 623, 620, 0, 591, 581, 577, 575, 573, 568, 568, 565, 566, 565, 570, 568, 582, 599, 618, 628, 630, 633, 635, 638, 641, 644, 647, 650, 654, 659, 663, 669, 674, 679, 684, 691, 697, 704, 711, 717, 724, 733, 742, 750, 760]
[0, 674, 683, 674, 659, 670, 662, 648, 658, 655, 652, 651, 648, 646, 643, 641, 639, 638, 630, 0, 594, 581, 577, 575, 573, 568, 566, 564, 0, 0, 570, 563, 582, 599, 617, 628, 630, 633, 635, 638, 641, 644, 647, 650, 654, 658, 663, 669, 674, 679, 684, 691, 697, 704, 710, 716, 724, 732, 741, 750, 760]
[0, 690, 684, 679, 675, 670, 666, 663, 661, 658, 655, 652, 650, 648, 646, 644, 642, 640, 0, 601, 594, 586, 576, 575, 0, 633, 632, 631, 0, 633, 634, 0, 580, 599, 617, 0, 643, 645, 647, 650, 653, 656, 659, 663, 668, 672, 676, 680, 686, 692, 698, 704, 710, 716, 722, 730, 738, 747, 755, 762, 771]
[0, 700, 694, 689, 684, 680, 676, 672, 670, 668, 664, 660, 658, 656, 654, 651, 649, 648, 0, 0, 588, 578, 576, 575, 0, 636, 635, 636, 0, 636, 636, 0, 571, 584, 617, 0, 643, 650, 653, 0, 655, 658, 664, 663, 668, 673, 677, 688, 686, 699, 698, 705, 717, 723, 729, 737, 745, 755, 764, 773, 781]
[0, 696, 691, 689, 681, 677, 676, 673, 671, 667, 664, 661, 659, 656, 654, 653, 650, 648, 0, 0, 592, 581, 572, 575, 0, 644, 643, 644, 644, 645, 0, 572, 571, 584, 617, 0, 655, 657, 659, 661, 664, 668, 672, 676, 680, 685, 689, 695, 700, 706, 712, 718, 725, 731, 738, 746, 755, 764, 771, 779, 789]
[0, 711, 705, 700, 697, 694, 689, 685, 681, 677, 675, 673, 670, 668, 665, 663, 662, 648, 0, 0, 594, 581, 576, 0, 644, 644, 644, 644, 644, 645, 646, 0, 571, 584, 617, 0, 654, 657, 660, 662, 664, 667, 671, 675, 679, 684, 689, 695, 700, 706, 711, 716, 722, 729, 737, 745, 753, 761, 770, 780, 788]
[0, 711, 705, 700, 696, 693, 689, 685, 681, 677, 675, 672, 670, 668, 667, 664, 662, 648, 0, 0, 592, 580, 575, 0, 0, 644, 655, 655, 656, 657, 658, 0, 571, 584, 617, 0, 0, 670, 671, 674, 676, 679, 683, 688, 693, 697, 703, 708, 713, 718, 724, 730, 736, 743, 750, 758, 765, 774, 784, 794, 803]
[0, 709, 704, 699, 696, 695, 691, 687, 683, 679, 677, 674, 672, 670, 667, 664, 663, 661, 0, 0, 588, 578, 571, 0, 654, 656, 656, 655, 656, 657, 658, 0, 573, 584, 617, 0, 0, 668, 671, 674, 676, 680, 684, 688, 693, 697, 702, 708, 713, 718, 724, 730, 737, 744, 751, 759, 766, 774, 784, 793, 804]
[0, 728, 721, 716, 713, 709, 706, 702, 698, 695, 692, 689, 686, 684, 681, 678, 677, 670, 0, 596, 588, 582, 573, 569, 656, 655, 655, 656, 657, 658, 0, 569, 573, 584, 617, 0, 0, 671, 673, 675, 678, 681, 685, 689, 694, 699, 704, 710, 715, 720, 726, 733, 740, 747, 755, 762, 770, 779, 789, 798, 808]
[0, 742, 735, 730, 725, 720, 717, 714, 711, 708, 705, 702, 700, 697, 695, 692, 690, 689, 0, 0, 588, 584, 575, 566, 670, 670, 671, 672, 673, 674, 0, 0, 573, 584, 617, 0, 0, 686, 688, 690, 694, 701, 685, 709, 694, 717, 704, 729, 715, 741, 748, 755, 761, 768, 777, 785, 770, 803, 812, 821, 831]
[0, 742, 736, 730, 725, 720, 718, 715, 710, 708, 705, 702, 699, 697, 695, 692, 690, 689, 0, 0, 597, 584, 575, 566, 670, 0, 684, 686, 687, 0, 0, 567, 577, 583, 593, 0, 0, 702, 704, 706, 710, 714, 717, 721, 726, 731, 735, 742, 749, 755, 761, 768, 775, 783, 793, 800, 808, 816, 825, 835, 845]
[0, 742, 736, 730, 725, 720, 717, 714, 710, 708, 705, 702, 700, 697, 695, 692, 690, 689, 0, 0, 597, 584, 575, 566, 670, 0, 684, 686, 687, 0, 0, 568, 578, 583, 593, 0, 0, 702, 704, 706, 710, 714, 717, 721, 726, 731, 735, 742, 749, 755, 761, 767, 774, 783, 792, 800, 808, 817, 826, 835, 846]
[0, 753, 748, 743, 737, 732, 728, 724, 721, 718, 716, 714, 711, 709, 707, 704, 702, 701, 0, 602, 590, 580, 570, 566, 670, 0, 684, 686, 687, 0, 0, 567, 577, 583, 593, 0, 0, 702, 704, 706, 710, 714, 717, 721, 726, 731, 735, 742, 749, 755, 761, 768, 775, 783, 792, 800, 808, 816, 826, 835, 846]
[0, 756, 751, 746, 741, 736, 732, 728, 724, 720, 718, 716, 714, 710, 708, 706, 705, 0, 0, 602, 598, 587, 578, 568, 561, 559, 558, 686, 561, 565, 571, 579, 585, 583, 593, 0, 0, 714, 716, 719, 723, 727, 731, 735, 739, 745, 751, 757, 763, 769, 775, 783, 791, 797, 805, 815, 823, 831, 839, 851, 862]
[0, 767, 762, 757, 752, 747, 744, 740, 736, 733, 730, 727, 725, 722, 719, 717, 715, 714, 0, 602, 591, 587, 584, 576, 563, 560, 558, 558, 560, 564, 569, 577, 583, 585, 594, 0, 0, 717, 720, 722, 726, 731, 734, 739, 744, 749, 754, 760, 766, 772, 779, 787, 795, 802, 809, 818, 826, 834, 843, 854, 865]
[0, 772, 767, 763, 758, 753, 749, 745, 740, 736, 734, 732, 729, 727, 724, 721, 719, 0, 0, 0, 599, 591, 584, 576, 569, 565, 561, 559, 562, 567, 573, 580, 585, 589, 597, 0, 0, 729, 733, 736, 739, 743, 748, 753, 757, 763, 768, 774, 781, 788, 795, 803, 810, 817, 826, 834, 843, 854, 863, 872, 882]
[0, 779, 773, 768, 763, 759, 755, 751, 748, 744, 741, 732, 738, 735, 734, 732, 730, 728, 0, 0, 595, 590, 584, 576, 570, 566, 561, 560, 563, 569, 576, 581, 585, 590, 600, 0, 0, 733, 737, 739, 743, 748, 752, 757, 762, 766, 770, 776, 784, 792, 798, 804, 812, 820, 827, 837, 847, 855, 864, 873, 882]
[0, 781, 775, 769, 765, 760, 756, 752, 749, 745, 741, 739, 736, 734, 732, 729, 728, 728, 0, 0, 599, 591, 586, 578, 571, 564, 559, 562, 567, 574, 580, 584, 588, 596, 0, 0, 737, 739, 742, 747, 751, 754, 758, 763, 767, 773, 778, 784, 792, 798, 804, 811, 817, 825, 832, 841, 851, 862, 871, 878, 887]
[0, 781, 796, 785, 765, 779, 774, 770, 768, 765, 761, 758, 755, 752, 751, 748, 746, 744, 0, 0, 594, 589, 583, 580, 573, 566, 562, 561, 565, 571, 578, 583, 587, 593, 605, 734, 739, 739, 746, 750, 751, 754, 758, 767, 771, 773, 781, 787, 792, 802, 804, 816, 824, 831, 839, 848, 851, 858, 875, 884, 887]
[0, 806, 800, 794, 789, 784, 780, 776, 772, 770, 767, 764, 762, 759, 757, 754, 753, 744, 0, 0, 601, 591, 585, 577, 572, 566, 560, 563, 568, 575, 581, 586, 592, 604, 605, 734, 0, 760, 762, 766, 770, 773, 777, 782, 788, 793, 798, 806, 812, 818, 825, 830, 837, 845, 855, 864, 873, 882, 890, 899, 909]
[0, 822, 815, 810, 805, 801, 797, 793, 790, 786, 783, 780, 777, 774, 772, 754, 769, 744, 0, 0, 0, 588, 582, 579, 574, 569, 563, 561, 565, 571, 578, 583, 588, 0, 0, 759, 765, 768, 771, 775, 779, 784, 789, 793, 799, 805, 810, 816, 823, 829, 834, 841, 850, 859, 868, 876, 885, 894, 902, 913, 926]
[0, 823, 817, 812, 808, 803, 798, 794, 790, 787, 783, 781, 779, 775, 772, 771, 769, 744, 0, 650, 0, 589, 582, 577, 571, 565, 562, 564, 569, 575, 579, 583, 588, 0, 0, 0, 780, 784, 788, 791, 795, 800, 804, 809, 816, 821, 826, 831, 836, 842, 850, 858, 865, 872, 880, 888, 897, 907, 919, 928, 939]
[0, 834, 828, 824, 818, 813, 809, 804, 800, 797, 794, 792, 789, 786, 784, 781, 780, 778, 0, 650, 0, 593, 584, 578, 573, 567, 563, 563, 567, 574, 579, 583, 588, 0, 624, 780, 784, 0, 787, 790, 795, 800, 804, 809, 820, 821, 830, 831, 835, 842, 849, 858, 865, 872, 887, 888, 906, 907, 928, 936, 947]
[0, 829, 824, 824, 820, 815, 810, 805, 801, 798, 795, 792, 790, 788, 785, 783, 780, 779, 0, 0, 596, 593, 584, 579, 574, 569, 565, 564, 566, 572, 578, 583, 588, 0, 0, 788, 793, 797, 802, 805, 809, 814, 819, 824, 829, 833, 838, 845, 853, 862, 868, 873, 880, 888, 896, 906, 915, 926, 937, 945, 956]
[0, 843, 835, 830, 827, 823, 817, 813, 810, 806, 803, 801, 798, 797, 794, 791, 790, 789, 0, 0, 0, 591, 582, 579, 575, 569, 564, 563, 564, 570, 576, 593, 608, 0, 620, 788, 0, 795, 799, 802, 807, 813, 816, 821, 827, 831, 836, 843, 851, 858, 865, 871, 878, 885, 892, 901, 912, 924, 934, 944, 954]
[0, 865, 858, 853, 847, 841, 837, 834, 830, 827, 825, 822, 820, 817, 815, 814, 811, 809, 0, 656, 0, 0, 0, 577, 572, 566, 564, 566, 569, 574, 579, 593, 608, 0, 635, 800, 803, 0, 812, 802, 820, 826, 830, 835, 840, 846, 852, 860, 851, 866, 878, 886, 893, 900, 892, 911, 930, 924, 950, 962, 975]
[0, 883, 878, 872, 867, 862, 858, 853, 850, 846, 841, 838, 835, 833, 831, 830, 829, 828, 0, 661, 0, 0, 621, 0, 573, 568, 568, 570, 571, 575, 579, 593, 0, 639, 0, 822, 825, 829, 831, 835, 839, 843, 852, 859, 863, 868, 873, 878, 885, 892, 899, 907, 915, 924, 934, 944, 953, 965, 978, 989, 1002]
[0, 879, 874, 868, 863, 859, 855, 851, 846, 841, 838, 836, 835, 834, 832, 830, 828, 827, 827, 0, 0, 628, 621, 0, 574, 571, 572, 574, 574, 575, 579, 593, 0, 645, 0, 840, 844, 848, 851, 855, 860, 866, 871, 874, 878, 884, 891, 898, 905, 912, 920, 930, 938, 945, 954, 965, 976, 986, 997, 1009, 1022]
[0, 883, 878, 872, 868, 864, 860, 855, 850, 848, 843, 838, 837, 834, 832, 831, 829, 828, 827, 663, 0, 0, 623, 0, 576, 572, 573, 574, 573, 575, 579, 0, 645, 646, 0, 0, 0, 845, 850, 855, 860, 864, 868, 874, 878, 883, 891, 896, 903, 910, 918, 926, 934, 942, 950, 960, 972, 984, 995, 1005, 1018]
[0, 880, 874, 870, 865, 861, 856, 851, 848, 843, 843, 836, 837, 833, 831, 831, 829, 828, 828, 0, 0, 0, 0, 0, 574, 572, 572, 574, 573, 575, 579, 0, 639, 645, 0, 842, 846, 851, 855, 860, 864, 868, 873, 877, 882, 888, 894, 900, 907, 916, 923, 931, 939, 947, 957, 967, 978, 990, 1002, 1013, 1026]
[0, 909, 902, 896, 891, 886, 882, 877, 873, 870, 868, 866, 864, 862, 860, 857, 854, 854, 852, 0, 658, 653, 0, 0, 572, 572, 571, 574, 573, 573, 579, 0, 645, 647, 0, 0, 0, 846, 851, 856, 861, 866, 870, 874, 881, 886, 890, 897, 905, 912, 919, 927, 935, 943, 952, 964, 975, 986, 997, 1008, 1020]
[0, 913, 906, 900, 891, 889, 882, 885, 881, 879, 876, 872, 871, 869, 867, 865, 860, 858, 860, 0, 660, 655, 648, 0, 0, 575, 576, 579, 579, 573, 0, 644, 645, 658, 0, 867, 870, 872, 876, 881, 885, 889, 893, 899, 905, 912, 919, 925, 932, 939, 946, 955, 964, 974, 985, 995, 1005, 1016, 1028, 1039, 1052]
[0, 918, 912, 905, 899, 893, 889, 885, 882, 878, 875, 873, 871, 868, 866, 865, 863, 862, 861, 0, 658, 655, 654, 0, 0, 577, 581, 579, 580, 573, 0, 643, 652, 657, 0, 874, 876, 880, 884, 887, 891, 896, 901, 907, 912, 919, 927, 935, 941, 947, 954, 962, 972, 983, 993, 1002, 1012, 1024, 1035, 1047, 1062]
[0, 929, 922, 916, 909, 903, 899, 895, 892, 888, 885, 882, 880, 878, 876, 875, 873, 871, 870, 0, 0, 658, 653, 0, 0, 577, 579, 581, 580, 573, 0, 0, 646, 653, 0, 0, 878, 883, 887, 890, 895, 898, 903, 910, 917, 924, 930, 936, 942, 949, 957, 966, 976, 987, 997, 1006, 1016, 1028, 1040, 1053, 1068]
[0, 941, 934, 929, 925, 920, 914, 908, 903, 901, 898, 895, 894, 891, 876, 889, 887, 883, 883, 0, 0, 657, 652, 643, 0, 579, 580, 581, 580, 573, 0, 640, 648, 654, 0, 0, 889, 892, 896, 901, 907, 911, 917, 924, 930, 936, 942, 948, 956, 963, 972, 983, 993, 1001, 1011, 1021, 1032, 1044, 1056, 1070, 1084]
[0, 946, 940, 929, 934, 929, 923, 917, 913, 909, 906, 904, 901, 899, 897, 895, 894, 892, 891, 0, 658, 655, 647, 0, 589, 584, 586, 585, 580, 573, 0, 647, 655, 667, 0, 900, 904, 909, 914, 919, 924, 928, 932, 937, 944, 951, 957, 964, 973, 982, 989, 997, 1005, 1017, 1027, 1036, 1048, 1062, 1075, 1087, 1101]
[0, 966, 958, 952, 946, 941, 937, 932, 928, 924, 921, 918, 915, 913, 910, 908, 906, 904, 904, 0, 658, 655, 647, 646, 0, 583, 586, 588, 580, 0, 640, 647, 656, 0, 0, 906, 910, 915, 920, 924, 929, 934, 939, 944, 950, 956, 963, 971, 978, 986, 995, 1004, 1012, 1022, 1032, 1042, 1054, 1066, 1079, 1093, 1106]
[0, 962, 954, 948, 943, 938, 934, 930, 925, 922, 919, 916, 914, 913, 908, 908, 907, 905, 903, 903, 0, 659, 653, 646, 0, 586, 589, 591, 580, 0, 0, 653, 656, 660, 0, 923, 927, 931, 936, 939, 944, 948, 953, 960, 967, 975, 982, 990, 997, 1004, 1011, 1020, 1030, 1040, 1050, 1062, 1074, 1086, 1101, 1114, 1129]
[0, 963, 954, 948, 943, 937, 933, 930, 926, 923, 919, 919, 916, 911, 908, 908, 906, 904, 903, 903, 0, 659, 653, 0, 594, 586, 588, 589, 580, 0, 639, 650, 656, 0, 0, 923, 926, 931, 935, 938, 943, 947, 952, 957, 964, 972, 979, 987, 994, 1001, 1010, 1020, 1028, 1037, 1048, 1058, 1070, 1083, 1095, 1110, 1126]
[0, 963, 1018, 1010, 1006, 1001, 995, 989, 985, 980, 976, 974, 971, 967, 966, 965, 963, 961, 960, 961, 0, 664, 653, 653, 0, 588, 588, 589, 580, 0, 639, 650, 657, 0, 0, 922, 926, 931, 934, 938, 943, 947, 952, 957, 964, 972, 980, 987, 994, 1002, 1010, 1019, 1028, 1037, 1048, 1058, 1070, 1083, 1095, 1110, 1125]
[0, 1029, 1023, 1018, 1011, 1003, 998, 995, 991, 987, 985, 981, 977, 973, 969, 967, 968, 967, 966, 968, 0, 664, 652, 653, 0, 605, 600, 603, 620, 0, 636, 648, 658, 0, 986, 989, 992, 995, 1000, 1005, 1011, 1017, 1023, 1030, 1036, 1044, 1053, 1060, 1069, 1077, 1085, 1095, 1108, 1120, 1133, 1147, 1159, 1171, 1184, 1197, 1125]
[0, 1027, 1021, 1018, 1013, 1004, 999, 997, 995, 989, 985, 982, 978, 974, 972, 971, 972, 971, 970, 969, 0, 663, 653, 653, 0, 605, 600, 603, 609, 621, 635, 647, 658, 0, 986, 989, 992, 998, 1002, 1006, 1012, 1017, 1023, 1030, 1036, 1045, 1053, 1060, 1069, 1077, 1085, 1095, 1108, 1120, 1133, 1147, 1159, 1170, 1184, 1197, 1208]
[0, 1039, 1032, 1026, 1020, 1014, 1009, 1004, 1001, 998, 995, 993, 990, 987, 972, 985, 984, 971, 983, 982, 0, 667, 654, 653, 0, 607, 600, 603, 619, 621, 647, 658, 658, 0, 988, 993, 997, 1000, 1004, 1007, 1013, 1021, 1025, 1030, 1038, 1047, 1055, 1062, 1070, 1079, 1086, 1097, 1109, 1122, 1137, 1149, 1161, 1173, 1185, 1198, 1213]
[0, 1041, 1035, 1030, 1021, 1015, 1011, 1005, 1002, 999, 996, 993, 990, 988, 986, 986, 985, 983, 982, 982, 0, 667, 659, 0, 0, 603, 606, 603, 609, 635, 648, 659, 658, 0, 1002, 1005, 1008, 1012, 1018, 1023, 1027, 1033, 1039, 1046, 1053, 1062, 1069, 1076, 1084, 1092, 1101, 1111, 1124, 1137, 1150, 1162, 1175, 1187, 1198, 1211, 1227]
[0, 1042, 1037, 1030, 1023, 1017, 1011, 1007, 1003, 1000, 997, 995, 993, 989, 987, 986, 986, 983, 981, 982, 0, 669, 662, 0, 0, 602, 604, 606, 0, 634, 647, 659, 0, 0, 0, 1005, 1013, 1012, 1018, 1022, 1033, 1033, 1038, 1045, 1052, 1069, 1069, 1084, 1093, 1092, 1102, 1113, 1136, 1150, 1163, 1175, 1187, 1199, 1213, 1229, 1244]
[0, 1126, 1118, 1110, 1102, 1095, 1090, 1085, 1081, 1078, 1075, 1071, 1067, 1065, 1062, 1061, 1060, 1060, 1059, 1058, 0, 669, 0, 0, 0, 604, 604, 0, 613, 629, 644, 657, 668, 0, 1004, 1007, 1010, 1017, 1022, 1025, 1030, 1038, 1044, 1051, 1059, 1068, 1074, 1081, 1090, 1098, 1109, 1121, 1133, 1147, 1159, 1171, 1182, 1194, 1207, 1221, 1238]
[0, 1120, 1111, 1104, 1096, 1091, 1087, 1083, 1081, 1079, 1075, 1071, 1069, 1066, 1063, 1062, 1061, 1060, 1059, 1058, 1058, 669, 0, 654, 0, 623, 619, 618, 625, 640, 654, 666, 0, 1077, 1082, 1085, 1090, 1095, 1102, 1109, 1119, 1130, 1134, 1140, 1149, 1157, 1164, 1172, 1181, 1193, 1206, 1216, 1228, 1241, 1253, 1265, 1279, 1295, 1313, 1333, 1354]
[0, 1157, 1149, 1140, 1133, 1127, 1121, 1118, 1113, 1108, 1105, 1102, 1099, 1096, 1095, 1093, 1091, 1091, 1090, 1089, 1090, 669, 0, 647, 0, 0, 622, 619, 624, 650, 654, 666, 0, 0, 1080, 1083, 1088, 1094, 1101, 1106, 1114, 1125, 1134, 1138, 1144, 1152, 1161, 1169, 1177, 1188, 1201, 1212, 1223, 1236, 1248, 1261, 1275, 1289, 1307, 1328, 1347]
[0, 1157, 1150, 1141, 1133, 1129, 1124, 1118, 1114, 1108, 1104, 1103, 1099, 1096, 1093, 1092, 1091, 1091, 1091, 1096, 1097, 669, 0, 652, 640, 630, 625, 630, 640, 649, 661, 0, 1113, 1118, 1122, 1127, 1132, 1139, 1147, 1154, 1163, 1169, 1173, 1178, 1187, 1197, 1208, 1219, 1228, 1241, 1254, 1264, 1275, 1288, 1300, 1314, 1333, 1350, 1366, 1384, 1404]
[0, 1187, 1178, 1171, 1166, 1161, 1156, 1152, 1147, 1140, 1136, 1133, 1130, 1127, 1126, 1127, 1128, 1130, 1129, 1127, 1128, 1129, 0, 655, 641, 632, 626, 629, 638, 648, 659, 0, 1112, 1117, 1121, 1126, 1134, 1140, 1145, 1153, 1161, 1166, 1171, 1176, 1186, 1196, 1209, 1220, 1228, 1240, 1251, 1261, 1272, 1286, 1298, 1312, 1330, 1347, 1365, 1383, 1400]
[0, 1203, 1194, 1187, 1180, 1175, 1170, 1167, 1162, 1158, 1156, 1154, 1149, 1147, 1146, 1148, 1151, 1149, 1147, 1146, 1145, 1145, 1126, 655, 0, 648, 634, 0, 652, 662, 0, 1142, 1147, 1148, 1152, 1159, 1164, 1169, 1175, 1179, 1186, 1195, 1201, 1210, 1218, 1225, 1234, 1246, 1257, 1267, 1277, 1288, 1301, 1316, 1331, 1347, 1362, 1378, 1387, 1396, 1413]
[0, 1228, 1220, 1212, 1205, 1198, 1191, 1187, 1184, 1180, 1176, 1173, 1171, 1170, 1168, 1165, 1165, 1167, 1167, 1167, 1168, 1167, 1144, 655, 0, 648, 653, 0, 0, 662, 1164, 1142, 1165, 1168, 1172, 0, 1177, 1190, 1195, 1201, 1186, 1210, 1225, 1234, 1243, 1252, 1260, 1270, 1280, 1289, 1277, 1303, 1314, 1326, 1340, 1353, 1364, 1377, 1391, 1403, 1418]
[0, 1230, 1221, 1212, 1206, 1198, 1191, 1187, 1183, 1181, 1175, 1171, 1172, 1169, 1167, 1166, 1166, 1168, 1167, 1167, 1167, 1167, 1166, 1166, 0, 0, 678, 0, 1175, 1177, 1181, 1182, 1184, 1189, 1194, 1198, 1204, 1210, 1216, 1221, 1225, 1229, 1234, 1242, 1248, 1255, 1261, 1268, 1275, 1283, 1292, 1301, 1312, 1324, 1337, 1349, 1360, 1373, 1388, 1400, 1414]
[0, 1248, 1240, 1231, 1223, 1220, 1215, 1207, 1201, 1198, 1198, 1196, 1191, 1187, 1184, 1182, 1180, 1180, 1182, 1167, 1181, 1183, 1167, 1166, 0, 0, 0, 0, 1175, 1174, 1178, 1181, 1185, 1190, 1194, 1198, 1202, 1208, 1215, 1221, 1224, 1227, 1234, 1241, 1248, 1255, 1262, 1268, 1273, 1281, 1291, 1300, 1310, 1323, 1335, 1347, 1359, 1372, 1387, 1400, 1413]
[0, 1249, 1242, 1231, 1222, 1219, 1213, 1206, 1201, 1200, 1200, 1195, 1189, 1186, 1184, 1183, 1182, 1182, 1181, 1182, 1184, 1184, 1186, 1187, 0, 1188, 1189, 1190, 1191, 1193, 1178, 1197, 1199, 1204, 1207, 1198, 1208, 1215, 1215, 1219, 1224, 1229, 1240, 1246, 1248, 1249, 1254, 1269, 1273, 1279, 1288, 1303, 1310, 1316, 1328, 1352, 1364, 1376, 1390, 1405, 1419]
[0, 1279, 1271, 1263, 1259, 1255, 1250, 1245, 1239, 1232, 1227, 1224, 1221, 1219, 1217, 1183, 1215, 1212, 1211, 1210, 1210, 1206, 1185, 1186, 1187, 1190, 1190, 1190, 1191, 1193, 1197, 1199, 1201, 1203, 1205, 1208, 1211, 1215, 1218, 1223, 1228, 1234, 1240, 1246, 1249, 1252, 1260, 1270, 1276, 1284, 1294, 1303, 1314, 1326, 1340, 1352, 1363, 1376, 1390, 1403, 1417]
[0, 1286, 1278, 1271, 1262, 1255, 1251, 1248, 1243, 1237, 1232, 1227, 1225, 1223, 1220, 1218, 1216, 1213, 1212, 1210, 1211, 1206, 1200, 1199, 1200, 1198, 1197, 1197, 1196, 1194, 1195, 1198, 1199, 1200, 1202, 1203, 1207, 1211, 1214, 1218, 1224, 1229, 1232, 1237, 1243, 1249, 1254, 1261, 1268, 1275, 1283, 1292, 1304, 1317, 1328, 1339, 1351, 1364, 1376, 1390, 1405]
[0, 1282, 1274, 1267, 1261, 1256, 1252, 1247, 1241, 1236, 1231, 1227, 1224, 1222, 1220, 1217, 1216, 1214, 1212, 1211, 1209, 1202, 1200, 1200, 1200, 1200, 1198, 1195, 1196, 1197, 1197, 1198, 1196, 1197, 1203, 1206, 1208, 1210, 1214, 1220, 1224, 1228, 1234, 1240, 1247, 1254, 1261, 1268, 1273, 1281, 1291, 1300, 1310, 1322, 1333, 1345, 1359, 1371, 1386, 1399, 1413]
[0, 1303, 1295, 1287, 1279, 1273, 1267, 1260, 1256, 1252, 1246, 1242, 1239, 1235, 1230, 1224, 1218, 1214, 1212, 1210, 1207, 1202, 1200, 1201, 1200, 1199, 1197, 1197, 1195, 1194, 1197, 1199, 1201, 1203, 1205, 1207, 1211, 1214, 1218, 1223, 1228, 1233, 1236, 1242, 1248, 1252, 1261, 1269, 1276, 1283, 1293, 1303, 1314, 1326, 1338, 1350, 1362, 1372, 1386, 1402, 1417]
[0, 1304, 1296, 1288, 1281, 1275, 1267, 1262, 1258, 1253, 1247, 1242, 1239, 1234, 1228, 1223, 1219, 1216, 1214, 1209, 1205, 1203, 1200, 1200, 1199, 1197, 1196, 1197, 1196, 1194, 1197, 1198, 1200, 1203, 1204, 1206, 1210, 1214, 1218, 1222, 1228, 1233, 1236, 1242, 1248, 1252, 1257, 1266, 1275, 1283, 1292, 1303, 1314, 1325, 1337, 1349, 1362, 1375, 1389, 1402, 1416]
[0, 1311, 1305, 1300, 1292, 1284, 1276, 1272, 1266, 1260, 1255, 1247, 1240, 1235, 1230, 1226, 1222, 1216, 1211, 1209, 1206, 1202, 1200, 1198, 1196, 1195, 1195, 1195, 1195, 1197, 1196, 1196, 1196, 1200, 1204, 1206, 1207, 1210, 1216, 1221, 1225, 1229, 1234, 1241, 1247, 1254, 1261, 1267, 1274, 1282, 1288, 1297, 1310, 1322, 1333, 1346, 1359, 1370, 1383, 1399, 1412]
[0, 1311, 1331, 1319, 1306, 1293, 1285, 1278, 1271, 1264, 1258, 1250, 1244, 1237, 1230, 1227, 1223, 1218, 1213, 1206, 1203, 1202, 1200, 1197, 1197, 1197, 1195, 1195, 1196, 1196, 1196, 1198, 1197, 1198, 1202, 1203, 1206, 1210, 1214, 1220, 1224, 1228, 1234, 1240, 1246, 1253, 1260, 1267, 1273, 1280, 1289, 1298, 1309, 1319, 1331, 1343, 1355, 1367, 1380, 1398, 1411]
[0, 1344, 1331, 1319, 1306, 1293, 1285, 1277, 1269, 1263, 1257, 1249, 1242, 1236, 1230, 1227, 1223, 1217, 1212, 1206, 1203, 1201, 1200, 1197, 1196, 1195, 1194, 1194, 1194, 1195, 1193, 1194, 1195, 1198, 1200, 1202, 1205, 1209, 1214, 1216, 1220, 1226, 1231, 1235, 1241, 1247, 1254, 1261, 1267, 1273, 1281, 1292, 1302, 1314, 1324, 1336, 1352, 1364, 1376, 1389, 1404]
[0, 1342, 1330, 1315, 1303, 1292, 1284, 1277, 1268, 1261, 1255, 1247, 1242, 1234, 1229, 1225, 1221, 1216, 1211, 1206, 1203, 1201, 1197, 1196, 1195, 1195, 1193, 1191, 1191, 1193, 1193, 1194, 1196, 1197, 1198, 1200, 1202, 1206, 1211, 1216, 1220, 1223, 1229, 1234, 1240, 1248, 1255, 1262, 1269, 1275, 1283, 1291, 1301, 1313, 1326, 1337, 1347, 1361, 1378, 1390, 1402]
[0, 1341, 1328, 1313, 1301, 1291, 1283, 1275, 1267, 1261, 1255, 1247, 1240, 1233, 1228, 1225, 1221, 1216, 1209, 1205, 1203, 1202, 1198, 1196, 1195, 1194, 1192, 1191, 1191, 1192, 1193, 1195, 1197, 1197, 1199, 1200, 1203, 1207, 1210, 1214, 1219, 1226, 1231, 1237, 1245, 1250, 1253, 1260, 1267, 1275, 1283, 1294, 1305, 1315, 1329, 1339, 1353, 1366, 1376, 1391, 1404]
[0, 1330, 1328, 1318, 1305, 1293, 1284, 1277, 1270, 1262, 1254, 1246, 1243, 1237, 1229, 1226, 1219, 1214, 1212, 1206, 1203, 1200, 1199, 1197, 1195, 1193, 1194, 1194, 1194, 1194, 1194, 1195, 1196, 1199, 1200, 1199, 1204, 1207, 1210, 1215, 1222, 1228, 1231, 1235, 1242, 1249, 1253, 1262, 1269, 1275, 1284, 1295, 1306, 1316, 1329, 1341, 1355, 1366, 1376, 1391, 1406]
[0, 1330, 1316, 1303, 1292, 1284, 1284, 1278, 1261, 1262, 1252, 1246, 1243, 1238, 1230, 1224, 1220, 1216, 1211, 1206, 1202, 1201, 1198, 1197, 1195, 1194, 1192, 1192, 1193, 1192, 1193, 1194, 1195, 1197, 1199, 1199, 1201, 1204, 1210, 1215, 1218, 1222, 1228, 1234, 1240, 1245, 1252, 1260, 1265, 1272, 1281, 1289, 1300, 1312, 1325, 1338, 1348, 1359, 1373, 1387, 1403]
[0, 1335, 1322, 1308, 1296, 1287, 1280, 1272, 1264, 1256, 1247, 1242, 1238, 1233, 1227, 1220, 1216, 1211, 1206, 1203, 1199, 1199, 1199, 1196, 1195, 1196, 1194, 1193, 1194, 1194, 1193, 1193, 1194, 1195, 1197, 1199, 1201, 1205, 1207, 1213, 1219, 1223, 1229, 1236, 1241, 1247, 1251, 1257, 1267, 1273, 1281, 1288, 1296, 1308, 1320, 1332, 1345, 1360, 1372, 1384, 1398]
[0, 1334, 1322, 1308, 1296, 1287, 1280, 1272, 1264, 1256, 1248, 1242, 1238, 1233, 1227, 1219, 1216, 1211, 1206, 1203, 1199, 1199, 1199, 1197, 1195, 1194, 1194, 1192, 1190, 1191, 1192, 1193, 1196, 1196, 1197, 1200, 1203, 1207, 1210, 1214, 1218, 1225, 1233, 1236, 1240, 1247, 1254, 1263, 1269, 1273, 1282, 1292, 1303, 1315, 1328, 1341, 1350, 1361, 1376, 1391, 1406]
[0, 1334, 1321, 1307, 1295, 1286, 1279, 1271, 1263, 1255, 1248, 1242, 1237, 1232, 1226, 1220, 1216, 1211, 1206, 1203, 1199, 1198, 1198, 1196, 1195, 1194, 1194, 1192, 1190, 1191, 1193, 1194, 1195, 1196, 1197, 1200, 1203, 1206, 1209, 1214, 1218, 1224, 1230, 1234, 1240, 1247, 1254, 1261, 1268, 1273, 1282, 1292, 1303, 1315, 1328, 1340, 1350, 1361, 1376, 1390, 1405]
[0, 1333, 1321, 1310, 1299, 1287, 1278, 1269, 1263, 1256, 1248, 1243, 1238, 1231, 1225, 1220, 1216, 1211, 1207, 1203, 1199, 1198, 1197, 1194, 1193, 1194, 1193, 1192, 1192, 1192, 1191, 1193, 1195, 1196, 1197, 1199, 1202, 1206, 1209, 1214, 1218, 1224, 1230, 1234, 1240, 1245, 1253, 1261, 1268, 1273, 1281, 1292, 1302, 1314, 1327, 1341, 1353, 1363, 1376, 1390, 1404]
[0, 1329, 1316, 1303, 1291, 1282, 1276, 1268, 1260, 1256, 1246, 1243, 1240, 1235, 1229, 1221, 1217, 1214, 1209, 1205, 1201, 1197, 1197, 1196, 1194, 1193, 1192, 1192, 1190, 1191, 1192, 1194, 1195, 1195, 1197, 1199, 1202, 1205, 1208, 1213, 1218, 1224, 1230, 1234, 1240, 1246, 1254, 1262, 1268, 1274, 1283, 1291, 1300, 1311, 1324, 1337, 1352, 1364, 1376, 1390, 1405]
[0, 1328, 1314, 1303, 1291, 1282, 1275, 1267, 1258, 1250, 1246, 1240, 1235, 1235, 1221, 1216, 1212, 1214, 1209, 1205, 1201, 1197, 1196, 1196, 1194, 1192, 1191, 1190, 1191, 1193, 1192, 1192, 1193, 1193, 1193, 1195, 1199, 1202, 1204, 1208, 1213, 1217, 1221, 1227, 1233, 1238, 1246, 1254, 1260, 1270, 1280, 1286, 1296, 1311, 1327, 1340, 1352, 1364, 1380, 1400, 1416]
[0, 1327, 1314, 1302, 1291, 1282, 1275, 1267, 1260, 1253, 1246, 1240, 1233, 1227, 1221, 1216, 1212, 1208, 1205, 1205, 1196, 1197, 1196, 1195, 1194, 1192, 1190, 1189, 1190, 1192, 1191, 1191, 1193, 1193, 1193, 1196, 1199, 1202, 1204, 1208, 1213, 1217, 1221, 1227, 1233, 1237, 1245, 1254, 1261, 1267, 1277, 1286, 1309, 1326, 1338, 1340, 1352, 1381, 1380, 1415, 1433]
[0, 1334, 1321, 1306, 1295, 1286, 1277, 1269, 1263, 1256, 1248, 1242, 1237, 1230, 1225, 1220, 1215, 1210, 1206, 1203, 1199, 1195, 1194, 1193, 1194, 1190, 1189, 1189, 1190, 1189, 1189, 1189, 1192, 1193, 1194, 1196, 1199, 1202, 1212, 1208, 1225, 1217, 1230, 1237, 1244, 1261, 1269, 1254, 1275, 1292, 1304, 1313, 1322, 1333, 1343, 1353, 1352, 1381, 1399, 1415, 1433]
[0, 1333, 1319, 1304, 1293, 1286, 1277, 1269, 1263, 1256, 1248, 1242, 1237, 1231, 1226, 1221, 1213, 1210, 1208, 1204, 1200, 1196, 1192, 1193, 1193, 1190, 1190, 1190, 1189, 1190, 1191, 1193, 1195, 1195, 1195, 1198, 1202, 1205, 1209, 1216, 1223, 1227, 1234, 1241, 1248, 1257, 1265, 1272, 1281, 1289, 1297, 1308, 1318, 1328, 1340, 1353, 1365, 1379, 1394, 1411, 1427]
[0, 1332, 1319, 1305, 1294, 1286, 1277, 1269, 1262, 1255, 1247, 1242, 1237, 1230, 1226, 1221, 1214, 1211, 1207, 1203, 1199, 1196, 1193, 1193, 1192, 1190, 1189, 1189, 1190, 1190, 1190, 1190, 1192, 1198, 1203, 1208, 1212, 1219, 1224, 1226, 1231, 1237, 1243, 1248, 1254, 1260, 1265, 1272, 1280, 1289, 1297, 1308, 1318, 1329, 1341, 1353, 1365, 1379, 1395, 1412, 1427]
[0, 1332, 1318, 1309, 1298, 1285, 1277, 1269, 1261, 1254, 1251, 1246, 1238, 1232, 1227, 1220, 1214, 1210, 1206, 1202, 1201, 1198, 1193, 1192, 1192, 1189, 1188, 1190, 1190, 1189, 1189, 1190, 1192, 1198, 1203, 1208, 1212, 1219, 1223, 1226, 1231, 1237, 1243, 1247, 1253, 1261, 1267, 1272, 1279, 1288, 1298, 1308, 1317, 1328, 1337, 1349, 1364, 1378, 1394, 1411, 1427]
[0, 1332, 1319, 1305, 1294, 1285, 1277, 1269, 1262, 1255, 1248, 1241, 1235, 1229, 1224, 1219, 1215, 1210, 1206, 1203, 1200, 1199, 1194, 1194, 1193, 1192, 1191, 1190, 1193, 1195, 1197, 1202, 1207, 1211, 1214, 1214, 1215, 1218, 1223, 1227, 1234, 1240, 1242, 1247, 1253, 1260, 1266, 1273, 1280, 1288, 1298, 1307, 1317, 1328, 1337, 1349, 1364, 1377, 1394, 1411, 1426]
[0, 1325, 1310, 1305, 1301, 1292, 1283, 1276, 1270, 1263, 1258, 1254, 1251, 1247, 1242, 1237, 1235, 1231, 1226, 1221, 1216, 1214, 1201, 1200, 1200, 1200, 1201, 1204, 1205, 1206, 1206, 1206, 1209, 1212, 1212, 1214, 1218, 1220, 1223, 1227, 1232, 1239, 1243, 1246, 1253, 1258, 1264, 1273, 1282, 1290, 1298, 1308, 1317, 1328, 1339, 1351, 1367, 1380, 1394, 1410, 1425]
[0, 1327, 1314, 1302, 1291, 1282, 1275, 1268, 1263, 1259, 1255, 1250, 1246, 1247, 1242, 1235, 1235, 1231, 1228, 1225, 1219, 1215, 1213, 1210, 1210, 1209, 1207, 1207, 1206, 1205, 1205, 1206, 1208, 1209, 1211, 1212, 1215, 1220, 1224, 1227, 1232, 1237, 1242, 1247, 1252, 1257, 1262, 1269, 1277, 1288, 1297, 1304, 1312, 1322, 1335, 1349, 1360, 1373, 1387, 1403, 1419]
[0, 1348, 1334, 1325, 1317, 1308, 1299, 1292, 1282, 1274, 1266, 1260, 1254, 1248, 1242, 1237, 1234, 1231, 1226, 1221, 1216, 1214, 1213, 1210, 1208, 1207, 1206, 1207, 1208, 1207, 1207, 1208, 1207, 1209, 1214, 1215, 1214, 1216, 1219, 1224, 1230, 1235, 1238, 1244, 1250, 1255, 1261, 1268, 1274, 1282, 1292, 1302, 1311, 1321, 1331, 1341, 1353, 1368, 1384, 1399, 1433]
[0, 1343, 1331, 1325, 1316, 1304, 1295, 1288, 1278, 1270, 1264, 1257, 1253, 1249, 1243, 1237, 1233, 1227, 1222, 1217, 1214, 1212, 1213, 1210, 1209, 1208, 1207, 1207, 1206, 1206, 1206, 1208, 1208, 1209, 1208, 1208, 1215, 1217, 1219, 1224, 1230, 1235, 1238, 1243, 1250, 1255, 1260, 1268, 1274, 1282, 1292, 1301, 1310, 1321, 1330, 1343, 1355, 1369, 1385, 1400, 1415]
[0, 1344, 1330, 1320, 1312, 1303, 1294, 1283, 1277, 1271, 1263, 1258, 1252, 1246, 1242, 1237, 1231, 1225, 1222, 1219, 1214, 1211, 1209, 1208, 1208, 1207, 1205, 1205, 1206, 1206, 1206, 1206, 1208, 1211, 1213, 1215, 1215, 1218, 1223, 1226, 1231, 1236, 1239, 1244, 1252, 1259, 1265, 1273, 1280, 1287, 1297, 1307, 1316, 1327, 1336, 1349, 1362, 1376, 1393, 1409, 1425]
[0, 1349, 1336, 1326, 1317, 1307, 1297, 1289, 1282, 1272, 1265, 1258, 1251, 1247, 1242, 1237, 1233, 1230, 1226, 1219, 1214, 1212, 1210, 1208, 1206, 1205, 1205, 1207, 1206, 1205, 1206, 1207, 1209, 1211, 1212, 1214, 1217, 1219, 1223, 1227, 1229, 1232, 1240, 1244, 1250, 1258, 1266, 1274, 1282, 1289, 1298, 1310, 1321, 1327, 1339, 1354, 1368, 1382, 1396, 1414, 1430]
[0, 1344, 1331, 1320, 1312, 1304, 1294, 1284, 1276, 1269, 1260, 1255, 1252, 1247, 1243, 1237, 1232, 1226, 1222, 1219, 1214, 1211, 1210, 1210, 1208, 1206, 1205, 1205, 1204, 1205, 1206, 1206, 1208, 1210, 1211, 1212, 1214, 1217, 1222, 1226, 1230, 1233, 1238, 1245, 1251, 1257, 1264, 1269, 1277, 1286, 1296, 1304, 1313, 1324, 1333, 1348, 1362, 1376, 1389, 1405, 1421]
[0, 1339, 1329, 1320, 1309, 1301, 1291, 1284, 1282, 1267, 1261, 1255, 1254, 1250, 1245, 1238, 1234, 1230, 1227, 1223, 1216, 1214, 1210, 1209, 1207, 1205, 1206, 1207, 1206, 1204, 1204, 1206, 1208, 1210, 1212, 1214, 1216, 1219, 1223, 1227, 1230, 1233, 1239, 1245, 1251, 1258, 1265, 1274, 1282, 1290, 1299, 1309, 1318, 1327, 1338, 1352, 1368, 1382, 1396, 1410, 1427]
[0, 1350, 1336, 1325, 1317, 1307, 1297, 1289, 1281, 1273, 1265, 1260, 1255, 1248, 1242, 1237, 1233, 1229, 1225, 1220, 1215, 1212, 1212, 1210, 1209, 1208, 1207, 1208, 1207, 1206, 1207, 1207, 1207, 1209, 1206, 1207, 1214, 1216, 1219, 1224, 1230, 1234, 1238, 1243, 1249, 1255, 1261, 1268, 1272, 1280, 1293, 1302, 1310, 1321, 1330, 1341, 1357, 1371, 1384, 1397, 1412]
[0, 1344, 1331, 1320, 1311, 1303, 1294, 1286, 1277, 1270, 1264, 1257, 1252, 1245, 1240, 1237, 1233, 1228, 1222, 1217, 1215, 1213, 1210, 1209, 1208, 1207, 1206, 1205, 1205, 1204, 1205, 1206, 1207, 1209, 1214, 1215, 1213, 1217, 1223, 1227, 1232, 1235, 1240, 1246, 1251, 1257, 1261, 1268, 1276, 1285, 1294, 1304, 1312, 1321, 1331, 1345, 1360, 1373, 1386, 1402, 1417]
[0, 1350, 1336, 1325, 1317, 1307, 1297, 1289, 1285, 1276, 1265, 1259, 1254, 1249, 1243, 1237, 1233, 1230, 1225, 1219, 1215, 1212, 1210, 1209, 1208, 1204, 1202, 1204, 1205, 1203, 1203, 1206, 1209, 1211, 1212, 1214, 1217, 1219, 1223, 1227, 1232, 1238, 1241, 1244, 1253, 1259, 1264, 1271, 1280, 1290, 1298, 1307, 1317, 1325, 1335, 1350, 1366, 1380, 1394, 1410, 1423]
[0, 1342, 1331, 1321, 1311, 1303, 1294, 1284, 1281, 1273, 1260, 1255, 1251, 1245, 1239, 1235, 1231, 1225, 1221, 1218, 1215, 1211, 1209, 1206, 1206, 1207, 1206, 1206, 1205, 1204, 1205, 1206, 1207, 1209, 1210, 1212, 1216, 1219, 1217, 1220, 1231, 1235, 1241, 1247, 1250, 1256, 1262, 1268, 1279, 1287, 1294, 1304, 1313, 1321, 1331, 1345, 1360, 1373, 1386, 1399, 1415]
[0, 1342, 1331, 1320, 1310, 1302, 1293, 1284, 1280, 1272, 1260, 1255, 1250, 1245, 1240, 1235, 1231, 1227, 1223, 1218, 1218, 1211, 1210, 1209, 1207, 1205, 1205, 1206, 1206, 1204, 1205, 1207, 1207, 1208, 1212, 1205, 1216, 1207, 1223, 1227, 1230, 1235, 1236, 1243, 1249, 1254, 1260, 1267, 1274, 1282, 1292, 1301, 1309, 1319, 1339, 1353, 1368, 1373, 1397, 1399, 1429]
[0, 1349, 1336, 1325, 1316, 1306, 1297, 1289, 1280, 1271, 1265, 1258, 1252, 1246, 1241, 1238, 1233, 1229, 1224, 1217, 1215, 1212, 1210, 1209, 1207, 1205, 1205, 1203, 1205, 1206, 1205, 1211, 1207, 1209, 1212, 1211, 1208, 1210, 1219, 1223, 1227, 1232, 1238, 1243, 1249, 1254, 1259, 1267, 1274, 1282, 1292, 1301, 1309, 1319, 1329, 1355, 1368, 1383, 1396, 1399, 1428]
[0, 1341, 1330, 1320, 1310, 1301, 1292, 1283, 1274, 1266, 1260, 1253, 1246, 1246, 1237, 1238, 1234, 1230, 1224, 1218, 1215, 1214, 1209, 1208, 1207, 1207, 1206, 1206, 1206, 1205, 1205, 1206, 1208, 1209, 1211, 1213, 1214, 1217, 1218, 1222, 1223, 1229, 1239, 1244, 1252, 1258, 1264, 1271, 1278, 1287, 1296, 1306, 1316, 1327, 1337, 1349, 1363, 1377, 1392, 1409, 1422]
[0, 1351, 1336, 1325, 1317, 1307, 1299, 1290, 1280, 1272, 1264, 1256, 1251, 1248, 1242, 1236, 1232, 1229, 1224, 1219, 1215, 1211, 1212, 1209, 1208, 1207, 1206, 1205, 1204, 1205, 1206, 1208, 1208, 1208, 1209, 1211, 1213, 1215, 1219, 1224, 1226, 1231, 1237, 1243, 1249, 1254, 1260, 1267, 1274, 1282, 1292, 1301, 1310, 1320, 1330, 1342, 1357, 1371, 1385, 1397, 1413]
[0, 1341, 1330, 1320, 1309, 1301, 1292, 1283, 1273, 1264, 1259, 1252, 1248, 1242, 1236, 1234, 1229, 1224, 1218, 1215, 1213, 1211, 1210, 1208, 1206, 1204, 1203, 1206, 1205, 1204, 1205, 1205, 1206, 1208, 1210, 1213, 1213, 1217, 1220, 1224, 1231, 1235, 1238, 1243, 1250, 1255, 1261, 1268, 1276, 1285, 1294, 1303, 1312, 1322, 1331, 1344, 1359, 1373, 1386, 1399, 1416]
