[0, 0, 0, 0, 0, 0, 0, 0, 0, 0, 0, 0, 0, 0, 0, 0, 0, 0, 0, 0, 0, 0, 0, 0, 0, 0, 0, 0, 0, 0, 0, 0, 0, 0, 0, 0, 0, 0, 0, 0, 0, 0, 0, 0, 0, 0, 0, 0, 0, 0, 0, 0, 0, 0, 0, 0, 0, 0, 0, 0, 0]
[0, 542, 538, 534, 530, 526, 522, 520, 517, 514, 511, 510, 507, 504, 502, 502, 501, 499, 498, 497, 496, 493, 493, 493, 491, 491, 492, 492, 492, 488, 482, 478, 474, 471, 1232, 0, 498, 500, 501, 503, 505, 507, 510, 512, 514, 518, 522, 525, 528, 531, 535, 540, 545, 550, 554, 558, 564, 570, 576, 583, 595]
[0, 542, 537, 533, 530, 526, 522, 520, 517, 514, 511, 509, 507, 505, 502, 501, 499, 499, 498, 496, 495, 493, 493, 493, 491, 491, 491, 492, 491, 488, 487, 480, 476, 473, 1232, 0, 498, 500, 502, 504, 506, 508, 511, 513, 516, 519, 522, 525, 529, 533, 537, 542, 546, 551, 555, 560, 566, 571, 578, 585, 591]
[0, 543, 539, 535, 531, 527, 524, 519, 516, 514, 512, 510, 507, 505, 504, 502, 500, 499, 497, 496, 495, 494, 492, 493, 491, 491, 491, 491, 491, 491, 480, 480, 476, 473, 1232, 0, 0, 498, 502, 504, 0, 508, 511, 513, 515, 519, 522, 525, 529, 533, 537, 542, 546, 551, 555, 560, 566, 571, 578, 585, 591]
[0, 543, 537, 535, 533, 529, 522, 519, 519, 515, 513, 511, 509, 506, 504, 502, 500, 499, 498, 496, 495, 494, 493, 492, 492, 491, 491, 491, 491, 487, 481, 480, 473, 473, 1232, 0, 498, 500, 502, 503, 506, 508, 510, 513, 515, 518, 522, 525, 529, 533, 537, 542, 546, 550, 555, 559, 565, 571, 578, 584, 592]
[0, 543, 537, 533, 529, 529, 525, 522, 515, 515, 513, 511, 509, 506, 504, 502, 500, 499, 498, 496, 495, 494, 493, 492, 492, 491, 491, 491, 491, 491, 486, 479, 475, 472, 1232, 0, 0, 499, 501, 503, 505, 507, 511, 513, 514, 517, 521, 526, 530, 533, 539, 543, 548, 553, 557, 562, 567, 573, 580, 587, 594]
[0, 543, 539, 535, 531, 527, 524, 520, 517, 515, 512, 510, 508, 506, 504, 502, 500, 499, 497, 496, 495, 493, 492, 492, 492, 491, 491, 491, 491, 491, 486, 479, 475, 472, 1232, 0, 0, 499, 501, 503, 505, 507, 509, 511, 514, 520, 523, 526, 526, 534, 539, 543, 548, 552, 557, 562, 567, 574, 580, 587, 593]
[0, 543, 541, 533, 531, 529, 525, 522, 519, 513, 511, 510, 507, 506, 505, 502, 500, 499, 498, 496, 495, 494, 493, 492, 491, 491, 491, 492, 492, 488, 482, 477, 474, 472, 1232, 0, 498, 500, 501, 503, 504, 507, 510, 512, 515, 518, 521, 525, 528, 531, 535, 540, 545, 550, 554, 559, 564, 570, 576, 583, 589]
[0, 541, 537, 533, 529, 529, 526, 523, 519, 515, 513, 509, 507, 507, 505, 502, 501, 499, 498, 497, 495, 494, 493, 492, 491, 491, 491, 491, 491, 491, 486, 479, 475, 472, 1232, 0, 0, 499, 500, 503, 505, 507, 509, 511, 514, 517, 520, 523, 526, 530, 535, 543, 548, 550, 557, 562, 568, 574, 581, 588, 594]
[0, 549, 541, 533, 538, 534, 530, 527, 524, 521, 518, 516, 514, 512, 510, 509, 507, 505, 503, 502, 501, 500, 499, 498, 492, 492, 492, 493, 492, 491, 486, 479, 475, 472, 1232, 0, 0, 500, 502, 504, 506, 509, 510, 512, 514, 517, 520, 524, 531, 530, 535, 539, 550, 550, 554, 565, 571, 578, 584, 591, 596]
[0, 549, 545, 541, 537, 534, 530, 526, 524, 522, 519, 516, 514, 512, 510, 509, 507, 505, 503, 502, 501, 501, 500, 499, 498, 498, 498, 497, 498, 492, 483, 479, 476, 473, 1232, 0, 0, 0, 508, 510, 512, 513, 516, 519, 522, 524, 527, 531, 535, 543, 548, 539, 557, 550, 565, 571, 578, 584, 590, 597, 604]
[0, 548, 544, 540, 536, 533, 530, 527, 523, 521, 518, 516, 513, 512, 509, 508, 506, 504, 503, 502, 501, 500, 499, 499, 499, 499, 498, 498, 494, 488, 482, 479, 475, 472, 1232, 0, 0, 507, 509, 510, 513, 515, 517, 520, 523, 526, 530, 533, 537, 541, 545, 549, 553, 558, 563, 568, 581, 587, 593, 599, 606]
[0, 549, 545, 541, 537, 534, 530, 526, 524, 522, 519, 516, 514, 512, 510, 509, 507, 505, 503, 502, 501, 501, 500, 499, 499, 498, 498, 498, 492, 488, 485, 478, 474, 472, 472, 0, 0, 508, 509, 511, 514, 516, 518, 521, 524, 527, 530, 534, 538, 541, 546, 551, 556, 559, 564, 570, 576, 582, 589, 595, 601]
[0, 545, 545, 538, 537, 534, 528, 526, 525, 519, 519, 516, 514, 512, 511, 509, 507, 505, 503, 502, 502, 501, 500, 499, 499, 499, 498, 498, 494, 488, 482, 479, 475, 472, 472, 0, 0, 507, 509, 510, 513, 515, 517, 520, 523, 526, 530, 533, 537, 541, 545, 549, 553, 558, 568, 574, 580, 587, 589, 599, 606]
[0, 550, 546, 543, 539, 536, 532, 529, 526, 523, 521, 518, 516, 514, 513, 511, 510, 508, 507, 506, 504, 503, 502, 499, 499, 499, 498, 498, 498, 493, 484, 480, 476, 472, 471, 0, 0, 0, 509, 511, 514, 517, 520, 520, 523, 525, 532, 536, 540, 544, 547, 552, 557, 561, 566, 572, 578, 585, 591, 597, 603]
[0, 554, 550, 546, 542, 539, 535, 532, 529, 526, 523, 521, 519, 517, 515, 513, 511, 509, 508, 507, 505, 505, 504, 504, 501, 501, 502, 500, 493, 485, 481, 480, 476, 473, 471, 472, 0, 0, 513, 515, 517, 520, 523, 526, 529, 532, 535, 538, 543, 547, 551, 555, 560, 565, 570, 576, 582, 588, 594, 600, 607]
[0, 553, 549, 545, 541, 538, 533, 530, 527, 525, 523, 521, 519, 516, 514, 513, 511, 509, 507, 507, 506, 505, 504, 503, 503, 502, 502, 503, 498, 489, 484, 481, 477, 475, 473, 472, 0, 0, 514, 516, 519, 521, 523, 526, 529, 531, 535, 539, 542, 546, 551, 555, 559, 564, 575, 581, 582, 586, 599, 606, 614]
[0, 556, 551, 548, 544, 541, 537, 534, 531, 527, 525, 524, 522, 520, 518, 514, 513, 512, 511, 509, 508, 508, 507, 506, 503, 503, 502, 501, 496, 487, 483, 481, 477, 474, 472, 472, 0, 0, 513, 516, 518, 520, 524, 526, 529, 532, 536, 539, 543, 547, 552, 556, 561, 565, 570, 577, 583, 589, 596, 601, 608]
[0, 554, 550, 546, 542, 539, 535, 534, 531, 527, 525, 523, 520, 518, 516, 514, 513, 511, 511, 510, 508, 507, 507, 506, 506, 506, 506, 504, 497, 489, 485, 481, 477, 475, 474, 473, 0, 0, 0, 519, 522, 524, 526, 530, 533, 535, 538, 542, 547, 551, 559, 556, 563, 567, 579, 585, 583, 597, 603, 610, 617]
[0, 556, 552, 547, 542, 544, 538, 534, 531, 529, 527, 523, 525, 521, 519, 516, 515, 511, 513, 510, 512, 511, 510, 509, 506, 506, 506, 502, 494, 488, 484, 480, 477, 475, 473, 473, 0, 0, 0, 520, 523, 525, 527, 530, 533, 536, 540, 544, 547, 551, 555, 560, 565, 569, 575, 581, 587, 592, 597, 612, 617]
[0, 563, 560, 556, 552, 549, 545, 543, 540, 537, 534, 532, 530, 527, 525, 524, 522, 521, 520, 519, 517, 516, 515, 515, 506, 508, 506, 508, 502, 493, 486, 482, 481, 478, 476, 474, 474, 0, 0, 524, 526, 529, 531, 533, 536, 540, 544, 548, 551, 555, 560, 565, 569, 574, 580, 585, 592, 598, 604, 610, 617]
[0, 565, 561, 558, 551, 549, 548, 544, 538, 537, 535, 533, 531, 529, 525, 524, 523, 521, 520, 519, 518, 517, 516, 515, 514, 514, 514, 508, 500, 494, 487, 483, 481, 479, 477, 477, 476, 0, 0, 0, 531, 534, 536, 539, 542, 545, 552, 555, 551, 559, 563, 568, 579, 584, 589, 595, 601, 607, 613, 620, 628]
[0, 568, 564, 562, 558, 555, 552, 548, 545, 542, 539, 536, 535, 532, 531, 529, 527, 526, 524, 522, 522, 521, 520, 520, 514, 514, 515, 509, 500, 494, 488, 484, 481, 479, 477, 477, 476, 0, 0, 530, 531, 533, 536, 541, 544, 547, 552, 556, 559, 562, 567, 572, 578, 583, 588, 595, 601, 607, 613, 620, 627]
[0, 568, 564, 560, 557, 554, 551, 548, 545, 542, 539, 537, 534, 532, 531, 528, 527, 525, 524, 523, 522, 521, 520, 520, 520, 520, 519, 0, 499, 494, 488, 484, 482, 479, 479, 477, 477, 479, 0, 530, 0, 538, 540, 543, 546, 550, 553, 561, 564, 562, 573, 578, 584, 589, 594, 600, 606, 612, 619, 626, 634]
[0, 566, 563, 559, 556, 553, 549, 546, 543, 542, 538, 535, 533, 531, 529, 528, 527, 525, 523, 523, 522, 522, 521, 520, 520, 520, 518, 509, 498, 493, 488, 484, 481, 480, 478, 478, 478, 479, 0, 530, 0, 538, 541, 544, 547, 551, 554, 557, 561, 565, 569, 574, 580, 585, 590, 597, 602, 614, 619, 628, 636]
[0, 582, 578, 573, 569, 566, 563, 559, 557, 554, 551, 549, 547, 546, 544, 541, 540, 539, 537, 536, 535, 533, 533, 520, 520, 519, 518, 511, 496, 491, 488, 486, 482, 480, 479, 479, 478, 478, 0, 0, 536, 539, 543, 545, 548, 552, 555, 558, 562, 566, 571, 576, 582, 587, 592, 597, 604, 610, 617, 624, 631]
[0, 584, 580, 576, 572, 568, 564, 562, 560, 557, 554, 552, 549, 547, 545, 544, 543, 541, 540, 539, 537, 535, 534, 533, 533, 532, 0, 507, 500, 491, 491, 487, 482, 484, 482, 482, 478, 485, 487, 492, 536, 539, 0, 558, 561, 565, 567, 572, 576, 581, 585, 590, 595, 600, 606, 612, 617, 624, 631, 639, 647]
[0, 588, 584, 579, 574, 571, 568, 565, 562, 558, 556, 554, 551, 549, 547, 545, 544, 542, 541, 540, 539, 538, 537, 537, 535, 531, 0, 0, 506, 496, 491, 487, 482, 484, 482, 482, 483, 485, 485, 488, 494, 539, 0, 0, 564, 567, 571, 575, 581, 585, 589, 594, 599, 603, 610, 616, 621, 628, 636, 643, 650]
[0, 588, 583, 578, 575, 571, 568, 565, 562, 558, 556, 554, 551, 549, 547, 545, 544, 542, 541, 540, 539, 538, 537, 537, 536, 536, 0, 510, 504, 498, 493, 489, 486, 485, 484, 484, 484, 486, 488, 492, 494, 539, 0, 0, 565, 567, 570, 574, 578, 583, 588, 593, 597, 608, 613, 620, 627, 634, 642, 649, 655]
[0, 585, 580, 576, 573, 569, 565, 562, 559, 558, 555, 552, 551, 547, 547, 545, 544, 543, 542, 540, 538, 538, 537, 537, 536, 536, 0, 510, 503, 498, 493, 489, 486, 485, 484, 484, 484, 486, 488, 492, 498, 539, 0, 0, 565, 567, 570, 574, 578, 583, 588, 593, 597, 608, 613, 620, 627, 634, 642, 649, 655]
[0, 604, 599, 594, 591, 588, 584, 580, 577, 575, 572, 569, 567, 565, 563, 562, 560, 559, 558, 556, 555, 555, 554, 554, 536, 535, 0, 512, 505, 499, 494, 490, 487, 485, 484, 484, 484, 485, 486, 490, 496, 539, 0, 563, 567, 570, 573, 578, 582, 586, 591, 596, 601, 607, 612, 618, 624, 632, 640, 647, 654]
[0, 604, 601, 596, 592, 591, 587, 584, 581, 577, 574, 573, 569, 565, 565, 564, 561, 560, 560, 558, 556, 555, 555, 555, 553, 0, 520, 514, 508, 502, 498, 495, 492, 490, 490, 491, 492, 495, 498, 502, 496, 539, 0, 0, 585, 592, 0, 599, 604, 586, 613, 619, 601, 630, 637, 644, 650, 657, 663, 671, 678]
[0, 611, 607, 603, 598, 596, 593, 589, 586, 584, 581, 579, 576, 573, 571, 569, 567, 566, 565, 564, 563, 562, 561, 555, 555, 0, 520, 514, 508, 502, 498, 495, 492, 490, 490, 490, 492, 495, 498, 502, 496, 539, 0, 0, 585, 588, 595, 599, 604, 604, 608, 618, 624, 630, 637, 644, 650, 657, 663, 671, 678]
[0, 610, 607, 602, 598, 596, 593, 589, 586, 584, 581, 579, 576, 573, 571, 569, 567, 566, 565, 564, 562, 562, 561, 560, 560, 0, 521, 514, 509, 504, 499, 496, 495, 493, 493, 494, 495, 498, 502, 508, 496, 539, 0, 0, 592, 595, 598, 606, 604, 616, 608, 626, 624, 638, 645, 651, 657, 664, 671, 678, 687]
[0, 618, 615, 611, 607, 603, 600, 589, 595, 592, 590, 587, 585, 582, 571, 580, 578, 576, 574, 564, 573, 570, 570, 570, 560, 0, 519, 513, 507, 502, 499, 496, 496, 494, 493, 494, 495, 498, 502, 509, 496, 539, 0, 589, 592, 595, 599, 603, 607, 612, 616, 622, 627, 633, 640, 646, 653, 660, 667, 673, 689]
[0, 621, 617, 614, 610, 606, 603, 599, 597, 594, 591, 588, 586, 584, 581, 580, 578, 577, 575, 573, 572, 571, 570, 570, 560, 0, 526, 519, 513, 508, 504, 501, 498, 497, 497, 498, 499, 501, 505, 511, 520, 539, 0, 600, 604, 607, 610, 615, 619, 625, 631, 637, 641, 647, 653, 660, 667, 673, 681, 689, 697]
[0, 623, 617, 619, 614, 611, 608, 605, 602, 599, 597, 594, 591, 590, 588, 586, 585, 583, 581, 580, 579, 577, 576, 576, 0, 0, 523, 516, 510, 506, 502, 498, 497, 497, 497, 498, 499, 502, 507, 515, 520, 539, 0, 598, 601, 604, 608, 612, 616, 621, 627, 638, 644, 649, 653, 662, 669, 676, 683, 692, 701]
[0, 627, 622, 617, 614, 611, 607, 605, 602, 598, 596, 593, 590, 589, 587, 586, 584, 582, 581, 579, 578, 576, 576, 576, 574, 0, 526, 519, 513, 508, 505, 501, 499, 499, 499, 500, 501, 504, 508, 515, 520, 0, 602, 605, 601, 612, 617, 621, 626, 631, 637, 642, 648, 654, 660, 667, 673, 680, 688, 696, 704]
[0, 643, 638, 633, 629, 625, 622, 619, 616, 613, 610, 607, 605, 604, 602, 600, 598, 597, 596, 594, 593, 592, 592, 576, 0, 530, 523, 517, 511, 506, 503, 501, 499, 498, 498, 500, 499, 501, 511, 515, 520, 0, 0, 603, 607, 611, 614, 618, 623, 628, 634, 639, 645, 650, 656, 663, 676, 680, 692, 701, 708]
[0, 641, 636, 631, 627, 623, 620, 617, 614, 612, 610, 607, 605, 603, 601, 600, 599, 597, 595, 594, 593, 592, 592, 592, 0, 533, 523, 520, 511, 515, 508, 501, 505, 504, 504, 500, 506, 514, 511, 533, 0, 611, 615, 619, 623, 627, 632, 637, 643, 647, 651, 656, 662, 669, 675, 682, 689, 697, 704, 719, 708]
[0, 644, 639, 635, 631, 626, 623, 620, 617, 614, 611, 609, 607, 605, 603, 601, 600, 599, 596, 596, 595, 595, 594, 0, 0, 0, 532, 525, 518, 513, 509, 507, 505, 505, 504, 505, 508, 511, 516, 533, 0, 0, 617, 620, 624, 629, 634, 639, 644, 648, 652, 658, 664, 670, 676, 682, 690, 698, 705, 712, 720]
[0, 646, 641, 636, 632, 628, 625, 622, 618, 616, 615, 612, 609, 607, 605, 604, 603, 601, 600, 598, 597, 597, 596, 593, 0, 535, 528, 522, 516, 511, 508, 506, 505, 505, 504, 506, 510, 515, 521, 532, 0, 612, 618, 622, 626, 630, 636, 641, 645, 649, 654, 660, 671, 678, 684, 691, 699, 706, 714, 722, 731]
[0, 654, 650, 646, 642, 638, 634, 631, 628, 625, 621, 619, 617, 615, 613, 612, 610, 608, 608, 606, 605, 604, 602, 593, 0, 540, 532, 525, 519, 514, 510, 507, 505, 505, 506, 507, 509, 512, 517, 532, 0, 0, 621, 625, 630, 634, 638, 644, 648, 653, 658, 663, 668, 675, 681, 688, 695, 703, 710, 718, 726]
[0, 654, 650, 645, 641, 637, 634, 630, 626, 624, 621, 619, 616, 614, 612, 611, 609, 608, 606, 606, 604, 603, 603, 602, 0, 539, 532, 525, 519, 514, 511, 508, 508, 508, 508, 510, 513, 517, 524, 0, 622, 0, 630, 634, 639, 643, 647, 652, 656, 662, 667, 673, 678, 684, 692, 700, 707, 713, 721, 730, 738]
[0, 671, 666, 661, 656, 653, 650, 647, 646, 642, 638, 637, 634, 631, 628, 627, 626, 624, 623, 621, 619, 619, 619, 602, 543, 539, 528, 523, 519, 517, 514, 511, 509, 508, 508, 510, 515, 520, 524, 0, 622, 0, 628, 632, 637, 642, 646, 650, 654, 659, 664, 669, 675, 681, 687, 695, 709, 713, 716, 732, 741]
[0, 669, 665, 660, 656, 653, 650, 647, 644, 640, 638, 635, 633, 630, 629, 627, 626, 623, 622, 621, 620, 619, 619, 0, 547, 538, 531, 523, 522, 519, 514, 515, 513, 513, 516, 510, 524, 531, 542, 0, 639, 644, 647, 651, 655, 659, 663, 667, 672, 677, 683, 690, 697, 702, 708, 722, 729, 713, 746, 755, 763]
[0, 680, 675, 671, 666, 661, 658, 655, 652, 649, 647, 645, 642, 639, 637, 635, 634, 632, 630, 629, 628, 627, 0, 0, 0, 544, 536, 529, 525, 521, 518, 516, 514, 514, 515, 517, 520, 525, 542, 0, 641, 644, 648, 652, 656, 660, 664, 669, 675, 679, 685, 691, 698, 704, 711, 716, 723, 731, 740, 748, 758]
[0, 683, 678, 674, 670, 666, 662, 659, 656, 653, 650, 648, 647, 644, 643, 640, 637, 636, 635, 633, 633, 0, 572, 0, 551, 540, 533, 528, 523, 520, 518, 517, 515, 516, 518, 521, 525, 531, 540, 0, 0, 652, 656, 660, 664, 669, 674, 678, 683, 689, 694, 700, 707, 713, 719, 726, 735, 743, 751, 760, 769]
[0, 691, 685, 680, 676, 672, 668, 665, 662, 658, 656, 654, 651, 649, 647, 645, 643, 642, 640, 639, 639, 0, 578, 557, 546, 540, 531, 528, 525, 522, 519, 517, 517, 518, 519, 525, 525, 530, 540, 0, 652, 656, 661, 664, 668, 673, 677, 682, 687, 692, 699, 705, 710, 716, 723, 730, 738, 755, 763, 760, 781]
[0, 697, 692, 686, 681, 677, 674, 671, 668, 665, 662, 660, 658, 654, 652, 650, 649, 648, 646, 646, 640, 0, 578, 563, 550, 540, 532, 526, 523, 520, 518, 518, 519, 521, 522, 525, 531, 530, 540, 0, 657, 660, 663, 673, 668, 677, 681, 691, 697, 692, 708, 714, 720, 727, 734, 742, 750, 758, 767, 775, 784]
[0, 696, 690, 685, 681, 678, 674, 672, 669, 664, 661, 659, 656, 654, 652, 651, 649, 648, 646, 646, 0, 0, 576, 562, 547, 538, 532, 526, 522, 520, 518, 519, 520, 522, 525, 529, 534, 530, 540, 0, 663, 667, 671, 679, 668, 688, 694, 691, 700, 709, 715, 720, 726, 734, 742, 750, 758, 766, 774, 783, 793]
[0, 697, 692, 687, 682, 678, 675, 671, 668, 665, 662, 659, 657, 655, 653, 651, 650, 649, 647, 646, 645, 0, 581, 559, 545, 538, 531, 526, 522, 519, 519, 519, 520, 522, 523, 529, 535, 545, 540, 0, 0, 667, 671, 676, 679, 684, 688, 694, 704, 709, 715, 720, 726, 734, 742, 749, 757, 766, 774, 783, 793]
[0, 704, 699, 694, 690, 687, 683, 681, 678, 674, 671, 669, 667, 664, 663, 662, 660, 658, 657, 656, 645, 587, 570, 0, 549, 540, 532, 526, 523, 520, 518, 519, 520, 522, 524, 527, 533, 545, 0, 663, 666, 671, 675, 678, 683, 689, 694, 698, 703, 708, 714, 719, 727, 733, 739, 748, 757, 764, 772, 781, 791]
[0, 717, 712, 708, 704, 700, 697, 694, 690, 686, 683, 681, 678, 676, 674, 672, 670, 669, 668, 666, 0, 590, 570, 0, 555, 544, 535, 529, 524, 522, 520, 519, 519, 522, 525, 529, 536, 545, 0, 675, 678, 683, 687, 692, 696, 700, 705, 711, 715, 720, 727, 732, 745, 733, 754, 769, 776, 785, 794, 804, 814]
[0, 729, 723, 718, 715, 712, 708, 705, 702, 698, 696, 693, 690, 687, 685, 683, 681, 679, 678, 678, 0, 0, 572, 557, 555, 537, 535, 530, 525, 522, 519, 518, 518, 520, 525, 538, 536, 545, 0, 684, 688, 693, 696, 701, 706, 709, 713, 718, 723, 729, 735, 747, 754, 762, 770, 778, 786, 795, 805, 814, 823]
[0, 732, 727, 721, 717, 714, 710, 707, 704, 701, 699, 695, 692, 688, 686, 685, 683, 681, 679, 678, 0, 0, 578, 557, 558, 545, 536, 530, 525, 522, 520, 520, 520, 524, 525, 540, 553, 545, 0, 0, 702, 706, 710, 713, 717, 720, 726, 737, 723, 748, 755, 762, 769, 777, 784, 792, 800, 809, 819, 828, 836]
[0, 739, 734, 729, 725, 722, 714, 707, 712, 708, 706, 703, 700, 696, 686, 691, 689, 688, 688, 678, 0, 0, 0, 564, 550, 539, 531, 526, 523, 520, 519, 519, 521, 523, 527, 535, 553, 0, 696, 701, 704, 708, 711, 716, 719, 724, 730, 735, 740, 748, 754, 760, 767, 774, 782, 790, 799, 808, 817, 826, 833]
[0, 738, 732, 726, 722, 718, 715, 712, 709, 706, 704, 701, 698, 694, 693, 692, 690, 688, 687, 688, 0, 0, 0, 572, 552, 539, 532, 526, 524, 522, 521, 520, 521, 523, 527, 535, 553, 0, 703, 707, 710, 714, 719, 722, 726, 731, 737, 743, 749, 755, 761, 767, 775, 782, 791, 798, 806, 816, 825, 832, 852]
[0, 751, 732, 745, 741, 733, 729, 724, 721, 706, 717, 701, 711, 709, 707, 706, 705, 705, 703, 688, 0, 0, 580, 566, 545, 539, 535, 529, 525, 522, 520, 520, 520, 521, 530, 535, 553, 0, 703, 0, 709, 713, 716, 719, 724, 729, 734, 740, 752, 758, 764, 771, 778, 785, 794, 802, 809, 818, 828, 835, 845]
[0, 760, 755, 751, 746, 742, 738, 735, 731, 728, 724, 721, 719, 717, 715, 713, 712, 711, 710, 709, 0, 0, 583, 568, 552, 540, 532, 527, 525, 523, 521, 520, 522, 525, 528, 535, 553, 0, 717, 721, 726, 729, 734, 738, 743, 749, 754, 759, 765, 772, 780, 786, 793, 800, 808, 817, 824, 832, 851, 861, 870]
[0, 760, 755, 750, 746, 742, 738, 734, 731, 728, 724, 721, 719, 717, 715, 713, 711, 711, 710, 710, 0, 0, 581, 567, 554, 541, 533, 529, 525, 523, 522, 522, 522, 525, 528, 534, 553, 0, 723, 729, 732, 736, 741, 747, 752, 756, 761, 765, 772, 779, 793, 786, 807, 814, 822, 830, 838, 847, 858, 867, 876]
[0, 763, 758, 754, 748, 743, 739, 735, 732, 729, 726, 723, 721, 718, 716, 714, 712, 711, 710, 710, 0, 0, 574, 567, 552, 540, 533, 529, 525, 523, 522, 521, 522, 525, 528, 534, 553, 0, 726, 729, 733, 737, 741, 747, 752, 757, 762, 766, 772, 779, 785, 793, 801, 808, 815, 830, 840, 851, 860, 868, 876]
[0, 772, 767, 763, 759, 755, 752, 747, 745, 742, 738, 735, 732, 730, 728, 727, 724, 723, 722, 721, 0, 0, 582, 0, 546, 536, 530, 526, 524, 523, 522, 522, 523, 526, 530, 538, 0, 0, 0, 731, 735, 739, 743, 748, 753, 759, 765, 769, 775, 781, 789, 797, 804, 811, 818, 826, 833, 842, 853, 862, 870]
[0, 779, 774, 765, 760, 755, 756, 752, 749, 746, 738, 735, 734, 732, 728, 727, 725, 724, 723, 721, 0, 0, 575, 0, 549, 538, 533, 529, 525, 522, 521, 522, 523, 525, 529, 535, 0, 0, 740, 747, 750, 753, 759, 764, 768, 772, 778, 784, 790, 796, 803, 817, 825, 832, 838, 847, 858, 866, 875, 884, 893]
[0, 779, 774, 765, 760, 755, 756, 752, 749, 746, 738, 735, 734, 732, 728, 727, 725, 724, 723, 721, 0, 0, 575, 560, 545, 537, 532, 527, 525, 524, 522, 522, 524, 525, 529, 536, 550, 0, 743, 748, 752, 756, 760, 764, 768, 774, 781, 785, 791, 798, 805, 812, 820, 827, 833, 841, 851, 860, 878, 887, 896]
[0, 779, 774, 765, 760, 781, 777, 773, 770, 767, 765, 762, 759, 756, 754, 751, 750, 749, 748, 748, 0, 0, 574, 0, 545, 537, 532, 527, 525, 524, 522, 522, 524, 525, 529, 536, 550, 0, 743, 748, 752, 756, 760, 764, 768, 774, 781, 785, 791, 798, 805, 812, 820, 827, 833, 841, 851, 860, 878, 887, 896]
[0, 801, 797, 793, 789, 786, 779, 775, 773, 769, 767, 765, 763, 760, 758, 756, 755, 753, 753, 752, 0, 0, 0, 557, 543, 536, 532, 529, 527, 526, 524, 524, 524, 526, 532, 539, 550, 0, 769, 772, 776, 781, 786, 790, 795, 801, 807, 813, 819, 825, 831, 837, 845, 854, 870, 878, 886, 895, 905, 916, 928]
[0, 810, 805, 799, 795, 791, 786, 782, 779, 775, 773, 770, 767, 763, 762, 760, 758, 757, 755, 754, 0, 0, 0, 562, 543, 535, 532, 530, 528, 526, 525, 524, 524, 526, 532, 539, 550, 0, 776, 780, 784, 789, 794, 799, 805, 810, 821, 813, 833, 825, 844, 854, 862, 869, 878, 886, 893, 902, 913, 925, 935]
[0, 810, 806, 800, 795, 791, 786, 783, 781, 777, 773, 771, 768, 767, 764, 762, 760, 757, 756, 754, 0, 0, 562, 547, 543, 537, 533, 529, 528, 527, 525, 524, 526, 531, 538, 539, 550, 0, 779, 784, 788, 792, 797, 802, 808, 813, 819, 825, 830, 836, 843, 850, 859, 868, 875, 882, 890, 898, 908, 920, 931]
[0, 810, 806, 800, 795, 791, 786, 783, 781, 777, 773, 771, 768, 767, 764, 762, 760, 757, 756, 754, 0, 0, 562, 547, 537, 537, 533, 528, 527, 527, 524, 524, 526, 531, 538, 539, 550, 0, 782, 785, 790, 796, 800, 805, 812, 817, 822, 827, 832, 839, 847, 856, 865, 872, 879, 887, 895, 904, 915, 927, 937]
[0, 810, 806, 800, 795, 791, 786, 783, 781, 777, 773, 771, 768, 767, 764, 762, 760, 757, 756, 754, 0, 0, 562, 547, 537, 537, 533, 528, 527, 527, 524, 524, 2432, 531, 538, 539, 550, 0, 782, 785, 790, 796, 800, 805, 812, 817, 822, 827, 832, 839, 847, 856, 865, 872, 879, 887, 895, 904, 915, 927, 937]
[0, 833, 828, 823, 816, 791, 808, 783, 801, 798, 795, 16152, 768, 767, 764, 762, 760, 757, 756, 754, 0, 0, 562, 547, 537, 537, 533, 528, 527, 527, 524, 524, 2432, 531, 538, 539, 550, 0, 782, 785, 790, 796, 800, 805, 812, 817, 822, 827, 832, 839, 847, 856, 865, 872, 879, 887, 895, 904, 915, 927, 937]
[0, 868, 863, 858, 853, 847, 843, 839, 836, 834, 831, 829, 827, 824, 821, 820, 818, 817, 815, 814, 0, 0, 0, 555, 537, 537, 533, 528, 527, 527, 2176, 524, 2432, 531, 538, 539, 550, 0, 782, 785, 790, 796, 800, 805, 812, 817, 822, 827, 832, 839, 847, 856, 865, 872, 879, 887, 895, 904, 915, 927, 937]
[0, 870, 865, 861, 856, 851, 845, 838, 836, 834, 830, 827, 825, 824, 821, 820, 818, 816, 816, 814, 0, 0, 565, 555, 543, 537, 536, 535, 534, 533, 531, 530, 529, 531, 537, 545, 550, 0, 0, 845, 850, 855, 867, 871, 874, 879, 884, 890, 898, 905, 911, 919, 928, 937, 946, 955, 968, 979, 990, 1001, 1013]
[0, 878, 874, 870, 866, 862, 845, 838, 836, 834, 830, 827, 825, 824, 821, 820, 818, 816, 816, 814, 0, 0, 565, 550, 540, 537, 536, 535, 533, 532, 531, 529, 529, 533, 539, 545, 550, 0, 842, 846, 853, 859, 863, 867, 871, 876, 882, 888, 893, 899, 906, 915, 924, 933, 942, 950, 961, 984, 996, 1006, 1018]
[0, 876, 870, 867, 863, 859, 854, 850, 846, 842, 839, 836, 835, 833, 831, 829, 828, 827, 826, 825, 0, 0, 0, 550, 540, 537, 536, 535, 533, 532, 531, 529, 529, 128, 539, 545, 550, 0, 842, 846, 853, 859, 863, 867, 871, 876, 882, 888, 893, 899, 906, 915, 924, 933, 942, 950, 961, 984, 996, 1006, 1018]
[0, 876, 870, 867, 863, 859, 854, 850, 846, 842, 839, 836, 835, 833, 831, 829, 828, 827, 826, 825, 0, 0, 0, 0, 543, 539, 537, 536, 535, 533, 531, 530, 530, 533, 539, 545, 550, 0, 853, 858, 864, 869, 873, 877, 881, 885, 891, 898, 905, 911, 919, 928, 936, 944, 954, 975, 961, 997, 1008, 1021, 1034]
[0, 898, 895, 888, 882, 879, 878, 874, 871, 868, 864, 861, 860, 857, 856, 855, 853, 852, 851, 850, 0, 0, 0, 0, 543, 539, 537, 536, 535, 533, 128, 530, 530, 533, 539, 545, 550, 0, 853, 858, 864, 869, 873, 877, 881, 885, 891, 898, 905, 911, 919, 928, 936, 944, 954, 975, 961, 997, 1008, 1021, 1034]
[0, 902, 896, 891, 887, 882, 878, 876, 874, 871, 868, 865, 863, 861, 860, 858, 856, 855, 854, 853, 0, 0, 0, 555, 544, 540, 538, 536, 536, 535, 534, 532, 531, 532, 538, 545, 550, 0, 878, 882, 887, 891, 896, 901, 907, 914, 921, 929, 935, 942, 949, 956, 977, 987, 997, 1005, 1016, 1028, 1041, 1053, 1067]
[0, 907, 900, 894, 889, 885, 882, 878, 875, 872, 869, 867, 864, 862, 861, 859, 857, 856, 853, 853, 853, 0, 0, 554, 545, 541, 537, 536, 536, 535, 534, 531, 530, 534, 541, 545, 550, 0, 882, 885, 889, 893, 898, 906, 912, 918, 925, 932, 937, 943, 951, 959, 971, 982, 990, 1009, 1016, 1033, 1046, 1059, 1073]
[0, 902, 896, 891, 887, 883, 879, 876, 874, 871, 868, 865, 862, 860, 859, 857, 857, 856, 853, 852, 853, 0, 0, 554, 551, 539, 537, 536, 536, 536, 534, 532, 530, 534, 543, 545, 550, 0, 883, 888, 892, 896, 901, 907, 914, 921, 927, 934, 941, 947, 955, 963, 974, 985, 995, 1003, 1014, 1026, 1037, 1050, 1065]
[0, 940, 934, 928, 923, 919, 915, 911, 907, 904, 901, 899, 897, 894, 891, 890, 889, 888, 889, 888, 889, 0, 0, 555, 544, 540, 538, 537, 536, 535, 534, 532, 531, 533, 538, 545, 550, 0, 883, 886, 888, 893, 898, 903, 910, 916, 923, 929, 943, 950, 959, 969, 978, 988, 998, 1007, 1018, 1030, 1042, 1056, 1070]
[0, 955, 950, 938, 923, 929, 915, 920, 917, 904, 911, 909, 906, 904, 902, 900, 899, 899, 898, 897, 889, 0, 0, 555, 546, 544, 542, 541, 540, 539, 537, 536, 535, 538, 547, 545, 550, 0, 922, 925, 929, 934, 939, 945, 951, 957, 962, 970, 979, 990, 997, 1006, 1015, 1024, 1034, 1057, 1070, 1082, 1094, 1107, 1123]
[0, 954, 948, 942, 937, 933, 929, 924, 919, 916, 913, 909, 906, 906, 904, 900, 899, 899, 899, 896, 889, 0, 0, 0, 547, 544, 542, 542, 541, 539, 537, 537, 536, 539, 550, 545, 550, 0, 931, 936, 941, 945, 950, 956, 962, 970, 978, 985, 993, 1000, 1009, 1017, 1026, 1036, 1048, 1069, 1081, 1094, 1108, 1122, 1139]
[0, 985, 978, 971, 966, 960, 955, 951, 948, 945, 942, 939, 938, 935, 932, 930, 929, 929, 929, 928, 928, 0, 0, 0, 547, 544, 542, 542, 541, 539, 537, 536, 536, 541, 0, 545, 550, 0, 933, 937, 941, 946, 952, 958, 964, 970, 979, 987, 994, 1001, 1010, 1019, 1029, 1038, 1050, 1060, 1071, 1084, 1097, 1111, 1125]
[0, 992, 985, 979, 973, 967, 962, 957, 953, 951, 948, 945, 942, 940, 939, 938, 937, 937, 936, 935, 935, 0, 0, 0, 556, 549, 546, 544, 544, 543, 542, 540, 538, 540, 0, 0, 550, 0, 968, 974, 983, 990, 995, 999, 1006, 1013, 1020, 1028, 1036, 1045, 1055, 1065, 1075, 1085, 1097, 1110, 1124, 1138, 1152, 1164, 1176]
[0, 993, 985, 980, 975, 968, 963, 958, 954, 951, 948, 946, 944, 942, 940, 938, 937, 937, 936, 936, 936, 0, 0, 0, 553, 548, 546, 545, 544, 543, 541, 540, 540, 540, 0, 0, 550, 0, 969, 972, 980, 987, 994, 999, 1003, 1010, 1017, 1033, 1041, 1050, 1059, 1070, 1079, 1089, 1103, 1116, 1130, 1145, 1157, 1168, 1183]
[0, 1001, 996, 991, 987, 980, 973, 969, 965, 961, 957, 955, 952, 951, 950, 949, 948, 947, 946, 946, 946, 0, 0, 0, 556, 549, 546, 545, 545, 544, 542, 540, 539, 542, 552, 0, 0, 0, 975, 980, 985, 990, 995, 1002, 1008, 1014, 1020, 1030, 1038, 1045, 1055, 1065, 1075, 1086, 1098, 1111, 1124, 1138, 1153, 1165, 1177]
[0, 1001, 996, 991, 987, 980, 974, 969, 965, 961, 957, 955, 952, 951, 950, 949, 948, 947, 947, 947, 947, 0, 0, 565, 553, 548, 547, 547, 545, 543, 542, 540, 541, 542, 552, 0, 0, 0, 986, 991, 996, 1000, 1006, 1013, 1020, 1027, 1033, 1041, 1049, 1058, 1067, 1077, 1087, 1099, 1111, 1138, 1152, 1165, 1176, 1188, 1203]
[0, 1001, 995, 991, 991, 980, 974, 968, 965, 960, 957, 955, 952, 953, 950, 949, 948, 948, 947, 947, 948, 0, 0, 564, 552, 548, 547, 546, 546, 544, 542, 541, 542, 542, 552, 0, 0, 0, 986, 992, 996, 1001, 1006, 1013, 1020, 1027, 1034, 1041, 1049, 1058, 1068, 1078, 1087, 1099, 1112, 1124, 1137, 1152, 1165, 1189, 1204]
[0, 1065, 1059, 1052, 1045, 1041, 1036, 1032, 1027, 1023, 1021, 1018, 1015, 1012, 1011, 1010, 1010, 1010, 1008, 1008, 1007, 1006, 0, 0, 553, 549, 547, 546, 545, 545, 541, 541, 543, 542, 552, 0, 0, 0, 989, 994, 998, 1003, 1008, 1015, 1022, 1029, 1037, 1045, 1053, 1060, 1070, 1081, 1090, 1101, 1114, 1127, 1143, 1157, 1167, 1179, 1193]
[0, 1072, 1065, 1052, 1053, 1048, 1036, 1038, 1035, 1032, 1028, 1026, 1025, 1021, 1021, 1022, 1020, 1018, 1019, 1019, 1019, 1006, 0, 0, 568, 559, 554, 552, 551, 549, 548, 547, 549, 542, 0, 0, 0, 1049, 1055, 1062, 1068, 1074, 1082, 1088, 1095, 1105, 1113, 1122, 1133, 1145, 1158, 1168, 1178, 1190, 1204, 1218, 1235, 1250, 1262, 1278, 1296]
[0, 1117, 1110, 1102, 1096, 1091, 1085, 1081, 1077, 1073, 1070, 1068, 1065, 1063, 1062, 1061, 1063, 1062, 1059, 1059, 1059, 1060, 0, 0, 561, 556, 554, 554, 553, 551, 549, 549, 549, 542, 0, 0, 0, 1060, 1064, 1070, 1075, 1080, 1085, 1095, 1104, 1111, 1119, 1127, 1137, 1148, 1160, 1171, 1181, 1193, 1205, 1219, 1233, 1253, 1267, 1278, 1295]
[0, 1115, 1108, 1102, 1097, 1091, 1086, 1082, 1078, 1075, 1072, 1068, 1067, 1065, 1066, 1065, 1062, 1061, 1061, 1061, 1061, 1060, 0, 0, 0, 564, 559, 558, 0, 555, 554, 554, 549, 542, 0, 606, 0, 1104, 1111, 1119, 1126, 1133, 1141, 1149, 1155, 1162, 1170, 1179, 1191, 1207, 1219, 1228, 1239, 1251, 1265, 1279, 1292, 1309, 1330, 1350, 1370]
[0, 1120, 1113, 1106, 1099, 1094, 1089, 1084, 1081, 1076, 1072, 1070, 1066, 1065, 1065, 1063, 1062, 1060, 1061, 1063, 1062, 1060, 0, 0, 0, 562, 558, 557, 555, 554, 554, 555, 549, 542, 0, 606, 0, 1103, 1108, 1117, 1125, 1131, 1137, 1145, 1154, 1160, 1167, 1174, 1184, 1196, 1208, 1220, 1231, 1259, 1273, 1285, 1300, 1319, 1339, 1359, 1376]
[0, 1120, 1112, 1105, 1099, 1093, 1089, 1084, 1081, 1077, 1072, 1070, 1068, 1066, 1064, 1063, 1063, 1063, 1060, 1060, 1060, 1061, 0, 0, 0, 568, 558, 557, 555, 555, 554, 554, 549, 542, 601, 606, 0, 1106, 1112, 1119, 1127, 1135, 1142, 1149, 1153, 1161, 1171, 1179, 1190, 1200, 1213, 1227, 1239, 1252, 1265, 1278, 1290, 1306, 1329, 1351, 1369]
[0, 1138, 1133, 1126, 1118, 1113, 1108, 1103, 1098, 1094, 1089, 1086, 1085, 1083, 1082, 1081, 1081, 1080, 1079, 1080, 1079, 1079, 0, 0, 0, 566, 560, 558, 556, 555, 554, 554, 549, 542, 603, 0, 1102, 1108, 1118, 1125, 1130, 1135, 1141, 1150, 1159, 1167, 1173, 1182, 1194, 1206, 1218, 1231, 1241, 1253, 1267, 1279, 1295, 1316, 1334, 1352, 1371]
[0, 1175, 1169, 1164, 1160, 1155, 1149, 1142, 1137, 1135, 1132, 1128, 1125, 1123, 1121, 1120, 1118, 1118, 1118, 1117, 1118, 1120, 0, 0, 0, 568, 562, 559, 558, 558, 557, 557, 549, 542, 0, 0, 0, 1134, 1139, 1146, 1153, 0, 1164, 1173, 1180, 1191, 1202, 1213, 1226, 1235, 1244, 1253, 1264, 1278, 1290, 1305, 1325, 1342, 1359, 1379, 1393]
[0, 1174, 1169, 1163, 1158, 1153, 1148, 1142, 1136, 1130, 1128, 1130, 1126, 1122, 1121, 1119, 1118, 1117, 1117, 1119, 1121, 1121, 0, 0, 604, 0, 569, 564, 563, 563, 562, 557, 549, 0, 602, 0, 1164, 1170, 1173, 1180, 1184, 1194, 1209, 1219, 1221, 1229, 1241, 1249, 1260, 1271, 1284, 1294, 1302, 1316, 1335, 1353, 1369, 1384, 1402, 1417, 1430]
[0, 1188, 1181, 1175, 1169, 1165, 1162, 1159, 1155, 1149, 1145, 1142, 1139, 1136, 1135, 1134, 1134, 1135, 1137, 1136, 1135, 1134, 0, 0, 596, 0, 565, 563, 563, 563, 562, 557, 549, 0, 609, 0, 1164, 1169, 1174, 1181, 1190, 1198, 1206, 1211, 1219, 1238, 1241, 1260, 1273, 1283, 1293, 1305, 1320, 1336, 1350, 1365, 1381, 1396, 1408, 1415, 1429]
[0, 1187, 1179, 1173, 1169, 1165, 1160, 1156, 1152, 1146, 1143, 1141, 1138, 1136, 1134, 1133, 1133, 1134, 1136, 1136, 1136, 1135, 0, 0, 608, 0, 572, 566, 566, 565, 564, 557, 549, 0, 0, 1175, 1178, 1185, 1193, 1202, 1209, 1214, 1217, 1223, 1234, 1245, 1256, 1266, 1275, 1285, 1296, 1310, 1326, 1340, 1354, 1366, 1374, 1385, 1400, 1414, 1431]
[0, 1187, 1179, 1173, 1169, 1165, 1161, 1157, 1153, 1151, 1148, 1142, 1139, 1136, 1135, 1137, 1139, 1139, 1142, 1143, 1142, 1143, 0, 0, 597, 0, 567, 565, 565, 565, 564, 557, 549, 0, 0, 0, 1174, 1183, 1191, 1197, 1203, 1207, 1215, 1223, 1230, 1241, 1252, 1262, 1272, 1282, 1291, 1317, 1326, 1347, 1359, 1372, 1383, 1394, 1406, 1421, 1435]
[0, 1226, 1217, 1210, 1204, 1198, 1192, 1187, 1184, 1180, 1177, 1174, 1172, 1172, 1171, 1175, 1175, 1171, 1172, 1172, 1170, 1168, 0, 0, 602, 0, 567, 566, 566, 565, 564, 557, 549, 0, 0, 0, 1186, 1194, 1199, 1207, 1216, 1222, 1228, 1236, 1246, 1255, 1265, 1276, 1285, 1295, 1317, 1326, 1332, 1346, 1359, 1371, 1383, 1394, 1405, 1417, 1431]
[0, 1241, 1234, 1227, 1222, 1216, 1210, 1206, 1202, 1197, 1192, 1189, 1189, 1190, 1189, 1188, 1184, 1182, 1184, 1187, 1187, 1186, 1170, 0, 0, 0, 578, 573, 572, 571, 569, 577, 594, 606, 0, 0, 1213, 1218, 1225, 1232, 1239, 1245, 1252, 1263, 1246, 1273, 1265, 1286, 1295, 1305, 1314, 1322, 1332, 1344, 1357, 1368, 1380, 1392, 1404, 1415, 1430]
[0, 1239, 1233, 1226, 1221, 1216, 1210, 1205, 1202, 1195, 1190, 1188, 1188, 1190, 1189, 1186, 1184, 1184, 1188, 1190, 1187, 1185, 1187, 0, 0, 0, 583, 577, 576, 574, 569, 577, 0, 612, 0, 1224, 1229, 1231, 1236, 1239, 1242, 1248, 1253, 1259, 1264, 1272, 1265, 1286, 1295, 1305, 1314, 1322, 1332, 1345, 1357, 1367, 1379, 1392, 1403, 1415, 1429]
[0, 1274, 1264, 1256, 1250, 1245, 1239, 1237, 1234, 1229, 1225, 1220, 1217, 1216, 1215, 1215, 1216, 1216, 1213, 1212, 1211, 1213, 1187, 0, 0, 0, 580, 577, 576, 573, 569, 577, 0, 612, 0, 1225, 1230, 1233, 1235, 1238, 1244, 1250, 1254, 1258, 1263, 1269, 1275, 1282, 1288, 1297, 1308, 1315, 1322, 1334, 1347, 1358, 1379, 1393, 1406, 1419, 1434]
[0, 1295, 1287, 1277, 1270, 1263, 1258, 1255, 1252, 1248, 1245, 1242, 1239, 1235, 1232, 1232, 1231, 1229, 1230, 1229, 1228, 1228, 1215, 0, 0, 0, 0, 584, 582, 580, 569, 577, 0, 612, 1230, 0, 1233, 1235, 1240, 1242, 1246, 1252, 1256, 1261, 1267, 1272, 1276, 1284, 1290, 1299, 1308, 1319, 1330, 1338, 1349, 1360, 1372, 1385, 1398, 1410, 1428]
[0, 1313, 1306, 1301, 1295, 1290, 1286, 1280, 1275, 1270, 1263, 1259, 1258, 1256, 1253, 1250, 1247, 1246, 1244, 1237, 1228, 1228, 1227, 1235, 0, 0, 0, 587, 584, 582, 584, 0, 610, 612, 0, 1225, 1229, 1234, 1238, 1242, 1245, 1248, 1253, 1258, 1267, 1273, 1278, 1286, 1292, 1302, 1310, 1319, 1332, 1344, 1356, 1366, 1375, 1388, 1402, 1414, 1429]
[0, 1361, 1353, 1346, 1295, 1290, 1331, 1316, 1301, 1287, 1280, 1275, 1270, 1264, 1259, 1253, 1250, 1246, 1241, 1237, 1233, 1229, 1228, 1235, 0, 0, 0, 599, 590, 587, 587, 0, 610, 0, 1226, 1229, 1232, 1234, 1239, 1244, 1246, 1249, 1255, 1259, 1264, 1269, 1276, 1281, 1288, 1296, 1305, 1314, 1322, 1335, 1348, 1357, 1367, 1381, 1396, 1407, 1422]
[0, 1379, 1366, 1355, 1345, 1335, 1326, 1314, 1303, 1293, 1284, 1278, 1272, 1266, 1261, 1255, 1250, 1247, 1241, 1237, 1235, 1232, 1227, 1226, 1223, 0, 0, 606, 598, 596, 604, 0, 0, 1222, 1223, 1226, 1229, 1233, 1235, 1236, 1242, 1248, 1253, 1257, 1267, 1272, 1278, 1285, 1291, 1298, 1307, 1318, 1327, 1335, 1348, 1360, 1372, 1387, 1398, 1411, 1424]
[0, 1382, 1357, 1355, 1347, 1324, 1313, 1303, 1293, 1283, 1278, 1273, 1267, 1261, 1256, 1252, 1248, 1245, 1239, 1233, 1231, 1227, 1227, 1224, 1223, 1222, 0, 0, 611, 607, 615, 0, 1219, 1222, 1224, 1227, 1229, 1232, 1238, 1243, 1247, 1251, 1255, 1260, 1264, 1269, 1273, 1280, 1287, 1296, 1307, 1312, 1320, 1334, 1346, 1358, 1368, 1376, 1391, 1407, 1421]
[0, 1374, 1364, 1352, 1339, 1329, 1318, 1309, 1298, 1289, 1282, 1276, 1270, 1265, 1259, 1254, 1250, 1243, 1238, 1236, 1232, 1229, 1226, 1224, 1223, 1223, 0, 0, 618, 0, 1217, 1220, 1218, 1219, 1222, 1225, 1226, 1230, 1234, 1237, 1242, 1249, 1252, 1254, 1259, 1265, 1270, 1275, 1284, 1292, 1301, 1311, 1318, 1330, 1344, 1355, 1365, 1376, 1389, 1401, 1414]
[0, 1368, 1357, 1348, 1337, 1326, 1315, 1304, 1295, 1287, 1279, 1272, 1266, 1260, 1255, 1251, 1247, 1242, 1237, 1234, 1234, 1230, 1227, 1223, 1222, 1220, 0, 0, 614, 0, 0, 1218, 1217, 1218, 1220, 1223, 1227, 1232, 1238, 1242, 1245, 1249, 1253, 1259, 1263, 1269, 1273, 1279, 1287, 1295, 1307, 1313, 1321, 1334, 1347, 1359, 1371, 1383, 1394, 1406, 1420]
[0, 1378, 1366, 1356, 1346, 1335, 1321, 1310, 1301, 1291, 1278, 1272, 1265, 1260, 1255, 1255, 1246, 1242, 1236, 1233, 1231, 1228, 1225, 1221, 1219, 1219, 0, 0, 0, 0, 1215, 1217, 1217, 1220, 1222, 1224, 1225, 1229, 1234, 1237, 1241, 1247, 1252, 1254, 1257, 1263, 1266, 1271, 1279, 1286, 1294, 1314, 1323, 1335, 1348, 1359, 1367, 1381, 1396, 1410, 1424]
[0, 1368, 1357, 1347, 1337, 1324, 1313, 1304, 1295, 1286, 1278, 1272, 1266, 1260, 1255, 1251, 1248, 1245, 1239, 1234, 1231, 1227, 1224, 1222, 1220, 1219, 0, 0, 0, 1214, 1217, 1219, 1219, 1220, 1220, 1223, 1229, 1232, 1233, 1234, 1241, 1248, 1251, 1253, 1258, 1263, 1268, 1274, 1280, 1289, 1296, 1306, 1318, 1329, 1340, 1351, 1364, 1376, 1388, 1401, 1414]
[0, 1377, 1365, 1354, 1343, 1334, 1321, 1309, 1299, 1290, 1283, 1278, 1271, 1265, 1260, 1254, 1249, 1246, 1242, 1237, 1233, 1230, 1225, 1223, 1222, 1221, 0, 0, 0, 0, 1219, 1218, 1217, 1219, 1221, 1224, 1226, 1229, 1234, 1237, 1241, 1246, 1248, 1253, 1261, 1266, 1269, 1274, 1280, 1288, 1299, 1308, 1315, 1327, 1339, 1350, 1364, 1384, 1388, 1398, 1424]
[0, 1374, 1363, 1351, 1339, 1328, 1316, 1307, 1297, 1287, 1280, 1274, 1269, 1264, 1258, 1253, 1249, 1245, 1240, 1236, 1232, 1229, 1225, 1221, 1218, 1217, 1215, 1215, 1213, 1213, 1217, 1216, 1216, 1221, 1222, 1225, 1227, 1229, 1232, 1235, 1241, 1247, 1250, 1253, 1258, 1263, 1268, 1274, 1282, 1293, 1303, 1308, 1316, 1327, 1338, 1352, 1365, 1375, 1388, 1404, 1416]
[0, 1367, 1356, 1346, 1336, 1325, 1314, 1301, 1292, 1286, 1278, 1272, 1266, 1260, 1255, 1251, 1247, 1242, 1236, 1231, 1227, 1225, 1227, 1223, 1220, 1219, 1217, 1215, 1215, 1216, 1216, 1215, 1216, 1217, 1220, 1222, 1224, 1226, 1231, 1236, 1239, 1243, 1247, 1252, 1262, 1267, 1273, 1278, 1285, 1295, 1306, 1313, 1322, 1335, 1347, 1358, 1367, 1379, 1394, 1406, 1420]
[0, 1367, 1356, 1346, 1336, 1324, 1313, 1301, 1291, 1285, 1278, 1272, 1266, 1260, 1255, 1251, 1247, 1242, 1237, 1232, 1229, 1227, 1224, 1220, 1218, 1217, 1216, 1215, 1215, 1214, 1215, 1216, 1217, 1219, 1221, 1223, 1225, 1228, 1232, 1235, 1239, 1241, 1248, 1253, 1257, 1262, 1266, 1271, 1279, 1286, 1304, 1313, 1323, 1334, 1344, 1355, 1367, 1377, 1392, 1407, 1421]
[0, 1376, 1364, 1353, 1340, 1328, 1318, 1308, 1299, 1289, 1283, 1275, 1268, 1264, 1259, 1253, 1248, 1245, 1241, 1236, 1233, 1227, 1224, 1222, 1221, 1218, 1214, 1214, 1215, 1215, 1213, 1214, 1217, 1218, 1220, 1223, 1225, 1228, 1231, 1234, 1240, 1244, 1248, 1253, 1256, 1261, 1267, 1272, 1278, 1285, 1296, 1306, 1314, 1322, 1334, 1345, 1369, 1379, 1393, 1408, 1422]
[0, 1377, 1365, 1355, 1345, 1334, 1321, 1310, 1290, 1283, 1283, 1270, 1268, 1260, 1255, 1250, 1246, 1241, 1235, 1233, 1228, 1224, 1224, 1223, 1219, 1218, 1218, 1215, 1215, 1215, 1216, 1216, 1217, 1221, 1221, 1221, 1223, 1226, 1229, 1235, 1241, 1246, 1249, 1253, 1257, 1263, 1268, 1274, 1281, 1287, 1295, 1306, 1314, 1326, 1338, 1351, 1365, 1375, 1388, 1404, 1422]
[0, 1377, 1364, 1353, 1342, 1330, 1317, 1309, 1300, 1290, 1282, 1270, 1268, 1264, 1254, 1249, 1242, 1237, 1235, 1232, 1228, 1222, 1223, 1219, 1217, 1216, 1215, 1214, 1214, 1215, 1214, 1213, 1216, 1219, 1221, 1221, 1223, 1228, 1230, 1234, 1241, 1245, 1248, 1253, 1257, 1261, 1266, 1274, 1280, 1288, 1297, 1307, 1315, 1327, 1338, 1349, 1360, 1372, 1390, 1403, 1440]
[0, 1371, 1358, 1346, 1336, 1324, 1313, 1302, 1293, 1286, 1280, 1273, 1268, 1263, 1255, 1250, 1245, 1242, 1237, 1233, 1231, 1225, 1220, 1219, 1217, 1216, 1215, 1214, 1214, 1214, 1214, 1214, 1216, 1218, 1220, 1221, 1223, 1227, 1230, 1233, 1238, 1242, 1248, 1252, 1257, 1261, 1266, 1273, 1280, 1288, 1297, 1307, 1321, 1338, 1351, 1363, 1377, 1392, 1418, 1432, 1460]
[0, 1371, 1358, 1345, 1333, 1323, 1314, 1307, 1297, 1287, 1280, 1271, 1267, 1264, 1257, 1251, 1249, 1243, 1238, 1232, 1227, 1224, 1224, 1222, 1219, 1218, 1217, 1215, 1213, 1213, 1214, 1214, 1216, 1217, 1216, 1218, 1222, 1225, 1226, 1236, 1238, 1244, 1248, 1256, 1262, 1268, 1277, 1286, 1294, 1305, 1315, 1323, 1335, 1346, 1355, 1370, 1385, 1400, 1414, 1427, 1442]
[0, 1366, 1355, 1345, 1335, 1323, 1313, 1301, 1293, 1285, 1278, 1271, 1265, 1261, 1256, 1251, 1245, 1241, 1237, 1231, 1227, 1223, 1222, 1221, 1217, 1213, 1213, 1214, 1213, 1214, 1214, 1214, 1216, 1218, 1222, 1225, 1227, 1232, 1244, 1250, 1252, 1256, 1262, 1267, 1273, 1279, 1284, 1290, 1296, 1305, 1314, 1323, 1331, 1342, 1356, 1369, 1381, 1394, 1407, 1424, 1440]
[0, 1372, 1362, 1352, 1338, 1323, 1313, 1306, 1294, 1286, 1281, 1274, 1267, 1262, 1255, 1250, 1245, 1238, 1236, 1235, 1232, 1226, 1222, 1220, 1218, 1217, 1216, 1215, 1214, 1216, 1220, 1222, 1227, 1230, 1232, 1234, 1234, 1238, 1244, 1248, 1250, 1253, 1259, 1264, 1268, 1273, 1280, 1287, 1299, 1305, 1318, 1324, 1335, 1348, 1358, 1371, 1385, 1399, 1415, 1428, 1442]
[0, 1371, 1360, 1348, 1335, 1324, 1314, 1305, 1296, 1288, 1278, 1271, 1265, 1261, 1256, 1251, 1246, 1239, 1236, 1235, 1231, 1226, 1224, 1224, 1219, 1220, 1224, 1224, 1225, 1228, 1231, 1232, 1232, 1233, 1234, 1235, 1237, 1239, 1241, 1247, 1251, 1255, 1261, 1267, 1271, 1277, 1282, 1289, 1297, 1305, 1311, 1320, 1332, 1341, 1354, 1366, 1378, 1393, 1408, 1421, 1435]
[0, 1372, 1363, 1351, 1340, 1327, 1315, 1308, 1289, 1288, 1275, 1269, 1261, 1256, 1256, 1249, 1243, 1238, 1235, 1233, 1233, 1233, 1224, 1223, 1221, 1224, 1225, 1225, 1226, 1229, 1230, 1232, 1233, 1233, 1234, 1235, 1237, 1239, 1241, 1246, 1250, 1255, 1261, 1267, 1272, 1277, 1283, 1289, 1296, 1304, 1313, 1322, 1330, 1340, 1353, 1364, 1377, 1392, 1405, 1420, 1435]
[0, 1366, 1355, 1345, 1331, 1319, 1311, 1302, 1290, 1281, 1277, 1271, 1265, 1259, 1255, 1251, 1247, 1246, 1244, 1241, 1238, 1237, 1231, 1232, 1231, 1229, 1230, 1230, 1229, 1230, 1230, 1231, 1233, 1233, 1233, 1234, 1237, 1240, 1244, 1248, 1249, 1254, 1260, 1265, 1270, 1276, 1283, 1289, 1295, 1303, 1311, 1318, 1327, 1338, 1350, 1363, 1377, 1390, 1404, 1431, 1442]
[0, 1366, 1355, 1341, 1331, 1323, 1312, 1300, 1291, 1284, 1277, 1272, 1266, 1263, 1263, 1259, 1256, 1256, 1253, 1245, 1239, 1238, 1236, 1233, 1233, 1233, 1231, 1229, 1229, 1229, 1230, 1232, 1233, 1231, 1232, 1234, 1237, 1241, 1241, 1245, 1250, 1254, 1258, 1263, 1268, 1273, 1280, 1292, 1299, 1309, 1317, 1324, 1333, 1344, 1356, 1370, 1384, 1399, 1415, 1428, 1442]
[0, 1372, 1362, 1351, 1340, 1330, 1318, 1308, 1299, 1294, 1291, 1283, 1279, 1274, 1263, 1264, 1259, 1253, 1246, 1241, 1240, 1239, 1237, 1234, 1232, 1231, 1232, 1230, 1230, 1230, 1230, 1231, 1231, 1231, 1233, 1235, 1238, 1240, 1240, 1245, 1250, 1252, 1257, 1263, 1268, 1273, 1286, 1292, 1299, 1308, 1317, 1324, 1333, 1345, 1358, 1371, 1384, 1396, 1411, 1428, 1442]
[0, 1371, 1358, 1345, 1333, 1323, 1315, 1308, 1300, 1294, 1287, 1283, 1282, 1277, 1271, 1267, 1263, 1257, 1251, 1248, 1244, 1240, 1235, 1232, 1232, 1231, 1228, 1228, 1229, 1227, 1227, 1231, 1234, 1233, 1233, 1234, 1237, 1243, 1247, 1247, 1248, 1254, 1259, 1264, 1270, 1276, 1280, 1287, 1296, 1303, 1312, 1320, 1328, 1339, 1352, 1364, 1376, 1390, 1404, 1419, 1433]
[0, 1395, 1381, 1365, 1353, 1341, 1328, 1318, 1311, 1306, 1297, 1292, 1287, 1279, 1270, 1266, 1263, 1257, 1252, 1249, 1240, 1236, 1236, 1233, 1233, 1232, 1231, 1229, 1229, 1231, 1231, 1231, 1231, 1231, 1235, 1237, 1240, 1243, 1246, 1249, 1252, 1257, 1262, 1267, 1273, 1279, 1284, 1289, 1296, 1305, 1314, 1323, 1331, 1342, 1355, 1367, 1383, 1395, 1409, 1426, 1441]
[0, 1394, 1380, 1366, 1355, 1338, 1325, 1320, 1314, 1306, 1297, 1289, 1285, 1280, 1272, 1267, 1263, 1257, 1251, 1248, 1247, 1243, 1232, 1232, 1233, 1230, 1228, 1229, 1229, 1229, 1230, 1232, 1232, 1232, 1233, 1235, 1237, 1241, 1244, 1246, 1250, 1254, 1260, 1266, 1271, 1277, 1280, 1287, 1296, 1303, 1312, 1321, 1329, 1337, 1349, 1363, 1377, 1390, 1404, 1416, 1431]
[0, 1384, 1366, 1353, 1344, 1332, 1323, 1317, 1309, 1301, 1295, 1288, 1283, 1278, 1269, 1262, 1260, 1256, 1249, 1242, 1239, 1238, 1239, 1237, 1234, 1232, 1231, 1229, 1231, 1229, 1230, 1230, 1233, 1234, 1234, 1235, 1238, 1240, 1244, 1249, 1251, 1256, 1261, 1266, 1271, 1278, 1284, 1289, 1296, 1304, 1311, 1319, 1330, 1341, 1351, 1362, 1377, 1392, 1406, 1419, 1434]
[0, 1384, 1370, 1358, 1345, 1333, 1323, 1317, 1309, 1300, 1294, 1288, 1281, 1275, 1269, 1262, 1259, 1255, 1248, 1242, 1239, 1237, 1236, 1233, 1231, 1231, 1231, 1230, 1229, 1229, 1229, 1230, 1230, 1232, 1233, 1234, 1236, 1238, 1239, 1243, 1249, 1254, 1256, 1261, 1267, 1274, 1281, 1287, 1294, 1299, 1307, 1316, 1321, 1346, 1360, 1362, 1389, 1401, 1416, 1426, 1441]
[0, 1395, 1381, 1364, 1352, 1340, 1329, 1319, 1312, 1306, 1297, 1292, 1287, 1279, 1270, 1265, 1263, 1257, 1252, 1248, 1240, 1237, 1235, 1233, 1233, 1232, 1230, 1229, 1229, 1228, 1228, 1229, 1230, 1231, 1233, 1234, 1236, 1239, 1241, 1244, 1250, 1253, 1256, 1261, 1268, 1274, 1280, 1287, 1292, 1298, 1307, 1316, 1323, 1345, 1359, 1371, 1385, 1400, 1415, 1426, 1440]
[0, 1393, 1379, 1366, 1354, 1340, 1329, 1319, 1312, 1305, 1297, 1291, 1287, 1280, 1272, 1267, 1263, 1257, 1252, 1247, 1243, 1240, 1233, 1232, 1232, 1230, 1228, 1229, 1229, 1228, 1230, 1231, 1228, 1229, 1233, 1235, 1237, 1239, 1240, 1246, 1244, 1248, 1260, 1266, 1272, 1278, 1283, 1289, 1296, 1304, 1311, 1319, 1327, 1338, 1352, 1363, 1377, 1392, 1405, 1419, 1434]
[0, 1383, 1369, 1357, 1344, 1331, 1322, 1316, 1308, 1300, 1294, 1287, 1280, 1274, 1268, 1264, 1261, 1255, 1248, 1242, 1239, 1237, 1235, 1232, 1234, 1230, 1228, 1229, 1229, 1229, 1230, 1231, 1231, 1232, 1233, 1235, 1237, 1238, 1240, 1245, 1250, 1253, 1259, 1265, 1271, 1277, 1282, 1289, 1295, 1303, 1312, 1320, 1328, 1339, 1351, 1362, 1376, 1390, 1403, 1416, 1431]
[0, 1387, 1373, 1360, 1347, 1333, 1324, 1317, 1308, 1300, 1292, 1286, 1279, 1270, 1263, 1259, 1256, 1252, 1249, 1245, 1239, 1243, 1236, 1234, 1232, 1231, 1230, 1227, 1226, 1229, 1229, 1229, 1230, 1231, 1223, 1224, 1235, 1237, 1239, 1249, 1255, 1254, 1258, 1263, 1269, 1275, 1281, 1287, 1293, 1299, 1307, 1316, 1322, 1331, 1346, 1369, 1383, 1401, 1416, 1427, 1441]
