[0, 0, 0, 0, 0, 0, 0, 0, 0, 0, 0, 0, 0, 0, 0, 0, 0, 0, 0, 0, 0, 0, 0, 0, 0, 0, 0, 0, 0, 0, 0, 0, 0, 0, 0, 0, 0, 0, 0, 0, 0, 0, 0, 0, 0, 0, 0, 0, 0, 0, 0, 0, 0, 0, 0, 0, 0, 0, 0, 0, 0]
[0, 549, 544, 539, 536, 533, 529, 526, 523, 520, 519, 518, 515, 513, 510, 509, 507, 505, 505, 503, 502, 501, 499, 499, 498, 498, 497, 497, 498, 497, 498, 498, 499, 500, 501, 502, 504, 505, 507, 509, 510, 512, 514, 517, 520, 523, 526, 530, 533, 536, 541, 545, 549, 554, 559, 564, 569, 577, 584, 590, 596]
[0, 549, 543, 539, 535, 533, 532, 528, 526, 523, 520, 517, 515, 513, 510, 508, 506, 505, 504, 502, 501, 500, 499, 499, 498, 497, 497, 497, 497, 498, 498, 499, 499, 500, 501, 502, 504, 506, 507, 509, 511, 512, 513, 519, 520, 524, 526, 533, 535, 539, 541, 547, 553, 554, 558, 562, 566, 572, 580, 594, 596]
[0, 546, 543, 542, 538, 534, 531, 528, 524, 520, 519, 517, 514, 512, 510, 508, 506, 504, 503, 502, 501, 500, 499, 498, 498, 497, 497, 498, 498, 498, 498, 499, 499, 499, 502, 502, 503, 504, 506, 508, 510, 512, 514, 516, 519, 522, 525, 529, 532, 536, 540, 545, 549, 554, 559, 563, 569, 575, 582, 589, 595]
[0, 549, 545, 540, 535, 532, 530, 527, 524, 522, 519, 516, 514, 513, 511, 509, 507, 505, 505, 504, 502, 501, 500, 499, 498, 497, 497, 497, 498, 498, 498, 499, 499, 500, 501, 502, 504, 505, 506, 509, 510, 512, 514, 517, 520, 523, 526, 530, 533, 537, 541, 545, 549, 555, 559, 564, 569, 576, 583, 589, 596]
[0, 547, 543, 539, 535, 535, 532, 528, 525, 523, 520, 517, 515, 513, 510, 508, 506, 505, 504, 502, 501, 500, 499, 499, 498, 497, 497, 497, 498, 498, 498, 499, 499, 500, 502, 503, 504, 506, 507, 509, 511, 513, 515, 519, 520, 524, 529, 530, 535, 539, 541, 543, 547, 552, 558, 561, 572, 576, 580, 594, 600]
[0, 546, 543, 539, 535, 535, 528, 528, 525, 523, 520, 517, 515, 513, 511, 508, 506, 505, 504, 502, 501, 500, 499, 498, 498, 498, 497, 498, 498, 498, 498, 499, 499, 500, 502, 502, 503, 504, 507, 508, 510, 512, 514, 517, 519, 522, 525, 528, 531, 536, 540, 543, 548, 553, 558, 563, 568, 575, 581, 587, 594]
[0, 547, 543, 539, 535, 535, 532, 528, 526, 523, 520, 517, 514, 512, 510, 508, 507, 506, 503, 501, 501, 500, 500, 498, 498, 498, 497, 498, 498, 498, 498, 498, 499, 500, 500, 502, 503, 504, 508, 508, 510, 512, 517, 517, 519, 522, 525, 528, 531, 536, 540, 543, 548, 553, 558, 563, 568, 574, 581, 587, 594]
[0, 551, 546, 541, 538, 535, 531, 528, 525, 523, 520, 517, 515, 512, 510, 507, 505, 504, 503, 502, 501, 501, 500, 499, 498, 498, 497, 498, 498, 498, 498, 499, 500, 503, 500, 503, 503, 505, 507, 508, 510, 512, 514, 516, 519, 522, 525, 529, 532, 536, 540, 545, 549, 553, 559, 563, 569, 575, 582, 589, 595]
[0, 557, 553, 549, 545, 542, 538, 534, 532, 529, 526, 523, 522, 520, 517, 515, 513, 512, 511, 509, 509, 508, 507, 499, 498, 498, 497, 497, 498, 498, 498, 498, 499, 500, 501, 502, 504, 505, 507, 509, 510, 512, 515, 518, 520, 523, 526, 530, 534, 538, 541, 546, 551, 555, 559, 564, 570, 576, 584, 591, 598]
[0, 557, 553, 549, 545, 542, 538, 535, 532, 529, 526, 524, 521, 519, 518, 516, 514, 512, 511, 509, 509, 508, 509, 508, 506, 505, 505, 505, 506, 507, 498, 507, 508, 509, 501, 511, 511, 513, 515, 516, 518, 521, 524, 526, 528, 531, 535, 538, 542, 546, 550, 555, 559, 563, 568, 574, 581, 587, 593, 600, 607]
[0, 557, 553, 548, 545, 542, 539, 535, 532, 530, 527, 524, 521, 520, 518, 518, 516, 515, 513, 511, 511, 510, 509, 509, 507, 508, 507, 506, 507, 507, 507, 508, 509, 509, 511, 513, 514, 515, 516, 518, 521, 523, 526, 528, 531, 534, 537, 541, 545, 549, 553, 557, 562, 567, 572, 578, 584, 590, 597, 604, 610]
[0, 557, 553, 549, 545, 546, 542, 535, 532, 533, 530, 527, 525, 522, 521, 519, 517, 515, 514, 513, 512, 511, 511, 511, 508, 508, 507, 507, 508, 508, 508, 509, 509, 510, 511, 513, 514, 515, 518, 520, 522, 524, 527, 530, 532, 535, 539, 542, 546, 550, 555, 558, 562, 567, 573, 580, 586, 592, 597, 605, 612]
[0, 560, 556, 552, 547, 544, 541, 538, 535, 531, 529, 526, 524, 522, 520, 518, 516, 514, 513, 512, 511, 511, 511, 510, 510, 509, 509, 509, 509, 509, 510, 511, 511, 512, 513, 515, 514, 518, 520, 522, 524, 526, 527, 529, 535, 535, 541, 545, 549, 553, 558, 562, 562, 566, 572, 584, 586, 591, 597, 603, 610]
[0, 559, 556, 552, 547, 544, 541, 538, 534, 531, 528, 526, 524, 522, 520, 517, 515, 514, 512, 511, 511, 511, 510, 510, 510, 508, 508, 508, 509, 509, 510, 510, 510, 511, 513, 514, 516, 518, 519, 521, 523, 525, 527, 530, 533, 536, 540, 544, 548, 551, 555, 559, 564, 568, 574, 581, 587, 593, 600, 606, 612]
[0, 557, 554, 550, 546, 543, 539, 536, 533, 531, 528, 524, 523, 521, 520, 516, 515, 515, 514, 512, 510, 510, 510, 510, 509, 508, 508, 508, 509, 510, 510, 510, 510, 511, 513, 514, 515, 517, 519, 521, 523, 525, 527, 530, 533, 536, 539, 543, 548, 551, 555, 559, 563, 568, 574, 581, 587, 593, 600, 607, 613]
[0, 560, 556, 552, 549, 546, 543, 536, 536, 531, 534, 531, 528, 526, 525, 522, 521, 519, 516, 515, 515, 515, 514, 512, 509, 508, 508, 507, 508, 508, 509, 510, 510, 511, 513, 513, 516, 517, 518, 520, 522, 524, 527, 530, 532, 535, 540, 545, 549, 552, 556, 560, 564, 569, 575, 580, 587, 594, 601, 608, 615]
[0, 559, 556, 555, 551, 547, 544, 541, 537, 535, 532, 529, 527, 525, 523, 522, 521, 519, 517, 515, 515, 514, 512, 512, 511, 511, 511, 512, 512, 512, 513, 513, 514, 516, 517, 518, 520, 522, 524, 526, 528, 530, 533, 536, 532, 542, 545, 549, 554, 552, 558, 561, 570, 577, 582, 588, 594, 594, 601, 615, 615]
[0, 562, 558, 554, 550, 547, 544, 541, 537, 534, 532, 530, 528, 525, 523, 522, 521, 519, 517, 516, 515, 514, 512, 514, 513, 512, 512, 512, 513, 513, 513, 513, 514, 514, 516, 517, 519, 520, 522, 524, 527, 529, 532, 534, 537, 540, 544, 548, 551, 555, 559, 563, 568, 573, 579, 585, 591, 598, 605, 611, 618]
[0, 563, 559, 555, 551, 547, 544, 541, 537, 535, 532, 529, 527, 525, 523, 522, 521, 519, 517, 516, 515, 514, 513, 514, 513, 513, 512, 511, 512, 513, 513, 514, 515, 515, 517, 519, 520, 522, 524, 525, 527, 530, 532, 535, 537, 540, 544, 548, 552, 557, 560, 563, 568, 574, 580, 586, 592, 598, 605, 611, 618]
[0, 560, 556, 552, 551, 549, 545, 541, 539, 536, 533, 530, 528, 527, 525, 523, 521, 519, 517, 516, 515, 515, 514, 513, 513, 512, 512, 512, 513, 513, 513, 514, 515, 515, 516, 518, 520, 521, 522, 524, 527, 529, 532, 534, 537, 541, 543, 547, 551, 555, 559, 563, 567, 573, 579, 585, 590, 597, 602, 609, 617]
[0, 571, 567, 563, 559, 557, 554, 549, 547, 544, 541, 539, 528, 537, 535, 533, 531, 529, 528, 528, 526, 525, 524, 524, 512, 512, 513, 512, 512, 513, 513, 513, 514, 516, 517, 519, 522, 523, 524, 526, 528, 530, 534, 534, 539, 542, 545, 551, 551, 558, 561, 565, 571, 573, 577, 588, 594, 601, 602, 608, 615]
[0, 573, 569, 565, 561, 559, 555, 552, 549, 546, 543, 540, 538, 536, 534, 533, 531, 529, 528, 527, 526, 525, 524, 524, 523, 523, 523, 523, 523, 523, 524, 525, 526, 527, 528, 530, 532, 534, 535, 536, 539, 542, 544, 547, 550, 554, 557, 561, 565, 568, 573, 578, 583, 588, 594, 600, 607, 613, 620, 627, 635]
[0, 578, 573, 569, 565, 561, 558, 556, 553, 549, 546, 544, 541, 540, 538, 536, 535, 533, 531, 530, 530, 529, 527, 524, 523, 523, 523, 523, 523, 523, 523, 525, 526, 528, 529, 530, 531, 533, 535, 536, 537, 540, 543, 545, 548, 552, 555, 559, 562, 566, 570, 575, 581, 586, 592, 597, 603, 610, 616, 622, 630]
[0, 578, 573, 568, 564, 561, 558, 555, 552, 549, 546, 544, 541, 540, 537, 536, 534, 532, 531, 530, 530, 529, 528, 527, 527, 527, 525, 525, 527, 528, 523, 529, 526, 530, 531, 534, 531, 538, 535, 539, 542, 544, 547, 550, 553, 556, 560, 564, 568, 571, 575, 580, 586, 591, 596, 602, 608, 614, 621, 628, 636]
[0, 592, 587, 584, 579, 575, 572, 567, 565, 562, 560, 558, 555, 554, 552, 549, 548, 547, 545, 544, 530, 543, 542, 541, 527, 527, 526, 527, 527, 528, 528, 529, 526, 530, 532, 533, 534, 537, 538, 539, 542, 545, 547, 550, 553, 556, 560, 564, 568, 571, 576, 581, 586, 590, 596, 602, 608, 615, 622, 628, 636]
[0, 592, 589, 585, 582, 577, 573, 570, 567, 564, 561, 559, 557, 556, 554, 552, 550, 548, 547, 546, 545, 544, 544, 541, 542, 541, 526, 541, 541, 541, 541, 542, 544, 545, 546, 548, 550, 551, 553, 555, 557, 559, 562, 564, 567, 571, 575, 578, 583, 588, 592, 597, 601, 606, 613, 620, 626, 633, 640, 648, 656]
[0, 592, 587, 584, 579, 576, 572, 568, 565, 563, 560, 558, 557, 555, 552, 551, 549, 548, 546, 544, 543, 544, 542, 543, 542, 542, 542, 542, 543, 544, 544, 545, 544, 547, 548, 548, 552, 551, 554, 557, 557, 559, 562, 568, 572, 571, 580, 584, 583, 592, 592, 601, 601, 613, 618, 620, 632, 633, 647, 648, 661]
[0, 592, 588, 584, 580, 576, 573, 568, 570, 563, 561, 558, 559, 557, 555, 554, 552, 549, 548, 548, 546, 545, 544, 544, 542, 542, 541, 541, 541, 542, 543, 543, 545, 545, 546, 548, 550, 551, 553, 555, 557, 559, 562, 565, 568, 572, 578, 582, 585, 588, 594, 598, 603, 609, 614, 620, 627, 633, 641, 649, 657]
[0, 592, 588, 584, 580, 576, 572, 570, 566, 563, 563, 561, 557, 557, 555, 554, 552, 549, 548, 548, 546, 545, 544, 544, 544, 543, 543, 544, 544, 544, 544, 545, 546, 548, 550, 551, 553, 554, 556, 558, 560, 562, 565, 568, 571, 575, 579, 583, 587, 591, 596, 601, 606, 611, 618, 624, 630, 638, 645, 652, 660]
[0, 591, 587, 584, 580, 576, 576, 572, 569, 565, 562, 560, 559, 556, 555, 553, 551, 550, 548, 547, 547, 545, 544, 545, 544, 543, 543, 544, 544, 544, 544, 545, 546, 548, 550, 551, 552, 554, 556, 558, 560, 562, 565, 568, 571, 575, 579, 583, 587, 591, 596, 601, 606, 611, 617, 624, 630, 637, 645, 652, 660]
[0, 602, 598, 594, 590, 587, 583, 580, 577, 565, 571, 560, 569, 567, 565, 563, 561, 560, 559, 558, 556, 556, 556, 555, 544, 543, 544, 544, 544, 543, 544, 545, 547, 548, 550, 551, 552, 554, 556, 558, 560, 562, 565, 568, 572, 576, 579, 584, 588, 592, 597, 601, 606, 612, 618, 625, 631, 638, 645, 652, 660]
[0, 616, 612, 607, 603, 599, 595, 591, 589, 587, 584, 580, 579, 577, 574, 572, 571, 569, 568, 567, 565, 565, 564, 555, 555, 555, 555, 555, 555, 555, 555, 556, 557, 558, 559, 560, 562, 564, 566, 569, 571, 574, 577, 581, 585, 588, 592, 595, 599, 604, 609, 613, 619, 625, 631, 639, 645, 652, 660, 668, 676]
[0, 616, 612, 607, 602, 599, 596, 593, 589, 587, 584, 580, 579, 577, 574, 573, 571, 569, 568, 567, 566, 565, 564, 564, 564, 563, 563, 563, 563, 564, 565, 566, 567, 568, 570, 571, 573, 575, 577, 579, 582, 586, 589, 592, 595, 598, 602, 607, 610, 614, 619, 625, 631, 637, 644, 650, 657, 664, 672, 680, 688]
[0, 636, 631, 626, 621, 617, 613, 610, 608, 604, 601, 599, 597, 594, 593, 573, 592, 590, 589, 587, 586, 586, 585, 564, 563, 563, 564, 564, 564, 564, 565, 566, 567, 568, 569, 571, 573, 573, 575, 581, 582, 586, 588, 592, 591, 595, 598, 602, 606, 610, 615, 621, 632, 639, 644, 645, 658, 664, 672, 681, 688]
[0, 636, 630, 625, 621, 617, 617, 609, 606, 604, 602, 599, 599, 597, 596, 593, 592, 591, 589, 588, 587, 586, 585, 564, 584, 584, 583, 584, 585, 586, 586, 586, 587, 588, 589, 591, 592, 595, 596, 598, 601, 605, 608, 610, 613, 616, 620, 624, 629, 634, 641, 647, 651, 657, 664, 671, 677, 684, 693, 701, 708]
[0, 635, 630, 625, 621, 617, 613, 610, 607, 604, 602, 599, 598, 597, 595, 593, 592, 590, 589, 588, 587, 586, 585, 585, 584, 584, 584, 585, 585, 586, 587, 587, 588, 589, 589, 591, 593, 596, 598, 600, 603, 605, 608, 611, 614, 617, 621, 626, 632, 636, 642, 648, 653, 659, 665, 671, 678, 686, 694, 703, 711]
[0, 635, 630, 625, 621, 617, 613, 610, 606, 604, 602, 602, 599, 597, 595, 593, 592, 590, 589, 588, 587, 586, 585, 584, 585, 584, 584, 584, 585, 586, 586, 587, 587, 588, 589, 591, 593, 595, 597, 599, 603, 606, 608, 611, 613, 617, 621, 626, 632, 636, 641, 648, 652, 659, 665, 671, 678, 685, 693, 703, 710]
[0, 635, 629, 625, 620, 617, 617, 613, 607, 604, 604, 601, 599, 597, 595, 593, 592, 591, 589, 588, 587, 586, 585, 584, 584, 584, 584, 584, 585, 586, 586, 587, 588, 589, 589, 591, 593, 595, 597, 599, 603, 605, 608, 611, 614, 617, 621, 626, 632, 636, 642, 647, 653, 659, 665, 671, 679, 686, 695, 703, 711]
[0, 657, 652, 648, 643, 639, 634, 630, 627, 624, 622, 619, 617, 614, 612, 610, 609, 607, 605, 605, 604, 603, 602, 585, 585, 584, 584, 585, 585, 586, 587, 587, 588, 589, 591, 592, 593, 595, 597, 600, 601, 604, 608, 611, 615, 618, 623, 627, 632, 638, 644, 649, 654, 660, 667, 673, 680, 688, 696, 705, 712]
[0, 653, 648, 648, 639, 639, 631, 630, 628, 625, 621, 619, 617, 615, 612, 610, 609, 607, 606, 605, 604, 604, 602, 597, 588, 584, 585, 592, 601, 604, 604, 605, 606, 606, 608, 610, 612, 614, 616, 618, 621, 624, 628, 631, 635, 640, 644, 649, 654, 659, 664, 670, 675, 682, 689, 696, 704, 711, 718, 727, 736]
[0, 653, 653, 648, 649, 645, 641, 637, 633, 630, 628, 625, 621, 619, 617, 615, 614, 612, 611, 610, 608, 608, 606, 595, 586, 583, 584, 589, 598, 603, 603, 605, 606, 607, 608, 610, 611, 613, 616, 618, 621, 624, 627, 630, 635, 639, 644, 648, 653, 658, 663, 669, 675, 681, 688, 696, 703, 709, 716, 725, 734]
[0, 658, 653, 648, 649, 645, 641, 637, 633, 630, 627, 625, 621, 619, 617, 615, 613, 612, 611, 610, 608, 608, 606, 595, 585, 583, 584, 587, 599, 608, 609, 610, 611, 612, 613, 615, 616, 618, 621, 624, 627, 629, 632, 637, 641, 646, 649, 654, 659, 664, 670, 675, 680, 688, 696, 702, 709, 716, 724, 732, 741]
[0, 674, 668, 663, 658, 655, 652, 648, 645, 642, 639, 635, 633, 631, 628, 626, 624, 622, 621, 620, 619, 615, 0, 595, 584, 583, 584, 588, 599, 608, 609, 610, 611, 612, 613, 615, 616, 618, 621, 624, 627, 630, 633, 638, 642, 645, 649, 654, 659, 664, 670, 675, 681, 687, 696, 703, 709, 717, 725, 734, 744]
[0, 670, 666, 661, 658, 652, 649, 646, 645, 643, 640, 637, 634, 631, 629, 627, 625, 624, 622, 620, 619, 618, 0, 583, 582, 583, 584, 587, 595, 606, 616, 621, 622, 624, 625, 627, 629, 632, 635, 638, 641, 644, 647, 650, 654, 658, 649, 668, 659, 679, 684, 691, 697, 703, 711, 717, 724, 733, 741, 751, 760]
[0, 690, 684, 679, 675, 671, 666, 664, 661, 657, 654, 652, 649, 647, 646, 644, 642, 640, 639, 636, 0, 0, 584, 587, 582, 583, 584, 587, 593, 602, 613, 620, 621, 623, 625, 626, 629, 631, 634, 637, 640, 643, 646, 649, 652, 657, 661, 667, 672, 676, 682, 689, 695, 702, 709, 715, 723, 730, 738, 748, 757]
[0, 686, 682, 677, 673, 669, 665, 662, 661, 656, 654, 653, 649, 647, 647, 645, 643, 641, 639, 638, 0, 0, 586, 587, 581, 582, 583, 590, 597, 604, 618, 633, 639, 641, 644, 646, 647, 649, 651, 654, 656, 659, 663, 668, 652, 676, 681, 687, 672, 692, 704, 710, 716, 722, 729, 736, 744, 753, 762, 771, 780]
[0, 697, 691, 686, 681, 677, 674, 671, 667, 664, 661, 659, 657, 654, 647, 649, 643, 647, 639, 645, 0, 0, 586, 582, 582, 582, 583, 587, 593, 600, 618, 633, 0, 640, 643, 645, 646, 648, 650, 653, 656, 658, 662, 667, 671, 675, 679, 684, 690, 696, 702, 708, 714, 719, 726, 734, 742, 751, 759, 767, 778]
[0, 700, 695, 689, 684, 679, 676, 672, 669, 667, 663, 660, 658, 655, 653, 650, 649, 648, 647, 0, 610, 0, 582, 582, 582, 583, 584, 586, 592, 599, 608, 0, 642, 648, 649, 651, 653, 656, 658, 661, 663, 666, 669, 673, 677, 682, 687, 692, 699, 704, 709, 715, 722, 728, 735, 741, 750, 759, 768, 777, 786]
[0, 708, 702, 696, 692, 687, 683, 680, 676, 673, 671, 668, 665, 663, 660, 658, 656, 655, 650, 0, 0, 588, 582, 581, 581, 582, 584, 588, 594, 601, 608, 0, 0, 649, 651, 653, 654, 656, 659, 661, 664, 667, 672, 676, 679, 684, 689, 694, 700, 706, 711, 717, 724, 730, 737, 745, 754, 763, 771, 778, 788]
[0, 706, 701, 697, 692, 687, 682, 679, 676, 673, 670, 667, 665, 663, 660, 657, 656, 655, 650, 0, 0, 583, 582, 582, 581, 582, 584, 587, 593, 601, 616, 0, 651, 656, 658, 659, 660, 662, 665, 668, 671, 673, 677, 681, 685, 691, 697, 703, 708, 713, 717, 724, 731, 738, 746, 754, 763, 770, 779, 789, 800]
[0, 726, 720, 716, 711, 707, 704, 701, 698, 694, 691, 688, 685, 682, 680, 677, 667, 655, 650, 0, 0, 581, 582, 581, 0, 582, 584, 587, 593, 604, 0, 639, 651, 655, 658, 660, 661, 663, 665, 669, 672, 676, 679, 683, 688, 692, 698, 703, 708, 714, 720, 727, 733, 739, 747, 755, 764, 772, 780, 790, 801]
[0, 726, 720, 716, 711, 707, 704, 701, 698, 694, 691, 688, 685, 682, 680, 677, 667, 655, 650, 0, 0, 581, 581, 0, 0, 579, 580, 582, 593, 604, 0, 644, 664, 0, 680, 683, 685, 663, 689, 669, 693, 701, 705, 683, 708, 712, 717, 722, 729, 740, 747, 727, 761, 768, 776, 755, 784, 802, 812, 821, 830]
[0, 731, 725, 718, 714, 711, 708, 705, 702, 698, 695, 692, 691, 688, 683, 679, 667, 655, 650, 0, 0, 581, 581, 0, 0, 579, 580, 582, 590, 0, 628, 644, 658, 663, 671, 680, 683, 685, 687, 690, 693, 697, 701, 705, 709, 713, 717, 722, 729, 735, 741, 748, 755, 761, 768, 776, 785, 793, 802, 812, 822]
[0, 733, 726, 720, 715, 712, 709, 706, 703, 699, 695, 693, 691, 688, 686, 682, 671, 655, 650, 0, 0, 581, 581, 580, 0, 579, 580, 583, 593, 610, 628, 647, 662, 667, 675, 685, 688, 690, 693, 694, 698, 702, 706, 709, 713, 718, 724, 729, 733, 739, 747, 754, 760, 766, 774, 790, 785, 800, 808, 816, 826]
[0, 733, 728, 722, 717, 713, 709, 705, 702, 700, 696, 693, 691, 688, 686, 683, 0, 655, 650, 0, 580, 581, 582, 580, 0, 579, 580, 583, 592, 609, 627, 0, 663, 673, 675, 688, 690, 690, 693, 698, 698, 706, 706, 713, 717, 718, 729, 734, 733, 740, 747, 760, 760, 773, 774, 790, 785, 807, 816, 826, 835]
[0, 755, 748, 743, 739, 735, 730, 726, 722, 719, 717, 715, 712, 709, 707, 683, 0, 704, 650, 0, 583, 584, 581, 580, 579, 580, 580, 582, 592, 0, 0, 663, 669, 671, 681, 688, 691, 693, 695, 698, 702, 706, 709, 712, 716, 721, 727, 733, 739, 746, 753, 759, 766, 775, 782, 790, 800, 808, 817, 827, 835]
[0, 754, 749, 744, 739, 735, 730, 726, 722, 719, 717, 714, 712, 709, 707, 683, 0, 704, 650, 0, 583, 584, 581, 580, 580, 579, 581, 590, 602, 615, 0, 663, 0, 691, 695, 0, 705, 713, 715, 717, 725, 706, 733, 712, 737, 748, 727, 754, 759, 771, 753, 778, 786, 794, 810, 819, 800, 826, 845, 827, 866]
[0, 772, 767, 761, 757, 753, 749, 744, 739, 736, 733, 731, 729, 726, 724, 683, 0, 722, 650, 0, 590, 585, 583, 580, 580, 579, 581, 591, 603, 615, 0, 0, 684, 691, 690, 707, 713, 715, 715, 721, 725, 725, 728, 733, 738, 742, 748, 754, 760, 765, 771, 778, 786, 794, 801, 810, 827, 826, 835, 845, 856]
[0, 774, 768, 762, 758, 754, 750, 747, 742, 738, 734, 732, 729, 726, 724, 683, 0, 721, 0, 590, 587, 583, 0, 582, 579, 580, 581, 591, 0, 615, 0, 0, 697, 702, 700, 706, 731, 715, 733, 736, 744, 725, 748, 752, 757, 761, 767, 772, 779, 786, 793, 798, 805, 813, 822, 838, 827, 858, 835, 875, 856]
[0, 785, 773, 762, 768, 764, 760, 756, 753, 749, 745, 741, 739, 736, 734, 683, 0, 726, 0, 594, 589, 586, 583, 580, 579, 584, 593, 591, 615, 615, 0, 0, 705, 701, 703, 717, 729, 734, 737, 739, 742, 747, 752, 757, 761, 765, 771, 777, 784, 791, 797, 805, 811, 819, 827, 834, 844, 854, 863, 872, 882]
[0, 785, 778, 774, 769, 765, 760, 761, 753, 750, 745, 746, 742, 740, 738, 683, 0, 0, 0, 596, 592, 588, 584, 580, 580, 587, 597, 605, 613, 615, 0, 0, 714, 712, 715, 723, 733, 743, 747, 752, 755, 760, 763, 767, 772, 778, 783, 790, 797, 804, 811, 818, 825, 832, 840, 850, 860, 868, 877, 886, 895]
[0, 788, 783, 778, 772, 768, 764, 759, 755, 753, 749, 746, 743, 740, 738, 683, 0, 0, 0, 596, 595, 590, 586, 582, 580, 586, 599, 607, 612, 615, 0, 0, 0, 716, 717, 721, 734, 746, 749, 752, 756, 760, 764, 768, 773, 779, 785, 791, 797, 804, 810, 816, 824, 831, 837, 847, 859, 867, 875, 883, 893]
[0, 787, 780, 775, 770, 765, 762, 758, 754, 751, 747, 745, 742, 740, 738, 683, 0, 691, 0, 597, 593, 588, 584, 582, 579, 581, 0, 608, 611, 615, 0, 0, 716, 718, 723, 729, 740, 748, 752, 756, 760, 763, 767, 772, 777, 782, 787, 794, 801, 807, 813, 821, 828, 834, 843, 854, 863, 872, 880, 889, 899]
[0, 823, 818, 813, 808, 802, 798, 794, 790, 787, 785, 782, 779, 776, 774, 683, 0, 0, 615, 606, 595, 588, 584, 580, 580, 585, 597, 607, 611, 615, 0, 0, 0, 716, 715, 720, 734, 745, 749, 753, 757, 761, 765, 768, 773, 779, 784, 789, 796, 803, 809, 817, 824, 830, 837, 848, 859, 867, 875, 883, 892]
[0, 824, 817, 812, 807, 802, 798, 793, 790, 787, 785, 784, 781, 778, 776, 0, 642, 623, 611, 602, 594, 588, 583, 580, 588, 597, 602, 609, 611, 615, 0, 0, 0, 750, 751, 0, 781, 785, 788, 791, 796, 802, 806, 811, 816, 821, 827, 832, 838, 844, 852, 860, 866, 874, 881, 889, 898, 909, 920, 930, 939]
[0, 833, 827, 823, 819, 814, 809, 804, 801, 797, 793, 789, 788, 787, 784, 0, 638, 620, 611, 607, 598, 590, 584, 580, 589, 600, 605, 610, 611, 615, 0, 0, 0, 753, 754, 0, 783, 787, 789, 793, 798, 803, 809, 812, 817, 823, 828, 833, 839, 846, 854, 860, 867, 875, 884, 893, 901, 911, 921, 932, 943]
[0, 832, 827, 821, 815, 811, 808, 804, 800, 796, 792, 791, 788, 785, 784, 0, 0, 630, 616, 605, 595, 589, 584, 580, 584, 594, 602, 607, 611, 615, 0, 0, 0, 759, 0, 788, 792, 796, 800, 803, 808, 812, 817, 823, 828, 832, 837, 844, 851, 859, 866, 872, 879, 886, 895, 904, 915, 926, 935, 944, 955]
[0, 831, 826, 821, 816, 811, 807, 803, 799, 795, 792, 790, 787, 785, 783, 0, 0, 0, 617, 607, 594, 588, 583, 582, 589, 599, 604, 609, 611, 615, 0, 0, 0, 761, 761, 791, 0, 797, 800, 804, 808, 814, 820, 823, 830, 832, 834, 845, 853, 861, 867, 874, 881, 888, 897, 908, 918, 927, 937, 947, 958]
[0, 868, 862, 856, 851, 845, 840, 837, 834, 830, 828, 826, 825, 821, 818, 0, 0, 648, 0, 606, 596, 589, 584, 582, 590, 597, 602, 609, 611, 615, 0, 0, 0, 761, 762, 0, 792, 795, 797, 801, 806, 810, 815, 820, 825, 830, 835, 840, 847, 855, 863, 868, 875, 883, 891, 899, 909, 920, 930, 939, 949]
[0, 874, 868, 863, 858, 852, 847, 842, 838, 835, 831, 827, 825, 824, 823, 0, 0, 648, 0, 606, 596, 589, 584, 586, 592, 596, 600, 607, 611, 615, 0, 0, 822, 826, 828, 830, 833, 837, 841, 846, 851, 857, 863, 868, 871, 876, 882, 888, 895, 902, 910, 918, 927, 935, 944, 953, 965, 977, 988, 998, 1010]
[0, 874, 870, 864, 858, 853, 848, 844, 840, 836, 833, 831, 828, 826, 824, 0, 651, 648, 611, 606, 598, 590, 584, 586, 592, 596, 600, 607, 611, 615, 0, 0, 822, 826, 828, 830, 833, 837, 841, 846, 851, 857, 863, 868, 871, 876, 883, 888, 895, 902, 910, 918, 926, 934, 943, 952, 965, 977, 988, 999, 1011]
[0, 891, 885, 880, 874, 870, 866, 862, 859, 856, 852, 849, 846, 843, 840, 0, 0, 653, 0, 607, 599, 590, 585, 586, 590, 596, 604, 607, 613, 615, 0, 0, 812, 824, 827, 829, 831, 835, 839, 843, 849, 853, 859, 866, 870, 875, 880, 886, 893, 899, 907, 915, 923, 931, 940, 949, 960, 972, 984, 996, 1008]
[0, 894, 888, 882, 876, 871, 868, 865, 860, 856, 852, 850, 847, 845, 842, 0, 0, 654, 0, 608, 600, 592, 586, 589, 595, 597, 603, 613, 613, 615, 0, 842, 844, 824, 850, 0, 857, 835, 865, 843, 869, 873, 882, 887, 870, 892, 899, 905, 911, 920, 935, 941, 950, 960, 940, 983, 960, 993, 1014, 996, 1039]
[0, 908, 900, 893, 887, 882, 879, 875, 872, 869, 866, 864, 861, 857, 855, 854, 0, 0, 0, 0, 603, 595, 589, 588, 595, 597, 602, 612, 613, 615, 0, 842, 845, 848, 851, 855, 858, 861, 865, 868, 872, 877, 882, 887, 870, 899, 906, 912, 920, 928, 935, 941, 941, 960, 971, 982, 993, 1003, 1014, 1027, 1039]
[0, 902, 896, 891, 884, 880, 876, 873, 869, 866, 866, 864, 862, 859, 856, 854, 0, 653, 0, 609, 603, 591, 589, 588, 594, 596, 603, 616, 613, 615, 0, 857, 859, 860, 863, 867, 869, 872, 875, 879, 884, 889, 893, 898, 904, 911, 918, 925, 933, 941, 948, 956, 965, 975, 986, 996, 1004, 1016, 1028, 1041, 1056]
[0, 927, 919, 891, 913, 900, 876, 895, 893, 891, 887, 884, 881, 879, 877, 876, 0, 656, 0, 618, 611, 591, 590, 588, 596, 601, 610, 622, 613, 615, 0, 857, 0, 861, 863, 865, 868, 870, 873, 877, 882, 886, 890, 895, 902, 908, 915, 923, 930, 937, 943, 951, 959, 970, 981, 992, 1002, 1012, 1022, 1034, 1048]
[0, 930, 924, 917, 911, 906, 900, 895, 891, 888, 885, 883, 881, 879, 877, 875, 0, 656, 656, 0, 615, 608, 596, 588, 592, 600, 622, 622, 613, 615, 0, 876, 879, 881, 883, 885, 889, 893, 895, 899, 905, 909, 914, 921, 928, 934, 940, 946, 952, 960, 968, 978, 988, 998, 1007, 1017, 1029, 1041, 1053, 1066, 1079]
[0, 951, 946, 941, 936, 930, 926, 921, 916, 912, 909, 905, 903, 900, 897, 895, 0, 0, 657, 646, 634, 623, 0, 590, 594, 601, 613, 623, 613, 615, 0, 877, 879, 881, 883, 886, 889, 893, 896, 901, 907, 912, 917, 923, 929, 935, 942, 948, 954, 962, 972, 982, 991, 1001, 1010, 1020, 1032, 1043, 1055, 1069, 1083]
[0, 952, 944, 939, 934, 929, 923, 920, 915, 910, 906, 903, 901, 899, 897, 895, 0, 0, 660, 0, 634, 0, 0, 593, 600, 612, 622, 628, 613, 615, 0, 0, 902, 904, 907, 911, 914, 919, 924, 929, 934, 938, 943, 949, 955, 962, 970, 977, 986, 994, 1002, 1011, 1022, 1032, 1041, 1052, 1064, 1076, 1089, 1104, 1118]
[0, 950, 945, 938, 934, 929, 924, 920, 915, 910, 906, 904, 901, 899, 897, 895, 0, 0, 657, 647, 634, 0, 600, 594, 602, 614, 624, 628, 613, 615, 896, 0, 900, 905, 0, 908, 912, 922, 924, 926, 935, 938, 940, 944, 950, 957, 963, 972, 981, 988, 996, 1004, 1013, 1022, 1032, 1045, 1056, 1067, 1079, 1093, 1107]
[0, 993, 986, 980, 974, 968, 924, 956, 953, 910, 950, 948, 942, 899, 941, 939, 938, 0, 661, 658, 649, 634, 0, 594, 602, 614, 625, 628, 613, 615, 0, 897, 901, 903, 905, 909, 912, 916, 921, 925, 930, 935, 940, 945, 951, 957, 963, 972, 981, 989, 996, 1004, 1013, 1023, 1032, 1045, 1057, 1067, 1079, 1093, 1107]
[0, 1003, 997, 991, 985, 980, 974, 967, 962, 959, 956, 953, 950, 948, 946, 944, 938, 0, 664, 660, 653, 642, 0, 605, 614, 614, 630, 628, 613, 615, 0, 0, 949, 952, 955, 960, 965, 968, 972, 978, 984, 990, 996, 1002, 1007, 1016, 1025, 1031, 1037, 1045, 1055, 1067, 1076, 1085, 1096, 1110, 1123, 1135, 1150, 1164, 1177]
[0, 1011, 1005, 999, 994, 988, 974, 978, 973, 959, 969, 965, 963, 959, 956, 954, 954, 0, 662, 658, 649, 638, 0, 0, 609, 620, 628, 628, 613, 0, 948, 952, 954, 956, 959, 962, 967, 973, 978, 984, 990, 995, 1000, 1006, 1012, 1020, 1027, 1035, 1043, 1052, 1062, 1072, 1082, 1092, 1105, 1119, 1131, 1145, 1159, 1173, 1187]
[0, 1029, 1023, 1017, 1010, 1005, 1000, 995, 990, 987, 985, 981, 976, 974, 972, 971, 954, 0, 666, 661, 654, 646, 0, 0, 608, 618, 626, 628, 613, 0, 948, 0, 963, 968, 971, 974, 979, 984, 988, 994, 998, 1001, 1007, 1014, 1020, 1029, 1036, 1043, 1053, 1062, 1070, 1079, 1088, 1100, 1113, 1126, 1140, 1154, 1167, 1179, 1193]
[0, 1027, 1020, 1013, 1007, 1002, 998, 993, 988, 986, 984, 981, 979, 975, 973, 971, 970, 0, 664, 658, 651, 641, 0, 0, 617, 627, 628, 628, 613, 0, 980, 983, 963, 988, 992, 0, 995, 999, 1003, 1013, 998, 1018, 1023, 1037, 1020, 1044, 1052, 1060, 1068, 1076, 1084, 1095, 1105, 1117, 1130, 1143, 1156, 1181, 1194, 1208, 1224]
[0, 1044, 1037, 1031, 1026, 1021, 1014, 1009, 1005, 1002, 998, 996, 994, 991, 989, 988, 988, 0, 0, 663, 654, 648, 0, 0, 619, 627, 627, 628, 0, 0, 0, 980, 983, 986, 989, 993, 997, 1001, 1004, 1008, 1014, 1019, 1025, 1032, 1039, 1047, 1055, 1062, 1070, 1079, 1088, 1098, 1110, 1122, 1136, 1150, 1162, 1174, 1186, 1200, 1214]
[0, 1058, 1050, 1044, 1039, 1032, 1026, 1021, 1017, 1014, 1010, 1006, 1003, 1001, 1000, 1000, 998, 0, 0, 667, 659, 648, 640, 618, 619, 627, 628, 628, 0, 0, 998, 1000, 1003, 1006, 1009, 1012, 1017, 1023, 1028, 1033, 1038, 1019, 1044, 1051, 1058, 1066, 1080, 1090, 1099, 1109, 1120, 1098, 1145, 1122, 1169, 1181, 1194, 1174, 1206, 1238, 1214]
[0, 1063, 1054, 1048, 1042, 1037, 1032, 1027, 1024, 1020, 1016, 1014, 1011, 1009, 1007, 1000, 1008, 0, 0, 665, 654, 646, 640, 0, 617, 622, 626, 628, 0, 0, 1006, 1009, 1011, 1015, 1018, 1022, 1028, 1033, 1037, 1041, 1046, 1053, 1060, 1067, 1074, 1080, 1088, 1097, 1107, 1116, 1128, 1141, 1153, 1163, 1174, 1186, 1200, 1213, 1229, 1246, 1261]
[0, 1102, 1094, 1087, 1081, 1075, 1071, 1066, 1063, 1062, 1059, 1052, 1047, 1045, 1043, 1042, 1042, 0, 0, 668, 658, 652, 645, 617, 623, 630, 0, 663, 0, 0, 0, 1023, 1025, 1028, 1032, 1036, 1041, 1045, 1050, 1056, 1062, 1068, 1074, 1081, 1087, 1095, 1104, 1113, 1122, 1131, 1143, 1157, 1168, 1177, 1188, 1202, 1215, 1231, 1248, 1262, 1278]
[0, 1102, 1095, 1088, 1081, 1076, 1071, 1066, 1063, 1059, 1055, 1050, 1047, 1044, 1043, 1042, 1041, 0, 0, 671, 659, 654, 647, 631, 626, 630, 0, 663, 0, 0, 0, 1055, 1059, 1060, 1063, 1066, 1069, 1074, 1081, 1087, 1093, 1099, 1105, 1112, 1120, 1129, 1137, 1145, 1156, 1165, 1174, 1183, 1196, 1211, 1225, 1240, 1253, 1267, 1282, 1301, 1324]
[0, 1172, 1165, 1158, 1152, 1145, 1139, 1133, 1129, 1125, 1120, 1116, 1111, 1108, 1106, 1106, 1105, 1105, 1108, 1109, 659, 654, 0, 631, 626, 631, 640, 0, 0, 0, 1057, 1058, 1060, 1062, 1065, 1068, 1072, 1078, 1084, 1091, 1098, 1105, 1112, 1120, 1130, 1137, 1144, 1151, 1161, 1171, 1181, 1194, 1209, 1222, 1233, 1248, 1266, 1278, 1293, 1301, 0]
[0, 1170, 1162, 1154, 1149, 1145, 1138, 1133, 1130, 1125, 1120, 1116, 1113, 1110, 1109, 1107, 1105, 1105, 1109, 1115, 659, 0, 656, 648, 638, 637, 642, 0, 0, 0, 1126, 1127, 1128, 1132, 1135, 1140, 1145, 1149, 1155, 1162, 1169, 1176, 1184, 1190, 1195, 1205, 1216, 1225, 1235, 1246, 1257, 1269, 1281, 1291, 1302, 1320, 1339, 1358, 1376, 1391, 1408]
[0, 1189, 1181, 1174, 1167, 1163, 1158, 1153, 1147, 1141, 1138, 1133, 1129, 1128, 1127, 1126, 1126, 1125, 1125, 1125, 1126, 0, 0, 644, 639, 642, 645, 655, 0, 1125, 1129, 1127, 1132, 1137, 1140, 1143, 1147, 1152, 1161, 1168, 1175, 1182, 1189, 1197, 1201, 1209, 1220, 1230, 1241, 1254, 1266, 1276, 1287, 1298, 1312, 1330, 1348, 1363, 1382, 1401, 1420]
[0, 1182, 1176, 1169, 1163, 1159, 1153, 1147, 1142, 1138, 1134, 1132, 1130, 1129, 1128, 1127, 1128, 1129, 1127, 1127, 1126, 0, 0, 657, 650, 648, 647, 0, 0, 1134, 1140, 1142, 1143, 1146, 1150, 1157, 1163, 1167, 1173, 1178, 1184, 1191, 1198, 1208, 1217, 1224, 1234, 1244, 1254, 1265, 1276, 1287, 1300, 1313, 1329, 1345, 1359, 1377, 1386, 1395, 1410]
[0, 1206, 1197, 1190, 1183, 1178, 1174, 1170, 1165, 1160, 1157, 1155, 1153, 1149, 1147, 1148, 1153, 1154, 1148, 1147, 1146, 1144, 0, 649, 646, 648, 646, 0, 0, 0, 1140, 1142, 1143, 1151, 0, 1155, 1162, 1168, 1172, 1176, 1180, 1187, 1196, 1203, 1211, 1221, 1232, 1242, 1251, 1261, 1272, 1283, 1295, 1308, 1324, 1341, 1355, 1368, 1380, 1393, 1407]
[0, 1203, 1195, 1187, 1180, 1176, 1170, 1166, 1164, 1159, 1156, 1154, 1150, 1148, 1148, 1148, 1150, 1152, 1149, 1147, 1147, 1145, 0, 0, 659, 659, 0, 1155, 1162, 1165, 1164, 1166, 1168, 1168, 1170, 1174, 1179, 1184, 1190, 1198, 1206, 1214, 1222, 1230, 1237, 1244, 1254, 1265, 1274, 1284, 1293, 1299, 1308, 1321, 1333, 1346, 1360, 1373, 1387, 1400, 1411]
[0, 1225, 1216, 1209, 1202, 1196, 1191, 1185, 1181, 1178, 1175, 1174, 1172, 1170, 1167, 1166, 1167, 1168, 1168, 1169, 1169, 1169, 0, 657, 659, 654, 0, 1154, 1160, 1163, 1164, 1165, 1166, 1167, 1170, 1174, 1177, 1183, 1189, 1195, 1202, 1210, 1218, 1226, 1235, 1242, 1250, 1259, 1268, 1278, 1287, 1296, 1304, 1316, 1329, 1340, 1353, 1367, 1382, 1396, 1407]
[0, 1285, 1277, 1269, 1261, 1254, 1251, 1247, 1242, 1236, 1229, 1224, 1221, 1219, 1216, 1215, 1213, 1212, 1211, 1207, 1205, 1206, 0, 0, 659, 1167, 1176, 1178, 1176, 1178, 1181, 1183, 1187, 1190, 1194, 1201, 1206, 1212, 1218, 1221, 1224, 1229, 1236, 1242, 1249, 1255, 1262, 1269, 1275, 1283, 1292, 1303, 1314, 1325, 1337, 1349, 1361, 1373, 1385, 1401, 1417]
[0, 1278, 1270, 1269, 1257, 1254, 1250, 1247, 1243, 1235, 1228, 1225, 1222, 1219, 1218, 1217, 1214, 1211, 1210, 1209, 1208, 1206, 1204, 1200, 1198, 1198, 1198, 1196, 1196, 1197, 1199, 1199, 1198, 1200, 1202, 1205, 1209, 1212, 1215, 1219, 1225, 1229, 1234, 1241, 1247, 1251, 1258, 1266, 1274, 1281, 1287, 1296, 1308, 1320, 1332, 1345, 1359, 1369, 1380, 1396, 1410]
[0, 1286, 1277, 1270, 1261, 1255, 1251, 1247, 1242, 1236, 1230, 1225, 1221, 1219, 1216, 1215, 1213, 1212, 1211, 1207, 1206, 1206, 1206, 1202, 1198, 1197, 1197, 1197, 1197, 1197, 1198, 1198, 1198, 1200, 1201, 1203, 1207, 1212, 1215, 1219, 1224, 1228, 1234, 1240, 1245, 1251, 1258, 1265, 1272, 1280, 1287, 1295, 1307, 1321, 1333, 1345, 1359, 1369, 1380, 1396, 1410]
[0, 1283, 1275, 1268, 1261, 1254, 1249, 1247, 1242, 1236, 1229, 1225, 1223, 1220, 1216, 1215, 1213, 1211, 1213, 1212, 1208, 1205, 1204, 1200, 1199, 1198, 1197, 1196, 1196, 1197, 1199, 1199, 1198, 1200, 1201, 1205, 1209, 1212, 1215, 1219, 1224, 1229, 1234, 1241, 1247, 1251, 1257, 1265, 1273, 1281, 1287, 1296, 1308, 1320, 1333, 1346, 1359, 1369, 1381, 1397, 1411]
[0, 1305, 1298, 1291, 1283, 1274, 1269, 1264, 1258, 1254, 1250, 1244, 1240, 1235, 1227, 1221, 1213, 1217, 1211, 1212, 1209, 1205, 1201, 1198, 1198, 1200, 1198, 1196, 1196, 1197, 1198, 1198, 1198, 1200, 1202, 1205, 1208, 1212, 1218, 1221, 1227, 1231, 1237, 1244, 1249, 1255, 1262, 1268, 1275, 1283, 1292, 1303, 1313, 1324, 1339, 1351, 1361, 1374, 1387, 1401, 1415]
[0, 1326, 1314, 1306, 1296, 1288, 1283, 1277, 1271, 1263, 1253, 1248, 1242, 1236, 1230, 1224, 1219, 1215, 1212, 1209, 1205, 1202, 1201, 1199, 1197, 1197, 1196, 1196, 1196, 1196, 1196, 1197, 1197, 1198, 1201, 1204, 1206, 1208, 1213, 1218, 1223, 1228, 1232, 1238, 1244, 1250, 1255, 1260, 1268, 1275, 1284, 1294, 1303, 1314, 1327, 1340, 1352, 1363, 1376, 1392, 1406]
[0, 1326, 1312, 1304, 1297, 1290, 1281, 1276, 1270, 1259, 1251, 1248, 1246, 1240, 1234, 1227, 1221, 1218, 1214, 1211, 1208, 1204, 1198, 1197, 1198, 1198, 1197, 1196, 1196, 1196, 1197, 1196, 1198, 1200, 1202, 1205, 1208, 1212, 1216, 1220, 1226, 1231, 1234, 1239, 1246, 1254, 1261, 1268, 1275, 1282, 1291, 1299, 1310, 1323, 1336, 1348, 1360, 1369, 1383, 1402, 1416]
[0, 1347, 1329, 1316, 1306, 1295, 1282, 1275, 1270, 1263, 1254, 1248, 1242, 1237, 1231, 1224, 1220, 1215, 1210, 1206, 1204, 1203, 1200, 1199, 1197, 1197, 1196, 1196, 1195, 1195, 1196, 1196, 1196, 1198, 1201, 1204, 1206, 1208, 1213, 1218, 1223, 1227, 1232, 1238, 1243, 1249, 1258, 1263, 1269, 1277, 1286, 1294, 1303, 1314, 1326, 1339, 1351, 1363, 1375, 1391, 1405]
[0, 1338, 1327, 1311, 1297, 1288, 1282, 1276, 1270, 1262, 1252, 1247, 1241, 1235, 1229, 1223, 1216, 1212, 1211, 1208, 1202, 1199, 1200, 1199, 1197, 1196, 1196, 1194, 1194, 1195, 1197, 1198, 1198, 1200, 1202, 1202, 1205, 1210, 1214, 1218, 1224, 1228, 1232, 1239, 1246, 1251, 1257, 1263, 1271, 1279, 1286, 1296, 1310, 1317, 1328, 1342, 1353, 1364, 1378, 1396, 1410]
[0, 1334, 1320, 1307, 1297, 1289, 1280, 1270, 1270, 1263, 1256, 1242, 1241, 1235, 1231, 1227, 1221, 1217, 1213, 1207, 1204, 1203, 1198, 1197, 1197, 1196, 1195, 1195, 1195, 1196, 1194, 1194, 1197, 1199, 1201, 1203, 1206, 1211, 1216, 1218, 1221, 1228, 1234, 1240, 1247, 1253, 1257, 1264, 1273, 1279, 1285, 1295, 1309, 1320, 1332, 1344, 1356, 1369, 1383, 1399, 1410]
[0, 1340, 1326, 1311, 1298, 1288, 1281, 1273, 1268, 1262, 1252, 1243, 1239, 1234, 1229, 1224, 1216, 1211, 1208, 1205, 1204, 1201, 1198, 1197, 1197, 1196, 1195, 1193, 1193, 1195, 1195, 1195, 1197, 1199, 1199, 1201, 1204, 1207, 1211, 1215, 1218, 1224, 1230, 1233, 1240, 1248, 1256, 1262, 1269, 1275, 1279, 1289, 1302, 1312, 1325, 1338, 1350, 1362, 1375, 1390, 1406]
[0, 1338, 1326, 1311, 1298, 1288, 1282, 1273, 1264, 1259, 1252, 1246, 1239, 1232, 1228, 1223, 1216, 1211, 1209, 1204, 1201, 1198, 1198, 1197, 1194, 1191, 1190, 1191, 1193, 1192, 1191, 1193, 1196, 1198, 1200, 1203, 1205, 1208, 1210, 1214, 1220, 1228, 1233, 1237, 1244, 1250, 1255, 1262, 1267, 1275, 1285, 1295, 1305, 1314, 1327, 1341, 1353, 1365, 1379, 1394, 1409]
[0, 1332, 1319, 1305, 1295, 1288, 1280, 1270, 1262, 1255, 1248, 1246, 1237, 1231, 1228, 1227, 1216, 1211, 1212, 1206, 1201, 1200, 1196, 1195, 1194, 1193, 1192, 1191, 1191, 1192, 1194, 1195, 1196, 1197, 1199, 1204, 1206, 1207, 1210, 1215, 1220, 1225, 1231, 1238, 1243, 1250, 1256, 1260, 1270, 1277, 1285, 1292, 1302, 1316, 1331, 1343, 1357, 1369, 1382, 1397, 1409]
[0, 1340, 1328, 1315, 1301, 1290, 1284, 1277, 1268, 1258, 1252, 1246, 1240, 1236, 1229, 1223, 1216, 1212, 1208, 1203, 1201, 1199, 1199, 1198, 1197, 1193, 1192, 1194, 1194, 1191, 1192, 1195, 1197, 1198, 1199, 1200, 1201, 1204, 1210, 1215, 1216, 1220, 1229, 1233, 1236, 1242, 1249, 1258, 1265, 1271, 1279, 1287, 1296, 1306, 1319, 1332, 1344, 1358, 1371, 1383, 1398]
[0, 1338, 1325, 1311, 1298, 1288, 1282, 1273, 1264, 1258, 1249, 1243, 1238, 1232, 1228, 1222, 1215, 1211, 1208, 1204, 1203, 1200, 1197, 1196, 1196, 1194, 1192, 1191, 1192, 1191, 1193, 1192, 1194, 1198, 1200, 1201, 1203, 1205, 1208, 1212, 1217, 1221, 1227, 1233, 1238, 1245, 1251, 1255, 1263, 1272, 1278, 1286, 1298, 1311, 1322, 1334, 1346, 1358, 1370, 1382, 1398]
[0, 1331, 1318, 1305, 1295, 1284, 1276, 1270, 1260, 1253, 1247, 1243, 1236, 1232, 1226, 1220, 1215, 1211, 1211, 1205, 1200, 1199, 1197, 1196, 1194, 1192, 1191, 1190, 1191, 1192, 1191, 1193, 1196, 1198, 1200, 1202, 1204, 1207, 1210, 1214, 1220, 1226, 1232, 1236, 1241, 1247, 1255, 1261, 1267, 1275, 1283, 1290, 1302, 1314, 1327, 1341, 1353, 1363, 1377, 1391, 1404]
[0, 1337, 1325, 1310, 1298, 1288, 1281, 1274, 1264, 1256, 1249, 1244, 1240, 1233, 1228, 1223, 1216, 1211, 1207, 1204, 1202, 1199, 1197, 1195, 1194, 1191, 1191, 1193, 1193, 1191, 1192, 1194, 1195, 1194, 1196, 1199, 1200, 1202, 1205, 1209, 1214, 1220, 1224, 1229, 1237, 1242, 1248, 1258, 1264, 1270, 1279, 1287, 1296, 1307, 1319, 1332, 1344, 1358, 1370, 1383, 1398]
[0, 1331, 1318, 1306, 1295, 1284, 1276, 1269, 1261, 1256, 1254, 1242, 1240, 1228, 1228, 1224, 1220, 1213, 1208, 1205, 1201, 1199, 1197, 1196, 1193, 1191, 1191, 1191, 1192, 1191, 1191, 1192, 1195, 1197, 1196, 1198, 1201, 1203, 1208, 1213, 1219, 1223, 1229, 1236, 1240, 1246, 1254, 1261, 1267, 1275, 1283, 1291, 1302, 1314, 1326, 1340, 1352, 1364, 1378, 1391, 1407]
[0, 1339, 1327, 1314, 1300, 1290, 1281, 1273, 1266, 1257, 1251, 1245, 1240, 1234, 1227, 1223, 1216, 1212, 1208, 1203, 1200, 1198, 1197, 1194, 1193, 1194, 1193, 1191, 1192, 1191, 1191, 1193, 1195, 1197, 1198, 1200, 1201, 1203, 1208, 1211, 1215, 1221, 1226, 1232, 1237, 1244, 1250, 1255, 1263, 1271, 1278, 1286, 1295, 1308, 1318, 1328, 1343, 1358, 1369, 1382, 1398]
[0, 1327, 1314, 1304, 1292, 1281, 1275, 1267, 1258, 1252, 1247, 1242, 1234, 1227, 1221, 1218, 1214, 1208, 1203, 1201, 1198, 1195, 1197, 1193, 1192, 1194, 1195, 1193, 1190, 1190, 1191, 1191, 1192, 1193, 1196, 1201, 1204, 1205, 1206, 1211, 1216, 1220, 1225, 1232, 1238, 1247, 1256, 1264, 1272, 1280, 1288, 1300, 1316, 1325, 1338, 1351, 1361, 1376, 1390, 1407, 1425]
[0, 1335, 1322, 1311, 1299, 1289, 1278, 1270, 1265, 1256, 1250, 1244, 1238, 1233, 1227, 1222, 1216, 1211, 1207, 1202, 1199, 1198, 1194, 1193, 1192, 1190, 1189, 1193, 1188, 1190, 1191, 1190, 1192, 1193, 1195, 1198, 1199, 1202, 1205, 1207, 1212, 1218, 1224, 1230, 1243, 1247, 1250, 1256, 1265, 1287, 1288, 1296, 1320, 1325, 1329, 1356, 1361, 1382, 1390, 1414, 1432]
[0, 1327, 1314, 1304, 1292, 1282, 1275, 1268, 1259, 1252, 1247, 1242, 1234, 1227, 1221, 1218, 1213, 1207, 1202, 1200, 1198, 1196, 1196, 1193, 1191, 1191, 1192, 1192, 1190, 1189, 1189, 1191, 1192, 1193, 1194, 1199, 1201, 1202, 1206, 1211, 1216, 1221, 1229, 1235, 1244, 1252, 1259, 1270, 1275, 1281, 1293, 1306, 1316, 1327, 1339, 1350, 1362, 1377, 1389, 1406, 1424]
[0, 1328, 1314, 1304, 1293, 1283, 1272, 1265, 1259, 1253, 1248, 1241, 1234, 1227, 1223, 1219, 1212, 1206, 1202, 1200, 1197, 1195, 1195, 1193, 1191, 1190, 1188, 1187, 1190, 1191, 1190, 1191, 1192, 1194, 1195, 1198, 1202, 1202, 1205, 1215, 1216, 1227, 1229, 1233, 1250, 1259, 1268, 1270, 1273, 1287, 1300, 1313, 1320, 1327, 1343, 1355, 1362, 1368, 1385, 1415, 1432]
[0, 1328, 1315, 1302, 1291, 1282, 1273, 1266, 1259, 1254, 1247, 1241, 1241, 1227, 1223, 1218, 1212, 1212, 1208, 1204, 1200, 1199, 1194, 1192, 1190, 1189, 1189, 1188, 1190, 1191, 1195, 1200, 1203, 1207, 1210, 1212, 1217, 1224, 1227, 1230, 1234, 1239, 1229, 1252, 1250, 1260, 1268, 1276, 1281, 1290, 1300, 1302, 1320, 1330, 1343, 1355, 1369, 1383, 1398, 1414, 1432]
[0, 1329, 1317, 1307, 1297, 1287, 1277, 1269, 1261, 1255, 1248, 1241, 1235, 1231, 1228, 1226, 1224, 1221, 1219, 1218, 1217, 1213, 1196, 1193, 1190, 1189, 1191, 1190, 1191, 1191, 1192, 1194, 1199, 1203, 1207, 1213, 1219, 1222, 1224, 1228, 1232, 1234, 1240, 1246, 1250, 1255, 1263, 1272, 1276, 1282, 1293, 1301, 1310, 1323, 1332, 1343, 1358, 1372, 1386, 1401, 1417]
[0, 1326, 1312, 1307, 1300, 1290, 1280, 1272, 1264, 1256, 1251, 1246, 1241, 1235, 1231, 1227, 1224, 1223, 1220, 1218, 1217, 1213, 1210, 1209, 1208, 1206, 1206, 1205, 1206, 1207, 1208, 1210, 1208, 1208, 1213, 1215, 1217, 1220, 1224, 1230, 1235, 1238, 1243, 1248, 1254, 1259, 1265, 1274, 1281, 1289, 1299, 1309, 1318, 1328, 1338, 1351, 1367, 1380, 1396, 1414, 1427]
[0, 1336, 1326, 1316, 1306, 1304, 1298, 1285, 1278, 1272, 1264, 1257, 1253, 1249, 1244, 1237, 1231, 1227, 1222, 1218, 1216, 1213, 1213, 1211, 1208, 1207, 1205, 1205, 1206, 1206, 1206, 1208, 1208, 1209, 1211, 1212, 1214, 1217, 1220, 1225, 1230, 1234, 1240, 1246, 1251, 1257, 1264, 1269, 1275, 1283, 1292, 1304, 1312, 1323, 1336, 1345, 1359, 1372, 1386, 1401, 1416]
[0, 1348, 1336, 1324, 1314, 1306, 1299, 1293, 1282, 1274, 1267, 1260, 1255, 1249, 1242, 1237, 1234, 1230, 1222, 1217, 1215, 1213, 1211, 1209, 1206, 1205, 1207, 1208, 1206, 1206, 1209, 1209, 1210, 1210, 1210, 1212, 1218, 1222, 1225, 1227, 1231, 1238, 1243, 1249, 1255, 1260, 1268, 1275, 1280, 1289, 1302, 1311, 1319, 1329, 1339, 1352, 1368, 1382, 1397, 1413, 1430]
[0, 1340, 1333, 1326, 1315, 1303, 1293, 1286, 1279, 1271, 1263, 1257, 1252, 1247, 1243, 1237, 1233, 1230, 1224, 1219, 1216, 1213, 1211, 1209, 1208, 1207, 1206, 1205, 1205, 1207, 1207, 1208, 1209, 1209, 1215, 1216, 1214, 1217, 1220, 1224, 1230, 1234, 1239, 1246, 1250, 1255, 1262, 1267, 1275, 1283, 1292, 1301, 1310, 1319, 1331, 1345, 1360, 1373, 1386, 1401, 1417]
[0, 1339, 1331, 1320, 1309, 1297, 1291, 1284, 1279, 1265, 1260, 1257, 1254, 1249, 1244, 1238, 1234, 1231, 1226, 1221, 1217, 1213, 1211, 1210, 1208, 1208, 1207, 1206, 1206, 1206, 1206, 1206, 1206, 1209, 1211, 1213, 1216, 1219, 1223, 1228, 1233, 1237, 1242, 1245, 1250, 1258, 1265, 1273, 1280, 1287, 1296, 1305, 1313, 1326, 1338, 1351, 1364, 1377, 1391, 1407, 1425]
[0, 1344, 1330, 1321, 1313, 1302, 1293, 1284, 1277, 1268, 1261, 1257, 1252, 1246, 1241, 1237, 1232, 1227, 1222, 1217, 1213, 1211, 1211, 1210, 1208, 1208, 1208, 1208, 1208, 1205, 1206, 1208, 1208, 1210, 1208, 1210, 1215, 1218, 1223, 1227, 1231, 1234, 1240, 1246, 1250, 1255, 1260, 1266, 1273, 1282, 1293, 1301, 1310, 1322, 1331, 1343, 1358, 1372, 1386, 1401, 1417]
[0, 1352, 1340, 1328, 1318, 1307, 1299, 1292, 1282, 1274, 1267, 1259, 1254, 1248, 1242, 1237, 1234, 1230, 1223, 1217, 1215, 1213, 1210, 1210, 1209, 1207, 1208, 1204, 1206, 1206, 1204, 1205, 1207, 1210, 1208, 1210, 1215, 1217, 1220, 1224, 1230, 1234, 1239, 1245, 1250, 1255, 1260, 1266, 1273, 1282, 1292, 1301, 1310, 1322, 1331, 1342, 1355, 1369, 1385, 1400, 1417]
[0, 1351, 1337, 1325, 1315, 1305, 1296, 1288, 1279, 1272, 1264, 1258, 1254, 1249, 1244, 1238, 1232, 1228, 1221, 1216, 1215, 1213, 1211, 1209, 1208, 1207, 1206, 1205, 1205, 1206, 1207, 1207, 1209, 1209, 1210, 1212, 1214, 1217, 1220, 1224, 1229, 1234, 1238, 1245, 1250, 1255, 1262, 1269, 1275, 1282, 1294, 1303, 1313, 1325, 1334, 1347, 1361, 1375, 1389, 1406, 1423]
[0, 1344, 1331, 1322, 1311, 1300, 1294, 1285, 1277, 1271, 1263, 1257, 1252, 1246, 1241, 1237, 1231, 1226, 1222, 1218, 1214, 1211, 1211, 1210, 1208, 1204, 1203, 1206, 1206, 1205, 1206, 1206, 1206, 1209, 1211, 1211, 1214, 1218, 1223, 1227, 1232, 1232, 1238, 1248, 1253, 1258, 1265, 1272, 1279, 1287, 1296, 1305, 1313, 1326, 1338, 1351, 1366, 1379, 1391, 1407, 1425]
[0, 1343, 1330, 1322, 1313, 1302, 1293, 1285, 1277, 1268, 1261, 1256, 1250, 1245, 1239, 1234, 1232, 1227, 1221, 1217, 1214, 1211, 1210, 1209, 1206, 1205, 1206, 1207, 1206, 1206, 1206, 1207, 1209, 1209, 1208, 1209, 1213, 1215, 1217, 1223, 1226, 1230, 1238, 1251, 1253, 1254, 1264, 1272, 1281, 1289, 1301, 1310, 1320, 1329, 1338, 1355, 1369, 1384, 1396, 1411, 1430]
[0, 1345, 1331, 1323, 1314, 1303, 1293, 1287, 1279, 1271, 1264, 1258, 1251, 1247, 1243, 1237, 1233, 1229, 1222, 1217, 1215, 1212, 1210, 1209, 1206, 1206, 1205, 1205, 1206, 1206, 1206, 1207, 1209, 1213, 1208, 1214, 1213, 1215, 1218, 1223, 1226, 1231, 1233, 1239, 1250, 1256, 1264, 1272, 1275, 1281, 1290, 1302, 1312, 1329, 1342, 1356, 1369, 1384, 1401, 1416, 1429]
[0, 1337, 1328, 1320, 1311, 1300, 1291, 1284, 1274, 1266, 1260, 1255, 1250, 1244, 1243, 1235, 1233, 1226, 1222, 1216, 1213, 1212, 1210, 1209, 1207, 1204, 1203, 1205, 1205, 1205, 1206, 1209, 1209, 1209, 1212, 1212, 1213, 1218, 1222, 1226, 1231, 1233, 1235, 1244, 1252, 1258, 1264, 1272, 1279, 1287, 1299, 1309, 1315, 1326, 1337, 1350, 1364, 1378, 1392, 1408, 1425]
[0, 1344, 1331, 1322, 1312, 1300, 1293, 1285, 1278, 1271, 1265, 1258, 1252, 1247, 1242, 1236, 1231, 1226, 1221, 1217, 1216, 1213, 1211, 1210, 1209, 1208, 1207, 1205, 1204, 1205, 1204, 1205, 1207, 1209, 1210, 1212, 1214, 1217, 1219, 1221, 1224, 1230, 1239, 1246, 1250, 1255, 1262, 1268, 1274, 1282, 1291, 1302, 1311, 1319, 1329, 1342, 1356, 1371, 1385, 1400, 1414]
[0, 1346, 1331, 1323, 1314, 1304, 1295, 1287, 1279, 1271, 1264, 1257, 1253, 1249, 1242, 1236, 1230, 1226, 1221, 1216, 1215, 1212, 1210, 1208, 1206, 1205, 1206, 1205, 1204, 1205, 1208, 1208, 1209, 1209, 1211, 1213, 1215, 1218, 1223, 1227, 1232, 1238, 1243, 1245, 1251, 1260, 1267, 1274, 1280, 1288, 1299, 1307, 1315, 1328, 1338, 1352, 1367, 1381, 1394, 1408, 1426]
[0, 1350, 1337, 1325, 1316, 1308, 1298, 1287, 1279, 1270, 1263, 1259, 1253, 1248, 1242, 1237, 1232, 1228, 1222, 1217, 1215, 1213, 1210, 1209, 1207, 1206, 1205, 1205, 1205, 1204, 1205, 1205, 1206, 1209, 1210, 1211, 1214, 1218, 1222, 1227, 1232, 1235, 1238, 1245, 1252, 1257, 1264, 1272, 1279, 1287, 1294, 1303, 1313, 1325, 1337, 1350, 1364, 1378, 1392, 1407, 1424]
[0, 1339, 1330, 1321, 1311, 1300, 1291, 1284, 1274, 1265, 1260, 1255, 1246, 1241, 1238, 1234, 1230, 1228, 1226, 1216, 1215, 1213, 1210, 1208, 1207, 1207, 1206, 1205, 1204, 1206, 1206, 1204, 1206, 1209, 1210, 1212, 1214, 1217, 1220, 1224, 1229, 1233, 1238, 1245, 1250, 1255, 1262, 1267, 1275, 1283, 1292, 1301, 1310, 1320, 1332, 1345, 1359, 1373, 1386, 1400, 1416]
[0, 1350, 1337, 1325, 1315, 1306, 1297, 1286, 1279, 1273, 1265, 1258, 1253, 1247, 1241, 1236, 1231, 1228, 1222, 1217, 1215, 1212, 1210, 1208, 1207, 1207, 1206, 1204, 1204, 1205, 1204, 1204, 1204, 1208, 1209, 1211, 1213, 1215, 1217, 1221, 1225, 1230, 1235, 1242, 1251, 1255, 1264, 1267, 1274, 1289, 1292, 1300, 1318, 1320, 1340, 1355, 1368, 1382, 1395, 1410, 1428]
