[0, 0, 0, 0, 0, 0, 0, 0, 0, 0, 0, 0, 0, 0, 0, 0, 0, 0, 0, 0, 0, 0, 0, 0, 0, 0, 0, 0, 0, 0, 0, 0, 0, 0, 0, 0, 0, 0, 0, 0, 0, 0, 0, 0, 0, 0, 0, 0, 0, 0, 0, 0, 0, 0, 0, 0, 0, 0, 0, 0, 0]
[0, 551, 543, 542, 538, 534, 532, 528, 526, 523, 520, 517, 515, 513, 510, 508, 507, 505, 503, 502, 501, 500, 499, 499, 498, 498, 497, 497, 498, 498, 498, 498, 499, 500, 501, 503, 503, 505, 507, 509, 511, 513, 515, 518, 520, 523, 526, 530, 534, 537, 541, 546, 550, 555, 560, 564, 570, 577, 584, 591, 598]
[0, 549, 544, 540, 537, 532, 532, 526, 523, 523, 520, 518, 515, 512, 511, 509, 507, 506, 505, 503, 502, 501, 500, 499, 498, 498, 497, 497, 498, 498, 498, 498, 499, 500, 501, 503, 503, 505, 507, 509, 511, 512, 514, 517, 520, 523, 526, 530, 533, 537, 541, 545, 550, 554, 559, 564, 569, 576, 583, 589, 596]
[0, 550, 545, 541, 537, 534, 530, 527, 524, 522, 519, 516, 513, 511, 511, 509, 507, 504, 505, 503, 502, 501, 500, 499, 499, 498, 498, 497, 498, 498, 498, 498, 499, 500, 501, 502, 504, 507, 507, 510, 512, 513, 514, 516, 519, 522, 528, 530, 531, 536, 540, 543, 547, 553, 558, 563, 568, 574, 581, 587, 594]
[0, 547, 545, 542, 538, 535, 531, 528, 525, 522, 519, 516, 514, 512, 510, 508, 506, 504, 503, 502, 501, 500, 499, 499, 498, 497, 497, 497, 498, 498, 498, 499, 499, 500, 502, 504, 505, 506, 508, 509, 511, 513, 516, 516, 521, 524, 529, 533, 535, 539, 543, 543, 547, 558, 562, 566, 573, 574, 580, 587, 594]
[0, 550, 545, 541, 537, 534, 530, 527, 524, 522, 519, 516, 513, 511, 510, 507, 506, 505, 504, 503, 502, 501, 500, 499, 498, 498, 497, 498, 498, 498, 498, 499, 499, 500, 501, 503, 504, 505, 507, 509, 511, 512, 514, 517, 520, 523, 526, 530, 533, 537, 541, 546, 550, 555, 560, 564, 569, 577, 584, 590, 596]
[0, 546, 543, 541, 538, 535, 532, 528, 526, 523, 519, 517, 515, 512, 510, 508, 507, 505, 503, 502, 501, 500, 499, 499, 498, 497, 497, 497, 498, 498, 498, 499, 499, 500, 502, 504, 505, 506, 507, 509, 511, 513, 515, 518, 521, 524, 527, 531, 534, 538, 542, 546, 552, 556, 560, 566, 573, 580, 586, 591, 597]
[0, 549, 545, 541, 537, 533, 530, 526, 524, 521, 519, 518, 513, 512, 511, 509, 507, 505, 505, 504, 502, 501, 500, 499, 498, 498, 497, 497, 498, 498, 498, 499, 499, 500, 501, 502, 503, 505, 507, 509, 511, 512, 514, 517, 520, 523, 526, 530, 533, 537, 541, 545, 550, 555, 559, 564, 569, 576, 582, 589, 596]
[0, 550, 546, 542, 537, 534, 531, 527, 524, 522, 519, 516, 514, 511, 510, 508, 506, 504, 503, 502, 501, 501, 499, 499, 497, 496, 497, 497, 498, 498, 498, 499, 499, 500, 502, 504, 504, 506, 507, 510, 512, 513, 515, 518, 521, 524, 529, 533, 535, 539, 543, 545, 547, 552, 561, 564, 566, 580, 587, 593, 596]
[0, 554, 550, 546, 543, 539, 535, 532, 529, 526, 523, 521, 519, 511, 516, 514, 513, 510, 503, 509, 508, 507, 506, 505, 498, 498, 498, 498, 498, 498, 497, 498, 499, 500, 501, 503, 504, 505, 508, 509, 510, 513, 515, 518, 521, 523, 526, 530, 534, 537, 541, 546, 550, 555, 560, 564, 570, 578, 585, 591, 598]
[0, 557, 552, 548, 545, 541, 538, 534, 532, 530, 526, 521, 524, 522, 520, 517, 515, 515, 513, 511, 510, 510, 509, 509, 505, 504, 503, 503, 504, 503, 504, 506, 506, 506, 507, 509, 510, 512, 514, 515, 517, 520, 523, 525, 528, 531, 534, 538, 542, 546, 549, 554, 559, 564, 569, 575, 581, 587, 594, 600, 608]
[0, 557, 553, 548, 544, 541, 538, 537, 534, 532, 530, 526, 524, 521, 520, 517, 515, 514, 512, 511, 511, 510, 509, 509, 508, 507, 507, 507, 508, 508, 508, 509, 509, 510, 511, 513, 515, 516, 518, 521, 523, 524, 527, 530, 533, 536, 539, 543, 547, 551, 556, 560, 564, 569, 575, 575, 587, 587, 594, 608, 614]
[0, 557, 553, 548, 544, 540, 537, 537, 532, 532, 530, 526, 523, 521, 519, 517, 515, 514, 512, 511, 511, 510, 509, 509, 509, 508, 507, 507, 508, 508, 508, 509, 510, 510, 511, 513, 515, 516, 518, 521, 522, 524, 527, 530, 534, 537, 539, 544, 547, 548, 552, 556, 560, 565, 570, 576, 582, 589, 596, 601, 608]
[0, 557, 552, 548, 544, 541, 538, 534, 532, 532, 529, 526, 521, 521, 520, 518, 516, 514, 513, 511, 510, 510, 509, 509, 508, 508, 507, 507, 508, 509, 509, 509, 510, 510, 511, 513, 515, 516, 518, 521, 522, 525, 527, 530, 533, 537, 540, 544, 543, 547, 552, 560, 560, 565, 570, 576, 582, 596, 601, 601, 608]
[0, 560, 557, 553, 549, 545, 542, 538, 535, 533, 531, 528, 525, 523, 521, 519, 518, 517, 514, 513, 512, 511, 511, 509, 508, 507, 507, 507, 508, 508, 508, 509, 509, 510, 511, 513, 515, 516, 518, 520, 522, 524, 527, 530, 533, 536, 539, 543, 547, 551, 552, 559, 564, 569, 575, 581, 587, 594, 601, 607, 614]
[0, 558, 557, 550, 549, 543, 542, 539, 537, 534, 531, 528, 526, 524, 522, 520, 518, 516, 515, 514, 513, 512, 512, 511, 510, 509, 507, 510, 511, 508, 510, 511, 512, 513, 514, 515, 517, 519, 521, 523, 525, 527, 529, 532, 535, 538, 541, 544, 549, 553, 557, 561, 565, 571, 577, 583, 588, 594, 601, 609, 615]
[0, 559, 554, 551, 547, 543, 540, 537, 534, 532, 529, 526, 526, 525, 523, 521, 519, 516, 515, 514, 513, 511, 511, 511, 511, 511, 510, 510, 510, 510, 510, 511, 513, 514, 514, 516, 518, 520, 521, 522, 524, 528, 529, 531, 534, 541, 541, 544, 548, 552, 556, 560, 564, 569, 575, 581, 587, 593, 600, 607, 614]
[0, 561, 557, 553, 549, 545, 542, 539, 535, 533, 531, 528, 525, 523, 521, 519, 518, 517, 514, 513, 512, 511, 511, 511, 510, 510, 510, 510, 509, 510, 511, 511, 512, 513, 515, 516, 518, 520, 521, 522, 524, 528, 529, 532, 536, 540, 543, 546, 551, 552, 557, 563, 568, 574, 580, 581, 586, 598, 600, 613, 620]
[0, 560, 557, 553, 549, 545, 542, 540, 537, 533, 531, 528, 526, 524, 522, 521, 518, 517, 514, 515, 514, 511, 514, 513, 510, 510, 510, 510, 509, 510, 510, 511, 512, 513, 514, 515, 517, 519, 521, 523, 525, 527, 529, 532, 535, 538, 541, 545, 549, 553, 557, 561, 565, 571, 577, 583, 589, 594, 601, 609, 615]
[0, 560, 556, 552, 548, 545, 543, 538, 535, 533, 530, 528, 526, 526, 524, 521, 519, 518, 516, 515, 515, 514, 514, 513, 512, 512, 511, 511, 511, 512, 512, 513, 514, 515, 516, 518, 520, 522, 523, 524, 526, 529, 532, 535, 538, 541, 545, 548, 552, 556, 560, 565, 570, 575, 581, 587, 593, 599, 606, 613, 619]
[0, 567, 559, 552, 555, 551, 548, 545, 542, 538, 536, 534, 532, 529, 527, 526, 525, 523, 521, 520, 519, 519, 518, 513, 511, 510, 510, 511, 512, 512, 512, 512, 513, 515, 515, 516, 518, 521, 524, 526, 527, 529, 532, 535, 538, 541, 545, 550, 554, 556, 561, 565, 570, 575, 581, 587, 593, 600, 606, 613, 620]
[0, 569, 564, 561, 558, 554, 550, 547, 545, 542, 538, 535, 534, 532, 530, 528, 526, 524, 523, 522, 522, 521, 520, 517, 516, 514, 514, 515, 516, 516, 517, 512, 519, 520, 522, 523, 525, 521, 527, 529, 530, 533, 538, 535, 540, 543, 547, 550, 556, 559, 562, 566, 571, 577, 583, 589, 595, 601, 607, 614, 621]
[0, 571, 566, 562, 559, 557, 553, 550, 547, 544, 541, 538, 534, 535, 530, 533, 531, 529, 527, 526, 525, 524, 524, 524, 516, 519, 519, 519, 516, 520, 521, 522, 519, 522, 524, 525, 527, 529, 531, 533, 535, 537, 539, 542, 545, 549, 552, 556, 559, 563, 568, 573, 579, 583, 589, 595, 601, 607, 613, 621, 629]
[0, 571, 569, 566, 559, 563, 559, 556, 553, 550, 548, 545, 543, 541, 539, 537, 535, 533, 532, 532, 530, 530, 529, 524, 523, 522, 523, 523, 522, 523, 523, 523, 524, 526, 527, 529, 532, 533, 534, 536, 539, 541, 543, 546, 549, 553, 556, 560, 564, 568, 573, 578, 583, 588, 593, 600, 606, 613, 620, 627, 635]
[0, 579, 575, 570, 567, 564, 560, 557, 555, 552, 549, 547, 545, 543, 541, 539, 537, 535, 532, 534, 533, 530, 532, 528, 528, 527, 526, 526, 527, 528, 529, 529, 530, 531, 533, 535, 537, 539, 540, 536, 544, 541, 550, 546, 552, 558, 563, 566, 570, 575, 580, 578, 586, 591, 595, 601, 614, 620, 627, 627, 644]
[0, 585, 581, 575, 571, 568, 565, 562, 559, 557, 554, 547, 552, 550, 548, 545, 543, 542, 541, 540, 539, 539, 538, 537, 528, 531, 531, 526, 531, 531, 532, 532, 533, 534, 536, 538, 539, 541, 542, 545, 547, 550, 552, 555, 558, 560, 564, 568, 572, 576, 581, 586, 591, 597, 602, 607, 613, 620, 628, 636, 643]
[0, 588, 583, 579, 571, 576, 573, 568, 564, 562, 560, 557, 555, 553, 551, 549, 547, 546, 544, 543, 543, 542, 542, 537, 537, 536, 536, 536, 536, 536, 537, 538, 540, 541, 542, 544, 545, 547, 549, 551, 553, 555, 558, 561, 564, 567, 571, 576, 580, 585, 589, 594, 599, 605, 611, 617, 623, 630, 638, 645, 653]
[0, 590, 584, 580, 577, 573, 569, 566, 563, 562, 560, 558, 555, 553, 551, 550, 547, 547, 546, 545, 544, 544, 543, 542, 540, 539, 539, 539, 540, 540, 541, 542, 543, 544, 545, 547, 549, 550, 553, 555, 557, 559, 562, 565, 568, 571, 575, 581, 585, 589, 594, 594, 603, 605, 614, 620, 628, 635, 643, 650, 657]
[0, 593, 589, 585, 577, 581, 573, 570, 563, 567, 564, 561, 560, 558, 556, 555, 552, 551, 550, 549, 548, 547, 546, 546, 541, 540, 540, 540, 540, 541, 542, 544, 545, 546, 547, 549, 550, 552, 553, 556, 558, 560, 563, 566, 569, 573, 578, 582, 586, 590, 594, 600, 605, 610, 615, 622, 629, 637, 644, 651, 659]
[0, 597, 594, 590, 585, 581, 578, 570, 571, 569, 564, 566, 564, 562, 560, 558, 556, 555, 554, 553, 552, 551, 550, 549, 545, 544, 544, 545, 545, 545, 546, 547, 549, 550, 551, 553, 555, 556, 557, 560, 562, 564, 567, 570, 575, 579, 583, 586, 590, 595, 599, 604, 609, 615, 622, 629, 636, 643, 650, 658, 666]
[0, 610, 606, 601, 597, 594, 590, 587, 583, 581, 578, 575, 573, 571, 569, 567, 566, 565, 563, 561, 560, 560, 560, 549, 548, 549, 548, 548, 549, 549, 550, 551, 553, 554, 555, 556, 557, 559, 561, 563, 565, 568, 571, 574, 578, 583, 585, 588, 593, 596, 601, 607, 612, 618, 623, 629, 637, 644, 651, 658, 667]
[0, 610, 605, 601, 597, 593, 590, 587, 584, 581, 578, 575, 573, 571, 569, 567, 566, 565, 564, 562, 561, 560, 560, 560, 548, 559, 559, 559, 549, 559, 560, 561, 562, 563, 564, 565, 567, 568, 570, 572, 575, 578, 581, 584, 587, 590, 594, 598, 603, 606, 611, 616, 622, 628, 635, 641, 647, 654, 661, 669, 676]
[0, 612, 608, 604, 600, 596, 593, 590, 587, 584, 581, 579, 578, 576, 569, 572, 566, 570, 569, 568, 566, 565, 565, 565, 559, 558, 558, 559, 559, 559, 559, 561, 563, 564, 565, 565, 567, 568, 570, 573, 576, 579, 582, 586, 589, 592, 595, 599, 604, 608, 612, 617, 623, 628, 635, 642, 649, 655, 662, 670, 678]
[0, 624, 620, 615, 611, 608, 593, 600, 598, 596, 581, 593, 591, 589, 587, 585, 583, 581, 580, 579, 578, 577, 576, 565, 564, 564, 564, 564, 564, 564, 565, 566, 568, 569, 570, 571, 573, 575, 577, 580, 582, 584, 587, 591, 594, 597, 600, 604, 609, 613, 618, 624, 631, 636, 643, 648, 655, 662, 669, 677, 685]
[0, 628, 623, 619, 615, 611, 606, 603, 600, 598, 594, 592, 590, 588, 586, 584, 582, 581, 579, 578, 578, 578, 577, 576, 575, 574, 575, 575, 576, 576, 577, 579, 580, 581, 583, 584, 586, 588, 590, 592, 595, 597, 600, 604, 606, 610, 614, 618, 622, 627, 633, 639, 645, 651, 657, 663, 670, 677, 685, 694, 703]
[0, 628, 623, 619, 615, 611, 606, 603, 600, 597, 594, 592, 590, 588, 586, 584, 582, 581, 579, 578, 578, 578, 577, 575, 574, 575, 575, 576, 576, 576, 576, 577, 578, 581, 583, 584, 586, 588, 590, 592, 592, 595, 601, 604, 604, 607, 610, 614, 619, 624, 636, 639, 642, 647, 659, 663, 666, 672, 680, 688, 696]
[0, 632, 627, 622, 617, 614, 611, 606, 602, 601, 598, 596, 593, 591, 590, 589, 587, 585, 584, 582, 580, 580, 581, 575, 575, 575, 575, 575, 576, 576, 578, 578, 580, 581, 583, 583, 586, 588, 588, 590, 592, 595, 601, 604, 604, 607, 610, 614, 624, 629, 636, 635, 647, 647, 652, 665, 666, 680, 680, 687, 696]
[0, 632, 627, 622, 618, 614, 610, 607, 604, 601, 598, 596, 593, 592, 590, 588, 587, 585, 584, 583, 582, 581, 580, 580, 579, 579, 575, 580, 580, 581, 582, 578, 583, 584, 586, 586, 590, 593, 588, 596, 592, 602, 601, 608, 604, 611, 615, 618, 623, 628, 634, 640, 646, 651, 657, 663, 670, 677, 685, 693, 702]
[0, 647, 643, 638, 633, 629, 626, 622, 619, 601, 616, 614, 612, 610, 608, 606, 604, 603, 602, 600, 599, 599, 598, 580, 580, 579, 580, 580, 581, 582, 582, 583, 584, 585, 587, 588, 589, 591, 593, 595, 597, 599, 602, 606, 609, 612, 616, 620, 625, 631, 636, 643, 648, 653, 659, 666, 672, 679, 687, 695, 703]
[0, 654, 650, 646, 640, 637, 632, 627, 624, 622, 619, 617, 614, 612, 610, 608, 607, 605, 604, 603, 602, 601, 601, 597, 597, 596, 596, 597, 598, 599, 600, 598, 599, 603, 604, 606, 607, 609, 611, 613, 615, 618, 621, 625, 629, 633, 638, 643, 648, 652, 658, 663, 669, 675, 682, 690, 697, 704, 711, 719, 728]
[0, 653, 648, 644, 639, 634, 630, 627, 624, 621, 618, 615, 614, 614, 610, 608, 608, 606, 604, 603, 603, 601, 600, 600, 600, 600, 600, 600, 598, 599, 602, 601, 601, 604, 604, 609, 607, 613, 611, 615, 617, 623, 626, 629, 634, 633, 644, 643, 648, 659, 658, 669, 669, 675, 689, 690, 704, 704, 711, 719, 736]
[0, 651, 647, 644, 643, 633, 630, 630, 627, 622, 620, 618, 616, 614, 611, 609, 607, 605, 604, 604, 603, 601, 601, 601, 601, 600, 600, 600, 598, 599, 602, 603, 601, 602, 606, 610, 611, 612, 614, 616, 619, 621, 625, 629, 632, 637, 642, 646, 651, 656, 661, 667, 673, 679, 686, 693, 701, 708, 715, 723, 732]
[0, 661, 656, 651, 647, 643, 639, 630, 632, 629, 620, 627, 624, 621, 619, 617, 616, 613, 612, 611, 610, 610, 609, 601, 601, 600, 600, 600, 598, 598, 602, 600, 600, 604, 607, 609, 611, 613, 615, 617, 620, 623, 626, 630, 633, 637, 643, 648, 652, 658, 663, 668, 675, 681, 687, 695, 703, 710, 717, 725, 735]
[0, 675, 669, 663, 658, 654, 651, 648, 645, 643, 640, 637, 634, 631, 629, 627, 625, 623, 622, 622, 619, 611, 609, 601, 600, 600, 599, 599, 597, 595, 598, 600, 599, 599, 605, 614, 619, 622, 625, 627, 630, 633, 637, 640, 644, 648, 652, 658, 663, 668, 673, 679, 686, 693, 699, 707, 714, 720, 729, 738, 747]
[0, 683, 678, 674, 669, 665, 661, 658, 656, 643, 649, 647, 645, 631, 643, 640, 638, 636, 634, 634, 628, 613, 600, 601, 597, 597, 594, 591, 590, 589, 591, 595, 594, 594, 598, 608, 623, 632, 635, 637, 640, 644, 646, 650, 654, 657, 662, 668, 673, 677, 683, 690, 696, 703, 709, 716, 724, 732, 740, 748, 757]
[0, 683, 678, 674, 669, 665, 662, 659, 656, 643, 653, 650, 647, 645, 643, 640, 639, 637, 635, 634, 624, 609, 599, 594, 592, 590, 587, 584, 584, 586, 586, 583, 584, 591, 601, 614, 0, 644, 646, 649, 652, 654, 658, 662, 666, 671, 675, 680, 686, 693, 698, 704, 711, 716, 723, 730, 737, 745, 755, 764, 774]
[0, 689, 684, 678, 675, 670, 665, 662, 660, 657, 654, 652, 649, 646, 645, 642, 641, 637, 640, 639, 631, 0, 600, 590, 588, 590, 585, 583, 584, 585, 586, 584, 584, 591, 601, 615, 0, 646, 647, 650, 653, 657, 659, 663, 668, 672, 676, 682, 687, 693, 700, 706, 711, 717, 723, 731, 740, 747, 756, 767, 775]
[0, 689, 682, 678, 674, 670, 670, 665, 662, 659, 656, 653, 652, 649, 647, 645, 643, 641, 640, 639, 0, 605, 597, 592, 590, 588, 585, 585, 585, 589, 594, 588, 583, 590, 600, 615, 0, 0, 650, 652, 655, 659, 661, 666, 670, 674, 679, 684, 689, 694, 700, 708, 714, 718, 725, 734, 742, 751, 760, 768, 778]
[0, 704, 699, 694, 689, 684, 680, 677, 675, 659, 669, 653, 666, 661, 659, 645, 656, 655, 654, 653, 0, 609, 595, 590, 587, 586, 585, 586, 593, 603, 608, 588, 586, 593, 602, 0, 0, 650, 652, 655, 658, 660, 664, 668, 672, 677, 682, 687, 692, 698, 705, 711, 716, 723, 730, 738, 746, 755, 764, 773, 781]
[0, 705, 700, 696, 691, 686, 682, 679, 676, 673, 671, 668, 665, 662, 660, 658, 655, 655, 655, 0, 0, 0, 596, 590, 587, 0, 650, 652, 653, 653, 652, 0, 582, 591, 600, 0, 0, 0, 665, 668, 671, 674, 678, 682, 688, 693, 697, 702, 707, 712, 718, 723, 730, 737, 745, 754, 763, 770, 778, 789, 799]
[0, 712, 706, 701, 696, 693, 689, 684, 682, 678, 675, 673, 671, 668, 665, 663, 662, 655, 659, 0, 0, 0, 595, 590, 587, 0, 651, 651, 0, 654, 655, 0, 580, 588, 597, 0, 0, 0, 665, 668, 670, 674, 678, 682, 687, 693, 697, 702, 707, 712, 718, 724, 730, 738, 745, 753, 761, 769, 777, 786, 796]
[0, 725, 719, 714, 710, 706, 703, 700, 696, 692, 689, 687, 683, 681, 665, 680, 677, 674, 659, 673, 0, 0, 591, 590, 587, 0, 655, 655, 656, 658, 658, 0, 578, 586, 597, 0, 0, 0, 671, 674, 676, 680, 683, 688, 693, 697, 702, 708, 713, 718, 724, 731, 737, 744, 751, 759, 767, 775, 784, 794, 804]
[0, 723, 718, 714, 710, 706, 702, 699, 696, 692, 688, 685, 683, 683, 681, 678, 676, 675, 674, 672, 0, 0, 591, 581, 0, 668, 669, 669, 669, 671, 672, 0, 579, 587, 598, 0, 0, 0, 687, 690, 693, 697, 701, 705, 709, 713, 718, 722, 729, 735, 742, 749, 756, 763, 770, 779, 787, 795, 805, 814, 824]
[0, 732, 726, 721, 717, 713, 710, 706, 703, 700, 697, 694, 683, 689, 686, 684, 682, 675, 681, 680, 0, 0, 591, 580, 0, 668, 669, 669, 669, 671, 0, 569, 580, 588, 599, 0, 0, 0, 686, 689, 693, 697, 701, 705, 709, 713, 718, 723, 729, 735, 742, 749, 757, 764, 771, 779, 787, 795, 804, 814, 824]
[0, 731, 724, 721, 719, 715, 712, 709, 705, 702, 699, 697, 694, 690, 688, 686, 683, 682, 680, 680, 0, 0, 587, 580, 0, 673, 675, 676, 677, 678, 0, 572, 580, 587, 597, 0, 0, 0, 696, 698, 702, 706, 709, 712, 716, 721, 727, 732, 737, 744, 751, 757, 764, 771, 779, 787, 796, 805, 814, 823, 832]
[0, 749, 744, 738, 733, 729, 724, 720, 717, 714, 712, 709, 706, 703, 702, 700, 698, 697, 695, 695, 0, 0, 0, 586, 0, 676, 676, 677, 678, 679, 0, 0, 575, 582, 590, 601, 0, 0, 696, 699, 702, 706, 710, 714, 718, 722, 728, 734, 740, 746, 753, 761, 767, 774, 782, 790, 799, 808, 817, 826, 835]
[0, 749, 744, 739, 733, 729, 724, 720, 717, 714, 711, 709, 706, 703, 702, 700, 698, 696, 695, 695, 0, 0, 0, 586, 575, 676, 0, 693, 695, 679, 0, 571, 577, 583, 592, 601, 0, 0, 711, 713, 717, 0, 725, 730, 733, 738, 745, 752, 740, 758, 764, 776, 767, 792, 800, 809, 817, 826, 834, 845, 856]
[0, 763, 757, 752, 746, 742, 738, 720, 731, 714, 728, 725, 722, 719, 717, 716, 713, 711, 710, 709, 708, 0, 0, 586, 576, 676, 0, 693, 694, 679, 0, 570, 576, 583, 592, 603, 0, 0, 711, 713, 717, 720, 725, 730, 734, 738, 745, 752, 758, 764, 770, 776, 783, 792, 799, 808, 818, 826, 834, 844, 856]
[0, 765, 758, 753, 749, 745, 740, 735, 732, 729, 726, 723, 719, 716, 715, 714, 712, 710, 709, 708, 0, 0, 0, 581, 574, 572, 0, 708, 0, 569, 573, 576, 582, 590, 598, 0, 0, 722, 726, 730, 732, 735, 739, 744, 750, 754, 759, 765, 771, 777, 784, 791, 799, 807, 816, 824, 831, 840, 851, 861, 870]
[0, 787, 780, 775, 770, 766, 762, 758, 755, 752, 748, 744, 741, 738, 736, 734, 733, 732, 730, 708, 729, 0, 0, 585, 577, 0, 708, 708, 0, 567, 572, 575, 578, 586, 595, 607, 0, 719, 725, 728, 735, 735, 739, 743, 748, 753, 758, 765, 770, 775, 783, 790, 796, 804, 813, 820, 828, 836, 846, 858, 867]
[0, 787, 783, 777, 771, 767, 763, 760, 756, 753, 750, 747, 743, 740, 738, 736, 735, 733, 732, 730, 728, 0, 0, 590, 580, 575, 571, 568, 570, 574, 576, 579, 584, 590, 597, 607, 0, 0, 750, 753, 756, 760, 765, 768, 773, 778, 784, 790, 797, 804, 810, 816, 824, 831, 837, 847, 859, 868, 876, 885, 893]
[0, 784, 778, 777, 773, 767, 760, 760, 757, 753, 750, 747, 744, 741, 738, 736, 734, 733, 731, 730, 729, 0, 0, 583, 577, 573, 571, 571, 573, 575, 576, 578, 582, 592, 0, 0, 739, 746, 750, 755, 758, 762, 766, 770, 775, 780, 787, 794, 800, 806, 812, 820, 827, 834, 843, 852, 862, 870, 878, 888, 898]
[0, 787, 780, 775, 770, 765, 761, 757, 753, 750, 748, 744, 741, 739, 738, 735, 734, 733, 732, 730, 729, 0, 0, 583, 578, 573, 573, 571, 574, 574, 576, 581, 586, 592, 602, 0, 736, 746, 750, 755, 758, 761, 765, 769, 775, 781, 787, 793, 799, 806, 812, 819, 826, 833, 841, 852, 861, 869, 878, 887, 897]
[0, 810, 805, 799, 794, 788, 784, 780, 776, 773, 770, 767, 765, 762, 760, 757, 755, 754, 752, 751, 750, 0, 0, 591, 579, 575, 572, 569, 570, 575, 576, 579, 584, 590, 598, 0, 0, 746, 750, 753, 757, 761, 765, 768, 773, 779, 784, 791, 797, 804, 810, 816, 824, 831, 838, 848, 859, 868, 876, 885, 894]
[0, 813, 809, 803, 796, 791, 788, 785, 781, 773, 775, 767, 772, 769, 767, 765, 763, 762, 760, 759, 759, 0, 0, 591, 585, 580, 576, 573, 574, 575, 576, 579, 583, 588, 0, 0, 768, 772, 776, 780, 783, 789, 796, 801, 806, 811, 818, 825, 830, 835, 843, 852, 859, 867, 876, 884, 894, 904, 913, 924, 936]
[0, 833, 827, 822, 816, 812, 807, 802, 799, 796, 792, 791, 788, 785, 783, 781, 779, 777, 776, 775, 774, 0, 0, 0, 583, 578, 576, 574, 575, 575, 575, 581, 586, 588, 0, 0, 0, 774, 779, 783, 787, 792, 797, 801, 806, 811, 818, 823, 829, 835, 843, 850, 858, 866, 873, 880, 890, 900, 910, 920, 930]
[0, 831, 826, 821, 815, 811, 808, 803, 799, 795, 792, 790, 787, 784, 782, 781, 779, 777, 776, 775, 774, 0, 0, 0, 586, 582, 578, 573, 574, 575, 575, 579, 582, 588, 0, 0, 792, 796, 800, 804, 808, 812, 817, 823, 827, 831, 836, 844, 852, 859, 868, 872, 878, 886, 894, 904, 914, 924, 934, 945, 957]
[0, 828, 826, 823, 819, 814, 809, 804, 800, 797, 794, 791, 788, 786, 784, 782, 780, 778, 777, 775, 775, 0, 0, 0, 586, 581, 577, 575, 575, 574, 576, 579, 584, 588, 0, 0, 781, 795, 797, 800, 805, 809, 813, 819, 825, 829, 834, 840, 847, 855, 862, 868, 875, 882, 889, 897, 907, 919, 928, 938, 949]
[0, 841, 834, 829, 825, 821, 816, 812, 808, 805, 803, 800, 797, 794, 792, 790, 789, 788, 786, 785, 784, 0, 0, 0, 584, 581, 578, 573, 573, 574, 575, 577, 582, 588, 0, 0, 0, 796, 799, 803, 807, 812, 817, 822, 827, 832, 836, 843, 851, 858, 867, 873, 878, 885, 894, 904, 915, 926, 935, 944, 955]
[0, 839, 833, 828, 824, 820, 815, 811, 807, 804, 802, 800, 796, 794, 794, 791, 789, 789, 786, 786, 785, 784, 0, 592, 586, 581, 577, 575, 575, 574, 576, 579, 584, 588, 0, 792, 0, 803, 807, 812, 815, 820, 825, 829, 833, 839, 844, 850, 857, 866, 872, 877, 883, 890, 900, 910, 920, 930, 939, 950, 963]
[0, 873, 867, 863, 857, 851, 846, 842, 838, 835, 832, 829, 827, 825, 822, 820, 819, 818, 816, 815, 815, 784, 0, 591, 586, 581, 576, 574, 575, 575, 577, 581, 584, 588, 0, 0, 800, 804, 807, 811, 816, 821, 826, 830, 835, 840, 845, 853, 860, 866, 871, 878, 886, 894, 902, 910, 921, 933, 941, 951, 965]
[0, 886, 880, 875, 869, 865, 861, 857, 853, 849, 845, 841, 838, 836, 834, 831, 831, 830, 829, 828, 829, 828, 0, 0, 589, 585, 581, 577, 577, 578, 578, 580, 584, 588, 0, 830, 833, 837, 841, 845, 850, 856, 862, 868, 871, 877, 882, 888, 895, 902, 910, 918, 926, 934, 943, 953, 965, 977, 988, 999, 1011]
[0, 890, 883, 878, 874, 870, 866, 857, 862, 855, 845, 852, 848, 845, 844, 841, 838, 837, 836, 836, 835, 834, 0, 0, 593, 588, 584, 578, 576, 579, 581, 584, 584, 588, 0, 841, 845, 851, 855, 860, 865, 869, 872, 877, 882, 887, 893, 900, 908, 917, 924, 932, 939, 946, 955, 967, 980, 991, 1001, 1013, 1025]
[0, 900, 894, 889, 883, 878, 874, 872, 862, 869, 866, 862, 859, 856, 854, 852, 851, 849, 848, 847, 847, 846, 0, 0, 596, 586, 584, 581, 581, 579, 583, 585, 584, 588, 0, 849, 855, 859, 863, 866, 871, 876, 879, 885, 890, 895, 902, 908, 915, 923, 931, 939, 946, 954, 965, 978, 988, 998, 1009, 1021, 1034]
[0, 900, 894, 889, 883, 878, 874, 872, 869, 866, 862, 859, 859, 857, 855, 852, 850, 849, 847, 847, 847, 846, 0, 597, 591, 586, 587, 584, 586, 579, 586, 588, 584, 0, 0, 864, 867, 870, 872, 875, 879, 884, 889, 895, 900, 906, 913, 921, 929, 936, 942, 949, 958, 969, 979, 990, 1000, 1010, 1021, 1033, 1047]
[0, 915, 909, 903, 897, 892, 888, 883, 879, 877, 874, 872, 870, 868, 866, 862, 850, 861, 863, 862, 861, 861, 0, 597, 591, 590, 586, 584, 586, 586, 586, 588, 584, 0, 0, 863, 867, 870, 872, 875, 880, 884, 888, 895, 900, 906, 913, 920, 929, 936, 942, 949, 958, 968, 979, 990, 1000, 1009, 1020, 1033, 1047]
[0, 925, 919, 913, 907, 901, 896, 892, 890, 886, 883, 880, 878, 876, 874, 862, 872, 870, 870, 870, 861, 869, 0, 601, 595, 591, 589, 584, 591, 586, 593, 588, 584, 0, 0, 876, 879, 881, 885, 890, 895, 899, 904, 910, 916, 923, 930, 937, 944, 950, 958, 966, 976, 988, 998, 1007, 1018, 1031, 1042, 1054, 1069]
[0, 938, 932, 925, 920, 915, 911, 906, 901, 896, 893, 880, 888, 886, 874, 884, 882, 881, 880, 870, 879, 879, 0, 601, 595, 592, 591, 590, 594, 598, 597, 588, 584, 0, 0, 884, 886, 889, 893, 897, 902, 907, 913, 919, 925, 931, 938, 943, 949, 957, 966, 976, 985, 994, 1003, 1014, 1025, 1036, 1049, 1063, 1074]
[0, 949, 943, 937, 933, 928, 923, 919, 914, 910, 906, 902, 899, 897, 895, 895, 894, 891, 890, 890, 889, 889, 0, 605, 599, 596, 596, 597, 599, 601, 599, 588, 584, 0, 0, 0, 899, 902, 907, 911, 915, 921, 927, 932, 937, 944, 950, 957, 964, 972, 981, 990, 999, 1008, 1018, 1029, 1040, 1052, 1066, 1079, 1092]
[0, 948, 941, 934, 930, 926, 920, 915, 911, 908, 904, 902, 900, 898, 896, 895, 894, 892, 890, 891, 892, 891, 0, 0, 603, 600, 600, 600, 601, 603, 602, 588, 584, 0, 905, 909, 912, 916, 920, 924, 930, 936, 940, 946, 952, 958, 965, 972, 981, 990, 998, 1006, 1016, 1026, 1037, 1049, 1061, 1073, 1085, 1100, 1115]
[0, 948, 958, 951, 946, 941, 937, 932, 927, 925, 921, 918, 915, 913, 910, 908, 906, 904, 902, 902, 902, 902, 0, 0, 600, 599, 600, 603, 601, 602, 602, 601, 584, 0, 0, 907, 911, 915, 918, 923, 928, 933, 937, 942, 948, 954, 961, 969, 979, 987, 994, 1002, 1011, 1021, 1031, 1042, 1053, 1066, 1078, 1091, 1106]
[0, 962, 954, 949, 944, 940, 936, 931, 925, 921, 918, 916, 913, 910, 908, 905, 905, 903, 901, 902, 902, 902, 0, 0, 607, 604, 605, 606, 607, 606, 606, 601, 584, 0, 0, 922, 927, 931, 934, 938, 942, 947, 952, 959, 965, 973, 981, 989, 995, 1002, 1012, 1020, 1029, 1039, 1049, 1061, 1073, 1084, 1099, 1114, 1128]
[0, 994, 987, 981, 973, 967, 960, 955, 952, 949, 945, 943, 941, 938, 936, 935, 934, 933, 931, 931, 931, 930, 0, 609, 605, 605, 606, 606, 605, 606, 602, 601, 584, 0, 0, 921, 925, 929, 933, 937, 941, 946, 951, 957, 964, 971, 977, 985, 993, 1001, 1009, 1018, 1027, 1036, 1046, 1057, 1070, 1082, 1094, 1109, 1124]
[0, 1008, 1000, 994, 990, 985, 979, 973, 969, 966, 963, 960, 956, 954, 954, 953, 953, 952, 950, 931, 950, 950, 0, 0, 610, 609, 611, 610, 610, 610, 609, 601, 584, 0, 948, 951, 954, 957, 963, 970, 976, 982, 988, 993, 999, 1006, 1015, 1022, 1029, 1037, 1046, 1056, 1067, 1078, 1088, 1100, 1115, 1129, 1143, 1158, 1171]
[0, 1031, 1025, 1018, 1012, 1006, 1000, 997, 993, 988, 985, 981, 976, 973, 971, 970, 969, 969, 968, 966, 965, 966, 0, 0, 614, 612, 614, 615, 615, 613, 609, 601, 0, 0, 0, 977, 982, 985, 989, 995, 999, 1005, 1011, 1017, 1024, 1032, 1040, 1046, 1054, 1063, 1071, 1080, 1091, 1103, 1115, 1128, 1142, 1156, 1169, 1181, 1195]
[0, 1026, 1021, 1015, 1008, 1003, 999, 994, 989, 986, 984, 980, 977, 975, 972, 970, 970, 969, 968, 967, 967, 967, 968, 0, 621, 613, 613, 613, 616, 618, 609, 601, 0, 0, 988, 994, 997, 1000, 1004, 1009, 1016, 1021, 1028, 1034, 1040, 1048, 1056, 1064, 1072, 1082, 1092, 1102, 1115, 1126, 1139, 1152, 1165, 1176, 1188, 1202, 1218]
[0, 1044, 1036, 1028, 1022, 1017, 1011, 1007, 1002, 999, 997, 993, 991, 988, 986, 986, 986, 983, 981, 981, 982, 983, 968, 0, 617, 612, 613, 614, 616, 615, 609, 601, 0, 0, 990, 991, 995, 1000, 1004, 1007, 1013, 1020, 1024, 1030, 1038, 1046, 1054, 1062, 1069, 1078, 1087, 1097, 1108, 1120, 1133, 1147, 1160, 1172, 1185, 1198, 1211]
[0, 1044, 1038, 1031, 1026, 1020, 1014, 1008, 1004, 1001, 998, 995, 991, 989, 988, 985, 984, 984, 983, 982, 983, 983, 968, 0, 621, 614, 614, 616, 619, 618, 609, 601, 0, 0, 1004, 1008, 1013, 1017, 1021, 1026, 1032, 1038, 1024, 1050, 1059, 1067, 1054, 1083, 1091, 1101, 1087, 1122, 1135, 1148, 1133, 1161, 1173, 1199, 1213, 1228, 1243]
[0, 1086, 1079, 1071, 1065, 1060, 1055, 1048, 1043, 1039, 1037, 1033, 1030, 1028, 1026, 1025, 1025, 1024, 1024, 1023, 1021, 1022, 968, 0, 0, 616, 614, 614, 617, 618, 609, 601, 0, 0, 1003, 1006, 1011, 1016, 1020, 1025, 1030, 1036, 1042, 1049, 1058, 1066, 1073, 1081, 1088, 1096, 1108, 1119, 1130, 1144, 1158, 1170, 1181, 1193, 1206, 1222, 1238]
[0, 1084, 1077, 1068, 1062, 1058, 1052, 1046, 1043, 1039, 1036, 1033, 1031, 1029, 1027, 1026, 1026, 1024, 1024, 1023, 1023, 1023, 1022, 0, 0, 623, 619, 620, 623, 622, 626, 0, 0, 1042, 1047, 1050, 1055, 1060, 1066, 1072, 1078, 1084, 1090, 1098, 1107, 1117, 1126, 1134, 1143, 1153, 1163, 1175, 1186, 1198, 1210, 1231, 1248, 1259, 1273, 1289, 1306]
[0, 1111, 1104, 1096, 1088, 1083, 1079, 1075, 1072, 1066, 1063, 1060, 1057, 1055, 1053, 1052, 1050, 1050, 1050, 1050, 1048, 1050, 1022, 0, 0, 622, 619, 621, 625, 622, 626, 0, 0, 0, 1045, 1049, 1053, 1058, 1064, 1069, 1074, 1080, 1086, 1092, 1100, 1110, 1120, 1129, 1137, 1147, 1158, 1168, 1177, 1189, 1202, 1214, 1232, 1250, 1263, 1275, 1290]
[0, 1137, 1128, 1120, 1114, 1108, 1103, 1097, 1093, 1088, 1084, 1082, 1080, 1077, 1076, 1075, 1073, 1071, 1072, 1072, 1071, 1073, 1052, 0, 0, 638, 628, 625, 629, 628, 626, 0, 0, 1075, 1078, 1082, 1086, 1092, 1099, 1107, 1119, 1130, 1132, 1137, 1149, 1157, 1164, 1173, 1182, 1194, 1209, 1219, 1232, 1244, 1256, 1267, 1282, 1298, 1318, 1337, 1355]
[0, 1173, 1167, 1160, 1153, 1148, 1143, 1138, 1133, 1128, 1123, 1119, 1116, 1112, 1110, 1110, 1111, 1112, 1113, 1116, 1118, 1118, 1074, 0, 0, 643, 632, 626, 628, 626, 632, 649, 0, 1093, 1098, 1101, 1106, 1115, 1123, 1132, 1139, 1144, 1157, 1166, 1168, 1174, 1179, 1190, 1204, 1215, 1226, 1240, 1253, 1264, 1275, 1288, 1305, 1321, 1339, 1358, 1378]
[0, 1186, 1177, 1172, 1167, 1148, 1162, 1152, 1133, 1147, 1141, 1136, 1133, 1131, 1130, 1131, 1131, 1131, 1133, 1135, 1132, 1130, 1115, 0, 0, 0, 645, 638, 634, 634, 638, 654, 0, 1137, 1141, 1145, 1151, 1157, 1163, 1169, 1178, 1186, 1189, 1194, 1199, 1211, 1222, 1229, 1243, 1255, 1265, 1275, 1288, 1300, 1316, 1333, 1349, 1366, 1385, 1403, 1419]
[0, 1186, 1178, 1171, 1167, 1162, 1156, 1151, 1146, 1141, 1136, 1134, 1132, 1131, 1131, 1132, 1132, 1131, 1133, 1134, 1132, 1132, 1128, 1130, 0, 0, 648, 641, 637, 637, 639, 650, 0, 1149, 1154, 1161, 1164, 1168, 1175, 1179, 1185, 1192, 1200, 1209, 1218, 1227, 1236, 1246, 1256, 1267, 1279, 1291, 1302, 1314, 1331, 1346, 1360, 1372, 1383, 1397, 1412]
[0, 1186, 1178, 1172, 1167, 1162, 1157, 1152, 1147, 1142, 1137, 1135, 1133, 1131, 1130, 1131, 1133, 1134, 1131, 1134, 1133, 1132, 1130, 1131, 0, 0, 650, 643, 639, 637, 639, 650, 0, 1149, 1154, 1160, 1164, 1168, 1175, 1180, 1186, 1191, 1200, 1209, 1218, 1227, 1236, 1246, 1256, 1267, 1279, 1291, 1301, 1314, 1331, 1346, 1360, 1371, 1383, 1397, 1411]
[0, 1267, 1258, 1251, 1241, 1234, 1228, 1222, 1218, 1213, 1208, 1206, 1202, 1201, 1199, 1195, 1194, 1194, 1194, 1193, 1194, 1195, 1130, 1130, 0, 0, 653, 643, 639, 639, 639, 649, 0, 1149, 1154, 1158, 1163, 1169, 1175, 1180, 1185, 1192, 1201, 1209, 1218, 1226, 1235, 1246, 1256, 1265, 1278, 1289, 1302, 1316, 1331, 1345, 1357, 1369, 1382, 1396, 1411]
[0, 1261, 1253, 1246, 1236, 1230, 1227, 1219, 1214, 1212, 1207, 1204, 1201, 1199, 1197, 1196, 1195, 1191, 1191, 1194, 1194, 1193, 1195, 1195, 1194, 0, 1195, 643, 0, 639, 1197, 1196, 1200, 1203, 1204, 1206, 1210, 1213, 1217, 1222, 1224, 1229, 1235, 1241, 1247, 1252, 1259, 1267, 1272, 1280, 1288, 1297, 1309, 1320, 1332, 1346, 1359, 1371, 1385, 1397, 1410]
[0, 1259, 1252, 1244, 1235, 1230, 1225, 1220, 1216, 1211, 1206, 1204, 1203, 1201, 1195, 1196, 1196, 1195, 1192, 1192, 1194, 1194, 1194, 1195, 1194, 1194, 1195, 0, 647, 0, 1197, 1197, 1200, 1203, 1204, 1205, 1209, 1213, 1217, 1220, 1225, 1232, 1237, 1242, 1250, 1256, 1260, 1267, 1275, 1284, 1293, 1302, 1310, 1323, 1335, 1347, 1359, 1374, 1388, 1401, 1416]
[0, 1265, 1257, 1250, 1240, 1234, 1228, 1222, 1218, 1214, 1208, 1206, 1202, 1201, 1199, 1194, 1194, 1194, 1194, 1193, 1194, 1195, 1196, 1191, 1190, 1194, 1194, 0, 0, 0, 1200, 1200, 1197, 1201, 1203, 1205, 1205, 1209, 1215, 1218, 1222, 1229, 1233, 1237, 1244, 1251, 1256, 1262, 1270, 1278, 1284, 1291, 1303, 1316, 1330, 1344, 1353, 1366, 1381, 1395, 1409]
[0, 1259, 1253, 1245, 1235, 1230, 1225, 1221, 1216, 1212, 1209, 1204, 1201, 1199, 1196, 1195, 1194, 1193, 1193, 1194, 1194, 1195, 1195, 1195, 1194, 1194, 1195, 0, 0, 0, 1197, 1195, 1199, 1203, 1204, 1206, 1210, 1212, 1217, 1222, 1224, 1229, 1235, 1241, 1247, 1252, 1259, 1266, 1272, 1279, 1287, 1297, 1309, 1320, 1332, 1346, 1359, 1370, 1385, 1398, 1410]
[0, 1309, 1302, 1293, 1285, 1277, 1271, 1267, 1260, 1255, 1250, 1245, 1241, 1236, 1232, 1226, 1221, 1216, 1213, 1210, 1206, 1203, 1192, 1195, 1192, 1194, 1195, 0, 0, 0, 0, 1199, 1198, 1200, 1202, 1205, 1207, 1211, 1214, 1217, 1221, 1226, 1232, 1238, 1244, 1250, 1255, 1262, 1270, 1278, 1284, 1291, 1303, 1315, 1326, 1339, 1354, 1368, 1379, 1393, 1405]
[0, 1326, 1313, 1306, 1298, 1292, 1283, 1276, 1272, 1265, 1254, 1246, 1240, 1235, 1231, 1226, 1220, 1215, 1211, 1209, 1205, 1202, 1201, 1199, 1197, 1196, 1196, 1196, 1198, 1197, 1196, 1196, 1199, 1202, 1203, 1205, 1209, 1213, 1217, 1221, 1224, 1229, 1234, 1240, 1247, 1252, 1259, 1266, 1272, 1278, 1286, 1297, 1308, 1320, 1332, 1346, 1358, 1367, 1381, 1396, 1409]
[0, 1328, 1314, 1306, 1298, 1291, 1284, 1277, 1272, 1263, 1252, 1247, 1241, 1235, 1231, 1226, 1220, 1215, 1211, 1207, 1204, 1202, 1199, 1198, 1197, 1196, 1196, 1195, 1195, 1195, 1195, 1196, 1198, 1199, 1201, 1204, 1208, 1212, 1213, 1218, 1225, 1231, 1236, 1241, 1247, 1252, 1259, 1265, 1273, 1281, 1287, 1298, 1310, 1322, 1334, 1345, 1358, 1369, 1384, 1397, 1410]
[0, 1321, 1312, 1306, 1298, 1289, 1282, 1275, 1268, 1258, 1248, 1244, 1240, 1233, 1228, 1222, 1218, 1213, 1210, 1208, 1205, 1202, 1198, 1197, 1196, 1196, 1196, 1196, 1195, 1194, 1193, 1196, 1199, 1200, 1202, 1204, 1208, 1213, 1214, 1217, 1224, 1230, 1236, 1242, 1245, 1250, 1258, 1266, 1274, 1280, 1287, 1295, 1307, 1320, 1332, 1346, 1358, 1372, 1387, 1400, 1412]
[0, 1342, 1328, 1317, 1305, 1294, 1286, 1276, 1267, 1262, 1255, 1248, 1242, 1237, 1230, 1225, 1220, 1215, 1212, 1208, 1204, 1202, 1199, 1196, 1194, 1194, 1196, 1195, 1194, 1192, 1194, 1196, 1198, 1199, 1202, 1204, 1206, 1210, 1213, 1217, 1221, 1226, 1232, 1237, 1243, 1249, 1255, 1262, 1269, 1277, 1283, 1290, 1302, 1312, 1323, 1336, 1348, 1363, 1377, 1389, 1402]
[0, 1334, 1323, 1311, 1299, 1289, 1282, 1274, 1266, 1257, 1249, 1244, 1240, 1234, 1228, 1222, 1218, 1214, 1210, 1207, 1204, 1201, 1200, 1199, 1196, 1195, 1195, 1196, 1198, 1197, 1196, 1196, 1197, 1197, 1200, 1204, 1208, 1211, 1213, 1217, 1223, 1229, 1234, 1239, 1246, 1251, 1256, 1263, 1271, 1277, 1286, 1296, 1307, 1319, 1331, 1344, 1357, 1367, 1381, 1395, 1408]
[0, 1338, 1325, 1310, 1298, 1290, 1282, 1274, 1266, 1258, 1252, 1247, 1239, 1233, 1230, 1223, 1216, 1213, 1210, 1206, 1203, 1200, 1198, 1196, 1194, 1194, 1195, 1196, 1195, 1195, 1196, 1195, 1197, 1196, 1201, 1203, 1204, 1207, 1211, 1214, 1220, 1225, 1231, 1236, 1242, 1248, 1254, 1261, 1268, 1276, 1283, 1290, 1301, 1311, 1323, 1336, 1348, 1363, 1374, 1385, 1402]
[0, 1330, 1318, 1304, 1293, 1285, 1276, 1268, 1266, 1254, 1252, 1246, 1240, 1234, 1229, 1224, 1219, 1215, 1210, 1204, 1202, 1198, 1197, 1195, 1194, 1194, 1194, 1195, 1194, 1193, 1194, 1196, 1198, 1198, 1200, 1204, 1205, 1209, 1213, 1217, 1221, 1225, 1231, 1236, 1243, 1251, 1257, 1264, 1270, 1276, 1285, 1295, 1307, 1318, 1331, 1346, 1357, 1367, 1380, 1395, 1413]
[0, 1339, 1327, 1312, 1300, 1291, 1283, 1273, 1266, 1261, 1253, 1246, 1240, 1235, 1230, 1225, 1220, 1215, 1209, 1204, 1202, 1201, 1197, 1198, 1196, 1194, 1193, 1193, 1191, 1190, 1192, 1193, 1194, 1196, 1197, 1201, 1204, 1206, 1210, 1212, 1215, 1222, 1229, 1234, 1241, 1247, 1253, 1258, 1265, 1273, 1281, 1289, 1299, 1311, 1324, 1336, 1349, 1363, 1375, 1387, 1401]
[0, 1340, 1327, 1313, 1299, 1291, 1285, 1276, 1267, 1261, 1254, 1246, 1240, 1236, 1230, 1224, 1218, 1211, 1207, 1205, 1203, 1199, 1198, 1197, 1196, 1195, 1192, 1192, 1193, 1193, 1194, 1194, 1196, 1197, 1199, 1203, 1206, 1210, 1212, 1214, 1219, 1223, 1229, 1235, 1242, 1250, 1255, 1262, 1269, 1277, 1286, 1296, 1307, 1318, 1330, 1340, 1352, 1368, 1379, 1391, 1405]
[0, 1330, 1317, 1304, 1292, 1284, 1276, 1268, 1267, 1253, 1254, 1246, 1235, 1236, 1229, 1224, 1218, 1214, 1209, 1204, 1202, 1198, 1195, 1195, 1195, 1192, 1190, 1191, 1192, 1193, 1195, 1194, 1195, 1196, 1197, 1199, 1201, 1204, 1210, 1214, 1218, 1223, 1229, 1234, 1240, 1244, 1250, 1258, 1265, 1273, 1281, 1289, 1299, 1311, 1323, 1336, 1346, 1357, 1371, 1386, 1401]
[0, 1333, 1321, 1307, 1296, 1289, 1279, 1272, 1263, 1254, 1248, 1242, 1238, 1231, 1225, 1222, 1216, 1209, 1204, 1201, 1199, 1196, 1196, 1196, 1195, 1193, 1192, 1193, 1194, 1192, 1191, 1192, 1194, 1195, 1197, 1198, 1202, 1204, 1207, 1213, 1217, 1221, 1226, 1231, 1236, 1242, 1248, 1255, 1264, 1270, 1276, 1287, 1297, 1307, 1320, 1332, 1346, 1361, 1373, 1385, 1399]
[0, 1338, 1326, 1312, 1300, 1290, 1282, 1273, 1266, 1260, 1252, 1245, 1239, 1234, 1229, 1222, 1217, 1214, 1209, 1203, 1201, 1200, 1196, 1195, 1193, 1193, 1193, 1193, 1194, 1192, 1191, 1193, 1192, 1193, 1195, 1200, 1203, 1203, 1207, 1212, 1216, 1219, 1231, 1231, 1236, 1241, 1247, 1255, 1268, 1278, 1286, 1287, 1294, 1306, 1317, 1330, 1353, 1365, 1378, 1395, 1412]
[0, 1327, 1314, 1304, 1290, 1280, 1282, 1273, 1261, 1253, 1252, 1246, 1240, 1234, 1229, 1223, 1218, 1214, 1209, 1204, 1202, 1198, 1198, 1196, 1195, 1193, 1190, 1189, 1190, 1190, 1191, 1195, 1195, 1196, 1199, 1200, 1201, 1204, 1209, 1214, 1217, 1222, 1228, 1233, 1239, 1244, 1252, 1259, 1264, 1271, 1282, 1292, 1301, 1309, 1324, 1339, 1348, 1361, 1376, 1390, 1404]
[0, 1330, 1316, 1305, 1293, 1285, 1278, 1269, 1260, 1254, 1248, 1241, 1236, 1230, 1224, 1220, 1217, 1210, 1204, 1201, 1198, 1198, 1196, 1196, 1194, 1193, 1192, 1190, 1188, 1189, 1191, 1192, 1193, 1195, 1197, 1198, 1201, 1205, 1207, 1210, 1214, 1220, 1224, 1229, 1237, 1243, 1246, 1255, 1264, 1270, 1277, 1285, 1295, 1308, 1323, 1335, 1348, 1363, 1378, 1395, 1414]
[0, 1337, 1323, 1310, 1299, 1291, 1282, 1273, 1266, 1260, 1253, 1245, 1238, 1233, 1228, 1222, 1215, 1211, 1206, 1204, 1202, 1198, 1197, 1194, 1193, 1193, 1193, 1190, 1190, 1191, 1192, 1194, 1193, 1195, 1197, 1199, 1202, 1204, 1208, 1214, 1219, 1225, 1224, 1230, 1240, 1243, 1246, 1263, 1269, 1270, 1284, 1294, 1304, 1315, 1331, 1345, 1357, 1372, 1389, 1405, 1425]
[0, 1334, 1320, 1307, 1294, 1283, 1275, 1267, 1263, 1258, 1249, 1241, 1235, 1228, 1222, 1219, 1215, 1209, 1202, 1201, 1199, 1197, 1195, 1193, 1193, 1192, 1190, 1190, 1190, 1189, 1192, 1194, 1194, 1195, 1196, 1197, 1200, 1204, 1209, 1213, 1216, 1222, 1226, 1231, 1239, 1244, 1249, 1257, 1264, 1270, 1278, 1288, 1298, 1310, 1323, 1336, 1349, 1365, 1379, 1395, 1415]
[0, 1326, 1314, 1303, 1291, 1281, 1273, 1267, 1263, 1252, 1246, 1239, 1233, 1228, 1228, 1222, 1217, 1213, 1208, 1204, 1201, 1198, 1197, 1194, 1193, 1191, 1189, 1189, 1191, 1193, 1192, 1192, 1193, 1194, 1198, 1203, 1204, 1204, 1206, 1210, 1217, 1223, 1228, 1234, 1239, 1243, 1250, 1258, 1265, 1273, 1283, 1293, 1305, 1323, 1340, 1352, 1364, 1377, 1394, 1410, 1425]
[0, 1329, 1316, 1305, 1294, 1285, 1276, 1267, 1263, 1256, 1247, 1240, 1235, 1229, 1223, 1219, 1213, 1207, 1204, 1202, 1199, 1197, 1196, 1195, 1194, 1190, 1188, 1191, 1190, 1189, 1190, 1191, 1192, 1194, 1196, 1198, 1202, 1207, 1214, 1221, 1226, 1230, 1237, 1245, 1250, 1255, 1262, 1270, 1276, 1283, 1293, 1302, 1312, 1322, 1332, 1346, 1360, 1371, 1385, 1401, 1417]
[0, 1334, 1321, 1306, 1294, 1284, 1276, 1267, 1262, 1257, 1248, 1240, 1237, 1230, 1223, 1218, 1213, 1209, 1203, 1201, 1198, 1197, 1194, 1192, 1192, 1190, 1189, 1190, 1190, 1189, 1188, 1190, 1193, 1195, 1198, 1201, 1207, 1215, 1219, 1225, 1231, 1236, 1241, 1248, 1253, 1260, 1266, 1273, 1282, 1291, 1300, 1309, 1319, 1328, 1340, 1353, 1368, 1382, 1394, 1410, 1426]
[0, 1336, 1324, 1310, 1297, 1287, 1278, 1272, 1264, 1255, 1247, 1242, 1239, 1230, 1225, 1220, 1215, 1210, 1205, 1202, 1201, 1199, 1197, 1194, 1193, 1191, 1189, 1189, 1188, 1187, 1190, 1193, 1193, 1194, 1198, 1200, 1205, 1212, 1217, 1224, 1230, 1234, 1238, 1245, 1252, 1257, 1266, 1273, 1278, 1287, 1298, 1308, 1316, 1327, 1338, 1350, 1364, 1377, 1392, 1407, 1423]
[0, 1325, 1312, 1301, 1290, 1280, 1278, 1273, 1265, 1258, 1252, 1246, 1240, 1234, 1228, 1222, 1217, 1213, 1209, 1205, 1202, 1201, 1196, 1195, 1193, 1191, 1190, 1190, 1189, 1187, 1190, 1193, 1193, 1195, 1197, 1199, 1205, 1212, 1217, 1222, 1228, 1234, 1238, 1244, 1251, 1257, 1266, 1273, 1278, 1287, 1297, 1308, 1316, 1326, 1337, 1350, 1364, 1377, 1392, 1407, 1423]
[0, 1333, 1321, 1311, 1298, 1287, 1278, 1271, 1263, 1254, 1250, 1245, 1238, 1232, 1228, 1225, 1223, 1220, 1218, 1217, 1217, 1214, 1199, 1199, 1200, 1201, 1203, 1205, 1206, 1208, 1208, 1206, 1208, 1209, 1210, 1214, 1217, 1219, 1221, 1225, 1229, 1234, 1239, 1244, 1252, 1257, 1262, 1269, 1275, 1283, 1293, 1302, 1311, 1321, 1334, 1347, 1359, 1373, 1384, 1400, 1418]
[0, 1341, 1330, 1319, 1309, 1293, 1286, 1285, 1279, 1267, 1258, 1255, 1251, 1248, 1243, 1237, 1232, 1227, 1221, 1217, 1215, 1213, 1210, 1210, 1210, 1207, 1207, 1205, 1203, 1205, 1206, 1208, 1209, 1210, 1212, 1213, 1216, 1217, 1221, 1228, 1231, 1234, 1240, 1247, 1252, 1257, 1265, 1271, 1277, 1286, 1297, 1305, 1314, 1326, 1337, 1349, 1363, 1376, 1390, 1406, 1421]
[0, 1341, 1330, 1320, 1309, 1311, 1293, 1285, 1283, 1276, 1268, 1261, 1254, 1249, 1243, 1238, 1235, 1231, 1226, 1220, 1215, 1213, 1210, 1209, 1207, 1206, 1205, 1204, 1203, 1206, 1208, 1208, 1209, 1210, 1211, 1213, 1216, 1217, 1218, 1219, 1223, 1236, 1241, 1247, 1254, 1261, 1268, 1274, 1280, 1289, 1300, 1307, 1318, 1328, 1337, 1351, 1368, 1383, 1394, 1405, 1425]
[0, 1351, 1338, 1323, 1311, 1305, 1298, 1288, 1280, 1273, 1266, 1259, 1254, 1249, 1244, 1239, 1235, 1229, 1222, 1218, 1215, 1212, 1211, 1209, 1209, 1208, 1206, 1208, 1209, 1207, 1207, 1207, 1207, 1209, 1207, 1209, 1213, 1216, 1221, 1224, 1226, 1233, 1240, 1245, 1250, 1255, 1262, 1269, 1276, 1283, 1293, 1301, 1311, 1322, 1331, 1341, 1355, 1367, 1381, 1400, 1416]
[0, 1347, 1334, 1325, 1316, 1303, 1294, 1287, 1279, 1271, 1264, 1257, 1252, 1247, 1241, 1236, 1232, 1227, 1223, 1218, 1215, 1213, 1211, 1208, 1207, 1205, 1205, 1206, 1203, 1205, 1207, 1208, 1209, 1209, 1210, 1211, 1212, 1217, 1220, 1221, 1226, 1234, 1239, 1244, 1251, 1256, 1262, 1268, 1274, 1282, 1292, 1302, 1311, 1321, 1330, 1340, 1355, 1368, 1380, 1399, 1417]
[0, 1341, 1329, 1319, 1310, 1303, 1291, 1287, 1275, 1271, 1268, 1261, 1249, 1247, 1244, 1237, 1234, 1230, 1226, 1220, 1215, 1213, 1211, 1209, 1208, 1206, 1204, 1206, 1207, 1206, 1207, 1207, 1209, 1210, 1211, 1212, 1213, 1215, 1219, 1225, 1231, 1236, 1241, 1248, 1253, 1259, 1266, 1271, 1278, 1286, 1297, 1307, 1317, 1327, 1339, 1352, 1364, 1378, 1393, 1409, 1426]
[0, 1350, 1336, 1324, 1314, 1305, 1297, 1288, 1280, 1273, 1266, 1259, 1254, 1249, 1243, 1238, 1234, 1229, 1222, 1218, 1216, 1214, 1211, 1209, 1208, 1208, 1206, 1205, 1203, 1204, 1206, 1206, 1207, 1209, 1210, 1212, 1214, 1217, 1221, 1224, 1227, 1231, 1237, 1244, 1250, 1255, 1261, 1269, 1275, 1283, 1292, 1301, 1311, 1321, 1331, 1341, 1355, 1368, 1382, 1400, 1416]
[0, 1347, 1334, 1324, 1315, 1303, 1295, 1288, 1280, 1272, 1263, 1257, 1251, 1245, 1239, 1235, 1228, 1224, 1223, 1218, 1215, 1213, 1210, 1210, 1209, 1207, 1207, 1205, 1206, 1207, 1206, 1207, 1209, 1209, 1211, 1212, 1214, 1217, 1219, 1225, 1230, 1233, 1238, 1244, 1250, 1256, 1263, 1270, 1277, 1286, 1294, 1303, 1312, 1323, 1336, 1346, 1360, 1376, 1389, 1405, 1420]
[0, 1341, 1329, 1324, 1319, 1309, 1298, 1289, 1283, 1275, 1267, 1260, 1254, 1250, 1244, 1238, 1235, 1230, 1228, 1222, 1214, 1212, 1210, 1209, 1208, 1206, 1204, 1204, 1205, 1204, 1205, 1207, 1208, 1209, 1210, 1211, 1211, 1213, 1220, 1226, 1230, 1234, 1240, 1247, 1252, 1259, 1265, 1270, 1278, 1287, 1297, 1307, 1316, 1326, 1339, 1351, 1362, 1376, 1392, 1407, 1423]
[0, 1340, 1329, 1319, 1308, 1298, 1290, 1282, 1274, 1275, 1260, 1255, 1254, 1251, 1244, 1237, 1234, 1226, 1228, 1216, 1214, 1213, 1210, 1208, 1208, 1206, 1204, 1205, 1204, 1205, 1207, 1206, 1207, 1209, 1211, 1212, 1213, 1216, 1220, 1224, 1228, 1233, 1239, 1244, 1250, 1255, 1262, 1269, 1276, 1283, 1292, 1301, 1310, 1321, 1331, 1341, 1356, 1372, 1385, 1400, 1416]
[0, 1349, 1336, 1324, 1316, 1305, 1295, 1288, 1280, 1271, 1264, 1258, 1253, 1248, 1241, 1236, 1233, 1228, 1223, 1217, 1215, 1213, 1211, 1208, 1208, 1207, 1206, 1205, 1203, 1204, 1206, 1207, 1208, 1209, 1210, 1212, 1214, 1216, 1218, 1221, 1228, 1233, 1222, 1249, 1253, 1255, 1264, 1269, 1274, 1284, 1300, 1308, 1318, 1328, 1341, 1355, 1369, 1384, 1396, 1412, 1429]
[0, 1346, 1333, 1324, 1314, 1303, 1294, 1286, 1278, 1270, 1263, 1257, 1251, 1246, 1240, 1235, 1232, 1227, 1222, 1218, 1215, 1213, 1210, 1210, 1209, 1206, 1206, 1205, 1203, 1205, 1207, 1208, 1208, 1210, 1212, 1212, 1215, 1217, 1221, 1227, 1230, 1233, 1238, 1244, 1251, 1257, 1264, 1270, 1276, 1285, 1296, 1305, 1314, 1325, 1336, 1349, 1362, 1377, 1390, 1401, 1417]
[0, 1342, 1330, 1320, 1310, 1300, 1293, 1285, 1278, 1271, 1262, 1255, 1251, 1248, 1243, 1236, 1232, 1227, 1222, 1217, 1215, 1212, 1211, 1209, 1208, 1206, 1204, 1204, 1205, 1204, 1205, 1207, 1208, 1209, 1210, 1212, 1214, 1216, 1222, 1227, 1230, 1234, 1240, 1246, 1251, 1256, 1263, 1271, 1278, 1287, 1297, 1306, 1316, 1325, 1338, 1351, 1362, 1376, 1389, 1401, 1419]
[0, 1351, 1337, 1325, 1314, 1305, 1297, 1289, 1280, 1276, 1270, 1259, 1253, 1249, 1244, 1238, 1233, 1229, 1224, 1219, 1216, 1213, 1210, 1208, 1206, 1206, 1205, 1205, 1205, 1206, 1205, 1206, 1208, 1209, 1210, 1211, 1214, 1219, 1221, 1225, 1231, 1235, 1238, 1244, 1252, 1256, 1264, 1274, 1283, 1292, 1300, 1308, 1318, 1327, 1337, 1351, 1368, 1383, 1396, 1411, 1428]
[0, 1346, 1331, 1320, 1310, 1301, 1294, 1284, 1272, 1264, 1259, 1254, 1250, 1243, 1238, 1236, 1231, 1226, 1221, 1217, 1215, 1213, 1210, 1208, 1207, 1206, 1205, 1205, 1206, 1206, 1206, 1207, 1208, 1208, 1210, 1212, 1214, 1218, 1220, 1224, 1229, 1233, 1237, 1244, 1250, 1256, 1262, 1269, 1275, 1284, 1293, 1302, 1311, 1323, 1332, 1344, 1359, 1372, 1388, 1403, 1419]
[0, 1340, 1328, 1318, 1308, 1298, 1290, 1281, 1274, 1264, 1259, 1254, 1250, 1243, 1243, 1230, 1226, 1226, 1222, 1216, 1215, 1213, 1210, 1208, 1206, 1206, 1205, 1202, 1203, 1205, 1205, 1206, 1208, 1209, 1210, 1211, 1214, 1219, 1222, 1225, 1231, 1235, 1241, 1247, 1252, 1256, 1263, 1273, 1283, 1291, 1299, 1308, 1318, 1327, 1337, 1351, 1367, 1382, 1392, 1407, 1426]
[0, 1338, 1326, 1319, 1309, 1299, 1290, 1282, 1272, 1264, 1267, 1262, 1249, 1241, 1236, 1231, 1227, 1225, 1221, 1216, 1213, 1211, 1210, 1208, 1207, 1207, 1206, 1205, 1203, 1204, 1205, 1207, 1208, 1209, 1210, 1211, 1213, 1216, 1218, 1221, 1227, 1232, 1237, 1240, 1246, 1253, 1256, 1265, 1275, 1282, 1292, 1300, 1308, 1319, 1330, 1339, 1351, 1384, 1392, 1397, 1413]
