[0, 0, 0, 0, 0, 0, 0, 0, 0, 0, 0, 0, 0, 0, 0, 0, 0, 0, 0, 0, 0, 0, 0, 0, 0, 0, 0, 0, 0, 0, 0, 0, 0, 0, 0, 0, 0, 0, 0, 0, 0, 0, 0, 0, 0, 0, 0, 0, 0, 0, 0, 0, 0, 0, 0, 0, 0, 0, 0, 0, 0]
[0, 548, 544, 540, 536, 533, 529, 527, 526, 520, 520, 515, 515, 513, 510, 509, 508, 505, 505, 503, 501, 500, 499, 498, 498, 498, 497, 498, 498, 498, 498, 498, 499, 500, 500, 503, 505, 507, 508, 509, 510, 512, 514, 517, 520, 523, 525, 529, 532, 536, 540, 544, 548, 553, 559, 563, 569, 575, 582, 589, 595]
[0, 551, 546, 542, 538, 534, 530, 528, 524, 521, 520, 516, 514, 512, 510, 508, 506, 504, 503, 503, 501, 500, 500, 499, 498, 497, 497, 497, 497, 498, 498, 499, 499, 500, 501, 502, 504, 506, 507, 509, 511, 512, 515, 517, 522, 524, 525, 533, 532, 539, 540, 543, 553, 553, 558, 562, 566, 572, 580, 587, 594]
[0, 551, 543, 542, 539, 535, 532, 529, 525, 522, 519, 517, 514, 512, 510, 508, 506, 504, 502, 501, 501, 500, 500, 499, 498, 497, 497, 497, 498, 498, 498, 498, 499, 500, 501, 503, 504, 506, 507, 509, 511, 513, 515, 518, 521, 524, 527, 531, 534, 538, 542, 547, 552, 556, 561, 566, 572, 579, 585, 592, 598]
[0, 551, 546, 541, 538, 534, 530, 527, 524, 522, 519, 516, 514, 511, 510, 508, 506, 504, 503, 501, 502, 501, 500, 499, 498, 498, 497, 497, 498, 498, 499, 499, 499, 500, 502, 502, 503, 505, 506, 509, 511, 512, 514, 517, 520, 522, 526, 529, 533, 537, 541, 545, 550, 554, 559, 564, 569, 576, 583, 589, 596]
[0, 548, 544, 540, 536, 534, 528, 525, 524, 523, 521, 518, 515, 513, 511, 508, 506, 505, 505, 503, 501, 500, 499, 499, 498, 497, 497, 497, 497, 498, 498, 498, 499, 500, 501, 502, 504, 506, 507, 509, 511, 513, 515, 518, 520, 524, 527, 530, 534, 538, 542, 547, 552, 556, 560, 566, 572, 579, 585, 591, 597]
[0, 551, 546, 542, 538, 534, 530, 528, 525, 522, 519, 516, 514, 511, 509, 508, 506, 504, 503, 502, 501, 500, 499, 499, 499, 498, 497, 497, 498, 498, 498, 498, 499, 500, 501, 503, 504, 507, 507, 508, 512, 513, 514, 517, 522, 524, 525, 527, 531, 535, 539, 543, 548, 553, 558, 563, 568, 574, 582, 588, 594]
[0, 548, 544, 540, 536, 533, 530, 527, 524, 522, 519, 515, 513, 511, 509, 509, 507, 505, 504, 502, 501, 500, 500, 499, 498, 498, 497, 497, 498, 498, 499, 499, 499, 500, 501, 502, 503, 505, 507, 509, 511, 512, 515, 518, 520, 523, 526, 529, 533, 537, 541, 545, 550, 555, 559, 564, 570, 577, 584, 590, 597]
[0, 553, 549, 545, 541, 538, 535, 531, 528, 525, 522, 520, 513, 518, 514, 509, 512, 510, 509, 508, 507, 506, 505, 504, 498, 497, 497, 497, 497, 498, 498, 498, 499, 500, 501, 503, 504, 506, 508, 509, 511, 513, 515, 518, 521, 524, 527, 530, 534, 538, 542, 547, 550, 552, 561, 566, 573, 580, 586, 590, 599]
[0, 553, 549, 544, 541, 541, 534, 532, 528, 529, 525, 522, 521, 519, 516, 513, 512, 511, 509, 508, 507, 506, 505, 504, 503, 503, 503, 503, 504, 503, 502, 504, 505, 506, 508, 509, 510, 511, 513, 515, 517, 519, 522, 524, 521, 531, 527, 534, 541, 545, 550, 554, 550, 563, 568, 574, 581, 580, 588, 600, 607]
[0, 552, 548, 544, 541, 540, 536, 534, 531, 527, 525, 522, 520, 518, 515, 513, 511, 510, 509, 508, 507, 507, 505, 504, 504, 504, 503, 504, 504, 503, 504, 505, 506, 507, 508, 509, 511, 512, 514, 515, 518, 520, 523, 524, 525, 528, 532, 538, 541, 542, 546, 554, 550, 559, 564, 577, 581, 590, 594, 601, 607]
[0, 558, 554, 550, 546, 543, 540, 536, 533, 531, 528, 525, 522, 520, 519, 516, 514, 513, 512, 511, 510, 510, 509, 504, 504, 504, 503, 504, 504, 504, 504, 505, 506, 507, 508, 509, 509, 511, 513, 514, 516, 518, 521, 523, 526, 529, 532, 535, 540, 544, 547, 552, 556, 560, 565, 571, 577, 583, 590, 596, 603]
[0, 556, 552, 548, 544, 541, 540, 533, 532, 530, 528, 526, 524, 520, 518, 517, 515, 514, 512, 511, 511, 510, 509, 509, 507, 507, 507, 504, 507, 508, 504, 508, 508, 510, 511, 512, 513, 515, 517, 518, 520, 522, 525, 527, 530, 533, 537, 541, 544, 547, 552, 557, 561, 565, 570, 576, 583, 589, 595, 601, 608]
[0, 557, 553, 549, 545, 542, 539, 536, 533, 529, 526, 524, 521, 520, 518, 516, 514, 514, 513, 510, 511, 510, 509, 508, 508, 508, 506, 507, 508, 508, 508, 509, 509, 510, 511, 513, 515, 516, 518, 520, 522, 522, 524, 527, 533, 536, 537, 543, 544, 547, 551, 556, 560, 564, 569, 575, 587, 589, 595, 601, 615]
[0, 561, 557, 553, 549, 546, 543, 540, 537, 533, 530, 528, 526, 524, 522, 520, 518, 516, 515, 514, 513, 511, 511, 508, 508, 508, 507, 507, 508, 508, 508, 509, 509, 510, 511, 513, 514, 516, 516, 518, 521, 524, 526, 529, 532, 535, 538, 541, 545, 550, 554, 558, 563, 567, 573, 579, 585, 591, 598, 605, 612]
[0, 558, 554, 549, 547, 543, 540, 540, 535, 533, 531, 527, 525, 524, 522, 521, 519, 516, 514, 514, 513, 512, 512, 511, 511, 511, 510, 510, 511, 511, 508, 512, 509, 514, 515, 513, 519, 516, 521, 522, 524, 526, 529, 532, 535, 538, 541, 544, 548, 553, 557, 561, 565, 570, 576, 582, 588, 594, 601, 608, 614]
[0, 558, 557, 553, 550, 547, 543, 540, 537, 535, 533, 529, 527, 525, 523, 522, 521, 518, 515, 515, 514, 513, 513, 511, 511, 510, 509, 510, 510, 510, 511, 512, 513, 514, 515, 517, 518, 519, 521, 523, 525, 528, 531, 534, 535, 537, 543, 544, 551, 555, 559, 561, 568, 574, 580, 586, 592, 599, 605, 608, 620]
[0, 563, 559, 554, 551, 547, 544, 541, 538, 535, 532, 530, 528, 525, 523, 522, 521, 519, 517, 516, 515, 514, 513, 514, 511, 511, 512, 513, 513, 510, 513, 512, 514, 515, 517, 519, 519, 519, 522, 525, 527, 529, 532, 534, 537, 539, 543, 547, 551, 555, 559, 563, 568, 573, 579, 584, 590, 598, 604, 610, 617]
[0, 560, 556, 552, 548, 546, 543, 540, 536, 535, 533, 531, 529, 527, 524, 522, 521, 519, 518, 517, 516, 515, 515, 514, 511, 512, 512, 512, 512, 513, 513, 513, 514, 515, 517, 519, 520, 522, 524, 525, 527, 530, 532, 535, 537, 540, 544, 548, 552, 556, 560, 564, 569, 574, 580, 586, 592, 598, 605, 611, 618]
[0, 560, 564, 560, 557, 553, 549, 547, 544, 541, 538, 535, 533, 531, 529, 528, 525, 523, 522, 522, 521, 520, 520, 514, 513, 512, 512, 513, 513, 513, 514, 514, 515, 516, 518, 520, 522, 523, 525, 525, 528, 531, 532, 537, 537, 543, 547, 552, 552, 558, 560, 562, 567, 572, 584, 590, 592, 602, 605, 615, 622]
[0, 560, 561, 560, 558, 554, 548, 547, 544, 541, 539, 536, 533, 531, 529, 527, 526, 525, 523, 522, 521, 521, 520, 519, 519, 518, 518, 518, 513, 518, 518, 520, 521, 516, 525, 520, 527, 523, 530, 532, 533, 535, 537, 540, 543, 546, 550, 554, 559, 562, 565, 570, 575, 581, 586, 592, 598, 604, 611, 617, 624]
[0, 574, 570, 565, 562, 559, 556, 553, 550, 547, 544, 541, 538, 537, 536, 534, 532, 530, 528, 522, 527, 521, 525, 519, 518, 518, 518, 517, 517, 518, 519, 520, 521, 522, 524, 526, 528, 529, 530, 532, 535, 537, 540, 543, 543, 549, 552, 557, 561, 564, 568, 573, 580, 581, 590, 596, 602, 609, 615, 622, 630]
[0, 575, 571, 567, 562, 559, 556, 553, 551, 547, 547, 545, 543, 541, 539, 538, 536, 534, 532, 531, 530, 529, 528, 528, 525, 524, 523, 523, 523, 524, 524, 525, 526, 527, 529, 531, 533, 534, 535, 537, 539, 541, 544, 547, 550, 553, 556, 560, 564, 568, 572, 578, 583, 588, 593, 599, 606, 612, 618, 626, 634]
[0, 578, 573, 570, 565, 561, 559, 556, 553, 550, 547, 545, 542, 541, 539, 537, 535, 533, 531, 530, 530, 529, 528, 528, 527, 527, 527, 527, 527, 527, 528, 528, 529, 531, 533, 535, 536, 537, 539, 541, 544, 546, 549, 552, 555, 558, 561, 564, 569, 573, 578, 583, 589, 594, 599, 606, 612, 618, 625, 633, 642]
[0, 578, 573, 568, 565, 562, 558, 555, 552, 549, 546, 544, 542, 540, 538, 537, 534, 532, 531, 530, 530, 529, 528, 528, 527, 526, 526, 526, 527, 528, 528, 529, 529, 532, 534, 535, 536, 537, 540, 541, 542, 544, 547, 549, 555, 558, 559, 563, 566, 570, 575, 580, 585, 596, 599, 608, 612, 614, 620, 627, 635]
[0, 588, 584, 568, 580, 575, 571, 568, 565, 562, 559, 558, 556, 553, 552, 550, 548, 546, 545, 544, 543, 542, 541, 528, 527, 527, 526, 527, 527, 527, 528, 529, 529, 530, 532, 534, 536, 537, 538, 540, 542, 545, 547, 550, 553, 556, 560, 565, 568, 571, 575, 581, 586, 590, 595, 602, 607, 614, 621, 628, 635]
[0, 595, 590, 586, 581, 578, 574, 571, 568, 565, 562, 560, 558, 557, 555, 553, 551, 549, 548, 547, 546, 545, 545, 541, 540, 540, 540, 540, 540, 541, 541, 542, 529, 544, 547, 548, 549, 551, 553, 540, 558, 545, 560, 562, 565, 574, 578, 565, 582, 586, 590, 595, 599, 604, 610, 623, 607, 630, 637, 652, 635]
[0, 593, 589, 585, 581, 577, 573, 569, 566, 565, 562, 560, 558, 555, 554, 553, 550, 549, 549, 547, 547, 546, 546, 545, 543, 540, 544, 540, 544, 545, 545, 546, 547, 548, 550, 552, 553, 554, 556, 558, 560, 562, 564, 567, 571, 573, 577, 583, 586, 590, 595, 599, 605, 610, 616, 622, 629, 636, 644, 651, 659]
[0, 593, 589, 585, 582, 578, 573, 570, 567, 565, 562, 560, 557, 555, 554, 553, 552, 550, 549, 548, 547, 546, 545, 544, 545, 544, 543, 544, 544, 545, 545, 546, 547, 548, 550, 551, 552, 554, 556, 558, 560, 562, 565, 568, 571, 576, 580, 583, 588, 592, 596, 601, 606, 612, 618, 624, 631, 639, 647, 653, 660]
[0, 594, 590, 586, 581, 578, 574, 571, 568, 564, 562, 560, 558, 557, 555, 552, 551, 549, 548, 547, 546, 545, 545, 545, 544, 544, 543, 544, 544, 544, 545, 546, 547, 548, 550, 551, 552, 554, 556, 558, 560, 562, 565, 568, 571, 576, 580, 583, 588, 592, 596, 601, 606, 612, 618, 624, 631, 639, 646, 653, 660]
[0, 602, 597, 593, 590, 586, 583, 579, 568, 576, 570, 560, 568, 566, 563, 562, 560, 559, 558, 557, 556, 556, 555, 544, 543, 543, 544, 544, 545, 544, 546, 546, 547, 548, 550, 551, 553, 554, 555, 557, 559, 562, 564, 567, 570, 573, 577, 582, 586, 590, 595, 599, 605, 610, 615, 621, 628, 636, 644, 651, 659]
[0, 602, 597, 593, 590, 586, 583, 579, 568, 576, 573, 570, 568, 566, 563, 562, 560, 559, 558, 557, 556, 556, 555, 554, 554, 553, 553, 553, 553, 554, 555, 556, 557, 558, 559, 561, 563, 564, 565, 568, 570, 573, 577, 580, 583, 587, 591, 594, 598, 603, 607, 612, 618, 624, 630, 636, 643, 650, 658, 666, 674]
[0, 616, 611, 606, 602, 599, 595, 592, 589, 586, 584, 581, 579, 576, 574, 572, 571, 570, 568, 567, 566, 565, 565, 554, 553, 553, 553, 553, 553, 554, 555, 556, 557, 558, 559, 561, 562, 564, 565, 568, 570, 573, 577, 580, 583, 587, 591, 594, 598, 603, 607, 612, 618, 624, 630, 636, 643, 650, 658, 665, 673]
[0, 621, 612, 606, 608, 604, 600, 597, 593, 591, 589, 586, 584, 581, 580, 578, 576, 574, 573, 571, 570, 570, 568, 564, 553, 563, 553, 564, 553, 565, 555, 565, 564, 563, 559, 568, 573, 575, 577, 579, 581, 584, 587, 591, 593, 596, 599, 604, 607, 612, 617, 622, 627, 634, 640, 646, 652, 659, 667, 674, 682]
[0, 630, 625, 620, 616, 612, 608, 605, 602, 599, 597, 595, 593, 590, 580, 589, 586, 584, 573, 583, 582, 581, 580, 579, 567, 567, 567, 568, 568, 569, 569, 563, 558, 562, 568, 576, 579, 580, 583, 585, 588, 591, 594, 596, 599, 603, 607, 611, 615, 620, 625, 631, 638, 644, 649, 655, 662, 669, 677, 685, 693]
[0, 629, 624, 619, 614, 612, 609, 605, 604, 599, 597, 595, 595, 593, 590, 588, 586, 585, 584, 582, 581, 581, 580, 579, 578, 579, 579, 579, 580, 578, 568, 561, 558, 557, 560, 568, 581, 589, 592, 595, 597, 599, 602, 606, 609, 612, 616, 620, 625, 630, 636, 642, 648, 653, 659, 666, 673, 679, 687, 696, 704]
[0, 633, 624, 628, 623, 619, 616, 612, 608, 605, 603, 601, 598, 596, 595, 593, 591, 590, 589, 588, 587, 587, 586, 579, 578, 578, 579, 579, 580, 575, 567, 560, 557, 558, 561, 572, 584, 590, 593, 595, 598, 600, 603, 606, 609, 613, 617, 621, 626, 632, 637, 643, 649, 654, 660, 667, 674, 682, 689, 697, 706]
[0, 638, 632, 628, 623, 619, 616, 612, 608, 605, 604, 602, 599, 596, 595, 593, 591, 589, 588, 588, 587, 586, 585, 584, 584, 584, 584, 585, 579, 569, 564, 560, 558, 558, 562, 572, 589, 596, 593, 601, 598, 604, 606, 609, 612, 619, 617, 629, 626, 634, 640, 645, 655, 661, 660, 675, 674, 690, 689, 707, 706]
[0, 652, 648, 628, 643, 638, 633, 629, 625, 622, 620, 617, 615, 613, 611, 609, 607, 605, 604, 603, 602, 601, 601, 584, 584, 583, 584, 585, 579, 579, 568, 563, 560, 556, 558, 563, 0, 596, 593, 599, 604, 607, 606, 610, 612, 616, 619, 623, 629, 634, 645, 645, 650, 656, 662, 669, 676, 683, 690, 699, 707]
[0, 652, 647, 643, 643, 637, 633, 629, 625, 623, 620, 617, 615, 614, 611, 609, 607, 605, 604, 603, 602, 601, 601, 600, 600, 600, 595, 585, 581, 577, 570, 569, 565, 556, 556, 557, 0, 0, 615, 617, 620, 622, 626, 630, 634, 639, 644, 648, 653, 658, 663, 670, 676, 682, 688, 696, 704, 711, 718, 727, 736]
[0, 652, 647, 647, 643, 637, 633, 629, 625, 623, 620, 617, 615, 613, 611, 609, 607, 605, 604, 603, 602, 601, 601, 600, 600, 600, 595, 585, 581, 577, 569, 569, 565, 557, 557, 557, 0, 0, 615, 617, 620, 622, 626, 630, 634, 638, 643, 648, 652, 658, 663, 669, 675, 682, 688, 696, 704, 711, 718, 726, 735]
[0, 659, 654, 649, 645, 637, 635, 629, 633, 630, 627, 625, 622, 620, 617, 615, 614, 612, 611, 610, 609, 608, 607, 600, 600, 600, 595, 585, 581, 577, 569, 569, 565, 557, 557, 557, 0, 0, 0, 617, 620, 622, 626, 630, 634, 638, 643, 648, 652, 657, 663, 668, 675, 681, 688, 695, 704, 710, 717, 726, 735]
[0, 662, 657, 652, 648, 644, 640, 635, 632, 629, 626, 624, 622, 619, 616, 615, 613, 612, 611, 610, 608, 607, 607, 606, 606, 606, 599, 588, 581, 578, 574, 568, 562, 559, 558, 560, 0, 0, 0, 623, 628, 631, 632, 636, 641, 645, 649, 654, 659, 664, 670, 675, 680, 687, 695, 702, 709, 716, 724, 733, 742]
[0, 672, 667, 662, 657, 652, 649, 646, 644, 641, 637, 634, 632, 629, 627, 626, 624, 622, 621, 620, 619, 607, 617, 607, 607, 606, 599, 597, 585, 578, 571, 568, 569, 564, 557, 557, 0, 0, 0, 623, 625, 628, 632, 634, 643, 645, 646, 651, 656, 666, 670, 671, 677, 683, 697, 702, 705, 711, 718, 727, 737]
[0, 670, 665, 662, 655, 652, 648, 646, 645, 642, 639, 636, 634, 631, 629, 627, 625, 623, 622, 621, 619, 618, 617, 617, 607, 614, 606, 595, 588, 587, 581, 574, 569, 563, 558, 558, 0, 0, 0, 0, 639, 642, 644, 647, 651, 655, 660, 664, 670, 674, 679, 686, 692, 700, 706, 712, 718, 726, 735, 745, 754]
[0, 690, 684, 679, 675, 670, 665, 663, 661, 658, 654, 652, 649, 647, 646, 643, 641, 641, 622, 639, 637, 618, 636, 635, 617, 610, 598, 589, 584, 581, 576, 570, 569, 559, 558, 555, 559, 0, 0, 0, 639, 641, 645, 649, 654, 658, 662, 667, 672, 678, 683, 690, 696, 702, 709, 716, 723, 731, 741, 750, 759]
[0, 692, 687, 681, 676, 672, 668, 665, 663, 659, 655, 653, 650, 648, 646, 645, 643, 641, 641, 640, 638, 637, 636, 635, 628, 622, 0, 595, 588, 586, 583, 578, 573, 566, 558, 557, 561, 0, 0, 0, 0, 659, 662, 666, 670, 675, 679, 684, 689, 695, 702, 708, 713, 719, 726, 734, 741, 750, 759, 768, 777]
[0, 690, 685, 679, 675, 671, 666, 663, 661, 658, 654, 652, 649, 647, 646, 643, 641, 641, 640, 638, 638, 636, 636, 635, 622, 613, 598, 595, 590, 588, 583, 581, 576, 570, 562, 557, 559, 0, 0, 0, 0, 661, 0, 669, 674, 678, 683, 688, 694, 700, 706, 708, 717, 719, 724, 738, 741, 756, 759, 774, 782]
[0, 697, 691, 686, 681, 677, 666, 670, 661, 663, 661, 659, 649, 656, 654, 652, 650, 649, 647, 646, 645, 645, 644, 635, 629, 623, 0, 595, 586, 584, 585, 579, 573, 568, 561, 557, 561, 0, 0, 0, 0, 0, 662, 666, 670, 675, 679, 684, 690, 695, 701, 708, 713, 719, 726, 733, 741, 749, 758, 768, 777]
[0, 708, 701, 696, 690, 686, 682, 679, 676, 674, 670, 667, 665, 663, 660, 658, 655, 654, 653, 653, 651, 651, 643, 636, 628, 625, 0, 595, 590, 588, 585, 578, 572, 566, 560, 560, 563, 0, 0, 0, 0, 667, 670, 675, 680, 684, 689, 694, 700, 706, 711, 716, 722, 729, 737, 745, 754, 762, 770, 779, 789]
[0, 711, 706, 701, 696, 692, 687, 684, 680, 677, 675, 673, 669, 666, 665, 663, 661, 659, 658, 657, 657, 657, 0, 636, 634, 632, 0, 0, 594, 594, 592, 584, 578, 572, 564, 559, 561, 565, 0, 0, 0, 668, 677, 680, 685, 691, 696, 701, 706, 711, 717, 723, 730, 737, 744, 751, 759, 768, 776, 785, 795]
[0, 719, 714, 710, 706, 702, 698, 684, 695, 688, 685, 673, 682, 678, 665, 676, 675, 673, 672, 671, 670, 665, 654, 639, 639, 631, 0, 0, 595, 596, 595, 585, 578, 572, 565, 559, 559, 563, 0, 0, 670, 681, 684, 689, 0, 694, 698, 710, 706, 720, 717, 727, 740, 737, 747, 754, 771, 768, 790, 799, 795]
[0, 727, 720, 716, 711, 707, 703, 699, 696, 693, 690, 687, 683, 681, 679, 677, 675, 674, 674, 673, 671, 0, 650, 651, 655, 649, 0, 0, 597, 596, 594, 586, 579, 571, 565, 559, 559, 567, 0, 0, 670, 0, 700, 704, 709, 713, 718, 723, 728, 734, 741, 748, 755, 762, 770, 778, 786, 795, 803, 812, 822]
[0, 726, 720, 715, 712, 707, 703, 700, 696, 693, 690, 686, 683, 682, 679, 677, 676, 674, 674, 673, 672, 0, 650, 654, 653, 642, 0, 0, 597, 592, 593, 591, 584, 575, 565, 560, 562, 565, 0, 0, 670, 695, 702, 704, 710, 714, 719, 723, 732, 734, 744, 750, 755, 764, 773, 782, 790, 799, 808, 816, 826]
[0, 737, 732, 726, 721, 717, 714, 710, 707, 704, 701, 698, 696, 693, 691, 689, 687, 685, 683, 683, 672, 0, 664, 654, 653, 642, 642, 0, 596, 594, 594, 589, 582, 575, 565, 559, 561, 565, 0, 0, 670, 0, 703, 0, 708, 711, 715, 720, 726, 733, 739, 745, 752, 758, 766, 774, 782, 801, 809, 816, 820]
[0, 749, 744, 738, 733, 729, 724, 720, 717, 714, 711, 709, 706, 703, 701, 700, 698, 697, 695, 692, 680, 667, 664, 666, 666, 660, 0, 0, 598, 596, 596, 591, 583, 574, 563, 559, 564, 568, 0, 0, 670, 0, 0, 716, 721, 726, 731, 736, 742, 749, 756, 763, 769, 775, 784, 793, 800, 810, 820, 828, 837]
[0, 756, 751, 746, 741, 736, 733, 729, 724, 721, 718, 716, 713, 703, 709, 700, 708, 706, 704, 703, 0, 677, 677, 676, 666, 669, 0, 0, 601, 599, 599, 593, 585, 574, 564, 561, 564, 568, 576, 0, 670, 0, 715, 727, 731, 736, 741, 747, 753, 760, 766, 772, 780, 788, 796, 803, 813, 822, 829, 839, 850]
[0, 754, 751, 744, 741, 739, 734, 731, 727, 722, 719, 716, 715, 713, 711, 709, 707, 705, 703, 702, 0, 677, 676, 680, 684, 0, 0, 609, 599, 593, 593, 592, 586, 575, 563, 562, 567, 571, 579, 0, 670, 0, 0, 738, 742, 746, 753, 759, 765, 770, 776, 784, 791, 799, 805, 814, 824, 832, 840, 850, 862]
[0, 771, 765, 760, 756, 751, 746, 742, 738, 735, 733, 730, 726, 724, 723, 721, 719, 717, 716, 702, 705, 694, 695, 679, 683, 0, 0, 597, 599, 593, 593, 594, 587, 579, 569, 562, 563, 569, 574, 0, 670, 0, 0, 738, 743, 749, 755, 761, 766, 772, 779, 787, 795, 802, 810, 819, 826, 834, 844, 855, 866]
[0, 771, 765, 761, 756, 752, 747, 741, 738, 736, 733, 730, 727, 724, 723, 721, 719, 719, 717, 716, 705, 692, 694, 696, 694, 0, 0, 633, 0, 595, 593, 593, 587, 575, 564, 564, 568, 574, 581, 0, 670, 0, 0, 0, 757, 762, 767, 773, 778, 785, 792, 799, 807, 815, 823, 831, 839, 849, 859, 869, 878]
[0, 782, 777, 771, 765, 761, 758, 754, 749, 746, 742, 738, 736, 734, 732, 730, 728, 727, 725, 723, 0, 697, 700, 697, 695, 0, 0, 0, 0, 596, 594, 594, 587, 575, 564, 564, 568, 575, 582, 0, 670, 0, 0, 0, 758, 762, 767, 773, 778, 785, 794, 801, 808, 815, 823, 831, 839, 850, 860, 869, 878]
[0, 788, 782, 777, 772, 768, 764, 761, 756, 752, 750, 746, 743, 740, 738, 736, 734, 733, 732, 727, 718, 712, 700, 703, 702, 0, 0, 607, 0, 0, 594, 0, 587, 577, 567, 564, 565, 570, 578, 0, 0, 0, 759, 763, 767, 772, 778, 785, 791, 797, 804, 810, 818, 826, 833, 841, 852, 863, 871, 880, 890]
[0, 804, 798, 792, 787, 781, 777, 773, 770, 767, 765, 762, 760, 758, 755, 753, 751, 749, 749, 748, 741, 726, 722, 709, 702, 0, 0, 0, 602, 592, 591, 593, 585, 574, 566, 566, 570, 576, 583, 593, 605, 0, 759, 0, 774, 779, 785, 790, 796, 803, 810, 817, 824, 831, 838, 848, 859, 867, 876, 884, 892]
[0, 816, 811, 805, 799, 794, 789, 785, 782, 778, 776, 773, 770, 768, 766, 764, 762, 760, 759, 758, 757, 748, 722, 725, 723, 0, 0, 0, 602, 610, 591, 0, 589, 578, 568, 566, 568, 575, 582, 591, 605, 0, 790, 796, 801, 806, 811, 818, 824, 829, 836, 843, 851, 860, 868, 877, 886, 896, 904, 914, 927]
[0, 815, 809, 803, 798, 793, 789, 785, 782, 778, 775, 772, 770, 769, 767, 763, 762, 762, 760, 759, 758, 750, 740, 737, 723, 731, 0, 0, 594, 602, 599, 592, 584, 574, 567, 567, 571, 579, 587, 600, 0, 0, 790, 0, 805, 810, 815, 821, 827, 832, 839, 847, 854, 862, 871, 879, 888, 896, 907, 919, 929]
[0, 826, 820, 815, 809, 804, 800, 796, 792, 788, 785, 783, 780, 777, 776, 773, 770, 769, 768, 767, 767, 757, 739, 737, 734, 0, 0, 623, 0, 606, 0, 589, 581, 570, 567, 568, 571, 580, 589, 600, 0, 0, 797, 802, 807, 812, 818, 824, 830, 836, 841, 848, 857, 865, 873, 881, 891, 901, 909, 919, 931]
[0, 823, 818, 813, 807, 803, 798, 794, 790, 787, 785, 782, 779, 776, 774, 772, 770, 769, 769, 768, 767, 766, 0, 739, 744, 0, 0, 0, 612, 607, 600, 589, 581, 574, 567, 568, 572, 578, 586, 600, 0, 0, 0, 814, 819, 824, 830, 835, 843, 850, 857, 865, 872, 879, 886, 896, 907, 917, 926, 936, 947]
[0, 840, 833, 829, 825, 820, 816, 812, 808, 805, 803, 800, 797, 794, 792, 790, 788, 787, 786, 785, 784, 783, 0, 735, 741, 0, 0, 614, 605, 605, 598, 588, 580, 574, 570, 567, 573, 578, 589, 600, 0, 0, 807, 812, 817, 822, 827, 832, 838, 845, 852, 859, 867, 874, 881, 891, 899, 911, 922, 931, 941]
[0, 842, 836, 831, 827, 822, 818, 813, 809, 806, 803, 800, 798, 794, 791, 790, 789, 788, 786, 785, 784, 783, 0, 0, 757, 758, 0, 614, 605, 0, 596, 585, 578, 570, 567, 570, 576, 583, 590, 600, 0, 0, 825, 829, 833, 839, 845, 853, 860, 866, 871, 878, 885, 892, 901, 910, 920, 931, 941, 952, 963]
[0, 852, 845, 839, 834, 830, 827, 824, 820, 816, 814, 812, 798, 806, 791, 805, 802, 801, 800, 799, 798, 797, 797, 760, 760, 758, 0, 614, 605, 0, 601, 591, 582, 574, 567, 569, 574, 580, 587, 600, 0, 821, 828, 832, 837, 843, 849, 856, 864, 870, 876, 882, 889, 898, 907, 917, 927, 936, 947, 958, 970]
[0, 862, 855, 849, 843, 838, 834, 831, 827, 824, 821, 812, 816, 806, 812, 805, 810, 801, 808, 806, 805, 805, 804, 796, 0, 768, 0, 614, 605, 0, 0, 585, 577, 570, 0, 573, 574, 578, 594, 607, 0, 0, 838, 844, 851, 857, 863, 869, 874, 881, 888, 894, 902, 911, 919, 930, 940, 949, 960, 972, 985]
[0, 880, 875, 870, 865, 860, 856, 852, 827, 848, 840, 812, 838, 835, 833, 832, 831, 830, 829, 828, 827, 826, 826, 803, 791, 777, 0, 614, 605, 0, 589, 584, 577, 570, 570, 574, 578, 578, 594, 607, 0, 0, 846, 851, 857, 863, 869, 873, 879, 886, 893, 900, 907, 917, 927, 936, 946, 957, 968, 980, 992]
[0, 881, 875, 871, 866, 861, 858, 853, 849, 844, 841, 839, 835, 834, 832, 832, 830, 830, 829, 828, 828, 827, 826, 827, 826, 827, 0, 0, 599, 0, 600, 588, 575, 570, 573, 575, 580, 585, 591, 613, 0, 0, 871, 876, 881, 885, 891, 898, 905, 911, 919, 927, 935, 943, 952, 963, 973, 986, 997, 1008, 1020]
[0, 904, 898, 892, 886, 882, 877, 873, 870, 867, 864, 861, 858, 856, 853, 850, 849, 848, 848, 849, 847, 845, 826, 827, 826, 827, 0, 0, 599, 0, 0, 582, 575, 572, 574, 575, 579, 585, 598, 611, 0, 0, 870, 874, 879, 885, 890, 895, 902, 910, 918, 926, 934, 942, 952, 962, 973, 984, 995, 1007, 1018]
[0, 901, 896, 890, 884, 879, 875, 873, 871, 867, 864, 861, 858, 855, 853, 852, 850, 848, 848, 849, 850, 848, 846, 844, 845, 827, 0, 0, 621, 618, 613, 0, 579, 576, 577, 582, 589, 594, 601, 612, 0, 887, 891, 897, 903, 910, 917, 925, 932, 938, 945, 954, 963, 974, 986, 995, 1004, 1016, 1029, 1040, 1054]
[0, 924, 896, 912, 906, 879, 900, 895, 891, 889, 886, 883, 879, 877, 876, 874, 872, 871, 870, 869, 870, 870, 869, 846, 846, 846, 0, 0, 621, 0, 0, 583, 579, 578, 576, 586, 589, 596, 604, 618, 0, 0, 890, 894, 899, 905, 913, 921, 927, 935, 942, 949, 958, 968, 978, 989, 998, 1008, 1019, 1032, 1045]
[0, 926, 920, 914, 907, 901, 897, 893, 890, 886, 883, 882, 879, 877, 875, 873, 871, 871, 870, 870, 870, 869, 869, 869, 870, 870, 0, 0, 617, 0, 617, 0, 583, 580, 579, 588, 599, 607, 614, 619, 632, 0, 914, 920, 928, 934, 939, 945, 951, 958, 968, 978, 988, 996, 1006, 1016, 1028, 1040, 1052, 1065, 1078]
[0, 942, 936, 930, 925, 919, 913, 910, 905, 900, 896, 894, 891, 889, 888, 886, 884, 882, 881, 881, 881, 881, 869, 869, 870, 870, 0, 0, 615, 615, 0, 586, 581, 580, 585, 595, 605, 613, 618, 627, 632, 0, 912, 918, 925, 932, 938, 944, 950, 957, 966, 976, 986, 995, 1004, 1014, 1025, 1036, 1048, 1062, 1076]
[0, 942, 945, 938, 933, 927, 921, 917, 913, 908, 905, 902, 899, 897, 896, 894, 892, 890, 890, 889, 888, 888, 888, 882, 882, 870, 0, 642, 629, 619, 613, 0, 583, 581, 585, 596, 607, 616, 625, 632, 0, 926, 931, 937, 943, 949, 956, 963, 971, 980, 990, 997, 1006, 1016, 1026, 1036, 1048, 1062, 1075, 1088, 1104]
[0, 949, 943, 937, 932, 927, 923, 919, 913, 910, 905, 904, 899, 902, 899, 897, 896, 895, 893, 893, 893, 892, 892, 888, 889, 888, 0, 642, 0, 612, 613, 0, 586, 584, 585, 595, 607, 616, 626, 634, 0, 934, 939, 944, 949, 955, 962, 971, 979, 987, 996, 1004, 1014, 1024, 1033, 1044, 1056, 1069, 1082, 1095, 1109]
[0, 948, 943, 937, 932, 927, 922, 919, 918, 913, 910, 907, 904, 902, 898, 895, 895, 895, 895, 894, 893, 890, 891, 892, 892, 892, 0, 642, 616, 612, 616, 0, 587, 585, 586, 594, 605, 615, 635, 634, 0, 935, 940, 946, 952, 957, 964, 973, 981, 989, 998, 1005, 1016, 1026, 1036, 1047, 1059, 1072, 1084, 1098, 1112]
[0, 981, 973, 968, 962, 956, 952, 948, 944, 941, 910, 938, 935, 934, 932, 929, 895, 928, 927, 927, 926, 926, 926, 892, 892, 893, 0, 0, 0, 616, 614, 0, 586, 584, 586, 596, 607, 616, 626, 634, 0, 935, 940, 946, 953, 957, 964, 974, 983, 990, 998, 1005, 1016, 1026, 1035, 1047, 1059, 1072, 1085, 1098, 1112]
[0, 1004, 997, 991, 985, 979, 973, 967, 962, 958, 955, 951, 949, 947, 946, 944, 942, 942, 942, 940, 939, 939, 926, 926, 928, 928, 0, 0, 622, 619, 614, 0, 594, 592, 592, 614, 607, 626, 642, 634, 0, 977, 983, 990, 996, 1001, 1008, 1015, 1024, 1032, 1040, 1049, 1059, 1069, 1081, 1091, 1103, 1118, 1131, 1145, 1161]
[0, 1032, 1025, 1018, 1013, 1006, 1001, 997, 993, 990, 987, 984, 980, 976, 974, 974, 973, 972, 970, 969, 969, 970, 940, 941, 942, 942, 0, 0, 0, 619, 620, 0, 595, 594, 596, 608, 623, 633, 640, 0, 985, 991, 996, 1002, 1009, 1017, 1024, 1032, 1040, 1048, 1058, 1068, 1079, 1089, 1100, 1114, 1127, 1141, 1157, 1168, 1181]
[0, 1032, 1028, 1022, 1015, 1008, 1002, 999, 996, 990, 987, 985, 980, 977, 974, 973, 973, 972, 970, 970, 970, 969, 970, 970, 970, 971, 0, 0, 0, 617, 619, 610, 601, 601, 603, 615, 629, 636, 640, 0, 0, 1024, 1030, 1037, 1043, 1051, 1058, 1065, 1073, 1083, 1092, 1103, 1116, 1128, 1141, 1155, 1166, 1177, 1191, 1204, 1219]
[0, 1031, 1025, 1018, 1011, 1005, 1001, 998, 993, 989, 985, 983, 979, 976, 975, 973, 973, 972, 971, 969, 968, 969, 970, 970, 970, 970, 0, 0, 0, 620, 613, 604, 601, 601, 600, 610, 625, 635, 643, 0, 1015, 1022, 1029, 1035, 1041, 1049, 1057, 1063, 1072, 1080, 1090, 1101, 1112, 1124, 1137, 1151, 1163, 1175, 1187, 1201, 1218]
[0, 1054, 1046, 1041, 1036, 1029, 1001, 1020, 1016, 1013, 985, 1008, 1004, 1002, 1001, 1000, 1000, 999, 999, 997, 996, 996, 997, 970, 970, 972, 0, 0, 0, 618, 609, 600, 600, 599, 605, 619, 631, 638, 0, 1014, 1019, 1024, 1029, 1038, 1046, 1054, 1062, 1069, 1077, 1086, 1096, 1101, 1106, 1119, 1133, 1147, 1159, 1183, 1196, 1210, 1226]
[0, 1062, 1054, 1046, 1040, 1032, 1027, 1024, 1019, 1015, 1012, 1007, 1004, 1002, 1001, 1000, 999, 998, 996, 996, 996, 997, 997, 997, 997, 998, 1000, 0, 0, 624, 617, 610, 604, 605, 606, 614, 628, 636, 0, 1039, 1044, 1050, 1057, 1063, 1069, 1077, 1085, 1093, 1101, 1110, 1120, 1130, 1145, 1157, 1168, 1179, 1192, 1204, 1220, 1237, 1251]
[0, 1071, 1064, 1055, 1049, 1045, 1027, 1040, 1036, 1032, 1028, 1025, 1022, 1020, 1017, 1015, 1015, 1013, 1012, 1012, 1013, 1013, 1013, 997, 998, 999, 1000, 0, 0, 617, 618, 610, 605, 606, 608, 620, 633, 639, 0, 1040, 1044, 1051, 1058, 1065, 1073, 1080, 1088, 1095, 1105, 1115, 1126, 1136, 1149, 1162, 1171, 1183, 1196, 1208, 1224, 1241, 1256]
[0, 1083, 1076, 1068, 1061, 1057, 1051, 1045, 1043, 1039, 1036, 1025, 1033, 1029, 1017, 1027, 1026, 1026, 1024, 1023, 1013, 1023, 1022, 1014, 1014, 1015, 1018, 0, 0, 624, 613, 607, 606, 606, 610, 621, 632, 640, 0, 1062, 1068, 1074, 1079, 1085, 1092, 1101, 1110, 1120, 1128, 1140, 1152, 1161, 1172, 1184, 1196, 1210, 1226, 1241, 1255, 1269, 1286]
[0, 1127, 1118, 1111, 1104, 1096, 1091, 1086, 1082, 1079, 1075, 1072, 1071, 1068, 1064, 1064, 1063, 1062, 1063, 1062, 1061, 1063, 1022, 1023, 1023, 1025, 1028, 0, 0, 627, 613, 607, 607, 608, 611, 621, 631, 639, 0, 1069, 1074, 1080, 1087, 1093, 1100, 1109, 1119, 1128, 1136, 1145, 1156, 1167, 1176, 1187, 1202, 1214, 1231, 1249, 1264, 1275, 1290]
[0, 1138, 1130, 1122, 1115, 1108, 1103, 1099, 1094, 1088, 1084, 1082, 1079, 1077, 1076, 1074, 1074, 1073, 1072, 1072, 1071, 1072, 1064, 1066, 1067, 1067, 1067, 0, 0, 625, 614, 607, 614, 617, 625, 635, 0, 1109, 1119, 1125, 1133, 1143, 1151, 1160, 1165, 1170, 1178, 1186, 1199, 1212, 1223, 1238, 1251, 1264, 1276, 1289, 1306, 1325, 1343, 1361, 1380]
[0, 1187, 1178, 1171, 1166, 1161, 1156, 1151, 1144, 1139, 1136, 1132, 1126, 1124, 1124, 1126, 1126, 1123, 1123, 1123, 1125, 1128, 1072, 1074, 1074, 1076, 1077, 0, 0, 0, 627, 0, 615, 618, 626, 635, 0, 0, 1123, 1131, 1138, 1144, 1156, 1166, 1167, 1171, 1178, 1188, 1200, 1212, 1225, 1237, 1249, 1262, 1274, 1286, 1301, 1317, 1335, 1355, 1374]
[0, 1180, 1173, 1166, 1161, 1158, 1153, 1146, 1140, 1136, 1133, 1130, 1127, 1124, 1124, 1126, 1123, 1123, 1122, 1127, 1125, 1128, 1125, 1129, 1137, 1133, 1136, 1139, 1137, 1138, 627, 0, 624, 628, 635, 635, 0, 1165, 1171, 1178, 1183, 1189, 1197, 1203, 1210, 1220, 1230, 1242, 1253, 1261, 1271, 1283, 1295, 1308, 1323, 1341, 1357, 1373, 1386, 1399, 1412]
[0, 1181, 1174, 1168, 1162, 1158, 1154, 1148, 1142, 1136, 1133, 1130, 1127, 1125, 1125, 1125, 1123, 1123, 1124, 1126, 1127, 1127, 1125, 1127, 1135, 1133, 1133, 1138, 1135, 1137, 627, 0, 624, 626, 633, 635, 0, 1166, 1171, 1176, 1181, 1188, 1195, 1201, 1209, 1219, 1230, 1240, 1249, 1260, 1271, 1282, 1293, 1305, 1323, 1340, 1356, 1372, 1384, 1398, 1412]
[0, 1188, 1180, 1173, 1167, 1161, 1157, 1151, 1146, 1141, 1136, 1133, 1130, 1127, 1126, 1126, 1126, 1124, 1125, 1126, 1128, 1129, 1125, 1132, 1136, 1129, 1132, 1135, 1136, 1137, 627, 0, 627, 633, 633, 643, 0, 1163, 1175, 1176, 1179, 1192, 1195, 1210, 1209, 1217, 1225, 1250, 1249, 1260, 1269, 1279, 1304, 1305, 1319, 1351, 1356, 1382, 1394, 1406, 1420]
[0, 1226, 1217, 1209, 1202, 1195, 1190, 1185, 1180, 1177, 1175, 1171, 1169, 1168, 1167, 1165, 1163, 1165, 1165, 1166, 1167, 1165, 1127, 1132, 1137, 1136, 1138, 1138, 1138, 1140, 627, 0, 625, 631, 638, 0, 1162, 1168, 1174, 1178, 1182, 1191, 1199, 1208, 1218, 1224, 1232, 1244, 1253, 1264, 1274, 1285, 1299, 1313, 1328, 1343, 1358, 1376, 1389, 1398, 1411]
[0, 1249, 1241, 1232, 1225, 1219, 1213, 1210, 1205, 1197, 1193, 1191, 1187, 1183, 1181, 1183, 1180, 1178, 1178, 1177, 1177, 1177, 1164, 1164, 1165, 1166, 1168, 1170, 1172, 1173, 1176, 0, 0, 631, 0, 1196, 1201, 1207, 1214, 1221, 1226, 1231, 1237, 1243, 1249, 1256, 1261, 1269, 1276, 1284, 1293, 1303, 1312, 1324, 1338, 1349, 1361, 1374, 1386, 1402, 1417]
[0, 1243, 1241, 1224, 1225, 1218, 1214, 1211, 1205, 1199, 1194, 1192, 1188, 1183, 1181, 1182, 1180, 1178, 1178, 1179, 1179, 1177, 1177, 1180, 1181, 1184, 1185, 1185, 1185, 1187, 1190, 1192, 0, 1196, 1204, 1212, 1214, 1213, 1214, 1219, 1224, 1230, 1236, 1243, 1248, 1253, 1261, 1267, 1273, 1281, 1288, 1300, 1310, 1320, 1332, 1344, 1359, 1370, 1383, 1398, 1411]
[0, 1261, 1255, 1246, 1237, 1230, 1225, 1221, 1217, 1214, 1209, 1205, 1203, 1201, 1198, 1195, 1194, 1194, 1194, 1195, 1194, 1194, 1178, 1180, 1182, 1185, 1185, 1185, 1185, 1187, 1190, 1192, 0, 1199, 1208, 1210, 1211, 1213, 1215, 1220, 1224, 1230, 1235, 1242, 1248, 1253, 1261, 1267, 1273, 1281, 1288, 1300, 1310, 1320, 1332, 1345, 1359, 1369, 1382, 1397, 1412]
[0, 1266, 1259, 1251, 1242, 1234, 1229, 1224, 1221, 1214, 1209, 1209, 1206, 1202, 1200, 1197, 1197, 1195, 1193, 1192, 1192, 1194, 1191, 1193, 1197, 1197, 1185, 1198, 1201, 1202, 1199, 1192, 1201, 1199, 1206, 1210, 1208, 1210, 1214, 1218, 1221, 1227, 1234, 1239, 1244, 1250, 1255, 1262, 1269, 1277, 1284, 1293, 1305, 1315, 1326, 1340, 1354, 1365, 1379, 1394, 1406]
[0, 1303, 1296, 1290, 1282, 1275, 1267, 1262, 1258, 1253, 1248, 1243, 1239, 1236, 1233, 1226, 1220, 1214, 1211, 1210, 1207, 1204, 1195, 1194, 1195, 1196, 1196, 1196, 1196, 1199, 1199, 1196, 1197, 1202, 1205, 1206, 1208, 1211, 1215, 1220, 1225, 1230, 1236, 1241, 1245, 1253, 1260, 1266, 1270, 1277, 1286, 1298, 1310, 1320, 1330, 1342, 1354, 1366, 1381, 1398, 1411]
[0, 1302, 1295, 1288, 1282, 1274, 1266, 1261, 1256, 1253, 1247, 1242, 1238, 1235, 1230, 1224, 1220, 1217, 1213, 1209, 1205, 1203, 1201, 1199, 1198, 1197, 1196, 1195, 1196, 1196, 1196, 1196, 1197, 1199, 1201, 1204, 1208, 1213, 1218, 1220, 1226, 1232, 1235, 1239, 1245, 1253, 1259, 1266, 1272, 1280, 1288, 1299, 1309, 1316, 1328, 1341, 1352, 1366, 1381, 1396, 1411]
[0, 1302, 1327, 1311, 1303, 1294, 1287, 1282, 1277, 1268, 1257, 1248, 1244, 1238, 1232, 1229, 1223, 1218, 1213, 1209, 1206, 1202, 1199, 1198, 1198, 1196, 1196, 1198, 1198, 1196, 1195, 1197, 1198, 1199, 1202, 1206, 1208, 1211, 1215, 1220, 1224, 1230, 1236, 1242, 1248, 1253, 1260, 1267, 1274, 1282, 1289, 1300, 1312, 1324, 1335, 1348, 1362, 1372, 1385, 1401, 1416]
[0, 1302, 1321, 1307, 1300, 1293, 1286, 1280, 1271, 1260, 1251, 1245, 1239, 1235, 1230, 1224, 1220, 1216, 1212, 1208, 1205, 1203, 1200, 1198, 1196, 1196, 1196, 1195, 1196, 1195, 1195, 1196, 1197, 1201, 1203, 1204, 1208, 1209, 1213, 1219, 1223, 1229, 1234, 1239, 1245, 1250, 1256, 1265, 1271, 1278, 1287, 1298, 1308, 1318, 1331, 1341, 1353, 1366, 1381, 1396, 1410]
[0, 1335, 1321, 1308, 1297, 1286, 1279, 1270, 1264, 1257, 1250, 1245, 1240, 1233, 1230, 1225, 1221, 1218, 1213, 1207, 1204, 1202, 1200, 1198, 1198, 1196, 1196, 1195, 1195, 1195, 1196, 1198, 1199, 1199, 1203, 1206, 1207, 1211, 1215, 1220, 1225, 1229, 1236, 1243, 1249, 1253, 1259, 1265, 1274, 1281, 1290, 1299, 1308, 1312, 1323, 1349, 1361, 1375, 1381, 1390, 1405]
[0, 1333, 1319, 1306, 1297, 1297, 1287, 1278, 1269, 1264, 1256, 1249, 1242, 1236, 1232, 1228, 1223, 1216, 1210, 1207, 1204, 1202, 1200, 1197, 1196, 1196, 1194, 1192, 1192, 1192, 1193, 1193, 1195, 1196, 1200, 1203, 1203, 1207, 1212, 1215, 1220, 1224, 1229, 1234, 1240, 1248, 1253, 1261, 1268, 1275, 1284, 1288, 1297, 1309, 1324, 1337, 1349, 1361, 1373, 1388, 1403]
[0, 1340, 1328, 1316, 1302, 1290, 1282, 1275, 1267, 1260, 1252, 1244, 1240, 1236, 1228, 1221, 1218, 1213, 1208, 1204, 1202, 1202, 1198, 1195, 1195, 1195, 1195, 1195, 1193, 1192, 1195, 1195, 1197, 1199, 1200, 1204, 1207, 1210, 1214, 1217, 1221, 1225, 1229, 1237, 1245, 1252, 1258, 1264, 1270, 1275, 1284, 1293, 1304, 1315, 1327, 1342, 1353, 1365, 1380, 1392, 1403]
[0, 1339, 1324, 1310, 1300, 1290, 1281, 1273, 1265, 1257, 1249, 1244, 1238, 1232, 1226, 1221, 1215, 1210, 1207, 1206, 1202, 1200, 1198, 1195, 1193, 1192, 1193, 1192, 1192, 1193, 1193, 1194, 1195, 1196, 1199, 1200, 1202, 1206, 1211, 1215, 1220, 1224, 1230, 1236, 1242, 1249, 1255, 1261, 1268, 1276, 1285, 1294, 1307, 1317, 1327, 1340, 1354, 1365, 1376, 1392, 1406]
[0, 1332, 1320, 1307, 1296, 1286, 1277, 1269, 1265, 1263, 1253, 1246, 1242, 1236, 1232, 1227, 1222, 1215, 1210, 1206, 1204, 1200, 1199, 1196, 1195, 1195, 1194, 1194, 1195, 1195, 1193, 1194, 1198, 1199, 1199, 1202, 1207, 1210, 1214, 1216, 1220, 1229, 1232, 1235, 1244, 1252, 1256, 1263, 1269, 1277, 1288, 1296, 1305, 1316, 1330, 1343, 1353, 1365, 1379, 1393, 1410]
[0, 1333, 1319, 1306, 1295, 1286, 1277, 1268, 1263, 1263, 1253, 1246, 1242, 1236, 1231, 1226, 1221, 1215, 1210, 1206, 1203, 1200, 1196, 1195, 1193, 1192, 1193, 1193, 1193, 1192, 1192, 1192, 1194, 1196, 1198, 1198, 1201, 1204, 1210, 1216, 1217, 1222, 1229, 1234, 1239, 1246, 1251, 1257, 1266, 1275, 1281, 1289, 1300, 1308, 1320, 1334, 1345, 1357, 1372, 1387, 1402]
[0, 1333, 1321, 1309, 1296, 1286, 1279, 1272, 1264, 1257, 1251, 1244, 1238, 1234, 1229, 1223, 1216, 1210, 1207, 1204, 1200, 1197, 1196, 1196, 1193, 1192, 1193, 1193, 1192, 1192, 1192, 1193, 1194, 1195, 1197, 1198, 1201, 1204, 1209, 1214, 1217, 1222, 1228, 1233, 1239, 1245, 1251, 1257, 1265, 1275, 1281, 1287, 1297, 1308, 1319, 1334, 1346, 1357, 1371, 1386, 1401]
[0, 1336, 1324, 1310, 1299, 1289, 1280, 1272, 1264, 1256, 1249, 1244, 1238, 1232, 1226, 1219, 1214, 1210, 1207, 1205, 1203, 1201, 1196, 1195, 1195, 1195, 1192, 1191, 1194, 1194, 1193, 1192, 1195, 1198, 1199, 1202, 1203, 1207, 1213, 1215, 1219, 1226, 1230, 1235, 1241, 1245, 1256, 1263, 1271, 1277, 1285, 1297, 1307, 1308, 1318, 1341, 1357, 1368, 1380, 1395, 1411]
[0, 1334, 1321, 1309, 1296, 1287, 1279, 1271, 1264, 1257, 1250, 1244, 1237, 1233, 1228, 1220, 1214, 1209, 1206, 1203, 1198, 1195, 1198, 1196, 1195, 1194, 1193, 1193, 1192, 1193, 1193, 1194, 1197, 1197, 1198, 1200, 1203, 1209, 1211, 1214, 1218, 1226, 1232, 1235, 1241, 1248, 1255, 1262, 1269, 1274, 1284, 1294, 1304, 1315, 1329, 1343, 1353, 1364, 1378, 1392, 1406]
[0, 1335, 1323, 1310, 1299, 1289, 1280, 1272, 1264, 1256, 1249, 1244, 1238, 1232, 1226, 1220, 1214, 1210, 1206, 1204, 1201, 1199, 1195, 1194, 1194, 1193, 1190, 1191, 1193, 1193, 1195, 1194, 1194, 1197, 1199, 1200, 1201, 1203, 1210, 1218, 1218, 1223, 1232, 1235, 1241, 1248, 1247, 1254, 1262, 1270, 1276, 1284, 1296, 1305, 1316, 1329, 1341, 1357, 1367, 1379, 1410]
[0, 1336, 1324, 1309, 1298, 1289, 1281, 1274, 1266, 1257, 1249, 1244, 1239, 1235, 1228, 1220, 1215, 1210, 1206, 1203, 1201, 1200, 1197, 1195, 1194, 1194, 1193, 1193, 1192, 1193, 1192, 1193, 1196, 1197, 1198, 1201, 1202, 1206, 1209, 1212, 1219, 1226, 1231, 1235, 1241, 1245, 1252, 1262, 1268, 1273, 1283, 1294, 1303, 1315, 1329, 1342, 1353, 1364, 1378, 1392, 1406]
[0, 1326, 1312, 1302, 1294, 1285, 1276, 1268, 1262, 1253, 1249, 1246, 1241, 1235, 1230, 1224, 1216, 1211, 1209, 1205, 1201, 1197, 1195, 1190, 1191, 1191, 1192, 1191, 1191, 1192, 1190, 1191, 1194, 1196, 1198, 1200, 1201, 1205, 1210, 1211, 1214, 1221, 1229, 1233, 1236, 1243, 1251, 1260, 1267, 1273, 1281, 1292, 1303, 1317, 1331, 1344, 1357, 1370, 1388, 1407, 1426]
[0, 1327, 1313, 1302, 1294, 1284, 1275, 1267, 1261, 1255, 1249, 1246, 1238, 1235, 1229, 1223, 1216, 1209, 1206, 1205, 1200, 1197, 1196, 1195, 1193, 1193, 1194, 1192, 1192, 1191, 1191, 1192, 1193, 1195, 1197, 1199, 1202, 1203, 1205, 1207, 1212, 1220, 1224, 1229, 1238, 1242, 1248, 1257, 1264, 1273, 1283, 1290, 1301, 1320, 1334, 1345, 1358, 1374, 1391, 1404, 1421]
[0, 1331, 1320, 1308, 1295, 1286, 1276, 1268, 1263, 1254, 1247, 1241, 1234, 1229, 1224, 1218, 1212, 1209, 1205, 1202, 1199, 1197, 1197, 1195, 1192, 1192, 1191, 1189, 1191, 1190, 1190, 1192, 1191, 1192, 1196, 1199, 1202, 1204, 1206, 1211, 1216, 1221, 1229, 1234, 1242, 1252, 1260, 1265, 1271, 1283, 1294, 1303, 1313, 1322, 1331, 1343, 1358, 1374, 1390, 1405, 1421]
[0, 1333, 1321, 1309, 1298, 1288, 1280, 1273, 1265, 1256, 1248, 1243, 1236, 1229, 1224, 1220, 1215, 1210, 1206, 1202, 1200, 1197, 1194, 1194, 1192, 1189, 1189, 1190, 1191, 1192, 1192, 1191, 1194, 1196, 1198, 1200, 1202, 1206, 1211, 1215, 1220, 1225, 1232, 1242, 1250, 1257, 1266, 1274, 1280, 1283, 1299, 1311, 1320, 1331, 1343, 1354, 1369, 1384, 1399, 1415, 1433]
[0, 1326, 1321, 1315, 1301, 1288, 1279, 1273, 1266, 1257, 1250, 1243, 1238, 1232, 1224, 1219, 1215, 1209, 1207, 1205, 1202, 1200, 1192, 1191, 1191, 1191, 1191, 1190, 1191, 1192, 1190, 1191, 1193, 1195, 1198, 1200, 1202, 1205, 1210, 1215, 1217, 1222, 1230, 1239, 1248, 1256, 1264, 1271, 1279, 1286, 1296, 1308, 1317, 1325, 1338, 1354, 1367, 1379, 1394, 1411, 1427]
[0, 1338, 1326, 1314, 1300, 1287, 1279, 1272, 1265, 1256, 1249, 1243, 1239, 1232, 1226, 1221, 1215, 1211, 1208, 1204, 1199, 1198, 1197, 1195, 1192, 1191, 1190, 1189, 1191, 1190, 1190, 1192, 1192, 1195, 1200, 1204, 1208, 1213, 1218, 1224, 1229, 1235, 1241, 1247, 1253, 1258, 1263, 1269, 1275, 1284, 1295, 1304, 1313, 1324, 1334, 1346, 1361, 1378, 1393, 1405, 1422]
[0, 1333, 1321, 1309, 1297, 1287, 1279, 1272, 1264, 1256, 1248, 1243, 1236, 1230, 1225, 1223, 1222, 1221, 1219, 1217, 1216, 1216, 1196, 1194, 1192, 1190, 1187, 1187, 1189, 1192, 1192, 1192, 1193, 1195, 1199, 1203, 1209, 1214, 1218, 1224, 1230, 1234, 1238, 1244, 1252, 1257, 1263, 1267, 1273, 1284, 1295, 1304, 1315, 1325, 1337, 1349, 1362, 1378, 1393, 1406, 1423]
[0, 1333, 1321, 1309, 1297, 1287, 1279, 1271, 1264, 1255, 1248, 1243, 1237, 1230, 1226, 1224, 1223, 1222, 1220, 1217, 1215, 1214, 1211, 1210, 1210, 1208, 1206, 1206, 1204, 1206, 1207, 1209, 1210, 1210, 1212, 1214, 1217, 1220, 1225, 1228, 1230, 1235, 1242, 1248, 1251, 1257, 1263, 1271, 1276, 1284, 1297, 1305, 1314, 1325, 1336, 1349, 1361, 1378, 1393, 1407, 1423]
[0, 1331, 1319, 1309, 1294, 1284, 1279, 1271, 1264, 1256, 1248, 1243, 1238, 1232, 1227, 1224, 1224, 1223, 1220, 1218, 1216, 1213, 1212, 1210, 1209, 1208, 1207, 1206, 1206, 1207, 1208, 1207, 1208, 1211, 1213, 1215, 1216, 1220, 1225, 1229, 1233, 1236, 1241, 1248, 1251, 1257, 1264, 1272, 1280, 1287, 1296, 1308, 1318, 1328, 1340, 1353, 1366, 1379, 1393, 1409, 1427]
[0, 1344, 1333, 1323, 1313, 1305, 1295, 1288, 1280, 1271, 1262, 1255, 1251, 1247, 1243, 1238, 1230, 1225, 1224, 1220, 1215, 1212, 1211, 1210, 1209, 1208, 1206, 1205, 1205, 1206, 1208, 1208, 1208, 1211, 1213, 1214, 1216, 1220, 1225, 1231, 1235, 1238, 1243, 1248, 1252, 1258, 1266, 1274, 1280, 1288, 1297, 1307, 1317, 1328, 1338, 1351, 1366, 1380, 1395, 1412, 1427]
[0, 1341, 1332, 1322, 1312, 1298, 1290, 1286, 1277, 1271, 1262, 1256, 1251, 1244, 1243, 1237, 1235, 1232, 1228, 1220, 1215, 1214, 1210, 1210, 1209, 1206, 1205, 1206, 1207, 1205, 1204, 1206, 1208, 1211, 1213, 1214, 1217, 1221, 1223, 1225, 1230, 1239, 1244, 1249, 1253, 1259, 1266, 1273, 1279, 1287, 1300, 1310, 1319, 1329, 1339, 1355, 1369, 1384, 1399, 1415, 1432]
[0, 1338, 1329, 1321, 1312, 1300, 1290, 1286, 1277, 1271, 1261, 1256, 1255, 1244, 1243, 1238, 1235, 1231, 1228, 1221, 1216, 1215, 1212, 1210, 1209, 1208, 1207, 1208, 1208, 1207, 1206, 1205, 1206, 1209, 1209, 1211, 1215, 1216, 1219, 1224, 1229, 1234, 1240, 1246, 1252, 1258, 1263, 1269, 1275, 1281, 1292, 1304, 1314, 1324, 1334, 1346, 1359, 1375, 1388, 1402, 1418]
[0, 1351, 1335, 1325, 1317, 1307, 1297, 1288, 1279, 1269, 1265, 1259, 1253, 1248, 1243, 1237, 1232, 1229, 1223, 1217, 1216, 1215, 1212, 1210, 1209, 1208, 1207, 1207, 1207, 1206, 1206, 1205, 1207, 1210, 1209, 1211, 1215, 1217, 1219, 1221, 1226, 1234, 1239, 1244, 1251, 1256, 1261, 1266, 1272, 1281, 1291, 1303, 1312, 1322, 1333, 1345, 1358, 1371, 1386, 1403, 1420]
[0, 1345, 1334, 1323, 1313, 1304, 1295, 1287, 1279, 1271, 1262, 1255, 1251, 1247, 1242, 1238, 1233, 1228, 1223, 1219, 1215, 1212, 1212, 1211, 1209, 1207, 1206, 1206, 1204, 1205, 1207, 1208, 1210, 1210, 1212, 1214, 1216, 1219, 1221, 1225, 1231, 1234, 1239, 1245, 1251, 1256, 1263, 1270, 1279, 1287, 1296, 1305, 1314, 1327, 1335, 1346, 1359, 1372, 1387, 1404, 1421]
[0, 1339, 1329, 1321, 1311, 1300, 1290, 1284, 1279, 1276, 1261, 1255, 1255, 1250, 1244, 1238, 1234, 1231, 1227, 1220, 1216, 1214, 1210, 1209, 1209, 1207, 1205, 1206, 1206, 1205, 1205, 1207, 1209, 1211, 1212, 1214, 1216, 1219, 1223, 1226, 1230, 1236, 1242, 1248, 1253, 1259, 1266, 1274, 1280, 1288, 1299, 1309, 1318, 1328, 1338, 1352, 1367, 1379, 1394, 1411, 1426]
[0, 1352, 1336, 1325, 1317, 1307, 1297, 1289, 1283, 1273, 1264, 1259, 1252, 1247, 1243, 1237, 1233, 1230, 1223, 1217, 1215, 1213, 1212, 1210, 1208, 1207, 1206, 1206, 1205, 1204, 1205, 1206, 1207, 1209, 1207, 1209, 1214, 1217, 1219, 1222, 1227, 1233, 1237, 1242, 1248, 1253, 1262, 1267, 1272, 1282, 1293, 1301, 1311, 1321, 1330, 1343, 1357, 1370, 1385, 1400, 1417]
[0, 1351, 1336, 1325, 1317, 1306, 1297, 1289, 1282, 1272, 1264, 1259, 1253, 1248, 1243, 1238, 1233, 1229, 1223, 1217, 1215, 1213, 1210, 1209, 1209, 1207, 1206, 1206, 1205, 1206, 1207, 1206, 1207, 1209, 1208, 1208, 1217, 1219, 1218, 1224, 1229, 1234, 1239, 1245, 1252, 1257, 1263, 1269, 1275, 1282, 1292, 1303, 1312, 1323, 1333, 1346, 1359, 1375, 1389, 1402, 1418]
[0, 1345, 1333, 1323, 1312, 1302, 1295, 1286, 1278, 1271, 1263, 1257, 1252, 1246, 1241, 1237, 1232, 1229, 1225, 1217, 1213, 1211, 1211, 1210, 1209, 1206, 1206, 1205, 1204, 1205, 1207, 1208, 1209, 1210, 1210, 1212, 1215, 1218, 1221, 1225, 1230, 1234, 1239, 1246, 1252, 1256, 1262, 1270, 1278, 1287, 1296, 1305, 1315, 1326, 1337, 1348, 1361, 1375, 1389, 1405, 1421]
[0, 1340, 1330, 1318, 1308, 1300, 1290, 1283, 1276, 1267, 1261, 1256, 1250, 1247, 1240, 1235, 1232, 1232, 1227, 1220, 1215, 1214, 1209, 1209, 1208, 1206, 1206, 1206, 1206, 1206, 1206, 1207, 1208, 1211, 1212, 1214, 1217, 1219, 1223, 1226, 1230, 1234, 1240, 1248, 1254, 1259, 1266, 1273, 1280, 1288, 1299, 1308, 1318, 1327, 1338, 1352, 1367, 1380, 1394, 1411, 1426]
[0, 1345, 1333, 1325, 1315, 1304, 1294, 1286, 1277, 1269, 1262, 1256, 1252, 1247, 1243, 1237, 1233, 1228, 1221, 1217, 1215, 1212, 1209, 1210, 1209, 1208, 1207, 1206, 1205, 1204, 1205, 1205, 1206, 1209, 1211, 1212, 1214, 1216, 1217, 1220, 1227, 1233, 1237, 1242, 1247, 1253, 1260, 1266, 1272, 1283, 1293, 1302, 1311, 1321, 1330, 1343, 1358, 1371, 1386, 1401, 1417]
[0, 1357, 1342, 1327, 1317, 1308, 1300, 1291, 1283, 1276, 1268, 1259, 1253, 1249, 1243, 1237, 1231, 1225, 1220, 1217, 1213, 1210, 1209, 1209, 1209, 1207, 1205, 1206, 1205, 1204, 1206, 1207, 1208, 1210, 1212, 1214, 1216, 1219, 1223, 1227, 1232, 1235, 1240, 1248, 1253, 1258, 1265, 1273, 1280, 1288, 1297, 1307, 1317, 1326, 1338, 1351, 1365, 1379, 1394, 1410, 1425]
[0, 1339, 1328, 1327, 1310, 1299, 1291, 1283, 1283, 1274, 1266, 1260, 1254, 1248, 1242, 1237, 1233, 1227, 1223, 1219, 1213, 1211, 1211, 1210, 1208, 1205, 1204, 1204, 1203, 1206, 1206, 1205, 1206, 1209, 1210, 1211, 1213, 1215, 1218, 1224, 1229, 1233, 1239, 1245, 1252, 1257, 1263, 1269, 1276, 1285, 1295, 1303, 1314, 1324, 1333, 1345, 1360, 1375, 1389, 1400, 1414]
[0, 1343, 1330, 1318, 1308, 1301, 1292, 1283, 1275, 1266, 1259, 1254, 1247, 1241, 1237, 1232, 1233, 1223, 1217, 1215, 1213, 1213, 1211, 1209, 1208, 1205, 1204, 1204, 1204, 1205, 1206, 1205, 1206, 1209, 1209, 1210, 1214, 1216, 1217, 1222, 1229, 1233, 1238, 1244, 1248, 1253, 1260, 1266, 1273, 1282, 1291, 1301, 1311, 1321, 1331, 1344, 1357, 1371, 1385, 1400, 1416]
[0, 1339, 1327, 1319, 1309, 1299, 1290, 1283, 1279, 1270, 1266, 1260, 1254, 1247, 1241, 1237, 1233, 1227, 1218, 1215, 1213, 1212, 1211, 1206, 1206, 1205, 1207, 1206, 1205, 1204, 1205, 1205, 1206, 1208, 1210, 1212, 1213, 1216, 1220, 1223, 1227, 1233, 1237, 1238, 1244, 1252, 1257, 1263, 1272, 1283, 1292, 1300, 1310, 1321, 1329, 1342, 1356, 1371, 1385, 1399, 1416]
