[0, 0, 0, 0, 0, 0, 0, 0, 0, 0, 0, 0, 0, 0, 0, 0, 0, 0, 0, 0, 0, 0, 0, 0, 0, 0, 0, 0, 0, 0, 0, 0, 0, 0, 0, 0, 0, 0, 0, 0, 0, 0, 0, 0, 0, 0, 0, 0, 0, 0, 0, 0, 0, 0, 0, 0, 0, 0, 0, 0, 0]
[0, 522, 517, 512, 509, 505, 501, 499, 496, 493, 489, 487, 487, 485, 482, 481, 479, 477, 476, 475, 474, 473, 473, 472, 474, 473, 472, 472, 473, 469, 471, 465, 453, 445, 442, 441, 443, 447, 452, 457, 0, 0, 0, 490, 493, 495, 498, 502, 505, 508, 510, 514, 520, 525, 529, 534, 539, 544, 550, 556, 563]
[0, 521, 518, 514, 510, 506, 502, 499, 496, 493, 489, 487, 487, 485, 483, 481, 478, 477, 477, 475, 474, 474, 474, 474, 472, 471, 472, 472, 473, 472, 469, 463, 453, 444, 441, 441, 444, 448, 453, 458, 0, 0, 0, 489, 492, 495, 498, 502, 506, 509, 512, 516, 520, 525, 529, 534, 539, 544, 550, 555, 562]
[0, 520, 514, 512, 510, 510, 505, 499, 496, 494, 492, 489, 486, 484, 483, 480, 479, 478, 477, 476, 475, 474, 474, 473, 474, 473, 472, 473, 473, 472, 467, 463, 0, 444, 442, 441, 443, 447, 451, 457, 0, 0, 0, 489, 492, 495, 498, 501, 504, 508, 511, 514, 520, 524, 529, 533, 538, 544, 549, 555, 561]
[0, 522, 518, 515, 511, 507, 503, 499, 497, 493, 490, 487, 484, 483, 482, 480, 480, 479, 478, 476, 474, 474, 474, 474, 473, 473, 473, 473, 473, 473, 467, 460, 452, 443, 440, 442, 443, 450, 454, 459, 0, 0, 0, 491, 494, 497, 500, 501, 507, 510, 511, 513, 518, 522, 526, 531, 536, 541, 547, 552, 558]
[0, 520, 515, 511, 511, 507, 503, 499, 497, 494, 491, 488, 485, 483, 483, 481, 479, 477, 476, 476, 474, 475, 474, 473, 473, 473, 472, 473, 473, 472, 467, 460, 0, 444, 442, 441, 443, 446, 451, 457, 0, 0, 0, 489, 492, 495, 498, 501, 504, 508, 511, 514, 520, 524, 529, 533, 538, 544, 550, 556, 561]
[0, 522, 518, 515, 510, 507, 503, 499, 497, 494, 491, 488, 485, 483, 483, 482, 480, 479, 478, 476, 474, 474, 474, 473, 473, 473, 473, 473, 472, 472, 467, 459, 452, 444, 443, 440, 446, 446, 451, 456, 461, 471, 483, 489, 491, 494, 497, 500, 504, 508, 511, 515, 519, 523, 527, 532, 538, 543, 548, 554, 560]
[0, 522, 517, 512, 509, 505, 501, 499, 498, 494, 492, 489, 486, 484, 483, 480, 479, 479, 477, 476, 475, 474, 474, 472, 473, 473, 472, 473, 473, 472, 467, 459, 0, 444, 441, 440, 442, 446, 451, 456, 461, 471, 0, 489, 492, 495, 498, 501, 504, 508, 511, 514, 519, 524, 529, 533, 538, 543, 549, 555, 561]
[0, 522, 519, 515, 510, 506, 502, 499, 497, 494, 491, 488, 485, 484, 483, 482, 480, 479, 478, 476, 475, 474, 474, 474, 473, 473, 473, 473, 473, 473, 468, 461, 452, 443, 440, 441, 444, 449, 453, 459, 461, 471, 0, 490, 494, 496, 499, 503, 507, 510, 513, 518, 522, 526, 531, 533, 536, 541, 552, 555, 558]
[0, 527, 523, 519, 515, 506, 511, 508, 504, 501, 498, 496, 493, 490, 488, 486, 485, 484, 483, 482, 481, 480, 480, 474, 474, 473, 472, 473, 473, 472, 468, 467, 0, 444, 441, 441, 443, 447, 451, 456, 461, 471, 0, 489, 492, 495, 498, 502, 505, 508, 513, 516, 520, 525, 529, 535, 540, 544, 551, 557, 563]
[0, 530, 525, 521, 518, 514, 510, 507, 504, 500, 498, 495, 493, 490, 488, 487, 485, 486, 484, 483, 482, 482, 481, 480, 479, 479, 479, 479, 473, 467, 464, 460, 0, 440, 438, 439, 444, 449, 453, 459, 461, 471, 0, 499, 501, 504, 508, 511, 505, 518, 522, 526, 531, 536, 529, 540, 545, 551, 557, 562, 568]
[0, 529, 525, 521, 518, 514, 510, 507, 504, 500, 498, 495, 493, 490, 491, 487, 485, 486, 484, 483, 482, 482, 481, 480, 480, 480, 481, 476, 470, 467, 465, 446, 0, 440, 438, 439, 442, 446, 451, 456, 462, 471, 0, 0, 501, 504, 508, 511, 514, 518, 521, 525, 530, 534, 539, 544, 549, 554, 560, 566, 573]
[0, 530, 525, 521, 518, 514, 510, 506, 503, 500, 497, 495, 495, 491, 491, 489, 488, 486, 484, 483, 483, 482, 481, 481, 480, 480, 481, 475, 470, 465, 453, 446, 446, 440, 438, 439, 442, 446, 451, 456, 462, 471, 0, 0, 501, 504, 508, 511, 514, 518, 521, 525, 530, 534, 539, 544, 549, 554, 560, 566, 573]
[0, 527, 523, 519, 515, 512, 510, 508, 504, 501, 498, 497, 495, 492, 489, 486, 485, 485, 484, 483, 481, 481, 480, 481, 480, 480, 481, 475, 470, 465, 0, 451, 446, 440, 438, 439, 443, 447, 452, 457, 462, 471, 0, 0, 501, 504, 508, 511, 515, 518, 521, 525, 530, 535, 539, 544, 549, 555, 560, 565, 573]
[0, 530, 526, 522, 519, 515, 511, 508, 504, 505, 502, 499, 497, 495, 493, 490, 489, 488, 486, 485, 484, 484, 483, 483, 480, 480, 480, 480, 473, 467, 462, 458, 449, 440, 438, 440, 444, 448, 453, 458, 465, 471, 0, 0, 502, 506, 509, 512, 516, 519, 524, 528, 532, 536, 541, 546, 549, 551, 563, 565, 569]
[0, 531, 526, 523, 520, 515, 512, 508, 505, 503, 502, 500, 497, 495, 493, 491, 489, 488, 487, 485, 484, 484, 484, 483, 483, 483, 478, 480, 470, 467, 462, 457, 0, 438, 437, 439, 443, 447, 453, 457, 463, 471, 0, 0, 506, 509, 512, 516, 519, 522, 526, 531, 536, 540, 545, 550, 555, 562, 567, 573, 580]
[0, 530, 525, 522, 518, 515, 514, 511, 508, 505, 503, 500, 497, 495, 493, 491, 490, 488, 486, 485, 485, 484, 484, 483, 483, 483, 478, 470, 470, 467, 461, 456, 0, 438, 436, 438, 442, 447, 452, 457, 462, 471, 0, 0, 506, 509, 512, 516, 519, 522, 527, 531, 535, 540, 545, 550, 555, 562, 567, 573, 580]
[0, 529, 525, 524, 521, 517, 513, 510, 506, 504, 501, 499, 497, 495, 493, 490, 490, 487, 486, 485, 485, 484, 484, 484, 483, 484, 484, 478, 469, 466, 462, 0, 441, 439, 437, 439, 443, 449, 454, 459, 465, 471, 0, 0, 507, 511, 514, 518, 521, 522, 529, 531, 538, 540, 542, 548, 553, 558, 564, 570, 576]
[0, 532, 526, 524, 523, 521, 516, 513, 509, 506, 504, 502, 499, 497, 495, 494, 492, 490, 488, 487, 485, 486, 486, 486, 484, 484, 481, 474, 466, 458, 453, 0, 447, 439, 437, 438, 441, 445, 451, 456, 461, 471, 0, 0, 0, 509, 512, 515, 519, 523, 526, 531, 535, 539, 544, 549, 554, 560, 565, 572, 579]
[0, 535, 530, 526, 522, 518, 514, 511, 508, 506, 503, 502, 500, 498, 496, 494, 492, 490, 489, 488, 487, 487, 486, 486, 486, 486, 479, 471, 465, 461, 457, 0, 438, 436, 437, 437, 440, 444, 454, 456, 466, 471, 0, 0, 511, 509, 517, 521, 519, 524, 528, 532, 537, 541, 546, 551, 556, 561, 567, 573, 580]
[0, 541, 530, 536, 532, 529, 525, 522, 518, 515, 512, 510, 508, 506, 505, 494, 503, 500, 498, 488, 497, 497, 496, 496, 485, 486, 480, 469, 460, 461, 456, 454, 446, 438, 436, 438, 442, 446, 452, 457, 462, 471, 0, 0, 509, 512, 516, 519, 523, 526, 530, 534, 539, 543, 547, 553, 559, 563, 569, 576, 583]
[0, 543, 539, 535, 531, 527, 525, 520, 518, 517, 514, 511, 509, 507, 505, 503, 501, 500, 498, 497, 497, 496, 496, 496, 491, 483, 474, 464, 463, 0, 454, 454, 430, 438, 437, 438, 440, 443, 447, 453, 460, 467, 0, 0, 509, 521, 528, 0, 535, 526, 539, 543, 548, 553, 557, 562, 567, 574, 581, 587, 593]
[0, 547, 543, 539, 535, 531, 527, 524, 521, 518, 515, 513, 511, 507, 508, 506, 505, 503, 501, 500, 499, 499, 499, 498, 489, 483, 478, 470, 462, 457, 454, 454, 430, 0, 434, 438, 441, 444, 450, 456, 463, 467, 0, 0, 520, 523, 526, 530, 533, 537, 541, 546, 550, 555, 559, 564, 570, 576, 582, 589, 596]
[0, 549, 545, 541, 537, 533, 527, 530, 526, 523, 520, 518, 515, 513, 511, 509, 507, 506, 505, 503, 502, 502, 499, 498, 491, 479, 471, 463, 462, 460, 454, 454, 0, 436, 436, 437, 440, 443, 449, 454, 460, 467, 0, 0, 0, 525, 529, 532, 535, 539, 543, 548, 552, 557, 561, 566, 572, 578, 585, 591, 597]
[0, 549, 545, 541, 537, 533, 530, 530, 526, 523, 520, 518, 515, 513, 511, 510, 508, 506, 505, 503, 502, 502, 497, 491, 491, 483, 473, 467, 464, 460, 454, 0, 430, 430, 434, 437, 439, 444, 450, 456, 463, 467, 0, 0, 527, 530, 534, 537, 541, 544, 548, 553, 558, 562, 567, 573, 580, 586, 591, 597, 597]
[0, 549, 545, 541, 537, 533, 530, 527, 526, 524, 520, 518, 515, 514, 512, 509, 508, 506, 505, 504, 502, 500, 495, 491, 490, 482, 473, 465, 463, 460, 454, 0, 430, 430, 434, 437, 439, 444, 450, 456, 463, 467, 0, 0, 527, 530, 534, 537, 541, 544, 548, 554, 558, 562, 567, 573, 580, 586, 591, 597, 605]
[0, 559, 555, 551, 547, 544, 539, 536, 526, 530, 528, 518, 525, 522, 520, 519, 517, 515, 514, 512, 506, 496, 489, 491, 482, 482, 472, 465, 463, 460, 454, 0, 429, 430, 434, 437, 440, 444, 450, 456, 463, 467, 0, 0, 527, 531, 534, 537, 541, 544, 548, 553, 558, 562, 568, 573, 580, 586, 591, 597, 605]
[0, 559, 555, 551, 547, 544, 539, 536, 533, 530, 530, 525, 525, 522, 520, 519, 517, 515, 514, 512, 506, 495, 489, 485, 482, 479, 471, 465, 463, 460, 0, 0, 429, 430, 433, 436, 439, 443, 448, 454, 461, 467, 0, 0, 537, 539, 543, 547, 550, 554, 558, 562, 566, 571, 577, 583, 589, 595, 601, 607, 614]
[0, 563, 560, 555, 551, 547, 539, 541, 533, 534, 530, 531, 528, 526, 524, 522, 521, 519, 517, 516, 508, 498, 489, 485, 482, 479, 471, 465, 463, 0, 0, 0, 429, 430, 433, 436, 439, 443, 448, 454, 461, 467, 0, 0, 536, 539, 542, 546, 550, 554, 558, 561, 566, 571, 577, 583, 589, 595, 601, 607, 614]
[0, 563, 559, 555, 551, 547, 543, 541, 537, 534, 534, 531, 528, 526, 524, 522, 521, 518, 517, 516, 508, 498, 489, 481, 477, 471, 471, 465, 0, 515, 0, 0, 433, 432, 433, 436, 439, 443, 448, 454, 461, 471, 0, 537, 540, 544, 546, 550, 554, 557, 561, 566, 571, 576, 582, 588, 593, 599, 605, 611, 619]
[0, 575, 571, 566, 562, 558, 555, 551, 547, 544, 542, 539, 537, 526, 534, 532, 530, 528, 527, 526, 0, 490, 485, 482, 477, 476, 470, 465, 0, 515, 0, 0, 434, 433, 433, 436, 439, 443, 448, 454, 461, 471, 0, 537, 541, 543, 546, 550, 554, 557, 561, 566, 571, 577, 582, 588, 593, 599, 606, 612, 619]
[0, 577, 572, 568, 564, 560, 557, 554, 551, 547, 544, 539, 542, 540, 538, 535, 534, 532, 531, 0, 0, 494, 488, 482, 477, 476, 470, 0, 523, 523, 0, 0, 435, 433, 432, 435, 439, 442, 447, 452, 458, 466, 0, 537, 553, 543, 556, 559, 563, 567, 571, 576, 582, 588, 592, 597, 603, 609, 615, 622, 630]
[0, 588, 583, 579, 574, 570, 566, 563, 560, 547, 557, 555, 552, 549, 547, 545, 544, 542, 540, 0, 493, 494, 488, 482, 477, 0, 0, 0, 527, 0, 0, 428, 431, 430, 433, 436, 439, 443, 448, 453, 460, 469, 0, 549, 553, 556, 559, 563, 566, 570, 575, 580, 585, 590, 595, 600, 606, 612, 619, 626, 635]
[0, 595, 591, 587, 582, 578, 573, 569, 566, 563, 560, 557, 555, 553, 551, 549, 548, 547, 540, 539, 0, 494, 488, 0, 536, 536, 0, 0, 536, 0, 0, 432, 431, 430, 433, 436, 439, 444, 450, 455, 460, 469, 0, 560, 563, 566, 569, 573, 578, 582, 588, 592, 596, 601, 607, 612, 617, 624, 632, 640, 647]
[0, 599, 595, 590, 586, 582, 578, 575, 570, 567, 563, 561, 558, 556, 555, 549, 553, 551, 551, 0, 497, 494, 488, 0, 542, 542, 0, 0, 541, 0, 0, 431, 431, 430, 432, 435, 439, 443, 448, 454, 461, 0, 558, 566, 569, 573, 578, 582, 586, 582, 591, 595, 604, 601, 609, 614, 620, 627, 635, 643, 650]
[0, 599, 595, 590, 586, 581, 578, 575, 570, 566, 563, 561, 558, 558, 555, 549, 553, 551, 550, 0, 497, 494, 488, 0, 546, 546, 0, 0, 546, 0, 0, 431, 429, 430, 432, 435, 439, 444, 449, 456, 462, 470, 565, 566, 573, 577, 580, 583, 587, 592, 596, 600, 605, 611, 615, 621, 627, 634, 642, 650, 658]
[0, 599, 595, 590, 586, 581, 578, 574, 570, 567, 563, 560, 558, 556, 555, 549, 551, 551, 550, 0, 497, 494, 488, 0, 546, 546, 0, 0, 546, 0, 0, 431, 429, 430, 432, 435, 439, 444, 449, 456, 462, 470, 564, 566, 576, 579, 580, 582, 587, 591, 596, 601, 605, 610, 615, 621, 627, 634, 642, 649, 658]
[0, 601, 597, 593, 589, 586, 578, 578, 570, 574, 570, 567, 565, 562, 560, 558, 556, 556, 555, 0, 0, 0, 552, 0, 546, 546, 546, 546, 546, 0, 0, 431, 429, 430, 432, 435, 439, 444, 449, 456, 462, 471, 0, 572, 576, 576, 580, 583, 588, 592, 596, 601, 606, 610, 615, 621, 628, 635, 643, 650, 658]
[0, 601, 601, 593, 597, 593, 589, 586, 582, 578, 575, 571, 568, 566, 564, 562, 561, 560, 559, 0, 0, 0, 552, 0, 551, 551, 0, 0, 546, 0, 432, 431, 432, 432, 434, 435, 442, 444, 454, 456, 461, 466, 0, 0, 580, 583, 587, 591, 595, 600, 603, 608, 613, 618, 624, 631, 638, 645, 652, 659, 667]
[0, 614, 601, 611, 607, 603, 599, 595, 592, 589, 586, 582, 580, 577, 574, 573, 571, 570, 569, 0, 0, 0, 552, 0, 556, 556, 0, 0, 546, 0, 431, 432, 431, 431, 432, 435, 439, 444, 450, 458, 463, 468, 0, 0, 586, 589, 593, 597, 602, 606, 603, 614, 613, 619, 625, 631, 638, 645, 652, 660, 668]
[0, 623, 617, 612, 608, 605, 601, 598, 595, 589, 591, 588, 585, 583, 581, 578, 576, 575, 574, 0, 0, 0, 569, 0, 566, 565, 565, 565, 546, 0, 437, 435, 434, 434, 433, 435, 439, 445, 454, 463, 467, 0, 576, 589, 596, 599, 603, 607, 612, 615, 620, 625, 631, 637, 644, 631, 650, 656, 663, 672, 679]
[0, 630, 625, 620, 615, 611, 608, 604, 600, 597, 594, 591, 589, 586, 584, 578, 583, 581, 580, 0, 487, 0, 569, 0, 570, 570, 0, 0, 441, 439, 437, 435, 434, 433, 434, 436, 443, 453, 461, 467, 470, 0, 576, 0, 599, 603, 606, 610, 614, 618, 623, 629, 634, 639, 646, 652, 658, 667, 674, 682, 690]
[0, 627, 625, 621, 617, 612, 608, 605, 602, 598, 595, 592, 589, 587, 585, 582, 581, 580, 580, 0, 0, 479, 0, 575, 576, 576, 0, 0, 446, 444, 439, 437, 436, 434, 433, 435, 442, 453, 462, 467, 470, 0, 588, 600, 607, 610, 613, 618, 623, 618, 627, 638, 634, 643, 649, 655, 661, 668, 675, 683, 693]
[0, 631, 625, 621, 617, 618, 614, 610, 606, 603, 599, 596, 594, 592, 589, 589, 587, 586, 584, 0, 0, 477, 0, 575, 575, 576, 576, 0, 0, 440, 439, 438, 437, 435, 433, 435, 442, 453, 0, 465, 469, 0, 583, 597, 606, 609, 613, 617, 621, 625, 631, 636, 642, 647, 653, 660, 667, 675, 682, 691, 700]
[0, 634, 628, 624, 619, 615, 611, 608, 604, 601, 598, 595, 593, 592, 591, 590, 588, 586, 584, 0, 483, 477, 0, 575, 0, 580, 0, 450, 447, 440, 443, 440, 438, 435, 433, 435, 442, 453, 0, 465, 469, 472, 583, 0, 610, 614, 618, 622, 627, 631, 636, 642, 647, 653, 659, 666, 673, 681, 689, 697, 706]
[0, 647, 642, 637, 632, 627, 623, 620, 615, 612, 609, 606, 604, 601, 600, 590, 598, 597, 596, 0, 490, 482, 473, 581, 580, 580, 0, 449, 447, 445, 442, 439, 437, 434, 434, 437, 446, 457, 465, 468, 471, 472, 583, 0, 608, 612, 616, 620, 625, 630, 635, 640, 645, 650, 656, 662, 669, 677, 684, 692, 701]
[0, 648, 642, 638, 633, 629, 624, 620, 616, 613, 611, 607, 604, 602, 599, 598, 597, 596, 596, 0, 493, 483, 474, 471, 580, 466, 461, 456, 455, 453, 449, 443, 438, 434, 434, 437, 446, 0, 467, 470, 472, 0, 605, 0, 614, 623, 632, 637, 642, 630, 648, 652, 656, 661, 668, 675, 681, 688, 697, 705, 713]
[0, 649, 645, 640, 633, 632, 624, 628, 623, 619, 616, 613, 611, 609, 606, 605, 603, 601, 601, 0, 0, 489, 483, 475, 467, 462, 457, 456, 455, 454, 450, 445, 439, 434, 434, 437, 446, 0, 466, 470, 472, 0, 601, 613, 623, 627, 631, 636, 641, 646, 650, 655, 661, 667, 668, 673, 687, 696, 704, 705, 712]
[0, 654, 649, 645, 641, 636, 632, 627, 623, 619, 616, 613, 611, 609, 606, 605, 604, 602, 602, 0, 0, 489, 483, 475, 472, 468, 462, 458, 457, 454, 448, 442, 439, 434, 434, 437, 446, 465, 469, 472, 475, 0, 0, 615, 626, 631, 636, 640, 645, 650, 655, 659, 664, 670, 677, 683, 691, 699, 708, 716, 724]
[0, 664, 658, 653, 649, 646, 641, 637, 623, 634, 630, 626, 623, 621, 618, 617, 615, 613, 612, 0, 0, 488, 483, 486, 471, 468, 463, 459, 457, 454, 448, 442, 440, 436, 434, 437, 446, 0, 465, 470, 472, 0, 603, 617, 628, 631, 636, 641, 646, 650, 655, 661, 665, 671, 678, 685, 692, 699, 709, 717, 724]
[0, 664, 658, 653, 649, 646, 643, 638, 634, 630, 627, 623, 623, 620, 619, 617, 615, 613, 612, 0, 491, 488, 483, 486, 482, 478, 472, 465, 461, 460, 454, 444, 438, 436, 434, 437, 0, 466, 470, 473, 475, 0, 603, 626, 644, 631, 648, 652, 657, 661, 666, 671, 677, 683, 690, 697, 704, 711, 719, 727, 735]
[0, 684, 679, 674, 670, 667, 662, 658, 654, 650, 647, 644, 642, 639, 637, 634, 632, 631, 630, 0, 0, 490, 488, 486, 482, 478, 472, 466, 462, 460, 454, 444, 439, 436, 434, 437, 0, 466, 470, 473, 475, 0, 603, 637, 644, 648, 652, 652, 661, 661, 666, 672, 678, 683, 690, 697, 704, 711, 719, 726, 734]
[0, 684, 679, 674, 670, 666, 662, 658, 654, 650, 646, 644, 642, 640, 637, 635, 632, 631, 630, 0, 0, 490, 488, 486, 485, 482, 477, 471, 467, 464, 454, 450, 439, 443, 439, 445, 0, 466, 0, 473, 474, 0, 638, 651, 660, 665, 669, 674, 678, 684, 690, 695, 702, 708, 713, 720, 728, 736, 744, 754, 763]
[0, 681, 676, 671, 667, 663, 662, 659, 655, 651, 647, 645, 643, 640, 637, 635, 633, 631, 630, 0, 0, 496, 488, 486, 485, 483, 478, 472, 467, 464, 459, 451, 444, 443, 440, 445, 0, 473, 473, 473, 479, 0, 0, 648, 659, 663, 667, 672, 677, 681, 687, 693, 699, 705, 712, 718, 725, 734, 742, 751, 761]
[0, 690, 684, 678, 675, 671, 667, 663, 659, 656, 652, 649, 643, 644, 637, 643, 641, 637, 630, 636, 0, 488, 488, 486, 486, 484, 479, 471, 466, 466, 461, 453, 446, 441, 442, 445, 0, 0, 471, 474, 477, 0, 647, 658, 662, 667, 672, 676, 681, 681, 692, 699, 705, 710, 716, 723, 731, 739, 748, 758, 767]
[0, 704, 698, 693, 687, 683, 679, 675, 670, 667, 665, 649, 660, 644, 657, 655, 653, 652, 650, 649, 0, 488, 487, 486, 486, 484, 483, 477, 471, 468, 464, 459, 451, 443, 441, 445, 0, 0, 472, 474, 476, 0, 652, 665, 668, 673, 677, 681, 686, 692, 698, 704, 709, 715, 722, 729, 738, 746, 755, 764, 774]
[0, 710, 705, 699, 694, 689, 685, 681, 678, 674, 671, 667, 665, 662, 660, 659, 658, 656, 654, 649, 0, 0, 488, 488, 487, 485, 481, 477, 471, 473, 468, 462, 455, 446, 444, 445, 0, 0, 473, 475, 477, 0, 672, 678, 682, 686, 691, 696, 701, 706, 712, 717, 723, 730, 736, 744, 753, 762, 770, 779, 788]
[0, 717, 712, 707, 702, 697, 693, 689, 684, 681, 677, 673, 670, 669, 667, 666, 664, 662, 661, 660, 0, 0, 488, 488, 488, 486, 483, 477, 471, 470, 468, 465, 457, 448, 444, 445, 0, 0, 472, 477, 0, 0, 672, 0, 687, 691, 696, 702, 706, 711, 716, 722, 729, 735, 743, 750, 758, 766, 774, 783, 793]
[0, 714, 709, 707, 699, 694, 693, 689, 685, 679, 677, 676, 673, 670, 668, 666, 664, 663, 662, 661, 0, 0, 0, 488, 488, 488, 486, 481, 475, 472, 468, 460, 452, 446, 446, 455, 465, 473, 476, 477, 0, 0, 688, 692, 696, 701, 706, 710, 714, 719, 726, 732, 740, 746, 754, 762, 770, 779, 788, 796, 799]
[0, 718, 712, 708, 704, 699, 693, 688, 684, 681, 679, 676, 673, 670, 668, 666, 664, 663, 661, 660, 0, 0, 490, 488, 488, 488, 487, 483, 479, 475, 469, 463, 455, 447, 445, 455, 465, 0, 475, 475, 479, 0, 687, 691, 695, 699, 705, 710, 714, 718, 724, 731, 737, 744, 752, 760, 767, 776, 785, 794, 799]
[0, 738, 732, 728, 722, 717, 713, 709, 705, 701, 698, 695, 692, 689, 686, 685, 683, 681, 680, 679, 0, 0, 0, 490, 489, 488, 486, 482, 477, 473, 469, 462, 453, 446, 445, 455, 465, 0, 476, 476, 482, 0, 688, 693, 696, 700, 705, 710, 714, 719, 726, 732, 738, 746, 754, 761, 768, 777, 786, 796, 799]
[0, 737, 731, 725, 720, 716, 712, 708, 705, 701, 698, 694, 692, 689, 686, 685, 683, 681, 681, 680, 0, 0, 489, 489, 490, 488, 488, 484, 478, 475, 470, 460, 453, 448, 445, 455, 0, 475, 478, 0, 0, 0, 710, 714, 717, 722, 727, 733, 738, 744, 751, 758, 765, 772, 779, 787, 796, 805, 809, 804, 797]
[0, 737, 730, 724, 719, 715, 711, 707, 704, 701, 697, 694, 691, 688, 685, 684, 683, 681, 680, 680, 0, 0, 490, 489, 489, 488, 488, 483, 477, 475, 470, 460, 451, 448, 447, 455, 0, 476, 478, 0, 0, 0, 711, 714, 0, 722, 727, 733, 738, 744, 750, 757, 766, 773, 779, 788, 797, 806, 809, 804, 798]
[0, 756, 751, 745, 739, 733, 729, 724, 720, 717, 714, 711, 709, 707, 704, 702, 700, 699, 698, 698, 0, 0, 0, 490, 490, 489, 488, 483, 477, 474, 470, 468, 458, 450, 448, 455, 0, 477, 478, 478, 0, 0, 0, 711, 714, 719, 724, 729, 735, 740, 753, 757, 760, 766, 781, 790, 797, 808, 818, 804, 797]
[0, 762, 755, 749, 744, 738, 735, 730, 726, 723, 719, 716, 714, 712, 710, 708, 706, 705, 704, 702, 0, 0, 0, 490, 490, 490, 489, 488, 483, 478, 474, 0, 452, 449, 448, 455, 0, 477, 479, 0, 0, 0, 726, 731, 735, 740, 746, 751, 756, 762, 768, 774, 781, 790, 799, 805, 812, 823, 831, 841, 851]
[0, 762, 768, 762, 756, 751, 746, 741, 737, 732, 729, 727, 724, 721, 718, 717, 715, 713, 712, 711, 0, 0, 0, 492, 490, 489, 488, 485, 479, 476, 472, 0, 451, 450, 457, 467, 0, 478, 479, 479, 0, 0, 735, 731, 739, 749, 0, 759, 766, 762, 777, 784, 793, 801, 808, 817, 826, 833, 842, 853, 863]
[0, 773, 767, 761, 756, 751, 746, 741, 736, 732, 729, 727, 723, 721, 718, 717, 715, 713, 712, 711, 0, 0, 0, 492, 491, 490, 490, 489, 483, 478, 474, 0, 452, 450, 457, 467, 0, 477, 479, 0, 0, 0, 744, 748, 752, 758, 763, 767, 774, 780, 786, 793, 800, 809, 817, 825, 833, 841, 852, 862, 870]
[0, 783, 777, 771, 766, 761, 756, 752, 748, 743, 739, 736, 733, 731, 730, 728, 727, 724, 722, 722, 0, 0, 0, 492, 491, 490, 490, 489, 483, 478, 474, 0, 454, 451, 457, 467, 0, 477, 479, 0, 0, 0, 743, 748, 752, 758, 762, 767, 773, 779, 786, 793, 800, 808, 817, 825, 832, 840, 851, 861, 870]
[0, 785, 779, 774, 769, 763, 759, 754, 750, 746, 742, 739, 736, 734, 732, 731, 729, 727, 722, 725, 0, 0, 0, 492, 490, 490, 491, 489, 484, 479, 475, 0, 454, 453, 458, 468, 476, 480, 482, 0, 0, 0, 760, 762, 767, 772, 777, 783, 790, 797, 804, 811, 817, 825, 833, 841, 851, 860, 869, 878, 887]
[0, 785, 779, 774, 769, 763, 759, 754, 751, 747, 742, 739, 736, 734, 732, 731, 729, 727, 727, 726, 725, 0, 0, 492, 490, 491, 491, 491, 487, 477, 475, 472, 462, 453, 458, 468, 0, 477, 479, 0, 0, 0, 761, 762, 765, 769, 773, 787, 790, 794, 800, 813, 821, 828, 836, 844, 854, 864, 872, 881, 890]
[0, 814, 809, 803, 797, 791, 786, 782, 778, 774, 769, 766, 763, 761, 760, 758, 755, 753, 753, 751, 750, 0, 0, 0, 490, 491, 491, 491, 486, 480, 477, 472, 462, 453, 458, 468, 0, 477, 479, 0, 0, 0, 759, 762, 765, 774, 0, 787, 790, 794, 800, 806, 821, 829, 837, 845, 854, 864, 873, 882, 891]
[0, 812, 806, 799, 794, 790, 785, 780, 776, 774, 767, 765, 763, 763, 759, 758, 756, 754, 754, 752, 750, 0, 0, 0, 491, 491, 492, 490, 484, 479, 475, 466, 462, 458, 464, 471, 475, 479, 485, 0, 0, 0, 789, 793, 798, 803, 808, 814, 820, 826, 832, 840, 848, 857, 865, 872, 881, 889, 898, 909, 920]
[0, 821, 806, 815, 810, 804, 799, 794, 790, 786, 782, 778, 774, 772, 770, 768, 766, 765, 764, 762, 761, 0, 0, 0, 493, 492, 492, 492, 486, 480, 477, 469, 461, 460, 462, 468, 477, 481, 484, 0, 0, 0, 787, 792, 797, 801, 807, 812, 819, 825, 831, 837, 844, 853, 862, 869, 877, 886, 895, 906, 918]
[0, 827, 821, 815, 809, 804, 799, 794, 790, 786, 782, 778, 774, 771, 769, 768, 766, 765, 763, 762, 760, 0, 0, 0, 493, 492, 492, 489, 484, 480, 477, 0, 459, 460, 465, 471, 476, 479, 486, 0, 0, 0, 799, 805, 810, 816, 821, 826, 831, 836, 843, 851, 859, 867, 874, 882, 891, 900, 910, 922, 933]
[0, 842, 836, 831, 826, 821, 817, 812, 807, 804, 800, 795, 791, 789, 786, 785, 783, 781, 781, 780, 779, 0, 0, 0, 493, 492, 492, 490, 484, 480, 477, 0, 459, 459, 465, 472, 476, 479, 486, 0, 0, 0, 799, 805, 810, 815, 821, 826, 831, 836, 843, 851, 859, 867, 874, 882, 890, 900, 910, 922, 933]
[0, 838, 836, 833, 828, 822, 817, 813, 810, 806, 803, 799, 794, 791, 788, 785, 783, 782, 781, 781, 779, 780, 0, 0, 493, 493, 492, 488, 484, 483, 478, 474, 468, 467, 468, 469, 476, 483, 488, 0, 0, 817, 822, 826, 830, 834, 840, 846, 853, 860, 867, 873, 880, 888, 896, 905, 916, 927, 936, 945, 957]
[0, 838, 868, 863, 858, 851, 844, 839, 836, 832, 828, 824, 821, 819, 816, 814, 812, 810, 809, 808, 806, 806, 0, 0, 0, 496, 493, 491, 484, 479, 477, 468, 462, 463, 466, 471, 475, 480, 490, 0, 0, 0, 819, 824, 829, 832, 836, 843, 851, 858, 865, 870, 877, 884, 893, 903, 912, 922, 932, 942, 952]
[0, 838, 869, 863, 858, 852, 845, 840, 836, 832, 828, 825, 822, 819, 816, 814, 812, 810, 809, 809, 807, 806, 0, 0, 0, 494, 494, 491, 485, 480, 477, 470, 463, 465, 471, 475, 482, 487, 490, 0, 0, 0, 846, 851, 857, 862, 867, 873, 878, 884, 890, 898, 905, 915, 925, 934, 942, 950, 960, 972, 986]
[0, 875, 869, 864, 858, 853, 846, 840, 837, 833, 829, 826, 823, 820, 817, 814, 813, 813, 811, 809, 809, 808, 0, 0, 0, 495, 494, 491, 485, 480, 477, 470, 464, 466, 470, 476, 484, 490, 490, 0, 0, 0, 847, 853, 859, 864, 870, 874, 880, 887, 893, 900, 909, 918, 927, 935, 945, 954, 965, 979, 991]
[0, 883, 877, 871, 867, 861, 856, 852, 847, 841, 837, 835, 832, 830, 828, 826, 823, 821, 821, 820, 819, 808, 0, 0, 0, 495, 494, 490, 0, 479, 476, 471, 470, 471, 472, 478, 484, 492, 490, 0, 0, 0, 848, 854, 860, 866, 871, 875, 881, 888, 895, 903, 912, 921, 930, 938, 947, 958, 968, 981, 993]
[0, 882, 876, 871, 866, 861, 855, 850, 845, 840, 836, 833, 831, 830, 827, 825, 824, 821, 822, 820, 819, 819, 0, 0, 0, 0, 495, 493, 488, 482, 478, 472, 470, 475, 476, 473, 478, 492, 490, 0, 0, 860, 864, 0, 868, 878, 884, 875, 890, 903, 895, 910, 929, 938, 930, 946, 966, 977, 988, 1000, 1012]
[0, 895, 889, 883, 878, 873, 868, 864, 859, 853, 849, 846, 842, 839, 837, 835, 834, 833, 831, 830, 829, 829, 0, 0, 0, 501, 494, 492, 486, 480, 477, 472, 470, 475, 471, 476, 482, 490, 0, 0, 0, 0, 860, 864, 867, 873, 878, 884, 891, 897, 903, 911, 920, 930, 939, 947, 956, 966, 978, 991, 1002]
[0, 914, 907, 901, 895, 889, 885, 881, 877, 873, 871, 868, 865, 862, 860, 858, 856, 854, 852, 851, 850, 850, 0, 0, 0, 501, 492, 488, 486, 483, 479, 475, 473, 478, 478, 475, 478, 499, 514, 529, 0, 870, 873, 877, 883, 889, 894, 900, 907, 915, 924, 931, 940, 948, 957, 966, 978, 989, 1000, 1012, 1024]
[0, 938, 932, 925, 919, 914, 908, 901, 896, 892, 890, 887, 883, 880, 878, 876, 874, 873, 872, 871, 870, 870, 0, 0, 0, 501, 496, 492, 489, 485, 481, 477, 477, 481, 481, 481, 478, 0, 514, 519, 0, 891, 896, 902, 908, 914, 921, 927, 933, 941, 948, 956, 964, 975, 987, 997, 1006, 1017, 1028, 1040, 1054]
[0, 936, 930, 925, 923, 912, 908, 906, 900, 896, 893, 888, 885, 883, 880, 878, 875, 873, 872, 872, 871, 871, 871, 0, 0, 0, 496, 492, 488, 486, 482, 480, 483, 484, 482, 481, 478, 0, 515, 0, 909, 914, 921, 902, 932, 939, 945, 950, 958, 966, 974, 984, 994, 1003, 1012, 1022, 1033, 1044, 1056, 1068, 1080]
[0, 953, 946, 940, 935, 930, 925, 919, 913, 908, 904, 899, 896, 893, 889, 887, 885, 883, 882, 881, 881, 880, 880, 0, 0, 0, 494, 490, 487, 484, 481, 480, 485, 485, 483, 481, 478, 0, 518, 0, 0, 912, 919, 924, 928, 934, 940, 946, 953, 959, 969, 978, 988, 998, 1007, 1017, 1028, 1038, 1049, 1061, 1074]
[0, 948, 942, 937, 931, 925, 919, 914, 909, 904, 901, 897, 894, 891, 888, 886, 885, 884, 883, 882, 881, 881, 880, 0, 0, 0, 495, 491, 487, 484, 483, 483, 486, 486, 485, 492, 504, 513, 521, 0, 0, 927, 933, 938, 942, 948, 955, 961, 968, 978, 988, 996, 1003, 1014, 1025, 1035, 1045, 1055, 1068, 1081, 1094]
[0, 987, 980, 973, 966, 960, 954, 949, 945, 940, 936, 933, 929, 926, 923, 920, 919, 917, 916, 914, 914, 914, 880, 0, 0, 0, 497, 492, 489, 487, 484, 482, 487, 487, 485, 492, 504, 0, 518, 0, 0, 925, 931, 936, 941, 946, 952, 958, 966, 974, 984, 993, 1001, 1011, 1022, 1031, 1041, 1052, 1065, 1076, 1089]
[0, 985, 980, 971, 966, 963, 956, 951, 945, 940, 937, 934, 931, 928, 925, 922, 920, 917, 916, 915, 914, 914, 914, 0, 0, 0, 0, 501, 496, 493, 491, 490, 490, 491, 485, 492, 0, 515, 524, 0, 959, 960, 964, 971, 979, 986, 993, 999, 1005, 1014, 1022, 1030, 1039, 1050, 1061, 1072, 1084, 1094, 1106, 1120, 1137]
[0, 1012, 1006, 1000, 995, 987, 981, 976, 972, 968, 962, 957, 931, 952, 925, 950, 920, 948, 945, 944, 945, 944, 943, 0, 0, 0, 506, 498, 493, 492, 490, 493, 490, 490, 493, 504, 512, 517, 524, 0, 959, 964, 968, 974, 981, 990, 998, 1004, 1011, 1018, 1026, 1035, 1045, 1055, 1065, 1076, 1086, 1098, 1113, 1127, 1143]
[0, 1044, 1037, 1030, 1023, 1017, 1011, 1006, 1002, 996, 992, 988, 986, 983, 979, 976, 973, 970, 968, 968, 968, 968, 943, 944, 0, 0, 0, 511, 509, 504, 498, 501, 500, 496, 503, 512, 517, 517, 0, 989, 992, 998, 1002, 1007, 1012, 1020, 1027, 1034, 1042, 1052, 1062, 1071, 1080, 1089, 1102, 1114, 1128, 1142, 1155, 1167, 1181]
[0, 1044, 1037, 1030, 1023, 1018, 1012, 1007, 1002, 996, 992, 988, 985, 982, 979, 976, 973, 970, 969, 968, 968, 968, 968, 968, 0, 0, 526, 511, 517, 513, 508, 503, 502, 501, 507, 512, 0, 1006, 1009, 1012, 1018, 1023, 1027, 1034, 1042, 1050, 1057, 1066, 1074, 1082, 1094, 1105, 1113, 1126, 1139, 1152, 1164, 1177, 1192, 1207, 1222]
[0, 1063, 1057, 1051, 1043, 1036, 1030, 1025, 1020, 1016, 1012, 988, 1009, 1006, 1001, 976, 999, 998, 996, 994, 994, 994, 994, 969, 0, 0, 526, 511, 517, 512, 508, 503, 502, 501, 507, 512, 0, 1007, 1009, 1012, 1018, 1023, 1028, 1034, 1042, 1049, 1058, 1066, 1074, 1088, 1100, 1105, 1114, 1127, 1138, 1152, 1165, 1176, 1191, 1206, 1221]
[0, 1064, 1057, 1051, 1051, 1044, 1037, 1031, 1026, 1022, 1017, 1013, 1010, 1006, 1004, 1002, 999, 998, 997, 996, 995, 996, 996, 993, 993, 0, 0, 527, 520, 517, 512, 506, 505, 501, 507, 512, 0, 1024, 1029, 1035, 1041, 1045, 1050, 1055, 1062, 1069, 1079, 1089, 1098, 1108, 1121, 1133, 1141, 1150, 1159, 1168, 1180, 1193, 1211, 1228, 1243]
[0, 1071, 1064, 1055, 1049, 1043, 1036, 1030, 1025, 1021, 1016, 1013, 1009, 1006, 1003, 1001, 1000, 998, 997, 996, 996, 995, 996, 995, 994, 0, 0, 527, 520, 517, 512, 506, 505, 501, 507, 512, 0, 1027, 1031, 1036, 1042, 1047, 1050, 1056, 1063, 1073, 1084, 1092, 1100, 1110, 1123, 1133, 1143, 1153, 1160, 1171, 1185, 1197, 1212, 1228, 1244]
[0, 1084, 1076, 1069, 1062, 1056, 1050, 1045, 1038, 1034, 1031, 1026, 1022, 1019, 1017, 1016, 1013, 1011, 1011, 1010, 1009, 1008, 995, 994, 995, 0, 0, 523, 518, 517, 512, 511, 506, 508, 507, 0, 1023, 1027, 1032, 1038, 1045, 1049, 1054, 1061, 1069, 1076, 1084, 1095, 1104, 1115, 1126, 1135, 1147, 1156, 1163, 1174, 1188, 1205, 1225, 1240, 1251]
[0, 1123, 1114, 1106, 1099, 1090, 1084, 1081, 1076, 1069, 1064, 1060, 1057, 1054, 1051, 1047, 1046, 1044, 1041, 1039, 1039, 1039, 1008, 1008, 1010, 0, 0, 523, 0, 520, 517, 512, 0, 508, 507, 0, 1045, 1051, 1053, 1057, 1062, 1066, 1071, 1077, 1087, 1095, 1105, 1115, 1124, 1115, 1143, 1153, 1166, 1176, 1188, 1201, 1215, 1229, 1245, 1259, 1272]
[0, 1133, 1124, 1116, 1110, 1102, 1096, 1090, 1083, 1079, 1075, 1071, 1067, 1063, 1060, 1058, 1056, 1055, 1053, 1052, 1052, 1053, 1039, 1041, 1042, 1046, 1049, 523, 0, 520, 517, 515, 0, 0, 1068, 1071, 1075, 1083, 1088, 1090, 1097, 1103, 1107, 1115, 1125, 1133, 1140, 1149, 1157, 1166, 1175, 1185, 1194, 1206, 1218, 1232, 1245, 1260, 1275, 1289, 1303]
[0, 1136, 1127, 1118, 1111, 1103, 1096, 1090, 1083, 1079, 1074, 1070, 1068, 1064, 1060, 1059, 1056, 1054, 1053, 1051, 1051, 1053, 1053, 1056, 1057, 1057, 1060, 1063, 1064, 520, 0, 515, 0, 0, 1079, 1085, 1089, 1094, 1101, 1107, 1108, 1112, 1119, 1127, 1135, 1143, 1152, 1161, 1169, 1177, 1188, 1198, 1208, 1221, 1233, 1245, 1256, 1267, 1277, 1288, 1302]
[0, 1153, 1145, 1137, 1129, 1122, 1116, 1111, 1103, 1098, 1094, 1088, 1083, 1081, 1079, 1076, 1074, 1072, 1071, 1071, 1071, 1072, 1054, 1057, 1057, 1057, 1059, 1062, 1063, 520, 0, 517, 0, 0, 1078, 1084, 1090, 1094, 1097, 1104, 1108, 1111, 1119, 1126, 1133, 1142, 1152, 1160, 1167, 1175, 1185, 1197, 1208, 1218, 1229, 1242, 1252, 1262, 1273, 1282, 1297]
[0, 1153, 1144, 1136, 1129, 1121, 1115, 1108, 1099, 1095, 1092, 1086, 1082, 1080, 1078, 1074, 1072, 1072, 1070, 1068, 1068, 1071, 1072, 1073, 1074, 1072, 1074, 1080, 1085, 520, 1085, 1086, 1089, 1091, 1095, 1100, 1106, 1112, 1115, 1121, 1127, 1133, 1138, 1147, 1156, 1161, 1168, 1175, 1182, 1190, 1197, 1205, 1212, 1221, 1233, 1243, 1252, 1262, 1273, 1282, 1296]
[0, 1163, 1155, 1146, 1139, 1133, 1127, 1120, 1115, 1109, 1104, 1099, 1096, 1093, 1091, 1089, 1089, 1087, 1083, 1081, 1081, 1083, 1071, 1072, 1072, 1073, 1077, 1081, 1084, 520, 1085, 1084, 1087, 1094, 1097, 1101, 1106, 1112, 1116, 1122, 1128, 1134, 1140, 1147, 1156, 1161, 1168, 1175, 1184, 1193, 1199, 1207, 1216, 1225, 1235, 1244, 1254, 1265, 1275, 1284, 1295]
[0, 1169, 1162, 1155, 1147, 1139, 1134, 1126, 1120, 1116, 1110, 1105, 1100, 1098, 1096, 1094, 1092, 1091, 1087, 1083, 1082, 1083, 1086, 1085, 1088, 1089, 1090, 1092, 1094, 1095, 1096, 1101, 1104, 1107, 1112, 1116, 1119, 1123, 1130, 1137, 1141, 1146, 1153, 1160, 1167, 1170, 1173, 1178, 1184, 1191, 1199, 1207, 1217, 1225, 1233, 1245, 1255, 1266, 1276, 1284, 1298]
[0, 1203, 1195, 1188, 1180, 1173, 1166, 1160, 1156, 1151, 1144, 1140, 1138, 1136, 1134, 1130, 1127, 1126, 1125, 1125, 1124, 1122, 1122, 1089, 1090, 1090, 1090, 1092, 1096, 1097, 1097, 1101, 1105, 1108, 1112, 1116, 1120, 1122, 1128, 1138, 1143, 1151, 1159, 1162, 1167, 1171, 1173, 1180, 1188, 1195, 1201, 1211, 1221, 1228, 1237, 1247, 1257, 1266, 1276, 1287, 1300]
[0, 1201, 1192, 1183, 1175, 1168, 1163, 1158, 1155, 1148, 1142, 1139, 1137, 1133, 1130, 1129, 1127, 1124, 1123, 1122, 1123, 1123, 1122, 1122, 1120, 1122, 1123, 1124, 1127, 1127, 1128, 1131, 1134, 1135, 1131, 1127, 1129, 1134, 1137, 1140, 1141, 1146, 1150, 1153, 1159, 1162, 1174, 1180, 1187, 1195, 1201, 1211, 1220, 1229, 1238, 1246, 1256, 1267, 1277, 1287, 1300]
[0, 1199, 1191, 1182, 1174, 1168, 1162, 1158, 1153, 1146, 1142, 1138, 1135, 1132, 1130, 1128, 1126, 1126, 1123, 1124, 1122, 1122, 1121, 1119, 1121, 1122, 1124, 1125, 1128, 1129, 1128, 1130, 1133, 1133, 1131, 1129, 1132, 1135, 1138, 1142, 1145, 1148, 1152, 1156, 1160, 1165, 1172, 1179, 1185, 1192, 1199, 1206, 1216, 1226, 1234, 1245, 1255, 1265, 1276, 1286, 1300]
[0, 1251, 1244, 1233, 1226, 1222, 1215, 1209, 1203, 1198, 1194, 1188, 1182, 1175, 1167, 1160, 1156, 1151, 1146, 1144, 1141, 1139, 1121, 1122, 1121, 1122, 1123, 1125, 1127, 1126, 1128, 1131, 1134, 1135, 1130, 1127, 1129, 1134, 1137, 1139, 1141, 1145, 1151, 1153, 1155, 1159, 1166, 1175, 1181, 1188, 1195, 1201, 1210, 1221, 1229, 1239, 1249, 1258, 1269, 1281, 1291]
[0, 1253, 1246, 1238, 1233, 1226, 1217, 1209, 1203, 1198, 1194, 1190, 1183, 1174, 1168, 1162, 1156, 1153, 1149, 1145, 1142, 1138, 1136, 1132, 1129, 1129, 1129, 1125, 1126, 1126, 1127, 1131, 1125, 1127, 1128, 1131, 1129, 1135, 1137, 1140, 1141, 1145, 1150, 1151, 1155, 1159, 1166, 1174, 1179, 1186, 1194, 1201, 1208, 1219, 1229, 1238, 1248, 1257, 1266, 1277, 1290]
[0, 1277, 1267, 1256, 1245, 1235, 1226, 1215, 1205, 1199, 1191, 1185, 1181, 1174, 1166, 1159, 1155, 1151, 1145, 1143, 1141, 1138, 1136, 1135, 1132, 1129, 1128, 1127, 1126, 1125, 1126, 1127, 1127, 1128, 1130, 1132, 1133, 1135, 1135, 1137, 1141, 1146, 1152, 1156, 1159, 1164, 1170, 1178, 1184, 1191, 1199, 1205, 1215, 1224, 1234, 1242, 1252, 1262, 1271, 1281, 1294]
[0, 1287, 1274, 1263, 1251, 1242, 1234, 1224, 1214, 1205, 1196, 1187, 1181, 1176, 1168, 1161, 1157, 1154, 1148, 1144, 1142, 1139, 1136, 1133, 1129, 1128, 1127, 1126, 1126, 1126, 1127, 1126, 1127, 1129, 1130, 1129, 1132, 1135, 1138, 1140, 1143, 1147, 1151, 1155, 1159, 1163, 1167, 1175, 1183, 1188, 1193, 1201, 1214, 1223, 1230, 1239, 1249, 1259, 1270, 1280, 1291]
[0, 1277, 1267, 1256, 1245, 1235, 1226, 1216, 1206, 1198, 1190, 1182, 1175, 1176, 1168, 1162, 1159, 1154, 1150, 1146, 1142, 1140, 1137, 1134, 1131, 1130, 1128, 1126, 1125, 1125, 1125, 1126, 1126, 1127, 1127, 1128, 1129, 1132, 1136, 1139, 1140, 1142, 1145, 1150, 1155, 1158, 1163, 1170, 1177, 1185, 1192, 1198, 1206, 1216, 1224, 1237, 1245, 1254, 1265, 1274, 1286]
[0, 1281, 1271, 1261, 1250, 1239, 1229, 1219, 1209, 1200, 1193, 1186, 1178, 1172, 1165, 1159, 1155, 1153, 1149, 1144, 1140, 1138, 1137, 1135, 1132, 1130, 1126, 1125, 1126, 1126, 1127, 1127, 1126, 1126, 1127, 1127, 1129, 1133, 1136, 1139, 1140, 1144, 1148, 1151, 1155, 1158, 1163, 1169, 1176, 1185, 1192, 1199, 1207, 1214, 1222, 1234, 1246, 1255, 1263, 1271, 1296]
[0, 1275, 1265, 1254, 1243, 1239, 1234, 1224, 1205, 1200, 1188, 1186, 1180, 1174, 1168, 1162, 1158, 1153, 1150, 1145, 1141, 1139, 1135, 1130, 1128, 1128, 1126, 1126, 1125, 1123, 1123, 1125, 1125, 1126, 1127, 1129, 1131, 1131, 1133, 1137, 1140, 1143, 1145, 1151, 1157, 1161, 1167, 1173, 1179, 1185, 1192, 1200, 1209, 1217, 1226, 1237, 1247, 1256, 1267, 1279, 1290]
[0, 1277, 1266, 1255, 1243, 1233, 1225, 1215, 1205, 1198, 1190, 1184, 1177, 1168, 1163, 1159, 1155, 1150, 1144, 1142, 1139, 1135, 1137, 1132, 1129, 1129, 1126, 1125, 1125, 1122, 1120, 1122, 1125, 1126, 1127, 1128, 1129, 1130, 1133, 1138, 1140, 1141, 1144, 1148, 1154, 1158, 1163, 1169, 1176, 1182, 1187, 1194, 1202, 1211, 1222, 1231, 1242, 1254, 1263, 1273, 1283]
[0, 1277, 1267, 1257, 1244, 1234, 1226, 1214, 1204, 1197, 1190, 1184, 1176, 1170, 1164, 1157, 1155, 1151, 1146, 1143, 1141, 1137, 1132, 1132, 1129, 1129, 1126, 1126, 1125, 1123, 1123, 1122, 1125, 1125, 1127, 1128, 1129, 1130, 1131, 1134, 1142, 1141, 1144, 1148, 1153, 1157, 1162, 1168, 1174, 1181, 1187, 1194, 1201, 1221, 1222, 1231, 1243, 1253, 1271, 1282, 1295]
[0, 1279, 1269, 1256, 1245, 1236, 1228, 1219, 1207, 1198, 1191, 1183, 1175, 1170, 1164, 1158, 1155, 1151, 1147, 1144, 1141, 1137, 1133, 1131, 1129, 1128, 1127, 1125, 1125, 1123, 1123, 1125, 1125, 1125, 1126, 1129, 1131, 1133, 1135, 1139, 1142, 1145, 1149, 1153, 1155, 1158, 1165, 1174, 1181, 1186, 1194, 1201, 1209, 1217, 1227, 1237, 1246, 1257, 1269, 1279, 1291]
[0, 1278, 1268, 1257, 1246, 1236, 1224, 1215, 1206, 1197, 1190, 1182, 1175, 1168, 1162, 1157, 1154, 1150, 1145, 1142, 1140, 1136, 1133, 1132, 1130, 1128, 1126, 1125, 1124, 1123, 1124, 1125, 1125, 1125, 1126, 1129, 1131, 1132, 1135, 1138, 1141, 1145, 1148, 1152, 1155, 1160, 1166, 1173, 1180, 1186, 1193, 1201, 1210, 1219, 1229, 1239, 1248, 1260, 1270, 1280, 1292]
[0, 1276, 1266, 1255, 1244, 1233, 1225, 1214, 1204, 1196, 1189, 1183, 1176, 1168, 1162, 1158, 1152, 1147, 1144, 1142, 1139, 1135, 1133, 1132, 1130, 1125, 1124, 1124, 1124, 1122, 1123, 1124, 1124, 1124, 1125, 1127, 1130, 1132, 1134, 1137, 1140, 1144, 1148, 1152, 1155, 1158, 1164, 1170, 1178, 1186, 1193, 1200, 1208, 1217, 1227, 1237, 1248, 1259, 1269, 1279, 1290]
[0, 1281, 1270, 1257, 1247, 1238, 1229, 1218, 1208, 1199, 1192, 1185, 1178, 1171, 1164, 1159, 1155, 1150, 1146, 1144, 1140, 1138, 1132, 1131, 1129, 1125, 1126, 1125, 1123, 1121, 1123, 1122, 1125, 1126, 1125, 1127, 1127, 1129, 1131, 1134, 1138, 1141, 1144, 1152, 1155, 1157, 1161, 1165, 1180, 1187, 1193, 1193, 1201, 1209, 1220, 1239, 1248, 1261, 1270, 1281, 1290]
[0, 1280, 1269, 1256, 1245, 1237, 1228, 1218, 1207, 1198, 1190, 1182, 1174, 1168, 1164, 1158, 1154, 1149, 1145, 1143, 1140, 1135, 1136, 1131, 1126, 1125, 1126, 1124, 1122, 1124, 1123, 1122, 1123, 1126, 1126, 1125, 1127, 1130, 1133, 1135, 1138, 1142, 1144, 1150, 1154, 1157, 1164, 1171, 1175, 1184, 1192, 1198, 1206, 1217, 1226, 1235, 1245, 1255, 1265, 1276, 1289]
[0, 1283, 1272, 1260, 1249, 1237, 1226, 1217, 1209, 1199, 1192, 1185, 1178, 1169, 1163, 1158, 1154, 1149, 1144, 1139, 1138, 1135, 1133, 1131, 1126, 1124, 1123, 1123, 1122, 1123, 1121, 1121, 1124, 1125, 1125, 1125, 1128, 1131, 1134, 1136, 1137, 1141, 1146, 1150, 1154, 1157, 1164, 1170, 1177, 1186, 1192, 1199, 1207, 1216, 1225, 1235, 1247, 1258, 1269, 1281, 1296]
[0, 1282, 1273, 1261, 1248, 1237, 1226, 1216, 1208, 1199, 1192, 1185, 1177, 1169, 1162, 1159, 1154, 1149, 1143, 1139, 1137, 1135, 1132, 1130, 1126, 1125, 1123, 1120, 1120, 1121, 1121, 1122, 1123, 1125, 1126, 1125, 1127, 1130, 1132, 1136, 1139, 1141, 1144, 1147, 1152, 1158, 1161, 1169, 1176, 1183, 1191, 1197, 1206, 1217, 1225, 1235, 1248, 1260, 1273, 1289, 1304]
[0, 1282, 1271, 1259, 1248, 1237, 1226, 1217, 1209, 1199, 1190, 1183, 1177, 1169, 1162, 1158, 1153, 1148, 1143, 1139, 1137, 1134, 1132, 1129, 1126, 1125, 1123, 1120, 1120, 1121, 1121, 1121, 1122, 1124, 1125, 1125, 1127, 1129, 1132, 1136, 1138, 1140, 1144, 1146, 1151, 1156, 1161, 1168, 1176, 1183, 1191, 1197, 1206, 1216, 1225, 1235, 1248, 1260, 1274, 1289, 1304]
[0, 1276, 1266, 1255, 1245, 1235, 1224, 1213, 1203, 1194, 1186, 1182, 1175, 1167, 1161, 1156, 1152, 1149, 1144, 1141, 1138, 1134, 1132, 1129, 1126, 1125, 1122, 1120, 1121, 1121, 1121, 1121, 1122, 1123, 1124, 1125, 1127, 1129, 1132, 1135, 1137, 1140, 1143, 1146, 1152, 1157, 1160, 1168, 1176, 1183, 1190, 1197, 1206, 1217, 1225, 1236, 1249, 1262, 1275, 1288, 1304]
[0, 1275, 1265, 1254, 1243, 1233, 1221, 1211, 1203, 1196, 1188, 1181, 1175, 1167, 1159, 1155, 1151, 1147, 1144, 1140, 1138, 1133, 1131, 1130, 1128, 1125, 1122, 1122, 1122, 1121, 1122, 1121, 1123, 1124, 1124, 1125, 1128, 1130, 1132, 1137, 1137, 1144, 1148, 1153, 1152, 1161, 1175, 1168, 1182, 1190, 1199, 1215, 1206, 1224, 1232, 1242, 1253, 1271, 1275, 1296, 1310]
[0, 1278, 1268, 1259, 1247, 1237, 1226, 1217, 1208, 1199, 1191, 1184, 1177, 1169, 1162, 1158, 1153, 1148, 1143, 1139, 1138, 1136, 1130, 1129, 1127, 1124, 1122, 1122, 1121, 1120, 1121, 1123, 1123, 1124, 1123, 1125, 1124, 1129, 1133, 1137, 1136, 1144, 1148, 1153, 1161, 1169, 1176, 1168, 1190, 1199, 1207, 1215, 1224, 1232, 1242, 1253, 1261, 1271, 1283, 1296, 1311]
[0, 1278, 1268, 1256, 1245, 1236, 1226, 1217, 1205, 1196, 1190, 1183, 1174, 1165, 1161, 1157, 1153, 1149, 1142, 1140, 1139, 1135, 1132, 1130, 1130, 1130, 1129, 1130, 1130, 1131, 1131, 1130, 1132, 1134, 1136, 1137, 1139, 1143, 1144, 1146, 1150, 1153, 1157, 1163, 1168, 1173, 1178, 1184, 1192, 1199, 1205, 1212, 1220, 1229, 1238, 1249, 1257, 1266, 1278, 1292, 1306]
[0, 1270, 1262, 1254, 1243, 1233, 1224, 1214, 1208, 1203, 1196, 1194, 1191, 1187, 1180, 1172, 1165, 1160, 1142, 1157, 1150, 1135, 1147, 1130, 1130, 1132, 1131, 1131, 1131, 1133, 1132, 1131, 1132, 1133, 1136, 1139, 1141, 1142, 1145, 1147, 1150, 1155, 1159, 1163, 1170, 1174, 1178, 1185, 1193, 1200, 1206, 1213, 1221, 1230, 1240, 1250, 1257, 1267, 1280, 1295, 1307]
[0, 1270, 1259, 1250, 1242, 1233, 1224, 1214, 1208, 1202, 1195, 1193, 1191, 1186, 1180, 1172, 1165, 1160, 1142, 1157, 1151, 1147, 1147, 1143, 1140, 1139, 1138, 1137, 1135, 1134, 1132, 1132, 1134, 1134, 1136, 1138, 1138, 1140, 1142, 1146, 1149, 1150, 1156, 1162, 1164, 1170, 1176, 1182, 1188, 1193, 1201, 1209, 1216, 1225, 1237, 1246, 1252, 1261, 1272, 1284, 1296]
[0, 1274, 1263, 1252, 1244, 1234, 1225, 1217, 1210, 1204, 1198, 1195, 1192, 1188, 1180, 1173, 1168, 1161, 1157, 1154, 1150, 1146, 1147, 1143, 1139, 1138, 1137, 1137, 1135, 1134, 1132, 1132, 1134, 1134, 1136, 1138, 1139, 1140, 1142, 1146, 1148, 1150, 1156, 1162, 1164, 1169, 1176, 1182, 1188, 1194, 1202, 1209, 1216, 1225, 1236, 1246, 1252, 1261, 1272, 1285, 1296]
[0, 1277, 1268, 1256, 1245, 1236, 1226, 1218, 1212, 1207, 1201, 1199, 1197, 1188, 1180, 1173, 1167, 1162, 1157, 1154, 1151, 1146, 1143, 1144, 1143, 1138, 1135, 1135, 1133, 1133, 1133, 1132, 1133, 1135, 1137, 1138, 1139, 1139, 1143, 1147, 1149, 1156, 1162, 1164, 1166, 1170, 1177, 1186, 1194, 1200, 1207, 1216, 1225, 1233, 1242, 1251, 1260, 1269, 1282, 1295, 1307]
[0, 1277, 1267, 1256, 1245, 1236, 1227, 1219, 1212, 1207, 1201, 1199, 1197, 1188, 1180, 1173, 1168, 1163, 1158, 1154, 1151, 1148, 1144, 1143, 1141, 1136, 1132, 1131, 1132, 1133, 1132, 1131, 1132, 1133, 1135, 1138, 1140, 1142, 1144, 1146, 1149, 1153, 1157, 1163, 1168, 1172, 1178, 1184, 1192, 1198, 1205, 1212, 1221, 1230, 1239, 1249, 1255, 1265, 1278, 1291, 1305]
[0, 1296, 1286, 1274, 1262, 1252, 1244, 1235, 1224, 1215, 1209, 1202, 1193, 1185, 1175, 1168, 1168, 1163, 1158, 1154, 1150, 1148, 1145, 1144, 1141, 1138, 1135, 1133, 1131, 1132, 1131, 1131, 1132, 1133, 1136, 1137, 1139, 1142, 1144, 1146, 1149, 1153, 1156, 1162, 1167, 1172, 1178, 1185, 1192, 1198, 1204, 1212, 1221, 1230, 1239, 1248, 1254, 1264, 1276, 1289, 1301]
[0, 1296, 1286, 1274, 1261, 1252, 1243, 1234, 1224, 1215, 1209, 1202, 1193, 1185, 1179, 1173, 1169, 1163, 1160, 1156, 1150, 1148, 1145, 1143, 1141, 1137, 1135, 1133, 1132, 1132, 1131, 1131, 1133, 1134, 1135, 1136, 1139, 1141, 1143, 1145, 1148, 1151, 1155, 1159, 1164, 1169, 1175, 1183, 1192, 1198, 1204, 1212, 1219, 1225, 1237, 1247, 1253, 1263, 1274, 1287, 1298]
[0, 1291, 1279, 1268, 1258, 1249, 1239, 1230, 1221, 1212, 1206, 1197, 1191, 1184, 1177, 1173, 1165, 1159, 1157, 1154, 1150, 1146, 1145, 1143, 1141, 1137, 1135, 1133, 1132, 1132, 1132, 1132, 1132, 1134, 1136, 1137, 1137, 1138, 1143, 1145, 1148, 1151, 1158, 1162, 1164, 1169, 1174, 1183, 1190, 1196, 1204, 1212, 1219, 1226, 1234, 1243, 1253, 1263, 1277, 1290, 1300]
[0, 1291, 1279, 1268, 1257, 1248, 1240, 1230, 1221, 1211, 1204, 1198, 1192, 1183, 1177, 1173, 1167, 1162, 1157, 1153, 1149, 1147, 1143, 1143, 1142, 1138, 1134, 1134, 1133, 1133, 1132, 1131, 1133, 1134, 1135, 1137, 1138, 1139, 1143, 1147, 1148, 1152, 1156, 1161, 1166, 1170, 1177, 1184, 1191, 1200, 1206, 1215, 1224, 1232, 1243, 1253, 1260, 1269, 1282, 1296, 1310]
[0, 1298, 1273, 1268, 1261, 1253, 1244, 1234, 1224, 1214, 1208, 1201, 1194, 1187, 1184, 1177, 1169, 1166, 1159, 1154, 1153, 1151, 1144, 1143, 1137, 1133, 1135, 1134, 1133, 1133, 1132, 1133, 1134, 1134, 1136, 1138, 1139, 1140, 1143, 1146, 1148, 1153, 1159, 1163, 1166, 1170, 1178, 1187, 1194, 1200, 1201, 1208, 1214, 1224, 1240, 1253, 1252, 1261, 1270, 1296, 1309]
[0, 1297, 1286, 1273, 1261, 1252, 1243, 1233, 1224, 1218, 1211, 1201, 1194, 1187, 1181, 1174, 1169, 1166, 1160, 1155, 1153, 1149, 1146, 1143, 1142, 1139, 1135, 1134, 1134, 1135, 1132, 1131, 1133, 1131, 1133, 1138, 1137, 1138, 1142, 1144, 1147, 1150, 1154, 1158, 1164, 1169, 1174, 1181, 1188, 1195, 1203, 1211, 1214, 1222, 1236, 1245, 1253, 1265, 1278, 1288, 1298]
[0, 1292, 1279, 1266, 1258, 1250, 1240, 1231, 1222, 1214, 1209, 1200, 1193, 1188, 1180, 1174, 1168, 1163, 1159, 1154, 1151, 1146, 1145, 1143, 1142, 1139, 1136, 1137, 1135, 1132, 1132, 1131, 1133, 1134, 1135, 1137, 1137, 1138, 1142, 1144, 1147, 1150, 1154, 1158, 1163, 1169, 1175, 1181, 1188, 1195, 1202, 1209, 1213, 1222, 1236, 1245, 1253, 1264, 1275, 1285, 1297]
[0, 1287, 1276, 1264, 1253, 1245, 1236, 1226, 1217, 1211, 1203, 1196, 1190, 1185, 1180, 1177, 1169, 1165, 1160, 1157, 1152, 1148, 1147, 1143, 1140, 1137, 1135, 1132, 1132, 1132, 1132, 1132, 1132, 1133, 1132, 1135, 1140, 1141, 1143, 1145, 1148, 1151, 1155, 1158, 1165, 1170, 1175, 1184, 1191, 1196, 1203, 1210, 1217, 1227, 1235, 1244, 1253, 1263, 1276, 1289, 1300]
