[0, 0, 0, 0, 0, 0, 0, 0, 0, 0, 0, 0, 0, 0, 0, 0, 0, 0, 0, 0, 0, 0, 0, 0, 0, 0, 0, 0, 0, 0, 0, 0, 0, 0, 0, 0, 0, 0, 0, 0, 0, 0, 0, 0, 0, 0, 0, 0, 0, 0, 0, 0, 0, 0, 0, 0, 0, 0, 0, 0, 0]
[0, 528, 525, 521, 519, 516, 512, 508, 505, 503, 503, 499, 496, 494, 493, 490, 489, 488, 485, 484, 483, 483, 482, 482, 481, 480, 480, 480, 480, 481, 480, 481, 482, 482, 483, 484, 486, 0, 453, 446, 441, 440, 440, 442, 446, 454, 1350, 0, 516, 519, 524, 528, 533, 538, 543, 547, 552, 557, 563, 569, 575]
[0, 531, 527, 522, 519, 516, 513, 510, 507, 504, 502, 499, 497, 495, 493, 491, 489, 488, 486, 485, 484, 483, 483, 482, 481, 480, 480, 481, 480, 481, 481, 481, 482, 483, 484, 485, 0, 458, 448, 446, 440, 440, 441, 444, 446, 454, 1350, 0, 515, 518, 522, 526, 531, 536, 540, 545, 550, 555, 565, 572, 579]
[0, 528, 527, 524, 521, 517, 513, 508, 505, 504, 500, 498, 497, 496, 493, 491, 489, 488, 487, 485, 484, 483, 482, 482, 481, 481, 480, 480, 480, 481, 480, 481, 482, 482, 483, 480, 0, 0, 455, 447, 442, 440, 440, 441, 445, 452, 1350, 0, 515, 519, 523, 527, 532, 537, 541, 547, 552, 557, 561, 567, 573]
[0, 530, 526, 522, 519, 515, 511, 509, 506, 503, 501, 499, 497, 495, 493, 491, 489, 487, 485, 484, 484, 483, 482, 482, 481, 481, 480, 480, 480, 480, 480, 481, 482, 483, 484, 480, 479, 456, 455, 448, 443, 440, 439, 441, 444, 452, 1350, 0, 515, 519, 522, 526, 531, 536, 540, 545, 550, 555, 560, 566, 572]
[0, 529, 525, 522, 518, 515, 511, 508, 506, 503, 500, 498, 496, 495, 493, 491, 489, 487, 486, 485, 484, 483, 482, 482, 481, 480, 480, 480, 480, 480, 480, 481, 482, 482, 483, 484, 483, 0, 454, 446, 442, 440, 439, 441, 445, 453, 1350, 0, 515, 519, 523, 527, 532, 537, 542, 547, 552, 557, 562, 568, 574]
[0, 531, 527, 523, 520, 516, 513, 510, 507, 504, 502, 499, 497, 495, 493, 491, 489, 488, 486, 485, 484, 483, 482, 482, 481, 480, 480, 480, 480, 480, 481, 481, 482, 482, 483, 484, 489, 0, 452, 445, 441, 440, 440, 442, 446, 453, 1350, 513, 516, 519, 524, 528, 533, 538, 543, 547, 552, 557, 563, 568, 575]
[0, 530, 526, 523, 520, 516, 512, 509, 507, 504, 502, 499, 497, 496, 493, 491, 489, 487, 486, 485, 484, 483, 482, 482, 481, 480, 480, 480, 480, 480, 481, 482, 482, 483, 484, 479, 467, 0, 456, 447, 442, 440, 439, 441, 444, 453, 1350, 0, 515, 519, 523, 527, 532, 536, 541, 546, 551, 556, 561, 566, 573]
[0, 535, 530, 526, 523, 520, 517, 514, 511, 508, 505, 503, 501, 500, 498, 495, 494, 493, 491, 490, 488, 487, 486, 485, 481, 481, 480, 480, 480, 480, 480, 480, 482, 482, 483, 484, 484, 0, 453, 446, 442, 440, 439, 441, 445, 453, 1350, 0, 516, 519, 524, 529, 533, 538, 543, 547, 552, 557, 562, 568, 575]
[0, 533, 529, 526, 522, 519, 516, 513, 510, 507, 505, 503, 500, 499, 497, 496, 494, 492, 490, 489, 488, 487, 486, 486, 485, 485, 484, 484, 484, 485, 485, 485, 486, 486, 488, 484, 491, 0, 452, 445, 441, 439, 439, 441, 445, 453, 0, 0, 516, 0, 530, 534, 539, 544, 548, 553, 558, 563, 569, 576, 582]
[0, 533, 528, 525, 522, 518, 516, 514, 512, 509, 504, 502, 500, 500, 496, 496, 495, 492, 490, 489, 488, 487, 486, 486, 485, 485, 485, 485, 485, 485, 485, 485, 486, 487, 488, 489, 0, 459, 448, 442, 440, 439, 440, 443, 445, 453, 0, 0, 0, 0, 527, 532, 541, 546, 551, 555, 560, 566, 571, 578, 584]
[0, 536, 528, 525, 525, 518, 516, 514, 512, 509, 507, 504, 502, 500, 498, 495, 495, 493, 490, 489, 488, 487, 486, 486, 485, 485, 485, 484, 484, 485, 485, 486, 487, 487, 488, 490, 0, 457, 448, 442, 439, 438, 440, 443, 445, 453, 0, 0, 0, 0, 527, 532, 541, 0, 546, 556, 560, 566, 571, 578, 584]
[0, 534, 530, 527, 523, 519, 516, 513, 511, 509, 506, 503, 501, 499, 498, 496, 494, 493, 491, 490, 488, 487, 486, 486, 486, 485, 485, 485, 485, 485, 486, 486, 487, 487, 488, 488, 0, 0, 448, 442, 439, 439, 440, 444, 445, 453, 0, 0, 0, 0, 529, 533, 538, 542, 552, 556, 557, 567, 574, 580, 587]
[0, 539, 535, 531, 528, 524, 521, 518, 515, 513, 511, 508, 506, 504, 502, 501, 499, 498, 497, 496, 495, 494, 493, 492, 486, 485, 485, 485, 485, 485, 486, 486, 486, 487, 488, 489, 491, 0, 450, 444, 441, 439, 439, 441, 446, 453, 0, 0, 0, 0, 530, 534, 539, 544, 549, 554, 559, 564, 570, 576, 582]
[0, 540, 536, 532, 528, 524, 521, 519, 516, 513, 511, 509, 507, 504, 502, 501, 499, 498, 497, 496, 495, 494, 493, 492, 491, 491, 490, 490, 490, 490, 491, 492, 493, 494, 494, 496, 0, 0, 448, 442, 438, 437, 439, 442, 446, 453, 0, 0, 0, 0, 539, 543, 549, 554, 558, 563, 568, 575, 581, 587, 593]
[0, 539, 535, 531, 528, 524, 521, 518, 516, 513, 511, 509, 506, 504, 502, 501, 500, 498, 497, 496, 495, 494, 494, 493, 491, 491, 490, 490, 490, 491, 491, 492, 493, 494, 494, 496, 0, 0, 449, 443, 439, 437, 438, 441, 446, 453, 0, 0, 0, 0, 539, 543, 548, 553, 558, 562, 568, 574, 580, 587, 592]
[0, 538, 534, 531, 527, 523, 521, 518, 518, 513, 511, 508, 506, 504, 502, 501, 499, 498, 497, 496, 496, 495, 493, 493, 492, 491, 491, 491, 491, 492, 493, 493, 494, 495, 496, 497, 0, 455, 446, 441, 438, 437, 439, 442, 446, 453, 0, 0, 0, 0, 542, 0, 546, 555, 560, 565, 571, 577, 584, 590, 595]
[0, 540, 536, 532, 528, 525, 521, 519, 516, 513, 511, 509, 507, 504, 502, 501, 500, 498, 497, 497, 496, 494, 493, 492, 492, 491, 491, 491, 492, 492, 493, 493, 494, 495, 496, 497, 0, 455, 445, 441, 438, 438, 438, 439, 442, 453, 0, 0, 0, 0, 0, 542, 550, 555, 560, 565, 571, 577, 584, 589, 595]
[0, 539, 535, 533, 529, 525, 522, 519, 517, 514, 512, 510, 507, 507, 505, 503, 501, 500, 500, 498, 498, 497, 496, 495, 491, 491, 491, 491, 491, 491, 492, 492, 493, 494, 495, 496, 0, 0, 449, 442, 439, 437, 438, 440, 445, 453, 0, 493, 0, 0, 0, 543, 548, 553, 557, 562, 568, 574, 580, 587, 599]
[0, 547, 543, 538, 535, 528, 522, 524, 520, 514, 518, 515, 511, 509, 505, 507, 504, 500, 502, 501, 500, 497, 498, 495, 493, 494, 494, 494, 494, 495, 496, 495, 496, 497, 497, 499, 0, 454, 445, 440, 438, 437, 439, 442, 445, 453, 0, 0, 0, 0, 0, 548, 554, 558, 563, 568, 574, 581, 587, 593, 599]
[0, 544, 540, 537, 534, 530, 527, 524, 522, 519, 517, 514, 512, 510, 508, 506, 505, 503, 502, 500, 500, 500, 498, 498, 497, 496, 497, 497, 497, 497, 498, 500, 500, 500, 502, 502, 0, 453, 445, 439, 438, 437, 438, 441, 445, 453, 0, 0, 0, 0, 548, 0, 553, 562, 568, 573, 579, 585, 590, 596, 603]
[0, 545, 541, 538, 535, 531, 528, 525, 522, 520, 518, 516, 513, 511, 510, 508, 507, 505, 504, 503, 502, 501, 501, 500, 497, 497, 497, 497, 497, 497, 498, 498, 499, 501, 502, 502, 499, 0, 449, 442, 438, 437, 437, 440, 444, 453, 0, 0, 0, 0, 0, 550, 554, 559, 564, 570, 575, 581, 587, 599, 605]
[0, 550, 546, 542, 538, 535, 532, 529, 527, 525, 523, 521, 519, 516, 514, 513, 511, 510, 508, 507, 506, 506, 505, 504, 500, 499, 499, 499, 499, 500, 500, 501, 502, 503, 504, 505, 0, 457, 446, 440, 437, 437, 438, 440, 445, 453, 0, 498, 0, 0, 0, 554, 558, 563, 568, 574, 579, 586, 591, 597, 603]
[0, 554, 550, 546, 542, 539, 536, 533, 530, 527, 526, 523, 522, 520, 517, 515, 513, 512, 511, 510, 510, 510, 508, 507, 504, 504, 504, 504, 504, 505, 505, 506, 502, 508, 509, 505, 503, 0, 449, 442, 438, 436, 436, 437, 441, 453, 0, 0, 498, 0, 0, 0, 560, 565, 571, 583, 579, 594, 600, 606, 612]
[0, 555, 551, 548, 544, 541, 538, 535, 532, 529, 526, 525, 523, 520, 519, 517, 515, 512, 511, 511, 510, 509, 508, 507, 506, 506, 506, 506, 506, 507, 507, 508, 509, 509, 510, 511, 0, 0, 446, 440, 437, 436, 436, 438, 442, 450, 0, 0, 498, 0, 0, 560, 564, 569, 576, 581, 586, 593, 599, 610, 617]
[0, 560, 557, 554, 550, 547, 544, 541, 538, 536, 533, 531, 530, 528, 526, 524, 522, 520, 519, 518, 517, 516, 515, 515, 507, 507, 507, 506, 507, 508, 509, 509, 510, 511, 511, 512, 0, 0, 442, 440, 438, 436, 437, 440, 442, 450, 0, 543, 0, 500, 559, 563, 568, 573, 580, 585, 591, 596, 602, 608, 614]
[0, 566, 563, 559, 556, 553, 549, 547, 544, 542, 539, 537, 535, 532, 531, 529, 527, 526, 525, 524, 523, 521, 521, 521, 514, 514, 514, 514, 515, 508, 515, 516, 510, 518, 519, 523, 0, 0, 448, 441, 437, 435, 434, 436, 441, 450, 0, 551, 0, 500, 0, 572, 568, 583, 589, 594, 600, 606, 612, 618, 625]
[0, 566, 562, 558, 555, 552, 549, 546, 543, 540, 538, 536, 534, 532, 530, 528, 527, 526, 525, 524, 522, 521, 520, 520, 520, 519, 514, 519, 520, 521, 521, 521, 522, 523, 524, 525, 0, 0, 448, 441, 437, 434, 434, 438, 441, 450, 0, 554, 0, 498, 572, 579, 583, 588, 594, 600, 606, 611, 617, 624, 631]
[0, 566, 562, 559, 555, 552, 549, 546, 543, 541, 538, 536, 534, 532, 531, 528, 527, 526, 525, 524, 522, 521, 520, 520, 520, 520, 520, 520, 520, 520, 521, 521, 522, 524, 524, 525, 0, 457, 446, 440, 436, 434, 434, 436, 440, 450, 0, 557, 0, 500, 0, 574, 580, 590, 594, 600, 606, 612, 619, 626, 633]
[0, 574, 569, 566, 563, 559, 557, 554, 551, 548, 546, 544, 542, 540, 538, 536, 535, 532, 531, 524, 529, 528, 528, 520, 520, 520, 520, 519, 520, 520, 521, 521, 522, 522, 525, 525, 0, 0, 446, 439, 435, 434, 434, 436, 440, 450, 0, 557, 0, 500, 0, 574, 580, 590, 595, 600, 606, 612, 619, 626, 633]
[0, 574, 572, 565, 563, 558, 555, 552, 549, 548, 545, 543, 541, 539, 537, 535, 534, 532, 531, 530, 529, 529, 528, 527, 527, 527, 527, 527, 527, 527, 528, 529, 530, 531, 532, 533, 0, 0, 441, 439, 434, 433, 434, 436, 441, 450, 0, 567, 0, 0, 0, 0, 591, 595, 601, 606, 611, 617, 624, 639, 633]
[0, 588, 584, 580, 575, 571, 568, 565, 562, 560, 558, 553, 551, 549, 547, 545, 544, 543, 542, 541, 540, 538, 538, 527, 527, 527, 527, 527, 527, 527, 528, 528, 529, 530, 531, 534, 0, 0, 443, 437, 434, 433, 434, 436, 439, 446, 0, 565, 0, 499, 0, 583, 589, 593, 598, 609, 615, 622, 628, 634, 642]
[0, 589, 586, 582, 578, 574, 570, 567, 564, 562, 559, 557, 556, 554, 552, 550, 548, 547, 546, 544, 542, 538, 541, 538, 538, 537, 538, 539, 539, 539, 539, 540, 540, 541, 542, 543, 0, 453, 442, 436, 434, 433, 433, 435, 438, 445, 0, 578, 0, 495, 0, 593, 601, 611, 598, 622, 629, 635, 642, 649, 655]
[0, 598, 594, 591, 588, 584, 581, 578, 575, 571, 568, 566, 564, 563, 561, 560, 559, 557, 555, 555, 553, 551, 551, 550, 538, 541, 541, 541, 541, 541, 542, 543, 543, 544, 546, 547, 0, 0, 448, 439, 435, 432, 432, 436, 438, 445, 0, 584, 0, 0, 0, 0, 605, 610, 615, 621, 628, 635, 642, 648, 654]
[0, 600, 596, 592, 590, 586, 582, 579, 576, 573, 570, 567, 565, 563, 562, 560, 559, 557, 556, 554, 553, 551, 551, 550, 550, 550, 550, 551, 541, 551, 552, 553, 554, 555, 556, 547, 0, 453, 442, 436, 433, 432, 431, 432, 436, 445, 0, 0, 596, 0, 0, 614, 619, 624, 631, 637, 644, 650, 656, 664, 672]
[0, 606, 602, 599, 595, 592, 589, 585, 582, 579, 576, 574, 570, 563, 568, 566, 563, 557, 561, 559, 553, 557, 557, 551, 550, 550, 551, 551, 552, 552, 552, 553, 554, 555, 556, 558, 0, 453, 438, 436, 434, 432, 433, 432, 435, 445, 0, 594, 596, 0, 0, 0, 618, 623, 629, 635, 642, 649, 655, 662, 669]
[0, 605, 602, 598, 595, 592, 588, 585, 581, 579, 576, 573, 571, 569, 566, 565, 564, 562, 561, 560, 559, 558, 557, 556, 556, 555, 556, 557, 557, 557, 557, 558, 559, 560, 562, 563, 0, 453, 438, 436, 432, 431, 432, 434, 438, 447, 0, 599, 596, 0, 0, 617, 623, 628, 635, 642, 648, 654, 661, 668, 675]
[0, 612, 608, 604, 601, 598, 594, 591, 588, 585, 582, 577, 571, 572, 571, 565, 568, 566, 564, 563, 563, 562, 561, 556, 555, 555, 555, 556, 556, 556, 557, 558, 559, 560, 561, 563, 0, 0, 444, 437, 433, 431, 431, 432, 434, 447, 0, 601, 596, 0, 0, 618, 625, 630, 636, 643, 649, 656, 663, 670, 677]
[0, 609, 605, 602, 599, 596, 593, 589, 586, 583, 580, 578, 576, 574, 571, 570, 568, 567, 566, 564, 563, 563, 562, 561, 561, 560, 560, 560, 561, 562, 562, 563, 564, 565, 566, 568, 0, 0, 445, 437, 434, 431, 431, 434, 434, 447, 0, 605, 596, 0, 0, 624, 630, 636, 642, 648, 654, 661, 668, 675, 682]
[0, 630, 625, 620, 617, 613, 610, 605, 586, 599, 597, 594, 592, 590, 588, 587, 586, 584, 582, 581, 581, 579, 578, 562, 562, 561, 561, 561, 562, 563, 563, 564, 565, 566, 567, 569, 0, 0, 439, 434, 431, 430, 431, 433, 436, 443, 0, 605, 0, 0, 0, 0, 632, 638, 644, 650, 662, 668, 676, 684, 693]
[0, 630, 625, 622, 618, 614, 611, 609, 606, 603, 600, 597, 595, 593, 592, 590, 589, 587, 584, 581, 583, 581, 581, 578, 578, 578, 578, 578, 578, 580, 580, 581, 582, 584, 585, 586, 0, 446, 439, 437, 430, 429, 430, 433, 435, 443, 0, 624, 630, 0, 0, 0, 649, 655, 661, 667, 674, 681, 688, 704, 711]
[0, 632, 627, 623, 619, 615, 612, 610, 607, 604, 601, 598, 596, 594, 593, 591, 589, 589, 587, 585, 585, 584, 583, 582, 580, 580, 580, 580, 580, 581, 582, 583, 584, 585, 587, 589, 0, 0, 443, 435, 432, 429, 430, 431, 434, 443, 0, 626, 630, 0, 0, 645, 653, 658, 663, 670, 676, 684, 692, 700, 707]
[0, 633, 629, 625, 621, 615, 614, 611, 608, 606, 604, 601, 599, 597, 596, 594, 593, 591, 590, 590, 589, 588, 586, 581, 581, 581, 581, 582, 583, 583, 584, 586, 587, 587, 588, 591, 0, 0, 441, 435, 431, 429, 429, 430, 433, 443, 0, 0, 629, 0, 0, 650, 655, 661, 667, 673, 679, 687, 696, 704, 711]
[0, 653, 648, 644, 640, 637, 633, 630, 627, 624, 618, 616, 614, 597, 610, 609, 607, 606, 604, 604, 603, 602, 601, 586, 586, 586, 587, 587, 587, 588, 588, 589, 590, 591, 593, 594, 0, 0, 437, 432, 431, 429, 429, 431, 435, 443, 0, 0, 637, 0, 0, 0, 657, 663, 669, 676, 683, 698, 705, 711, 719]
[0, 656, 651, 647, 643, 640, 636, 633, 630, 626, 624, 621, 618, 616, 614, 612, 611, 609, 607, 604, 605, 602, 605, 603, 601, 601, 601, 601, 601, 603, 604, 605, 605, 607, 608, 609, 0, 0, 442, 434, 430, 428, 427, 428, 431, 445, 0, 650, 637, 0, 667, 670, 676, 682, 688, 696, 703, 710, 717, 725, 733]
[0, 653, 649, 645, 643, 638, 635, 631, 628, 626, 623, 620, 617, 615, 613, 612, 611, 609, 608, 607, 606, 605, 604, 602, 604, 604, 604, 604, 605, 605, 606, 607, 608, 609, 611, 611, 0, 0, 440, 433, 430, 428, 427, 429, 431, 445, 0, 650, 652, 0, 0, 673, 679, 685, 692, 699, 706, 713, 721, 729, 738]
[0, 658, 653, 649, 645, 641, 638, 635, 631, 628, 625, 620, 617, 615, 613, 611, 610, 609, 608, 607, 606, 605, 605, 603, 603, 604, 604, 604, 605, 605, 606, 606, 607, 609, 610, 612, 0, 446, 440, 431, 430, 428, 428, 430, 433, 440, 0, 0, 655, 0, 0, 0, 676, 683, 696, 699, 710, 717, 725, 733, 742]
[0, 660, 656, 652, 648, 645, 642, 639, 636, 633, 630, 629, 626, 623, 620, 618, 616, 616, 615, 614, 614, 612, 611, 604, 604, 603, 603, 604, 604, 605, 606, 607, 608, 609, 610, 611, 0, 0, 444, 435, 430, 428, 427, 428, 434, 441, 0, 0, 655, 0, 491, 0, 677, 683, 691, 697, 711, 718, 725, 734, 743]
[0, 665, 656, 657, 653, 650, 646, 643, 640, 638, 635, 633, 630, 627, 625, 622, 621, 620, 619, 618, 617, 616, 615, 610, 611, 610, 610, 611, 611, 611, 612, 613, 614, 616, 618, 611, 0, 0, 436, 431, 429, 427, 428, 430, 433, 441, 0, 0, 664, 0, 0, 0, 685, 691, 705, 712, 719, 726, 734, 743, 752]
[0, 667, 662, 658, 655, 651, 648, 645, 643, 639, 636, 633, 631, 629, 626, 624, 622, 621, 620, 618, 617, 615, 614, 613, 614, 614, 614, 614, 614, 615, 616, 617, 618, 620, 621, 623, 0, 0, 444, 435, 428, 427, 428, 429, 433, 441, 0, 0, 664, 0, 0, 682, 691, 698, 704, 711, 725, 726, 733, 749, 758]
[0, 678, 674, 670, 666, 662, 660, 657, 651, 639, 648, 643, 641, 639, 636, 634, 632, 631, 630, 629, 628, 627, 626, 615, 615, 614, 614, 614, 615, 616, 617, 618, 619, 621, 622, 624, 0, 0, 440, 433, 429, 428, 427, 429, 431, 441, 0, 664, 664, 0, 0, 686, 693, 700, 706, 714, 720, 727, 735, 744, 753]
[0, 678, 674, 670, 666, 662, 660, 656, 651, 648, 645, 643, 641, 639, 636, 634, 632, 631, 630, 629, 628, 627, 626, 625, 625, 626, 626, 626, 627, 628, 629, 630, 631, 632, 633, 635, 0, 0, 441, 434, 430, 426, 427, 428, 430, 441, 0, 0, 664, 0, 0, 697, 705, 711, 717, 724, 732, 739, 747, 764, 773]
[0, 688, 683, 679, 675, 672, 668, 665, 662, 660, 657, 655, 653, 650, 648, 647, 646, 644, 642, 641, 640, 640, 639, 626, 625, 625, 626, 626, 626, 627, 628, 629, 630, 632, 633, 635, 0, 443, 434, 434, 427, 427, 427, 428, 433, 440, 0, 0, 664, 0, 0, 694, 704, 710, 722, 724, 737, 745, 754, 762, 771]
[0, 692, 687, 682, 678, 675, 671, 667, 666, 663, 660, 657, 654, 654, 651, 648, 648, 647, 646, 646, 644, 642, 639, 641, 638, 639, 639, 640, 641, 642, 643, 644, 645, 647, 648, 650, 0, 0, 440, 433, 429, 426, 424, 426, 429, 433, 441, 0, 664, 0, 0, 715, 721, 728, 736, 742, 756, 764, 772, 782, 791]
[0, 699, 695, 690, 685, 682, 679, 676, 673, 669, 666, 664, 662, 661, 658, 655, 654, 653, 652, 650, 648, 647, 647, 641, 641, 640, 641, 641, 642, 643, 644, 645, 645, 647, 648, 650, 0, 0, 437, 431, 428, 426, 425, 426, 430, 433, 441, 0, 664, 0, 0, 715, 721, 729, 736, 743, 750, 758, 766, 773, 783]
[0, 712, 708, 703, 698, 695, 691, 687, 683, 681, 678, 676, 672, 670, 658, 668, 665, 664, 662, 661, 659, 658, 658, 646, 646, 646, 646, 647, 647, 648, 649, 650, 651, 652, 654, 656, 0, 0, 437, 431, 428, 425, 424, 426, 429, 433, 441, 0, 664, 0, 0, 722, 729, 736, 743, 751, 759, 766, 774, 784, 793]
[0, 712, 708, 703, 698, 695, 691, 687, 684, 681, 678, 676, 673, 670, 668, 666, 665, 664, 662, 661, 659, 658, 658, 658, 658, 658, 658, 659, 659, 660, 661, 662, 663, 664, 666, 667, 0, 0, 437, 431, 427, 425, 424, 426, 428, 433, 441, 0, 0, 0, 0, 737, 743, 750, 758, 765, 772, 781, 790, 799, 808]
[0, 728, 723, 718, 714, 710, 707, 704, 699, 693, 678, 688, 673, 684, 668, 680, 678, 678, 677, 676, 674, 673, 673, 658, 658, 658, 659, 659, 659, 660, 661, 662, 663, 664, 666, 667, 0, 0, 438, 431, 427, 424, 424, 425, 428, 432, 441, 0, 476, 0, 0, 737, 743, 750, 758, 765, 772, 780, 789, 808, 817]
[0, 732, 725, 720, 717, 714, 710, 706, 703, 700, 697, 695, 693, 690, 687, 685, 682, 681, 677, 680, 679, 677, 676, 672, 672, 672, 673, 674, 674, 675, 675, 676, 678, 680, 680, 682, 0, 0, 437, 431, 427, 424, 424, 425, 428, 432, 441, 0, 478, 0, 0, 754, 760, 767, 775, 782, 790, 807, 816, 825, 833]
[0, 734, 729, 723, 718, 716, 712, 709, 705, 700, 697, 695, 693, 691, 689, 686, 684, 684, 682, 681, 680, 679, 678, 676, 677, 677, 677, 678, 678, 679, 680, 680, 682, 684, 686, 688, 0, 0, 436, 430, 426, 425, 425, 425, 428, 429, 441, 0, 480, 0, 755, 760, 768, 774, 781, 788, 797, 806, 815, 823, 832]
[0, 734, 725, 723, 719, 715, 709, 706, 702, 700, 698, 695, 692, 690, 688, 686, 684, 684, 683, 681, 679, 679, 678, 677, 677, 678, 678, 679, 679, 680, 680, 681, 683, 685, 687, 689, 0, 0, 438, 430, 427, 424, 425, 425, 428, 430, 441, 0, 479, 0, 0, 761, 768, 775, 781, 789, 797, 806, 815, 832, 842]
[0, 746, 741, 737, 733, 728, 724, 720, 717, 714, 712, 709, 707, 705, 704, 702, 700, 698, 697, 696, 695, 693, 678, 677, 678, 679, 679, 679, 680, 680, 680, 682, 683, 685, 687, 689, 0, 0, 440, 431, 427, 425, 426, 425, 428, 430, 441, 0, 0, 0, 0, 759, 767, 774, 780, 788, 806, 814, 823, 831, 840]
[0, 750, 738, 735, 733, 726, 724, 718, 716, 714, 712, 709, 707, 705, 703, 701, 699, 698, 697, 696, 695, 694, 693, 692, 693, 694, 693, 694, 696, 696, 696, 697, 698, 701, 702, 689, 0, 0, 434, 431, 0, 503, 505, 503, 499, 430, 441, 0, 0, 766, 772, 779, 786, 794, 803, 811, 819, 827, 835, 844, 855]
[0, 749, 743, 738, 734, 730, 721, 718, 715, 713, 711, 709, 707, 705, 703, 701, 699, 698, 696, 695, 695, 693, 693, 692, 693, 693, 693, 693, 694, 694, 697, 697, 698, 701, 703, 689, 0, 0, 440, 0, 499, 504, 504, 502, 498, 0, 0, 0, 0, 0, 768, 775, 789, 797, 804, 813, 821, 828, 837, 847, 858]
[0, 771, 766, 761, 756, 752, 749, 745, 741, 738, 735, 733, 730, 728, 726, 724, 721, 719, 719, 718, 717, 716, 716, 693, 693, 693, 694, 694, 694, 695, 696, 697, 698, 700, 701, 704, 0, 0, 438, 0, 501, 504, 504, 502, 496, 0, 0, 487, 0, 0, 770, 776, 784, 791, 799, 808, 823, 831, 839, 850, 860]
[0, 778, 773, 768, 764, 760, 755, 752, 749, 746, 744, 740, 737, 736, 734, 731, 729, 728, 727, 725, 723, 722, 724, 693, 715, 715, 715, 715, 716, 717, 718, 719, 720, 722, 725, 704, 0, 0, 0, 496, 501, 503, 504, 502, 498, 0, 0, 0, 0, 793, 800, 808, 815, 823, 831, 838, 847, 858, 866, 874, 882]
[0, 778, 773, 768, 764, 760, 755, 752, 749, 746, 744, 740, 737, 736, 734, 731, 729, 728, 727, 725, 723, 722, 723, 724, 723, 723, 723, 715, 724, 726, 727, 729, 731, 732, 734, 704, 0, 0, 0, 0, 501, 503, 504, 502, 498, 491, 480, 0, 798, 805, 812, 819, 826, 833, 841, 850, 859, 868, 875, 884, 894]
[0, 787, 782, 777, 772, 767, 763, 760, 758, 755, 752, 749, 746, 744, 740, 737, 737, 736, 735, 733, 732, 732, 732, 723, 723, 723, 722, 724, 724, 726, 727, 729, 731, 732, 734, 704, 0, 0, 0, 496, 501, 503, 504, 502, 498, 491, 480, 0, 798, 805, 812, 819, 826, 832, 841, 849, 859, 868, 875, 884, 894]
[0, 795, 789, 784, 780, 775, 771, 768, 765, 762, 759, 756, 754, 751, 749, 744, 737, 741, 740, 739, 738, 738, 738, 732, 732, 731, 732, 724, 733, 734, 735, 737, 738, 740, 742, 704, 0, 0, 0, 497, 501, 503, 503, 502, 498, 493, 485, 0, 808, 0, 814, 828, 835, 842, 851, 861, 870, 877, 884, 894, 904]
[0, 797, 791, 786, 781, 776, 772, 769, 763, 760, 758, 755, 752, 750, 748, 745, 744, 743, 742, 740, 739, 739, 739, 738, 738, 737, 737, 738, 739, 740, 742, 744, 746, 746, 749, 751, 0, 0, 0, 494, 499, 503, 504, 500, 498, 493, 0, 0, 814, 820, 826, 833, 841, 849, 858, 866, 873, 880, 889, 898, 920]
[0, 825, 819, 813, 808, 804, 802, 797, 793, 790, 787, 784, 781, 777, 777, 774, 773, 772, 770, 768, 767, 766, 766, 738, 738, 738, 738, 739, 740, 741, 742, 745, 746, 748, 750, 752, 0, 0, 0, 494, 503, 504, 0, 500, 498, 493, 0, 0, 815, 821, 827, 833, 841, 850, 858, 866, 873, 881, 890, 901, 910]
[0, 825, 819, 813, 809, 804, 801, 797, 793, 790, 787, 781, 778, 777, 777, 774, 773, 771, 770, 768, 767, 766, 765, 765, 764, 764, 765, 766, 767, 768, 769, 771, 774, 775, 777, 780, 0, 0, 485, 494, 499, 504, 0, 500, 497, 0, 832, 836, 843, 851, 860, 867, 872, 879, 888, 896, 905, 914, 924, 934, 955]
[0, 835, 830, 825, 821, 816, 812, 809, 806, 803, 800, 797, 791, 788, 786, 785, 783, 782, 781, 780, 780, 779, 778, 765, 765, 765, 765, 767, 767, 768, 769, 771, 773, 775, 777, 780, 0, 0, 483, 493, 499, 502, 504, 500, 497, 497, 0, 836, 842, 851, 860, 866, 872, 878, 886, 895, 904, 913, 933, 944, 953]
[0, 839, 835, 831, 826, 822, 818, 813, 811, 808, 805, 802, 800, 798, 795, 792, 789, 787, 786, 786, 785, 784, 778, 777, 777, 778, 779, 779, 779, 780, 782, 784, 787, 788, 790, 792, 0, 0, 493, 499, 502, 504, 504, 501, 497, 0, 844, 852, 859, 865, 872, 879, 886, 893, 901, 910, 929, 939, 948, 958, 970]
[0, 846, 840, 834, 830, 828, 824, 820, 817, 814, 812, 809, 807, 804, 803, 801, 799, 797, 795, 786, 796, 794, 783, 783, 783, 784, 785, 785, 786, 788, 789, 791, 793, 796, 798, 800, 0, 0, 0, 495, 501, 503, 504, 503, 0, 846, 854, 860, 866, 873, 879, 886, 892, 900, 909, 919, 930, 938, 945, 966, 979]
[0, 855, 849, 842, 836, 833, 830, 827, 823, 820, 817, 814, 811, 809, 806, 803, 801, 800, 799, 799, 797, 797, 794, 795, 795, 795, 796, 797, 798, 800, 801, 803, 805, 809, 812, 814, 816, 0, 0, 497, 501, 503, 0, 850, 0, 863, 869, 873, 879, 885, 892, 899, 908, 917, 925, 934, 943, 952, 961, 974, 986]
[0, 859, 853, 849, 842, 837, 833, 830, 827, 824, 822, 820, 817, 815, 813, 811, 810, 808, 807, 806, 805, 805, 804, 796, 796, 796, 796, 797, 799, 800, 801, 803, 806, 809, 811, 813, 815, 0, 0, 0, 501, 503, 505, 0, 857, 863, 868, 873, 879, 885, 892, 899, 908, 917, 925, 934, 943, 952, 961, 974, 986]
[0, 882, 877, 873, 869, 865, 861, 858, 854, 850, 846, 843, 841, 839, 836, 835, 833, 830, 829, 830, 827, 805, 828, 804, 804, 804, 805, 805, 807, 808, 808, 812, 813, 816, 820, 823, 825, 0, 0, 0, 501, 0, 850, 856, 860, 866, 872, 877, 882, 889, 896, 905, 915, 923, 939, 934, 956, 967, 980, 992, 1003]
[0, 882, 875, 870, 866, 862, 859, 855, 851, 848, 844, 840, 837, 836, 835, 834, 832, 831, 830, 828, 828, 828, 828, 828, 829, 828, 828, 829, 830, 831, 832, 834, 837, 840, 841, 845, 850, 854, 858, 863, 867, 871, 875, 880, 885, 891, 896, 902, 909, 923, 933, 940, 948, 957, 965, 976, 989, 998, 1008, 1019, 1032]
[0, 884, 880, 875, 869, 866, 863, 856, 851, 852, 846, 841, 840, 838, 836, 835, 833, 831, 831, 829, 828, 829, 828, 828, 829, 828, 828, 829, 830, 831, 833, 834, 837, 841, 845, 845, 852, 856, 860, 864, 869, 873, 877, 881, 886, 893, 899, 905, 912, 919, 926, 936, 944, 952, 961, 969, 980, 1002, 1013, 1024, 1035]
[0, 888, 883, 878, 874, 870, 867, 863, 862, 858, 854, 851, 848, 846, 843, 841, 840, 839, 837, 836, 835, 835, 835, 830, 830, 830, 830, 831, 832, 833, 835, 837, 839, 842, 845, 848, 851, 856, 860, 869, 873, 878, 882, 886, 892, 898, 904, 910, 917, 925, 933, 940, 949, 959, 967, 976, 988, 999, 1010, 1021, 1032]
[0, 900, 883, 891, 886, 881, 878, 875, 872, 870, 867, 864, 862, 861, 859, 856, 854, 852, 852, 850, 849, 849, 850, 836, 836, 835, 836, 837, 838, 839, 840, 845, 849, 851, 853, 858, 862, 865, 869, 872, 876, 881, 886, 891, 896, 902, 909, 916, 922, 929, 936, 944, 952, 961, 971, 981, 1002, 1012, 1022, 1034, 1048]
[0, 925, 920, 913, 907, 902, 898, 895, 892, 889, 886, 884, 882, 880, 878, 877, 874, 873, 873, 873, 873, 872, 872, 851, 851, 850, 850, 852, 853, 855, 857, 860, 862, 867, 870, 872, 875, 879, 883, 887, 892, 897, 901, 907, 914, 922, 929, 934, 940, 947, 954, 963, 976, 986, 995, 1004, 1026, 1036, 1047, 1061, 1075]
[0, 935, 929, 924, 920, 915, 910, 906, 902, 899, 896, 894, 892, 890, 888, 886, 885, 883, 882, 882, 881, 881, 881, 872, 872, 873, 874, 875, 876, 877, 878, 882, 862, 888, 891, 894, 898, 902, 907, 912, 918, 923, 929, 934, 939, 945, 951, 957, 963, 972, 982, 993, 1002, 1009, 1018, 1029, 1052, 1066, 1078, 1089, 1103]
[0, 961, 955, 950, 945, 941, 938, 935, 930, 926, 922, 920, 919, 917, 914, 913, 912, 910, 909, 882, 908, 908, 881, 881, 881, 881, 882, 884, 885, 886, 888, 890, 893, 895, 897, 901, 905, 910, 916, 920, 925, 930, 936, 941, 946, 952, 957, 964, 972, 989, 982, 1006, 1016, 1025, 1035, 1047, 1058, 1069, 1081, 1096, 1111]
[0, 971, 963, 957, 953, 949, 945, 942, 940, 937, 933, 929, 928, 925, 922, 921, 921, 920, 918, 917, 917, 917, 918, 908, 909, 910, 910, 911, 914, 915, 916, 916, 919, 923, 927, 931, 935, 938, 942, 946, 950, 955, 960, 966, 974, 989, 996, 1002, 1010, 1018, 1025, 1034, 1044, 1054, 1065, 1076, 1087, 1099, 1113, 1127, 1143]
[0, 972, 964, 958, 954, 949, 946, 943, 940, 937, 934, 931, 929, 926, 922, 921, 921, 921, 919, 918, 918, 917, 918, 918, 919, 919, 920, 923, 925, 927, 927, 928, 931, 935, 938, 940, 943, 947, 952, 956, 962, 967, 973, 981, 988, 995, 1001, 1006, 1013, 1022, 1031, 1050, 1060, 1069, 1080, 1090, 1103, 1117, 1131, 1145, 1159]
[0, 971, 965, 959, 954, 950, 945, 942, 940, 937, 933, 930, 928, 926, 923, 922, 921, 920, 918, 918, 919, 918, 918, 918, 919, 919, 920, 923, 926, 928, 928, 929, 932, 936, 939, 941, 944, 949, 953, 959, 964, 968, 977, 983, 989, 996, 1003, 1010, 1016, 1024, 1034, 1043, 1052, 1071, 1083, 1092, 1104, 1119, 1134, 1150, 1163]
[0, 969, 963, 957, 954, 949, 946, 943, 940, 937, 933, 930, 928, 925, 923, 923, 921, 921, 920, 919, 918, 918, 918, 918, 919, 920, 920, 923, 925, 927, 928, 928, 932, 936, 938, 941, 943, 948, 953, 956, 962, 967, 973, 981, 989, 996, 1002, 1007, 1014, 1032, 1034, 1050, 1060, 1070, 1080, 1091, 1104, 1118, 1131, 1146, 1160]
[0, 1052, 1045, 1040, 1035, 1029, 1024, 1020, 1016, 1013, 1011, 1007, 1006, 1003, 1001, 1001, 1001, 1001, 999, 999, 999, 999, 999, 920, 920, 920, 921, 923, 925, 927, 928, 930, 931, 933, 937, 940, 947, 952, 956, 961, 966, 971, 979, 987, 993, 999, 1005, 1012, 1020, 1028, 1036, 1045, 1055, 1066, 1076, 1086, 1098, 1112, 1126, 1155, 1169]
[0, 1075, 1068, 1062, 1056, 1049, 1043, 1040, 1038, 1034, 1030, 1026, 1024, 1023, 1018, 1018, 1017, 1001, 1015, 1015, 1016, 1017, 999, 1000, 1001, 1002, 1003, 1003, 1005, 1008, 1010, 1013, 1017, 1021, 1024, 1028, 1033, 1037, 1042, 1048, 1055, 1061, 1067, 1075, 1081, 1087, 1096, 1104, 1113, 1135, 1147, 1156, 1167, 1177, 1188, 1201, 1213, 1227, 1242, 1258, 1272]
[0, 1073, 1068, 1062, 1055, 1049, 1044, 1040, 1036, 1032, 1029, 1026, 1024, 1022, 1019, 1018, 1018, 1017, 1016, 1016, 1017, 1016, 1017, 1018, 1019, 1019, 1020, 1022, 1023, 1025, 1028, 1030, 1033, 1036, 1040, 1044, 1048, 1053, 1059, 1063, 1070, 1075, 1081, 1088, 1095, 1102, 1119, 1128, 1139, 1149, 1159, 1170, 1180, 1192, 1204, 1218, 1231, 1244, 1259, 1274, 1291]
[0, 1071, 1068, 1060, 1053, 1046, 1042, 1039, 1035, 1032, 1029, 1026, 1024, 1022, 1020, 1019, 1018, 1017, 1016, 1017, 1017, 1017, 1017, 1018, 1018, 1018, 1019, 1021, 1022, 1025, 1029, 1032, 1035, 1038, 1041, 1045, 1050, 1056, 1061, 1067, 1073, 1079, 1084, 1090, 1099, 1108, 1116, 1124, 1132, 1143, 1154, 1164, 1175, 1186, 1198, 1211, 1236, 1250, 1265, 1282, 1300]
[0, 1106, 1099, 1092, 1087, 1082, 1076, 1072, 1067, 1064, 1062, 1059, 1056, 1054, 1053, 1051, 1050, 1050, 1049, 1049, 1049, 1049, 1017, 1018, 1019, 1019, 1020, 1021, 1023, 1025, 1026, 1030, 1034, 1036, 1040, 1043, 1047, 1053, 1058, 1062, 1074, 1081, 1087, 1095, 1102, 1110, 1119, 1126, 1136, 1148, 1158, 1169, 1178, 1189, 1201, 1215, 1229, 1243, 1257, 1271, 1288]
[0, 1109, 1103, 1096, 1089, 1084, 1079, 1074, 1071, 1068, 1064, 1061, 1058, 1057, 1055, 1052, 1051, 1050, 1048, 1048, 1047, 1048, 1050, 1051, 1051, 1053, 1055, 1056, 1057, 1059, 1062, 1064, 1067, 1070, 1074, 1079, 1082, 1086, 1091, 1103, 1110, 1117, 1125, 1134, 1144, 1151, 1158, 1166, 1174, 1185, 1196, 1208, 1221, 1232, 1245, 1257, 1270, 1286, 1302, 1271, 1329]
[0, 1127, 1120, 1113, 1107, 1100, 1095, 1091, 1086, 1081, 1078, 1076, 1074, 1072, 1070, 1068, 1067, 1066, 1065, 1065, 1066, 1068, 1051, 1051, 1052, 1053, 1055, 1056, 1058, 1059, 1062, 1064, 1069, 1074, 1076, 1081, 1086, 1089, 1094, 1100, 1107, 1114, 1122, 1129, 1136, 1145, 1154, 1162, 1170, 1179, 1190, 1202, 1226, 1241, 1253, 1265, 1278, 1293, 1302, 1271, 0]
[0, 1127, 1120, 1113, 1108, 1101, 1095, 1091, 1086, 1081, 1078, 1076, 1074, 1072, 1070, 1067, 1066, 1066, 1065, 1065, 1066, 1067, 1067, 1067, 1068, 1070, 1071, 1073, 1076, 1078, 1080, 1083, 1087, 1090, 1093, 1098, 1104, 1109, 1113, 1120, 1127, 1133, 1140, 1150, 1158, 1164, 1171, 1178, 1188, 1200, 1223, 1237, 1248, 1260, 1274, 1291, 1307, 1293, 1330, 1355, 1372]
[0, 1153, 1146, 1139, 1132, 1125, 1120, 1117, 1113, 1109, 1106, 1103, 1100, 1098, 1097, 1096, 1095, 1095, 1094, 1093, 1094, 1096, 1067, 1067, 1069, 1069, 1071, 1073, 1076, 1078, 1080, 1083, 1087, 1090, 1093, 1098, 1104, 1108, 1113, 1120, 1127, 1133, 1140, 1150, 1157, 1164, 1171, 1178, 1188, 1200, 1223, 1237, 1248, 1260, 1274, 1291, 1307, 1293, 1329, 1355, 1372]
[0, 1157, 1151, 1145, 1139, 1132, 1124, 1118, 1114, 1111, 1109, 1107, 1102, 1098, 1099, 1098, 1097, 1097, 1097, 1096, 1095, 1098, 1097, 1097, 1099, 1102, 1104, 1107, 1109, 1111, 1115, 1117, 1120, 1127, 1133, 1137, 1142, 1150, 1156, 1161, 1167, 1173, 1178, 1184, 1194, 1203, 1213, 1224, 1236, 1248, 1264, 1281, 1288, 1301, 1318, 1335, 1347, 1357, 1377, 1397, 1414]
[0, 1178, 1170, 1165, 1160, 1155, 1149, 1143, 1138, 1136, 1132, 1128, 1125, 1123, 1122, 1122, 1121, 1120, 1120, 1120, 1119, 1120, 1098, 1100, 1101, 1103, 1105, 1107, 1109, 1112, 1113, 1116, 1122, 1125, 1128, 1133, 1137, 1144, 1151, 1157, 1166, 1172, 1179, 1188, 1196, 1205, 1215, 1226, 1237, 1252, 1267, 1277, 1284, 1304, 1326, 1339, 1349, 1362, 1383, 1405, 1419]
[0, 1192, 1185, 1177, 1171, 1167, 1161, 1157, 1153, 1150, 1146, 1142, 1138, 1136, 1134, 1134, 1134, 1133, 1132, 1132, 1119, 1135, 1123, 1124, 1124, 1127, 1128, 1131, 1133, 1138, 1113, 1144, 1148, 1151, 1157, 1161, 1165, 1171, 1176, 1182, 1189, 1198, 1210, 1219, 1224, 1233, 1244, 1255, 1264, 1276, 1288, 1299, 1315, 1332, 1346, 1361, 1379, 1396, 1413, 1405, 1419]
[0, 1194, 1190, 1184, 1176, 1169, 1165, 1162, 1159, 1156, 1153, 1148, 1142, 1136, 1138, 1137, 1137, 1138, 1138, 1136, 1137, 1138, 1136, 1136, 1138, 1140, 1141, 1144, 1147, 1149, 1151, 1155, 1158, 1162, 1165, 1169, 1174, 1178, 1184, 1194, 1202, 1210, 1220, 1225, 1230, 1242, 1254, 1265, 1277, 1285, 1294, 1308, 1324, 1338, 1352, 1366, 1382, 1399, 1418, 1446, 1473]
[0, 1198, 1184, 1184, 1171, 1167, 1162, 1158, 1156, 1153, 1149, 1144, 1142, 1141, 1138, 1137, 1138, 1138, 1136, 1136, 1136, 1137, 1139, 1139, 1141, 1143, 1143, 1146, 1150, 1152, 1156, 1159, 1161, 1164, 1168, 1172, 1181, 1185, 1187, 1197, 1206, 1213, 1224, 1230, 1237, 1249, 1259, 1270, 1286, 1297, 1312, 1326, 1340, 1353, 1368, 1384, 1401, 1420, 1418, 1447, 1476]
[0, 1235, 1230, 1222, 1212, 1206, 1203, 1198, 1192, 1188, 1184, 1182, 1180, 1179, 1177, 1174, 1173, 1173, 1173, 1173, 1173, 1174, 1175, 1140, 1142, 1143, 1144, 1146, 1148, 1150, 1154, 1158, 1162, 1164, 1167, 1171, 1176, 1180, 1187, 1203, 1214, 1213, 1221, 1239, 1247, 1257, 1268, 1275, 1284, 1295, 1308, 1323, 1337, 1351, 1366, 1379, 1396, 1415, 1418, 1444, 1472]
[0, 1239, 1232, 1223, 1216, 1202, 1203, 1194, 1190, 1186, 1183, 1179, 1177, 1175, 1174, 1174, 1174, 1173, 1173, 1174, 1175, 1174, 1175, 1175, 1180, 1183, 1183, 1184, 1189, 1194, 1195, 1199, 1201, 1204, 1215, 1222, 1225, 1233, 1242, 1248, 1253, 1259, 1266, 1279, 1286, 1293, 1305, 1314, 1328, 1341, 1352, 1361, 1370, 1383, 1416, 1379, 1447, 1474, 1491, 1503, 1512]
[0, 1284, 1277, 1269, 1261, 1257, 1254, 1250, 1245, 1240, 1238, 1236, 1233, 1232, 1232, 1232, 1233, 1236, 1238, 1237, 1237, 1235, 1176, 1178, 1178, 1181, 1182, 1183, 1189, 1194, 1195, 1197, 1199, 1202, 1211, 1218, 1223, 1232, 1242, 1248, 1254, 1257, 1266, 1279, 1286, 1293, 1312, 1326, 1339, 1350, 1358, 1370, 1383, 1397, 1412, 1431, 1449, 1468, 1489, 1502, 1509]
[0, 1330, 1316, 1308, 1301, 1295, 1289, 1284, 1282, 1278, 1272, 1268, 1266, 1265, 1265, 1264, 1260, 1259, 1263, 1267, 1267, 1267, 1234, 1237, 1239, 1242, 1246, 1252, 1256, 1257, 1260, 1263, 1266, 1271, 1276, 1280, 1285, 1290, 1296, 1304, 1314, 1323, 1329, 1334, 1341, 1346, 1352, 1358, 1367, 1376, 1382, 1391, 1402, 1411, 1422, 1434, 1446, 1459, 1476, 1489, 1501]
[0, 1364, 1356, 1348, 1341, 1336, 1289, 1326, 1318, 1315, 1311, 1309, 1305, 1302, 1299, 1296, 1298, 1297, 1296, 1298, 1299, 1297, 1264, 1264, 1267, 1270, 1273, 1275, 1276, 1279, 1283, 1285, 1287, 1291, 1293, 1295, 1298, 1300, 1304, 1310, 1316, 1319, 1322, 1328, 1336, 1341, 1348, 1355, 1364, 1372, 1380, 1389, 1397, 1405, 1416, 1427, 1442, 1455, 1483, 1498, 1510]
[0, 1368, 1362, 1357, 1350, 1342, 1289, 1333, 1324, 1321, 1318, 1313, 1311, 1309, 1306, 1304, 1303, 1304, 1304, 1303, 1301, 1297, 1295, 1294, 1294, 1296, 1294, 1290, 1288, 1289, 1290, 1291, 1290, 1292, 1296, 1296, 1298, 1301, 1304, 1308, 1311, 1315, 1319, 1324, 1337, 1344, 1351, 1358, 1366, 1374, 1383, 1393, 1401, 1412, 1423, 1434, 1446, 1460, 1477, 1493, 1505]
[0, 1370, 1363, 1356, 1350, 1343, 1289, 1330, 1320, 1315, 1311, 1310, 1309, 1306, 1303, 1302, 1302, 1301, 1303, 1303, 1302, 1299, 1295, 1295, 1296, 1295, 1291, 1291, 1291, 1289, 1287, 1288, 1290, 1291, 1293, 1295, 1298, 1300, 1304, 1308, 1314, 1318, 1321, 1325, 1333, 1341, 1345, 1350, 1358, 1370, 1378, 1387, 1397, 1405, 1415, 1440, 1455, 1468, 1482, 1497, 1510]
[0, 1411, 1400, 1392, 1388, 1385, 1381, 1375, 1370, 1364, 1360, 1356, 1351, 1347, 1339, 1329, 1322, 1317, 1313, 1308, 1303, 1301, 1297, 1297, 1299, 1294, 1287, 1289, 1289, 1288, 1291, 1288, 1290, 1291, 1291, 1296, 1300, 1302, 1303, 1307, 1310, 1312, 1319, 1326, 1332, 1335, 1342, 1351, 1367, 1376, 1384, 1393, 1401, 1411, 1422, 1435, 1448, 1462, 1478, 1492, 1503]
[0, 1413, 1400, 1392, 1388, 1385, 1381, 1375, 1370, 1365, 1361, 1356, 1352, 1348, 1339, 1330, 1324, 1318, 1314, 1310, 1303, 1301, 1299, 1296, 1295, 1290, 1289, 1291, 1290, 1288, 1289, 1290, 1291, 1294, 1294, 1295, 1298, 1301, 1303, 1307, 1311, 1314, 1318, 1325, 1331, 1342, 1350, 1358, 1366, 1375, 1383, 1392, 1401, 1411, 1423, 1434, 1446, 1460, 1476, 1492, 1502]
[0, 1413, 1447, 1425, 1415, 1406, 1401, 1395, 1387, 1376, 1366, 1359, 1351, 1344, 1340, 1332, 1323, 1318, 1315, 1311, 1307, 1304, 1299, 1294, 1292, 1292, 1291, 1289, 1288, 1288, 1289, 1289, 1289, 1292, 1295, 1295, 1297, 1300, 1303, 1308, 1311, 1314, 1318, 1323, 1329, 1337, 1350, 1357, 1366, 1374, 1382, 1391, 1401, 1411, 1420, 1431, 1446, 1460, 1477, 1491, 1503]
[0, 1413, 1447, 0, 1419, 1410, 1402, 1397, 1393, 1383, 1370, 1353, 1346, 1340, 1334, 1327, 1319, 1314, 1311, 1306, 1302, 1299, 1299, 1294, 1291, 1291, 1290, 1288, 1286, 1287, 1287, 1287, 1290, 1292, 1289, 1298, 1300, 1300, 1303, 1306, 1312, 1317, 1320, 1326, 1333, 1342, 1349, 1356, 1364, 1370, 1379, 1388, 1398, 1408, 1416, 1427, 1442, 1458, 1475, 1488, 1501]
[0, 1413, 1447, 1425, 1415, 1406, 1401, 1394, 1387, 1376, 1366, 1359, 1351, 1344, 1340, 1332, 1323, 1317, 1315, 1311, 1307, 1304, 1297, 1295, 1293, 1292, 1289, 1289, 1289, 1288, 1287, 1288, 1290, 1291, 1293, 1295, 1298, 1299, 1302, 1307, 1310, 1314, 1320, 1324, 1330, 1338, 1345, 1350, 1358, 1368, 1376, 1384, 1394, 1413, 1425, 1436, 1448, 1459, 1477, 1493, 1505]
[0, 1413, 1444, 1420, 1413, 1405, 1398, 1394, 1385, 1373, 1363, 1356, 1351, 1346, 1338, 1327, 1320, 1317, 1313, 1309, 1303, 1301, 1299, 1294, 1292, 1291, 1290, 1288, 1286, 1287, 1286, 1288, 1289, 1290, 1291, 1297, 1300, 1299, 1302, 1307, 1313, 1317, 1320, 1326, 1333, 1342, 1350, 1357, 1363, 1369, 1378, 1388, 1398, 1408, 1416, 1427, 1442, 1453, 1469, 1487, 1500]
[0, 1463, 1448, 1435, 1423, 1412, 1401, 1392, 1385, 1373, 1363, 1357, 1351, 1345, 1337, 1330, 1323, 1318, 1314, 1309, 1305, 1302, 1299, 1294, 1292, 1292, 1291, 1289, 1287, 1288, 1290, 1290, 1289, 1291, 1294, 1295, 1294, 1296, 1302, 1307, 1312, 1317, 1322, 1328, 1336, 1342, 1348, 1356, 1363, 1373, 1380, 1388, 1400, 1411, 1421, 1430, 1442, 1456, 1470, 1487, 1501]
[0, 1463, 1451, 1438, 1423, 1410, 1400, 1394, 1385, 1375, 1366, 1358, 1351, 1343, 1335, 1329, 1323, 1317, 1313, 1310, 1306, 1302, 1297, 1294, 1291, 1290, 1288, 1286, 1286, 1286, 1286, 1287, 1289, 1289, 1294, 1292, 1294, 1299, 1302, 1306, 1308, 1312, 1319, 1325, 1327, 1331, 1341, 1350, 1359, 1369, 1377, 1387, 1394, 1402, 1414, 1427, 1441, 1453, 1464, 1482, 1498]
[0, 1465, 1450, 1438, 1425, 1414, 1403, 1394, 1383, 1372, 1365, 1358, 1350, 1343, 1337, 1330, 1323, 1317, 1312, 1308, 1304, 1300, 1298, 1294, 1292, 1290, 1288, 1287, 1286, 1286, 1286, 1288, 1289, 1287, 1289, 1293, 1295, 1299, 1302, 1305, 1308, 1310, 1315, 1323, 1329, 1333, 1341, 1350, 1360, 1368, 1376, 1384, 1391, 1402, 1412, 1425, 1438, 1450, 1464, 1481, 1497]
[0, 1466, 1450, 1437, 1424, 1412, 1401, 1394, 1383, 1372, 1365, 1358, 1351, 1343, 1337, 1329, 1322, 1317, 1312, 1308, 1303, 1300, 1297, 1295, 1292, 1289, 1287, 1286, 1286, 1286, 1286, 1285, 1286, 1287, 1289, 1292, 1295, 1298, 1301, 1303, 1307, 1311, 1315, 1320, 1326, 1334, 1341, 1347, 1356, 1368, 1374, 1381, 1392, 1403, 1412, 1424, 1437, 1448, 1462, 1480, 1493]
[0, 1464, 1451, 1437, 1423, 1411, 1401, 1393, 1382, 1372, 1365, 1358, 1350, 1343, 1335, 1328, 1321, 1316, 1313, 1308, 1305, 1301, 1298, 1294, 1291, 1290, 1288, 1286, 1285, 1286, 1283, 1287, 1288, 1288, 1290, 1292, 1295, 1298, 1300, 1305, 1308, 1310, 1315, 1322, 1328, 1334, 1341, 1349, 1358, 1367, 1375, 1383, 1391, 1401, 1412, 1425, 1440, 1452, 1464, 1481, 1494]
[0, 1463, 1450, 1436, 1422, 1412, 1401, 1392, 1381, 1371, 1365, 1358, 1348, 1341, 1335, 1328, 1321, 1316, 1312, 1308, 1304, 1300, 1297, 1293, 1291, 1289, 1287, 1286, 1285, 1282, 1281, 1284, 1287, 1288, 1288, 1291, 1294, 1298, 1301, 1305, 1308, 1310, 1316, 1323, 1326, 1332, 1341, 1349, 1358, 1368, 1376, 1385, 1393, 1404, 1415, 1426, 1440, 1451, 1463, 1480, 1495]
[0, 1474, 1444, 1431, 1417, 1405, 1396, 1388, 1378, 1370, 1362, 1355, 1347, 1340, 1334, 1325, 1319, 1314, 1311, 1308, 1303, 1298, 1297, 1293, 1291, 1289, 1287, 1286, 1285, 1282, 1281, 1286, 1288, 1288, 1290, 1291, 1294, 1297, 1300, 1304, 1308, 1311, 1316, 1322, 1327, 1334, 1341, 1348, 1357, 1367, 1375, 1382, 1391, 1401, 1411, 1425, 1438, 1449, 1463, 1480, 1493]
[0, 1463, 1449, 1436, 1422, 1411, 1400, 1392, 1381, 1371, 1364, 1357, 1350, 1340, 1332, 1327, 1321, 1316, 1312, 1307, 1302, 1299, 1296, 1296, 1293, 1289, 1289, 1286, 1285, 1287, 1284, 1281, 1285, 1287, 1286, 1290, 1294, 1293, 1298, 1302, 1306, 1313, 1314, 1317, 1332, 1338, 1348, 1354, 1361, 1367, 1374, 1382, 1395, 1406, 1414, 1426, 1441, 1454, 1468, 1486, 1501]
[0, 1464, 1449, 1435, 1422, 1410, 1400, 1391, 1381, 1371, 1364, 1357, 1349, 1342, 1334, 1326, 1320, 1315, 1312, 1307, 1302, 1298, 1297, 1293, 1290, 1289, 1287, 1285, 1284, 1283, 1283, 1284, 1286, 1287, 1288, 1291, 1294, 1297, 1300, 1301, 1304, 1310, 1315, 1320, 1325, 1333, 1340, 1346, 1354, 1365, 1373, 1380, 1389, 1398, 1410, 1425, 1439, 1456, 1477, 1493, 1518]
[0, 1460, 1445, 1434, 1422, 1411, 1400, 1388, 1378, 1369, 1358, 1350, 1344, 1338, 1330, 1325, 1321, 1316, 1312, 1308, 1302, 1299, 1296, 1293, 1289, 1288, 1286, 1285, 1284, 1283, 1283, 1283, 1284, 1286, 1288, 1291, 1291, 1294, 1299, 1301, 1304, 1307, 1312, 1320, 1326, 1332, 1340, 1346, 1355, 1366, 1374, 1385, 1399, 1411, 1425, 1441, 1454, 1464, 1478, 1493, 0]
[0, 1462, 1445, 1432, 1421, 1410, 1400, 1388, 1377, 1370, 1360, 1353, 1347, 1338, 1332, 1326, 1320, 1315, 1311, 1307, 1302, 1299, 1292, 1289, 1290, 1287, 1285, 1285, 1284, 1282, 1282, 1282, 1282, 1284, 1287, 1286, 1289, 1293, 1297, 1305, 1313, 1322, 1330, 1336, 1341, 1347, 1353, 1362, 1374, 1385, 1394, 1404, 1414, 1423, 1433, 1446, 1456, 1468, 1483, 1499, 1504]
[0, 1463, 1446, 1432, 1421, 1409, 1399, 1388, 1378, 1371, 1364, 1354, 1343, 1338, 1333, 1323, 1318, 1315, 1311, 1306, 1302, 1297, 1295, 1292, 1290, 1287, 1284, 1284, 1283, 1280, 1281, 1284, 1284, 1284, 1287, 1291, 1296, 1306, 1310, 1315, 1318, 1323, 1327, 1333, 1341, 1348, 1354, 1364, 1376, 1386, 1394, 1403, 1414, 1423, 1431, 1443, 1456, 1467, 1482, 1496, 1506]
[0, 1458, 1443, 1430, 1417, 1405, 1393, 1384, 1377, 1369, 1362, 1351, 1342, 1338, 1330, 1322, 1319, 1312, 1308, 1306, 1301, 1297, 1293, 1290, 1289, 1285, 1283, 1282, 1283, 1280, 1282, 1284, 1285, 1287, 1291, 1297, 1301, 1306, 1311, 1314, 1316, 1320, 1326, 1330, 1338, 1347, 1353, 1360, 1371, 1382, 1391, 1398, 1408, 1419, 1429, 1441, 1454, 1464, 1477, 1493, 1516]
[0, 1457, 1443, 1433, 1421, 1410, 1399, 1388, 1377, 1368, 1359, 1350, 1344, 1338, 1330, 1324, 1320, 1315, 1310, 1305, 1301, 1298, 1291, 1288, 1289, 1287, 1284, 1281, 1280, 1282, 1282, 1282, 1283, 1285, 1287, 1291, 1298, 1303, 1310, 1314, 1317, 1321, 1326, 1333, 1341, 1348, 1354, 1364, 1377, 1386, 1392, 1402, 1414, 1423, 1431, 1442, 1454, 1467, 1482, 1495, 1505]
[0, 1462, 1446, 1432, 1421, 1409, 1399, 1388, 1378, 1370, 1359, 1350, 1343, 1338, 1332, 1323, 1318, 1315, 1310, 1306, 1302, 1299, 1295, 1292, 1290, 1291, 1293, 1295, 1296, 1296, 1296, 1297, 1300, 1302, 1303, 1301, 1303, 1308, 1311, 1314, 1316, 1320, 1326, 1333, 1340, 1347, 1353, 1360, 1367, 1378, 1390, 1398, 1412, 1422, 1428, 1441, 1454, 1464, 1476, 1502, 1507]
[0, 1470, 1454, 1429, 1416, 1404, 1393, 1384, 1376, 1368, 1361, 1351, 1342, 1337, 1329, 1321, 1318, 1313, 1310, 1307, 1302, 1297, 1294, 1292, 1294, 1291, 1292, 1297, 1297, 1297, 1297, 1299, 1300, 1301, 1302, 1304, 1304, 1308, 1312, 1315, 1318, 1320, 1326, 1331, 1336, 1345, 1351, 1358, 1370, 1381, 1390, 1397, 1409, 1420, 1427, 1439, 1462, 1475, 1490, 1486, 1493]
[0, 1454, 1441, 1428, 1415, 1404, 1393, 1384, 1376, 1367, 1360, 1351, 1342, 1334, 1326, 1321, 1317, 1312, 1308, 1306, 1302, 1297, 1295, 1295, 1295, 1295, 1295, 1295, 1296, 1296, 1296, 1296, 1297, 1300, 1303, 1303, 1304, 1308, 1311, 1313, 1316, 1319, 1322, 1327, 1334, 1351, 1358, 1366, 1376, 1385, 1393, 1404, 1414, 1424, 1433, 1445, 1457, 1469, 1484, 1501, 1506]
[0, 1470, 1460, 1448, 1436, 1432, 1429, 1401, 1395, 1387, 1373, 1362, 1357, 1352, 1344, 1336, 1330, 1326, 1322, 1318, 1315, 1312, 1295, 1295, 1295, 1295, 1295, 1295, 1296, 1296, 1296, 1296, 1297, 1300, 1303, 1303, 1305, 1308, 1311, 1313, 1316, 1319, 1323, 1329, 1343, 1351, 1358, 1365, 1375, 1385, 1393, 1404, 1415, 1425, 1435, 1446, 1457, 1470, 1484, 1501, 1506]
[0, 1463, 1449, 1437, 1431, 1429, 1425, 1413, 1400, 1392, 1382, 1368, 1357, 1352, 1346, 1340, 1333, 1328, 1323, 1318, 1315, 1312, 1305, 1303, 1303, 1298, 1297, 1297, 1296, 1296, 1295, 1295, 1297, 1299, 1301, 1303, 1305, 1308, 1307, 1310, 1315, 1318, 1323, 1328, 1334, 1343, 1351, 1361, 1370, 1384, 1393, 1403, 1414, 1424, 1434, 1445, 1457, 1469, 1483, 1497, 1503]
[0, 1476, 1464, 1452, 1440, 1432, 1421, 1408, 1399, 1391, 1380, 1366, 1357, 1352, 1346, 1341, 1335, 1327, 1322, 1317, 1314, 1311, 1309, 1307, 1305, 1302, 1298, 1298, 1296, 1295, 1298, 1297, 1295, 1300, 1303, 1303, 1304, 1307, 1311, 1315, 1318, 1322, 1326, 1332, 1341, 1346, 1351, 1358, 1368, 1380, 1389, 1398, 1410, 1423, 1431, 1442, 1454, 1466, 1481, 1491, 0]
[0, 1476, 1464, 1452, 1449, 1440, 1421, 1408, 1398, 1390, 1380, 1366, 1357, 1352, 1347, 1341, 1334, 1327, 1322, 1317, 1312, 1309, 1308, 1305, 1304, 1301, 1298, 1296, 1295, 1296, 1298, 1297, 1298, 1298, 1302, 1303, 1305, 1307, 1310, 1313, 1317, 1321, 1325, 1332, 1340, 1346, 1352, 1358, 1365, 1377, 1389, 1398, 1410, 1421, 1429, 1441, 1453, 1466, 1478, 1490, 1511]
[0, 1482, 1471, 1458, 1444, 1434, 1425, 1413, 1401, 1393, 1384, 1372, 1362, 1354, 1348, 1342, 1328, 1327, 1323, 1314, 1312, 1308, 1308, 1305, 1303, 1301, 1299, 1297, 1296, 1296, 1296, 1296, 1297, 1300, 1302, 1300, 1305, 1308, 1310, 1314, 1317, 1321, 1325, 1328, 1336, 1346, 1352, 1358, 1366, 1378, 1390, 1398, 1411, 1421, 1429, 1441, 1453, 1465, 1478, 1492, 1510]
[0, 1481, 1470, 1457, 1445, 1435, 1425, 1413, 1401, 1393, 1385, 1373, 1362, 1354, 1346, 1339, 1334, 1328, 1324, 1314, 1310, 1306, 1306, 1305, 1302, 1301, 1299, 1298, 1295, 1293, 1297, 1299, 1298, 1298, 1300, 1302, 1305, 1307, 1307, 1308, 1314, 1318, 1321, 1328, 1337, 1345, 1348, 1352, 1363, 1371, 1381, 1395, 1417, 1427, 1437, 1449, 1460, 1472, 1484, 1500, 1507]
[0, 1484, 1470, 1458, 1444, 1434, 1425, 1414, 1401, 1393, 1385, 1373, 1362, 1355, 1350, 1342, 1334, 1329, 1324, 1314, 1313, 1306, 1306, 1305, 1302, 1298, 1297, 1298, 1297, 1296, 1296, 1298, 1300, 1300, 1301, 1304, 1305, 1308, 1311, 1312, 1314, 1320, 1323, 1328, 1335, 1344, 1350, 1357, 1366, 1377, 1389, 1397, 1405, 1417, 1426, 1438, 1452, 1462, 1490, 1504, 1508]
