[0, 0, 0, 0, 0, 0, 0, 0, 0, 0, 0, 0, 0, 0, 0, 0, 0, 0, 0, 0, 0, 0, 0, 0, 0, 0, 0, 0, 0, 0, 0, 0, 0, 0, 0, 0, 0, 0, 0, 0, 0, 0, 0, 0, 0, 0, 0, 0, 0, 0, 0, 0, 0, 0, 0, 0, 0, 0, 0, 0, 0]
[0, 528, 524, 521, 516, 513, 512, 507, 505, 502, 501, 497, 496, 493, 493, 489, 488, 486, 487, 485, 483, 482, 482, 481, 480, 480, 480, 480, 480, 480, 480, 482, 482, 482, 483, 484, 485, 487, 487, 490, 492, 495, 497, 500, 503, 505, 509, 512, 515, 518, 523, 528, 532, 537, 542, 547, 552, 557, 562, 568, 574]
[0, 527, 524, 520, 516, 513, 510, 507, 507, 504, 502, 499, 497, 495, 493, 491, 489, 488, 486, 485, 484, 483, 482, 481, 480, 480, 480, 480, 479, 480, 480, 482, 482, 482, 483, 484, 485, 487, 488, 490, 493, 495, 497, 500, 503, 505, 509, 512, 515, 518, 523, 527, 532, 537, 542, 546, 552, 557, 562, 568, 574]
[0, 530, 526, 522, 518, 514, 510, 508, 506, 503, 500, 498, 496, 494, 492, 490, 488, 487, 486, 485, 484, 483, 482, 481, 481, 480, 480, 480, 480, 480, 480, 481, 482, 483, 483, 483, 484, 486, 487, 490, 494, 496, 497, 498, 501, 506, 509, 509, 516, 520, 524, 528, 533, 537, 542, 548, 553, 558, 563, 569, 576]
[0, 531, 527, 523, 519, 515, 512, 510, 507, 504, 502, 499, 497, 495, 493, 491, 489, 487, 486, 485, 484, 483, 482, 481, 480, 480, 480, 480, 480, 480, 481, 481, 482, 482, 483, 484, 485, 487, 488, 490, 492, 495, 497, 499, 502, 505, 508, 511, 514, 518, 522, 526, 530, 535, 540, 544, 550, 556, 560, 565, 572]
[0, 530, 526, 522, 518, 515, 511, 508, 506, 503, 500, 498, 496, 494, 492, 490, 488, 487, 486, 485, 484, 483, 482, 481, 481, 480, 480, 480, 480, 480, 480, 481, 482, 482, 483, 483, 484, 486, 487, 490, 492, 496, 497, 498, 500, 503, 509, 511, 512, 516, 524, 526, 533, 537, 542, 548, 553, 558, 563, 569, 576]
[0, 531, 526, 523, 519, 515, 512, 509, 506, 504, 501, 499, 497, 495, 493, 491, 489, 487, 486, 485, 484, 483, 482, 481, 481, 480, 480, 481, 480, 480, 481, 481, 482, 482, 483, 484, 486, 487, 488, 490, 493, 495, 497, 499, 502, 505, 508, 511, 514, 518, 522, 526, 531, 535, 540, 545, 550, 556, 560, 565, 572]
[0, 530, 526, 522, 518, 515, 511, 508, 506, 503, 501, 498, 496, 494, 492, 490, 488, 487, 486, 485, 484, 483, 482, 482, 481, 480, 480, 480, 480, 480, 480, 481, 482, 482, 483, 483, 484, 486, 487, 490, 492, 494, 496, 498, 503, 505, 506, 509, 516, 520, 524, 528, 533, 537, 542, 548, 553, 558, 563, 569, 576]
[0, 532, 526, 524, 518, 518, 515, 512, 509, 503, 504, 498, 502, 500, 496, 495, 493, 487, 491, 490, 488, 487, 487, 486, 481, 481, 481, 481, 480, 481, 481, 482, 482, 483, 484, 485, 486, 487, 488, 490, 493, 495, 497, 500, 502, 505, 508, 511, 515, 518, 522, 527, 532, 536, 541, 546, 551, 562, 568, 574, 581]
[0, 532, 532, 524, 518, 521, 518, 515, 512, 509, 506, 504, 502, 500, 498, 496, 495, 493, 491, 490, 488, 487, 487, 486, 486, 485, 485, 481, 485, 485, 486, 482, 486, 488, 489, 490, 492, 493, 495, 490, 499, 502, 503, 500, 509, 512, 515, 519, 523, 526, 531, 535, 539, 544, 549, 554, 559, 564, 570, 576, 583]
[0, 533, 529, 525, 522, 518, 515, 513, 510, 508, 505, 502, 500, 500, 497, 495, 495, 491, 490, 489, 488, 487, 486, 486, 486, 485, 485, 485, 485, 485, 485, 486, 486, 487, 489, 490, 490, 492, 495, 497, 499, 502, 503, 507, 509, 510, 516, 520, 523, 527, 531, 536, 541, 545, 550, 555, 560, 565, 571, 577, 584]
[0, 535, 531, 527, 524, 521, 518, 514, 512, 509, 506, 504, 501, 499, 498, 496, 494, 493, 491, 490, 489, 488, 487, 486, 486, 485, 485, 485, 485, 485, 485, 486, 487, 488, 489, 490, 492, 493, 495, 497, 499, 501, 504, 507, 509, 511, 515, 519, 522, 525, 530, 534, 538, 543, 548, 553, 558, 564, 570, 575, 582]
[0, 535, 530, 527, 523, 519, 516, 514, 511, 508, 506, 503, 501, 499, 497, 496, 494, 493, 491, 490, 489, 488, 487, 486, 486, 485, 485, 485, 485, 485, 486, 486, 486, 487, 488, 489, 490, 492, 494, 496, 497, 502, 504, 507, 507, 510, 513, 520, 524, 528, 531, 536, 541, 545, 550, 555, 560, 565, 571, 577, 584]
[0, 536, 530, 531, 528, 524, 521, 519, 516, 513, 511, 508, 506, 504, 502, 500, 499, 497, 496, 496, 494, 493, 492, 491, 485, 485, 485, 485, 485, 485, 486, 486, 487, 488, 488, 489, 491, 493, 495, 496, 498, 500, 503, 505, 508, 510, 513, 517, 521, 524, 532, 537, 541, 546, 552, 555, 562, 567, 573, 580, 587]
[0, 540, 535, 531, 528, 525, 521, 518, 516, 514, 511, 508, 506, 504, 502, 500, 499, 497, 496, 496, 494, 492, 492, 491, 490, 490, 489, 485, 490, 490, 490, 492, 487, 492, 495, 489, 496, 497, 499, 503, 505, 507, 510, 513, 508, 518, 522, 526, 529, 533, 537, 542, 547, 551, 556, 561, 567, 573, 579, 585, 592]
[0, 536, 532, 529, 528, 525, 519, 518, 513, 511, 508, 508, 506, 504, 502, 500, 499, 497, 497, 496, 494, 492, 492, 491, 490, 489, 489, 489, 489, 489, 490, 490, 491, 492, 493, 495, 496, 497, 499, 503, 505, 506, 508, 511, 513, 519, 522, 526, 529, 530, 538, 543, 547, 552, 557, 562, 567, 573, 580, 587, 593]
[0, 540, 536, 532, 528, 524, 522, 519, 516, 513, 511, 508, 506, 504, 503, 501, 499, 497, 496, 495, 495, 493, 492, 491, 490, 489, 489, 489, 489, 489, 490, 491, 492, 494, 493, 495, 497, 498, 500, 503, 505, 508, 510, 511, 514, 518, 521, 525, 529, 533, 537, 541, 545, 551, 555, 560, 566, 572, 578, 584, 591]
[0, 540, 536, 532, 528, 525, 521, 519, 516, 513, 511, 509, 507, 504, 502, 500, 499, 497, 496, 496, 495, 493, 492, 491, 491, 490, 489, 490, 490, 490, 491, 492, 493, 494, 495, 496, 497, 499, 501, 503, 505, 507, 509, 511, 514, 520, 524, 525, 532, 536, 539, 544, 549, 554, 558, 563, 570, 575, 580, 587, 594]
[0, 543, 538, 534, 531, 528, 525, 523, 520, 517, 514, 512, 510, 508, 506, 504, 502, 502, 501, 500, 499, 498, 497, 497, 491, 490, 490, 490, 490, 490, 491, 492, 493, 493, 496, 496, 497, 497, 502, 503, 507, 509, 511, 514, 518, 520, 523, 526, 531, 535, 539, 543, 548, 554, 559, 563, 569, 575, 581, 587, 594]
[0, 544, 540, 536, 532, 529, 526, 523, 521, 518, 515, 513, 511, 509, 507, 505, 503, 502, 501, 500, 499, 498, 497, 497, 496, 496, 496, 496, 496, 496, 497, 496, 497, 499, 500, 501, 503, 505, 506, 508, 510, 512, 514, 517, 520, 523, 526, 530, 534, 538, 541, 546, 551, 556, 561, 572, 578, 575, 589, 595, 602]
[0, 542, 538, 534, 530, 527, 524, 522, 519, 516, 513, 512, 510, 508, 506, 505, 502, 501, 501, 500, 499, 498, 497, 497, 496, 496, 495, 496, 496, 496, 497, 498, 499, 499, 499, 500, 501, 503, 505, 508, 510, 512, 514, 517, 519, 522, 530, 530, 533, 537, 546, 550, 555, 559, 564, 570, 576, 582, 588, 595, 601]
[0, 544, 540, 536, 533, 529, 526, 523, 521, 518, 515, 513, 511, 509, 507, 505, 504, 502, 501, 500, 499, 498, 497, 497, 496, 495, 496, 496, 496, 496, 497, 496, 497, 499, 500, 502, 503, 504, 507, 509, 511, 513, 515, 518, 521, 524, 528, 531, 535, 539, 544, 548, 552, 557, 562, 567, 573, 579, 585, 598, 601]
[0, 555, 551, 547, 543, 540, 536, 533, 531, 528, 525, 524, 521, 519, 518, 516, 514, 513, 512, 510, 510, 509, 507, 506, 496, 496, 495, 496, 496, 496, 497, 497, 498, 499, 499, 500, 502, 504, 508, 509, 511, 513, 517, 518, 519, 522, 529, 533, 537, 541, 545, 550, 555, 559, 564, 570, 576, 582, 588, 595, 601]
[0, 555, 551, 547, 544, 540, 537, 534, 531, 528, 526, 524, 522, 520, 518, 516, 514, 513, 511, 510, 510, 509, 508, 507, 506, 506, 506, 506, 505, 505, 506, 507, 509, 510, 510, 512, 513, 515, 516, 518, 520, 522, 525, 528, 534, 538, 529, 545, 537, 549, 558, 562, 566, 572, 578, 584, 590, 596, 601, 608, 615]
[0, 554, 550, 547, 543, 539, 536, 533, 531, 528, 526, 523, 521, 520, 518, 516, 514, 513, 512, 511, 510, 509, 509, 508, 507, 506, 506, 505, 505, 505, 505, 507, 508, 509, 510, 512, 514, 515, 516, 518, 520, 522, 528, 528, 533, 537, 541, 544, 549, 553, 557, 561, 566, 571, 577, 582, 588, 594, 600, 606, 612]
[0, 561, 557, 553, 549, 546, 543, 540, 537, 534, 532, 530, 528, 526, 523, 520, 514, 518, 516, 515, 514, 509, 512, 508, 507, 507, 507, 507, 505, 505, 506, 509, 511, 511, 513, 514, 515, 517, 519, 521, 523, 525, 528, 532, 534, 537, 541, 545, 549, 553, 557, 566, 566, 577, 582, 588, 594, 600, 606, 612, 619]
[0, 565, 562, 558, 555, 552, 548, 545, 543, 540, 537, 536, 534, 532, 530, 528, 526, 525, 523, 522, 522, 521, 520, 508, 511, 507, 510, 507, 508, 505, 504, 511, 515, 511, 517, 514, 520, 522, 523, 526, 528, 531, 534, 537, 540, 543, 547, 551, 555, 559, 563, 566, 572, 578, 583, 589, 595, 601, 607, 613, 619]
[0, 567, 563, 560, 556, 553, 549, 546, 544, 541, 538, 536, 534, 532, 531, 529, 527, 525, 525, 524, 522, 521, 520, 519, 520, 518, 514, 509, 505, 504, 504, 507, 514, 520, 523, 524, 527, 528, 530, 533, 534, 537, 540, 543, 546, 549, 552, 556, 560, 564, 569, 579, 572, 588, 594, 600, 606, 612, 618, 624, 631]
[0, 571, 566, 563, 559, 556, 552, 549, 547, 544, 542, 540, 538, 536, 534, 532, 530, 528, 527, 526, 525, 524, 524, 524, 520, 519, 519, 513, 505, 504, 504, 506, 512, 520, 524, 525, 526, 528, 529, 534, 536, 537, 542, 545, 546, 551, 555, 559, 562, 566, 571, 576, 582, 586, 592, 599, 605, 610, 616, 623, 630]
[0, 573, 568, 564, 560, 557, 554, 548, 547, 545, 543, 541, 538, 536, 535, 531, 530, 530, 528, 526, 526, 525, 524, 523, 523, 521, 516, 509, 504, 503, 503, 506, 512, 523, 528, 528, 530, 532, 534, 535, 537, 540, 543, 545, 553, 551, 555, 563, 568, 572, 577, 581, 586, 592, 598, 603, 609, 616, 622, 628, 636]
[0, 574, 568, 570, 566, 562, 559, 556, 554, 551, 548, 546, 542, 536, 540, 538, 536, 535, 533, 532, 531, 529, 528, 529, 523, 521, 519, 512, 506, 504, 504, 505, 520, 523, 528, 528, 532, 533, 535, 537, 540, 542, 546, 549, 552, 555, 558, 562, 566, 570, 575, 580, 585, 590, 595, 601, 607, 613, 620, 627, 634]
[0, 574, 570, 570, 563, 559, 559, 556, 553, 548, 548, 544, 542, 540, 538, 537, 536, 535, 534, 532, 531, 530, 529, 528, 523, 525, 519, 511, 505, 503, 503, 505, 510, 515, 525, 533, 536, 533, 538, 540, 545, 548, 551, 554, 557, 560, 563, 567, 572, 576, 581, 587, 592, 597, 602, 607, 613, 620, 627, 634, 641]
[0, 582, 577, 572, 569, 566, 562, 559, 556, 554, 552, 549, 547, 545, 544, 542, 540, 538, 536, 535, 534, 534, 533, 532, 525, 525, 519, 511, 505, 503, 505, 505, 518, 529, 533, 534, 536, 538, 540, 542, 545, 548, 551, 554, 557, 560, 563, 567, 572, 576, 581, 587, 592, 596, 602, 607, 613, 620, 627, 634, 642]
[0, 594, 590, 587, 583, 580, 575, 571, 569, 566, 564, 562, 560, 558, 556, 554, 553, 551, 549, 548, 548, 547, 546, 532, 532, 536, 0, 508, 504, 502, 503, 506, 512, 519, 530, 538, 540, 541, 543, 545, 548, 550, 556, 554, 562, 565, 569, 573, 578, 583, 588, 592, 597, 602, 608, 614, 620, 626, 632, 640, 648]
[0, 594, 590, 587, 583, 580, 575, 571, 569, 566, 564, 562, 560, 558, 556, 554, 552, 551, 549, 548, 548, 546, 545, 545, 539, 525, 512, 504, 501, 500, 501, 505, 512, 519, 0, 552, 553, 555, 558, 560, 562, 564, 567, 570, 575, 579, 582, 586, 590, 595, 599, 604, 609, 614, 620, 626, 633, 647, 632, 660, 668]
[0, 605, 601, 597, 593, 590, 587, 583, 580, 578, 574, 571, 569, 568, 566, 564, 562, 561, 559, 559, 558, 557, 556, 545, 539, 525, 512, 504, 501, 500, 501, 505, 512, 519, 0, 552, 553, 555, 557, 560, 562, 564, 566, 570, 575, 579, 582, 586, 590, 594, 599, 604, 608, 614, 626, 632, 640, 647, 653, 660, 668]
[0, 605, 601, 597, 594, 591, 587, 584, 580, 577, 574, 572, 570, 568, 566, 563, 562, 562, 560, 559, 559, 558, 557, 555, 559, 525, 0, 502, 501, 500, 499, 505, 512, 519, 0, 562, 565, 567, 568, 570, 573, 577, 580, 584, 587, 591, 594, 598, 602, 607, 612, 617, 622, 628, 635, 641, 647, 654, 661, 668, 676]
[0, 611, 608, 604, 597, 591, 594, 590, 587, 584, 580, 578, 575, 573, 571, 569, 566, 565, 564, 563, 563, 562, 560, 560, 551, 0, 509, 503, 500, 499, 501, 504, 512, 519, 0, 563, 564, 566, 568, 570, 573, 576, 579, 583, 586, 590, 594, 598, 602, 607, 611, 616, 621, 628, 634, 640, 646, 652, 660, 667, 674]
[0, 611, 607, 603, 599, 595, 592, 589, 586, 583, 580, 578, 576, 573, 571, 568, 567, 565, 564, 563, 562, 561, 561, 560, 560, 0, 515, 505, 500, 498, 498, 501, 507, 519, 0, 0, 567, 569, 572, 577, 580, 583, 586, 583, 593, 596, 600, 604, 609, 614, 618, 623, 629, 635, 642, 647, 654, 661, 669, 675, 683]
[0, 627, 622, 618, 615, 612, 608, 605, 602, 598, 596, 593, 592, 590, 588, 585, 584, 582, 581, 580, 578, 576, 576, 575, 559, 0, 512, 504, 500, 498, 499, 502, 507, 519, 0, 0, 567, 569, 573, 575, 577, 580, 587, 583, 590, 594, 601, 604, 605, 614, 619, 624, 630, 636, 643, 649, 655, 662, 670, 677, 685]
[0, 627, 623, 618, 614, 609, 608, 605, 601, 599, 596, 594, 592, 589, 588, 586, 584, 582, 581, 579, 578, 578, 577, 575, 575, 0, 511, 503, 499, 497, 497, 501, 507, 519, 0, 0, 585, 587, 589, 592, 594, 596, 602, 606, 609, 613, 616, 621, 626, 631, 637, 643, 648, 654, 660, 666, 673, 680, 688, 696, 704]
[0, 633, 628, 623, 620, 617, 614, 610, 607, 604, 602, 599, 597, 595, 593, 591, 590, 588, 587, 586, 584, 584, 583, 575, 575, 0, 514, 504, 500, 498, 497, 500, 505, 519, 0, 585, 588, 587, 591, 593, 594, 596, 602, 605, 609, 612, 616, 620, 625, 629, 635, 642, 647, 652, 659, 666, 673, 679, 687, 696, 704]
[0, 629, 628, 625, 621, 618, 614, 610, 608, 606, 603, 600, 597, 595, 593, 592, 590, 588, 587, 586, 585, 584, 582, 582, 582, 0, 508, 500, 497, 496, 497, 501, 505, 519, 0, 0, 592, 593, 595, 597, 600, 603, 606, 609, 612, 616, 620, 624, 629, 633, 646, 642, 657, 652, 668, 675, 682, 690, 698, 705, 713]
[0, 634, 629, 624, 620, 617, 614, 610, 608, 605, 603, 600, 597, 595, 593, 592, 590, 588, 587, 586, 585, 583, 582, 582, 581, 0, 510, 501, 497, 496, 497, 499, 505, 519, 0, 589, 591, 595, 598, 597, 603, 603, 605, 612, 615, 619, 620, 628, 633, 633, 645, 650, 656, 661, 667, 674, 681, 688, 696, 705, 713]
[0, 644, 639, 636, 632, 626, 623, 620, 617, 614, 612, 609, 607, 604, 602, 601, 599, 597, 596, 595, 594, 593, 593, 582, 581, 0, 509, 501, 497, 496, 497, 499, 505, 519, 0, 0, 591, 593, 595, 600, 603, 605, 608, 612, 612, 619, 620, 628, 633, 639, 645, 650, 655, 661, 667, 674, 681, 688, 696, 705, 712]
[0, 661, 652, 636, 648, 645, 641, 637, 634, 631, 628, 625, 623, 620, 618, 616, 614, 613, 612, 611, 610, 609, 608, 0, 0, 0, 509, 504, 498, 495, 495, 497, 509, 519, 0, 0, 602, 604, 606, 608, 611, 614, 617, 621, 625, 629, 633, 638, 643, 647, 653, 658, 664, 670, 676, 682, 690, 698, 706, 712, 729]
[0, 661, 656, 652, 648, 645, 641, 637, 634, 631, 628, 625, 623, 620, 618, 616, 614, 613, 612, 611, 610, 609, 608, 0, 575, 0, 507, 499, 495, 494, 494, 498, 509, 519, 0, 615, 616, 618, 620, 623, 626, 633, 637, 621, 644, 648, 652, 656, 661, 667, 673, 678, 684, 691, 699, 706, 713, 720, 727, 736, 745]
[0, 660, 655, 650, 647, 644, 640, 636, 633, 630, 627, 625, 622, 620, 617, 616, 614, 613, 613, 612, 611, 610, 610, 0, 575, 0, 0, 499, 495, 494, 495, 499, 509, 519, 0, 615, 616, 618, 620, 623, 626, 629, 634, 637, 640, 644, 648, 656, 661, 667, 673, 678, 684, 691, 699, 706, 713, 720, 728, 736, 745]
[0, 665, 661, 657, 653, 649, 646, 644, 640, 630, 634, 625, 631, 629, 624, 622, 621, 613, 618, 617, 617, 616, 0, 0, 0, 0, 511, 500, 495, 494, 494, 496, 501, 0, 613, 617, 619, 622, 624, 626, 630, 633, 637, 641, 645, 648, 652, 657, 662, 667, 672, 678, 684, 692, 699, 705, 712, 719, 726, 735, 744]
[0, 669, 665, 661, 657, 653, 650, 647, 644, 642, 639, 636, 634, 633, 630, 628, 626, 624, 624, 623, 621, 620, 0, 0, 0, 0, 511, 500, 495, 493, 493, 496, 501, 511, 613, 0, 625, 628, 630, 634, 637, 639, 642, 647, 650, 654, 659, 664, 669, 673, 679, 686, 692, 699, 706, 712, 718, 726, 734, 743, 752]
[0, 673, 668, 664, 661, 657, 653, 650, 648, 645, 641, 638, 636, 633, 631, 629, 627, 625, 624, 623, 622, 621, 620, 0, 578, 0, 510, 500, 495, 493, 493, 496, 501, 510, 613, 0, 632, 634, 637, 640, 643, 646, 649, 652, 656, 660, 664, 669, 674, 679, 685, 691, 698, 705, 711, 718, 725, 733, 740, 749, 758]
[0, 670, 665, 662, 658, 657, 651, 650, 648, 643, 641, 639, 635, 632, 630, 629, 628, 626, 625, 623, 623, 622, 621, 0, 579, 0, 510, 496, 493, 492, 494, 498, 504, 510, 613, 0, 631, 633, 635, 638, 642, 644, 647, 650, 654, 658, 663, 666, 671, 676, 681, 695, 698, 701, 714, 721, 728, 737, 747, 755, 764]
[0, 689, 684, 679, 675, 673, 670, 666, 662, 659, 657, 655, 653, 650, 648, 647, 646, 645, 644, 642, 641, 640, 621, 0, 574, 0, 506, 498, 494, 493, 494, 497, 502, 0, 0, 628, 630, 632, 637, 641, 642, 645, 650, 654, 658, 661, 665, 670, 676, 681, 687, 693, 700, 707, 713, 720, 727, 735, 743, 752, 762]
[0, 693, 688, 683, 679, 675, 672, 668, 665, 662, 659, 656, 654, 652, 649, 648, 646, 645, 644, 643, 642, 641, 639, 580, 574, 0, 508, 498, 494, 493, 493, 495, 499, 508, 0, 0, 649, 652, 655, 658, 661, 663, 666, 670, 674, 679, 684, 689, 695, 701, 706, 711, 718, 725, 732, 740, 748, 756, 764, 772, 781]
[0, 691, 685, 680, 677, 674, 671, 667, 665, 662, 658, 655, 653, 652, 649, 647, 646, 646, 644, 642, 641, 640, 0, 580, 636, 0, 503, 496, 493, 491, 492, 496, 499, 508, 647, 649, 650, 653, 0, 659, 661, 665, 668, 671, 676, 681, 686, 692, 698, 702, 708, 713, 720, 727, 734, 742, 751, 759, 766, 775, 784]
[0, 708, 704, 699, 694, 691, 688, 685, 681, 678, 675, 673, 671, 669, 667, 666, 665, 664, 662, 660, 659, 658, 0, 0, 636, 0, 0, 500, 494, 492, 491, 492, 497, 504, 0, 648, 650, 651, 654, 658, 661, 662, 665, 669, 673, 677, 681, 686, 693, 699, 704, 709, 722, 729, 737, 744, 753, 762, 769, 778, 787]
[0, 710, 706, 702, 697, 692, 688, 684, 682, 679, 676, 674, 672, 669, 667, 665, 664, 663, 662, 660, 659, 658, 0, 0, 636, 0, 504, 495, 491, 490, 491, 493, 499, 509, 0, 668, 671, 673, 676, 678, 681, 684, 688, 693, 697, 702, 708, 712, 717, 722, 729, 736, 742, 749, 757, 765, 772, 781, 790, 799, 809]
[0, 720, 714, 710, 706, 702, 699, 695, 691, 687, 685, 682, 680, 678, 676, 674, 672, 671, 670, 668, 668, 667, 0, 0, 636, 0, 506, 496, 492, 490, 491, 494, 498, 508, 0, 668, 670, 673, 676, 678, 680, 684, 688, 692, 697, 702, 708, 712, 717, 722, 729, 735, 742, 749, 757, 764, 771, 781, 789, 798, 808]
[0, 717, 712, 708, 704, 701, 696, 692, 690, 687, 685, 682, 679, 677, 676, 674, 672, 671, 670, 668, 666, 666, 0, 0, 0, 0, 500, 496, 493, 490, 490, 496, 498, 503, 0, 675, 678, 680, 682, 684, 687, 690, 694, 699, 708, 713, 718, 712, 722, 735, 729, 747, 754, 762, 769, 776, 785, 794, 803, 813, 821]
[0, 739, 734, 730, 725, 721, 716, 713, 710, 707, 704, 702, 700, 698, 696, 694, 693, 691, 690, 689, 687, 686, 0, 0, 0, 0, 505, 496, 491, 490, 490, 493, 498, 506, 0, 676, 678, 681, 683, 686, 689, 693, 697, 702, 706, 710, 715, 720, 725, 731, 737, 743, 751, 758, 766, 773, 782, 791, 800, 809, 818]
[0, 736, 734, 728, 723, 721, 718, 714, 709, 707, 705, 702, 701, 697, 696, 694, 692, 691, 689, 689, 688, 686, 0, 0, 0, 0, 505, 495, 491, 489, 489, 491, 496, 506, 0, 698, 700, 702, 704, 707, 710, 714, 718, 722, 727, 732, 736, 741, 748, 755, 761, 767, 774, 781, 789, 797, 805, 814, 831, 841, 818]
[0, 749, 744, 739, 734, 730, 725, 720, 717, 715, 713, 710, 708, 706, 704, 702, 700, 698, 697, 695, 695, 695, 0, 0, 0, 0, 501, 493, 489, 489, 490, 493, 499, 509, 0, 698, 700, 703, 706, 708, 711, 714, 718, 723, 729, 733, 738, 744, 750, 756, 762, 769, 777, 784, 791, 800, 809, 818, 826, 834, 844]
[0, 749, 744, 739, 734, 730, 725, 720, 717, 715, 712, 710, 708, 706, 704, 702, 700, 698, 697, 695, 695, 694, 0, 0, 0, 0, 497, 493, 491, 488, 490, 493, 494, 501, 0, 702, 705, 708, 710, 712, 715, 720, 723, 728, 733, 743, 738, 755, 750, 760, 766, 780, 788, 796, 804, 813, 821, 829, 837, 848, 859]
[0, 751, 746, 741, 736, 732, 728, 725, 721, 715, 716, 714, 712, 710, 707, 702, 706, 704, 697, 702, 702, 702, 0, 0, 0, 0, 497, 491, 491, 489, 0, 490, 500, 501, 0, 702, 705, 708, 710, 712, 715, 720, 724, 728, 738, 743, 743, 749, 755, 766, 773, 780, 788, 796, 804, 812, 821, 829, 837, 848, 859]
[0, 778, 772, 767, 763, 759, 754, 750, 747, 744, 740, 737, 736, 735, 733, 729, 727, 726, 725, 722, 721, 721, 0, 0, 0, 0, 500, 493, 489, 488, 0, 492, 500, 501, 0, 712, 714, 717, 719, 722, 726, 730, 735, 740, 745, 750, 755, 761, 767, 774, 780, 786, 793, 803, 811, 819, 827, 834, 844, 856, 865]
[0, 780, 774, 768, 764, 760, 755, 751, 747, 744, 740, 737, 735, 733, 732, 730, 727, 726, 724, 722, 721, 721, 0, 0, 0, 0, 503, 493, 489, 487, 487, 490, 495, 503, 0, 733, 736, 739, 742, 746, 750, 754, 759, 763, 768, 773, 779, 785, 791, 797, 804, 811, 819, 826, 833, 841, 851, 860, 869, 877, 896]
[0, 778, 772, 766, 762, 758, 754, 751, 747, 744, 740, 738, 736, 734, 732, 729, 727, 726, 725, 724, 724, 721, 0, 0, 0, 0, 505, 494, 489, 487, 487, 489, 493, 501, 0, 733, 736, 738, 741, 745, 750, 754, 758, 762, 766, 771, 777, 783, 789, 796, 803, 817, 819, 831, 839, 848, 858, 867, 875, 883, 894]
[0, 778, 772, 766, 762, 758, 754, 751, 747, 744, 741, 738, 736, 734, 732, 730, 727, 726, 725, 724, 724, 721, 0, 0, 0, 0, 498, 491, 488, 487, 488, 491, 493, 501, 0, 736, 738, 741, 745, 748, 753, 758, 763, 767, 771, 776, 782, 788, 794, 800, 808, 816, 823, 829, 836, 845, 856, 865, 874, 882, 891]
[0, 796, 790, 784, 779, 775, 770, 767, 765, 762, 759, 757, 755, 751, 748, 746, 745, 744, 742, 740, 740, 721, 0, 0, 0, 0, 498, 492, 488, 487, 488, 490, 496, 506, 0, 735, 739, 742, 745, 748, 753, 758, 762, 767, 771, 776, 782, 788, 794, 801, 808, 815, 821, 828, 835, 844, 857, 866, 872, 879, 890]
[0, 796, 790, 784, 779, 775, 770, 767, 765, 762, 759, 756, 754, 751, 748, 748, 746, 744, 742, 742, 740, 721, 0, 0, 0, 0, 498, 491, 488, 486, 487, 490, 496, 506, 0, 754, 756, 759, 763, 767, 770, 774, 779, 785, 790, 795, 801, 807, 812, 818, 826, 833, 840, 849, 858, 867, 875, 882, 890, 899, 910]
[0, 824, 818, 811, 806, 802, 800, 795, 790, 788, 785, 781, 779, 777, 776, 774, 772, 771, 770, 767, 767, 767, 0, 0, 0, 0, 498, 491, 488, 487, 488, 491, 496, 506, 0, 753, 756, 759, 763, 767, 770, 774, 780, 785, 789, 796, 802, 808, 814, 821, 827, 834, 841, 849, 858, 866, 874, 883, 892, 902, 912]
[0, 825, 819, 813, 809, 804, 800, 796, 793, 790, 786, 782, 780, 778, 776, 775, 774, 772, 770, 768, 768, 768, 0, 0, 0, 0, 499, 490, 486, 486, 486, 488, 494, 503, 0, 780, 782, 786, 790, 794, 798, 802, 807, 812, 818, 824, 829, 833, 840, 849, 856, 864, 871, 877, 886, 893, 902, 913, 933, 943, 953]
[0, 836, 831, 826, 821, 816, 811, 808, 805, 801, 798, 795, 792, 790, 787, 784, 783, 782, 781, 780, 780, 779, 0, 0, 0, 0, 502, 492, 488, 486, 486, 488, 492, 501, 0, 0, 782, 785, 789, 793, 797, 802, 807, 812, 818, 824, 828, 833, 839, 847, 855, 869, 871, 876, 893, 903, 911, 921, 932, 942, 952]
[0, 853, 846, 840, 834, 831, 826, 822, 819, 816, 813, 810, 808, 805, 803, 801, 799, 796, 795, 795, 794, 793, 0, 0, 0, 0, 503, 492, 487, 485, 485, 487, 491, 498, 0, 0, 795, 798, 802, 805, 809, 813, 818, 823, 833, 838, 844, 853, 861, 867, 873, 881, 887, 893, 903, 914, 924, 934, 943, 952, 964]
[0, 854, 847, 841, 835, 831, 828, 824, 820, 818, 816, 813, 810, 808, 805, 805, 803, 801, 799, 799, 799, 797, 0, 0, 0, 0, 503, 492, 487, 486, 485, 487, 491, 498, 0, 0, 812, 815, 819, 822, 827, 831, 835, 840, 846, 852, 859, 871, 861, 882, 890, 899, 906, 915, 925, 934, 942, 952, 963, 974, 987]
[0, 873, 868, 863, 857, 853, 846, 842, 839, 835, 833, 831, 829, 826, 824, 823, 820, 819, 818, 817, 816, 816, 0, 0, 0, 0, 497, 489, 486, 485, 485, 488, 494, 503, 0, 814, 816, 820, 824, 827, 831, 836, 839, 845, 852, 859, 865, 870, 875, 881, 889, 898, 906, 914, 923, 932, 942, 953, 962, 973, 986]
[0, 873, 868, 863, 858, 853, 849, 843, 838, 836, 833, 831, 829, 827, 824, 822, 821, 820, 819, 818, 816, 816, 0, 0, 0, 0, 497, 489, 486, 0, 565, 562, 0, 511, 0, 0, 835, 838, 841, 846, 852, 857, 862, 867, 872, 877, 882, 889, 895, 903, 911, 919, 928, 937, 944, 951, 962, 986, 996, 1007, 1020]
[0, 873, 868, 863, 858, 853, 848, 844, 839, 836, 833, 831, 829, 827, 824, 823, 821, 820, 819, 818, 816, 816, 0, 0, 0, 0, 497, 489, 486, 0, 563, 561, 0, 512, 0, 0, 835, 837, 841, 847, 851, 856, 862, 867, 872, 877, 882, 888, 895, 903, 910, 919, 928, 937, 951, 962, 974, 986, 996, 1007, 1020]
[0, 886, 880, 874, 869, 866, 863, 859, 855, 851, 847, 844, 839, 837, 835, 833, 833, 831, 830, 829, 829, 828, 0, 0, 0, 0, 497, 489, 0, 0, 563, 561, 0, 512, 0, 0, 835, 837, 841, 847, 851, 856, 861, 867, 872, 876, 882, 888, 894, 902, 910, 928, 936, 943, 951, 962, 973, 985, 996, 1007, 1018]
[0, 889, 883, 878, 874, 869, 866, 863, 860, 856, 852, 849, 848, 845, 842, 840, 838, 836, 835, 835, 833, 833, 0, 0, 0, 0, 497, 489, 561, 0, 563, 558, 0, 0, 0, 847, 835, 857, 841, 861, 865, 869, 873, 878, 889, 895, 900, 907, 915, 923, 932, 940, 948, 957, 965, 976, 988, 999, 1009, 1020, 1033]
[0, 893, 887, 883, 879, 875, 872, 869, 866, 864, 862, 859, 856, 852, 851, 850, 848, 848, 847, 845, 845, 845, 0, 0, 0, 0, 497, 0, 559, 563, 563, 560, 555, 0, 0, 0, 857, 862, 866, 869, 873, 878, 882, 887, 892, 899, 906, 911, 918, 926, 934, 942, 950, 959, 970, 980, 990, 1000, 1011, 1022, 1047]
[0, 916, 912, 907, 900, 894, 890, 885, 882, 880, 877, 875, 872, 870, 868, 867, 866, 864, 864, 862, 862, 861, 861, 0, 552, 0, 550, 555, 560, 562, 563, 559, 555, 0, 0, 870, 873, 876, 880, 885, 889, 894, 898, 904, 909, 916, 924, 931, 937, 943, 950, 959, 970, 980, 990, 998, 1009, 1020, 1031, 1042, 1056]
[0, 924, 919, 913, 908, 904, 898, 894, 892, 889, 885, 883, 881, 879, 877, 875, 873, 872, 872, 872, 871, 871, 871, 0, 0, 0, 550, 555, 560, 562, 563, 558, 0, 0, 0, 0, 884, 876, 893, 898, 902, 907, 913, 919, 926, 932, 937, 944, 951, 956, 964, 976, 988, 997, 1006, 1016, 1027, 1038, 1051, 1064, 1077]
[0, 950, 945, 940, 936, 931, 927, 922, 918, 915, 912, 911, 908, 905, 903, 901, 900, 899, 897, 896, 896, 896, 871, 871, 0, 0, 0, 556, 560, 561, 563, 562, 558, 0, 0, 0, 894, 898, 903, 909, 914, 920, 926, 931, 937, 943, 949, 956, 963, 972, 982, 991, 999, 1007, 1017, 1029, 1040, 1052, 1065, 1078, 1091]
[0, 951, 945, 941, 936, 932, 928, 923, 919, 915, 912, 910, 907, 904, 903, 902, 900, 899, 898, 897, 896, 896, 896, 895, 0, 0, 0, 554, 559, 563, 563, 560, 555, 0, 0, 919, 922, 926, 931, 936, 941, 946, 951, 956, 962, 968, 978, 987, 993, 999, 1007, 1017, 1026, 1036, 1047, 1057, 1069, 1081, 1107, 1123, 1139]
[0, 975, 967, 960, 954, 951, 947, 943, 941, 938, 934, 931, 929, 927, 924, 922, 922, 921, 919, 919, 918, 919, 919, 896, 896, 0, 0, 551, 558, 562, 563, 562, 555, 557, 0, 917, 922, 926, 930, 935, 940, 949, 954, 960, 967, 975, 983, 991, 998, 1005, 1015, 1024, 1033, 1042, 1052, 1066, 1077, 1087, 1101, 1116, 1132]
[0, 975, 967, 960, 954, 950, 947, 943, 940, 938, 934, 931, 929, 927, 924, 922, 921, 921, 919, 919, 918, 918, 919, 919, 920, 921, 0, 0, 559, 562, 563, 563, 555, 0, 937, 939, 943, 947, 952, 955, 960, 966, 980, 987, 993, 1001, 1007, 1013, 1021, 1031, 1039, 1049, 1059, 1069, 1080, 1091, 1102, 1116, 1132, 1146, 1160]
[0, 976, 968, 961, 955, 950, 947, 943, 941, 938, 935, 932, 931, 928, 926, 924, 922, 921, 920, 919, 919, 918, 919, 919, 920, 921, 0, 0, 559, 562, 563, 562, 555, 0, 936, 939, 943, 947, 951, 955, 960, 966, 972, 980, 987, 1001, 1007, 1013, 1021, 1031, 1039, 1049, 1060, 1069, 1080, 1092, 1103, 1117, 1133, 1147, 1161]
[0, 1013, 1006, 1001, 997, 992, 987, 982, 978, 974, 970, 968, 966, 963, 962, 961, 959, 957, 957, 958, 957, 957, 919, 920, 922, 921, 0, 0, 559, 562, 563, 562, 555, 0, 937, 939, 943, 947, 951, 957, 962, 967, 972, 987, 987, 994, 1007, 1013, 1022, 1031, 1039, 1050, 1060, 1070, 1081, 1092, 1105, 1120, 1133, 1147, 1161]
[0, 1018, 1012, 1007, 1002, 996, 991, 983, 978, 979, 974, 972, 965, 963, 962, 961, 959, 957, 957, 958, 957, 957, 958, 958, 958, 960, 961, 963, 964, 965, 966, 970, 975, 978, 981, 985, 990, 995, 998, 1001, 1006, 1012, 1019, 1026, 1032, 1039, 1048, 1056, 1064, 1073, 1082, 1091, 1102, 1113, 1124, 1139, 1153, 1176, 1190, 1203, 1219]
[0, 1025, 1019, 1014, 1009, 1003, 998, 994, 990, 988, 985, 983, 982, 979, 977, 974, 971, 971, 970, 970, 971, 972, 973, 958, 959, 961, 961, 962, 964, 965, 968, 971, 974, 977, 982, 986, 989, 995, 999, 1002, 1007, 1013, 1019, 1026, 1033, 1039, 1048, 1057, 1064, 1073, 1081, 1090, 1101, 1114, 1126, 1139, 1153, 1165, 1177, 1191, 1204]
[0, 1079, 1075, 1067, 1060, 1055, 1050, 1043, 1039, 1038, 1034, 1031, 1028, 1026, 1025, 1025, 1023, 1022, 1022, 1021, 1021, 1021, 973, 974, 975, 976, 977, 977, 978, 982, 985, 987, 990, 993, 997, 1000, 1004, 1013, 999, 1019, 1030, 1038, 1042, 1049, 1058, 1065, 1073, 1082, 1090, 1100, 1109, 1121, 1133, 1143, 1156, 1169, 1180, 1194, 1209, 1223, 1238]
[0, 1080, 1075, 1068, 1060, 1056, 1051, 1044, 1041, 1039, 1035, 1032, 1030, 1028, 1026, 1025, 1023, 1021, 1021, 1022, 1022, 1021, 1021, 1022, 1023, 1023, 1023, 1025, 1026, 1028, 1031, 1035, 1038, 1041, 1044, 1047, 1051, 1056, 1062, 1068, 1079, 1085, 1091, 1100, 1109, 1116, 1124, 1132, 1144, 1155, 1164, 1174, 1186, 1197, 1210, 1223, 1237, 1251, 1267, 1283, 1238]
[0, 1094, 1086, 1080, 1075, 1071, 1065, 1060, 1057, 1054, 1050, 1049, 1045, 1041, 1041, 1040, 1039, 1039, 1038, 1037, 1038, 1038, 1021, 1022, 1023, 1023, 1023, 1025, 1026, 1028, 1030, 1034, 1038, 1040, 1042, 1047, 1052, 1057, 1062, 1067, 1077, 1084, 1092, 1100, 1108, 1116, 1124, 1132, 1143, 1154, 1163, 1173, 1186, 1197, 1209, 1223, 1236, 1250, 1266, 1283, 1302]
[0, 1111, 1105, 1097, 1091, 1085, 1080, 1076, 1072, 1067, 1063, 1062, 1060, 1058, 1057, 1056, 1056, 1052, 1051, 1052, 1052, 1053, 1038, 1038, 1039, 1039, 1040, 1041, 1042, 1043, 1048, 1052, 1055, 1058, 1061, 1065, 1071, 1075, 1079, 1085, 1089, 1095, 1103, 1110, 1119, 1128, 1135, 1144, 1163, 1174, 1185, 1196, 1208, 1221, 1234, 1247, 1261, 1275, 1292, 1308, 1324]
[0, 1114, 1109, 1100, 1092, 1088, 1083, 1078, 1074, 1071, 1067, 1064, 1061, 1057, 1057, 1056, 1054, 1053, 1053, 1054, 1053, 1053, 1054, 1054, 1055, 1056, 1056, 1058, 1059, 1060, 1063, 1067, 1070, 1073, 1077, 1080, 1085, 1090, 1099, 1106, 1113, 1120, 1126, 1135, 1144, 1151, 1159, 1169, 1179, 1189, 1200, 1211, 1225, 1239, 1250, 1262, 1275, 1291, 1307, 1308, 1335]
[0, 1111, 1104, 1097, 1091, 1085, 1080, 1076, 1072, 1067, 1063, 1061, 1060, 1058, 1057, 1056, 1055, 1052, 1051, 1053, 1052, 1053, 1055, 1055, 1055, 1057, 1058, 1059, 1060, 1063, 1067, 1070, 1073, 1078, 1080, 1084, 1088, 1092, 1097, 1104, 1110, 1118, 1126, 1134, 1140, 1148, 1158, 1166, 1173, 1183, 1195, 1207, 1220, 1234, 1245, 1258, 1271, 1302, 1307, 1327, 1354]
[0, 1150, 1144, 1136, 1128, 1121, 1116, 1111, 1106, 1101, 1099, 1096, 1093, 1091, 1089, 1087, 1087, 1088, 1087, 1086, 1086, 1087, 1054, 1054, 1055, 1056, 1057, 1058, 1059, 1060, 1063, 1067, 1070, 1073, 1077, 1080, 1085, 1090, 1095, 1106, 1113, 1122, 1130, 1137, 1145, 1153, 1160, 1169, 1179, 1190, 1201, 1213, 1226, 1239, 1251, 1264, 1277, 1292, 1307, 1327, 0]
[0, 1151, 1146, 1138, 1131, 1124, 1118, 1113, 1109, 1104, 1097, 1095, 1091, 1089, 1089, 1090, 1089, 1088, 1087, 1086, 1088, 1089, 1087, 1087, 1089, 1091, 1093, 1093, 1095, 1098, 1102, 1108, 1112, 1115, 1119, 1125, 1131, 1137, 1142, 1148, 1154, 1160, 1167, 1174, 1182, 1190, 1198, 1209, 1222, 1234, 1247, 1258, 1271, 1284, 1298, 1316, 1334, 1347, 1362, 1382, 1409]
[0, 1179, 1173, 1166, 1160, 1155, 1150, 1145, 1140, 1136, 1132, 1129, 1126, 1123, 1121, 1120, 1121, 1121, 1119, 1117, 1118, 1120, 1089, 1090, 1091, 1094, 1096, 1097, 1099, 1101, 1105, 1107, 1110, 1114, 1119, 1124, 1130, 1135, 1140, 1147, 1154, 1159, 1167, 1174, 1180, 1189, 1198, 1205, 1217, 1230, 1243, 1257, 1269, 1280, 1293, 1310, 1334, 1334, 1357, 1374, 1393]
[0, 1182, 1176, 1170, 1164, 1159, 1154, 1151, 1148, 1144, 1139, 1136, 1134, 1133, 1132, 1132, 1131, 1132, 1133, 1132, 1131, 1134, 1121, 1122, 1125, 1128, 1131, 1132, 1134, 1137, 1138, 1140, 1142, 1147, 1150, 1155, 1161, 1167, 1172, 1178, 1185, 1192, 1201, 1210, 1217, 1225, 1236, 1245, 1254, 1268, 1282, 1292, 1305, 1322, 1337, 1351, 1366, 1382, 1401, 1421, 1393]
[0, 1196, 1189, 1182, 1175, 1170, 1165, 1160, 1157, 1154, 1150, 1146, 1143, 1139, 1137, 1136, 1138, 1138, 1136, 1135, 1136, 1138, 1134, 1135, 1137, 1138, 1140, 1143, 1146, 1148, 1151, 1155, 1160, 1162, 1164, 1168, 1172, 1177, 1182, 1190, 1200, 1211, 1219, 1220, 1228, 1239, 1252, 1272, 1254, 1293, 1304, 1319, 1335, 1349, 1363, 1380, 1395, 1412, 1401, 1441, 1468]
[0, 1212, 1205, 1199, 1194, 1188, 1183, 1179, 1175, 1171, 1169, 1167, 1165, 1163, 1162, 1163, 1162, 1159, 1159, 1161, 1162, 1163, 1138, 1139, 1141, 1142, 1144, 1146, 1148, 1150, 1154, 1157, 1164, 1162, 1169, 1173, 1178, 1185, 1195, 1202, 1208, 1216, 1230, 1237, 1241, 1253, 1267, 1275, 1284, 1294, 1306, 1321, 1335, 1349, 1363, 1376, 1391, 1412, 1401, 1443, 1470]
[0, 1235, 1228, 1212, 1194, 1198, 1195, 1192, 1188, 1184, 1180, 1177, 1175, 1174, 1172, 1171, 1171, 1172, 1171, 1170, 1171, 1173, 1164, 1164, 1163, 1165, 1166, 1168, 1172, 1175, 1176, 1177, 1179, 1183, 1189, 1195, 1205, 1215, 1222, 1231, 1238, 1248, 1257, 1261, 1266, 1275, 1283, 1294, 1310, 1325, 1337, 1348, 1359, 1385, 1398, 1415, 1391, 1447, 1477, 1494, 1507]
[0, 1234, 1227, 1218, 1211, 1206, 1200, 1195, 1190, 1187, 1184, 1180, 1177, 1176, 1173, 1173, 1173, 1173, 1172, 1172, 1172, 1173, 1174, 1175, 1175, 1176, 1178, 1181, 1184, 1187, 1190, 1194, 1197, 1201, 1210, 1218, 1222, 1228, 1238, 1246, 1251, 1255, 1263, 1276, 1283, 1289, 1300, 1312, 1324, 1339, 1350, 1359, 1372, 1385, 1399, 1416, 1391, 1446, 1474, 1488, 1502]
[0, 1234, 1230, 1216, 1208, 1203, 1198, 1194, 1190, 1186, 1182, 1180, 1179, 1177, 1174, 1173, 1172, 1172, 1172, 1171, 1173, 1174, 1175, 1175, 1177, 1180, 1181, 1184, 1187, 1190, 1194, 1197, 1198, 1202, 1212, 1220, 1227, 1234, 1240, 1247, 1251, 1258, 1268, 1277, 1286, 1296, 1306, 1317, 1331, 1344, 1353, 1363, 1375, 1389, 1404, 1422, 1438, 1457, 1477, 1493, 1502]
[0, 1245, 1239, 1233, 1226, 1219, 1213, 1209, 1204, 1202, 1200, 1197, 1194, 1193, 1193, 1192, 1191, 1192, 1196, 1201, 1201, 1203, 1175, 1175, 1176, 1177, 1177, 1180, 1185, 1188, 1191, 1194, 1197, 1201, 1209, 1216, 1219, 1228, 1240, 1248, 1254, 1256, 1263, 1276, 1283, 1290, 1299, 1311, 1324, 1348, 1356, 1368, 1382, 1396, 1411, 1430, 1452, 1470, 1491, 1508, 1513]
[0, 1320, 1312, 1306, 1298, 1291, 1286, 1281, 1279, 1275, 1270, 1268, 1267, 1267, 1267, 1263, 1260, 1260, 1259, 1264, 1269, 1268, 1201, 1201, 1204, 1211, 1221, 1222, 1220, 1222, 1225, 1227, 1231, 1234, 1239, 1245, 1254, 1263, 1269, 1274, 1279, 1286, 1306, 1315, 1324, 1336, 1347, 1359, 1369, 1376, 1385, 1394, 1405, 1416, 1428, 1442, 1455, 1467, 1480, 1495, 1508]
[0, 1348, 1340, 1306, 1298, 1325, 1309, 1303, 1300, 1298, 1294, 1293, 1290, 1284, 1281, 1283, 1283, 1282, 1283, 1283, 1283, 1282, 1265, 1263, 1264, 1267, 1270, 1273, 1277, 1279, 1282, 1284, 1287, 1291, 1296, 1298, 1298, 1300, 1305, 1310, 1313, 1316, 1322, 1327, 1333, 1340, 1347, 1353, 1361, 1371, 1377, 1394, 1403, 1412, 1425, 1437, 1450, 1465, 1477, 1493, 1507]
[0, 1382, 1374, 1368, 1365, 1358, 1352, 1352, 1348, 1343, 1339, 1334, 1290, 1330, 1281, 1325, 1320, 1318, 1320, 1313, 1303, 1302, 1284, 1284, 1288, 1287, 1288, 1289, 1289, 1291, 1293, 1290, 1290, 1293, 1294, 1296, 1300, 1303, 1306, 1309, 1313, 1317, 1321, 1326, 1334, 1342, 1348, 1354, 1363, 1371, 1380, 1388, 1397, 1407, 1419, 1428, 1440, 1456, 1471, 1485, 1501]
[0, 1395, 1384, 1377, 1371, 1365, 1360, 1359, 1355, 1349, 1344, 1340, 1337, 1335, 1333, 1327, 1324, 1324, 1322, 1317, 1306, 1300, 1300, 1298, 1295, 1291, 1289, 1288, 1287, 1287, 1286, 1285, 1287, 1291, 1295, 1295, 1295, 1299, 1304, 1309, 1311, 1315, 1318, 1323, 1332, 1340, 1345, 1351, 1367, 1376, 1383, 1394, 1402, 1411, 1423, 1435, 1447, 1461, 1478, 1494, 1504]
[0, 1395, 1449, 1426, 1419, 1410, 1403, 1397, 1392, 1384, 1370, 1360, 1352, 1346, 1333, 1325, 1321, 1316, 1313, 1309, 1304, 1301, 1300, 1298, 1288, 1291, 1288, 1289, 1289, 1291, 1290, 1288, 1290, 1292, 1294, 1296, 1299, 1303, 1306, 1308, 1312, 1317, 1321, 1326, 1334, 1341, 1347, 1354, 1362, 1370, 1378, 1386, 1397, 1407, 1419, 1428, 1440, 1455, 1469, 1485, 1498]
[0, 1395, 1443, 1419, 1412, 1405, 1398, 1393, 1383, 1370, 1363, 1357, 1349, 1342, 1337, 1328, 1320, 1315, 1312, 1309, 1304, 1300, 1296, 1290, 1289, 1288, 1287, 1288, 1288, 1287, 1289, 1288, 1288, 1291, 1292, 1293, 1295, 1298, 1303, 1308, 1312, 1316, 1319, 1325, 1333, 1340, 1346, 1352, 1360, 1367, 1378, 1386, 1395, 1405, 1413, 1423, 1437, 1451, 1463, 1481, 1497]
[0, 1395, 1443, 1447, 1420, 1411, 1403, 1398, 1391, 1379, 1369, 1361, 1353, 1345, 1337, 1328, 1324, 1320, 1315, 1311, 1305, 1301, 1297, 1295, 1292, 1291, 1289, 1288, 1287, 1286, 1286, 1286, 1288, 1290, 1291, 1292, 1295, 1298, 1302, 1307, 1311, 1315, 1319, 1324, 1332, 1338, 1344, 1352, 1359, 1367, 1377, 1386, 1394, 1404, 1413, 1423, 1437, 1451, 1463, 1481, 1497]
[0, 1395, 1443, 1446, 1419, 1410, 1402, 1397, 1390, 1380, 1370, 1360, 1352, 1345, 1337, 1328, 1324, 1321, 1315, 1312, 1307, 1301, 1300, 1298, 1295, 1294, 1290, 1286, 1287, 1286, 1287, 1286, 1289, 1291, 1293, 1295, 1295, 1298, 1302, 1306, 1311, 1317, 1321, 1327, 1335, 1341, 1347, 1354, 1364, 1372, 1379, 1387, 1396, 1407, 1416, 1428, 1444, 1458, 1472, 1486, 1499]
[0, 1474, 1456, 1439, 1427, 1414, 1403, 1395, 1385, 1377, 1368, 1357, 1350, 1343, 1336, 1330, 1322, 1317, 1313, 1308, 1303, 1302, 1299, 1297, 1295, 1294, 1290, 1286, 1287, 1287, 1288, 1288, 1289, 1290, 1293, 1295, 1295, 1298, 1302, 1306, 1311, 1317, 1321, 1326, 1334, 1341, 1347, 1354, 1363, 1372, 1379, 1388, 1396, 1407, 1416, 1427, 1443, 1457, 1471, 1485, 1499]
[0, 1472, 1458, 1444, 1430, 1418, 1406, 1397, 1389, 1379, 1369, 1360, 1352, 1345, 1337, 1329, 1324, 1320, 1314, 1310, 1304, 1301, 1299, 1293, 1291, 1289, 1288, 1286, 1285, 1286, 1285, 1286, 1288, 1289, 1293, 1294, 1295, 1299, 1301, 1305, 1310, 1311, 1315, 1320, 1325, 1333, 1341, 1350, 1358, 1363, 1372, 1390, 1397, 1409, 1421, 1433, 1446, 1460, 1476, 1492, 1505]
[0, 1471, 1456, 1443, 1429, 1415, 1403, 1397, 1386, 1375, 1368, 1360, 1352, 1344, 1336, 1329, 1324, 1319, 1314, 1310, 1305, 1301, 1299, 1297, 1289, 1287, 1287, 1286, 1285, 1285, 1286, 1288, 1289, 1291, 1290, 1292, 1296, 1298, 1301, 1305, 1310, 1315, 1320, 1324, 1329, 1335, 1341, 1351, 1363, 1371, 1376, 1384, 1396, 1406, 1416, 1427, 1442, 1456, 1471, 1485, 1499]
[0, 1469, 1454, 1440, 1427, 1413, 1402, 1395, 1385, 1374, 1367, 1359, 1351, 1343, 1335, 1328, 1323, 1318, 1314, 1310, 1305, 1302, 1298, 1294, 1291, 1290, 1286, 1286, 1287, 1286, 1286, 1286, 1288, 1290, 1292, 1294, 1296, 1298, 1301, 1305, 1310, 1315, 1320, 1326, 1331, 1337, 1343, 1351, 1362, 1368, 1373, 1385, 1396, 1405, 1415, 1428, 1443, 1456, 1470, 1486, 1499]
[0, 1460, 1445, 1434, 1422, 1408, 1397, 1388, 1379, 1370, 1363, 1357, 1348, 1342, 1333, 1324, 1320, 1315, 1310, 1306, 1303, 1299, 1298, 1293, 1291, 1289, 1286, 1286, 1286, 1287, 1286, 1285, 1284, 1285, 1287, 1291, 1294, 1295, 1298, 1307, 1310, 1315, 1319, 1326, 1330, 1335, 1345, 1354, 1360, 1366, 1375, 1387, 1398, 1407, 1416, 1429, 1442, 1454, 1468, 1484, 1500]
[0, 1473, 1457, 1443, 1428, 1417, 1406, 1396, 1386, 1369, 1360, 1352, 1344, 1337, 1333, 1325, 1319, 1315, 1310, 1305, 1302, 1299, 1297, 1294, 1292, 1290, 1288, 1285, 1283, 1282, 1282, 1285, 1284, 1285, 1289, 1291, 1291, 1294, 1301, 1304, 1307, 1314, 1318, 1321, 1326, 1336, 1344, 1349, 1356, 1364, 1371, 1380, 1391, 1402, 1411, 1424, 1435, 1447, 1462, 1477, 1490]
[0, 1458, 1444, 1429, 1415, 1404, 1397, 1389, 1379, 1369, 1361, 1355, 1346, 1339, 1333, 1324, 1319, 1315, 1311, 1308, 1303, 1299, 1292, 1294, 1289, 1287, 1287, 1286, 1284, 1284, 1284, 1286, 1288, 1290, 1292, 1294, 1296, 1297, 1300, 1305, 1309, 1314, 1315, 1320, 1328, 1334, 1343, 1350, 1355, 1366, 1377, 1385, 1394, 1402, 1410, 1424, 1440, 1451, 1465, 1482, 1497]
[0, 1471, 1456, 1442, 1429, 1417, 1406, 1395, 1385, 1376, 1369, 1360, 1351, 1344, 1336, 1329, 1324, 1319, 1314, 1309, 1305, 1301, 1295, 1293, 1291, 1289, 1288, 1284, 1282, 1284, 1285, 1285, 1287, 1290, 1292, 1293, 1294, 1297, 1298, 1300, 1309, 1314, 1315, 1319, 1326, 1333, 1341, 1349, 1354, 1362, 1373, 1382, 1391, 1402, 1410, 1422, 1437, 1449, 1461, 1476, 1494]
[0, 1459, 1446, 1431, 1419, 1408, 1397, 1388, 1379, 1369, 1363, 1356, 1348, 1339, 1330, 1326, 1321, 1314, 1309, 1306, 1302, 1298, 1296, 1291, 1291, 1287, 1287, 1285, 1283, 1283, 1284, 1286, 1287, 1289, 1292, 1293, 1295, 1297, 1300, 1305, 1309, 1313, 1318, 1323, 1328, 1335, 1342, 1349, 1355, 1366, 1376, 1384, 1393, 1402, 1411, 1424, 1439, 1450, 1465, 1483, 1496]
[0, 1470, 1455, 1441, 1428, 1416, 1405, 1395, 1384, 1375, 1368, 1359, 1351, 1343, 1336, 1329, 1323, 1318, 1311, 1306, 1304, 1300, 1296, 1293, 1291, 1287, 1282, 1284, 1286, 1285, 1285, 1284, 1284, 1285, 1288, 1290, 1291, 1294, 1297, 1300, 1307, 1311, 1315, 1319, 1323, 1332, 1342, 1346, 1353, 1365, 1373, 1381, 1390, 1397, 1409, 1422, 1432, 1445, 1459, 1472, 1491]
[0, 1470, 1454, 1441, 1427, 1415, 1404, 1394, 1384, 1375, 1364, 1355, 1350, 1343, 1336, 1326, 1317, 1314, 1310, 1305, 1303, 1299, 1296, 1290, 1288, 1286, 1286, 1285, 1283, 1283, 1283, 1285, 1287, 1289, 1290, 1292, 1294, 1296, 1299, 1303, 1309, 1314, 1318, 1327, 1337, 1344, 1353, 1361, 1370, 1382, 1393, 1403, 1414, 1425, 1437, 1447, 1456, 1471, 1488, 1502, 1507]
[0, 1470, 1454, 1440, 1427, 1412, 1401, 1394, 1383, 1374, 1364, 1355, 1350, 1343, 1335, 1326, 1317, 1314, 1310, 1305, 1302, 1298, 1294, 1291, 1291, 1289, 1285, 1285, 1284, 1282, 1283, 1284, 1287, 1288, 1290, 1292, 1294, 1297, 1300, 1305, 1314, 1324, 1330, 1337, 1343, 1349, 1358, 1359, 1368, 1383, 1392, 1402, 1413, 1423, 1433, 1444, 1458, 1471, 1485, 1500, 1507]
[0, 1472, 1455, 1441, 1427, 1413, 1402, 1394, 1384, 1375, 1367, 1351, 1350, 1343, 1336, 1321, 1316, 1314, 1311, 1305, 1303, 1299, 1294, 1291, 1291, 1285, 1285, 1284, 1284, 1281, 1281, 1283, 1285, 1287, 1289, 1291, 1293, 1296, 1299, 1304, 1313, 1323, 1330, 1337, 1341, 1345, 1354, 1362, 1371, 1382, 1392, 1402, 1413, 1423, 1432, 1444, 1457, 1470, 1486, 1501, 1506]
[0, 1459, 1446, 1431, 1421, 1410, 1396, 1387, 1377, 1368, 1361, 1353, 1342, 1336, 1329, 1323, 1316, 1311, 1308, 1304, 1302, 1296, 1292, 1291, 1287, 1285, 1284, 1283, 1282, 1282, 1282, 1283, 1285, 1287, 1289, 1290, 1293, 1295, 1299, 1304, 1313, 1322, 1329, 1336, 1344, 1349, 1354, 1362, 1371, 1383, 1392, 1402, 1414, 1424, 1433, 1444, 1457, 1469, 1484, 1501, 1506]
[0, 1468, 1453, 1440, 1427, 1414, 1402, 1392, 1381, 1374, 1364, 1353, 1345, 1338, 1330, 1325, 1320, 1314, 1309, 1305, 1301, 1298, 1290, 1290, 1290, 1286, 1285, 1287, 1287, 1287, 1289, 1293, 1297, 1300, 1303, 1303, 1305, 1308, 1311, 1314, 1317, 1321, 1325, 1330, 1335, 1341, 1348, 1357, 1365, 1376, 1388, 1395, 1410, 1421, 1427, 1440, 1453, 1462, 1490, 1501, 1499]
[0, 1462, 1446, 1432, 1422, 1410, 1399, 1389, 1379, 1371, 1361, 1352, 1347, 1341, 1331, 1322, 1319, 1316, 1310, 1305, 1303, 1298, 1293, 1290, 1290, 1287, 1284, 1284, 1284, 1289, 1292, 1297, 1299, 1301, 1303, 1305, 1308, 1310, 1311, 1315, 1319, 1322, 1328, 1336, 1344, 1349, 1354, 1365, 1374, 1382, 1391, 1402, 1413, 1423, 1433, 1444, 1456, 1468, 1484, 1500, 1505]
[0, 1459, 1445, 1430, 1419, 1408, 1396, 1386, 1377, 1368, 1361, 1352, 1344, 1338, 1329, 1322, 1318, 1313, 1309, 1305, 1301, 1296, 1294, 1293, 1289, 1287, 1287, 1286, 1285, 1287, 1286, 1291, 1297, 1299, 1300, 1300, 1304, 1308, 1311, 1311, 1313, 1319, 1324, 1329, 1337, 1348, 1355, 1362, 1374, 1385, 1395, 1405, 1415, 1425, 1436, 1449, 1460, 1472, 1488, 1503, 1507]
[0, 1464, 1455, 1443, 1436, 1432, 1415, 1403, 1401, 1391, 1378, 1366, 1359, 1355, 1349, 1340, 1335, 1330, 1321, 1316, 1313, 1311, 1294, 1296, 1294, 1294, 1296, 1297, 1297, 1296, 1298, 1297, 1297, 1300, 1303, 1303, 1305, 1308, 1310, 1314, 1317, 1321, 1325, 1330, 1338, 1347, 1354, 1360, 1366, 1377, 1389, 1396, 1409, 1420, 1429, 1442, 1453, 1463, 1474, 1489, 1512]
[0, 1459, 1448, 1437, 1427, 1424, 1418, 1404, 1396, 1390, 1377, 1363, 1357, 1352, 1345, 1337, 1333, 1328, 1320, 1317, 1314, 1311, 1308, 1304, 1301, 1300, 1300, 1299, 1297, 1296, 1295, 1295, 1298, 1299, 1300, 1301, 1303, 1307, 1310, 1314, 1317, 1320, 1324, 1329, 1334, 1340, 1347, 1354, 1362, 1374, 1385, 1395, 1404, 1414, 1436, 1449, 1460, 1473, 1488, 1503, 1510]
[0, 1463, 1454, 1443, 1435, 1432, 1415, 1404, 1401, 1391, 1379, 1366, 1360, 1355, 1349, 1340, 1335, 1330, 1321, 1317, 1314, 1311, 1307, 1305, 1303, 1301, 1299, 1298, 1298, 1297, 1297, 1297, 1298, 1301, 1302, 1302, 1304, 1307, 1310, 1314, 1314, 1317, 1327, 1331, 1338, 1348, 1349, 1356, 1367, 1376, 1387, 1398, 1410, 1420, 1429, 1443, 1454, 1463, 1477, 1489, 0]
[0, 1474, 1455, 1448, 1436, 1428, 1415, 1410, 1395, 1386, 1374, 1364, 1358, 1351, 1343, 1336, 1332, 1329, 1322, 1316, 1314, 1310, 1308, 1305, 1302, 1298, 1299, 1299, 1297, 1296, 1295, 1294, 1296, 1299, 1300, 1301, 1303, 1307, 1310, 1314, 1317, 1319, 1323, 1329, 1335, 1340, 1348, 1354, 1362, 1374, 1386, 1395, 1404, 1413, 1424, 1448, 1460, 1472, 1487, 1503, 1510]
[0, 1478, 1463, 1451, 1440, 1429, 1420, 1407, 1393, 1386, 1377, 1364, 1357, 1353, 1345, 1337, 1331, 1326, 1321, 1317, 1312, 1309, 1307, 1304, 1302, 1300, 1298, 1298, 1296, 1295, 1297, 1299, 1298, 1298, 1300, 1302, 1304, 1308, 1310, 1313, 1318, 1321, 1327, 1332, 1339, 1347, 1354, 1360, 1366, 1376, 1387, 1397, 1410, 1420, 1428, 1443, 1454, 1464, 1478, 1490, 0]
[0, 1472, 1458, 1448, 1436, 1425, 1415, 1405, 1396, 1387, 1374, 1364, 1357, 1352, 1345, 1337, 1329, 1324, 1320, 1316, 1313, 1310, 1307, 1305, 1302, 1301, 1299, 1297, 1296, 1296, 1296, 1296, 1298, 1301, 1301, 1303, 1305, 1307, 1310, 1313, 1318, 1321, 1324, 1329, 1338, 1346, 1353, 1359, 1366, 1375, 1386, 1396, 1405, 1416, 1428, 1442, 1453, 1463, 1475, 1489, 1487]
[0, 1488, 1472, 1458, 1437, 1425, 1425, 1413, 1399, 1394, 1378, 1364, 1357, 1350, 1343, 1336, 1329, 1321, 1316, 1316, 1313, 1310, 1304, 1301, 1301, 1300, 1299, 1298, 1298, 1296, 1297, 1296, 1298, 1300, 1301, 1302, 1304, 1307, 1310, 1313, 1317, 1321, 1324, 1331, 1340, 1346, 1353, 1360, 1367, 1376, 1387, 1398, 1407, 1417, 1429, 1441, 1453, 1464, 1475, 1489, 1506]
[0, 1472, 1459, 1450, 1438, 1428, 1418, 1405, 1396, 1388, 1377, 1364, 1357, 1352, 1345, 1337, 1331, 1328, 1323, 1316, 1312, 1309, 1299, 1297, 1301, 1300, 1299, 1298, 1297, 1296, 1298, 1297, 1297, 1300, 1301, 1302, 1304, 1307, 1309, 1312, 1320, 1324, 1324, 1331, 1339, 1346, 1353, 1360, 1370, 1381, 1390, 1398, 1411, 1421, 1429, 1443, 1454, 1464, 1476, 1489, 1518]
