[0, 0, 0, 0, 0, 0, 0, 0, 0, 0, 0, 0, 0, 0, 0, 0, 0, 0, 0, 0, 0, 0, 0, 0, 0, 0, 0, 0, 0, 0, 0, 0, 0, 0, 0, 0, 0, 0, 0, 0, 0, 0, 0, 0, 0, 0, 0, 0, 0, 0, 0, 0, 0, 0, 0, 0, 0, 0, 0, 0, 0]
[0, 527, 526, 524, 520, 516, 512, 510, 507, 504, 0, 0, 494, 0, 457, 452, 444, 441, 440, 441, 444, 452, 461, 0, 0, 480, 0, 0, 0, 480, 481, 481, 481, 482, 483, 484, 485, 486, 488, 489, 491, 494, 496, 499, 501, 504, 507, 510, 513, 517, 521, 525, 534, 539, 541, 549, 551, 559, 565, 571, 578]
[0, 530, 526, 522, 518, 515, 512, 509, 505, 504, 436, 0, 496, 0, 453, 448, 444, 440, 440, 442, 444, 452, 461, 0, 0, 480, 480, 0, 0, 480, 480, 480, 481, 482, 483, 483, 484, 486, 488, 492, 491, 494, 495, 498, 500, 506, 507, 512, 516, 520, 524, 529, 533, 537, 542, 547, 553, 558, 563, 568, 576]
[0, 530, 526, 522, 518, 515, 511, 509, 506, 0, 436, 0, 496, 0, 453, 448, 443, 440, 440, 442, 446, 453, 461, 0, 0, 480, 480, 0, 0, 480, 481, 481, 481, 482, 483, 484, 485, 486, 488, 489, 492, 494, 496, 498, 501, 504, 507, 510, 514, 518, 522, 526, 531, 535, 540, 545, 550, 560, 566, 568, 579]
[0, 529, 525, 521, 517, 513, 510, 507, 505, 0, 0, 0, 496, 0, 457, 449, 445, 442, 440, 441, 443, 448, 461, 0, 0, 480, 0, 0, 479, 480, 481, 481, 482, 482, 483, 484, 485, 486, 488, 490, 493, 495, 497, 499, 501, 504, 508, 511, 514, 518, 522, 526, 531, 535, 540, 545, 550, 556, 561, 566, 573]
[0, 529, 524, 521, 517, 514, 510, 507, 505, 0, 0, 0, 0, 0, 457, 450, 445, 442, 440, 440, 443, 447, 461, 0, 480, 480, 0, 0, 479, 480, 480, 481, 481, 482, 484, 485, 486, 486, 488, 490, 492, 495, 497, 500, 502, 505, 509, 512, 515, 519, 523, 527, 532, 537, 542, 547, 552, 557, 562, 568, 574]
[0, 529, 523, 520, 516, 514, 512, 510, 507, 504, 0, 0, 495, 0, 457, 452, 444, 441, 440, 441, 444, 447, 461, 0, 480, 480, 0, 0, 0, 481, 481, 481, 481, 482, 483, 484, 485, 486, 488, 490, 492, 495, 497, 499, 502, 505, 508, 511, 515, 519, 522, 527, 531, 536, 541, 546, 551, 556, 561, 567, 573]
[0, 530, 526, 522, 518, 515, 512, 509, 506, 0, 0, 0, 0, 0, 457, 452, 447, 440, 440, 442, 444, 453, 461, 0, 0, 480, 480, 0, 0, 480, 480, 480, 482, 483, 483, 483, 484, 486, 488, 490, 492, 494, 495, 498, 503, 505, 506, 513, 517, 520, 522, 523, 533, 537, 542, 547, 553, 558, 563, 569, 577]
[0, 533, 529, 525, 522, 518, 515, 512, 510, 0, 0, 498, 0, 0, 0, 450, 443, 441, 440, 440, 443, 448, 461, 0, 0, 480, 0, 0, 480, 480, 481, 481, 481, 482, 483, 484, 485, 486, 488, 490, 493, 494, 497, 499, 501, 504, 507, 511, 514, 518, 521, 526, 531, 535, 540, 545, 550, 560, 563, 572, 579]
[0, 533, 529, 525, 522, 518, 515, 515, 512, 0, 431, 502, 0, 0, 460, 449, 443, 440, 440, 440, 443, 448, 461, 0, 485, 484, 0, 0, 484, 485, 485, 485, 486, 487, 488, 490, 490, 492, 495, 497, 499, 501, 503, 506, 508, 511, 514, 518, 521, 525, 530, 534, 537, 542, 547, 553, 558, 563, 569, 574, 581]
[0, 534, 530, 526, 523, 519, 516, 513, 510, 0, 0, 502, 0, 0, 460, 445, 0, 441, 440, 440, 446, 453, 461, 0, 485, 485, 0, 0, 0, 485, 485, 486, 486, 487, 489, 490, 491, 493, 495, 497, 499, 501, 503, 506, 509, 511, 515, 518, 522, 526, 530, 534, 539, 543, 548, 554, 559, 564, 569, 576, 583]
[0, 536, 528, 526, 525, 522, 515, 512, 510, 0, 434, 0, 502, 0, 456, 448, 442, 440, 439, 441, 444, 453, 461, 0, 0, 485, 0, 0, 0, 485, 486, 487, 487, 488, 489, 490, 491, 493, 495, 497, 498, 500, 503, 506, 509, 511, 513, 517, 521, 524, 529, 533, 537, 547, 548, 557, 562, 568, 573, 580, 587]
[0, 537, 532, 528, 522, 518, 515, 512, 512, 0, 433, 0, 502, 0, 456, 448, 442, 440, 439, 440, 443, 453, 461, 0, 485, 485, 0, 0, 0, 485, 486, 487, 487, 488, 489, 491, 491, 493, 494, 498, 498, 502, 504, 507, 510, 513, 516, 520, 523, 527, 531, 536, 540, 545, 550, 555, 560, 565, 570, 577, 584]
[0, 539, 535, 531, 528, 525, 522, 519, 516, 0, 0, 505, 503, 0, 450, 448, 443, 438, 439, 442, 443, 447, 461, 0, 0, 485, 0, 0, 0, 485, 485, 486, 487, 488, 489, 491, 493, 495, 494, 498, 500, 502, 504, 507, 510, 513, 516, 520, 523, 527, 531, 536, 540, 545, 550, 555, 560, 565, 571, 578, 584]
[0, 541, 536, 532, 528, 525, 522, 519, 516, 0, 0, 505, 0, 0, 451, 444, 440, 439, 439, 441, 445, 452, 461, 0, 491, 491, 490, 0, 0, 491, 492, 492, 493, 494, 495, 496, 498, 499, 501, 503, 505, 508, 510, 511, 514, 518, 521, 525, 528, 532, 536, 541, 546, 551, 556, 561, 565, 577, 584, 590, 596]
[0, 537, 533, 530, 526, 523, 520, 517, 516, 0, 0, 507, 0, 0, 457, 447, 442, 440, 439, 440, 443, 452, 461, 0, 0, 491, 0, 0, 0, 491, 491, 492, 493, 494, 495, 495, 497, 499, 500, 503, 505, 509, 510, 514, 514, 520, 521, 527, 531, 535, 539, 544, 549, 554, 559, 564, 569, 574, 581, 589, 595]
[0, 537, 533, 530, 529, 523, 520, 517, 517, 0, 0, 507, 0, 0, 454, 446, 441, 438, 439, 441, 444, 452, 461, 0, 491, 491, 0, 0, 0, 491, 492, 493, 493, 494, 496, 497, 498, 500, 501, 504, 506, 508, 511, 513, 515, 519, 522, 526, 530, 534, 538, 543, 547, 552, 557, 561, 566, 573, 579, 586, 592]
[0, 538, 534, 530, 530, 524, 520, 521, 518, 0, 0, 507, 0, 0, 454, 446, 441, 438, 439, 441, 444, 452, 461, 0, 0, 490, 0, 0, 0, 491, 491, 492, 493, 495, 496, 496, 499, 501, 502, 504, 506, 508, 511, 513, 517, 520, 523, 527, 531, 535, 539, 543, 548, 553, 558, 563, 569, 575, 580, 587, 593]
[0, 542, 537, 534, 530, 525, 523, 521, 517, 0, 0, 507, 0, 0, 452, 444, 440, 438, 439, 441, 445, 452, 461, 0, 0, 492, 0, 0, 0, 493, 494, 495, 495, 495, 497, 498, 498, 500, 503, 505, 506, 511, 513, 516, 520, 520, 524, 529, 534, 538, 542, 545, 551, 557, 560, 565, 572, 578, 584, 591, 597]
[0, 539, 535, 532, 529, 525, 522, 519, 517, 0, 0, 509, 503, 0, 0, 448, 442, 439, 439, 442, 445, 447, 461, 0, 0, 493, 0, 0, 492, 492, 494, 496, 496, 495, 496, 498, 500, 501, 503, 504, 509, 511, 511, 513, 517, 520, 526, 529, 534, 538, 542, 546, 552, 556, 560, 565, 572, 579, 585, 591, 598]
[0, 548, 544, 540, 536, 533, 530, 526, 524, 0, 0, 509, 0, 0, 450, 443, 438, 437, 438, 441, 445, 452, 461, 0, 492, 492, 492, 0, 0, 493, 493, 493, 495, 495, 496, 498, 500, 502, 504, 506, 508, 509, 511, 514, 518, 521, 524, 528, 532, 535, 540, 544, 549, 553, 563, 569, 572, 574, 586, 592, 599]
[0, 548, 544, 540, 536, 533, 530, 528, 527, 0, 0, 509, 0, 0, 449, 442, 438, 437, 438, 440, 444, 452, 452, 0, 0, 499, 500, 500, 500, 500, 500, 501, 501, 502, 503, 505, 508, 502, 510, 511, 514, 518, 521, 524, 527, 530, 534, 537, 541, 546, 550, 554, 559, 563, 569, 575, 581, 586, 592, 598, 605]
[0, 555, 551, 547, 544, 540, 537, 534, 527, 0, 428, 0, 522, 0, 447, 441, 438, 437, 437, 439, 443, 451, 451, 0, 501, 500, 500, 500, 500, 501, 502, 501, 504, 506, 506, 507, 508, 509, 510, 513, 516, 521, 521, 526, 527, 532, 535, 540, 543, 548, 552, 556, 560, 566, 571, 577, 583, 588, 594, 602, 608]
[0, 553, 549, 546, 543, 539, 536, 533, 527, 0, 0, 523, 0, 0, 455, 445, 439, 436, 436, 437, 440, 451, 451, 0, 507, 0, 0, 0, 507, 507, 508, 508, 508, 509, 511, 512, 513, 515, 517, 519, 523, 521, 529, 532, 535, 538, 542, 546, 549, 553, 558, 562, 566, 572, 578, 584, 589, 595, 601, 607, 613]
[0, 555, 551, 547, 544, 540, 537, 534, 527, 428, 0, 0, 522, 0, 447, 441, 438, 437, 437, 439, 443, 451, 454, 0, 506, 506, 506, 507, 507, 507, 508, 509, 509, 510, 511, 513, 514, 515, 517, 520, 522, 524, 527, 530, 533, 535, 539, 543, 547, 551, 555, 564, 566, 569, 574, 587, 589, 598, 604, 610, 617]
[0, 562, 558, 554, 550, 547, 544, 541, 527, 0, 0, 531, 522, 0, 452, 442, 438, 436, 435, 437, 439, 446, 0, 0, 507, 507, 507, 507, 507, 507, 508, 508, 508, 509, 511, 512, 513, 515, 517, 519, 521, 526, 527, 529, 532, 537, 542, 546, 549, 553, 558, 562, 566, 572, 578, 584, 589, 595, 601, 607, 613]
[0, 560, 558, 557, 553, 550, 547, 544, 541, 0, 0, 0, 531, 0, 448, 441, 437, 435, 436, 438, 442, 446, 0, 514, 515, 515, 0, 0, 0, 516, 515, 516, 518, 519, 520, 522, 523, 525, 527, 529, 531, 534, 536, 539, 542, 546, 549, 552, 556, 560, 564, 568, 574, 579, 585, 590, 596, 608, 614, 621, 628]
[0, 570, 566, 562, 559, 555, 552, 549, 541, 0, 0, 538, 0, 0, 451, 442, 438, 436, 435, 436, 439, 445, 0, 514, 0, 515, 515, 515, 516, 516, 516, 516, 518, 519, 519, 522, 523, 525, 525, 530, 532, 535, 537, 540, 543, 546, 550, 554, 558, 562, 566, 571, 577, 581, 587, 594, 600, 604, 610, 617, 624]
[0, 572, 568, 564, 560, 557, 554, 551, 0, 425, 0, 0, 538, 0, 447, 439, 435, 435, 435, 437, 441, 445, 0, 521, 523, 523, 0, 0, 0, 523, 523, 524, 525, 526, 529, 530, 531, 533, 534, 536, 539, 541, 544, 547, 550, 553, 557, 560, 564, 568, 572, 578, 583, 588, 593, 604, 610, 604, 624, 631, 638]
[0, 572, 567, 564, 560, 556, 553, 550, 0, 0, 429, 0, 540, 0, 444, 0, 435, 435, 435, 438, 443, 451, 0, 521, 0, 523, 522, 0, 0, 523, 523, 524, 525, 526, 528, 530, 529, 533, 535, 538, 540, 543, 546, 549, 552, 555, 558, 562, 566, 570, 576, 581, 586, 591, 596, 602, 609, 615, 621, 627, 634]
[0, 575, 570, 566, 563, 560, 556, 553, 0, 0, 0, 544, 540, 0, 448, 440, 436, 434, 434, 436, 439, 451, 0, 521, 0, 523, 0, 0, 523, 524, 524, 524, 525, 526, 527, 528, 530, 532, 534, 535, 537, 540, 543, 546, 549, 556, 558, 559, 567, 570, 577, 582, 587, 592, 598, 604, 610, 615, 621, 628, 636]
[0, 578, 573, 568, 565, 561, 558, 555, 0, 430, 0, 0, 0, 0, 453, 437, 436, 435, 434, 437, 439, 451, 0, 527, 527, 527, 528, 0, 0, 528, 528, 529, 530, 532, 533, 534, 535, 538, 540, 542, 544, 547, 550, 553, 556, 559, 563, 566, 570, 575, 580, 585, 591, 596, 601, 607, 612, 619, 626, 633, 640]
[0, 592, 589, 584, 580, 576, 572, 569, 0, 428, 0, 0, 0, 0, 451, 441, 434, 433, 434, 433, 440, 449, 0, 527, 0, 528, 527, 0, 0, 528, 529, 530, 531, 532, 533, 533, 535, 538, 540, 542, 544, 547, 550, 553, 556, 559, 562, 566, 571, 575, 581, 586, 595, 601, 607, 613, 619, 626, 632, 640, 649]
[0, 602, 598, 594, 590, 586, 582, 578, 0, 0, 427, 0, 0, 450, 440, 435, 433, 433, 433, 435, 440, 448, 0, 527, 0, 541, 541, 0, 0, 542, 542, 543, 544, 545, 546, 548, 549, 551, 554, 555, 557, 560, 562, 565, 568, 571, 580, 585, 571, 589, 598, 586, 608, 614, 620, 625, 632, 641, 648, 653, 660]
[0, 602, 598, 594, 590, 586, 582, 578, 0, 0, 427, 0, 0, 0, 440, 0, 435, 433, 433, 435, 435, 439, 448, 527, 0, 550, 549, 0, 0, 551, 552, 552, 553, 555, 556, 557, 558, 560, 562, 564, 566, 568, 575, 565, 579, 587, 580, 595, 571, 603, 607, 613, 618, 623, 630, 637, 644, 650, 657, 665, 672]
[0, 605, 601, 597, 594, 591, 587, 584, 0, 0, 427, 0, 0, 0, 446, 437, 433, 431, 431, 432, 435, 439, 448, 527, 0, 550, 0, 0, 0, 551, 552, 553, 554, 555, 556, 557, 559, 560, 562, 564, 566, 568, 572, 575, 579, 583, 587, 595, 600, 603, 608, 613, 619, 624, 631, 637, 644, 651, 658, 664, 672]
[0, 609, 605, 600, 597, 594, 591, 588, 0, 0, 427, 0, 0, 0, 445, 437, 433, 431, 431, 432, 435, 439, 448, 527, 0, 555, 0, 0, 0, 558, 557, 558, 559, 560, 561, 563, 565, 567, 568, 571, 574, 577, 580, 583, 586, 590, 594, 598, 603, 607, 612, 616, 621, 628, 634, 641, 647, 652, 668, 675, 672]
[0, 607, 605, 603, 599, 594, 590, 588, 0, 0, 0, 0, 576, 0, 441, 435, 432, 431, 431, 433, 437, 444, 448, 0, 0, 558, 558, 0, 559, 559, 559, 559, 561, 564, 565, 567, 568, 569, 571, 574, 577, 580, 584, 587, 590, 594, 598, 602, 606, 611, 615, 620, 626, 632, 638, 644, 650, 657, 664, 673, 680]
[0, 614, 606, 603, 598, 594, 590, 592, 0, 0, 0, 0, 579, 0, 441, 435, 432, 432, 431, 433, 437, 444, 448, 0, 559, 559, 558, 0, 559, 560, 560, 561, 563, 565, 566, 567, 569, 571, 571, 576, 579, 582, 584, 589, 592, 595, 599, 603, 607, 612, 617, 622, 629, 635, 642, 648, 653, 660, 668, 676, 683]
[0, 614, 617, 614, 610, 607, 603, 600, 0, 0, 426, 0, 0, 449, 441, 433, 432, 431, 431, 431, 433, 446, 448, 0, 561, 562, 562, 0, 564, 560, 564, 561, 565, 566, 569, 572, 573, 576, 578, 581, 584, 587, 590, 593, 596, 600, 605, 609, 613, 618, 623, 629, 634, 641, 648, 654, 661, 667, 675, 682, 691]
[0, 614, 628, 623, 616, 607, 612, 609, 0, 0, 0, 0, 0, 0, 448, 438, 433, 430, 429, 430, 437, 446, 445, 0, 569, 569, 569, 0, 569, 571, 572, 572, 573, 574, 576, 578, 579, 581, 583, 586, 589, 591, 594, 597, 600, 603, 608, 616, 613, 625, 632, 638, 643, 649, 655, 661, 668, 675, 683, 692, 700]
[0, 632, 627, 622, 618, 615, 612, 608, 0, 0, 426, 0, 0, 0, 444, 436, 432, 430, 429, 430, 434, 446, 445, 0, 580, 0, 0, 0, 579, 581, 581, 582, 583, 585, 586, 588, 590, 591, 593, 596, 601, 591, 603, 607, 610, 617, 608, 621, 626, 631, 642, 648, 653, 659, 666, 672, 678, 686, 694, 703, 710]
[0, 633, 628, 623, 618, 616, 613, 610, 0, 0, 425, 0, 0, 0, 0, 436, 432, 429, 429, 430, 433, 446, 445, 0, 580, 0, 0, 0, 580, 580, 581, 582, 583, 584, 586, 588, 590, 592, 594, 596, 598, 601, 604, 607, 611, 615, 619, 623, 627, 633, 638, 644, 648, 654, 660, 667, 673, 688, 694, 696, 712]
[0, 645, 639, 634, 630, 626, 623, 620, 0, 0, 426, 0, 0, 0, 441, 434, 430, 428, 428, 430, 434, 446, 445, 0, 580, 581, 0, 0, 0, 581, 583, 585, 586, 586, 587, 588, 590, 591, 593, 596, 599, 602, 605, 607, 612, 616, 618, 623, 629, 639, 638, 646, 656, 661, 667, 673, 682, 688, 695, 703, 712]
[0, 645, 639, 634, 630, 626, 623, 620, 0, 0, 426, 0, 0, 0, 441, 434, 430, 429, 428, 430, 433, 446, 445, 0, 591, 591, 0, 0, 0, 593, 594, 595, 596, 597, 598, 600, 601, 604, 606, 607, 611, 614, 617, 621, 624, 628, 633, 637, 642, 647, 652, 658, 664, 670, 676, 682, 690, 699, 705, 712, 721]
[0, 655, 651, 647, 643, 639, 635, 632, 0, 0, 426, 0, 0, 0, 437, 432, 429, 428, 428, 430, 434, 441, 0, 0, 591, 591, 592, 0, 593, 593, 594, 595, 596, 597, 598, 600, 601, 604, 606, 607, 611, 614, 617, 621, 624, 628, 633, 637, 642, 647, 652, 658, 664, 670, 676, 682, 690, 699, 706, 713, 722]
[0, 656, 652, 647, 643, 640, 636, 632, 0, 0, 426, 0, 0, 0, 440, 433, 430, 428, 428, 430, 433, 441, 0, 603, 603, 604, 0, 0, 0, 606, 606, 607, 609, 610, 611, 612, 614, 617, 618, 621, 625, 628, 631, 636, 641, 644, 648, 652, 657, 662, 667, 674, 680, 685, 693, 701, 708, 714, 722, 731, 740]
[0, 659, 655, 650, 647, 644, 640, 636, 0, 0, 426, 0, 0, 0, 437, 432, 429, 427, 428, 430, 430, 441, 0, 0, 604, 604, 604, 0, 604, 605, 606, 607, 609, 610, 611, 612, 614, 615, 617, 621, 624, 627, 631, 634, 638, 643, 647, 651, 655, 661, 666, 672, 678, 684, 691, 699, 705, 713, 720, 729, 737]
[0, 671, 667, 663, 659, 655, 651, 648, 0, 0, 0, 427, 0, 431, 435, 432, 430, 427, 428, 427, 434, 442, 0, 0, 608, 608, 608, 0, 609, 610, 610, 611, 613, 614, 616, 617, 619, 621, 623, 626, 629, 633, 636, 641, 645, 649, 652, 656, 662, 667, 673, 679, 684, 691, 698, 704, 711, 720, 728, 736, 745]
[0, 671, 667, 663, 659, 655, 651, 648, 0, 0, 0, 427, 0, 431, 435, 435, 427, 0, 426, 427, 434, 442, 0, 620, 619, 619, 620, 0, 620, 621, 623, 624, 626, 627, 628, 630, 632, 633, 637, 641, 643, 646, 650, 653, 657, 661, 665, 669, 674, 680, 686, 692, 699, 705, 712, 719, 726, 734, 742, 751, 759]
[0, 674, 669, 665, 661, 658, 654, 651, 648, 0, 0, 426, 0, 0, 440, 433, 429, 427, 427, 428, 431, 442, 0, 620, 618, 619, 0, 0, 0, 621, 623, 624, 625, 626, 628, 630, 632, 633, 637, 640, 644, 646, 650, 653, 657, 661, 665, 669, 674, 680, 686, 692, 699, 705, 712, 719, 726, 734, 742, 751, 759]
[0, 690, 685, 681, 676, 673, 670, 666, 663, 0, 0, 428, 430, 435, 440, 434, 429, 427, 427, 429, 434, 440, 0, 0, 620, 620, 619, 0, 0, 621, 622, 623, 625, 626, 627, 629, 631, 633, 635, 639, 642, 644, 647, 651, 654, 658, 662, 671, 674, 676, 682, 688, 695, 709, 715, 721, 729, 738, 747, 755, 764]
[0, 693, 688, 683, 679, 675, 672, 668, 664, 0, 0, 429, 429, 432, 434, 432, 428, 425, 426, 428, 430, 440, 0, 0, 639, 639, 0, 0, 0, 642, 643, 644, 645, 646, 647, 648, 650, 653, 655, 658, 661, 664, 667, 670, 674, 680, 685, 690, 696, 701, 706, 712, 718, 725, 732, 740, 749, 757, 765, 773, 782]
[0, 693, 692, 687, 682, 675, 679, 676, 669, 0, 0, 0, 430, 432, 434, 430, 427, 425, 425, 426, 429, 434, 443, 0, 638, 639, 639, 0, 640, 641, 641, 643, 644, 645, 646, 648, 650, 652, 654, 658, 661, 663, 666, 670, 674, 678, 683, 688, 694, 700, 705, 710, 716, 723, 737, 740, 754, 757, 770, 780, 789]
[0, 699, 694, 689, 684, 681, 677, 674, 670, 0, 0, 430, 430, 427, 427, 430, 426, 425, 425, 427, 431, 434, 443, 0, 645, 646, 0, 0, 0, 647, 648, 649, 651, 645, 653, 655, 658, 661, 664, 658, 669, 663, 676, 670, 685, 689, 694, 700, 705, 710, 716, 723, 730, 737, 745, 752, 759, 768, 777, 785, 795]
[0, 700, 696, 692, 687, 683, 679, 676, 674, 0, 0, 430, 430, 433, 432, 430, 429, 424, 425, 428, 431, 439, 443, 0, 645, 645, 646, 0, 0, 647, 648, 649, 650, 651, 653, 655, 658, 660, 663, 665, 667, 670, 674, 678, 682, 687, 693, 699, 704, 709, 714, 719, 726, 733, 740, 748, 756, 764, 772, 780, 790]
[0, 710, 705, 692, 696, 692, 679, 684, 674, 681, 0, 0, 433, 433, 432, 431, 427, 424, 424, 426, 429, 434, 442, 0, 651, 650, 650, 0, 653, 654, 654, 655, 656, 658, 660, 662, 664, 666, 669, 672, 675, 678, 681, 686, 691, 696, 701, 706, 711, 716, 722, 728, 736, 744, 751, 758, 765, 774, 783, 792, 802]
[0, 720, 715, 711, 707, 703, 700, 696, 692, 689, 0, 0, 0, 443, 432, 429, 426, 424, 424, 427, 429, 431, 442, 0, 658, 657, 0, 0, 0, 660, 660, 661, 662, 663, 665, 667, 672, 666, 674, 679, 675, 685, 689, 694, 699, 696, 709, 714, 718, 725, 732, 738, 745, 752, 760, 767, 774, 783, 792, 802, 812]
[0, 727, 721, 716, 713, 708, 704, 701, 698, 694, 691, 0, 0, 445, 0, 429, 425, 424, 424, 426, 430, 431, 442, 0, 668, 669, 0, 0, 0, 671, 672, 673, 674, 676, 678, 680, 682, 685, 688, 691, 695, 698, 702, 707, 711, 716, 721, 726, 732, 738, 745, 752, 758, 765, 773, 781, 789, 798, 807, 816, 825]
[0, 740, 734, 730, 726, 721, 717, 713, 711, 708, 705, 703, 0, 0, 436, 429, 425, 423, 423, 425, 429, 431, 442, 0, 672, 672, 0, 0, 0, 674, 675, 676, 677, 679, 680, 682, 684, 687, 689, 693, 696, 699, 703, 707, 712, 716, 720, 726, 732, 737, 744, 751, 758, 764, 772, 780, 788, 796, 806, 824, 833]
[0, 736, 732, 727, 722, 717, 714, 713, 708, 708, 703, 703, 0, 0, 438, 430, 425, 423, 423, 424, 428, 433, 441, 0, 684, 684, 685, 0, 685, 685, 686, 688, 690, 691, 693, 695, 698, 701, 703, 705, 708, 711, 714, 719, 724, 729, 734, 745, 732, 758, 744, 770, 777, 764, 793, 803, 812, 819, 828, 836, 847]
[0, 738, 734, 728, 724, 719, 715, 712, 709, 706, 703, 703, 0, 441, 438, 432, 424, 423, 423, 424, 426, 439, 441, 0, 684, 684, 683, 0, 0, 686, 687, 689, 691, 691, 695, 697, 698, 700, 705, 708, 711, 714, 717, 722, 728, 733, 738, 743, 750, 756, 762, 769, 776, 783, 791, 800, 808, 817, 826, 835, 844]
[0, 736, 731, 727, 722, 717, 714, 711, 709, 708, 706, 703, 0, 0, 438, 430, 425, 424, 424, 424, 428, 433, 441, 0, 684, 684, 684, 0, 686, 686, 687, 689, 691, 693, 695, 697, 698, 700, 704, 706, 709, 712, 717, 721, 726, 732, 736, 742, 749, 756, 762, 767, 773, 780, 788, 797, 807, 815, 823, 832, 842]
[0, 774, 769, 764, 759, 755, 752, 748, 745, 742, 739, 703, 0, 0, 0, 497, 501, 503, 503, 501, 428, 439, 441, 0, 0, 684, 683, 0, 0, 685, 687, 689, 691, 693, 695, 697, 700, 702, 705, 708, 711, 713, 717, 722, 728, 733, 737, 743, 750, 756, 762, 769, 776, 782, 790, 799, 808, 816, 825, 834, 844]
[0, 777, 771, 767, 763, 759, 754, 749, 746, 743, 740, 703, 0, 0, 0, 0, 500, 503, 503, 501, 0, 0, 441, 0, 720, 721, 721, 0, 0, 723, 725, 726, 728, 730, 731, 734, 737, 739, 742, 745, 750, 755, 760, 764, 768, 774, 780, 785, 791, 798, 805, 812, 819, 826, 834, 843, 851, 861, 869, 878, 888]
[0, 778, 771, 767, 764, 759, 754, 750, 746, 743, 740, 703, 0, 0, 0, 0, 500, 503, 503, 501, 0, 0, 441, 0, 720, 720, 720, 0, 0, 722, 724, 725, 727, 730, 731, 733, 735, 738, 740, 745, 749, 753, 758, 762, 766, 772, 778, 784, 790, 796, 803, 810, 817, 825, 832, 840, 849, 869, 869, 885, 895]
[0, 775, 771, 769, 760, 756, 753, 750, 749, 745, 740, 703, 0, 0, 0, 0, 499, 502, 503, 500, 0, 0, 441, 0, 720, 720, 0, 0, 0, 722, 723, 725, 727, 730, 731, 733, 736, 738, 740, 745, 749, 753, 758, 762, 766, 772, 778, 784, 789, 796, 803, 810, 817, 825, 832, 840, 849, 859, 877, 885, 895]
[0, 781, 775, 769, 765, 761, 757, 753, 749, 746, 743, 741, 0, 0, 0, 0, 499, 502, 503, 502, 498, 0, 441, 0, 0, 720, 0, 0, 0, 724, 723, 725, 729, 730, 732, 733, 737, 740, 740, 747, 752, 757, 761, 765, 770, 776, 781, 787, 794, 800, 807, 815, 822, 830, 836, 845, 856, 865, 874, 881, 890]
[0, 798, 791, 785, 781, 775, 772, 769, 766, 762, 760, 741, 0, 0, 0, 496, 500, 503, 503, 501, 496, 0, 441, 0, 724, 722, 721, 0, 0, 724, 726, 727, 729, 730, 732, 735, 736, 739, 742, 745, 750, 754, 759, 763, 768, 772, 778, 785, 791, 804, 812, 819, 822, 832, 836, 851, 861, 870, 878, 887, 897]
[0, 798, 791, 785, 781, 775, 772, 768, 765, 762, 760, 741, 0, 0, 0, 496, 500, 502, 503, 501, 496, 0, 441, 0, 738, 737, 738, 0, 0, 741, 743, 745, 747, 748, 750, 752, 754, 757, 761, 764, 768, 773, 778, 783, 788, 793, 799, 805, 811, 817, 824, 830, 837, 847, 856, 865, 873, 881, 890, 899, 909]
[0, 816, 810, 806, 800, 796, 791, 787, 784, 780, 777, 741, 0, 0, 0, 496, 501, 503, 503, 500, 495, 0, 441, 0, 738, 737, 0, 0, 0, 741, 743, 745, 747, 748, 750, 752, 754, 757, 761, 764, 768, 773, 778, 783, 788, 793, 799, 805, 811, 817, 824, 830, 837, 847, 856, 865, 874, 881, 890, 899, 909]
[0, 825, 818, 813, 809, 805, 801, 798, 795, 791, 787, 741, 0, 480, 491, 498, 501, 503, 503, 500, 497, 0, 441, 0, 0, 760, 0, 0, 761, 762, 764, 766, 768, 770, 772, 774, 776, 779, 783, 788, 793, 797, 802, 807, 813, 818, 825, 829, 835, 843, 852, 859, 866, 874, 881, 899, 874, 918, 930, 940, 950]
[0, 832, 827, 822, 816, 812, 809, 806, 802, 798, 794, 793, 0, 0, 489, 496, 501, 502, 503, 500, 495, 0, 441, 0, 0, 770, 0, 0, 0, 773, 774, 777, 780, 783, 784, 787, 791, 794, 798, 802, 806, 810, 817, 823, 827, 832, 837, 844, 851, 859, 867, 874, 880, 887, 895, 905, 915, 925, 935, 944, 954]
[0, 847, 841, 835, 831, 828, 824, 820, 816, 813, 811, 809, 0, 0, 489, 496, 500, 502, 502, 501, 496, 488, 441, 0, 0, 772, 774, 0, 0, 777, 778, 780, 783, 785, 787, 788, 792, 795, 798, 803, 807, 811, 816, 822, 827, 831, 836, 843, 858, 859, 872, 879, 885, 893, 902, 911, 922, 932, 940, 950, 962]
[0, 850, 842, 836, 832, 828, 825, 823, 818, 814, 812, 809, 0, 0, 491, 497, 501, 503, 503, 500, 495, 486, 441, 0, 791, 792, 792, 0, 0, 796, 796, 799, 801, 804, 806, 809, 811, 814, 818, 822, 826, 830, 834, 839, 844, 851, 857, 864, 875, 859, 890, 898, 905, 915, 924, 934, 943, 952, 961, 972, 986]
[0, 871, 866, 860, 855, 850, 845, 842, 838, 834, 833, 831, 828, 0, 0, 498, 501, 503, 503, 500, 495, 0, 441, 0, 793, 792, 0, 795, 796, 797, 799, 800, 802, 804, 808, 810, 813, 815, 819, 823, 826, 830, 835, 840, 847, 853, 860, 866, 871, 877, 884, 892, 900, 907, 916, 926, 936, 945, 954, 977, 990]
[0, 880, 874, 869, 865, 860, 856, 852, 849, 845, 840, 837, 835, 834, 0, 498, 0, 501, 501, 501, 499, 0, 823, 815, 815, 815, 0, 817, 819, 820, 822, 823, 825, 828, 831, 833, 836, 839, 843, 848, 853, 858, 863, 868, 873, 878, 882, 888, 896, 903, 911, 920, 930, 938, 946, 953, 962, 976, 987, 998, 1008]
[0, 877, 872, 867, 863, 859, 854, 850, 845, 841, 838, 836, 834, 832, 0, 0, 502, 503, 501, 499, 499, 0, 823, 824, 824, 824, 0, 0, 826, 827, 828, 830, 832, 833, 835, 838, 842, 851, 843, 859, 853, 869, 873, 877, 883, 889, 895, 900, 907, 915, 925, 934, 943, 950, 958, 966, 978, 992, 1002, 1013, 1026]
[0, 890, 885, 879, 874, 871, 867, 863, 860, 857, 853, 850, 848, 844, 841, 0, 502, 503, 501, 837, 834, 833, 834, 0, 0, 823, 824, 825, 826, 828, 829, 831, 832, 835, 837, 839, 843, 847, 852, 857, 862, 866, 870, 875, 881, 887, 892, 898, 904, 913, 922, 930, 938, 946, 955, 963, 973, 986, 997, 1007, 1019]
[0, 886, 882, 876, 871, 868, 865, 862, 858, 854, 851, 848, 845, 842, 839, 0, 502, 503, 836, 833, 833, 833, 0, 0, 0, 832, 832, 834, 835, 837, 838, 840, 843, 846, 849, 853, 857, 860, 868, 857, 875, 879, 870, 890, 895, 901, 909, 915, 922, 930, 939, 945, 953, 963, 974, 985, 995, 1005, 1015, 1027, 1041]
[0, 888, 883, 878, 874, 869, 865, 863, 859, 855, 852, 849, 847, 845, 842, 0, 502, 503, 837, 833, 833, 833, 0, 0, 834, 833, 833, 835, 836, 838, 839, 841, 845, 848, 851, 854, 859, 862, 867, 870, 873, 878, 882, 887, 893, 900, 906, 912, 919, 926, 934, 943, 951, 960, 971, 983, 992, 1002, 1014, 1024, 1035]
[0, 911, 906, 901, 895, 890, 886, 883, 881, 879, 876, 872, 869, 869, 867, 865, 865, 863, 862, 861, 860, 860, 833, 833, 833, 833, 834, 835, 835, 837, 839, 841, 845, 848, 849, 852, 857, 862, 865, 869, 873, 877, 881, 886, 891, 898, 905, 910, 917, 925, 933, 941, 949, 958, 967, 978, 988, 999, 1010, 1020, 1032]
[0, 911, 906, 900, 895, 890, 886, 883, 881, 879, 876, 872, 869, 869, 867, 865, 864, 863, 862, 861, 860, 860, 860, 861, 861, 860, 861, 862, 863, 865, 866, 868, 870, 873, 875, 877, 881, 886, 890, 894, 899, 905, 910, 915, 921, 928, 933, 939, 945, 952, 959, 969, 981, 991, 1000, 1009, 1019, 1031, 1043, 1055, 1068]
[0, 931, 925, 919, 914, 910, 906, 901, 898, 894, 891, 889, 888, 886, 883, 882, 881, 880, 880, 879, 878, 878, 878, 861, 861, 861, 861, 861, 863, 865, 866, 868, 870, 873, 875, 877, 881, 886, 890, 894, 899, 905, 910, 914, 921, 928, 934, 940, 945, 952, 959, 969, 981, 991, 1000, 1009, 1019, 1031, 1043, 1055, 1068]
[0, 949, 943, 938, 933, 929, 925, 920, 917, 914, 910, 908, 907, 905, 902, 900, 898, 897, 896, 895, 895, 895, 878, 878, 879, 880, 881, 883, 884, 885, 887, 889, 891, 893, 896, 900, 905, 910, 914, 920, 926, 936, 941, 947, 953, 960, 966, 975, 985, 993, 1001, 1009, 1019, 1029, 1039, 1051, 1063, 1076, 1089, 1102, 1117]
[0, 976, 967, 962, 957, 951, 947, 945, 942, 940, 936, 933, 931, 929, 927, 925, 924, 923, 921, 920, 921, 923, 894, 895, 895, 896, 897, 898, 899, 900, 902, 904, 907, 910, 914, 919, 923, 927, 931, 935, 941, 945, 950, 956, 962, 970, 979, 987, 994, 1000, 1008, 1018, 1027, 1036, 1047, 1058, 1069, 1082, 1095, 1110, 1124]
[0, 978, 970, 963, 958, 953, 948, 946, 944, 941, 937, 933, 931, 929, 927, 925, 923, 923, 922, 921, 920, 921, 923, 922, 922, 923, 924, 927, 929, 929, 931, 933, 934, 937, 941, 944, 947, 951, 955, 960, 965, 971, 978, 985, 993, 999, 1005, 1013, 1021, 1030, 1039, 1048, 1058, 1068, 1079, 1089, 1102, 1116, 1129, 1145, 1160]
[0, 978, 969, 963, 958, 953, 948, 946, 944, 941, 937, 933, 931, 929, 927, 925, 924, 923, 922, 921, 920, 921, 922, 923, 923, 923, 923, 925, 927, 929, 931, 932, 934, 937, 940, 943, 947, 950, 954, 959, 965, 968, 975, 985, 991, 997, 1004, 1010, 1018, 1026, 1036, 1045, 1054, 1066, 1076, 1087, 1100, 1126, 1129, 1140, 1170]
[0, 1002, 997, 991, 985, 977, 972, 969, 965, 962, 959, 955, 953, 953, 950, 948, 947, 946, 946, 946, 947, 946, 922, 922, 922, 922, 923, 926, 928, 929, 931, 933, 935, 937, 940, 943, 947, 950, 954, 959, 964, 968, 975, 984, 991, 997, 1003, 1010, 1018, 1026, 1036, 1044, 1053, 1065, 1086, 1099, 1113, 1125, 1140, 1155, 1168]
[0, 1003, 998, 993, 987, 981, 975, 970, 966, 964, 960, 956, 953, 952, 951, 949, 947, 946, 946, 947, 947, 946, 946, 948, 948, 948, 949, 949, 951, 953, 954, 955, 958, 963, 966, 969, 975, 981, 986, 990, 994, 1000, 1007, 1013, 1020, 1026, 1033, 1040, 1049, 1058, 1068, 1077, 1086, 1097, 1109, 1122, 1137, 1150, 1161, 1177, 1190]
[0, 1064, 1058, 1053, 1045, 1038, 1034, 1029, 1025, 1020, 1016, 1014, 1012, 1010, 1007, 1005, 1004, 1003, 1003, 1003, 1002, 1002, 1002, 946, 948, 949, 950, 950, 951, 952, 953, 956, 958, 961, 966, 969, 974, 980, 985, 990, 994, 999, 1004, 1010, 1017, 1024, 1032, 1038, 1046, 1056, 1066, 1075, 1084, 1093, 1118, 1132, 1146, 1160, 1172, 1186, 1200]
[0, 1063, 1056, 1050, 1043, 1039, 1034, 1029, 1024, 1021, 1017, 1014, 1012, 1010, 1007, 1004, 1004, 1004, 1004, 1004, 1003, 1002, 1002, 1004, 1004, 1004, 1005, 1007, 1008, 1012, 953, 1013, 1017, 1025, 1029, 1032, 1038, 1041, 1045, 1052, 1059, 1065, 1072, 1079, 1085, 1093, 1100, 1109, 1118, 1129, 1141, 1151, 1162, 1174, 1187, 1198, 1146, 1218, 1240, 1254, 1271]
[0, 1090, 1084, 1078, 1074, 1067, 1061, 1057, 1053, 1048, 1044, 1042, 1040, 1037, 1036, 1034, 1032, 1032, 1033, 1033, 1033, 1033, 1002, 1004, 1004, 1004, 1005, 1007, 1008, 1010, 1012, 1013, 1021, 1025, 1028, 1032, 1038, 1041, 1045, 1052, 1059, 1065, 1072, 1078, 1085, 1093, 1100, 1110, 1118, 1129, 1141, 1151, 1162, 1174, 1186, 1198, 1211, 1226, 1240, 1254, 1271]
[0, 1089, 1081, 1074, 1070, 1065, 1059, 1054, 1050, 1047, 1044, 1041, 1039, 1037, 1035, 1033, 1033, 1033, 1032, 1031, 1032, 1033, 1032, 1034, 1035, 1035, 1037, 1037, 1038, 1041, 1042, 1045, 1050, 1055, 1058, 1061, 1065, 1071, 1076, 1082, 1087, 1092, 1101, 1109, 1116, 1124, 1131, 1141, 1152, 1162, 1170, 1182, 1194, 1205, 1217, 1230, 1257, 1273, 1291, 1254, 1271]
[0, 1109, 1100, 1093, 1088, 1082, 1077, 1072, 1068, 1065, 1061, 1058, 1056, 1053, 1051, 1050, 1049, 1048, 1049, 1049, 1048, 1047, 1033, 1034, 1033, 1034, 1036, 1037, 1039, 1041, 1043, 1046, 1051, 1055, 1059, 1063, 1068, 1073, 1078, 1082, 1087, 1094, 1102, 1111, 1119, 1126, 1135, 1145, 1155, 1164, 1173, 1185, 1197, 1208, 1222, 1235, 1247, 1261, 1276, 1294, 1271]
[0, 1106, 1100, 1093, 1087, 1083, 1078, 1072, 1067, 1064, 1061, 1059, 1056, 1054, 1052, 1050, 1049, 1049, 1050, 1048, 1048, 1050, 1048, 1049, 1050, 1053, 1055, 1055, 1056, 1058, 1060, 1063, 1067, 1071, 1074, 1077, 1081, 1085, 1091, 1097, 1102, 1110, 1117, 1126, 1134, 1142, 1151, 1161, 1176, 1187, 1199, 1210, 1223, 1237, 1250, 1262, 1275, 1292, 1276, 1294, 0]
[0, 1128, 1122, 1116, 1109, 1103, 1097, 1091, 1087, 1084, 1082, 1080, 1076, 1073, 1072, 1072, 1073, 1074, 1073, 1072, 1071, 1072, 1050, 1051, 1052, 1053, 1055, 1056, 1057, 1059, 1061, 1064, 1066, 1069, 1075, 1079, 1083, 1087, 1091, 1097, 1104, 1111, 1120, 1128, 1135, 1144, 1152, 1160, 1169, 1179, 1190, 1201, 1214, 1227, 1240, 1252, 1278, 1296, 1276, 1294, 0]
[0, 1145, 1138, 1130, 1123, 1117, 1111, 1105, 1100, 1096, 1093, 1089, 1087, 1085, 1084, 1084, 1083, 1083, 1083, 1082, 1081, 1081, 1074, 1074, 1075, 1076, 1077, 1078, 1081, 1085, 1089, 1092, 1095, 1098, 1102, 1107, 1114, 1119, 1124, 1131, 1137, 1153, 1161, 1169, 1176, 1184, 1192, 1204, 1216, 1227, 1241, 1254, 1267, 1281, 1296, 1252, 1322, 1346, 1360, 1376, 1395]
[0, 1173, 1167, 1161, 1155, 1150, 1143, 1136, 1133, 1131, 1128, 1125, 1123, 1120, 1119, 1117, 1117, 1117, 1117, 1117, 1116, 1117, 1081, 1083, 1084, 1085, 1087, 1088, 1090, 1093, 1096, 1098, 1102, 1106, 1109, 1113, 1120, 1126, 1132, 1137, 1142, 1150, 1158, 1165, 1170, 1177, 1185, 1205, 1218, 1230, 1242, 1255, 1268, 1282, 1294, 1252, 1320, 1345, 1360, 1376, 1395]
[0, 1179, 1170, 1162, 1157, 1153, 1147, 1141, 1136, 1134, 1129, 1125, 1123, 1120, 1119, 1118, 1118, 1118, 1115, 1115, 1116, 1116, 1117, 1120, 1123, 1126, 1127, 1128, 1130, 1133, 1136, 1138, 1140, 1142, 1148, 1155, 1159, 1164, 1170, 1176, 1182, 1189, 1196, 1205, 1215, 1223, 1233, 1243, 1255, 1267, 1278, 1290, 1303, 1320, 1335, 1349, 1366, 1384, 1403, 1425, 1395]
[0, 1196, 1189, 1184, 1177, 1170, 1165, 1162, 1158, 1153, 1149, 1145, 1142, 1139, 1138, 1137, 1137, 1136, 1135, 1134, 1135, 1136, 1116, 1119, 1122, 1124, 1126, 1127, 1129, 1131, 1133, 1135, 1138, 1143, 1147, 1150, 1157, 1162, 1167, 1173, 1179, 1185, 1193, 1210, 1218, 1223, 1229, 1250, 1263, 1275, 1285, 1302, 1318, 1329, 1343, 1359, 1376, 1392, 1412, 1431, 1395]
[0, 1213, 1207, 1201, 1195, 1189, 1182, 1177, 1174, 1171, 1167, 1164, 1163, 1161, 1160, 1158, 1157, 1157, 1159, 1159, 1159, 1159, 1137, 1137, 1139, 1140, 1142, 1143, 1146, 1149, 1153, 1155, 1157, 1160, 1164, 1169, 1173, 1180, 1187, 1193, 1212, 1185, 1227, 1235, 1240, 1253, 1267, 1276, 1285, 1296, 1310, 1322, 1337, 1352, 1368, 1383, 1397, 1417, 1412, 1446, 1474]
[0, 1209, 1202, 1201, 1190, 1189, 1179, 1176, 1172, 1168, 1165, 1164, 1161, 1160, 1160, 1158, 1157, 1158, 1158, 1159, 1159, 1158, 1159, 1160, 1161, 1164, 1165, 1165, 1168, 1170, 1172, 1176, 1177, 1178, 1185, 1189, 1194, 1204, 1216, 1232, 1237, 1244, 1257, 1262, 1264, 1272, 1281, 1291, 1308, 1321, 1330, 1344, 1356, 1369, 1382, 1396, 1413, 1437, 1459, 1479, 1494]
[0, 1230, 1219, 1211, 1206, 1200, 1196, 1192, 1187, 1181, 1178, 1175, 1174, 1173, 1172, 1171, 1170, 1170, 1170, 1170, 1171, 1171, 1161, 1162, 1164, 1164, 1165, 1166, 1167, 1170, 1174, 1176, 1178, 1181, 1188, 1196, 1205, 1215, 1223, 1230, 1240, 1251, 1255, 1263, 1270, 1276, 1286, 1299, 1311, 1325, 1339, 1351, 1361, 1374, 1391, 1406, 1423, 1446, 1468, 1485, 1500]
[0, 1230, 1222, 1216, 1208, 1201, 1196, 1193, 1188, 1183, 1182, 1179, 1175, 1173, 1172, 1171, 1172, 1171, 1170, 1170, 1171, 1172, 1173, 1173, 1173, 1175, 1176, 1178, 1181, 1184, 1186, 1190, 1191, 1195, 1206, 1213, 1217, 1225, 1236, 1246, 1250, 1253, 1259, 1270, 1280, 1288, 1296, 1309, 1324, 1338, 1348, 1356, 1371, 1385, 1398, 1415, 1435, 1454, 1471, 1488, 1500]
[0, 1230, 1222, 1214, 1206, 1201, 1196, 1192, 1187, 1182, 1180, 1177, 1174, 1173, 1172, 1171, 1170, 1170, 1170, 1170, 1171, 1171, 1173, 1175, 1176, 1176, 1177, 1179, 1183, 1188, 1189, 1193, 1194, 1196, 1206, 1214, 1218, 1228, 1239, 1248, 1253, 1255, 1261, 1272, 1279, 1290, 1299, 1310, 1323, 1337, 1350, 1358, 1369, 1384, 1398, 1414, 1435, 1444, 1472, 1505, 1500]
[0, 1268, 1260, 1254, 1247, 1241, 1236, 1232, 1228, 1226, 1222, 1218, 1215, 1211, 1209, 1209, 1212, 1214, 1215, 1218, 1223, 1216, 1172, 1174, 1174, 1175, 1176, 1178, 1182, 1184, 1186, 1191, 1192, 1196, 1207, 1213, 1217, 1225, 1236, 1246, 1250, 1253, 1262, 1274, 1280, 1288, 1297, 1310, 1324, 1338, 1348, 1357, 1371, 1385, 1398, 1415, 1435, 1454, 1473, 1489, 1498]
[0, 1293, 1284, 1278, 1270, 1265, 1260, 1255, 1251, 1247, 1245, 1241, 1236, 1235, 1237, 1238, 1240, 1245, 1243, 1239, 1238, 1238, 1216, 1226, 1224, 1223, 1229, 1231, 1233, 1239, 1241, 1244, 1247, 1253, 1207, 1261, 1272, 1225, 1283, 1288, 1297, 1308, 1316, 1327, 1337, 1346, 1354, 1360, 1366, 1376, 1386, 1396, 1405, 1415, 1427, 1442, 1457, 1471, 1484, 1499, 1511]
[0, 1293, 1343, 1278, 1270, 1323, 1260, 1320, 1314, 1310, 1306, 1305, 1302, 1297, 1237, 1294, 1296, 1245, 1296, 1294, 1296, 1300, 1239, 1240, 1241, 1245, 1252, 1258, 1260, 1259, 1259, 1260, 1264, 1270, 1276, 1280, 1285, 1291, 1299, 1308, 1317, 1325, 1330, 1334, 1339, 1347, 1353, 1357, 1367, 1376, 1384, 1393, 1404, 1416, 1427, 1440, 1451, 1464, 1480, 1494, 1506]
[0, 1366, 1358, 1351, 1344, 1323, 1260, 1331, 1320, 1315, 1312, 1310, 1306, 1304, 1301, 1300, 1300, 1296, 1299, 1303, 1302, 1298, 1300, 1297, 1295, 1293, 1289, 1290, 1293, 1292, 1259, 1291, 1294, 1295, 1295, 1297, 1285, 1302, 1306, 1310, 1313, 1317, 1323, 1330, 1338, 1344, 1349, 1357, 1366, 1375, 1382, 1392, 1404, 1414, 1423, 1435, 1450, 1463, 1479, 1494, 1507]
[0, 1412, 1399, 1393, 1390, 1385, 1380, 1374, 1370, 1366, 1361, 1354, 1350, 1347, 1339, 1331, 1323, 1316, 1313, 1308, 1303, 1299, 1295, 1295, 1297, 1296, 1290, 1288, 1289, 1289, 1289, 1290, 1292, 1292, 1295, 1298, 1298, 1300, 1303, 1307, 1311, 1316, 1320, 1326, 1334, 1341, 1346, 1355, 1364, 1370, 1380, 1388, 1396, 1408, 1418, 1430, 1444, 1458, 1473, 1488, 1500]
[0, 1412, 1410, 1392, 1388, 1384, 1377, 1370, 1370, 1367, 1361, 1353, 1350, 1347, 1334, 1331, 1327, 1315, 1313, 1312, 1306, 1300, 1297, 1295, 1293, 1292, 1290, 1288, 1288, 1288, 1289, 1290, 1292, 1292, 1294, 1297, 1298, 1300, 1302, 1306, 1311, 1315, 1319, 1326, 1334, 1340, 1346, 1355, 1363, 1369, 1379, 1388, 1396, 1406, 1417, 1426, 1438, 1452, 1469, 1487, 1500]
[0, 1412, 1448, 1425, 1416, 1408, 1401, 1396, 1388, 1373, 1364, 1356, 1348, 1344, 1338, 1331, 1323, 1317, 1314, 1310, 1308, 1301, 1297, 1295, 1292, 1290, 1290, 1287, 1287, 1287, 1287, 1291, 1294, 1295, 1295, 1294, 1297, 1302, 1304, 1308, 1313, 1316, 1321, 1327, 1337, 1342, 1348, 1357, 1366, 1375, 1381, 1389, 1399, 1410, 1420, 1434, 1450, 1463, 1479, 1494, 1505]
[0, 1412, 1454, 1430, 1419, 1410, 1404, 1399, 1390, 1379, 1370, 1362, 1353, 1345, 1339, 1332, 1325, 1320, 1314, 1310, 1307, 1303, 1296, 1295, 1293, 1291, 1289, 1287, 1287, 1287, 1287, 1288, 1289, 1291, 1291, 1293, 1298, 1300, 1303, 1307, 1310, 1314, 1319, 1326, 1333, 1339, 1347, 1352, 1358, 1368, 1377, 1386, 1394, 1404, 1414, 1424, 1438, 1451, 1465, 1484, 1498]
[0, 1467, 1453, 1439, 1427, 1413, 1401, 1395, 1387, 1373, 1364, 1357, 1349, 1344, 1338, 1331, 1322, 1316, 1313, 1309, 1305, 1300, 1298, 1296, 1293, 1293, 1292, 1288, 1287, 1286, 1286, 1286, 1287, 1288, 1290, 1294, 1295, 1297, 1302, 1305, 1309, 1314, 1319, 1323, 1329, 1335, 1342, 1349, 1356, 1366, 1382, 1386, 1391, 1412, 1414, 1422, 1448, 1463, 1480, 1494, 1507]
[0, 1475, 1459, 1441, 1428, 1416, 1406, 1397, 1387, 1378, 1366, 1358, 1352, 1345, 1339, 1331, 1324, 1319, 1314, 1311, 1305, 1300, 1294, 1293, 1293, 1289, 1286, 1286, 1285, 1285, 1285, 1286, 1289, 1290, 1291, 1293, 1297, 1300, 1303, 1306, 1309, 1313, 1318, 1323, 1330, 1338, 1346, 1352, 1358, 1367, 1376, 1385, 1394, 1404, 1413, 1424, 1438, 1451, 1465, 1483, 1497]
[0, 1474, 1458, 1442, 1428, 1416, 1406, 1396, 1387, 1378, 1366, 1358, 1352, 1345, 1338, 1331, 1324, 1319, 1314, 1310, 1305, 1300, 1297, 1295, 1294, 1290, 1288, 1287, 1287, 1286, 1285, 1285, 1286, 1288, 1290, 1294, 1298, 1300, 1301, 1305, 1309, 1311, 1316, 1322, 1328, 1335, 1340, 1347, 1356, 1365, 1373, 1381, 1390, 1400, 1411, 1422, 1448, 1462, 1479, 1494, 1506]
[0, 1471, 1454, 1440, 1427, 1416, 1404, 1394, 1384, 1374, 1366, 1358, 1350, 1343, 1337, 1327, 1320, 1315, 1311, 1308, 1302, 1298, 1297, 1292, 1290, 1290, 1288, 1287, 1286, 1285, 1285, 1285, 1287, 1289, 1290, 1293, 1297, 1299, 1300, 1304, 1308, 1311, 1313, 1319, 1327, 1334, 1339, 1345, 1355, 1375, 1373, 1392, 1390, 1412, 1422, 1434, 1448, 1461, 1478, 1493, 1503]
[0, 1463, 1449, 1433, 1420, 1412, 1399, 1390, 1380, 1370, 1362, 1355, 1347, 1342, 1334, 1325, 1320, 1316, 1312, 1306, 1301, 1298, 1296, 1293, 1291, 1289, 1287, 1286, 1286, 1285, 1284, 1285, 1285, 1286, 1287, 1288, 1290, 1295, 1299, 1303, 1306, 1309, 1313, 1319, 1325, 1332, 1339, 1346, 1355, 1364, 1372, 1381, 1390, 1399, 1410, 1420, 1428, 1444, 1461, 1476, 1506]
[0, 1468, 1454, 1440, 1427, 1415, 1404, 1394, 1384, 1374, 1366, 1358, 1350, 1343, 1336, 1326, 1320, 1317, 1313, 1307, 1301, 1300, 1296, 1294, 1289, 1285, 1286, 1286, 1283, 1281, 1284, 1288, 1290, 1290, 1290, 1291, 1295, 1299, 1302, 1305, 1309, 1313, 1318, 1321, 1326, 1332, 1339, 1348, 1357, 1366, 1375, 1384, 1393, 1403, 1412, 1423, 1438, 1451, 1465, 1482, 1495]
[0, 1462, 1449, 1433, 1420, 1411, 1399, 1390, 1380, 1370, 1362, 1355, 1347, 1342, 1334, 1325, 1319, 1316, 1312, 1307, 1303, 1299, 1297, 1295, 1293, 1290, 1287, 1286, 1286, 1284, 1284, 1285, 1286, 1288, 1290, 1292, 1293, 1294, 1298, 1304, 1308, 1310, 1313, 1318, 1326, 1333, 1345, 1348, 1354, 1361, 1377, 1385, 1397, 1408, 1419, 1430, 1444, 1456, 1472, 1491, 1503]
[0, 1466, 1452, 1436, 1423, 1412, 1401, 1393, 1382, 1370, 1363, 1358, 1350, 1341, 1335, 1329, 1321, 1314, 1310, 1307, 1303, 1299, 1295, 1293, 1292, 1288, 1286, 1285, 1284, 1285, 1285, 1285, 1286, 1288, 1289, 1291, 1293, 1296, 1300, 1303, 1306, 1310, 1317, 1321, 1326, 1332, 1339, 1347, 1352, 1361, 1373, 1382, 1391, 1400, 1410, 1420, 1432, 1447, 1464, 1478, 1492]
[0, 1465, 1449, 1433, 1422, 1411, 1400, 1392, 1382, 1370, 1363, 1357, 1349, 1341, 1335, 1328, 1320, 1314, 1310, 1307, 1303, 1299, 1294, 1291, 1287, 1286, 1287, 1286, 1285, 1284, 1284, 1285, 1285, 1286, 1288, 1289, 1290, 1294, 1298, 1302, 1307, 1310, 1314, 1319, 1324, 1332, 1339, 1346, 1354, 1362, 1370, 1378, 1387, 1410, 1421, 1430, 1444, 1460, 1476, 1491, 1503]
[0, 1467, 1453, 1439, 1426, 1414, 1403, 1393, 1384, 1374, 1365, 1355, 1347, 1341, 1334, 1327, 1320, 1315, 1311, 1307, 1301, 1298, 1295, 1291, 1287, 1286, 1286, 1282, 1282, 1284, 1283, 1284, 1285, 1286, 1288, 1289, 1290, 1294, 1297, 1301, 1305, 1308, 1313, 1318, 1323, 1331, 1339, 1345, 1353, 1361, 1369, 1378, 1387, 1399, 1409, 1429, 1444, 1459, 1475, 1490, 1503]
[0, 1466, 1452, 1439, 1425, 1414, 1402, 1393, 1383, 1373, 1365, 1355, 1348, 1340, 1334, 1328, 1320, 1315, 1311, 1306, 1301, 1297, 1295, 1292, 1290, 1289, 1286, 1285, 1284, 1284, 1284, 1284, 1286, 1287, 1288, 1290, 1291, 1294, 1298, 1302, 1303, 1306, 1312, 1317, 1325, 1332, 1338, 1344, 1353, 1361, 1368, 1377, 1385, 1406, 1416, 1429, 1442, 1458, 1475, 1490, 1502]
[0, 1462, 1446, 1433, 1422, 1410, 1399, 1389, 1379, 1370, 1362, 1353, 1346, 1341, 1334, 1326, 1319, 1315, 1311, 1305, 1301, 1298, 1295, 1292, 1289, 1288, 1286, 1284, 1285, 1284, 1283, 1284, 1285, 1286, 1287, 1289, 1290, 1294, 1298, 1302, 1303, 1306, 1312, 1316, 1324, 1332, 1339, 1345, 1353, 1360, 1369, 1378, 1397, 1406, 1416, 1429, 1442, 1458, 1474, 1490, 1502]
[0, 1462, 1448, 1433, 1419, 1410, 1399, 1389, 1379, 1370, 1361, 1353, 1346, 1337, 1329, 1324, 1319, 1315, 1310, 1305, 1300, 1297, 1294, 1292, 1288, 1285, 1285, 1284, 1283, 1281, 1281, 1282, 1283, 1284, 1286, 1290, 1292, 1295, 1298, 1299, 1304, 1311, 1315, 1320, 1329, 1340, 1349, 1356, 1365, 1376, 1386, 1398, 1410, 1419, 1430, 1442, 1453, 1464, 1476, 1530, 1502]
[0, 1466, 1452, 1439, 1425, 1413, 1402, 1392, 1383, 1373, 1365, 1354, 1347, 1340, 1333, 1326, 1318, 1314, 1312, 1306, 1300, 1298, 1295, 1292, 1288, 1285, 1285, 1284, 1282, 1280, 1282, 1283, 1282, 1283, 1287, 1291, 1293, 1296, 1301, 1308, 1316, 1321, 1327, 1332, 1337, 1343, 1351, 1358, 1368, 1380, 1388, 1399, 1414, 1423, 1429, 1441, 1452, 1464, 1476, 1494, 1522]
[0, 1458, 1447, 1432, 1419, 1409, 1398, 1388, 1378, 1369, 1361, 1353, 1346, 1337, 1329, 1323, 1318, 1314, 1309, 1304, 1300, 1297, 1297, 1294, 1292, 1289, 1286, 1285, 1286, 1288, 1290, 1291, 1292, 1296, 1297, 1305, 1307, 1296, 1311, 1318, 1321, 1321, 1327, 1334, 1345, 1351, 1356, 1364, 1377, 1386, 1392, 1403, 1414, 1424, 1437, 1445, 1456, 1469, 1483, 1503, 1510]
[0, 1465, 1451, 1438, 1424, 1412, 1401, 1392, 1382, 1373, 1364, 1354, 1346, 1340, 1330, 1323, 1319, 1314, 1310, 1306, 1301, 1297, 1294, 1292, 1288, 1285, 1285, 1284, 1286, 1288, 1287, 1290, 1297, 1300, 1301, 1303, 1304, 1307, 1311, 1313, 1315, 1321, 1327, 1331, 1337, 1345, 1352, 1359, 1370, 1380, 1388, 1398, 1413, 1423, 1429, 1440, 1451, 1465, 1478, 1493, 1526]
[0, 1455, 1443, 1431, 1418, 1406, 1395, 1386, 1376, 1368, 1360, 1356, 1354, 1349, 1341, 1336, 1334, 1327, 1321, 1317, 1314, 1311, 1294, 1291, 1288, 1288, 1286, 1285, 1285, 1288, 1290, 1293, 1297, 1300, 1300, 1302, 1305, 1307, 1310, 1312, 1314, 1319, 1325, 1329, 1334, 1344, 1353, 1359, 1364, 1387, 1396, 1407, 1418, 1429, 1441, 1452, 1463, 1476, 1491, 1492, 1497]
[0, 1466, 1452, 1439, 1426, 1413, 1400, 1389, 1381, 1376, 1367, 1359, 1355, 1351, 1347, 1341, 1335, 1332, 1319, 1317, 1313, 1311, 1307, 1304, 1303, 1298, 1296, 1297, 1296, 1298, 1297, 1296, 1299, 1299, 1300, 1304, 1305, 1307, 1311, 1313, 1316, 1322, 1325, 1330, 1338, 1343, 1350, 1357, 1364, 1376, 1388, 1398, 1408, 1417, 1428, 1440, 1452, 1463, 1477, 1490, 1509]
[0, 1462, 1446, 1433, 1421, 1410, 1402, 1396, 1389, 1381, 1378, 1374, 1362, 1354, 1349, 1339, 1331, 1327, 1322, 1318, 1314, 1310, 1308, 1305, 1302, 1299, 1296, 1294, 1294, 1296, 1298, 1298, 1303, 1304, 1301, 1304, 1309, 1310, 1310, 1315, 1316, 1317, 1325, 1333, 1340, 1349, 1354, 1361, 1369, 1380, 1391, 1398, 1409, 1419, 1429, 1443, 1454, 1466, 1481, 1496, 1506]
[0, 1454, 1441, 1429, 1421, 1406, 1397, 1390, 1384, 1382, 1375, 1360, 1353, 1350, 1343, 1337, 1331, 1326, 1321, 1317, 1312, 1309, 1307, 1307, 1305, 1301, 1300, 1301, 1299, 1299, 1298, 1296, 1297, 1299, 1300, 1302, 1305, 1307, 1310, 1312, 1314, 1319, 1325, 1329, 1334, 1343, 1356, 1362, 1372, 1384, 1395, 1404, 1413, 1423, 1435, 1447, 1459, 1472, 1487, 1501, 1507]
[0, 1463, 1453, 1441, 1433, 1429, 1417, 1403, 1396, 1390, 1377, 1362, 1355, 1350, 1343, 1338, 1332, 1326, 1321, 1317, 1315, 1312, 1307, 1304, 1303, 1300, 1298, 1296, 1296, 1297, 1297, 1298, 1304, 1305, 1299, 1302, 1305, 1307, 1310, 1315, 1319, 1323, 1328, 1333, 1340, 1348, 1354, 1360, 1369, 1380, 1391, 1398, 1410, 1420, 1429, 1443, 1454, 1466, 1480, 1496, 1506]
[0, 1474, 1460, 1447, 1436, 1433, 1429, 1404, 1396, 1397, 1374, 1362, 1355, 1351, 1342, 1335, 1332, 1331, 1326, 1316, 1312, 1312, 1307, 1304, 1302, 1298, 1297, 1297, 1297, 1298, 1297, 1296, 1299, 1300, 1301, 1304, 1305, 1307, 1311, 1314, 1316, 1321, 1325, 1330, 1337, 1345, 1352, 1358, 1365, 1375, 1388, 1398, 1411, 1421, 1429, 1443, 1455, 1465, 1478, 1493, 1522]
[0, 1472, 1458, 1448, 1437, 1428, 1416, 1403, 1396, 1389, 1378, 1368, 1359, 1350, 1342, 1336, 1333, 1327, 1321, 1317, 1315, 1311, 1308, 1305, 1302, 1299, 1297, 1295, 1295, 1295, 1297, 1298, 1298, 1300, 1301, 1304, 1305, 1307, 1310, 1314, 1316, 1320, 1327, 1332, 1339, 1346, 1352, 1359, 1369, 1380, 1390, 1398, 1411, 1422, 1430, 1443, 1456, 1468, 1480, 1496, 1505]
[0, 1480, 1466, 1453, 1435, 1425, 1419, 1406, 1395, 1386, 1378, 1368, 1359, 1351, 1345, 1338, 1332, 1329, 1324, 1317, 1314, 1310, 1306, 1304, 1302, 1298, 1296, 1296, 1296, 1298, 1297, 1297, 1299, 1299, 1300, 1303, 1305, 1306, 1310, 1313, 1316, 1320, 1325, 1330, 1336, 1345, 1352, 1358, 1367, 1378, 1388, 1398, 1407, 1417, 1429, 1440, 1451, 1464, 1477, 1492, 1514]
[0, 1481, 1469, 1457, 1442, 1431, 1421, 1410, 1400, 1391, 1381, 1368, 1360, 1355, 1349, 1343, 1335, 1327, 1321, 1318, 1314, 1310, 1307, 1303, 1301, 1300, 1299, 1297, 1299, 1299, 1296, 1298, 1299, 1300, 1300, 1302, 1303, 1306, 1311, 1313, 1318, 1323, 1325, 1329, 1336, 1343, 1349, 1356, 1365, 1377, 1387, 1397, 1408, 1418, 1429, 1441, 1452, 1463, 1490, 1504, 1511]
[0, 1486, 1470, 1456, 1444, 1436, 1427, 1415, 1402, 1393, 1385, 1372, 1364, 1359, 1353, 1344, 1335, 1329, 1324, 1320, 1316, 1313, 1307, 1306, 1304, 1301, 1300, 1298, 1293, 1295, 1298, 1296, 1297, 1299, 1300, 1301, 1305, 1307, 1305, 1307, 1314, 1318, 1324, 1329, 1331, 1338, 1349, 1358, 1365, 1386, 1394, 1403, 1414, 1425, 1435, 1447, 1458, 1472, 1486, 1501, 1507]
