[0, 0, 0, 0, 0, 0, 0, 0, 0, 0, 0, 0, 0, 0, 0, 0, 0, 0, 0, 0, 0, 0, 0, 0, 0, 0, 0, 0, 0, 0, 0, 0, 0, 0, 0, 0, 0, 0, 0, 0, 0, 0, 0, 0, 0, 0, 0, 0, 0, 0, 0, 0, 0, 0, 0, 0, 0, 0, 0, 0, 0]
[0, 525, 525, 522, 518, 514, 511, 508, 505, 500, 499, 495, 495, 492, 0, 433, 427, 424, 423, 424, 425, 430, 437, 440, 0, 403, 0, 0, 0, 477, 477, 478, 479, 479, 480, 481, 482, 483, 485, 486, 488, 493, 494, 495, 497, 500, 503, 506, 513, 515, 521, 523, 530, 534, 539, 542, 550, 555, 560, 566, 573]
[0, 529, 524, 521, 517, 513, 510, 507, 504, 501, 498, 497, 495, 0, 440, 431, 426, 424, 423, 424, 427, 432, 437, 440, 0, 404, 475, 0, 0, 477, 477, 478, 479, 479, 480, 481, 483, 485, 485, 488, 490, 493, 492, 498, 500, 503, 506, 509, 512, 516, 520, 524, 529, 534, 539, 543, 548, 554, 559, 564, 571]
[0, 527, 523, 519, 515, 512, 509, 507, 504, 500, 498, 496, 494, 0, 440, 437, 429, 425, 423, 423, 428, 432, 437, 440, 0, 0, 0, 0, 477, 478, 478, 478, 479, 480, 481, 481, 482, 484, 485, 487, 489, 491, 494, 496, 498, 500, 503, 507, 510, 518, 520, 522, 530, 535, 540, 545, 550, 555, 560, 566, 573]
[0, 530, 526, 521, 514, 512, 511, 508, 505, 502, 500, 497, 495, 0, 0, 433, 427, 424, 423, 424, 426, 430, 437, 441, 0, 401, 0, 0, 477, 477, 478, 478, 479, 480, 481, 481, 482, 484, 485, 487, 489, 492, 493, 496, 499, 501, 504, 508, 511, 515, 519, 523, 527, 531, 536, 541, 546, 551, 562, 566, 576]
[0, 529, 525, 521, 517, 513, 510, 507, 504, 501, 499, 497, 495, 0, 441, 431, 426, 424, 423, 424, 427, 431, 437, 441, 0, 401, 0, 0, 0, 477, 478, 478, 479, 479, 480, 481, 482, 484, 485, 486, 488, 490, 493, 496, 501, 501, 506, 508, 513, 516, 520, 525, 530, 534, 539, 544, 549, 554, 559, 565, 572]
[0, 526, 522, 519, 515, 512, 508, 506, 505, 502, 499, 499, 494, 0, 0, 434, 428, 425, 423, 424, 426, 429, 437, 441, 0, 401, 0, 0, 477, 478, 478, 478, 478, 480, 481, 481, 482, 484, 485, 487, 488, 491, 494, 496, 498, 501, 503, 506, 510, 518, 522, 525, 530, 535, 539, 544, 550, 555, 560, 566, 573]
[0, 531, 527, 523, 519, 515, 512, 509, 506, 504, 502, 499, 497, 0, 438, 434, 426, 423, 423, 424, 427, 429, 442, 441, 0, 403, 0, 0, 0, 477, 0, 480, 480, 481, 482, 481, 484, 485, 488, 489, 491, 495, 496, 498, 501, 504, 507, 510, 513, 516, 519, 525, 530, 535, 539, 544, 551, 555, 558, 564, 572]
[0, 531, 529, 523, 525, 521, 518, 515, 513, 510, 505, 499, 503, 0, 439, 429, 425, 423, 423, 423, 426, 431, 442, 441, 0, 403, 0, 0, 0, 481, 481, 482, 482, 482, 483, 485, 486, 487, 488, 490, 493, 495, 497, 500, 502, 505, 508, 511, 513, 522, 526, 530, 530, 535, 544, 550, 555, 559, 564, 571, 577]
[0, 534, 530, 526, 523, 520, 516, 514, 511, 508, 505, 503, 505, 0, 0, 431, 426, 423, 422, 423, 425, 429, 437, 436, 0, 403, 0, 486, 485, 486, 486, 486, 487, 488, 490, 485, 491, 493, 497, 490, 501, 503, 505, 508, 511, 514, 508, 520, 524, 528, 533, 537, 542, 547, 551, 556, 562, 567, 573, 580, 587]
[0, 534, 530, 527, 523, 520, 516, 513, 510, 508, 505, 503, 503, 0, 0, 430, 425, 423, 422, 423, 425, 430, 437, 442, 0, 403, 0, 486, 486, 486, 486, 487, 488, 488, 490, 491, 492, 495, 497, 498, 500, 503, 505, 507, 510, 513, 516, 520, 523, 527, 531, 535, 540, 545, 550, 555, 559, 565, 571, 577, 584]
[0, 535, 530, 531, 524, 520, 518, 514, 510, 512, 510, 507, 504, 0, 439, 429, 424, 422, 422, 423, 425, 430, 437, 442, 0, 405, 484, 0, 0, 486, 486, 487, 488, 488, 489, 491, 493, 495, 496, 498, 500, 503, 506, 508, 510, 513, 516, 519, 523, 528, 531, 535, 541, 546, 551, 556, 561, 566, 572, 579, 586]
[0, 538, 534, 530, 526, 522, 519, 517, 514, 511, 509, 506, 504, 0, 434, 429, 424, 423, 422, 424, 425, 427, 437, 442, 0, 405, 0, 0, 486, 486, 0, 489, 489, 490, 492, 491, 494, 496, 499, 501, 503, 506, 508, 509, 511, 515, 519, 523, 527, 530, 534, 539, 544, 549, 554, 557, 561, 568, 574, 581, 587]
[0, 538, 531, 527, 524, 520, 519, 517, 512, 511, 507, 506, 504, 0, 439, 429, 424, 422, 422, 423, 425, 430, 437, 442, 0, 399, 0, 0, 0, 487, 488, 489, 490, 490, 492, 493, 494, 496, 498, 499, 502, 504, 506, 509, 511, 514, 517, 521, 524, 528, 532, 536, 546, 549, 557, 557, 566, 572, 578, 584, 590]
[0, 536, 532, 528, 525, 522, 518, 515, 513, 511, 508, 505, 504, 0, 441, 431, 426, 423, 422, 423, 425, 429, 436, 439, 0, 399, 487, 0, 487, 486, 487, 488, 489, 490, 492, 493, 495, 496, 496, 499, 502, 505, 508, 510, 511, 515, 519, 523, 526, 530, 535, 540, 544, 550, 554, 559, 565, 570, 575, 580, 587]
[0, 542, 533, 528, 530, 526, 520, 515, 518, 514, 511, 508, 504, 0, 436, 428, 424, 422, 422, 423, 426, 429, 436, 439, 0, 402, 0, 0, 0, 487, 489, 490, 490, 491, 492, 493, 495, 496, 498, 500, 501, 504, 507, 509, 512, 516, 518, 521, 526, 530, 534, 538, 543, 546, 550, 556, 562, 568, 574, 580, 586]
[0, 542, 538, 534, 529, 526, 523, 521, 518, 515, 512, 510, 508, 0, 433, 426, 423, 421, 422, 424, 427, 429, 436, 439, 0, 402, 0, 0, 0, 493, 0, 494, 490, 495, 496, 493, 498, 501, 498, 505, 508, 510, 507, 514, 517, 520, 524, 528, 531, 535, 540, 544, 549, 553, 559, 564, 569, 576, 582, 588, 594]
[0, 540, 536, 531, 528, 525, 522, 519, 516, 514, 511, 509, 510, 0, 433, 431, 425, 422, 422, 424, 424, 428, 436, 439, 0, 398, 0, 0, 492, 492, 492, 492, 493, 495, 495, 497, 498, 500, 502, 504, 506, 508, 512, 514, 517, 520, 524, 528, 532, 536, 540, 544, 549, 554, 559, 564, 569, 576, 582, 589, 595]
[0, 539, 535, 532, 528, 528, 525, 522, 518, 516, 513, 510, 508, 0, 435, 427, 423, 422, 422, 423, 426, 431, 440, 0, 0, 401, 0, 492, 492, 492, 493, 494, 494, 495, 496, 497, 498, 500, 502, 504, 506, 508, 511, 514, 517, 519, 522, 526, 530, 534, 538, 542, 547, 553, 557, 566, 569, 572, 585, 591, 597]
[0, 543, 539, 535, 532, 528, 524, 522, 518, 516, 513, 511, 510, 0, 435, 427, 423, 421, 422, 423, 427, 431, 440, 0, 0, 401, 0, 0, 493, 494, 494, 495, 496, 497, 497, 497, 498, 501, 503, 505, 508, 509, 510, 516, 520, 522, 524, 528, 533, 538, 542, 546, 551, 557, 561, 566, 572, 578, 584, 590, 596]
[0, 545, 541, 537, 533, 529, 525, 523, 521, 519, 516, 514, 512, 0, 432, 427, 426, 422, 421, 424, 427, 431, 440, 0, 0, 397, 0, 0, 493, 494, 495, 496, 497, 497, 497, 497, 499, 501, 505, 505, 510, 509, 513, 516, 520, 524, 524, 526, 534, 539, 543, 548, 552, 557, 562, 567, 572, 579, 585, 591, 597]
[0, 545, 541, 538, 534, 531, 525, 528, 522, 519, 519, 516, 514, 0, 435, 427, 424, 422, 422, 423, 425, 430, 0, 0, 0, 399, 0, 496, 496, 497, 497, 498, 499, 500, 501, 502, 503, 505, 507, 509, 511, 513, 516, 518, 521, 524, 527, 530, 534, 539, 543, 552, 557, 562, 567, 573, 579, 585, 591, 597, 604]
[0, 553, 549, 545, 541, 538, 534, 531, 529, 526, 523, 521, 519, 0, 432, 425, 421, 420, 420, 423, 425, 430, 0, 0, 0, 492, 0, 0, 0, 0, 500, 502, 502, 502, 501, 504, 507, 508, 510, 512, 514, 517, 520, 522, 525, 528, 532, 536, 540, 543, 547, 552, 557, 562, 567, 573, 579, 585, 591, 597, 603]
[0, 560, 556, 553, 549, 545, 543, 540, 537, 534, 531, 529, 519, 0, 436, 427, 422, 420, 419, 420, 422, 427, 434, 0, 0, 492, 0, 0, 504, 504, 504, 505, 507, 502, 508, 510, 507, 511, 515, 517, 520, 522, 524, 527, 531, 534, 537, 541, 544, 549, 554, 558, 562, 567, 573, 580, 585, 590, 598, 604, 608]
[0, 562, 558, 554, 550, 547, 544, 541, 538, 535, 533, 530, 529, 0, 428, 423, 420, 419, 419, 421, 425, 427, 434, 0, 0, 400, 0, 0, 513, 513, 513, 514, 515, 516, 518, 519, 520, 521, 524, 526, 528, 530, 533, 536, 539, 542, 545, 549, 553, 558, 561, 565, 576, 581, 587, 593, 598, 604, 610, 617, 623]
[0, 561, 558, 554, 550, 547, 544, 544, 541, 538, 535, 532, 529, 0, 432, 424, 421, 419, 419, 420, 423, 428, 437, 0, 0, 397, 0, 513, 0, 513, 513, 514, 515, 516, 517, 519, 520, 522, 525, 526, 528, 530, 533, 538, 541, 545, 548, 552, 556, 560, 564, 569, 575, 580, 586, 591, 597, 602, 609, 615, 621]
[0, 568, 564, 560, 556, 553, 551, 548, 545, 543, 540, 538, 529, 436, 432, 422, 421, 419, 419, 420, 424, 428, 437, 0, 0, 397, 0, 0, 515, 516, 517, 518, 518, 520, 521, 521, 523, 525, 527, 529, 532, 534, 536, 539, 542, 545, 548, 553, 557, 561, 565, 569, 575, 580, 586, 591, 603, 602, 615, 622, 629]
[0, 566, 562, 559, 555, 551, 549, 548, 543, 540, 537, 536, 529, 0, 431, 424, 420, 419, 418, 420, 423, 428, 436, 0, 0, 397, 0, 519, 0, 520, 520, 521, 522, 523, 524, 525, 526, 528, 530, 534, 532, 536, 542, 545, 548, 551, 555, 559, 563, 567, 572, 578, 582, 586, 592, 598, 604, 610, 616, 623, 630]
[0, 569, 565, 561, 558, 555, 551, 548, 546, 543, 541, 539, 529, 0, 0, 425, 422, 419, 419, 419, 422, 426, 433, 0, 0, 397, 0, 0, 520, 520, 521, 521, 522, 523, 524, 526, 528, 530, 532, 534, 536, 538, 542, 544, 547, 551, 554, 557, 560, 564, 569, 575, 580, 586, 591, 595, 608, 614, 616, 620, 634]
[0, 572, 567, 564, 560, 556, 553, 551, 548, 544, 541, 540, 540, 0, 0, 422, 422, 419, 418, 419, 424, 426, 433, 0, 0, 400, 0, 0, 522, 523, 524, 524, 525, 526, 527, 529, 529, 531, 533, 536, 539, 541, 543, 545, 549, 553, 556, 560, 564, 568, 571, 576, 588, 586, 597, 605, 611, 615, 621, 629, 636]
[0, 575, 571, 564, 566, 560, 553, 557, 552, 550, 547, 545, 540, 0, 428, 422, 418, 417, 418, 419, 422, 426, 433, 0, 0, 397, 0, 0, 523, 523, 524, 524, 525, 526, 527, 528, 531, 531, 533, 537, 540, 543, 546, 549, 552, 555, 558, 562, 565, 569, 574, 580, 585, 590, 594, 600, 607, 613, 620, 626, 633]
[0, 582, 577, 572, 568, 565, 562, 559, 556, 554, 551, 549, 0, 0, 434, 425, 420, 417, 416, 418, 420, 423, 433, 0, 0, 394, 0, 0, 531, 531, 532, 533, 534, 534, 536, 537, 539, 541, 543, 545, 548, 551, 553, 556, 559, 563, 566, 570, 575, 579, 584, 589, 594, 598, 603, 609, 616, 629, 620, 636, 651]
[0, 593, 589, 581, 568, 578, 573, 569, 566, 564, 561, 559, 559, 0, 434, 420, 417, 417, 416, 418, 422, 423, 433, 0, 0, 397, 0, 0, 532, 532, 533, 533, 534, 535, 536, 538, 540, 541, 543, 547, 550, 551, 555, 558, 562, 565, 567, 571, 577, 581, 586, 592, 596, 601, 606, 612, 618, 624, 632, 639, 646]
[0, 600, 596, 592, 589, 585, 581, 577, 574, 571, 569, 567, 559, 0, 430, 422, 418, 415, 414, 416, 418, 423, 430, 0, 392, 397, 0, 540, 542, 542, 543, 533, 545, 535, 547, 549, 551, 552, 555, 557, 559, 562, 565, 567, 571, 575, 579, 582, 587, 592, 597, 601, 606, 612, 616, 623, 630, 637, 644, 650, 657]
[0, 602, 598, 594, 590, 587, 583, 579, 576, 573, 570, 568, 0, 0, 424, 422, 419, 415, 415, 416, 421, 423, 430, 0, 0, 401, 0, 0, 551, 551, 552, 552, 554, 555, 557, 557, 558, 560, 562, 565, 566, 569, 572, 579, 571, 583, 587, 591, 600, 592, 608, 613, 619, 624, 630, 637, 644, 650, 657, 665, 673]
[0, 602, 603, 594, 597, 594, 583, 587, 576, 581, 570, 578, 0, 0, 424, 424, 415, 0, 414, 416, 420, 423, 430, 0, 0, 401, 0, 0, 551, 552, 553, 553, 554, 554, 556, 558, 560, 562, 564, 566, 568, 571, 575, 578, 582, 586, 589, 594, 598, 602, 607, 612, 617, 623, 629, 636, 644, 650, 656, 663, 670]
[0, 609, 605, 602, 598, 595, 591, 588, 586, 583, 580, 577, 0, 0, 428, 421, 417, 415, 414, 416, 418, 423, 430, 0, 0, 0, 0, 560, 561, 561, 561, 561, 563, 565, 566, 568, 569, 571, 573, 577, 579, 582, 585, 589, 592, 595, 599, 603, 608, 612, 616, 622, 627, 633, 639, 645, 651, 658, 665, 673, 681]
[0, 607, 603, 602, 600, 596, 593, 587, 586, 581, 580, 578, 0, 0, 431, 423, 418, 414, 414, 414, 420, 423, 430, 0, 0, 0, 0, 0, 560, 559, 560, 561, 562, 564, 564, 566, 568, 570, 573, 575, 577, 580, 584, 586, 590, 594, 597, 601, 605, 614, 619, 625, 627, 636, 643, 649, 655, 662, 670, 677, 685]
[0, 611, 607, 603, 599, 593, 593, 590, 584, 581, 581, 578, 0, 431, 431, 423, 417, 414, 414, 414, 417, 420, 430, 0, 0, 0, 0, 0, 560, 561, 561, 561, 563, 564, 566, 567, 569, 571, 573, 576, 579, 582, 585, 588, 592, 595, 599, 603, 607, 611, 616, 621, 627, 632, 639, 645, 651, 658, 665, 680, 685]
[0, 609, 605, 602, 598, 594, 591, 588, 586, 583, 580, 577, 0, 0, 428, 421, 417, 414, 414, 415, 418, 423, 430, 0, 397, 0, 558, 560, 560, 560, 0, 561, 563, 564, 566, 567, 569, 571, 573, 577, 579, 582, 585, 589, 592, 595, 599, 603, 607, 611, 616, 621, 627, 632, 639, 645, 651, 658, 665, 673, 680]
[0, 632, 627, 623, 619, 615, 611, 609, 606, 603, 600, 598, 0, 0, 427, 419, 415, 412, 411, 413, 416, 420, 427, 0, 397, 0, 0, 559, 560, 560, 560, 561, 562, 564, 564, 566, 568, 570, 573, 575, 577, 580, 584, 586, 590, 597, 599, 605, 607, 614, 619, 625, 630, 636, 643, 649, 655, 662, 670, 677, 685]
[0, 632, 628, 620, 616, 613, 610, 608, 604, 601, 600, 599, 0, 0, 427, 416, 415, 413, 412, 415, 419, 420, 425, 393, 397, 0, 0, 579, 580, 581, 582, 583, 584, 585, 586, 588, 591, 594, 573, 596, 598, 601, 607, 610, 613, 617, 621, 625, 630, 636, 642, 648, 653, 658, 663, 670, 678, 685, 692, 701, 710]
[0, 636, 632, 627, 623, 620, 616, 613, 610, 608, 605, 599, 0, 0, 421, 416, 416, 413, 412, 414, 418, 424, 425, 0, 400, 0, 580, 581, 581, 582, 583, 584, 585, 585, 587, 590, 592, 593, 595, 597, 600, 602, 605, 609, 613, 616, 620, 624, 629, 634, 640, 646, 651, 656, 663, 670, 676, 683, 692, 700, 707]
[0, 635, 631, 626, 623, 619, 616, 616, 612, 610, 607, 604, 0, 0, 430, 420, 415, 412, 412, 413, 415, 419, 425, 0, 397, 0, 587, 587, 586, 587, 588, 590, 590, 592, 593, 596, 597, 599, 601, 603, 607, 610, 612, 615, 619, 623, 627, 632, 637, 642, 647, 652, 658, 664, 669, 675, 682, 689, 697, 706, 714]
[0, 650, 646, 642, 638, 634, 630, 627, 624, 621, 618, 616, 0, 0, 422, 416, 412, 411, 411, 412, 416, 422, 0, 0, 397, 0, 0, 587, 0, 588, 589, 590, 591, 592, 594, 596, 597, 599, 602, 604, 606, 609, 613, 616, 619, 623, 628, 632, 638, 643, 648, 653, 659, 665, 672, 678, 685, 692, 700, 708, 715]
[0, 653, 649, 645, 642, 638, 634, 632, 629, 623, 620, 616, 0, 0, 421, 416, 412, 412, 411, 413, 416, 422, 0, 0, 398, 0, 599, 599, 600, 601, 602, 604, 605, 606, 607, 608, 610, 613, 615, 618, 621, 624, 628, 632, 635, 639, 644, 648, 652, 657, 662, 668, 674, 680, 688, 695, 702, 715, 724, 732, 741]
[0, 659, 649, 651, 647, 644, 634, 636, 633, 630, 620, 627, 0, 0, 419, 416, 414, 411, 411, 410, 413, 417, 0, 401, 398, 0, 601, 601, 601, 603, 606, 606, 606, 608, 609, 610, 611, 614, 616, 618, 621, 624, 628, 632, 636, 640, 644, 648, 652, 657, 662, 668, 674, 680, 695, 695, 702, 709, 724, 732, 741]
[0, 668, 663, 658, 654, 650, 647, 644, 641, 639, 635, 632, 0, 0, 423, 416, 411, 410, 410, 411, 414, 413, 405, 401, 398, 0, 608, 609, 609, 610, 611, 613, 613, 614, 615, 617, 619, 621, 624, 626, 629, 633, 636, 640, 644, 648, 652, 656, 661, 666, 672, 677, 683, 689, 696, 704, 711, 717, 725, 734, 751]
[0, 666, 662, 657, 653, 649, 647, 645, 641, 637, 634, 632, 0, 0, 420, 415, 411, 410, 410, 413, 414, 0, 405, 402, 398, 0, 613, 614, 615, 615, 616, 617, 618, 619, 620, 622, 624, 627, 629, 631, 634, 638, 641, 645, 649, 652, 655, 659, 664, 675, 681, 687, 694, 701, 707, 713, 721, 729, 738, 746, 756]
[0, 668, 662, 659, 655, 650, 647, 644, 642, 639, 635, 632, 0, 0, 423, 416, 412, 410, 410, 411, 412, 411, 405, 402, 398, 0, 614, 0, 614, 615, 616, 617, 618, 620, 621, 623, 625, 628, 630, 632, 635, 640, 643, 646, 649, 653, 658, 662, 667, 671, 677, 683, 690, 696, 703, 710, 716, 731, 740, 750, 759]
[0, 678, 674, 670, 666, 662, 659, 656, 652, 649, 647, 645, 0, 0, 422, 415, 411, 410, 410, 411, 413, 411, 405, 404, 398, 0, 614, 614, 614, 615, 616, 617, 618, 619, 620, 621, 624, 627, 628, 631, 634, 637, 641, 645, 648, 655, 658, 659, 669, 675, 681, 687, 694, 701, 708, 714, 720, 729, 737, 745, 755]
[0, 675, 671, 667, 664, 659, 656, 654, 651, 648, 646, 645, 0, 0, 425, 416, 412, 410, 409, 410, 413, 411, 408, 404, 0, 0, 625, 625, 0, 627, 628, 629, 631, 631, 633, 635, 637, 640, 642, 644, 650, 653, 656, 645, 663, 668, 672, 677, 682, 688, 694, 701, 707, 713, 719, 726, 734, 742, 751, 760, 769]
[0, 687, 683, 679, 676, 672, 669, 665, 662, 659, 656, 653, 0, 0, 422, 415, 411, 410, 409, 410, 410, 410, 409, 410, 0, 0, 625, 626, 627, 627, 629, 630, 631, 632, 634, 636, 638, 641, 643, 646, 649, 651, 655, 658, 662, 667, 671, 675, 681, 687, 692, 698, 705, 712, 717, 724, 732, 740, 749, 758, 766]
[0, 690, 685, 680, 677, 674, 669, 666, 663, 660, 658, 653, 0, 0, 425, 416, 411, 409, 409, 410, 410, 410, 409, 410, 0, 0, 636, 637, 0, 639, 640, 641, 643, 644, 646, 648, 649, 651, 656, 646, 663, 651, 669, 673, 677, 682, 688, 694, 700, 704, 709, 716, 722, 729, 736, 744, 752, 761, 769, 778, 787]
[0, 704, 700, 696, 691, 687, 682, 678, 676, 672, 670, 653, 0, 426, 417, 411, 411, 409, 408, 410, 410, 410, 409, 410, 0, 0, 0, 0, 0, 643, 643, 644, 645, 646, 648, 649, 651, 654, 656, 659, 663, 665, 668, 673, 676, 681, 686, 692, 697, 702, 708, 713, 719, 726, 733, 741, 749, 757, 764, 773, 783]
[0, 706, 702, 697, 693, 688, 683, 680, 677, 673, 670, 669, 0, 0, 419, 413, 410, 408, 408, 410, 410, 415, 426, 0, 651, 652, 652, 652, 0, 655, 655, 655, 656, 658, 660, 662, 664, 666, 668, 671, 674, 677, 681, 684, 689, 694, 700, 705, 710, 715, 720, 726, 732, 739, 747, 755, 764, 770, 779, 797, 808]
[0, 716, 712, 707, 703, 699, 695, 692, 689, 685, 683, 669, 0, 0, 424, 415, 411, 409, 408, 410, 410, 414, 426, 0, 0, 651, 0, 0, 0, 653, 654, 655, 656, 658, 659, 661, 663, 665, 667, 669, 672, 675, 679, 683, 687, 697, 700, 702, 712, 718, 724, 730, 737, 744, 753, 762, 768, 775, 785, 794, 803]
[0, 717, 713, 709, 704, 700, 696, 693, 689, 686, 684, 669, 0, 0, 426, 411, 409, 409, 407, 410, 413, 414, 426, 0, 665, 664, 0, 0, 0, 666, 667, 669, 670, 672, 673, 675, 677, 680, 682, 684, 688, 691, 696, 700, 705, 710, 714, 718, 724, 729, 735, 743, 749, 756, 764, 771, 778, 787, 797, 806, 815]
[0, 717, 713, 709, 704, 700, 697, 693, 689, 686, 683, 669, 0, 0, 424, 410, 408, 407, 407, 410, 413, 413, 426, 0, 0, 664, 0, 0, 0, 666, 667, 668, 668, 670, 672, 674, 676, 679, 682, 685, 687, 690, 694, 699, 703, 707, 712, 716, 723, 729, 734, 747, 749, 762, 768, 776, 785, 794, 804, 813, 822]
[0, 740, 734, 730, 724, 720, 716, 713, 710, 708, 705, 669, 0, 0, 0, 480, 485, 488, 489, 410, 0, 414, 426, 0, 665, 664, 0, 0, 0, 666, 667, 669, 670, 671, 673, 676, 677, 680, 683, 685, 688, 691, 695, 699, 706, 711, 713, 718, 724, 730, 735, 742, 750, 757, 764, 772, 780, 788, 807, 813, 826]
[0, 740, 736, 731, 725, 721, 717, 713, 710, 708, 705, 669, 0, 0, 0, 478, 485, 488, 489, 0, 414, 414, 426, 0, 686, 686, 0, 0, 0, 688, 690, 691, 693, 695, 697, 699, 701, 703, 706, 709, 711, 715, 719, 724, 730, 734, 738, 744, 751, 757, 762, 769, 775, 783, 791, 799, 808, 817, 824, 833, 843]
[0, 753, 748, 744, 740, 735, 730, 727, 723, 719, 717, 669, 0, 0, 0, 0, 485, 488, 488, 487, 483, 414, 426, 0, 0, 687, 0, 0, 0, 688, 689, 691, 693, 695, 697, 699, 701, 704, 706, 708, 711, 715, 718, 723, 728, 733, 737, 742, 748, 755, 762, 768, 776, 783, 791, 799, 807, 815, 832, 842, 853]
[0, 754, 748, 743, 739, 735, 730, 726, 723, 720, 717, 669, 0, 0, 0, 0, 485, 488, 488, 487, 483, 0, 426, 0, 0, 700, 0, 0, 0, 701, 702, 704, 706, 707, 708, 710, 712, 715, 717, 720, 723, 729, 733, 737, 742, 748, 753, 758, 763, 769, 775, 782, 789, 797, 806, 814, 830, 815, 848, 859, 868]
[0, 769, 764, 758, 753, 750, 745, 741, 738, 735, 733, 669, 0, 0, 0, 0, 485, 488, 0, 487, 482, 0, 0, 447, 702, 700, 700, 700, 0, 701, 702, 704, 706, 707, 708, 710, 712, 715, 717, 720, 723, 728, 732, 738, 743, 747, 753, 759, 764, 771, 777, 783, 791, 800, 807, 814, 823, 831, 840, 850, 861]
[0, 779, 773, 768, 764, 760, 755, 750, 747, 744, 741, 669, 0, 0, 0, 479, 483, 486, 487, 487, 483, 477, 0, 0, 717, 715, 714, 714, 0, 716, 717, 718, 719, 721, 724, 726, 728, 731, 734, 738, 742, 746, 751, 755, 760, 765, 771, 777, 783, 788, 795, 803, 811, 818, 826, 835, 842, 851, 861, 870, 879]
[0, 778, 773, 767, 763, 759, 754, 750, 747, 744, 741, 669, 0, 0, 0, 479, 484, 487, 0, 487, 483, 477, 0, 0, 0, 721, 721, 722, 0, 723, 724, 725, 729, 731, 732, 733, 735, 738, 741, 745, 750, 753, 758, 762, 766, 772, 778, 784, 790, 796, 802, 809, 825, 818, 832, 849, 858, 868, 876, 884, 895]
[0, 778, 772, 767, 764, 759, 754, 750, 747, 744, 741, 669, 0, 0, 0, 479, 483, 486, 487, 486, 483, 477, 0, 0, 0, 721, 721, 722, 0, 722, 724, 725, 728, 730, 731, 733, 735, 738, 741, 745, 749, 753, 758, 762, 766, 771, 783, 784, 796, 796, 808, 815, 824, 831, 837, 847, 858, 867, 875, 883, 893]
[0, 787, 781, 775, 769, 765, 763, 760, 756, 753, 750, 669, 0, 0, 0, 480, 485, 488, 488, 487, 482, 477, 0, 0, 0, 721, 0, 721, 0, 722, 724, 725, 728, 729, 730, 734, 736, 738, 741, 744, 749, 753, 757, 762, 766, 771, 783, 789, 796, 802, 808, 816, 824, 830, 837, 847, 857, 866, 874, 882, 892]
[0, 787, 783, 777, 770, 767, 764, 761, 757, 753, 751, 669, 0, 0, 0, 479, 484, 487, 488, 487, 483, 477, 0, 0, 0, 731, 731, 730, 0, 733, 734, 736, 738, 739, 741, 744, 746, 749, 752, 755, 760, 764, 769, 772, 777, 783, 789, 797, 802, 808, 814, 822, 829, 836, 844, 853, 862, 879, 887, 897, 908]
[0, 811, 804, 798, 793, 788, 784, 780, 778, 774, 771, 768, 0, 0, 469, 478, 483, 486, 487, 487, 484, 478, 0, 0, 0, 731, 731, 0, 0, 732, 733, 735, 738, 739, 740, 742, 745, 748, 752, 755, 759, 763, 767, 773, 778, 783, 788, 794, 808, 814, 814, 820, 834, 842, 853, 862, 870, 878, 885, 894, 906]
[0, 813, 807, 798, 798, 793, 790, 786, 778, 780, 778, 768, 0, 0, 0, 476, 482, 485, 487, 484, 480, 478, 471, 0, 0, 0, 750, 0, 752, 753, 754, 755, 758, 761, 740, 765, 768, 772, 752, 779, 759, 784, 794, 799, 805, 810, 816, 822, 827, 833, 842, 850, 858, 866, 872, 880, 889, 897, 908, 920, 931]
[0, 836, 832, 826, 821, 817, 813, 809, 806, 803, 800, 796, 792, 0, 0, 478, 483, 486, 487, 487, 484, 478, 478, 0, 757, 759, 0, 759, 0, 762, 764, 765, 767, 769, 770, 773, 777, 779, 781, 785, 790, 796, 802, 807, 812, 817, 822, 827, 833, 840, 848, 857, 865, 873, 879, 887, 896, 905, 915, 927, 938]
[0, 832, 827, 823, 818, 813, 809, 807, 803, 800, 797, 794, 792, 0, 0, 482, 483, 485, 487, 0, 484, 478, 477, 0, 777, 777, 0, 0, 778, 778, 781, 782, 787, 769, 789, 793, 797, 800, 781, 809, 813, 817, 822, 827, 832, 837, 844, 852, 859, 866, 873, 880, 887, 894, 903, 913, 923, 933, 943, 952, 963]
[0, 850, 843, 838, 834, 830, 826, 823, 820, 800, 817, 812, 792, 809, 0, 482, 0, 486, 488, 488, 484, 0, 0, 778, 777, 777, 778, 0, 781, 782, 783, 786, 789, 790, 793, 795, 797, 800, 803, 808, 813, 816, 822, 827, 832, 837, 843, 850, 858, 865, 871, 878, 885, 893, 902, 910, 919, 930, 940, 949, 959]
[0, 849, 843, 838, 834, 830, 826, 823, 820, 817, 817, 812, 809, 809, 0, 482, 0, 486, 488, 488, 484, 0, 797, 796, 797, 798, 798, 0, 799, 801, 803, 805, 807, 809, 812, 815, 818, 821, 824, 827, 832, 837, 842, 849, 855, 861, 867, 872, 878, 885, 893, 900, 908, 918, 927, 935, 945, 956, 966, 977, 991]
[0, 871, 865, 859, 854, 850, 845, 841, 837, 834, 831, 830, 829, 826, 824, 822, 819, 818, 818, 817, 815, 815, 797, 797, 797, 798, 798, 799, 799, 801, 803, 805, 807, 809, 812, 815, 818, 821, 824, 827, 832, 836, 842, 849, 855, 860, 867, 872, 878, 885, 892, 900, 908, 918, 927, 935, 945, 956, 966, 977, 990]
[0, 870, 865, 861, 857, 851, 846, 841, 837, 835, 833, 830, 828, 825, 824, 822, 820, 819, 818, 817, 816, 815, 815, 815, 814, 814, 815, 816, 817, 819, 821, 823, 825, 827, 830, 833, 836, 839, 843, 846, 852, 859, 865, 870, 874, 879, 885, 891, 898, 905, 913, 922, 931, 939, 948, 958, 968, 980, 990, 1002, 1014]
[0, 874, 868, 863, 859, 854, 850, 844, 839, 836, 833, 831, 829, 827, 824, 822, 821, 819, 818, 818, 817, 817, 816, 815, 815, 815, 815, 816, 818, 820, 822, 823, 825, 828, 830, 833, 836, 839, 843, 847, 852, 857, 862, 867, 872, 878, 882, 888, 896, 903, 911, 920, 930, 938, 946, 953, 962, 975, 987, 997, 1009]
[0, 888, 883, 878, 873, 870, 866, 862, 858, 855, 851, 848, 845, 843, 840, 837, 836, 836, 834, 833, 833, 832, 832, 814, 814, 814, 816, 816, 817, 820, 821, 824, 826, 827, 829, 831, 834, 837, 840, 845, 851, 856, 860, 865, 871, 883, 882, 888, 900, 908, 911, 925, 936, 943, 950, 959, 971, 984, 995, 1004, 1016]
[0, 886, 881, 877, 871, 867, 864, 861, 857, 853, 850, 847, 845, 841, 839, 838, 836, 835, 834, 834, 833, 833, 832, 832, 832, 833, 833, 833, 834, 836, 837, 839, 842, 845, 848, 850, 854, 859, 863, 867, 870, 875, 879, 883, 889, 894, 900, 908, 915, 922, 938, 925, 955, 964, 974, 985, 996, 1006, 1017, 1030, 1041]
[0, 887, 881, 882, 877, 869, 864, 865, 862, 859, 855, 851, 849, 846, 842, 839, 839, 838, 836, 835, 835, 834, 834, 833, 833, 833, 833, 835, 836, 837, 839, 840, 845, 849, 851, 853, 858, 862, 867, 871, 874, 878, 883, 888, 894, 900, 906, 912, 919, 929, 937, 944, 952, 962, 972, 982, 993, 1003, 1013, 1026, 1039]
[0, 887, 887, 882, 873, 869, 869, 865, 862, 859, 855, 851, 849, 846, 842, 840, 840, 839, 836, 835, 835, 834, 834, 835, 835, 834, 835, 835, 837, 839, 840, 842, 845, 850, 851, 857, 858, 865, 867, 869, 876, 881, 886, 891, 897, 902, 909, 917, 923, 931, 940, 948, 957, 966, 975, 987, 997, 1007, 1019, 1032, 1045]
[0, 927, 921, 915, 909, 904, 899, 896, 893, 890, 887, 884, 882, 881, 880, 877, 875, 874, 873, 874, 873, 872, 834, 835, 835, 835, 835, 837, 839, 839, 840, 845, 848, 851, 854, 857, 861, 866, 869, 872, 876, 880, 886, 892, 898, 904, 910, 917, 923, 931, 940, 947, 957, 965, 975, 987, 997, 1008, 1019, 1029, 1043]
[0, 936, 930, 924, 919, 914, 910, 906, 902, 899, 895, 892, 891, 889, 888, 885, 883, 882, 882, 882, 881, 881, 873, 874, 874, 874, 876, 877, 877, 878, 881, 882, 884, 887, 890, 894, 898, 903, 907, 912, 917, 925, 932, 937, 942, 948, 954, 961, 969, 978, 987, 996, 1006, 1016, 1026, 1036, 1048, 1061, 1072, 1084, 1098]
[0, 963, 955, 949, 945, 941, 937, 934, 930, 925, 921, 920, 917, 914, 913, 912, 910, 909, 907, 906, 907, 906, 906, 880, 881, 882, 883, 884, 885, 886, 888, 890, 894, 895, 897, 902, 907, 911, 915, 921, 926, 933, 939, 943, 949, 954, 961, 969, 977, 987, 995, 1003, 1013, 1023, 1033, 1044, 1055, 1068, 1081, 1094, 1109]
[0, 972, 965, 960, 954, 950, 946, 942, 940, 937, 933, 930, 929, 927, 924, 922, 920, 920, 919, 918, 918, 918, 918, 907, 908, 909, 909, 910, 911, 913, 913, 915, 917, 921, 926, 929, 932, 936, 940, 945, 950, 954, 959, 966, 972, 981, 990, 996, 1003, 1011, 1020, 1029, 1038, 1048, 1059, 1080, 1092, 1068, 1107, 1136, 1152]
[0, 974, 966, 960, 955, 951, 946, 942, 941, 938, 934, 931, 929, 926, 923, 922, 922, 921, 919, 918, 917, 918, 918, 918, 920, 921, 921, 923, 925, 927, 928, 929, 931, 933, 937, 940, 943, 946, 951, 956, 961, 967, 973, 981, 989, 995, 1001, 1009, 1017, 1025, 1034, 1044, 1054, 1064, 1074, 1085, 1097, 1109, 1123, 1139, 1154]
[0, 973, 965, 959, 954, 950, 946, 943, 940, 937, 933, 930, 928, 925, 923, 922, 920, 918, 918, 918, 919, 919, 918, 918, 920, 920, 921, 924, 925, 926, 928, 929, 931, 933, 937, 940, 943, 948, 953, 956, 961, 967, 974, 981, 988, 995, 1001, 1009, 1017, 1025, 1034, 1044, 1054, 1064, 1074, 1084, 1096, 1110, 1124, 1138, 1154]
[0, 978, 970, 961, 955, 951, 948, 945, 942, 939, 935, 932, 930, 927, 924, 924, 922, 920, 920, 919, 919, 918, 918, 918, 919, 919, 919, 922, 925, 926, 927, 929, 931, 934, 938, 941, 944, 948, 952, 957, 962, 969, 976, 983, 990, 997, 1003, 1009, 1017, 1026, 1035, 1045, 1055, 1066, 1076, 1085, 1098, 1114, 1129, 1143, 1158]
[0, 1052, 1043, 1037, 1033, 1027, 1021, 1016, 1011, 1009, 1006, 1003, 1001, 1000, 998, 998, 996, 995, 996, 995, 994, 995, 918, 919, 920, 921, 921, 922, 924, 927, 928, 929, 931, 933, 936, 939, 943, 951, 955, 960, 962, 966, 980, 987, 994, 1001, 1007, 1009, 1022, 1030, 1039, 1050, 1061, 1070, 1082, 1094, 1106, 1119, 1135, 1150, 1163]
[0, 1089, 1083, 1076, 1069, 1065, 1061, 1056, 1051, 1046, 1044, 1042, 1039, 1036, 1034, 1033, 1032, 1030, 1031, 1031, 1031, 1030, 996, 996, 997, 998, 998, 1000, 1001, 1003, 1005, 1006, 1010, 1014, 1018, 1023, 1027, 1031, 1037, 1042, 1049, 1057, 1063, 1070, 1076, 1083, 1091, 1100, 1110, 1120, 1131, 1142, 1154, 1167, 1178, 1190, 1203, 1217, 1231, 1246, 1265]
[0, 1089, 1084, 1077, 1069, 1065, 1061, 1056, 1052, 1047, 1043, 1041, 1039, 1037, 1034, 1033, 1032, 1030, 1030, 1030, 1030, 1029, 1030, 1032, 1034, 1034, 1036, 1037, 1037, 1039, 1041, 1044, 1047, 1052, 1057, 1061, 1065, 1071, 1075, 1080, 1086, 1092, 1100, 1107, 1116, 1125, 1133, 1143, 1153, 1162, 1171, 1183, 1196, 1207, 1219, 1233, 1246, 1260, 1275, 1293, 1265]
[0, 1093, 1085, 1079, 1073, 1067, 1062, 1058, 1054, 1050, 1046, 1043, 1039, 1036, 1036, 1035, 1033, 1032, 1031, 1030, 1030, 1031, 1032, 1033, 1033, 1034, 1036, 1037, 1038, 1040, 1041, 1044, 1048, 1053, 1057, 1059, 1064, 1070, 1075, 1081, 1086, 1091, 1098, 1107, 1115, 1122, 1132, 1141, 1151, 1161, 1169, 1180, 1192, 1204, 1217, 1231, 1245, 1259, 1275, 1291, 1265]
[0, 1089, 1083, 1076, 1069, 1064, 1061, 1056, 1050, 1045, 1043, 1042, 1038, 1036, 1034, 1032, 1031, 1030, 1031, 1031, 1031, 1030, 1032, 1033, 1034, 1035, 1036, 1036, 1037, 1039, 1041, 1043, 1046, 1049, 1054, 1060, 1063, 1068, 1073, 1078, 1084, 1090, 1097, 1105, 1113, 1120, 1128, 1137, 1147, 1167, 1169, 1178, 1201, 1213, 1227, 1242, 1256, 1269, 1285, 1303, 1265]
[0, 1089, 1083, 1076, 1069, 1064, 1060, 1056, 1051, 1046, 1043, 1041, 1038, 1036, 1034, 1032, 1031, 1030, 1030, 1031, 1031, 1030, 1030, 1032, 1034, 1034, 1036, 1036, 1037, 1039, 1041, 1044, 1048, 1052, 1056, 1060, 1064, 1070, 1075, 1080, 1086, 1092, 1099, 1108, 1117, 1124, 1132, 1141, 1151, 1161, 1169, 1182, 1194, 1205, 1218, 1231, 1244, 1259, 1274, 1291, 1265]
[0, 1123, 1116, 1107, 1102, 1096, 1090, 1085, 1080, 1078, 1076, 1072, 1069, 1066, 1065, 1063, 1062, 1064, 1064, 1063, 1062, 1061, 1030, 1032, 1033, 1034, 1036, 1036, 1037, 1039, 1041, 1044, 1048, 1052, 1056, 1060, 1064, 1070, 1075, 1080, 1086, 1092, 1099, 1108, 1117, 1124, 1131, 1140, 1151, 1161, 1169, 1181, 1193, 1205, 1218, 1231, 1245, 1259, 1274, 1291, 1265]
[0, 1125, 1117, 1110, 1103, 1096, 1090, 1086, 1082, 1078, 1075, 1073, 1069, 1066, 1066, 1064, 1063, 1064, 1063, 1062, 1063, 1062, 1063, 1064, 1065, 1067, 1068, 1071, 1074, 1076, 1077, 1079, 1082, 1086, 1090, 1094, 1099, 1103, 1109, 1116, 1123, 1130, 1138, 1146, 1154, 1162, 1168, 1176, 1187, 1197, 1208, 1221, 1234, 1247, 1259, 1272, 1289, 1259, 1274, 0, 1359]
[0, 1176, 1169, 1162, 1156, 1151, 1145, 1139, 1135, 1130, 1128, 1124, 1121, 1121, 1120, 1118, 1117, 1115, 1115, 1117, 1116, 1117, 1063, 1065, 1065, 1067, 1069, 1070, 1073, 1075, 1076, 1079, 1083, 1085, 1089, 1094, 1099, 1103, 1109, 1116, 1123, 1130, 1138, 1147, 1154, 1162, 1168, 1175, 1186, 1198, 1209, 1221, 1235, 1247, 1259, 1272, 1290, 1259, 1274, 0, 1359]
[0, 1180, 1173, 1165, 1158, 1153, 1147, 1142, 1137, 1133, 1131, 1126, 1122, 1120, 1120, 1119, 1118, 1117, 1117, 1118, 1116, 1116, 1116, 1121, 1125, 1127, 1128, 1130, 1132, 1135, 1138, 1140, 1142, 1144, 1147, 1154, 1161, 1166, 1171, 1176, 1183, 1190, 1198, 1208, 1214, 1223, 1235, 1244, 1255, 1269, 1280, 1291, 1303, 1319, 1337, 1352, 1369, 1384, 1401, 1424, 1359]
[0, 1176, 1169, 1163, 1156, 1151, 1146, 1139, 1135, 1130, 1128, 1123, 1120, 1121, 1119, 1118, 1117, 1116, 1116, 1116, 1116, 1117, 1116, 1116, 1120, 1124, 1125, 1128, 1130, 1130, 1133, 1137, 1139, 1141, 1151, 1154, 1156, 1167, 1173, 1179, 1187, 1195, 1202, 1208, 1219, 1229, 1240, 1250, 1264, 1276, 1286, 1302, 1316, 1329, 1344, 1360, 1375, 1391, 1413, 1424, 1359]
[0, 1195, 1187, 1181, 1174, 1167, 1163, 1160, 1155, 1151, 1148, 1144, 1141, 1140, 1139, 1137, 1138, 1138, 1137, 1136, 1136, 1137, 1119, 1121, 1124, 1126, 1128, 1130, 1132, 1134, 1138, 1140, 1141, 1144, 1148, 1153, 1160, 1166, 1170, 1177, 1183, 1191, 1199, 1208, 1215, 1223, 1236, 1245, 1257, 1269, 1281, 1293, 1305, 1322, 1339, 1354, 1369, 1385, 1404, 1427, 1359]
[0, 1192, 1185, 1179, 1173, 1167, 1162, 1159, 1155, 1151, 1146, 1143, 1140, 1138, 1137, 1137, 1136, 1134, 1135, 1135, 1136, 1136, 1138, 1139, 1139, 1140, 1144, 1146, 1148, 1152, 1155, 1157, 1160, 1163, 1165, 1170, 1175, 1180, 1187, 1195, 1203, 1212, 1227, 1233, 1234, 1245, 1256, 1267, 1280, 1289, 1301, 1315, 1328, 1343, 1360, 1374, 1390, 1408, 1428, 1451, 1470]
[0, 1209, 1203, 1196, 1189, 1183, 1179, 1175, 1171, 1167, 1165, 1163, 1159, 1158, 1157, 1157, 1156, 1156, 1156, 1156, 1156, 1158, 1137, 1138, 1140, 1142, 1144, 1146, 1148, 1151, 1154, 1158, 1161, 1165, 1167, 1170, 1177, 1182, 1188, 1196, 1204, 1214, 1229, 1234, 1237, 1251, 1264, 1272, 1281, 1291, 1302, 1317, 1332, 1347, 1362, 1376, 1391, 1410, 1428, 1443, 1470]
[0, 1244, 1236, 1229, 1223, 1218, 1212, 1208, 1204, 1200, 1197, 1194, 1192, 1191, 1189, 1189, 1188, 1186, 1186, 1188, 1189, 1188, 1160, 1160, 1161, 1163, 1163, 1165, 1167, 1169, 1171, 1172, 1175, 1179, 1186, 1194, 1205, 1213, 1221, 1231, 1243, 1251, 1254, 1262, 1267, 1273, 1282, 1295, 1310, 1323, 1335, 1346, 1357, 1371, 1387, 1404, 1419, 1441, 1465, 1483, 1498]
[0, 1252, 1243, 1236, 1229, 1220, 1214, 1212, 1208, 1203, 1200, 1196, 1193, 1193, 1190, 1188, 1188, 1187, 1186, 1187, 1189, 1189, 1189, 1192, 1194, 1201, 1208, 1211, 1213, 1211, 1215, 1220, 1220, 1225, 1231, 1236, 1241, 1247, 1257, 1268, 1276, 1280, 1283, 1290, 1300, 1312, 1327, 1338, 1348, 1360, 1370, 1381, 1396, 1412, 1424, 1434, 1447, 1463, 1481, 1497, 1506]
[0, 1251, 1243, 1236, 1230, 1222, 1214, 1211, 1209, 1205, 1202, 1199, 1196, 1194, 1192, 1191, 1189, 1187, 1187, 1189, 1193, 1193, 1189, 1191, 1192, 1194, 1206, 1214, 1212, 1212, 1214, 1218, 1220, 1225, 1228, 1230, 1236, 1247, 1259, 1266, 1271, 1278, 1283, 1288, 1298, 1309, 1322, 1335, 1345, 1355, 1366, 1378, 1390, 1403, 1418, 1431, 1442, 1457, 1473, 1488, 1512]
[0, 1269, 1260, 1254, 1247, 1222, 1236, 1232, 1229, 1223, 1219, 1218, 1196, 1213, 1214, 1218, 1219, 1217, 1218, 1189, 1217, 1216, 1191, 1196, 1198, 1202, 1208, 1211, 1214, 1217, 1219, 1220, 1221, 1225, 1235, 1240, 1244, 1254, 1264, 1270, 1276, 1281, 1284, 1292, 1302, 1313, 1327, 1338, 1350, 1361, 1371, 1382, 1396, 1411, 1424, 1434, 1448, 1465, 1482, 1496, 1506]
[0, 1337, 1326, 1315, 1310, 1305, 1298, 1291, 1287, 1284, 1281, 1278, 1275, 1273, 1273, 1274, 1274, 1277, 1277, 1277, 1277, 1278, 1226, 1222, 1198, 1228, 1233, 1233, 1235, 1237, 1237, 1238, 1242, 1249, 1253, 1259, 1267, 1272, 1278, 1284, 1292, 1302, 1310, 1317, 1328, 1342, 1352, 1361, 1369, 1376, 1384, 1393, 1404, 1416, 1427, 1441, 1452, 1464, 1480, 1496, 1508]
[0, 1365, 1359, 1351, 1341, 1336, 1298, 1327, 1318, 1314, 1312, 1309, 1307, 1304, 1300, 1299, 1299, 1296, 1298, 1303, 1302, 1299, 1278, 1280, 1281, 1284, 1286, 1286, 1286, 1289, 1292, 1293, 1291, 1290, 1292, 1294, 1296, 1299, 1301, 1310, 1292, 1319, 1325, 1331, 1336, 1343, 1350, 1357, 1366, 1375, 1384, 1393, 1404, 1415, 1427, 1438, 1450, 1464, 1480, 1494, 1506]
[0, 1395, 1387, 1382, 1375, 1366, 1362, 1359, 1355, 1350, 1344, 1340, 1338, 1336, 1332, 1329, 1327, 1322, 1317, 1310, 1305, 1303, 1296, 1295, 1297, 1295, 1289, 1286, 1288, 1290, 1290, 1289, 1290, 1292, 1294, 1295, 1299, 1301, 1302, 1306, 1311, 1316, 1321, 1327, 1334, 1341, 1347, 1354, 1362, 1370, 1378, 1387, 1398, 1408, 1417, 1428, 1441, 1456, 1471, 1485, 1498]
[0, 1394, 1387, 1380, 1371, 1367, 1363, 1359, 1358, 1352, 1344, 1342, 1339, 1334, 1332, 1327, 1324, 1322, 1313, 1305, 1302, 1301, 1299, 1297, 1295, 1291, 1289, 1289, 1287, 1289, 1289, 1287, 1289, 1291, 1293, 1295, 1296, 1300, 1303, 1305, 1309, 1314, 1319, 1324, 1330, 1336, 1343, 1358, 1362, 1373, 1378, 1393, 1401, 1412, 1424, 1436, 1449, 1463, 1479, 1492, 1505]
[0, 1394, 1446, 1423, 1413, 1405, 1399, 1393, 1386, 1374, 1364, 1356, 1348, 1341, 1335, 1326, 1321, 1317, 1313, 1310, 1304, 1299, 1299, 1294, 1292, 1291, 1289, 1288, 1287, 1286, 1286, 1288, 1289, 1291, 1294, 1296, 1296, 1301, 1306, 1307, 1309, 1314, 1320, 1326, 1333, 1340, 1345, 1351, 1359, 1369, 1378, 1384, 1392, 1405, 1417, 1427, 1440, 1456, 1469, 1483, 1497]
[0, 1394, 0, 1419, 1411, 1403, 1397, 1392, 1382, 1369, 1362, 1355, 1348, 1341, 1335, 1326, 1318, 1315, 1311, 1307, 1304, 1302, 1295, 1294, 1293, 1291, 1289, 1287, 1287, 1288, 1287, 1288, 1290, 1291, 1292, 1293, 1296, 1299, 1302, 1305, 1310, 1315, 1320, 1325, 1332, 1340, 1347, 1354, 1361, 1369, 1378, 1385, 1395, 1406, 1414, 1426, 1440, 1455, 1471, 1486, 1500]
[0, 1394, 1450, 1425, 1417, 1409, 1402, 1396, 1390, 1381, 1371, 1360, 1351, 1344, 1338, 1332, 1324, 1320, 1315, 1309, 1304, 1302, 1297, 1291, 1290, 1291, 1288, 1287, 1288, 1287, 1286, 1286, 1288, 1290, 1290, 1290, 1294, 1299, 1302, 1306, 1312, 1315, 1320, 1327, 1335, 1340, 1347, 1354, 1364, 1374, 1380, 1389, 1399, 1408, 1417, 1429, 1443, 1455, 1472, 1488, 1502]
[0, 1467, 1452, 1441, 1427, 1411, 1402, 1394, 1385, 1373, 1365, 1357, 1349, 1344, 1336, 1326, 1320, 1317, 1312, 1307, 1304, 1300, 1297, 1295, 1292, 1289, 1287, 1286, 1287, 1288, 1288, 1289, 1290, 1289, 1291, 1294, 1295, 1298, 1302, 1305, 1309, 1314, 1319, 1322, 1328, 1335, 1339, 1347, 1357, 1365, 1383, 1392, 1401, 1412, 1424, 1435, 1448, 1463, 1478, 1491, 1503]
[0, 1473, 1459, 1445, 1430, 1414, 1402, 1394, 1384, 1375, 1368, 1361, 1352, 1341, 1335, 1331, 1324, 1319, 1314, 1309, 1304, 1301, 1296, 1293, 1291, 1290, 1288, 1287, 1287, 1287, 1287, 1288, 1289, 1292, 1293, 1295, 1294, 1297, 1302, 1306, 1310, 1314, 1319, 1325, 1330, 1337, 1346, 1350, 1358, 1369, 1377, 1384, 1392, 1405, 1416, 1426, 1439, 1451, 1465, 1483, 1497]
[0, 1473, 1459, 1444, 1429, 1417, 1406, 1396, 1385, 1377, 1370, 1360, 1352, 1344, 1337, 1330, 1323, 1317, 1313, 1310, 1306, 1304, 1295, 1292, 1291, 1287, 1289, 1288, 1286, 1287, 1287, 1285, 1286, 1290, 1292, 1293, 1295, 1296, 1300, 1304, 1307, 1313, 1315, 1317, 1326, 1335, 1340, 1347, 1356, 1363, 1369, 1379, 1391, 1400, 1410, 1430, 1445, 1451, 1474, 1490, 1503]
[0, 1473, 1459, 1444, 1429, 1418, 1409, 1398, 1385, 1376, 1370, 1361, 1352, 1344, 1337, 1329, 1323, 1317, 1313, 1310, 1306, 1304, 1299, 1294, 1291, 1288, 1287, 1286, 1286, 1285, 1283, 1283, 1286, 1289, 1291, 1293, 1295, 1298, 1299, 1303, 1308, 1309, 1312, 1324, 1326, 1340, 1340, 1353, 1364, 1373, 1379, 1388, 1400, 1411, 1420, 1431, 1447, 1461, 1477, 1492, 1505]
[0, 1473, 1458, 1444, 1429, 1417, 1408, 1397, 1385, 1376, 1368, 1360, 1353, 1346, 1336, 1329, 1321, 1316, 1313, 1310, 1305, 1300, 1299, 1293, 1291, 1288, 1287, 1286, 1285, 1284, 1282, 1282, 1286, 1289, 1290, 1292, 1295, 1298, 1299, 1303, 1309, 1312, 1312, 1323, 1326, 1340, 1340, 1353, 1364, 1373, 1379, 1388, 1399, 1410, 1420, 1431, 1446, 1460, 1476, 1491, 1504]
[0, 1466, 1450, 1437, 1425, 1412, 1401, 1393, 1384, 1373, 1364, 1356, 1348, 1339, 1332, 1327, 1320, 1316, 1311, 1305, 1301, 1301, 1295, 1294, 1291, 1287, 1286, 1286, 1285, 1284, 1282, 1282, 1286, 1288, 1289, 1294, 1294, 1296, 1302, 1307, 1309, 1312, 1312, 1324, 1332, 1339, 1343, 1350, 1361, 1372, 1378, 1387, 1397, 1408, 1418, 1430, 1443, 1454, 1470, 1489, 1501]
[0, 1461, 1446, 1431, 1419, 1408, 1398, 1392, 1379, 1367, 1362, 1356, 1347, 1340, 1331, 1323, 1318, 1314, 1311, 1307, 1304, 1300, 1298, 1294, 1291, 1289, 1287, 1285, 1284, 1284, 1284, 1284, 1285, 1290, 1290, 1291, 1293, 1293, 1297, 1302, 1308, 1311, 1315, 1319, 1324, 1331, 1339, 1348, 1355, 1363, 1372, 1381, 1388, 1396, 1408, 1420, 1433, 1446, 1461, 1475, 1491]
[0, 1462, 1449, 1435, 1421, 1410, 1400, 1390, 1381, 1372, 1364, 1356, 1348, 1342, 1336, 1326, 1321, 1318, 1313, 1308, 1302, 1299, 1295, 1291, 1290, 1288, 1286, 1287, 1287, 1284, 1284, 1285, 1287, 1289, 1290, 1290, 1294, 1298, 1301, 1303, 1308, 1312, 1316, 1322, 1327, 1334, 1344, 1353, 1360, 1368, 1377, 1385, 1394, 1405, 1414, 1426, 1440, 1452, 1468, 1485, 1495]
[0, 1462, 1449, 1434, 1420, 1409, 1399, 1390, 1377, 1368, 1363, 1355, 1347, 1341, 1335, 1325, 1317, 1314, 1313, 1307, 1302, 1299, 1296, 1293, 1290, 1289, 1287, 1286, 1284, 1283, 1286, 1287, 1288, 1290, 1292, 1293, 1294, 1294, 1299, 1305, 1309, 1313, 1318, 1321, 1326, 1333, 1340, 1347, 1355, 1365, 1374, 1381, 1392, 1401, 1409, 1422, 1435, 1447, 1465, 1482, 1493]
[0, 1473, 1458, 1442, 1428, 1415, 1405, 1385, 1377, 1375, 1368, 1359, 1352, 1345, 1337, 1321, 1317, 1316, 1309, 1307, 1305, 1300, 1295, 1292, 1290, 1287, 1285, 1282, 1280, 1282, 1284, 1285, 1286, 1286, 1288, 1290, 1290, 1294, 1299, 1302, 1306, 1312, 1316, 1319, 1328, 1336, 1340, 1347, 1353, 1363, 1374, 1381, 1391, 1400, 1409, 1419, 1435, 1450, 1464, 1482, 1498]
[0, 1471, 1453, 1439, 1427, 1415, 1403, 1394, 1383, 1374, 1368, 1360, 1351, 1341, 1334, 1330, 1322, 1317, 1313, 1308, 1302, 1299, 1295, 1293, 1288, 1288, 1287, 1286, 1284, 1281, 1282, 1285, 1285, 1287, 1289, 1290, 1293, 1296, 1299, 1301, 1306, 1312, 1317, 1320, 1325, 1334, 1341, 1350, 1358, 1367, 1376, 1385, 1395, 1406, 1417, 1429, 1442, 1452, 1468, 1488, 1499]
[0, 1456, 1441, 1429, 1416, 1405, 1397, 1386, 1376, 1368, 1357, 1351, 1346, 1339, 1331, 1322, 1318, 1313, 1309, 1305, 1302, 1297, 1295, 1290, 1287, 1287, 1288, 1286, 1282, 1282, 1284, 1284, 1285, 1285, 1287, 1291, 1293, 1293, 1297, 1299, 1300, 1306, 1311, 1317, 1322, 1328, 1336, 1343, 1350, 1360, 1367, 1387, 1397, 1408, 1419, 1431, 1448, 1467, 1484, 1503, 1510]
[0, 1462, 1448, 1436, 1423, 1409, 1399, 1390, 1380, 1371, 1360, 1350, 1345, 1339, 1332, 1325, 1318, 1315, 1309, 1304, 1301, 1298, 1292, 1290, 1289, 1287, 1284, 1285, 1285, 1283, 1280, 1282, 1286, 1288, 1289, 1290, 1293, 1297, 1300, 1303, 1311, 1321, 1330, 1337, 1342, 1349, 1358, 1362, 1370, 1383, 1391, 1400, 1413, 1424, 1434, 1444, 1457, 1469, 1481, 1500, 1505]
[0, 1463, 1449, 1435, 1422, 1410, 1400, 1389, 1376, 1368, 1360, 1353, 1346, 1338, 1331, 1326, 1319, 1311, 1307, 1305, 1301, 1299, 1295, 1291, 1289, 1288, 1286, 1285, 1283, 1282, 1282, 1283, 1287, 1285, 1287, 1289, 1290, 1293, 1298, 1302, 1306, 1318, 1328, 1334, 1338, 1343, 1351, 1361, 1371, 1383, 1393, 1403, 1415, 1423, 1430, 1444, 1456, 1467, 1481, 1496, 1506]
[0, 1462, 1449, 1435, 1423, 1411, 1399, 1388, 1376, 1367, 1360, 1352, 1346, 1337, 1331, 1326, 1319, 1315, 1310, 1304, 1300, 1297, 1292, 1289, 1288, 1284, 1282, 1283, 1285, 1282, 1282, 1285, 1287, 1289, 1292, 1295, 1299, 1306, 1308, 1311, 1317, 1321, 1326, 1332, 1336, 1345, 1353, 1359, 1368, 1378, 1388, 1398, 1412, 1424, 1429, 1441, 1453, 1464, 1478, 1493, 0]
[0, 1459, 1445, 1430, 1418, 1408, 1398, 1387, 1375, 1367, 1359, 1351, 1345, 1339, 1329, 1321, 1316, 1313, 1308, 1302, 1299, 1298, 1291, 1290, 1288, 1286, 1285, 1283, 1284, 1286, 1290, 1290, 1293, 1300, 1303, 1303, 1303, 1306, 1309, 1312, 1317, 1321, 1324, 1329, 1335, 1340, 1349, 1358, 1365, 1375, 1386, 1396, 1410, 1422, 1428, 1440, 1453, 1464, 1476, 1491, 1511]
[0, 1456, 1441, 1429, 1416, 1405, 1394, 1383, 1376, 1367, 1357, 1350, 1345, 1336, 1328, 1321, 1316, 1312, 1306, 1302, 1297, 1293, 1294, 1290, 1288, 1286, 1285, 1285, 1287, 1289, 1291, 1295, 1297, 1299, 1301, 1303, 1307, 1309, 1312, 1314, 1317, 1322, 1327, 1333, 1339, 1344, 1353, 1362, 1370, 1381, 1393, 1404, 1415, 1422, 1430, 1443, 1456, 1467, 1480, 1496, 1506]
[0, 1462, 1449, 1435, 1422, 1410, 1399, 1388, 1379, 1370, 1360, 1353, 1345, 1337, 1330, 1325, 1318, 1314, 1310, 1304, 1300, 1298, 1293, 1291, 1290, 1291, 1295, 1298, 1296, 1298, 1300, 1300, 1301, 1301, 1302, 1305, 1308, 1309, 1314, 1316, 1318, 1323, 1327, 1333, 1342, 1348, 1356, 1364, 1372, 1382, 1390, 1401, 1413, 1425, 1435, 1445, 1458, 1471, 1486, 1502, 1505]
[0, 1456, 1449, 1441, 1427, 1415, 1404, 1393, 1382, 1375, 1366, 1357, 1341, 1337, 1335, 1328, 1321, 1315, 1311, 1308, 1304, 1299, 1293, 1291, 1292, 1292, 1294, 1296, 1297, 1297, 1294, 1296, 1298, 1300, 1302, 1303, 1303, 1307, 1311, 1314, 1317, 1321, 1325, 1330, 1336, 1342, 1349, 1360, 1369, 1381, 1391, 1398, 1413, 1423, 1428, 1442, 1454, 1465, 1480, 1496, 1505]
[0, 1467, 1452, 1441, 1437, 1431, 1421, 1407, 1396, 1389, 1379, 1368, 1358, 1352, 1344, 1337, 1330, 1324, 1319, 1316, 1313, 1310, 1295, 1293, 1291, 1295, 1294, 1297, 1297, 1296, 1297, 1296, 1299, 1301, 1302, 1303, 1306, 1307, 1311, 1315, 1320, 1324, 1328, 1335, 1346, 1351, 1354, 1362, 1375, 1385, 1393, 1403, 1413, 1424, 1437, 1450, 1459, 1471, 1485, 1503, 1509]
[0, 1478, 1471, 1459, 1444, 1433, 1424, 1411, 1399, 1392, 1385, 1374, 1363, 1357, 1351, 1343, 1334, 1328, 1324, 1319, 1316, 1312, 1308, 1305, 1303, 1301, 1299, 1298, 1297, 1298, 1299, 1299, 1298, 1299, 1302, 1302, 1303, 1306, 1311, 1314, 1317, 1321, 1327, 1333, 1338, 1346, 1354, 1359, 1367, 1378, 1389, 1401, 1412, 1424, 1434, 1445, 1458, 1471, 1484, 1499, 1504]
[0, 1477, 1464, 1450, 1439, 1429, 1422, 1409, 1393, 1385, 1374, 1364, 1359, 1353, 1346, 1341, 1333, 1324, 1319, 1316, 1313, 1309, 1308, 1306, 1304, 1301, 1299, 1297, 1297, 1297, 1295, 1295, 1297, 1298, 1301, 1303, 1304, 1306, 1308, 1310, 1315, 1319, 1322, 1328, 1334, 1341, 1348, 1358, 1365, 1375, 1386, 1395, 1405, 1417, 1427, 1440, 1452, 1462, 1475, 1489, 1485]
[0, 1478, 1469, 1458, 1444, 1432, 1423, 1411, 1399, 1390, 1379, 1367, 1359, 1354, 1349, 1342, 1334, 1328, 1323, 1318, 1315, 1312, 1307, 1304, 1303, 1301, 1299, 1298, 1297, 1297, 1298, 1299, 1298, 1298, 1301, 1302, 1303, 1306, 1310, 1313, 1317, 1321, 1326, 1332, 1336, 1344, 1355, 1359, 1368, 1379, 1390, 1398, 1409, 1423, 1432, 1442, 1455, 1467, 1481, 1498, 1508]
[0, 1481, 1469, 1457, 1442, 1430, 1422, 1410, 1401, 1392, 1379, 1367, 1359, 1354, 1348, 1341, 1333, 1328, 1323, 1318, 1315, 1311, 1308, 1306, 1302, 1300, 1299, 1297, 1297, 1297, 1295, 1295, 1297, 1298, 1300, 1302, 1304, 1306, 1307, 1310, 1315, 1319, 1322, 1329, 1336, 1341, 1349, 1357, 1365, 1375, 1386, 1395, 1404, 1416, 1427, 1439, 1452, 1475, 1489, 1498, 1491]
[0, 1486, 1469, 1456, 1443, 1432, 1423, 1412, 1399, 1390, 1383, 1374, 1363, 1355, 1349, 1342, 1333, 1327, 1323, 1318, 1315, 1311, 1307, 1306, 1302, 1300, 1298, 1296, 1297, 1296, 1295, 1295, 1297, 1298, 1300, 1302, 1304, 1307, 1309, 1312, 1316, 1320, 1323, 1328, 1335, 1341, 1348, 1357, 1364, 1374, 1386, 1395, 1404, 1416, 1427, 1439, 1452, 1463, 1477, 1491, 1484]
[0, 1486, 1469, 1456, 1443, 1432, 1423, 1412, 1399, 1390, 1382, 1373, 1363, 1354, 1348, 1341, 1332, 1327, 1323, 1318, 1315, 1311, 1308, 1306, 1303, 1301, 1299, 1298, 1296, 1295, 1296, 1297, 1295, 1297, 1300, 1301, 1303, 1305, 1304, 1307, 1314, 1318, 1322, 1327, 1334, 1342, 1349, 1355, 1362, 1372, 1384, 1394, 1403, 1413, 1424, 1450, 1460, 1472, 1487, 1500, 1506]
