[0, 0, 0, 0, 0, 0, 0, 0, 0, 0, 0, 0, 0, 0, 0, 0, 0, 0, 0, 0, 0, 0, 0, 0, 0, 0, 0, 0, 0, 0, 0, 0, 0, 0, 0, 0, 0, 0, 0, 0, 0, 0, 0, 0, 0, 0, 0, 0, 0, 0, 0, 0, 0, 0, 0, 0, 0, 0, 0, 0, 0]
[0, 530, 526, 522, 518, 515, 511, 509, 506, 503, 500, 498, 496, 494, 492, 490, 488, 487, 485, 485, 484, 483, 482, 481, 481, 480, 480, 480, 480, 480, 480, 481, 481, 482, 483, 484, 484, 486, 488, 490, 492, 493, 495, 498, 500, 503, 509, 511, 512, 520, 522, 524, 533, 537, 542, 548, 553, 558, 563, 570, 577]
[0, 532, 527, 523, 520, 515, 512, 510, 507, 504, 502, 499, 497, 495, 493, 491, 489, 487, 486, 485, 484, 483, 482, 482, 480, 480, 480, 480, 480, 480, 481, 481, 481, 482, 483, 485, 486, 487, 488, 490, 492, 495, 497, 499, 502, 505, 508, 511, 515, 518, 522, 527, 532, 536, 541, 546, 552, 557, 562, 567, 574]
[0, 529, 524, 520, 517, 513, 510, 508, 505, 502, 500, 498, 496, 494, 492, 489, 489, 487, 486, 485, 483, 483, 482, 482, 481, 480, 480, 480, 480, 480, 480, 481, 481, 482, 483, 484, 485, 486, 488, 490, 492, 494, 496, 499, 501, 504, 508, 511, 514, 517, 521, 525, 530, 535, 539, 544, 554, 557, 565, 571, 578]
[0, 530, 526, 522, 518, 514, 512, 509, 506, 503, 500, 498, 496, 494, 492, 490, 488, 487, 485, 485, 484, 482, 482, 481, 481, 480, 480, 480, 480, 480, 480, 481, 481, 482, 483, 484, 485, 486, 487, 491, 493, 495, 498, 499, 503, 506, 509, 512, 515, 519, 523, 528, 532, 538, 542, 547, 552, 557, 563, 569, 575]
[0, 531, 527, 522, 518, 515, 512, 509, 506, 503, 500, 498, 496, 495, 492, 490, 488, 487, 485, 485, 484, 483, 482, 481, 480, 480, 480, 480, 480, 481, 481, 481, 481, 482, 483, 484, 485, 486, 488, 490, 492, 495, 497, 499, 502, 505, 508, 511, 515, 519, 523, 527, 531, 536, 541, 546, 551, 557, 561, 567, 574]
[0, 529, 524, 520, 517, 513, 510, 507, 505, 502, 500, 500, 495, 493, 492, 491, 489, 487, 486, 485, 484, 483, 482, 481, 481, 480, 480, 480, 480, 481, 481, 481, 482, 482, 483, 484, 485, 486, 488, 490, 492, 495, 496, 499, 501, 504, 508, 511, 514, 518, 522, 526, 531, 535, 539, 545, 551, 556, 561, 566, 573]
[0, 530, 526, 522, 518, 515, 511, 508, 505, 503, 500, 498, 496, 494, 492, 490, 489, 487, 486, 485, 484, 483, 482, 481, 481, 480, 480, 480, 480, 480, 480, 481, 481, 482, 483, 484, 484, 486, 488, 492, 493, 495, 495, 498, 500, 503, 509, 512, 514, 520, 524, 529, 534, 537, 542, 548, 553, 558, 564, 570, 577]
[0, 529, 524, 520, 517, 513, 510, 507, 505, 502, 500, 498, 496, 494, 492, 491, 487, 487, 485, 484, 484, 483, 482, 481, 480, 480, 480, 480, 480, 481, 481, 481, 482, 482, 483, 485, 486, 487, 488, 490, 493, 495, 497, 499, 502, 505, 509, 512, 515, 518, 522, 527, 532, 537, 542, 546, 552, 557, 562, 567, 575]
[0, 534, 530, 526, 517, 520, 517, 514, 505, 509, 500, 506, 504, 502, 499, 497, 496, 487, 493, 490, 484, 489, 488, 481, 481, 480, 480, 480, 479, 480, 481, 481, 481, 482, 483, 484, 486, 487, 488, 492, 493, 495, 497, 500, 502, 503, 506, 513, 516, 520, 524, 529, 533, 537, 542, 548, 553, 558, 563, 569, 577]
[0, 536, 532, 528, 524, 521, 518, 515, 512, 510, 507, 505, 503, 501, 499, 498, 496, 487, 494, 492, 490, 489, 489, 481, 488, 487, 486, 480, 486, 486, 487, 488, 489, 482, 491, 493, 494, 496, 497, 492, 502, 504, 497, 506, 512, 515, 518, 513, 526, 530, 534, 539, 543, 548, 553, 558, 563, 568, 574, 581, 587]
[0, 536, 532, 528, 524, 521, 518, 515, 512, 510, 507, 505, 503, 501, 499, 498, 496, 495, 494, 492, 490, 489, 489, 488, 487, 486, 486, 487, 487, 488, 487, 488, 489, 490, 491, 493, 495, 496, 498, 499, 502, 505, 507, 509, 512, 515, 518, 522, 526, 529, 533, 538, 543, 548, 553, 557, 562, 568, 574, 580, 588]
[0, 535, 531, 528, 524, 521, 517, 515, 512, 509, 507, 504, 503, 501, 499, 497, 496, 495, 494, 493, 490, 489, 489, 488, 487, 486, 487, 487, 487, 488, 487, 488, 489, 490, 491, 493, 495, 496, 498, 499, 502, 505, 507, 509, 512, 515, 518, 522, 525, 529, 533, 538, 543, 548, 553, 557, 562, 568, 574, 580, 588]
[0, 537, 533, 529, 525, 522, 519, 516, 513, 510, 508, 506, 503, 501, 499, 498, 496, 495, 494, 492, 491, 490, 489, 488, 487, 488, 486, 487, 488, 488, 488, 488, 489, 490, 491, 493, 495, 496, 498, 501, 503, 506, 508, 509, 512, 515, 518, 522, 526, 530, 534, 539, 543, 548, 553, 558, 563, 570, 576, 581, 587]
[0, 538, 534, 530, 526, 523, 520, 517, 514, 511, 509, 507, 504, 502, 500, 499, 497, 495, 494, 493, 492, 490, 490, 489, 488, 487, 487, 487, 487, 488, 489, 490, 490, 491, 492, 493, 495, 496, 498, 500, 503, 505, 507, 509, 512, 515, 518, 522, 525, 529, 534, 538, 542, 547, 552, 557, 562, 568, 574, 580, 586]
[0, 537, 534, 533, 530, 526, 523, 521, 517, 514, 512, 510, 508, 506, 503, 502, 500, 498, 498, 497, 496, 494, 493, 492, 489, 488, 487, 487, 487, 488, 488, 489, 490, 490, 492, 493, 495, 496, 498, 500, 502, 504, 506, 509, 511, 514, 517, 521, 525, 529, 532, 537, 546, 552, 552, 557, 565, 572, 579, 585, 592]
[0, 541, 537, 532, 528, 524, 521, 518, 517, 514, 511, 508, 506, 504, 502, 501, 500, 498, 497, 496, 495, 494, 493, 493, 492, 492, 491, 491, 491, 491, 492, 492, 493, 494, 495, 496, 499, 496, 500, 504, 502, 507, 510, 512, 514, 520, 524, 528, 531, 535, 540, 544, 549, 554, 559, 564, 570, 575, 581, 588, 594]
[0, 537, 537, 530, 526, 524, 520, 518, 517, 514, 512, 509, 505, 504, 503, 502, 500, 498, 498, 497, 495, 494, 493, 493, 493, 491, 491, 491, 492, 493, 493, 493, 493, 495, 496, 497, 498, 500, 501, 503, 505, 508, 510, 512, 515, 519, 522, 525, 529, 533, 537, 541, 546, 551, 556, 565, 570, 571, 577, 590, 596]
[0, 538, 534, 531, 528, 524, 521, 518, 515, 513, 510, 508, 505, 503, 502, 501, 500, 498, 497, 496, 495, 494, 493, 493, 492, 492, 491, 491, 492, 492, 493, 492, 493, 495, 496, 498, 498, 500, 501, 502, 507, 510, 510, 514, 517, 520, 524, 528, 531, 535, 540, 544, 549, 554, 559, 564, 570, 575, 581, 588, 594]
[0, 543, 538, 536, 533, 529, 526, 523, 520, 518, 515, 512, 511, 509, 506, 505, 503, 502, 501, 500, 499, 498, 497, 496, 492, 491, 490, 491, 491, 492, 493, 494, 494, 495, 496, 497, 499, 500, 502, 504, 506, 508, 511, 513, 516, 520, 523, 526, 530, 535, 539, 543, 548, 554, 558, 562, 568, 574, 580, 586, 592]
[0, 544, 539, 535, 533, 529, 526, 523, 520, 518, 515, 513, 511, 509, 506, 504, 503, 502, 501, 500, 499, 498, 497, 497, 496, 496, 495, 496, 496, 496, 497, 498, 499, 499, 499, 501, 503, 505, 507, 509, 510, 512, 515, 517, 521, 524, 527, 530, 534, 538, 542, 547, 552, 557, 562, 567, 572, 578, 591, 586, 603]
[0, 546, 542, 538, 535, 532, 526, 526, 520, 524, 521, 516, 511, 512, 506, 511, 507, 506, 504, 500, 503, 498, 502, 501, 496, 496, 495, 495, 496, 496, 497, 497, 498, 499, 500, 501, 503, 505, 507, 509, 510, 512, 515, 517, 521, 524, 527, 530, 534, 538, 543, 547, 552, 557, 562, 567, 572, 585, 591, 591, 603]
[0, 552, 547, 543, 540, 537, 533, 530, 527, 525, 522, 520, 518, 516, 513, 511, 510, 509, 507, 506, 505, 504, 504, 503, 501, 500, 499, 499, 500, 501, 501, 503, 504, 499, 504, 507, 503, 510, 511, 509, 516, 519, 521, 524, 526, 530, 534, 537, 541, 545, 550, 555, 559, 564, 570, 575, 581, 587, 593, 599, 605]
[0, 553, 549, 545, 542, 538, 535, 533, 530, 527, 525, 523, 521, 519, 516, 511, 513, 512, 511, 510, 510, 509, 508, 503, 502, 502, 502, 502, 502, 502, 503, 503, 504, 506, 506, 507, 509, 509, 513, 509, 515, 520, 521, 526, 530, 533, 536, 540, 543, 548, 552, 556, 560, 566, 572, 578, 583, 589, 596, 602, 609]
[0, 555, 551, 547, 544, 540, 536, 534, 532, 529, 526, 524, 522, 519, 518, 516, 514, 512, 511, 510, 510, 509, 508, 507, 502, 506, 502, 506, 507, 508, 508, 509, 510, 511, 511, 513, 514, 515, 517, 520, 522, 524, 527, 530, 533, 536, 539, 543, 547, 551, 556, 560, 564, 569, 575, 581, 586, 592, 598, 611, 609]
[0, 562, 558, 554, 550, 547, 544, 541, 538, 536, 533, 531, 529, 527, 526, 524, 522, 521, 519, 518, 517, 516, 515, 515, 507, 507, 506, 506, 507, 507, 508, 508, 509, 510, 510, 512, 513, 515, 517, 521, 522, 526, 527, 529, 534, 538, 541, 545, 549, 553, 558, 562, 566, 572, 578, 584, 590, 596, 602, 607, 613]
[0, 567, 563, 559, 555, 551, 549, 546, 543, 540, 538, 536, 534, 532, 530, 528, 527, 525, 524, 523, 522, 521, 520, 520, 515, 514, 514, 514, 514, 515, 516, 517, 518, 519, 520, 521, 522, 524, 526, 528, 530, 533, 535, 538, 541, 545, 548, 551, 555, 559, 563, 568, 573, 583, 589, 584, 601, 607, 613, 620, 627]
[0, 565, 562, 558, 555, 551, 548, 546, 542, 539, 537, 535, 533, 532, 530, 528, 526, 525, 524, 522, 521, 520, 520, 520, 519, 519, 519, 519, 520, 520, 520, 521, 522, 523, 523, 524, 526, 529, 531, 533, 534, 537, 540, 542, 545, 549, 556, 559, 555, 563, 567, 577, 583, 588, 594, 599, 605, 612, 617, 623, 631]
[0, 570, 565, 562, 559, 555, 552, 549, 546, 544, 542, 539, 537, 535, 534, 532, 530, 528, 527, 526, 525, 524, 523, 519, 519, 519, 518, 519, 520, 520, 520, 521, 522, 523, 524, 525, 527, 528, 530, 533, 535, 537, 540, 543, 546, 550, 554, 557, 561, 565, 569, 574, 580, 585, 590, 596, 601, 607, 613, 620, 628]
[0, 570, 564, 561, 558, 555, 554, 551, 548, 545, 540, 539, 537, 535, 533, 532, 531, 529, 527, 527, 526, 525, 524, 523, 522, 522, 523, 523, 523, 523, 524, 523, 524, 526, 528, 529, 530, 532, 534, 536, 538, 541, 544, 547, 550, 552, 556, 560, 564, 568, 572, 577, 583, 588, 592, 604, 601, 610, 623, 630, 638]
[0, 568, 564, 560, 557, 554, 551, 548, 545, 542, 540, 540, 538, 534, 533, 531, 531, 529, 527, 525, 525, 524, 523, 523, 522, 522, 522, 523, 523, 523, 524, 523, 525, 525, 527, 529, 531, 532, 534, 537, 540, 541, 545, 548, 551, 555, 558, 562, 566, 570, 575, 581, 586, 591, 595, 602, 608, 614, 620, 627, 634]
[0, 576, 572, 568, 564, 560, 557, 555, 551, 549, 547, 544, 542, 541, 539, 537, 535, 534, 533, 531, 531, 531, 529, 523, 522, 522, 522, 523, 523, 523, 524, 525, 525, 526, 527, 529, 531, 533, 535, 538, 540, 542, 545, 549, 552, 555, 559, 562, 566, 571, 575, 582, 587, 591, 596, 603, 610, 617, 622, 628, 635]
[0, 592, 588, 583, 579, 575, 572, 568, 565, 562, 560, 558, 556, 554, 552, 550, 549, 547, 546, 545, 543, 542, 542, 541, 529, 529, 529, 530, 531, 530, 530, 532, 533, 534, 535, 537, 539, 542, 543, 545, 548, 551, 554, 557, 560, 564, 567, 572, 577, 581, 586, 591, 596, 601, 607, 612, 618, 625, 632, 639, 646]
[0, 591, 587, 583, 579, 575, 571, 568, 565, 562, 560, 558, 556, 554, 552, 550, 548, 547, 545, 544, 543, 542, 542, 541, 541, 541, 541, 540, 537, 535, 533, 534, 538, 543, 547, 548, 550, 552, 553, 556, 558, 559, 563, 566, 569, 573, 577, 581, 586, 590, 594, 599, 604, 608, 614, 628, 634, 641, 648, 654, 661]
[0, 602, 598, 594, 590, 587, 583, 580, 577, 574, 570, 568, 566, 564, 562, 560, 559, 558, 556, 555, 554, 552, 551, 551, 541, 541, 541, 540, 538, 535, 533, 534, 538, 543, 547, 548, 550, 552, 553, 555, 557, 559, 563, 566, 569, 573, 577, 581, 585, 590, 594, 599, 608, 608, 614, 620, 633, 640, 647, 654, 661]
[0, 599, 598, 595, 588, 587, 584, 580, 577, 574, 572, 569, 566, 564, 562, 561, 559, 558, 556, 555, 554, 553, 552, 551, 551, 551, 549, 544, 538, 534, 533, 534, 536, 542, 552, 558, 559, 561, 563, 565, 567, 570, 574, 577, 581, 585, 588, 592, 596, 605, 594, 610, 615, 626, 632, 639, 646, 640, 659, 667, 675]
[0, 609, 605, 601, 598, 595, 591, 588, 577, 582, 579, 569, 574, 572, 570, 561, 567, 558, 565, 563, 563, 561, 552, 560, 551, 551, 551, 548, 541, 535, 532, 533, 535, 541, 551, 559, 559, 560, 562, 567, 569, 572, 576, 580, 583, 587, 591, 592, 599, 604, 608, 613, 618, 624, 631, 638, 644, 651, 658, 666, 673]
[0, 609, 605, 602, 598, 595, 591, 588, 585, 582, 579, 577, 574, 572, 572, 568, 567, 558, 565, 563, 562, 561, 560, 560, 560, 559, 555, 547, 540, 534, 531, 532, 535, 540, 551, 559, 570, 572, 575, 577, 0, 583, 576, 590, 593, 597, 601, 605, 609, 614, 618, 624, 630, 636, 643, 648, 654, 662, 670, 677, 685]
[0, 619, 615, 612, 608, 605, 602, 599, 595, 592, 589, 587, 586, 583, 581, 579, 578, 576, 574, 573, 571, 571, 570, 560, 560, 559, 554, 546, 540, 534, 531, 531, 534, 539, 562, 568, 570, 572, 575, 577, 580, 583, 586, 590, 593, 597, 600, 604, 609, 613, 617, 624, 630, 636, 643, 648, 654, 662, 670, 677, 685]
[0, 623, 619, 612, 611, 605, 605, 599, 602, 596, 589, 592, 586, 590, 587, 586, 584, 582, 580, 579, 578, 577, 576, 575, 569, 561, 550, 541, 540, 533, 530, 532, 536, 539, 562, 0, 580, 582, 584, 587, 590, 593, 595, 598, 602, 606, 610, 614, 619, 623, 628, 635, 641, 647, 651, 658, 666, 673, 680, 688, 696]
[0, 625, 621, 617, 613, 609, 607, 604, 601, 598, 594, 592, 590, 588, 586, 585, 583, 582, 581, 579, 577, 576, 576, 575, 575, 561, 550, 0, 537, 531, 529, 530, 533, 539, 562, 0, 0, 587, 589, 594, 0, 598, 602, 598, 605, 609, 617, 621, 619, 632, 638, 643, 649, 654, 660, 667, 674, 681, 690, 698, 706]
[0, 631, 626, 621, 617, 614, 611, 608, 605, 603, 600, 597, 594, 593, 591, 590, 588, 587, 585, 583, 583, 582, 581, 575, 575, 574, 0, 541, 533, 530, 530, 531, 536, 539, 562, 0, 586, 588, 590, 593, 595, 597, 600, 603, 607, 611, 615, 619, 624, 629, 634, 640, 646, 651, 657, 663, 670, 677, 684, 693, 702]
[0, 633, 628, 624, 619, 616, 613, 610, 607, 604, 601, 599, 596, 594, 592, 591, 590, 588, 587, 585, 584, 582, 582, 580, 580, 574, 576, 0, 539, 533, 530, 531, 536, 547, 562, 558, 586, 0, 596, 598, 600, 603, 606, 610, 613, 617, 621, 626, 631, 636, 642, 648, 653, 659, 664, 670, 678, 686, 694, 702, 710]
[0, 639, 634, 629, 626, 622, 618, 616, 614, 611, 608, 606, 604, 601, 600, 598, 596, 595, 594, 593, 592, 591, 591, 581, 580, 580, 0, 544, 535, 531, 529, 530, 533, 547, 562, 0, 586, 0, 0, 597, 599, 602, 605, 608, 612, 616, 619, 624, 629, 633, 638, 644, 650, 656, 662, 668, 675, 681, 698, 706, 713]
[0, 643, 638, 633, 630, 626, 621, 618, 615, 613, 611, 608, 605, 603, 601, 599, 597, 596, 595, 594, 594, 593, 592, 591, 591, 590, 0, 0, 537, 532, 529, 528, 531, 536, 562, 0, 0, 0, 0, 609, 612, 615, 618, 622, 626, 630, 634, 640, 644, 648, 654, 659, 665, 671, 678, 685, 693, 701, 708, 715, 724]
[0, 641, 637, 633, 628, 626, 621, 618, 618, 615, 612, 610, 605, 603, 603, 601, 599, 598, 597, 595, 594, 593, 593, 592, 591, 591, 0, 0, 532, 532, 528, 528, 535, 545, 556, 563, 0, 0, 0, 608, 611, 614, 617, 621, 625, 628, 633, 638, 642, 647, 653, 659, 663, 669, 676, 683, 691, 698, 706, 714, 721]
[0, 659, 654, 649, 645, 642, 639, 635, 632, 629, 626, 623, 621, 603, 616, 614, 613, 612, 597, 609, 609, 593, 607, 606, 592, 592, 0, 0, 536, 531, 529, 529, 531, 537, 556, 563, 0, 0, 0, 0, 612, 615, 619, 622, 626, 629, 634, 639, 644, 648, 654, 661, 666, 672, 678, 685, 693, 701, 709, 715, 723]
[0, 664, 660, 657, 652, 649, 646, 643, 639, 637, 634, 631, 628, 625, 623, 621, 619, 617, 616, 616, 615, 614, 613, 607, 607, 592, 0, 0, 534, 528, 526, 526, 529, 535, 556, 0, 0, 0, 620, 625, 628, 632, 637, 640, 643, 648, 651, 655, 660, 665, 671, 677, 683, 690, 697, 704, 711, 718, 726, 735, 743]
[0, 664, 669, 665, 661, 657, 653, 650, 647, 644, 641, 639, 637, 633, 632, 630, 627, 625, 624, 623, 621, 620, 620, 613, 613, 613, 0, 0, 534, 528, 526, 526, 528, 533, 556, 0, 0, 0, 620, 0, 635, 639, 642, 646, 649, 653, 657, 662, 667, 672, 678, 683, 690, 697, 704, 710, 717, 725, 732, 741, 751]
[0, 672, 667, 663, 659, 655, 652, 649, 645, 643, 640, 637, 635, 633, 630, 628, 627, 625, 624, 623, 621, 620, 619, 619, 619, 619, 0, 539, 530, 525, 524, 526, 530, 538, 556, 0, 0, 0, 0, 637, 641, 644, 647, 650, 653, 657, 662, 666, 671, 677, 683, 689, 695, 702, 709, 722, 717, 738, 746, 741, 765]
[0, 694, 689, 683, 680, 676, 672, 669, 665, 662, 659, 656, 655, 652, 649, 647, 647, 645, 644, 643, 641, 640, 639, 619, 619, 622, 0, 0, 534, 528, 525, 526, 527, 533, 0, 630, 0, 0, 0, 0, 643, 646, 650, 653, 656, 661, 665, 669, 674, 679, 686, 693, 699, 706, 712, 719, 726, 734, 743, 752, 761]
[0, 694, 683, 679, 680, 676, 672, 669, 665, 662, 659, 656, 654, 652, 649, 647, 646, 645, 644, 643, 641, 640, 639, 638, 638, 638, 0, 538, 529, 525, 524, 525, 527, 535, 0, 630, 0, 0, 0, 0, 0, 663, 665, 668, 673, 677, 681, 693, 697, 704, 710, 715, 721, 728, 736, 744, 751, 760, 768, 777, 787]
[0, 695, 690, 685, 681, 677, 675, 671, 668, 665, 663, 661, 658, 655, 653, 651, 649, 648, 647, 646, 645, 645, 644, 638, 638, 638, 0, 538, 529, 525, 523, 524, 527, 534, 0, 630, 0, 0, 0, 0, 0, 663, 665, 668, 673, 677, 688, 693, 697, 704, 709, 715, 721, 728, 736, 744, 751, 760, 769, 778, 787]
[0, 696, 690, 687, 682, 679, 676, 673, 668, 669, 664, 661, 661, 657, 654, 651, 653, 652, 649, 648, 648, 647, 644, 646, 642, 643, 0, 0, 532, 526, 523, 522, 525, 540, 0, 649, 654, 0, 0, 662, 665, 668, 671, 675, 679, 684, 689, 696, 701, 706, 711, 717, 723, 730, 737, 744, 752, 760, 770, 778, 786]
[0, 700, 695, 690, 685, 681, 678, 675, 671, 668, 665, 663, 661, 658, 656, 654, 652, 651, 650, 649, 648, 647, 647, 646, 646, 643, 0, 540, 529, 524, 522, 523, 526, 540, 0, 656, 659, 0, 662, 666, 669, 672, 675, 680, 684, 688, 694, 701, 706, 711, 716, 722, 729, 735, 743, 751, 759, 767, 776, 784, 794]
[0, 696, 691, 687, 682, 681, 676, 675, 673, 669, 663, 661, 661, 656, 656, 654, 652, 650, 650, 649, 648, 648, 647, 646, 646, 646, 0, 534, 527, 524, 522, 523, 528, 536, 0, 656, 0, 0, 662, 666, 0, 669, 673, 677, 681, 686, 690, 696, 702, 706, 712, 717, 731, 738, 743, 753, 761, 769, 777, 788, 798]
[0, 717, 713, 709, 705, 701, 697, 693, 690, 685, 682, 681, 679, 676, 674, 673, 671, 670, 668, 666, 666, 666, 664, 646, 646, 646, 0, 540, 529, 524, 522, 523, 526, 536, 0, 656, 656, 659, 0, 666, 669, 672, 675, 679, 684, 688, 694, 700, 705, 710, 715, 721, 728, 735, 742, 750, 758, 767, 775, 784, 793]
[0, 720, 715, 710, 705, 702, 698, 694, 690, 687, 684, 682, 680, 678, 675, 674, 672, 671, 669, 667, 666, 665, 664, 664, 663, 664, 0, 533, 529, 522, 522, 523, 526, 535, 0, 656, 0, 0, 0, 666, 0, 689, 693, 699, 703, 707, 712, 716, 722, 729, 734, 741, 748, 761, 742, 769, 784, 793, 804, 813, 823]
[0, 717, 713, 708, 704, 700, 696, 692, 689, 686, 682, 680, 678, 677, 675, 673, 672, 670, 669, 667, 666, 665, 665, 663, 664, 664, 0, 538, 528, 523, 521, 523, 526, 532, 0, 0, 677, 0, 0, 686, 0, 693, 697, 702, 706, 711, 715, 720, 725, 732, 739, 745, 751, 759, 766, 774, 782, 791, 801, 810, 820]
[0, 738, 733, 727, 722, 718, 715, 712, 708, 706, 703, 701, 698, 695, 693, 691, 689, 688, 686, 684, 684, 682, 681, 664, 665, 664, 0, 0, 531, 525, 522, 521, 524, 529, 538, 0, 0, 0, 0, 686, 0, 691, 696, 700, 705, 709, 714, 718, 723, 729, 735, 742, 749, 756, 764, 771, 779, 789, 799, 807, 826]
[0, 738, 734, 730, 724, 719, 716, 713, 710, 706, 704, 702, 699, 698, 696, 693, 691, 689, 687, 687, 686, 685, 683, 681, 681, 682, 0, 534, 525, 521, 519, 521, 526, 533, 538, 0, 695, 699, 0, 706, 0, 709, 712, 716, 726, 732, 737, 718, 750, 755, 761, 769, 775, 782, 790, 799, 808, 816, 825, 834, 844]
[0, 738, 734, 729, 724, 719, 716, 713, 710, 706, 704, 701, 699, 698, 696, 693, 691, 690, 688, 687, 686, 684, 683, 683, 683, 684, 0, 0, 532, 525, 521, 520, 526, 535, 538, 0, 697, 0, 0, 706, 0, 711, 716, 720, 724, 730, 735, 740, 745, 751, 758, 764, 770, 785, 794, 803, 811, 820, 828, 836, 846]
[0, 749, 744, 729, 735, 731, 716, 724, 721, 706, 719, 714, 712, 698, 707, 705, 691, 703, 702, 702, 686, 701, 683, 683, 683, 683, 0, 0, 531, 524, 520, 519, 521, 527, 536, 0, 698, 0, 0, 706, 0, 712, 716, 720, 724, 730, 735, 740, 745, 752, 759, 765, 772, 778, 785, 794, 812, 820, 829, 837, 848]
[0, 770, 765, 760, 756, 751, 747, 743, 739, 737, 735, 733, 730, 727, 725, 723, 720, 719, 718, 716, 715, 715, 715, 683, 700, 683, 0, 535, 525, 521, 519, 519, 523, 527, 0, 709, 713, 0, 0, 720, 726, 731, 735, 739, 743, 749, 754, 760, 766, 771, 778, 786, 793, 801, 809, 817, 825, 832, 841, 852, 864]
[0, 770, 765, 761, 756, 751, 747, 747, 743, 736, 735, 733, 732, 729, 726, 724, 721, 719, 719, 718, 716, 716, 715, 715, 716, 683, 0, 536, 525, 520, 518, 518, 521, 527, 538, 0, 730, 0, 0, 0, 744, 749, 753, 758, 763, 767, 773, 779, 785, 791, 799, 807, 813, 821, 829, 835, 843, 854, 863, 872, 880]
[0, 780, 774, 769, 765, 761, 756, 753, 750, 747, 743, 741, 738, 735, 734, 732, 729, 728, 726, 725, 724, 724, 723, 715, 716, 715, 0, 533, 524, 520, 519, 520, 522, 527, 0, 726, 731, 732, 735, 741, 745, 750, 755, 759, 764, 769, 775, 781, 786, 794, 800, 807, 815, 823, 830, 838, 846, 857, 867, 875, 884]
[0, 781, 775, 770, 766, 761, 757, 753, 750, 747, 743, 740, 737, 735, 733, 732, 730, 728, 727, 725, 724, 724, 723, 723, 723, 724, 0, 0, 527, 521, 519, 519, 520, 525, 535, 0, 738, 732, 0, 0, 752, 757, 761, 765, 770, 776, 781, 787, 793, 800, 807, 814, 822, 829, 835, 844, 854, 872, 867, 889, 900]
[0, 799, 793, 786, 781, 777, 773, 769, 766, 764, 760, 757, 754, 752, 750, 747, 744, 743, 742, 740, 739, 738, 737, 723, 723, 722, 0, 0, 527, 521, 518, 518, 520, 525, 535, 0, 738, 732, 0, 0, 752, 757, 761, 765, 770, 775, 781, 787, 793, 800, 807, 814, 821, 829, 835, 844, 863, 872, 867, 889, 900]
[0, 796, 790, 786, 780, 774, 771, 768, 765, 762, 760, 757, 754, 752, 749, 746, 744, 743, 742, 740, 738, 738, 738, 738, 738, 738, 0, 0, 522, 518, 517, 519, 520, 529, 535, 752, 738, 0, 0, 766, 0, 776, 761, 785, 791, 796, 802, 809, 815, 822, 829, 835, 842, 851, 860, 868, 877, 885, 893, 903, 915]
[0, 798, 792, 786, 781, 777, 772, 768, 766, 763, 760, 757, 754, 752, 750, 747, 745, 744, 742, 740, 739, 738, 738, 738, 737, 738, 0, 536, 526, 520, 518, 518, 521, 525, 535, 0, 754, 0, 0, 0, 767, 773, 778, 782, 787, 793, 799, 805, 811, 818, 824, 830, 837, 846, 856, 865, 873, 880, 888, 897, 908]
[0, 828, 823, 818, 813, 808, 805, 801, 797, 794, 791, 789, 787, 784, 781, 779, 778, 777, 776, 776, 776, 774, 738, 739, 739, 738, 0, 529, 526, 521, 519, 518, 518, 531, 535, 0, 754, 0, 0, 0, 766, 771, 776, 780, 786, 797, 803, 809, 811, 815, 829, 835, 843, 853, 860, 868, 876, 885, 894, 904, 915]
[0, 834, 828, 824, 818, 813, 810, 806, 802, 799, 796, 793, 790, 788, 785, 781, 781, 780, 778, 777, 776, 775, 774, 773, 773, 738, 0, 533, 522, 517, 515, 516, 519, 531, 535, 0, 754, 0, 801, 805, 809, 813, 819, 825, 829, 834, 840, 846, 853, 861, 868, 875, 882, 888, 896, 907, 917, 926, 935, 945, 956]
[0, 834, 830, 820, 818, 811, 810, 807, 803, 800, 795, 793, 791, 788, 785, 783, 781, 779, 778, 778, 777, 776, 775, 773, 773, 774, 0, 0, 527, 521, 517, 515, 517, 521, 530, 0, 792, 0, 801, 0, 806, 811, 815, 820, 831, 836, 840, 851, 858, 865, 871, 878, 884, 892, 902, 912, 922, 933, 940, 949, 961]
[0, 846, 840, 834, 830, 827, 823, 818, 814, 812, 811, 808, 804, 801, 799, 797, 796, 794, 793, 793, 794, 792, 775, 774, 774, 773, 0, 529, 527, 521, 518, 518, 522, 529, 530, 0, 0, 0, 0, 807, 811, 815, 820, 820, 831, 836, 842, 850, 858, 865, 872, 878, 884, 892, 901, 911, 922, 932, 940, 949, 961]
[0, 852, 845, 839, 835, 830, 827, 822, 818, 816, 812, 810, 808, 805, 803, 801, 798, 796, 796, 795, 793, 792, 792, 790, 790, 773, 0, 531, 521, 517, 515, 516, 519, 525, 534, 0, 0, 546, 0, 824, 827, 831, 835, 842, 849, 854, 861, 867, 872, 878, 885, 893, 901, 911, 920, 929, 937, 947, 957, 967, 981]
[0, 852, 854, 839, 850, 837, 834, 822, 828, 826, 824, 821, 818, 815, 803, 813, 811, 809, 808, 795, 808, 805, 792, 792, 792, 792, 0, 0, 525, 519, 516, 515, 517, 521, 534, 0, 0, 0, 0, 818, 826, 830, 833, 839, 844, 850, 864, 870, 875, 882, 890, 897, 905, 913, 923, 933, 942, 951, 961, 973, 987]
[0, 865, 859, 853, 845, 839, 836, 834, 830, 826, 824, 822, 819, 817, 816, 813, 811, 810, 809, 808, 807, 807, 806, 806, 792, 806, 0, 528, 525, 516, 516, 514, 520, 521, 534, 0, 549, 0, 0, 837, 841, 846, 853, 859, 865, 870, 875, 881, 887, 894, 902, 911, 920, 929, 937, 945, 954, 965, 978, 990, 1002]
[0, 882, 877, 872, 868, 865, 860, 856, 851, 847, 844, 841, 837, 836, 834, 833, 831, 830, 829, 828, 827, 826, 827, 806, 806, 806, 0, 0, 524, 518, 515, 514, 517, 521, 530, 543, 549, 549, 0, 834, 837, 842, 848, 855, 861, 867, 871, 877, 889, 894, 896, 905, 923, 932, 939, 948, 959, 970, 983, 993, 1004]
[0, 882, 877, 871, 867, 864, 860, 856, 852, 848, 844, 840, 837, 836, 834, 833, 832, 830, 829, 828, 827, 827, 827, 827, 827, 806, 0, 0, 522, 517, 514, 514, 517, 522, 0, 0, 549, 549, 0, 860, 865, 870, 873, 878, 884, 889, 894, 902, 909, 916, 924, 932, 941, 950, 959, 969, 980, 992, 1003, 1014, 1024]
[0, 891, 886, 882, 877, 872, 868, 865, 863, 859, 855, 853, 850, 847, 843, 840, 840, 839, 837, 836, 835, 834, 834, 827, 828, 806, 0, 533, 522, 517, 514, 514, 517, 522, 0, 0, 0, 549, 0, 860, 865, 870, 873, 878, 884, 889, 894, 902, 909, 916, 924, 932, 941, 950, 959, 968, 980, 992, 1003, 1014, 1036]
[0, 891, 886, 882, 877, 872, 868, 865, 862, 858, 854, 852, 850, 846, 843, 840, 839, 838, 837, 835, 835, 835, 835, 836, 836, 835, 0, 0, 525, 518, 515, 515, 517, 521, 0, 0, 0, 549, 0, 873, 0, 881, 886, 0, 896, 902, 910, 917, 923, 930, 939, 947, 956, 966, 976, 988, 998, 1008, 1019, 1031, 1043]
[0, 912, 906, 899, 894, 890, 886, 883, 880, 877, 874, 872, 870, 868, 865, 864, 864, 863, 862, 861, 860, 860, 860, 836, 836, 834, 0, 0, 524, 517, 514, 514, 516, 520, 0, 0, 0, 549, 869, 873, 877, 881, 886, 891, 896, 902, 910, 917, 923, 931, 939, 947, 956, 966, 976, 988, 998, 1008, 1019, 1031, 1045]
[0, 947, 941, 936, 930, 925, 921, 918, 914, 911, 909, 906, 903, 901, 898, 896, 895, 893, 893, 891, 890, 891, 860, 861, 862, 834, 0, 532, 522, 0, 591, 593, 590, 0, 535, 0, 881, 885, 890, 894, 899, 904, 909, 915, 921, 928, 935, 942, 948, 953, 959, 969, 980, 991, 1000, 1009, 1019, 1031, 1042, 1055, 1083]
[0, 944, 939, 934, 930, 924, 920, 916, 912, 909, 907, 904, 901, 899, 897, 896, 895, 894, 893, 893, 892, 891, 891, 892, 892, 834, 0, 532, 0, 589, 593, 593, 590, 0, 0, 0, 919, 923, 928, 933, 937, 941, 947, 952, 958, 964, 971, 980, 988, 996, 1003, 1012, 1021, 1041, 1051, 1009, 1075, 1031, 1100, 1116, 1131]
[0, 959, 953, 948, 943, 940, 936, 932, 929, 925, 922, 920, 917, 915, 913, 910, 909, 909, 909, 908, 907, 907, 891, 891, 892, 834, 0, 532, 0, 590, 593, 593, 589, 0, 0, 0, 919, 923, 928, 933, 938, 943, 948, 953, 959, 965, 974, 983, 991, 997, 1005, 1014, 1022, 1032, 1043, 1054, 1066, 1077, 1089, 1104, 1119]
[0, 977, 970, 963, 956, 950, 947, 945, 942, 939, 936, 933, 930, 928, 926, 925, 923, 921, 920, 920, 920, 919, 919, 907, 908, 834, 0, 532, 0, 0, 592, 593, 590, 0, 0, 0, 934, 938, 942, 947, 951, 956, 961, 968, 976, 984, 991, 997, 1005, 1013, 1021, 1030, 1039, 1049, 1060, 1081, 1094, 1108, 1122, 1136, 1152]
[0, 972, 965, 959, 954, 950, 947, 945, 941, 937, 934, 931, 929, 926, 924, 923, 922, 920, 919, 919, 919, 920, 919, 920, 921, 922, 0, 576, 586, 591, 593, 593, 588, 579, 0, 0, 947, 951, 955, 960, 965, 972, 980, 987, 993, 999, 1005, 1012, 1020, 1029, 1037, 1047, 1058, 1069, 1078, 1089, 1101, 1116, 1130, 1144, 1158]
[0, 979, 971, 963, 957, 952, 949, 945, 942, 939, 936, 932, 930, 928, 925, 924, 923, 920, 920, 919, 920, 919, 920, 919, 920, 922, 0, 576, 0, 589, 593, 593, 590, 0, 0, 0, 0, 950, 954, 958, 964, 968, 975, 984, 991, 997, 1003, 1010, 1018, 1026, 1035, 1044, 1054, 1065, 1075, 1085, 1098, 1111, 1138, 1154, 1169]
[0, 1003, 997, 991, 985, 980, 975, 969, 965, 963, 959, 956, 954, 953, 952, 950, 949, 949, 947, 947, 946, 947, 919, 920, 920, 922, 0, 575, 585, 591, 593, 593, 588, 579, 0, 0, 947, 951, 955, 960, 965, 972, 980, 987, 993, 999, 1006, 1012, 1020, 1029, 1037, 1047, 1058, 1069, 1078, 1089, 1102, 1116, 1130, 1145, 1159]
[0, 1051, 1043, 1036, 1030, 1024, 1021, 1016, 1012, 1009, 1004, 1002, 1001, 999, 999, 997, 995, 994, 994, 994, 992, 993, 994, 949, 949, 950, 0, 0, 583, 589, 592, 593, 590, 587, 0, 973, 976, 982, 987, 992, 996, 1001, 1007, 1014, 1020, 1027, 1033, 1040, 1050, 1060, 1070, 1079, 1088, 1098, 1111, 1124, 1139, 1154, 1167, 1180, 1192]
[0, 1078, 1072, 1065, 1059, 1052, 1047, 1042, 1038, 1035, 1032, 1030, 1028, 1026, 1023, 1020, 1019, 1018, 1017, 1018, 1019, 1019, 1020, 993, 994, 995, 995, 995, 996, 998, 1001, 1002, 1003, 1007, 1011, 1015, 1019, 1023, 1028, 1034, 1040, 1046, 1053, 1066, 1073, 1080, 1088, 1096, 1105, 1115, 1126, 1137, 1150, 1162, 1173, 1185, 1199, 1213, 1226, 1240, 1255]
[0, 1077, 1070, 1063, 1057, 1052, 1046, 1042, 1038, 1034, 1032, 1030, 1026, 1024, 1022, 1020, 1018, 1017, 1018, 1019, 1019, 1018, 1020, 1020, 1020, 1020, 1021, 1022, 1023, 1026, 1029, 1031, 1034, 1038, 1041, 1044, 1048, 1058, 1028, 1064, 1069, 1083, 1088, 1096, 1103, 1111, 1120, 1129, 1141, 1151, 1161, 1172, 1183, 1195, 1208, 1223, 1235, 1248, 1263, 1279, 1297]
[0, 1096, 1089, 1083, 1076, 1070, 1065, 1060, 1057, 1054, 1050, 1046, 1042, 1040, 1039, 1037, 1036, 1035, 1035, 1035, 1035, 1035, 1036, 1020, 1021, 1020, 1020, 1022, 1024, 1027, 1029, 1031, 1035, 1039, 1042, 1045, 1050, 1057, 1061, 1067, 1074, 1078, 1083, 1091, 1098, 1106, 1115, 1125, 1135, 1145, 1156, 1166, 1175, 1187, 1200, 1212, 1225, 1240, 1255, 1287, 1305]
[0, 1103, 1096, 1089, 1083, 1078, 1074, 1069, 1064, 1062, 1059, 1057, 1054, 1051, 1050, 1048, 1045, 1045, 1045, 1044, 1044, 1045, 1036, 1036, 1036, 1037, 1038, 1039, 1040, 1042, 1044, 1047, 1052, 1057, 1059, 1064, 1071, 1057, 1082, 1088, 1093, 1100, 1107, 1115, 1124, 1130, 1139, 1151, 1160, 1169, 1179, 1191, 1205, 1216, 1227, 1242, 1256, 1270, 1285, 1303, 1305]
[0, 1105, 1098, 1090, 1085, 1080, 1076, 1071, 1065, 1062, 1060, 1058, 1055, 1051, 1050, 1048, 1046, 1045, 1045, 1045, 1045, 1046, 1047, 1047, 1048, 1049, 1051, 1053, 1055, 1057, 1060, 1062, 1064, 1070, 1075, 1077, 1081, 1087, 1093, 1098, 1105, 1112, 1119, 1127, 1136, 1145, 1154, 1161, 1169, 1178, 1190, 1202, 1213, 1225, 1238, 1253, 1266, 1280, 1296, 1303, 1321]
[0, 1109, 1101, 1092, 1086, 1083, 1077, 1072, 1067, 1063, 1060, 1058, 1056, 1052, 1050, 1049, 1047, 1047, 1046, 1044, 1044, 1045, 1045, 1045, 1048, 1051, 1051, 1052, 1055, 1057, 1060, 1061, 1064, 1069, 1074, 1077, 1080, 1085, 1090, 1096, 1103, 1111, 1119, 1126, 1133, 1142, 1150, 1159, 1168, 1176, 1187, 1200, 1211, 1223, 1237, 1251, 1264, 1278, 1295, 1303, 0]
[0, 1146, 1137, 1129, 1123, 1117, 1113, 1108, 1102, 1098, 1096, 1092, 1088, 1086, 1085, 1085, 1084, 1084, 1084, 1083, 1083, 1084, 1045, 1047, 1048, 1050, 1051, 1052, 1055, 1059, 1061, 1063, 1067, 1071, 1075, 1078, 1083, 1088, 1094, 1099, 1106, 1113, 1121, 1129, 1137, 1146, 1154, 1163, 1171, 1180, 1191, 1203, 1217, 1230, 1242, 1255, 1267, 1282, 1300, 1303, 1327]
[0, 1147, 1139, 1130, 1123, 1117, 1113, 1107, 1102, 1098, 1096, 1092, 1088, 1086, 1085, 1085, 1084, 1084, 1084, 1083, 1083, 1083, 1085, 1086, 1086, 1087, 1090, 1093, 1093, 1095, 1100, 1102, 1106, 1110, 1115, 1121, 1125, 1129, 1135, 1140, 1147, 1154, 1160, 1167, 1173, 1181, 1189, 1197, 1207, 1220, 1233, 1258, 1270, 1284, 1298, 1255, 1322, 1346, 1361, 1378, 1397]
[0, 1179, 1170, 1163, 1157, 1152, 1148, 1143, 1138, 1134, 1130, 1127, 1124, 1122, 1121, 1120, 1119, 1119, 1119, 1119, 1118, 1119, 1084, 1085, 1086, 1087, 1089, 1092, 1093, 1095, 1099, 1102, 1106, 1110, 1115, 1121, 1124, 1129, 1135, 1140, 1147, 1154, 1160, 1167, 1173, 1181, 1190, 1198, 1208, 1222, 1234, 1246, 1259, 1271, 1286, 1300, 1324, 1349, 1365, 1383, 1401]
[0, 1179, 1171, 1165, 1159, 1154, 1149, 1144, 1139, 1135, 1131, 1129, 1126, 1123, 1121, 1121, 1119, 1118, 1119, 1119, 1118, 1119, 1120, 1122, 1124, 1125, 1127, 1130, 1134, 1136, 1138, 1140, 1142, 1146, 1149, 1156, 1162, 1165, 1170, 1177, 1183, 1189, 1197, 1206, 1214, 1224, 1236, 1246, 1257, 1270, 1281, 1290, 1305, 1323, 1337, 1350, 1365, 1381, 1399, 1420, 1446]
[0, 1179, 1172, 1165, 1159, 1154, 1149, 1143, 1139, 1135, 1132, 1129, 1126, 1123, 1121, 1121, 1119, 1118, 1119, 1119, 1118, 1119, 1121, 1123, 1124, 1126, 1129, 1131, 1132, 1134, 1137, 1139, 1142, 1146, 1149, 1154, 1160, 1164, 1169, 1176, 1182, 1189, 1196, 1205, 1220, 1224, 1241, 1253, 1268, 1279, 1288, 1303, 1319, 1334, 1347, 1361, 1378, 1397, 1416, 1420, 1446]
[0, 1214, 1206, 1200, 1194, 1188, 1182, 1176, 1172, 1170, 1168, 1166, 1163, 1160, 1158, 1157, 1157, 1158, 1157, 1156, 1156, 1158, 1121, 1123, 1123, 1126, 1129, 1131, 1132, 1133, 1136, 1138, 1141, 1146, 1149, 1153, 1160, 1164, 1169, 1176, 1189, 1189, 1205, 1205, 1220, 1224, 1241, 1253, 1268, 1279, 1288, 1303, 1319, 1333, 1346, 1360, 1377, 1398, 1417, 1434, 1446]
[0, 1211, 1204, 1197, 1191, 1185, 1181, 1176, 1172, 1170, 1167, 1164, 1162, 1160, 1159, 1157, 1156, 1157, 1157, 1157, 1157, 1158, 1158, 1158, 1160, 1160, 1160, 1162, 1165, 1167, 1169, 1172, 1175, 1178, 1182, 1187, 1205, 1164, 1213, 1231, 1244, 1255, 1258, 1205, 1268, 1276, 1285, 1299, 1313, 1326, 1340, 1350, 1360, 1374, 1387, 1405, 1421, 1442, 1465, 1485, 1503]
[0, 1228, 1222, 1214, 1206, 1200, 1196, 1193, 1188, 1184, 1181, 1177, 1175, 1175, 1173, 1171, 1172, 1172, 1171, 1171, 1172, 1173, 1159, 1160, 1161, 1162, 1164, 1164, 1165, 1168, 1171, 1173, 1175, 1178, 1184, 1190, 1197, 1205, 1215, 1229, 1236, 1244, 1256, 1263, 1267, 1270, 1277, 1288, 1303, 1317, 1328, 1342, 1354, 1367, 1380, 1394, 1412, 1432, 1454, 1474, 1491]
[0, 1233, 1225, 1218, 1210, 1205, 1199, 1194, 1190, 1186, 1183, 1180, 1179, 1176, 1174, 1173, 1172, 1172, 1172, 1172, 1173, 1174, 1174, 1176, 1178, 1180, 1182, 1184, 1188, 1191, 1194, 1197, 1199, 1203, 1214, 1223, 1229, 1236, 1242, 1249, 1252, 1260, 1271, 1278, 1286, 1294, 1305, 1318, 1331, 1345, 1355, 1364, 1377, 1391, 1406, 1425, 1445, 1463, 1480, 1497, 1508]
[0, 1268, 1259, 1254, 1248, 1241, 1237, 1233, 1229, 1225, 1220, 1217, 1215, 1212, 1211, 1211, 1214, 1213, 1216, 1222, 1224, 1219, 1175, 1176, 1176, 1177, 1178, 1180, 1184, 1187, 1190, 1194, 1197, 1200, 1208, 1215, 1219, 1230, 1241, 1248, 1254, 1257, 1264, 1275, 1281, 1291, 1301, 1311, 1325, 1338, 1350, 1358, 1369, 1383, 1395, 1412, 1431, 1452, 1487, 1504, 1518]
[0, 1269, 1261, 1254, 1248, 1244, 1238, 1233, 1229, 1224, 1220, 1219, 1217, 1214, 1211, 1210, 1211, 1211, 1214, 1223, 1227, 1219, 1219, 1221, 1223, 1231, 1232, 1230, 1231, 1233, 1233, 1237, 1240, 1244, 1250, 1257, 1265, 1268, 1274, 1281, 1288, 1296, 1305, 1314, 1324, 1337, 1347, 1355, 1364, 1373, 1381, 1391, 1402, 1413, 1424, 1436, 1449, 1463, 1477, 1491, 1503]
[0, 1324, 1315, 1306, 1300, 1295, 1288, 1283, 1279, 1275, 1271, 1267, 1265, 1265, 1266, 1263, 1262, 1261, 1261, 1266, 1269, 1268, 1221, 1226, 1225, 1233, 1237, 1234, 1234, 1236, 1235, 1235, 1239, 1245, 1249, 1255, 1263, 1270, 1275, 1280, 1286, 1294, 1304, 1315, 1324, 1334, 1345, 1355, 1364, 1373, 1381, 1391, 1399, 1407, 1419, 1432, 1444, 1457, 1471, 1486, 1500]
[0, 1342, 1315, 1306, 1325, 1311, 1305, 1300, 1296, 1291, 1288, 1286, 1284, 1281, 1279, 1280, 1279, 1280, 1280, 1281, 1281, 1281, 1265, 1265, 1265, 1267, 1272, 1274, 1276, 1277, 1281, 1284, 1286, 1290, 1297, 1302, 1299, 1299, 1303, 1306, 1311, 1316, 1322, 1327, 1332, 1339, 1346, 1354, 1363, 1371, 1376, 1394, 1402, 1414, 1428, 1440, 1453, 1467, 1481, 1496, 1509]
[0, 1393, 1387, 1381, 1374, 1369, 1364, 1361, 1357, 1351, 1346, 1342, 1339, 1336, 1334, 1329, 1326, 1322, 1312, 1305, 1304, 1303, 1280, 1282, 1285, 1287, 1287, 1288, 1288, 1290, 1293, 1293, 1289, 1290, 1297, 1300, 1298, 1299, 1303, 1306, 1311, 1316, 1321, 1327, 1332, 1339, 1345, 1353, 1362, 1376, 1376, 1394, 1402, 1414, 1425, 1438, 1453, 1467, 1481, 1496, 1509]
[0, 1409, 1399, 1392, 1388, 1384, 1377, 1372, 1368, 1364, 1357, 1352, 1349, 1345, 1338, 1329, 1322, 1316, 1312, 1308, 1303, 1300, 1300, 1295, 1292, 1291, 1291, 1292, 1291, 1288, 1286, 1288, 1289, 1290, 1292, 1296, 1296, 1299, 1303, 1307, 1309, 1312, 1319, 1324, 1332, 1339, 1345, 1354, 1360, 1367, 1377, 1385, 1391, 1401, 1413, 1424, 1435, 1464, 1478, 1494, 1508]
[0, 1412, 1400, 1393, 1389, 1385, 1380, 1374, 1369, 1364, 1359, 1354, 1350, 1346, 1338, 1329, 1323, 1318, 1313, 1309, 1304, 1301, 1295, 1291, 1291, 1290, 1288, 1288, 1287, 1286, 1286, 1288, 1290, 1291, 1293, 1295, 1298, 1301, 1304, 1308, 1313, 1316, 1319, 1325, 1331, 1338, 1347, 1355, 1361, 1370, 1380, 1387, 1395, 1405, 1415, 1425, 1440, 1456, 1470, 1484, 1498]
[0, 1412, 1447, 1424, 1414, 1406, 1399, 1394, 1387, 1374, 1362, 1355, 1351, 1345, 1337, 1327, 1322, 1319, 1314, 1308, 1304, 1299, 1298, 1294, 1293, 1292, 1289, 1289, 1287, 1286, 1286, 1288, 1289, 1291, 1293, 1295, 1297, 1301, 1304, 1308, 1312, 1315, 1320, 1326, 1334, 1340, 1345, 1353, 1363, 1371, 1379, 1386, 1395, 1405, 1415, 1425, 1440, 1455, 1469, 1483, 1498]
[0, 1412, 1447, 1424, 1414, 1406, 1399, 1393, 1386, 1374, 1363, 1355, 1350, 1345, 1337, 1327, 1321, 1318, 1314, 1309, 1304, 1300, 1296, 1294, 1294, 1292, 1289, 1286, 1286, 1286, 1287, 1288, 1289, 1290, 1292, 1295, 1297, 1299, 1302, 1306, 1311, 1315, 1317, 1322, 1332, 1338, 1344, 1354, 1360, 1367, 1376, 1385, 1392, 1403, 1415, 1424, 1435, 1448, 1462, 1497, 1508]
[0, 1449, 1429, 1420, 1413, 1406, 1398, 1394, 1384, 1370, 1360, 1353, 1349, 1342, 1335, 1328, 1321, 1316, 1312, 1308, 1304, 1301, 1296, 1294, 1294, 1292, 1289, 1286, 1285, 1286, 1286, 1288, 1288, 1289, 1291, 1294, 1297, 1300, 1302, 1306, 1311, 1315, 1317, 1322, 1332, 1338, 1344, 1352, 1361, 1369, 1377, 1386, 1394, 1405, 1415, 1424, 1439, 1452, 1466, 1484, 1498]
[0, 1469, 1455, 1441, 1429, 1417, 1405, 1396, 1385, 1374, 1366, 1359, 1351, 1344, 1337, 1329, 1322, 1317, 1315, 1311, 1305, 1300, 1296, 1292, 1291, 1290, 1289, 1288, 1287, 1286, 1286, 1288, 1289, 1291, 1293, 1294, 1297, 1301, 1303, 1307, 1312, 1315, 1318, 1325, 1331, 1337, 1346, 1354, 1361, 1369, 1379, 1386, 1395, 1405, 1415, 1425, 1441, 1456, 1468, 1483, 1497]
[0, 1463, 1455, 1434, 1429, 1419, 1398, 1396, 1379, 1370, 1361, 1353, 1348, 1342, 1335, 1328, 1320, 1316, 1312, 1307, 1303, 1300, 1298, 1294, 1290, 1289, 1289, 1287, 1287, 1286, 1285, 1286, 1287, 1287, 1290, 1292, 1295, 1298, 1301, 1305, 1307, 1311, 1316, 1321, 1333, 1337, 1347, 1353, 1362, 1372, 1381, 1390, 1401, 1409, 1418, 1434, 1448, 1458, 1474, 1488, 1503]
[0, 1474, 1457, 1443, 1431, 1420, 1408, 1396, 1387, 1377, 1368, 1361, 1354, 1345, 1339, 1333, 1326, 1319, 1315, 1309, 1304, 1301, 1296, 1292, 1292, 1290, 1286, 1283, 1285, 1286, 1286, 1287, 1288, 1290, 1292, 1293, 1296, 1300, 1303, 1307, 1312, 1315, 1318, 1325, 1331, 1337, 1345, 1352, 1360, 1368, 1374, 1382, 1394, 1405, 1414, 1425, 1437, 1452, 1467, 1482, 1497]
[0, 1472, 1455, 1442, 1428, 1415, 1405, 1396, 1385, 1374, 1366, 1359, 1350, 1343, 1337, 1329, 1325, 1320, 1314, 1311, 1306, 1301, 1298, 1293, 1289, 1287, 1286, 1288, 1286, 1284, 1286, 1284, 1286, 1289, 1292, 1294, 1297, 1299, 1303, 1306, 1309, 1314, 1318, 1322, 1328, 1334, 1341, 1351, 1358, 1366, 1376, 1384, 1395, 1406, 1416, 1428, 1439, 1451, 1467, 1482, 1496]
[0, 1467, 1453, 1439, 1427, 1414, 1403, 1394, 1384, 1374, 1365, 1357, 1349, 1341, 1334, 1329, 1321, 1316, 1313, 1309, 1302, 1298, 1297, 1293, 1290, 1289, 1289, 1287, 1286, 1284, 1284, 1284, 1285, 1289, 1292, 1292, 1295, 1298, 1303, 1306, 1310, 1314, 1320, 1324, 1331, 1339, 1344, 1351, 1361, 1367, 1375, 1388, 1398, 1407, 1416, 1430, 1443, 1456, 1472, 1488, 1498]
[0, 1473, 1456, 1442, 1428, 1416, 1406, 1395, 1385, 1375, 1367, 1359, 1353, 1345, 1336, 1330, 1324, 1317, 1314, 1309, 1304, 1301, 1296, 1290, 1286, 1287, 1287, 1287, 1287, 1284, 1283, 1285, 1286, 1287, 1289, 1292, 1294, 1295, 1298, 1302, 1305, 1309, 1314, 1319, 1324, 1331, 1338, 1345, 1361, 1369, 1377, 1385, 1399, 1410, 1418, 1429, 1444, 1455, 1470, 1488, 1500]
[0, 1462, 1448, 1433, 1421, 1409, 1399, 1393, 1383, 1371, 1363, 1355, 1349, 1341, 1331, 1324, 1321, 1315, 1311, 1308, 1304, 1299, 1298, 1293, 1290, 1287, 1286, 1287, 1285, 1283, 1284, 1283, 1284, 1289, 1291, 1292, 1298, 1300, 1303, 1306, 1310, 1314, 1319, 1324, 1331, 1339, 1344, 1351, 1360, 1367, 1375, 1387, 1397, 1406, 1416, 1429, 1442, 1455, 1471, 1487, 1498]
[0, 1474, 1456, 1443, 1431, 1419, 1406, 1395, 1384, 1374, 1368, 1360, 1352, 1345, 1336, 1330, 1322, 1316, 1313, 1307, 1300, 1299, 1296, 1294, 1290, 1288, 1288, 1286, 1285, 1285, 1286, 1287, 1288, 1289, 1291, 1293, 1294, 1296, 1301, 1303, 1306, 1312, 1317, 1321, 1328, 1335, 1341, 1346, 1353, 1364, 1372, 1381, 1393, 1401, 1411, 1424, 1435, 1448, 1465, 1479, 1491]
[0, 1468, 1453, 1440, 1424, 1411, 1403, 1394, 1384, 1373, 1365, 1358, 1350, 1343, 1336, 1328, 1321, 1316, 1311, 1304, 1301, 1299, 1299, 1294, 1291, 1288, 1286, 1285, 1284, 1282, 1281, 1284, 1286, 1286, 1289, 1290, 1293, 1297, 1301, 1305, 1308, 1313, 1317, 1322, 1329, 1335, 1341, 1350, 1358, 1366, 1376, 1384, 1394, 1405, 1415, 1426, 1439, 1451, 1467, 1482, 1495]
[0, 1470, 1455, 1442, 1430, 1418, 1406, 1395, 1383, 1374, 1367, 1352, 1343, 1335, 1328, 1320, 1316, 1313, 1307, 1302, 1300, 1298, 1296, 1293, 1290, 1288, 1288, 1286, 1285, 1285, 1285, 1285, 1285, 1287, 1288, 1291, 1294, 1297, 1297, 1298, 1301, 1306, 1313, 1318, 1321, 1328, 1337, 1344, 1353, 1368, 1376, 1385, 1398, 1410, 1422, 1441, 1459, 1474, 1489, 1504, 1508]
[0, 1461, 1447, 1433, 1420, 1408, 1399, 1392, 1381, 1370, 1361, 1353, 1345, 1337, 1332, 1326, 1321, 1315, 1310, 1305, 1303, 1299, 1294, 1291, 1287, 1285, 1284, 1281, 1282, 1283, 1283, 1285, 1287, 1287, 1286, 1288, 1290, 1293, 1299, 1302, 1303, 1310, 1317, 1324, 1331, 1338, 1346, 1353, 1365, 1378, 1387, 1399, 1414, 1423, 1433, 1445, 1454, 1466, 1480, 1495, 1509]
[0, 1468, 1454, 1441, 1427, 1412, 1402, 1394, 1384, 1375, 1363, 1355, 1352, 1344, 1335, 1326, 1320, 1316, 1312, 1307, 1300, 1299, 1294, 1289, 1288, 1288, 1286, 1284, 1283, 1283, 1282, 1283, 1284, 1286, 1288, 1290, 1293, 1294, 1296, 1300, 1306, 1315, 1324, 1331, 1340, 1348, 1356, 1364, 1373, 1385, 1396, 1406, 1416, 1424, 1436, 1448, 1461, 1473, 1488, 1504, 1506]
[0, 1468, 1454, 1441, 1426, 1412, 1402, 1393, 1383, 1374, 1363, 1354, 1348, 1340, 1335, 1327, 1315, 1316, 1306, 1302, 1300, 1297, 1293, 1290, 1288, 1285, 1283, 1281, 1282, 1282, 1282, 1284, 1286, 1286, 1286, 1290, 1292, 1293, 1299, 1305, 1314, 1321, 1327, 1334, 1338, 1346, 1354, 1361, 1370, 1379, 1391, 1402, 1412, 1421, 1431, 1443, 1454, 1466, 1480, 1495, 0]
[0, 1460, 1447, 1435, 1422, 1409, 1400, 1388, 1377, 1369, 1361, 1353, 1344, 1337, 1331, 1326, 1320, 1315, 1309, 1304, 1301, 1297, 1293, 1289, 1288, 1285, 1283, 1283, 1285, 1287, 1289, 1291, 1295, 1298, 1301, 1303, 1305, 1308, 1312, 1314, 1317, 1320, 1324, 1331, 1341, 1349, 1354, 1361, 1373, 1382, 1391, 1401, 1412, 1420, 1430, 1443, 1454, 1464, 1478, 1495, 1523]
[0, 1464, 1450, 1439, 1424, 1411, 1402, 1390, 1381, 1373, 1362, 1355, 1348, 1338, 1331, 1327, 1321, 1316, 1312, 1309, 1304, 1300, 1294, 1290, 1287, 1287, 1286, 1284, 1284, 1287, 1290, 1291, 1294, 1296, 1299, 1303, 1306, 1308, 1310, 1314, 1318, 1321, 1326, 1331, 1335, 1344, 1357, 1361, 1375, 1386, 1395, 1407, 1416, 1424, 1436, 1447, 1459, 1474, 1489, 1504, 1507]
[0, 1459, 1446, 1434, 1421, 1409, 1400, 1388, 1377, 1369, 1361, 1352, 1344, 1334, 1328, 1325, 1319, 1314, 1309, 1304, 1302, 1298, 1296, 1293, 1293, 1292, 1291, 1297, 1299, 1297, 1296, 1298, 1300, 1299, 1300, 1303, 1306, 1309, 1313, 1316, 1318, 1323, 1329, 1333, 1342, 1350, 1356, 1362, 1370, 1381, 1391, 1404, 1414, 1423, 1435, 1447, 1458, 1470, 1485, 1500, 1506]
[0, 1463, 1446, 1434, 1422, 1410, 1400, 1389, 1379, 1374, 1367, 1359, 1356, 1352, 1344, 1339, 1334, 1328, 1323, 1318, 1314, 1312, 1294, 1294, 1295, 1295, 1297, 1299, 1298, 1298, 1298, 1298, 1298, 1297, 1299, 1303, 1306, 1308, 1310, 1314, 1318, 1321, 1324, 1329, 1335, 1341, 1350, 1358, 1365, 1376, 1388, 1397, 1405, 1426, 1439, 1450, 1461, 1477, 1491, 1504, 1509]
[0, 1456, 1440, 1427, 1414, 1405, 1398, 1388, 1378, 1374, 1368, 1358, 1353, 1349, 1343, 1339, 1331, 1324, 1320, 1318, 1315, 1311, 1309, 1306, 1303, 1302, 1300, 1299, 1297, 1297, 1298, 1297, 1297, 1298, 1300, 1300, 1303, 1306, 1309, 1313, 1316, 1321, 1324, 1334, 1343, 1351, 1356, 1364, 1374, 1385, 1395, 1406, 1416, 1424, 1436, 1447, 1459, 1472, 1487, 1503, 1506]
[0, 1469, 1454, 1441, 1417, 1405, 1397, 1391, 1385, 1381, 1371, 1360, 1355, 1351, 1344, 1335, 1328, 1324, 1322, 1320, 1314, 1310, 1308, 1304, 1300, 1301, 1300, 1298, 1298, 1298, 1298, 1296, 1298, 1301, 1301, 1303, 1305, 1306, 1310, 1314, 1314, 1318, 1325, 1331, 1339, 1346, 1351, 1357, 1364, 1375, 1386, 1396, 1409, 1416, 1424, 1440, 1453, 1464, 1478, 1491, 1505]
[0, 1463, 1452, 1440, 1434, 1428, 1414, 1401, 1396, 1389, 1379, 1366, 1356, 1349, 1343, 1339, 1331, 1325, 1320, 1318, 1315, 1311, 1308, 1303, 1301, 1301, 1300, 1299, 1297, 1298, 1297, 1296, 1297, 1299, 1302, 1304, 1306, 1308, 1311, 1314, 1317, 1321, 1325, 1329, 1338, 1348, 1353, 1361, 1367, 1377, 1388, 1396, 1408, 1420, 1428, 1440, 1453, 1465, 1479, 1492, 1514]
[0, 1478, 1467, 1457, 1446, 1434, 1422, 1411, 1401, 1393, 1380, 1367, 1359, 1353, 1349, 1341, 1331, 1327, 1323, 1317, 1314, 1312, 1308, 1305, 1301, 1300, 1300, 1297, 1296, 1297, 1296, 1296, 1297, 1299, 1300, 1302, 1304, 1306, 1310, 1314, 1316, 1320, 1325, 1330, 1335, 1344, 1353, 1357, 1364, 1375, 1387, 1397, 1405, 1417, 1428, 1440, 1452, 1477, 1491, 1491, 1495]
[0, 1484, 1471, 1461, 1449, 1436, 1426, 1414, 1402, 1395, 1386, 1376, 1364, 1355, 1346, 1341, 1329, 1325, 1319, 1314, 1311, 1309, 1308, 1305, 1302, 1301, 1299, 1299, 1297, 1297, 1297, 1297, 1297, 1301, 1303, 1301, 1302, 1305, 1312, 1316, 1319, 1322, 1328, 1333, 1342, 1350, 1355, 1362, 1371, 1382, 1392, 1404, 1415, 1424, 1435, 1447, 1457, 1469, 1484, 1500, 1505]
[0, 1482, 1467, 1456, 1444, 1431, 1422, 1412, 1401, 1391, 1384, 1374, 1363, 1357, 1351, 1340, 1332, 1330, 1326, 1321, 1317, 1312, 1306, 1304, 1302, 1299, 1299, 1298, 1297, 1293, 1293, 1296, 1297, 1299, 1302, 1303, 1306, 1308, 1311, 1314, 1313, 1317, 1325, 1329, 1336, 1345, 1352, 1360, 1369, 1382, 1391, 1396, 1408, 1420, 1428, 1440, 1453, 1464, 1478, 1493, 1508]
[0, 1485, 1473, 1447, 1437, 1428, 1417, 1403, 1395, 1386, 1376, 1365, 1355, 1349, 1342, 1337, 1330, 1324, 1322, 1319, 1313, 1310, 1309, 1307, 1303, 1301, 1299, 1296, 1297, 1297, 1296, 1296, 1298, 1299, 1301, 1303, 1305, 1307, 1310, 1316, 1325, 1327, 1324, 1330, 1337, 1345, 1352, 1360, 1368, 1380, 1390, 1398, 1412, 1422, 1431, 1444, 1453, 1464, 1476, 1491, 0]
[0, 1478, 1463, 1452, 1442, 1430, 1421, 1409, 1393, 1380, 1375, 1369, 1361, 1354, 1346, 1341, 1336, 1328, 1323, 1318, 1313, 1310, 1307, 1304, 1301, 1300, 1299, 1298, 1297, 1298, 1298, 1297, 1298, 1299, 1301, 1302, 1304, 1306, 1309, 1313, 1315, 1318, 1324, 1329, 1334, 1343, 1353, 1357, 1364, 1376, 1387, 1397, 1408, 1419, 1427, 1440, 1451, 1462, 1476, 1490, 1508]
