[0, 0, 0, 0, 0, 0, 0, 0, 0, 0, 0, 0, 0, 0, 0, 0, 0, 0, 0, 0, 0, 0, 0, 0, 0, 0, 0, 0, 0, 0, 0, 0, 0, 0, 0, 0, 0, 0, 0, 0, 0, 0, 0, 0, 0, 0, 0, 0, 0, 0, 0, 0, 0, 0, 0, 0, 0, 0, 0, 0, 0]
[0, 530, 527, 523, 519, 515, 512, 509, 506, 504, 502, 499, 497, 493, 491, 489, 488, 487, 485, 484, 483, 480, 0, 356, 356, 350, 344, 344, 344, 345, 347, 347, 1296, 1297, 0, 484, 485, 486, 488, 489, 491, 493, 495, 497, 500, 503, 507, 513, 515, 516, 524, 528, 532, 537, 542, 547, 552, 557, 563, 568, 574]
[0, 528, 524, 521, 518, 515, 511, 508, 506, 503, 500, 498, 497, 495, 492, 490, 488, 487, 485, 483, 483, 480, 0, 0, 352, 350, 346, 344, 344, 345, 347, 348, 1296, 1297, 0, 484, 486, 487, 488, 489, 491, 493, 496, 499, 501, 503, 507, 512, 515, 520, 524, 528, 533, 537, 542, 547, 552, 557, 563, 568, 574]
[0, 528, 524, 521, 518, 514, 511, 508, 505, 503, 500, 498, 497, 494, 492, 490, 488, 487, 485, 483, 483, 480, 0, 362, 352, 348, 345, 344, 344, 344, 346, 349, 1296, 1297, 482, 484, 485, 487, 488, 490, 493, 495, 497, 499, 502, 504, 507, 510, 514, 518, 521, 525, 530, 534, 538, 549, 552, 558, 564, 569, 576]
[0, 528, 524, 521, 518, 514, 511, 508, 505, 503, 500, 498, 497, 494, 492, 490, 488, 487, 485, 484, 484, 480, 0, 0, 353, 348, 0, 344, 344, 344, 346, 349, 1296, 0, 483, 484, 485, 487, 488, 490, 492, 495, 496, 499, 501, 504, 507, 510, 514, 517, 525, 525, 529, 538, 543, 549, 554, 558, 563, 569, 576]
[0, 528, 524, 521, 518, 515, 511, 508, 505, 503, 499, 497, 496, 494, 492, 490, 488, 487, 485, 484, 484, 480, 0, 0, 352, 348, 0, 344, 344, 344, 346, 349, 1296, 0, 481, 484, 485, 486, 488, 490, 492, 494, 496, 498, 501, 504, 507, 510, 513, 516, 524, 529, 533, 537, 543, 548, 553, 558, 563, 569, 575]
[0, 528, 524, 520, 517, 513, 510, 507, 505, 503, 500, 498, 496, 494, 492, 490, 488, 487, 486, 485, 483, 480, 0, 360, 352, 347, 345, 344, 344, 344, 346, 349, 1296, 0, 0, 484, 485, 487, 488, 490, 492, 494, 496, 499, 501, 504, 507, 510, 514, 517, 521, 525, 534, 537, 544, 549, 553, 558, 563, 569, 576]
[0, 528, 524, 520, 517, 513, 510, 507, 505, 503, 500, 498, 496, 494, 492, 490, 488, 487, 486, 485, 484, 480, 0, 359, 352, 351, 345, 344, 344, 345, 347, 350, 1296, 0, 0, 483, 484, 486, 488, 490, 493, 495, 497, 499, 502, 505, 508, 511, 515, 518, 522, 526, 531, 535, 539, 544, 555, 558, 564, 570, 578]
[0, 532, 528, 525, 521, 518, 515, 512, 510, 507, 505, 503, 501, 499, 497, 496, 494, 493, 490, 488, 487, 480, 0, 359, 351, 351, 345, 344, 344, 345, 347, 350, 1296, 0, 0, 484, 484, 486, 487, 490, 491, 493, 498, 499, 502, 506, 509, 512, 515, 518, 523, 527, 531, 536, 541, 546, 551, 556, 560, 566, 579]
[0, 534, 530, 526, 522, 519, 516, 513, 510, 508, 505, 503, 501, 499, 497, 496, 494, 493, 491, 490, 488, 480, 0, 0, 351, 347, 345, 344, 343, 344, 346, 349, 1296, 0, 488, 489, 491, 492, 494, 497, 499, 501, 503, 506, 508, 510, 513, 517, 520, 524, 528, 532, 537, 541, 545, 556, 560, 565, 572, 578, 585]
[0, 532, 529, 525, 521, 518, 515, 512, 510, 507, 505, 502, 501, 498, 497, 496, 494, 492, 491, 489, 487, 480, 0, 358, 350, 347, 345, 344, 343, 344, 346, 349, 1296, 0, 487, 490, 491, 493, 495, 496, 498, 500, 503, 505, 507, 510, 513, 516, 520, 527, 528, 537, 541, 545, 550, 554, 559, 564, 570, 576, 582]
[0, 532, 529, 525, 521, 518, 515, 512, 510, 507, 505, 503, 501, 499, 497, 496, 494, 492, 490, 489, 488, 480, 0, 0, 351, 346, 344, 343, 343, 344, 346, 349, 1296, 0, 488, 489, 491, 492, 494, 496, 499, 500, 503, 506, 508, 510, 513, 516, 520, 524, 527, 536, 541, 545, 550, 554, 559, 564, 570, 576, 582]
[0, 535, 531, 527, 524, 520, 517, 512, 509, 507, 505, 505, 500, 498, 497, 495, 493, 492, 490, 489, 488, 480, 0, 356, 349, 347, 345, 343, 343, 344, 346, 349, 1296, 0, 487, 490, 491, 493, 494, 496, 498, 500, 502, 504, 507, 510, 516, 520, 523, 526, 531, 535, 540, 545, 549, 554, 559, 563, 569, 575, 581]
[0, 539, 535, 531, 528, 524, 521, 519, 516, 513, 511, 506, 500, 502, 497, 499, 497, 497, 496, 494, 488, 480, 0, 353, 349, 347, 344, 343, 343, 344, 347, 349, 1296, 0, 0, 490, 491, 0, 495, 497, 499, 501, 503, 506, 508, 511, 514, 517, 521, 525, 528, 532, 537, 541, 550, 556, 560, 565, 572, 579, 585]
[0, 538, 534, 532, 527, 524, 521, 518, 515, 513, 510, 508, 505, 503, 502, 500, 499, 498, 496, 496, 495, 480, 0, 360, 351, 347, 344, 342, 343, 345, 347, 349, 1296, 0, 0, 494, 497, 0, 501, 503, 505, 508, 509, 512, 514, 517, 520, 524, 528, 532, 536, 540, 544, 549, 555, 563, 569, 575, 581, 586, 593]
[0, 538, 534, 531, 527, 523, 521, 518, 515, 513, 510, 508, 505, 503, 502, 500, 499, 497, 497, 496, 494, 480, 0, 360, 351, 346, 344, 343, 343, 345, 348, 349, 1296, 0, 0, 495, 496, 498, 500, 501, 504, 506, 508, 510, 516, 517, 519, 525, 529, 534, 538, 542, 547, 551, 555, 560, 565, 571, 578, 584, 590]
[0, 538, 532, 531, 529, 522, 519, 518, 516, 511, 509, 507, 505, 503, 501, 500, 498, 497, 496, 494, 494, 480, 0, 0, 347, 0, 344, 343, 342, 343, 345, 348, 1296, 0, 493, 496, 497, 498, 500, 502, 504, 506, 509, 511, 513, 516, 519, 523, 531, 534, 538, 543, 547, 552, 557, 562, 567, 572, 579, 586, 592]
[0, 538, 534, 531, 527, 524, 521, 519, 516, 513, 511, 509, 506, 504, 502, 501, 500, 498, 497, 497, 496, 480, 0, 355, 349, 344, 343, 343, 342, 345, 347, 348, 1296, 0, 0, 495, 496, 498, 500, 501, 506, 506, 509, 513, 516, 516, 522, 525, 529, 533, 538, 542, 546, 551, 555, 560, 566, 572, 578, 584, 591]
[0, 539, 536, 532, 529, 527, 523, 520, 518, 516, 513, 510, 508, 506, 504, 503, 501, 500, 498, 497, 497, 480, 0, 357, 350, 345, 343, 342, 343, 344, 346, 349, 1296, 0, 0, 495, 499, 501, 503, 504, 506, 509, 511, 513, 516, 520, 523, 526, 529, 533, 537, 542, 547, 552, 556, 567, 573, 578, 584, 590, 596]
[0, 540, 535, 532, 529, 525, 522, 520, 517, 514, 511, 509, 508, 507, 504, 501, 500, 498, 498, 497, 496, 480, 0, 355, 348, 346, 343, 342, 342, 343, 345, 348, 1296, 0, 0, 497, 500, 502, 503, 505, 507, 509, 511, 514, 517, 520, 526, 526, 530, 538, 542, 546, 551, 556, 560, 565, 571, 577, 583, 589, 596]
[0, 541, 537, 534, 531, 527, 524, 522, 519, 517, 514, 511, 509, 507, 505, 503, 500, 498, 498, 497, 497, 480, 0, 360, 351, 345, 343, 341, 342, 344, 346, 349, 1296, 0, 0, 498, 501, 502, 504, 505, 508, 511, 513, 515, 518, 521, 524, 528, 531, 535, 543, 548, 551, 557, 562, 567, 573, 579, 585, 591, 597]
[0, 550, 546, 543, 539, 536, 533, 530, 527, 525, 523, 521, 518, 516, 515, 513, 511, 509, 508, 507, 506, 480, 0, 355, 348, 344, 342, 341, 342, 343, 345, 347, 1296, 0, 0, 499, 500, 501, 503, 505, 508, 510, 513, 515, 517, 523, 526, 530, 534, 538, 542, 546, 551, 556, 561, 566, 571, 577, 583, 589, 595]
[0, 551, 547, 543, 539, 536, 533, 530, 528, 525, 523, 520, 518, 516, 514, 513, 511, 508, 508, 507, 506, 480, 0, 355, 348, 345, 342, 341, 341, 342, 344, 348, 1296, 0, 0, 508, 510, 512, 514, 516, 518, 520, 523, 525, 528, 532, 535, 538, 541, 545, 549, 558, 563, 568, 574, 580, 585, 591, 596, 602, 609]
[0, 555, 551, 548, 544, 541, 538, 534, 532, 530, 526, 524, 522, 520, 518, 517, 515, 513, 512, 511, 510, 480, 0, 355, 348, 344, 342, 340, 340, 341, 344, 348, 1296, 0, 0, 508, 510, 512, 514, 515, 518, 520, 523, 525, 528, 532, 535, 538, 541, 545, 554, 558, 558, 568, 574, 580, 586, 591, 596, 602, 609]
[0, 555, 551, 547, 544, 541, 538, 534, 532, 529, 526, 524, 522, 520, 518, 516, 514, 513, 512, 511, 510, 480, 0, 355, 348, 344, 342, 340, 340, 341, 344, 347, 1296, 0, 0, 513, 514, 516, 518, 520, 522, 524, 527, 530, 533, 536, 539, 543, 551, 545, 555, 563, 568, 572, 578, 585, 591, 596, 602, 608, 614]
[0, 564, 561, 557, 554, 550, 544, 534, 541, 535, 533, 524, 529, 527, 526, 524, 523, 521, 520, 519, 510, 0, 0, 0, 349, 344, 342, 340, 340, 341, 344, 347, 1296, 0, 0, 513, 514, 516, 518, 520, 522, 524, 527, 530, 533, 536, 539, 542, 546, 550, 555, 563, 568, 572, 579, 585, 591, 596, 602, 608, 614]
[0, 562, 559, 556, 552, 548, 546, 543, 540, 537, 535, 533, 531, 528, 526, 525, 523, 522, 521, 520, 519, 0, 0, 352, 346, 344, 341, 339, 340, 339, 344, 348, 1296, 0, 0, 520, 522, 524, 528, 530, 532, 534, 537, 540, 543, 546, 550, 554, 558, 561, 566, 570, 575, 580, 585, 592, 603, 609, 614, 620, 628]
[0, 571, 567, 563, 560, 556, 552, 549, 545, 542, 535, 537, 536, 534, 532, 530, 529, 527, 526, 525, 519, 0, 0, 0, 348, 343, 340, 339, 339, 341, 343, 346, 1296, 0, 0, 522, 524, 526, 527, 530, 532, 534, 537, 540, 543, 546, 550, 553, 557, 565, 569, 570, 580, 585, 590, 595, 600, 607, 613, 620, 626]
[0, 571, 567, 563, 560, 556, 552, 549, 545, 542, 542, 537, 536, 534, 532, 530, 528, 527, 526, 525, 519, 0, 0, 356, 348, 340, 340, 339, 339, 341, 343, 348, 1296, 0, 0, 527, 529, 532, 534, 536, 538, 541, 544, 547, 550, 554, 557, 560, 564, 567, 572, 577, 583, 588, 594, 599, 604, 616, 622, 629, 635]
[0, 572, 568, 564, 561, 558, 555, 552, 550, 547, 545, 543, 541, 539, 538, 535, 534, 533, 531, 530, 519, 0, 0, 349, 344, 340, 340, 338, 339, 341, 343, 344, 1296, 0, 0, 527, 530, 532, 534, 536, 539, 541, 544, 548, 550, 554, 557, 560, 564, 567, 572, 577, 583, 588, 594, 599, 610, 616, 622, 629, 636]
[0, 572, 567, 564, 561, 558, 555, 552, 549, 547, 544, 543, 541, 539, 537, 535, 534, 532, 531, 530, 519, 0, 0, 349, 344, 341, 340, 339, 338, 340, 342, 346, 1296, 0, 0, 533, 535, 537, 539, 541, 543, 545, 548, 551, 554, 557, 560, 564, 568, 572, 577, 587, 592, 588, 602, 608, 613, 619, 626, 633, 641]
[0, 592, 588, 584, 580, 571, 568, 566, 563, 561, 559, 556, 554, 553, 551, 549, 548, 547, 545, 544, 519, 0, 0, 354, 346, 341, 340, 338, 338, 340, 343, 346, 1296, 0, 0, 0, 535, 0, 539, 541, 543, 546, 549, 552, 555, 557, 560, 564, 568, 573, 578, 582, 587, 598, 602, 603, 614, 620, 627, 634, 641]
[0, 591, 586, 582, 578, 575, 571, 567, 565, 562, 560, 558, 556, 554, 552, 550, 549, 547, 546, 545, 546, 0, 0, 350, 344, 341, 339, 338, 337, 338, 340, 347, 1296, 0, 0, 0, 548, 550, 552, 554, 556, 561, 564, 567, 571, 574, 578, 582, 586, 591, 596, 600, 605, 610, 615, 621, 627, 640, 647, 653, 660]
[0, 588, 584, 582, 580, 572, 568, 567, 563, 561, 560, 556, 554, 553, 551, 549, 548, 547, 545, 544, 546, 0, 354, 350, 346, 342, 339, 338, 337, 338, 340, 344, 1296, 0, 0, 548, 551, 552, 553, 556, 558, 560, 562, 565, 572, 574, 580, 584, 588, 592, 596, 601, 606, 611, 617, 623, 629, 637, 644, 650, 657]
[0, 599, 596, 593, 589, 586, 583, 579, 575, 572, 570, 567, 565, 563, 562, 560, 559, 557, 555, 554, 546, 0, 0, 349, 343, 0, 339, 338, 337, 338, 339, 342, 346, 0, 0, 0, 548, 552, 554, 556, 558, 561, 564, 567, 570, 574, 578, 581, 585, 591, 595, 600, 605, 609, 614, 626, 633, 640, 647, 653, 660]
[0, 602, 598, 594, 590, 587, 583, 580, 577, 573, 570, 568, 566, 563, 562, 561, 558, 557, 555, 554, 546, 0, 0, 350, 344, 0, 338, 337, 337, 338, 340, 344, 346, 0, 0, 558, 559, 562, 564, 566, 568, 570, 574, 577, 584, 588, 591, 595, 599, 603, 608, 613, 617, 623, 629, 636, 643, 649, 655, 663, 670]
[0, 610, 606, 603, 599, 595, 592, 589, 586, 583, 580, 577, 575, 573, 569, 567, 566, 557, 563, 563, 546, 0, 0, 350, 344, 340, 338, 337, 337, 338, 340, 343, 346, 0, 0, 559, 559, 561, 563, 565, 567, 570, 572, 579, 583, 587, 591, 594, 598, 603, 608, 613, 618, 623, 628, 635, 642, 649, 654, 669, 676]
[0, 610, 606, 603, 599, 596, 592, 589, 586, 580, 580, 578, 573, 571, 569, 567, 566, 565, 564, 563, 546, 0, 0, 350, 344, 340, 338, 337, 337, 337, 340, 342, 346, 0, 0, 569, 568, 570, 573, 575, 577, 580, 583, 586, 592, 596, 599, 603, 608, 612, 617, 622, 628, 634, 640, 646, 652, 658, 665, 672, 688]
[0, 608, 604, 601, 598, 595, 591, 588, 586, 583, 580, 577, 575, 573, 570, 568, 567, 565, 563, 562, 546, 0, 0, 347, 344, 341, 338, 337, 337, 337, 339, 342, 346, 0, 0, 0, 568, 570, 573, 575, 577, 583, 583, 589, 592, 595, 599, 603, 608, 612, 617, 622, 627, 634, 640, 646, 652, 658, 666, 673, 680]
[0, 611, 608, 604, 600, 597, 595, 591, 588, 585, 583, 581, 579, 578, 576, 573, 571, 569, 567, 567, 546, 0, 0, 353, 346, 341, 337, 337, 336, 337, 340, 344, 346, 0, 0, 567, 569, 570, 573, 576, 579, 581, 584, 587, 591, 594, 598, 602, 606, 610, 618, 625, 627, 636, 643, 648, 654, 661, 669, 676, 684]
[0, 631, 625, 620, 617, 614, 611, 609, 606, 602, 600, 598, 595, 593, 592, 590, 587, 586, 586, 585, 546, 0, 356, 347, 346, 341, 338, 336, 337, 337, 340, 344, 346, 0, 0, 573, 574, 577, 581, 583, 585, 588, 590, 593, 597, 600, 604, 608, 612, 617, 621, 627, 638, 636, 645, 656, 663, 670, 678, 685, 693]
[0, 631, 626, 622, 618, 615, 612, 609, 607, 604, 601, 597, 595, 594, 590, 590, 588, 586, 586, 584, 546, 0, 0, 347, 342, 0, 336, 336, 336, 337, 340, 342, 346, 0, 0, 589, 590, 592, 594, 596, 598, 600, 604, 608, 611, 614, 617, 621, 625, 637, 642, 647, 653, 658, 664, 670, 677, 684, 693, 700, 707]
[0, 631, 626, 621, 617, 614, 611, 609, 606, 602, 600, 598, 595, 594, 592, 590, 587, 586, 585, 584, 546, 0, 355, 347, 346, 341, 336, 335, 335, 336, 339, 342, 346, 0, 0, 0, 591, 592, 594, 596, 598, 600, 603, 607, 611, 617, 621, 626, 631, 636, 642, 646, 652, 657, 663, 670, 677, 684, 692, 700, 707]
[0, 646, 642, 637, 634, 625, 622, 619, 617, 614, 611, 609, 607, 605, 603, 601, 599, 598, 597, 596, 546, 0, 0, 349, 343, 338, 336, 335, 335, 336, 340, 342, 346, 0, 0, 589, 590, 592, 594, 597, 599, 601, 605, 608, 612, 615, 619, 623, 628, 637, 644, 649, 654, 660, 666, 672, 678, 686, 695, 703, 710]
[0, 650, 646, 641, 637, 634, 630, 627, 624, 621, 617, 614, 613, 609, 603, 607, 606, 605, 602, 596, 546, 0, 0, 346, 343, 341, 337, 336, 336, 336, 337, 340, 346, 0, 0, 0, 603, 604, 608, 0, 613, 616, 619, 622, 626, 630, 635, 640, 645, 650, 655, 660, 665, 671, 676, 683, 692, 699, 706, 713, 729]
[0, 657, 653, 649, 645, 642, 639, 635, 631, 629, 626, 623, 621, 619, 617, 615, 613, 613, 612, 611, 546, 0, 0, 349, 346, 341, 0, 418, 336, 0, 339, 342, 346, 0, 0, 0, 608, 610, 612, 614, 616, 619, 623, 627, 630, 638, 635, 646, 651, 656, 661, 666, 672, 678, 684, 692, 700, 707, 713, 721, 730]
[0, 659, 654, 651, 647, 644, 640, 636, 632, 630, 628, 625, 622, 619, 617, 616, 614, 613, 612, 611, 546, 0, 0, 352, 0, 412, 417, 419, 419, 417, 414, 342, 0, 0, 0, 0, 616, 618, 619, 626, 628, 633, 637, 639, 643, 647, 651, 654, 660, 664, 669, 675, 682, 687, 693, 701, 716, 707, 730, 738, 747]
[0, 662, 657, 649, 645, 642, 639, 636, 635, 629, 626, 623, 621, 619, 617, 615, 613, 612, 612, 612, 546, 0, 0, 348, 346, 409, 416, 419, 419, 418, 415, 0, 0, 0, 0, 617, 617, 619, 622, 624, 627, 631, 634, 638, 642, 645, 649, 653, 658, 663, 668, 679, 685, 693, 700, 707, 713, 720, 727, 736, 745]
[0, 667, 663, 659, 654, 650, 647, 645, 641, 638, 636, 632, 630, 628, 625, 623, 620, 619, 619, 618, 546, 0, 0, 353, 0, 412, 417, 0, 0, 417, 414, 0, 0, 0, 0, 0, 616, 618, 621, 626, 627, 633, 637, 640, 643, 648, 651, 655, 661, 665, 670, 676, 681, 688, 694, 702, 709, 715, 723, 731, 749]
[0, 667, 663, 659, 654, 651, 648, 645, 642, 639, 637, 634, 630, 629, 627, 622, 620, 619, 618, 618, 546, 0, 0, 353, 0, 0, 418, 0, 0, 418, 415, 411, 0, 363, 0, 0, 626, 628, 630, 632, 636, 640, 644, 646, 648, 652, 656, 661, 665, 670, 675, 688, 694, 700, 707, 714, 720, 728, 736, 744, 753]
[0, 675, 671, 668, 664, 660, 657, 653, 650, 647, 645, 643, 641, 639, 636, 633, 632, 631, 630, 629, 546, 0, 0, 353, 0, 414, 417, 0, 0, 416, 412, 411, 0, 361, 0, 0, 624, 627, 629, 631, 635, 639, 642, 645, 648, 652, 659, 664, 670, 675, 680, 686, 693, 700, 707, 713, 718, 725, 735, 743, 753]
[0, 691, 686, 682, 677, 674, 671, 668, 665, 662, 659, 656, 654, 652, 650, 649, 648, 646, 644, 643, 546, 0, 0, 353, 0, 412, 0, 0, 418, 417, 414, 408, 0, 0, 0, 0, 639, 640, 643, 646, 649, 652, 655, 659, 662, 666, 670, 674, 680, 685, 691, 698, 704, 711, 716, 723, 730, 737, 754, 743, 771]
[0, 696, 691, 686, 681, 678, 676, 672, 669, 666, 663, 661, 660, 657, 654, 653, 652, 650, 649, 648, 546, 0, 0, 353, 0, 411, 414, 0, 0, 416, 413, 409, 0, 0, 0, 0, 652, 654, 656, 658, 661, 665, 668, 671, 675, 678, 683, 688, 694, 704, 710, 716, 723, 730, 736, 744, 752, 759, 768, 776, 784]
[0, 699, 694, 689, 684, 680, 678, 674, 671, 667, 663, 661, 660, 658, 653, 653, 651, 650, 649, 648, 546, 0, 0, 353, 0, 0, 0, 0, 417, 416, 413, 409, 0, 0, 0, 657, 657, 659, 662, 665, 667, 669, 672, 676, 681, 685, 690, 696, 702, 706, 711, 717, 729, 736, 743, 751, 759, 767, 774, 783, 792]
[0, 698, 693, 688, 684, 680, 677, 670, 671, 665, 663, 661, 659, 656, 655, 653, 651, 650, 648, 648, 546, 0, 0, 0, 409, 0, 0, 0, 417, 415, 412, 406, 0, 0, 0, 0, 657, 659, 661, 663, 667, 670, 673, 678, 682, 686, 692, 697, 702, 707, 712, 717, 724, 731, 745, 752, 760, 767, 774, 783, 793]
[0, 698, 693, 688, 684, 680, 677, 674, 670, 667, 665, 663, 660, 656, 654, 653, 651, 650, 649, 648, 546, 0, 0, 0, 0, 0, 0, 0, 417, 416, 413, 407, 0, 0, 0, 0, 657, 658, 660, 663, 667, 669, 672, 677, 681, 685, 691, 697, 702, 707, 712, 717, 723, 738, 745, 751, 759, 767, 775, 783, 793]
[0, 709, 705, 701, 696, 691, 688, 685, 681, 679, 676, 674, 672, 670, 667, 666, 665, 663, 662, 661, 546, 0, 0, 0, 409, 0, 0, 0, 417, 415, 412, 406, 0, 0, 0, 656, 657, 659, 0, 664, 667, 671, 674, 677, 682, 687, 691, 697, 703, 707, 712, 717, 724, 732, 738, 745, 752, 760, 778, 788, 798]
[0, 724, 720, 716, 712, 708, 705, 701, 698, 696, 693, 690, 687, 684, 682, 680, 679, 678, 677, 676, 546, 0, 0, 0, 408, 412, 0, 0, 415, 415, 413, 408, 400, 0, 0, 669, 671, 673, 675, 678, 681, 684, 688, 692, 697, 702, 707, 711, 715, 721, 726, 733, 739, 754, 761, 768, 775, 783, 793, 803, 811]
[0, 724, 720, 716, 713, 709, 705, 701, 698, 695, 692, 689, 687, 684, 682, 680, 679, 678, 678, 676, 546, 0, 0, 0, 407, 412, 0, 0, 416, 415, 413, 408, 0, 398, 0, 684, 687, 689, 691, 694, 698, 701, 705, 709, 713, 718, 722, 727, 733, 737, 745, 752, 765, 772, 779, 787, 795, 804, 813, 822, 831]
[0, 739, 734, 731, 728, 722, 717, 714, 711, 708, 706, 704, 702, 699, 696, 694, 692, 690, 689, 688, 546, 0, 0, 400, 407, 412, 415, 416, 416, 415, 413, 408, 0, 398, 0, 0, 687, 689, 692, 696, 699, 702, 705, 709, 714, 718, 723, 728, 734, 739, 746, 753, 760, 767, 774, 781, 789, 807, 815, 824, 832]
[0, 741, 736, 732, 727, 721, 717, 714, 712, 710, 707, 701, 702, 697, 696, 696, 692, 691, 689, 688, 546, 0, 0, 398, 405, 411, 414, 416, 417, 416, 413, 409, 404, 0, 697, 697, 699, 702, 705, 707, 709, 713, 718, 722, 726, 731, 735, 740, 747, 754, 761, 766, 773, 779, 796, 804, 812, 821, 828, 837, 848]
[0, 739, 734, 731, 727, 722, 717, 714, 711, 708, 705, 704, 701, 698, 696, 694, 692, 690, 690, 689, 688, 0, 0, 400, 405, 410, 414, 416, 417, 414, 413, 411, 405, 0, 0, 696, 699, 701, 704, 707, 709, 713, 717, 721, 726, 730, 735, 746, 752, 759, 765, 771, 778, 785, 793, 802, 809, 817, 827, 836, 846]
[0, 752, 734, 747, 737, 733, 717, 725, 722, 719, 717, 715, 712, 710, 709, 707, 705, 703, 702, 702, 701, 0, 0, 0, 405, 411, 414, 416, 416, 415, 413, 408, 403, 0, 697, 697, 699, 701, 704, 707, 710, 714, 718, 723, 727, 731, 736, 742, 749, 755, 761, 768, 773, 781, 789, 806, 809, 821, 830, 839, 851]
[0, 757, 752, 745, 740, 736, 733, 730, 725, 722, 716, 714, 712, 710, 708, 706, 705, 704, 702, 702, 701, 0, 0, 0, 405, 410, 414, 416, 416, 416, 412, 409, 403, 0, 709, 710, 712, 714, 717, 719, 723, 728, 731, 735, 740, 751, 757, 742, 768, 774, 780, 787, 794, 803, 810, 819, 826, 834, 844, 855, 864]
[0, 768, 764, 758, 754, 750, 746, 742, 738, 736, 734, 732, 730, 727, 724, 722, 721, 720, 719, 717, 717, 716, 716, 0, 405, 410, 414, 415, 417, 416, 412, 409, 410, 0, 709, 710, 712, 715, 717, 720, 724, 729, 733, 736, 741, 746, 752, 757, 763, 768, 774, 787, 795, 805, 812, 819, 828, 835, 844, 856, 866]
[0, 778, 773, 767, 763, 758, 754, 751, 747, 743, 740, 737, 735, 734, 731, 729, 727, 726, 724, 722, 721, 721, 721, 0, 0, 414, 416, 417, 417, 417, 412, 0, 722, 724, 728, 731, 733, 736, 738, 742, 746, 750, 756, 761, 765, 769, 774, 780, 787, 793, 800, 808, 815, 822, 829, 836, 845, 855, 865, 872, 880]
[0, 781, 775, 765, 763, 756, 753, 750, 746, 742, 739, 738, 735, 733, 730, 729, 727, 726, 724, 723, 722, 721, 721, 0, 0, 0, 416, 417, 418, 419, 0, 727, 729, 730, 731, 733, 737, 740, 742, 746, 750, 755, 760, 764, 767, 772, 778, 785, 791, 797, 804, 811, 818, 832, 829, 848, 859, 867, 874, 882, 892]
[0, 793, 787, 782, 776, 771, 768, 766, 763, 759, 757, 755, 752, 750, 747, 745, 743, 742, 741, 740, 739, 738, 737, 0, 0, 0, 0, 417, 418, 418, 0, 726, 727, 729, 731, 733, 735, 738, 741, 744, 749, 757, 761, 765, 770, 776, 782, 787, 793, 800, 806, 814, 822, 829, 835, 843, 853, 862, 870, 879, 887]
[0, 796, 790, 784, 780, 775, 771, 769, 765, 761, 759, 756, 753, 751, 749, 747, 745, 743, 741, 738, 738, 738, 737, 737, 736, 737, 737, 737, 738, 740, 740, 742, 744, 747, 749, 733, 754, 758, 761, 765, 769, 773, 778, 783, 788, 793, 800, 805, 810, 817, 823, 830, 837, 845, 854, 863, 872, 885, 894, 905, 916]
[0, 795, 789, 784, 780, 774, 770, 767, 764, 762, 759, 756, 753, 751, 749, 746, 744, 741, 740, 739, 739, 738, 737, 736, 737, 737, 738, 738, 737, 739, 742, 744, 745, 747, 749, 751, 754, 756, 759, 763, 767, 770, 774, 779, 789, 796, 802, 807, 813, 820, 826, 832, 839, 848, 857, 866, 874, 882, 890, 899, 909]
[0, 821, 816, 811, 806, 802, 797, 793, 790, 787, 784, 781, 779, 777, 776, 775, 773, 772, 770, 769, 767, 767, 766, 736, 737, 737, 737, 737, 738, 740, 742, 744, 747, 748, 749, 750, 753, 756, 759, 763, 766, 769, 775, 781, 786, 791, 797, 804, 815, 820, 827, 834, 841, 850, 860, 868, 875, 883, 891, 901, 912]
[0, 823, 817, 811, 807, 802, 799, 796, 791, 787, 785, 782, 779, 777, 775, 775, 774, 772, 770, 769, 768, 767, 766, 765, 765, 766, 766, 766, 767, 768, 769, 770, 772, 776, 779, 781, 783, 787, 791, 795, 800, 804, 808, 813, 819, 824, 829, 835, 841, 849, 857, 864, 871, 877, 885, 893, 910, 920, 931, 940, 950]
[0, 839, 833, 829, 824, 819, 815, 811, 808, 806, 803, 800, 799, 796, 792, 790, 789, 787, 786, 786, 784, 783, 782, 765, 764, 765, 766, 766, 767, 769, 769, 770, 772, 774, 779, 781, 783, 787, 791, 795, 800, 804, 808, 813, 819, 824, 830, 835, 841, 849, 857, 865, 871, 878, 885, 894, 902, 920, 931, 942, 951]
[0, 841, 835, 831, 826, 821, 818, 815, 811, 808, 805, 802, 798, 796, 794, 791, 789, 786, 786, 785, 784, 783, 783, 782, 782, 782, 783, 784, 785, 787, 769, 791, 772, 796, 799, 801, 803, 807, 810, 814, 818, 822, 828, 832, 836, 843, 850, 856, 864, 870, 876, 883, 890, 898, 907, 915, 926, 934, 943, 962, 977]
[0, 839, 833, 828, 824, 820, 816, 813, 810, 807, 804, 801, 799, 796, 793, 790, 789, 788, 787, 787, 785, 785, 785, 781, 782, 782, 783, 785, 786, 787, 788, 790, 792, 795, 798, 800, 803, 807, 809, 812, 817, 822, 826, 830, 835, 841, 847, 856, 862, 868, 874, 881, 888, 895, 914, 923, 932, 942, 952, 962, 974]
[0, 839, 833, 828, 824, 820, 817, 814, 811, 807, 804, 801, 799, 796, 793, 791, 789, 788, 787, 787, 787, 787, 785, 784, 783, 783, 783, 784, 785, 787, 788, 790, 792, 795, 799, 800, 805, 809, 812, 815, 819, 825, 829, 833, 839, 845, 852, 857, 864, 871, 878, 885, 892, 900, 906, 917, 928, 936, 947, 957, 967]
[0, 871, 866, 861, 857, 852, 847, 842, 837, 834, 832, 830, 828, 825, 823, 821, 820, 819, 816, 815, 787, 815, 814, 783, 783, 783, 783, 784, 785, 786, 787, 792, 794, 797, 799, 801, 804, 808, 811, 814, 819, 825, 829, 833, 838, 845, 851, 857, 864, 871, 878, 885, 891, 898, 907, 917, 928, 936, 947, 957, 981]
[0, 868, 866, 859, 853, 848, 843, 838, 835, 833, 831, 829, 827, 825, 822, 821, 819, 818, 816, 816, 815, 814, 813, 813, 814, 813, 814, 816, 817, 819, 821, 823, 824, 825, 829, 832, 834, 837, 840, 846, 850, 855, 861, 866, 871, 876, 882, 886, 892, 900, 907, 915, 934, 898, 942, 958, 969, 981, 993, 1002, 1013]
[0, 884, 879, 874, 871, 866, 862, 859, 855, 851, 848, 845, 843, 840, 837, 836, 835, 834, 833, 832, 832, 832, 814, 814, 814, 814, 814, 816, 817, 819, 822, 823, 824, 827, 829, 831, 834, 837, 840, 845, 850, 855, 861, 866, 871, 876, 880, 887, 893, 899, 916, 924, 934, 941, 949, 958, 970, 981, 992, 1002, 1013]
[0, 887, 882, 877, 873, 869, 866, 863, 859, 855, 852, 848, 845, 843, 840, 838, 836, 836, 835, 834, 833, 833, 833, 831, 831, 832, 832, 832, 834, 835, 837, 839, 842, 844, 847, 851, 855, 859, 863, 867, 871, 875, 880, 885, 890, 894, 901, 913, 921, 930, 937, 944, 954, 964, 973, 984, 995, 1005, 1014, 1027, 1041]
[0, 904, 898, 892, 887, 882, 879, 875, 872, 870, 864, 848, 862, 858, 840, 855, 852, 851, 849, 847, 847, 847, 833, 832, 832, 833, 833, 833, 834, 837, 837, 839, 844, 849, 851, 854, 857, 862, 867, 870, 874, 878, 883, 888, 893, 899, 906, 912, 919, 926, 934, 943, 951, 960, 970, 979, 990, 1001, 1013, 1024, 1034]
[0, 904, 898, 893, 888, 883, 879, 872, 870, 867, 864, 862, 860, 857, 854, 853, 852, 851, 850, 848, 846, 847, 847, 848, 848, 848, 849, 850, 851, 853, 856, 857, 860, 863, 864, 867, 870, 874, 878, 882, 886, 892, 896, 900, 906, 912, 919, 925, 931, 939, 947, 956, 963, 986, 970, 1002, 1014, 1024, 1036, 1048, 1062]
[0, 933, 928, 922, 917, 913, 909, 906, 902, 897, 895, 893, 892, 890, 888, 887, 886, 884, 883, 882, 882, 882, 882, 848, 847, 847, 848, 848, 850, 852, 854, 857, 860, 862, 864, 867, 870, 873, 877, 882, 886, 890, 895, 900, 905, 912, 919, 925, 940, 945, 952, 961, 972, 984, 994, 1001, 1011, 1022, 1035, 1047, 1060]
[0, 950, 945, 940, 934, 930, 925, 919, 916, 913, 910, 908, 906, 903, 900, 898, 897, 896, 894, 892, 892, 892, 882, 882, 882, 884, 885, 887, 888, 890, 891, 893, 895, 898, 901, 906, 910, 913, 918, 925, 930, 935, 940, 944, 949, 957, 963, 969, 979, 987, 993, 1002, 1011, 1021, 1031, 1040, 1052, 1066, 1090, 1104, 1120]
[0, 960, 954, 949, 944, 940, 935, 932, 930, 926, 923, 921, 918, 916, 915, 913, 911, 910, 910, 910, 908, 908, 909, 893, 893, 894, 894, 896, 897, 899, 900, 902, 904, 907, 911, 916, 919, 924, 929, 934, 938, 943, 949, 953, 958, 965, 973, 981, 989, 997, 1011, 1021, 1031, 1041, 1051, 1063, 1075, 1086, 1099, 1112, 1127]
[0, 967, 960, 954, 950, 942, 935, 935, 932, 929, 926, 924, 921, 918, 917, 916, 915, 912, 912, 913, 912, 912, 909, 909, 910, 910, 910, 912, 913, 916, 916, 919, 904, 926, 931, 935, 936, 940, 944, 950, 954, 960, 965, 972, 981, 987, 994, 1000, 1007, 1016, 1024, 1032, 1041, 1052, 1063, 1072, 1084, 1096, 1110, 1139, 1127]
[0, 965, 960, 954, 949, 944, 942, 939, 936, 932, 928, 924, 923, 920, 919, 918, 918, 918, 917, 916, 914, 913, 913, 914, 914, 914, 915, 916, 918, 921, 922, 924, 925, 928, 932, 936, 938, 942, 949, 954, 960, 966, 972, 980, 988, 994, 1000, 1007, 1014, 1022, 1032, 1041, 1051, 1061, 1071, 1082, 1093, 1105, 1120, 1133, 1148]
[0, 978, 970, 962, 957, 953, 947, 943, 940, 936, 933, 931, 929, 925, 921, 921, 921, 920, 918, 918, 918, 919, 914, 915, 916, 918, 919, 919, 920, 922, 923, 924, 927, 929, 933, 937, 938, 947, 950, 955, 960, 966, 972, 980, 989, 995, 1000, 1007, 1015, 1023, 1032, 1041, 1052, 1062, 1071, 1081, 1092, 1105, 1120, 1148, 1160]
[0, 975, 967, 961, 957, 952, 948, 945, 942, 940, 936, 932, 930, 928, 925, 925, 923, 921, 918, 918, 919, 919, 920, 920, 921, 920, 920, 923, 926, 927, 928, 930, 933, 932, 935, 940, 943, 947, 955, 960, 963, 967, 977, 987, 993, 999, 1005, 1012, 1020, 1028, 1037, 1047, 1057, 1069, 1076, 1085, 1099, 1114, 1127, 1141, 1156]
[0, 1025, 1019, 1013, 1007, 1003, 1000, 996, 992, 990, 988, 987, 984, 982, 981, 978, 975, 973, 972, 972, 974, 975, 976, 919, 920, 920, 920, 922, 925, 927, 929, 931, 932, 935, 938, 941, 943, 947, 951, 956, 962, 968, 974, 981, 987, 994, 1007, 1014, 1022, 1031, 1040, 1050, 1059, 1069, 1079, 1089, 1101, 1114, 1130, 1145, 1159]
[0, 1055, 1050, 1044, 1038, 1033, 1028, 1024, 1021, 1017, 1014, 1013, 1010, 1006, 1004, 1003, 1004, 1001, 1002, 1002, 1002, 1003, 976, 977, 977, 978, 979, 981, 983, 987, 988, 991, 995, 997, 999, 1002, 1007, 1011, 1017, 1022, 1026, 1033, 1039, 1046, 1053, 1060, 1067, 1076, 1083, 1091, 1100, 1110, 1121, 1133, 1159, 1170, 1181, 1194, 1207, 1221, 1237]
[0, 1089, 1083, 1077, 1072, 1067, 1062, 1056, 1051, 1047, 1044, 1043, 1039, 1036, 1035, 1034, 1033, 1032, 1032, 1032, 1032, 1031, 1032, 1005, 1005, 1006, 1007, 1008, 1010, 1012, 1015, 1018, 1022, 1025, 1029, 1034, 1038, 1042, 1047, 1054, 1061, 1066, 1073, 1081, 1094, 1102, 1110, 1120, 1130, 1139, 1152, 1163, 1172, 1182, 1195, 1208, 1222, 1235, 1250, 1265, 1283]
[0, 1089, 1083, 1077, 1072, 1067, 1062, 1056, 1051, 1048, 1045, 1043, 1039, 1036, 1035, 1034, 1033, 1032, 1032, 1032, 1032, 1031, 1032, 1005, 1034, 1036, 1037, 1037, 1039, 1040, 1042, 1045, 1050, 1054, 1058, 1062, 1066, 1072, 1077, 1081, 1087, 1093, 1099, 1106, 1115, 1123, 1131, 1140, 1160, 1168, 1178, 1188, 1200, 1213, 1225, 1238, 1250, 1265, 1282, 1298, 1283]
[0, 1090, 1083, 1076, 1072, 1066, 1062, 1057, 1051, 1048, 1045, 1042, 1039, 1036, 1035, 1034, 1033, 1032, 1031, 1032, 1032, 1031, 1032, 1033, 1034, 1035, 1035, 1037, 1039, 1041, 1043, 1046, 1050, 1054, 1058, 1061, 1066, 1071, 1076, 1081, 1086, 1091, 1100, 1115, 1115, 1129, 1139, 1149, 1158, 1166, 1176, 1187, 1198, 1208, 1221, 1235, 1248, 1261, 1275, 1293, 1283]
[0, 1100, 1095, 1089, 1082, 1077, 1073, 1068, 1063, 1057, 1054, 1051, 1047, 1045, 1044, 1044, 1041, 1041, 1042, 1043, 1042, 1041, 1032, 1034, 1034, 1036, 1036, 1037, 1039, 1041, 1043, 1046, 1050, 1054, 1058, 1061, 1066, 1072, 1077, 1081, 1087, 1092, 1099, 1107, 1115, 1130, 1139, 1149, 1159, 1167, 1175, 1188, 1198, 1208, 1222, 1235, 1248, 1261, 1275, 1293, 1283]
[0, 1108, 1100, 1094, 1088, 1081, 1077, 1074, 1070, 1065, 1063, 1059, 1057, 1056, 1052, 1050, 1048, 1047, 1047, 1046, 1046, 1048, 1042, 1043, 1046, 1046, 1045, 1048, 1051, 1053, 1056, 1059, 1062, 1067, 1072, 1075, 1080, 1086, 1091, 1096, 1103, 1110, 1118, 1127, 1135, 1142, 1150, 1158, 1167, 1177, 1187, 1199, 1208, 1236, 1248, 1261, 1273, 1287, 1305, 1293, 1331]
[0, 1107, 1100, 1093, 1086, 1081, 1077, 1073, 1068, 1064, 1061, 1059, 1057, 1053, 1052, 1052, 1051, 1046, 1046, 1046, 1046, 1047, 1049, 1048, 1050, 1053, 1054, 1054, 1056, 1058, 1059, 1062, 1065, 1068, 1073, 1077, 1087, 1089, 1096, 1102, 1106, 1114, 1122, 1129, 1136, 1146, 1154, 1162, 1171, 1180, 1191, 1202, 1214, 1226, 1240, 1253, 1265, 1292, 1308, 1325, 1343]
[0, 1109, 1103, 1096, 1089, 1083, 1078, 1074, 1066, 1062, 1060, 1058, 1055, 1052, 1052, 1048, 1046, 1048, 1046, 1043, 1044, 1046, 1048, 1049, 1051, 1053, 1054, 1054, 1056, 1058, 1061, 1064, 1065, 1069, 1072, 1076, 1080, 1085, 1095, 1102, 1108, 1115, 1123, 1130, 1137, 1146, 1154, 1162, 1171, 1180, 1190, 1202, 1214, 1226, 1240, 1265, 1277, 1292, 1308, 1326, 1343]
[0, 1178, 1171, 1164, 1160, 1155, 1151, 1144, 1139, 1136, 1134, 1130, 1127, 1124, 1123, 1122, 1121, 1121, 1120, 1119, 1120, 1123, 1045, 1044, 1046, 1050, 1054, 1055, 1056, 1057, 1057, 1064, 1070, 1072, 1075, 1080, 1083, 1087, 1092, 1097, 1106, 1113, 1119, 1129, 1135, 1144, 1153, 1159, 1168, 1177, 1187, 1200, 1223, 1237, 1249, 1261, 1274, 1288, 1305, 1326, 1330]
[0, 1208, 1202, 1197, 1190, 1183, 1179, 1176, 1173, 1170, 1167, 1163, 1161, 1160, 1159, 1159, 1157, 1157, 1157, 1157, 1158, 1159, 1125, 1125, 1128, 1130, 1131, 1133, 1137, 1137, 1139, 1144, 1148, 1149, 1151, 1156, 1162, 1173, 1177, 1184, 1191, 1198, 1212, 1220, 1222, 1232, 1245, 1255, 1263, 1274, 1285, 1296, 1309, 1326, 1340, 1354, 1384, 1403, 1423, 1326, 1449]
[0, 1208, 1202, 1197, 1190, 1183, 1179, 1176, 1173, 1170, 1167, 1164, 1161, 1159, 1159, 1158, 1158, 1158, 1157, 1157, 1158, 1158, 1159, 1159, 1160, 1162, 1163, 1165, 1167, 1169, 1171, 1174, 1176, 1179, 1185, 1190, 1196, 1204, 1214, 1226, 1235, 1244, 1255, 1260, 1261, 1267, 1284, 1298, 1313, 1326, 1337, 1346, 1357, 1370, 1384, 1400, 1417, 1403, 1446, 1476, 1494]
[0, 1209, 1203, 1197, 1190, 1184, 1179, 1175, 1172, 1169, 1167, 1164, 1161, 1160, 1160, 1159, 1157, 1157, 1153, 1152, 1157, 1159, 1159, 1161, 1162, 1162, 1163, 1165, 1167, 1169, 1171, 1174, 1175, 1179, 1185, 1191, 1196, 1202, 1212, 1227, 1239, 1247, 1255, 1260, 1267, 1276, 1284, 1297, 1313, 1326, 1337, 1347, 1358, 1370, 1385, 1401, 1417, 1403, 1446, 1476, 1493]
[0, 1214, 1206, 1200, 1194, 1189, 1184, 1178, 1174, 1166, 1163, 1163, 1161, 1160, 1158, 1157, 1157, 1156, 1157, 1158, 1158, 1158, 1159, 1159, 1160, 1161, 1162, 1165, 1167, 1169, 1172, 1174, 1176, 1180, 1185, 1190, 1197, 1205, 1214, 1227, 1235, 1243, 1254, 1259, 1262, 1267, 1284, 1297, 1312, 1326, 1341, 1350, 1361, 1374, 1385, 1401, 1419, 1403, 1448, 1477, 1496]
[0, 1211, 1205, 1198, 1191, 1185, 1180, 1176, 1173, 1169, 1167, 1165, 1163, 1160, 1158, 1158, 1157, 1157, 1158, 1158, 1158, 1158, 1159, 1160, 1161, 1161, 1162, 1164, 1165, 1167, 1170, 1173, 1175, 1177, 1189, 1196, 1204, 1212, 1219, 1232, 1243, 1251, 1258, 1264, 1266, 1270, 1278, 1288, 1304, 1317, 1327, 1340, 1353, 1374, 1391, 1409, 1426, 1445, 1466, 1483, 1501]
[0, 1259, 1252, 1237, 1232, 1228, 1221, 1216, 1212, 1207, 1206, 1204, 1200, 1197, 1195, 1194, 1193, 1192, 1198, 1204, 1204, 1202, 1159, 1160, 1161, 1161, 1163, 1167, 1168, 1169, 1172, 1174, 1175, 1180, 1185, 1190, 1196, 1204, 1216, 1225, 1245, 1255, 1259, 1260, 1265, 1272, 1282, 1295, 1309, 1324, 1336, 1346, 1356, 1369, 1383, 1399, 1417, 1436, 1456, 1476, 1511]
[0, 1266, 1259, 1253, 1248, 1243, 1237, 1232, 1229, 1224, 1221, 1218, 1214, 1212, 1212, 1210, 1213, 1217, 1216, 1218, 1223, 1215, 1200, 1202, 1206, 1207, 1212, 1215, 1220, 1221, 1222, 1226, 1230, 1231, 1235, 1241, 1251, 1260, 1266, 1271, 1277, 1282, 1286, 1294, 1305, 1316, 1327, 1339, 1350, 1369, 1381, 1393, 1406, 1417, 1428, 1439, 1452, 1466, 1482, 1496, 1507]
[0, 1272, 1265, 1257, 1250, 1244, 1238, 1235, 1233, 1229, 1225, 1216, 1215, 1213, 1212, 1213, 1215, 1214, 1216, 1224, 1228, 1220, 1225, 1220, 1222, 1234, 1233, 1230, 1231, 1233, 1233, 1235, 1239, 1243, 1248, 1253, 1261, 1268, 1273, 1279, 1286, 1293, 1299, 1307, 1330, 1342, 1349, 1359, 1367, 1374, 1385, 1395, 1403, 1413, 1426, 1437, 1450, 1465, 1478, 1492, 1503]
[0, 1343, 1336, 1257, 1324, 1311, 1306, 1301, 1296, 1292, 1291, 1289, 1288, 1284, 1281, 1283, 1284, 1283, 1282, 1282, 1284, 1283, 1220, 1227, 1224, 1231, 1238, 1233, 1231, 1232, 1235, 1235, 1237, 1241, 1246, 1251, 1268, 1272, 1275, 1282, 1290, 1299, 1308, 1316, 1327, 1338, 1347, 1356, 1367, 1373, 1381, 1390, 1397, 1406, 1417, 1430, 1443, 1472, 1485, 1498, 1513]
[0, 1365, 1358, 1351, 1345, 1340, 1336, 1329, 1321, 1317, 1314, 1311, 1309, 1306, 1301, 1299, 1301, 1299, 1299, 1301, 1300, 1299, 1285, 1286, 1288, 1287, 1287, 1288, 1289, 1293, 1291, 1289, 1291, 1292, 1294, 1297, 1300, 1302, 1304, 1307, 1311, 1316, 1321, 1326, 1333, 1338, 1349, 1359, 1367, 1374, 1383, 1391, 1403, 1413, 1419, 1433, 1448, 1461, 1475, 1489, 1502]
[0, 1404, 1395, 1388, 1383, 1379, 1374, 1370, 1366, 1361, 1356, 1351, 1344, 1340, 1337, 1330, 1321, 1315, 1312, 1310, 1306, 1301, 1296, 1296, 1298, 1294, 1288, 1290, 1291, 1290, 1289, 1290, 1291, 1292, 1294, 1295, 1298, 1302, 1304, 1307, 1311, 1315, 1321, 1326, 1331, 1337, 1350, 1359, 1367, 1374, 1382, 1391, 1403, 1413, 1419, 1431, 1445, 1457, 1472, 1489, 1502]
[0, 1413, 1403, 1395, 1388, 1384, 1380, 1374, 1367, 1364, 1361, 1354, 1349, 1345, 1340, 1327, 1321, 1315, 1310, 1308, 1305, 1302, 1297, 1294, 1293, 1292, 1290, 1289, 1287, 1285, 1287, 1287, 1288, 1291, 1293, 1296, 1296, 1302, 1305, 1309, 1314, 1316, 1321, 1329, 1334, 1337, 1345, 1353, 1361, 1370, 1380, 1387, 1394, 1405, 1416, 1427, 1439, 1468, 1481, 1498, 1511]
[0, 1416, 1405, 1394, 1389, 1388, 1383, 1370, 1367, 1362, 1356, 1351, 1349, 1346, 1340, 1334, 1327, 1317, 1313, 1309, 1305, 1302, 1298, 1294, 1293, 1292, 1290, 1289, 1288, 1286, 1287, 1287, 1288, 1290, 1293, 1295, 1296, 1301, 1305, 1309, 1314, 1316, 1321, 1326, 1331, 1338, 1345, 1353, 1360, 1370, 1379, 1387, 1394, 1405, 1416, 1427, 1439, 1467, 1481, 1497, 1511]
[0, 1416, 1446, 1425, 1415, 1406, 1399, 1394, 1391, 1382, 1370, 1361, 1353, 1345, 1340, 1326, 1320, 1315, 1310, 1308, 1306, 1302, 1297, 1295, 1292, 1290, 1290, 1289, 1288, 1287, 1287, 1287, 1291, 1292, 1294, 1296, 1297, 1299, 1304, 1308, 1312, 1316, 1319, 1324, 1333, 1340, 1345, 1351, 1358, 1368, 1377, 1384, 1393, 1412, 1422, 1433, 1449, 1463, 1476, 1490, 1504]
[0, 1416, 1447, 1425, 1415, 1407, 1400, 1394, 1391, 1381, 1369, 1360, 1352, 1344, 1339, 1333, 1320, 1315, 1314, 1307, 1302, 1300, 1297, 1294, 1293, 1291, 1290, 1287, 1285, 1285, 1286, 1288, 1288, 1290, 1293, 1293, 1294, 1298, 1302, 1304, 1306, 1316, 1320, 1328, 1336, 1343, 1349, 1357, 1365, 1370, 1377, 1387, 1398, 1407, 1416, 1426, 1440, 1452, 1466, 1480, 1493]
[0, 1476, 1463, 1442, 1430, 1418, 1404, 1395, 1386, 1376, 1368, 1361, 1345, 1340, 1334, 1326, 1319, 1315, 1311, 1307, 1304, 1301, 1297, 1293, 1291, 1290, 1290, 1288, 1286, 1285, 1286, 1288, 1288, 1290, 1292, 1293, 1295, 1299, 1302, 1304, 1307, 1311, 1320, 1328, 1336, 1343, 1349, 1357, 1365, 1370, 1377, 1387, 1398, 1407, 1416, 1427, 1439, 1451, 1465, 1480, 1493]
[0, 1459, 1444, 1431, 1421, 1410, 1398, 1388, 1381, 1374, 1365, 1357, 1351, 1345, 1338, 1329, 1322, 1317, 1313, 1310, 1305, 1301, 1297, 1294, 1292, 1291, 1290, 1287, 1286, 1286, 1286, 1287, 1288, 1290, 1292, 1294, 1295, 1301, 1305, 1309, 1312, 1315, 1320, 1326, 1332, 1338, 1345, 1352, 1360, 1370, 1376, 1383, 1393, 1404, 1415, 1426, 1438, 1463, 1480, 1492, 1505]
[0, 1472, 1458, 1445, 1431, 1419, 1408, 1390, 1381, 1370, 1363, 1354, 1346, 1339, 1335, 1329, 1321, 1317, 1313, 1309, 1304, 1301, 1299, 1296, 1289, 1288, 1288, 1289, 1287, 1286, 1288, 1289, 1290, 1291, 1293, 1294, 1294, 1299, 1303, 1305, 1307, 1309, 1314, 1319, 1333, 1339, 1347, 1353, 1360, 1370, 1377, 1387, 1397, 1406, 1415, 1425, 1438, 1452, 1466, 1480, 1493]
[0, 1461, 1447, 1432, 1421, 1411, 1399, 1388, 1380, 1372, 1364, 1356, 1350, 1344, 1337, 1330, 1323, 1317, 1313, 1310, 1305, 1301, 1297, 1295, 1292, 1289, 1288, 1288, 1287, 1286, 1287, 1289, 1290, 1292, 1293, 1295, 1296, 1298, 1303, 1305, 1306, 1313, 1318, 1323, 1327, 1332, 1341, 1350, 1356, 1367, 1376, 1392, 1399, 1407, 1420, 1432, 1444, 1455, 1473, 1487, 1497]
[0, 1471, 1457, 1445, 1432, 1419, 1396, 1386, 1378, 1370, 1363, 1355, 1348, 1341, 1335, 1328, 1321, 1316, 1312, 1308, 1304, 1301, 1298, 1296, 1293, 1288, 1288, 1289, 1287, 1286, 1284, 1286, 1290, 1291, 1293, 1294, 1296, 1301, 1302, 1303, 1305, 1310, 1317, 1322, 1325, 1333, 1348, 1354, 1363, 1371, 1380, 1390, 1398, 1407, 1418, 1426, 1436, 1452, 1469, 1483, 1497]
[0, 1471, 1456, 1432, 1432, 1407, 1397, 1388, 1379, 1369, 1362, 1356, 1350, 1340, 1332, 1326, 1321, 1315, 1311, 1308, 1304, 1300, 1297, 1294, 1292, 1289, 1287, 1287, 1286, 1285, 1286, 1288, 1289, 1291, 1293, 1294, 1295, 1298, 1302, 1305, 1309, 1315, 1318, 1320, 1325, 1332, 1341, 1349, 1356, 1364, 1373, 1381, 1398, 1404, 1418, 1432, 1443, 1458, 1471, 1484, 1498]
[0, 1473, 1443, 1431, 1419, 1407, 1397, 1388, 1378, 1371, 1363, 1356, 1347, 1337, 1331, 1326, 1321, 1315, 1309, 1306, 1303, 1300, 1295, 1292, 1291, 1289, 1287, 1287, 1286, 1282, 1286, 1288, 1289, 1290, 1291, 1293, 1294, 1297, 1301, 1303, 1306, 1312, 1317, 1321, 1325, 1332, 1339, 1344, 1353, 1361, 1380, 1387, 1397, 1406, 1417, 1431, 1442, 1451, 1467, 1485, 1497]
[0, 1468, 1452, 1439, 1426, 1414, 1403, 1394, 1385, 1375, 1367, 1361, 1345, 1339, 1331, 1322, 1318, 1315, 1312, 1308, 1303, 1299, 1295, 1292, 1292, 1287, 1284, 1286, 1283, 1280, 1283, 1287, 1286, 1288, 1291, 1292, 1292, 1295, 1300, 1302, 1306, 1309, 1316, 1321, 1324, 1328, 1336, 1345, 1362, 1371, 1378, 1387, 1398, 1407, 1417, 1428, 1439, 1448, 1464, 1481, 1496]
[0, 1472, 1457, 1443, 1430, 1406, 1396, 1386, 1378, 1369, 1362, 1354, 1347, 1339, 1327, 1322, 1320, 1316, 1311, 1307, 1303, 1300, 1296, 1294, 1292, 1291, 1289, 1288, 1288, 1286, 1286, 1287, 1287, 1287, 1286, 1291, 1296, 1299, 1303, 1306, 1307, 1310, 1315, 1320, 1328, 1335, 1341, 1347, 1354, 1364, 1372, 1382, 1391, 1406, 1418, 1431, 1442, 1456, 1470, 1483, 1500]
[0, 1464, 1448, 1437, 1425, 1414, 1402, 1393, 1384, 1373, 1365, 1360, 1352, 1344, 1338, 1321, 1317, 1312, 1308, 1306, 1302, 1299, 1294, 1292, 1291, 1286, 1284, 1286, 1285, 1283, 1286, 1286, 1286, 1288, 1290, 1291, 1291, 1294, 1300, 1302, 1305, 1309, 1315, 1321, 1323, 1328, 1336, 1345, 1352, 1371, 1377, 1386, 1397, 1407, 1416, 1428, 1439, 1449, 1465, 1482, 1496]
[0, 1468, 1453, 1438, 1427, 1415, 1403, 1395, 1385, 1374, 1360, 1351, 1344, 1336, 1328, 1322, 1319, 1313, 1309, 1307, 1302, 1295, 1296, 1293, 1291, 1289, 1285, 1281, 1282, 1283, 1283, 1284, 1284, 1284, 1285, 1287, 1296, 1297, 1300, 1305, 1306, 1309, 1314, 1320, 1324, 1331, 1339, 1345, 1355, 1365, 1373, 1382, 1394, 1405, 1420, 1453, 1464, 1476, 1490, 1492, 1497]
[0, 1465, 1453, 1442, 1430, 1406, 1395, 1385, 1377, 1368, 1358, 1351, 1346, 1338, 1327, 1322, 1319, 1312, 1307, 1304, 1298, 1296, 1290, 1290, 1288, 1287, 1288, 1284, 1283, 1281, 1280, 1283, 1283, 1284, 1287, 1290, 1295, 1297, 1301, 1304, 1308, 1311, 1315, 1323, 1331, 1336, 1345, 1355, 1360, 1371, 1386, 1400, 1414, 1421, 1438, 1450, 1463, 1477, 1490, 1500, 1507]
[0, 1470, 1443, 1430, 1418, 1406, 1396, 1387, 1378, 1370, 1363, 1356, 1346, 1336, 1327, 1323, 1321, 1317, 1311, 1307, 1304, 1299, 1294, 1292, 1288, 1284, 1284, 1285, 1282, 1279, 1282, 1281, 1285, 1288, 1289, 1291, 1291, 1294, 1300, 1300, 1303, 1311, 1317, 1323, 1330, 1338, 1347, 1356, 1364, 1374, 1386, 1399, 1422, 1427, 1436, 1450, 1461, 1473, 1488, 1502, 1507]
[0, 1462, 1448, 1436, 1423, 1409, 1399, 1392, 1382, 1371, 1364, 1355, 1347, 1340, 1330, 1322, 1316, 1317, 1309, 1302, 1299, 1298, 1297, 1292, 1290, 1287, 1284, 1282, 1284, 1285, 1283, 1282, 1283, 1284, 1286, 1287, 1291, 1295, 1299, 1304, 1309, 1317, 1326, 1331, 1335, 1349, 1357, 1362, 1374, 1388, 1395, 1404, 1414, 1424, 1434, 1446, 1459, 1468, 1481, 1496, 0]
[0, 1464, 1448, 1437, 1423, 1411, 1402, 1394, 1384, 1374, 1364, 1354, 1343, 1335, 1327, 1321, 1317, 1312, 1308, 1305, 1301, 1295, 1294, 1292, 1291, 1287, 1284, 1283, 1284, 1282, 1282, 1284, 1284, 1285, 1288, 1289, 1290, 1294, 1297, 1302, 1317, 1324, 1329, 1333, 1342, 1351, 1356, 1360, 1370, 1384, 1394, 1402, 1413, 1423, 1429, 1440, 1452, 1465, 1490, 1491, 1496]
[0, 1467, 1452, 1437, 1423, 1410, 1401, 1390, 1375, 1374, 1356, 1349, 1340, 1333, 1328, 1321, 1317, 1312, 1308, 1303, 1298, 1294, 1292, 1292, 1289, 1287, 1285, 1282, 1284, 1285, 1287, 1288, 1291, 1297, 1300, 1304, 1306, 1308, 1309, 1313, 1317, 1321, 1324, 1331, 1342, 1350, 1352, 1356, 1368, 1379, 1387, 1400, 1414, 1421, 1427, 1451, 1463, 1477, 1490, 1504, 1507]
[0, 1460, 1447, 1435, 1423, 1410, 1398, 1388, 1378, 1371, 1362, 1352, 1347, 1340, 1330, 1322, 1315, 1312, 1308, 1304, 1300, 1297, 1291, 1290, 1288, 1287, 1286, 1284, 1284, 1286, 1289, 1291, 1294, 1299, 1301, 1304, 1306, 1309, 1311, 1316, 1320, 1321, 1326, 1333, 1342, 1348, 1353, 1358, 1368, 1378, 1387, 1399, 1423, 1421, 1437, 1449, 1462, 1476, 1489, 1502, 1506]
[0, 1455, 1442, 1430, 1417, 1406, 1396, 1387, 1377, 1369, 1362, 1352, 1342, 1336, 1327, 1322, 1320, 1315, 1310, 1304, 1301, 1299, 1295, 1293, 1292, 1293, 1296, 1298, 1299, 1298, 1297, 1299, 1298, 1297, 1301, 1304, 1303, 1310, 1315, 1317, 1319, 1323, 1329, 1334, 1342, 1350, 1352, 1358, 1370, 1384, 1393, 1402, 1413, 1423, 1429, 1440, 1452, 1475, 1490, 1491, 1495]
[0, 1454, 1442, 1430, 1417, 1406, 1396, 1386, 1377, 1369, 1361, 1351, 1343, 1338, 1335, 1332, 1329, 1326, 1320, 1314, 1311, 1309, 1297, 1294, 1292, 1298, 1298, 1300, 1301, 1300, 1298, 1299, 1300, 1299, 1301, 1303, 1305, 1308, 1311, 1313, 1317, 1321, 1322, 1328, 1338, 1343, 1350, 1357, 1373, 1386, 1397, 1409, 1420, 1426, 1435, 1448, 1459, 1471, 1486, 1500, 1506]
[0, 1462, 1451, 1441, 1434, 1430, 1427, 1419, 1403, 1391, 1383, 1372, 1363, 1356, 1347, 1340, 1330, 1326, 1324, 1315, 1311, 1308, 1307, 1305, 1304, 1301, 1300, 1300, 1300, 1299, 1298, 1299, 1300, 1299, 1301, 1306, 1308, 1309, 1311, 1313, 1317, 1321, 1324, 1330, 1338, 1345, 1352, 1357, 1366, 1383, 1392, 1405, 1416, 1425, 1435, 1447, 1456, 1468, 1485, 1500, 1506]
[0, 1466, 1454, 1437, 1429, 1427, 1420, 1406, 1398, 1389, 1373, 1363, 1358, 1352, 1346, 1338, 1333, 1329, 1322, 1316, 1311, 1311, 1306, 1304, 1303, 1302, 1299, 1299, 1299, 1297, 1296, 1297, 1297, 1298, 1300, 1300, 1302, 1305, 1309, 1312, 1313, 1317, 1325, 1334, 1340, 1346, 1353, 1361, 1370, 1383, 1394, 1399, 1410, 1420, 1430, 1445, 1454, 1464, 1478, 1493, 1518]
[0, 1483, 1472, 1450, 1436, 1428, 1420, 1406, 1396, 1387, 1374, 1364, 1358, 1352, 1346, 1339, 1333, 1329, 1322, 1316, 1315, 1314, 1311, 1307, 1305, 1303, 1300, 1300, 1298, 1296, 1295, 1296, 1297, 1301, 1303, 1303, 1305, 1308, 1310, 1313, 1317, 1321, 1327, 1333, 1337, 1345, 1352, 1357, 1366, 1376, 1392, 1404, 1416, 1424, 1434, 1447, 1456, 1469, 1484, 1500, 1507]
[0, 1477, 1464, 1451, 1446, 1436, 1421, 1411, 1399, 1391, 1382, 1369, 1361, 1353, 1349, 1344, 1334, 1326, 1325, 1321, 1315, 1312, 1310, 1306, 1304, 1301, 1299, 1298, 1298, 1296, 1296, 1296, 1298, 1301, 1303, 1305, 1307, 1308, 1310, 1313, 1317, 1321, 1322, 1328, 1337, 1342, 1350, 1357, 1373, 1383, 1394, 1406, 1415, 1424, 1435, 1447, 1457, 1467, 1478, 1493, 1507]
[0, 1483, 1472, 1461, 1436, 1428, 1420, 1406, 1396, 1387, 1374, 1364, 1358, 1352, 1346, 1339, 1333, 1329, 1322, 1317, 1315, 1313, 1308, 1306, 1302, 1301, 1299, 1299, 1299, 1296, 1296, 1297, 1297, 1298, 1299, 1300, 1302, 1305, 1308, 1311, 1312, 1325, 1330, 1333, 1339, 1346, 1353, 1360, 1369, 1382, 1392, 1399, 1410, 1421, 1430, 1441, 1452, 1462, 1475, 1485, 1490]
[0, 1480, 1468, 1456, 1445, 1435, 1423, 1412, 1403, 1392, 1375, 1364, 1356, 1351, 1347, 1341, 1335, 1329, 1321, 1314, 1312, 1311, 1309, 1306, 1304, 1302, 1299, 1299, 1298, 1297, 1295, 1297, 1297, 1300, 1302, 1304, 1306, 1308, 1310, 1312, 1316, 1321, 1322, 1328, 1336, 1342, 1350, 1356, 1373, 1383, 1393, 1405, 1415, 1423, 1434, 1447, 1457, 1471, 1482, 1494, 1507]
[0, 1478, 1464, 1450, 1441, 1433, 1424, 1415, 1403, 1392, 1386, 1381, 1369, 1355, 1347, 1340, 1335, 1325, 1320, 1315, 1311, 1307, 1308, 1305, 1304, 1303, 1301, 1299, 1298, 1297, 1296, 1299, 1300, 1300, 1301, 1303, 1305, 1308, 1310, 1312, 1317, 1322, 1323, 1328, 1335, 1343, 1352, 1357, 1366, 1375, 1386, 1402, 1412, 1424, 1434, 1447, 1456, 1468, 1484, 1495, 1502]
