[0, 0, 0, 0, 0, 0, 0, 0, 0, 0, 0, 0, 0, 0, 0, 0, 0, 0, 0, 0, 0, 0, 0, 0, 0, 0, 0, 0, 0, 0, 0, 0, 0, 0, 0, 0, 0, 0, 0, 0, 0, 0, 0, 0, 0, 0, 0, 0, 0, 0, 0, 0, 0, 0, 0, 0, 0, 0, 0, 0, 0]
[0, 529, 525, 521, 517, 514, 510, 506, 504, 503, 500, 498, 496, 495, 494, 489, 488, 487, 485, 485, 484, 483, 482, 482, 481, 480, 0, 0, 403, 397, 0, 349, 392, 0, 0, 0, 0, 0, 488, 489, 491, 494, 497, 499, 501, 504, 507, 510, 514, 518, 521, 526, 531, 535, 539, 544, 550, 555, 560, 566, 572]
[0, 527, 525, 520, 517, 512, 510, 510, 505, 503, 502, 499, 497, 495, 493, 491, 489, 487, 486, 485, 484, 483, 482, 481, 481, 480, 0, 405, 397, 397, 0, 348, 392, 0, 403, 0, 0, 0, 487, 489, 491, 493, 495, 498, 500, 503, 506, 510, 512, 519, 524, 529, 534, 538, 543, 549, 554, 559, 564, 570, 577]
[0, 527, 527, 524, 516, 512, 513, 510, 507, 505, 502, 500, 497, 495, 493, 491, 489, 487, 485, 485, 484, 483, 482, 482, 481, 480, 0, 403, 396, 397, 0, 349, 0, 399, 403, 405, 0, 0, 488, 489, 491, 493, 496, 499, 501, 504, 507, 510, 513, 517, 521, 525, 530, 539, 544, 549, 554, 555, 560, 571, 578]
[0, 528, 524, 524, 516, 512, 510, 507, 507, 502, 500, 500, 497, 495, 491, 491, 489, 487, 486, 485, 484, 483, 482, 481, 481, 480, 0, 403, 396, 396, 0, 349, 392, 399, 403, 405, 0, 0, 488, 489, 491, 493, 496, 499, 501, 504, 507, 510, 514, 517, 521, 525, 530, 539, 544, 549, 554, 555, 560, 565, 570]
[0, 527, 524, 524, 520, 513, 510, 507, 504, 502, 502, 500, 497, 495, 493, 491, 488, 487, 485, 485, 484, 483, 482, 481, 481, 480, 0, 404, 396, 396, 0, 348, 392, 0, 404, 405, 0, 0, 487, 489, 491, 493, 498, 499, 500, 503, 506, 509, 512, 520, 524, 525, 533, 538, 543, 548, 553, 558, 564, 570, 576]
[0, 531, 526, 522, 518, 515, 512, 508, 506, 503, 500, 498, 496, 494, 492, 489, 488, 487, 485, 485, 484, 483, 482, 481, 481, 480, 0, 403, 396, 396, 0, 349, 0, 398, 405, 405, 0, 0, 488, 489, 491, 493, 496, 498, 500, 504, 507, 510, 513, 517, 520, 524, 533, 538, 543, 549, 553, 558, 564, 570, 577]
[0, 529, 525, 522, 518, 514, 511, 508, 505, 503, 500, 498, 496, 494, 492, 489, 488, 488, 485, 485, 484, 483, 482, 481, 480, 481, 0, 0, 400, 0, 346, 349, 0, 0, 405, 0, 484, 487, 488, 490, 492, 495, 497, 500, 502, 504, 508, 511, 515, 518, 522, 527, 531, 536, 541, 546, 552, 557, 561, 567, 573]
[0, 534, 530, 526, 523, 520, 516, 513, 510, 508, 505, 503, 501, 499, 497, 495, 494, 492, 490, 488, 487, 487, 486, 482, 481, 481, 0, 407, 398, 0, 0, 347, 0, 0, 405, 0, 486, 488, 490, 492, 495, 495, 498, 502, 505, 508, 511, 514, 518, 521, 526, 531, 535, 540, 545, 550, 555, 560, 566, 573, 580]
[0, 534, 529, 526, 523, 519, 516, 513, 510, 507, 505, 502, 501, 499, 497, 495, 494, 491, 490, 490, 487, 487, 486, 486, 485, 481, 0, 405, 397, 0, 0, 346, 0, 0, 405, 0, 491, 493, 494, 496, 499, 501, 503, 506, 509, 511, 514, 517, 522, 526, 530, 535, 539, 544, 549, 554, 559, 564, 570, 576, 583]
[0, 536, 531, 527, 524, 521, 517, 514, 512, 509, 506, 503, 502, 500, 498, 497, 495, 493, 492, 490, 489, 488, 486, 486, 485, 481, 0, 404, 396, 0, 0, 347, 0, 0, 403, 0, 0, 493, 495, 497, 0, 500, 501, 506, 509, 509, 516, 519, 522, 526, 531, 536, 540, 545, 550, 555, 560, 566, 572, 579, 585]
[0, 536, 531, 527, 524, 521, 517, 514, 512, 509, 506, 503, 502, 500, 498, 497, 495, 493, 492, 490, 489, 488, 486, 486, 485, 486, 0, 404, 399, 0, 0, 347, 0, 393, 0, 0, 0, 0, 495, 496, 498, 500, 503, 506, 509, 511, 514, 518, 522, 525, 529, 534, 538, 543, 548, 553, 557, 562, 568, 582, 585]
[0, 539, 535, 527, 524, 523, 520, 517, 515, 513, 510, 507, 505, 502, 500, 499, 498, 496, 494, 493, 492, 491, 490, 489, 485, 485, 0, 404, 399, 0, 0, 347, 0, 393, 406, 0, 0, 0, 495, 496, 498, 500, 503, 505, 508, 511, 513, 517, 521, 525, 529, 533, 538, 543, 547, 552, 557, 562, 575, 582, 585]
[0, 537, 533, 529, 525, 522, 519, 515, 513, 511, 508, 506, 503, 502, 500, 498, 497, 495, 494, 493, 491, 490, 489, 489, 488, 488, 0, 404, 399, 0, 0, 0, 392, 393, 406, 0, 0, 496, 498, 500, 502, 504, 506, 508, 510, 517, 513, 524, 529, 533, 529, 536, 541, 551, 556, 561, 566, 572, 579, 585, 591]
[0, 537, 534, 530, 527, 524, 519, 516, 513, 512, 510, 507, 505, 503, 501, 499, 498, 496, 495, 494, 493, 493, 491, 489, 488, 488, 0, 403, 395, 0, 0, 347, 392, 0, 406, 0, 495, 497, 499, 501, 503, 505, 508, 510, 513, 516, 519, 523, 526, 531, 534, 538, 544, 549, 554, 559, 564, 570, 576, 582, 589]
[0, 537, 534, 530, 527, 524, 519, 516, 513, 512, 510, 506, 505, 503, 501, 499, 498, 497, 496, 494, 493, 493, 491, 490, 488, 491, 0, 401, 395, 0, 0, 347, 392, 0, 401, 0, 0, 499, 501, 503, 505, 508, 510, 513, 516, 519, 522, 526, 529, 534, 538, 542, 547, 552, 557, 562, 568, 574, 580, 587, 593]
[0, 541, 537, 533, 529, 526, 522, 520, 517, 514, 512, 510, 507, 505, 503, 501, 500, 498, 497, 497, 496, 495, 493, 493, 491, 491, 0, 402, 394, 0, 0, 347, 392, 0, 401, 0, 0, 499, 501, 502, 504, 508, 510, 512, 515, 519, 522, 525, 529, 532, 537, 542, 547, 552, 557, 562, 566, 572, 579, 586, 593]
[0, 541, 537, 532, 529, 526, 522, 519, 517, 514, 512, 509, 507, 505, 503, 502, 500, 498, 497, 496, 496, 494, 493, 493, 492, 0, 0, 405, 396, 0, 346, 347, 392, 0, 401, 0, 0, 500, 501, 503, 506, 508, 510, 513, 516, 519, 522, 525, 528, 533, 537, 541, 546, 552, 557, 561, 572, 578, 579, 591, 597]
[0, 542, 537, 534, 532, 527, 524, 521, 517, 515, 512, 510, 509, 507, 504, 502, 500, 499, 499, 499, 497, 496, 495, 494, 492, 0, 0, 403, 395, 0, 346, 347, 392, 0, 0, 0, 0, 0, 502, 504, 506, 508, 511, 513, 516, 520, 522, 526, 530, 534, 537, 542, 547, 552, 557, 562, 567, 573, 579, 585, 598]
[0, 543, 539, 535, 532, 528, 525, 522, 519, 516, 513, 511, 510, 507, 505, 504, 502, 500, 499, 498, 497, 496, 496, 496, 494, 0, 0, 403, 394, 0, 346, 346, 392, 0, 0, 0, 0, 502, 503, 506, 508, 510, 512, 516, 519, 522, 525, 529, 532, 536, 541, 545, 550, 554, 559, 564, 569, 576, 587, 585, 594]
[0, 548, 544, 540, 536, 533, 529, 526, 524, 522, 519, 517, 514, 513, 511, 508, 507, 506, 504, 504, 502, 501, 501, 500, 495, 0, 405, 396, 394, 0, 346, 346, 0, 396, 0, 404, 0, 502, 504, 505, 507, 509, 512, 515, 518, 524, 528, 529, 531, 538, 543, 548, 553, 558, 563, 568, 575, 581, 586, 592, 599]
[0, 548, 544, 540, 536, 532, 529, 526, 524, 522, 519, 517, 514, 512, 511, 509, 507, 505, 504, 504, 503, 501, 501, 500, 499, 0, 0, 0, 395, 0, 346, 345, 0, 0, 0, 0, 0, 508, 510, 512, 513, 515, 518, 521, 523, 526, 530, 537, 542, 538, 550, 555, 559, 564, 569, 575, 582, 588, 594, 599, 606]
[0, 553, 549, 545, 541, 538, 534, 531, 528, 525, 523, 521, 519, 517, 516, 513, 512, 510, 509, 508, 507, 507, 506, 504, 500, 0, 0, 403, 394, 0, 346, 346, 0, 0, 0, 0, 0, 508, 510, 512, 513, 515, 518, 521, 523, 526, 530, 534, 542, 538, 550, 555, 559, 559, 569, 576, 582, 589, 594, 600, 606]
[0, 555, 551, 547, 544, 540, 537, 534, 531, 528, 526, 524, 522, 519, 517, 516, 513, 512, 511, 511, 510, 509, 508, 507, 503, 0, 0, 403, 394, 0, 345, 346, 0, 0, 0, 0, 0, 512, 514, 515, 521, 523, 518, 529, 523, 535, 539, 542, 542, 547, 555, 559, 564, 569, 575, 581, 587, 593, 599, 604, 611]
[0, 560, 556, 551, 548, 545, 542, 539, 535, 533, 530, 529, 527, 525, 523, 521, 519, 518, 517, 515, 514, 514, 513, 512, 506, 0, 0, 402, 393, 0, 345, 0, 389, 394, 401, 0, 0, 514, 518, 515, 522, 525, 518, 530, 523, 536, 540, 544, 548, 552, 557, 562, 566, 571, 577, 583, 589, 595, 601, 607, 613]
[0, 560, 557, 553, 549, 546, 543, 540, 537, 535, 532, 530, 528, 526, 524, 523, 521, 519, 518, 518, 517, 515, 514, 514, 511, 0, 0, 400, 392, 0, 0, 0, 0, 389, 401, 0, 0, 520, 522, 523, 526, 528, 531, 537, 540, 543, 540, 550, 555, 559, 563, 567, 573, 579, 584, 590, 595, 600, 607, 613, 620]
[0, 561, 558, 554, 550, 547, 544, 541, 538, 536, 534, 531, 529, 527, 525, 522, 521, 519, 518, 517, 516, 516, 515, 515, 514, 0, 0, 396, 390, 0, 0, 0, 0, 0, 0, 0, 0, 522, 524, 527, 528, 531, 534, 537, 540, 543, 546, 552, 556, 561, 566, 571, 575, 581, 587, 593, 599, 604, 611, 616, 623]
[0, 568, 564, 561, 557, 554, 551, 548, 545, 542, 540, 538, 536, 534, 531, 530, 528, 527, 526, 525, 524, 522, 522, 522, 514, 0, 402, 396, 393, 0, 0, 0, 387, 0, 398, 0, 522, 524, 526, 528, 531, 533, 535, 539, 543, 546, 549, 553, 557, 560, 565, 569, 574, 580, 586, 591, 596, 601, 608, 615, 621]
[0, 568, 565, 561, 558, 555, 552, 549, 546, 543, 541, 539, 537, 535, 533, 531, 529, 528, 526, 526, 525, 524, 523, 523, 521, 0, 0, 398, 391, 0, 0, 0, 0, 387, 392, 0, 522, 531, 533, 535, 538, 540, 542, 545, 549, 552, 556, 559, 563, 568, 571, 576, 581, 587, 592, 598, 603, 615, 621, 628, 636]
[0, 569, 565, 561, 558, 555, 552, 549, 547, 544, 542, 539, 537, 535, 533, 531, 530, 528, 527, 526, 525, 524, 524, 524, 523, 0, 0, 394, 389, 0, 0, 0, 0, 0, 393, 400, 0, 530, 534, 535, 537, 540, 546, 549, 552, 555, 559, 562, 566, 570, 575, 580, 585, 590, 595, 601, 607, 613, 618, 625, 632]
[0, 569, 565, 561, 558, 555, 552, 549, 546, 544, 542, 539, 537, 535, 533, 531, 530, 528, 527, 525, 525, 524, 524, 523, 522, 0, 0, 397, 390, 0, 347, 0, 0, 391, 393, 398, 0, 532, 534, 537, 540, 542, 544, 547, 551, 554, 556, 561, 564, 569, 574, 579, 584, 590, 595, 599, 604, 616, 625, 631, 637]
[0, 588, 584, 579, 576, 572, 568, 564, 562, 560, 558, 555, 553, 548, 547, 531, 544, 528, 543, 541, 540, 539, 538, 523, 523, 0, 0, 395, 389, 0, 0, 348, 0, 0, 391, 398, 0, 0, 534, 537, 0, 541, 544, 548, 551, 554, 557, 561, 565, 569, 574, 579, 584, 590, 595, 600, 606, 618, 625, 630, 637]
[0, 587, 584, 580, 576, 576, 568, 566, 563, 562, 558, 557, 555, 553, 552, 550, 548, 547, 546, 544, 544, 543, 543, 537, 523, 0, 400, 391, 389, 385, 0, 348, 0, 386, 0, 0, 0, 547, 550, 551, 553, 556, 558, 562, 565, 568, 575, 580, 585, 588, 593, 598, 602, 607, 613, 619, 625, 632, 639, 645, 651]
[0, 593, 590, 586, 582, 579, 575, 571, 568, 565, 563, 561, 559, 558, 556, 553, 551, 550, 549, 548, 547, 546, 546, 545, 523, 0, 400, 390, 385, 385, 0, 348, 0, 386, 0, 0, 0, 0, 554, 556, 558, 560, 562, 565, 568, 576, 580, 584, 588, 592, 597, 601, 606, 612, 617, 623, 630, 638, 644, 650, 657]
[0, 595, 591, 587, 583, 579, 576, 572, 569, 567, 565, 562, 560, 558, 555, 554, 553, 551, 549, 548, 547, 547, 546, 545, 523, 0, 0, 392, 386, 0, 0, 348, 0, 0, 389, 0, 0, 556, 558, 0, 562, 565, 568, 571, 574, 578, 583, 588, 592, 595, 600, 605, 609, 615, 621, 627, 633, 640, 647, 660, 668]
[0, 600, 596, 592, 589, 585, 582, 578, 575, 572, 569, 567, 566, 563, 561, 560, 558, 557, 556, 555, 553, 552, 552, 551, 545, 0, 0, 395, 388, 0, 0, 348, 0, 387, 389, 0, 0, 556, 557, 560, 562, 564, 567, 570, 575, 578, 582, 585, 590, 594, 598, 608, 609, 613, 624, 631, 638, 645, 651, 658, 665]
[0, 609, 605, 602, 598, 595, 592, 589, 586, 583, 580, 577, 575, 573, 570, 568, 566, 565, 564, 562, 562, 561, 560, 560, 545, 0, 0, 391, 385, 0, 0, 348, 0, 0, 388, 0, 0, 0, 566, 568, 570, 573, 577, 581, 584, 588, 592, 596, 601, 605, 609, 614, 619, 626, 631, 637, 645, 652, 658, 665, 672]
[0, 609, 605, 602, 598, 595, 592, 589, 586, 583, 580, 578, 575, 573, 570, 568, 566, 565, 564, 562, 562, 561, 560, 559, 560, 0, 0, 391, 385, 378, 0, 348, 0, 0, 386, 0, 0, 571, 573, 576, 578, 580, 584, 587, 590, 594, 598, 601, 606, 610, 615, 620, 625, 630, 642, 649, 655, 662, 670, 677, 684]
[0, 611, 603, 600, 598, 593, 590, 587, 584, 581, 579, 576, 573, 571, 570, 568, 566, 565, 564, 562, 562, 561, 560, 559, 560, 0, 0, 392, 385, 378, 0, 348, 0, 386, 386, 0, 0, 570, 572, 576, 578, 580, 583, 586, 590, 594, 597, 601, 606, 610, 615, 625, 631, 637, 643, 648, 654, 661, 668, 676, 683]
[0, 614, 610, 607, 604, 600, 597, 594, 591, 589, 586, 584, 581, 579, 576, 575, 574, 572, 570, 569, 568, 567, 566, 559, 560, 0, 397, 392, 381, 378, 0, 348, 0, 384, 0, 0, 0, 0, 573, 575, 577, 580, 586, 586, 592, 595, 599, 603, 608, 612, 616, 622, 627, 633, 639, 646, 652, 658, 666, 673, 680]
[0, 629, 624, 619, 615, 609, 606, 603, 601, 598, 595, 593, 591, 589, 587, 586, 585, 582, 580, 579, 579, 578, 577, 565, 560, 0, 0, 388, 383, 0, 0, 348, 0, 0, 387, 0, 0, 579, 573, 583, 586, 589, 592, 595, 598, 601, 605, 609, 613, 617, 623, 629, 634, 640, 647, 653, 658, 664, 680, 687, 696]
[0, 633, 628, 624, 621, 617, 614, 610, 608, 605, 602, 599, 597, 595, 592, 586, 589, 582, 586, 585, 584, 583, 582, 577, 560, 0, 394, 388, 381, 0, 377, 378, 381, 383, 387, 395, 0, 0, 590, 592, 594, 600, 592, 606, 609, 612, 616, 621, 625, 631, 637, 642, 648, 653, 659, 665, 672, 678, 686, 695, 702]
[0, 633, 628, 623, 619, 616, 613, 610, 607, 604, 601, 599, 597, 595, 593, 592, 589, 588, 587, 586, 585, 584, 583, 582, 560, 0, 394, 391, 385, 380, 377, 379, 381, 384, 387, 395, 0, 0, 595, 598, 600, 603, 607, 609, 612, 616, 620, 625, 634, 631, 646, 651, 656, 662, 667, 674, 681, 688, 696, 705, 712]
[0, 643, 639, 634, 630, 627, 623, 619, 617, 615, 612, 609, 607, 605, 603, 601, 599, 598, 597, 596, 595, 594, 593, 593, 560, 0, 0, 389, 383, 379, 376, 378, 380, 381, 384, 395, 0, 0, 596, 598, 600, 603, 607, 610, 613, 617, 621, 625, 630, 635, 640, 645, 650, 662, 668, 674, 681, 689, 697, 705, 713]
[0, 644, 639, 635, 630, 626, 623, 619, 616, 615, 612, 609, 606, 604, 603, 601, 599, 598, 597, 596, 595, 594, 593, 593, 560, 0, 0, 387, 382, 378, 376, 378, 379, 381, 384, 395, 0, 606, 607, 609, 612, 614, 618, 621, 625, 628, 633, 637, 643, 647, 652, 657, 662, 669, 675, 681, 696, 689, 711, 718, 726]
[0, 657, 653, 649, 645, 642, 639, 635, 632, 629, 626, 624, 621, 619, 616, 614, 613, 612, 612, 611, 610, 609, 607, 593, 560, 0, 0, 388, 383, 378, 376, 378, 379, 381, 384, 395, 0, 0, 607, 608, 611, 614, 617, 621, 624, 628, 632, 637, 642, 646, 650, 656, 667, 669, 674, 688, 695, 703, 710, 716, 724]
[0, 659, 655, 650, 647, 644, 640, 636, 633, 631, 628, 625, 622, 621, 618, 617, 615, 613, 612, 612, 610, 608, 608, 607, 560, 0, 391, 388, 384, 377, 377, 378, 379, 381, 385, 391, 0, 0, 621, 623, 629, 634, 638, 640, 644, 647, 651, 655, 659, 665, 670, 676, 682, 689, 695, 703, 710, 716, 723, 732, 740]
[0, 661, 656, 651, 647, 644, 641, 638, 635, 632, 629, 626, 623, 621, 618, 616, 615, 614, 613, 612, 611, 609, 608, 608, 560, 0, 0, 385, 381, 378, 376, 376, 378, 380, 384, 391, 0, 622, 623, 626, 629, 633, 636, 640, 643, 648, 651, 654, 660, 665, 670, 675, 681, 688, 694, 702, 709, 716, 731, 732, 749]
[0, 668, 663, 660, 656, 652, 646, 643, 639, 632, 634, 631, 629, 621, 625, 616, 620, 619, 618, 617, 616, 615, 614, 608, 560, 0, 0, 387, 382, 378, 376, 377, 378, 380, 383, 391, 0, 0, 623, 625, 628, 631, 634, 638, 642, 646, 650, 654, 659, 663, 669, 675, 681, 686, 693, 708, 715, 722, 730, 738, 748]
[0, 665, 662, 658, 654, 651, 647, 645, 642, 638, 635, 632, 630, 628, 625, 623, 621, 619, 619, 617, 616, 615, 614, 616, 560, 0, 0, 388, 382, 379, 377, 376, 377, 379, 382, 391, 0, 0, 630, 633, 636, 640, 644, 646, 649, 653, 657, 661, 666, 671, 676, 688, 695, 701, 708, 714, 721, 729, 738, 746, 755]
[0, 678, 674, 669, 665, 661, 658, 655, 651, 649, 647, 645, 642, 641, 639, 636, 633, 631, 631, 630, 629, 627, 625, 614, 560, 0, 391, 384, 380, 377, 376, 376, 378, 380, 384, 391, 0, 0, 629, 635, 638, 641, 644, 648, 651, 655, 660, 664, 669, 674, 680, 686, 693, 699, 706, 712, 718, 726, 734, 743, 752]
[0, 678, 674, 669, 666, 662, 658, 655, 652, 649, 647, 645, 642, 640, 639, 636, 634, 631, 630, 630, 629, 627, 625, 625, 560, 0, 392, 384, 380, 377, 376, 376, 378, 380, 384, 391, 0, 0, 643, 646, 650, 652, 655, 659, 662, 666, 671, 676, 681, 687, 692, 698, 705, 712, 717, 723, 731, 739, 748, 757, 766]
[0, 687, 682, 677, 674, 671, 668, 665, 662, 658, 656, 654, 652, 651, 650, 647, 646, 645, 643, 641, 640, 640, 639, 625, 560, 0, 0, 384, 380, 378, 376, 376, 377, 380, 383, 391, 0, 0, 643, 646, 649, 652, 655, 659, 662, 666, 670, 675, 680, 686, 692, 698, 705, 711, 717, 723, 731, 739, 747, 756, 766]
[0, 693, 689, 684, 680, 676, 672, 668, 665, 662, 660, 657, 655, 653, 650, 648, 646, 645, 645, 644, 642, 641, 640, 639, 560, 0, 0, 389, 378, 378, 376, 374, 374, 380, 383, 391, 0, 0, 655, 658, 661, 664, 667, 670, 674, 678, 688, 694, 698, 703, 709, 715, 721, 728, 736, 744, 752, 759, 767, 776, 784]
[0, 700, 695, 691, 686, 682, 679, 676, 673, 670, 667, 665, 663, 660, 659, 657, 655, 655, 653, 652, 651, 650, 648, 639, 560, 0, 0, 384, 380, 377, 374, 375, 376, 378, 383, 391, 0, 0, 656, 659, 661, 665, 668, 671, 675, 680, 685, 690, 696, 702, 707, 712, 718, 725, 732, 738, 746, 755, 763, 771, 791]
[0, 707, 702, 698, 693, 688, 685, 682, 678, 675, 673, 670, 665, 660, 663, 661, 660, 657, 656, 652, 654, 653, 652, 651, 560, 0, 0, 386, 381, 377, 375, 375, 375, 377, 380, 391, 0, 0, 666, 669, 671, 675, 679, 683, 686, 692, 697, 702, 708, 712, 717, 723, 731, 744, 732, 759, 767, 775, 786, 795, 805]
[0, 717, 713, 709, 704, 701, 697, 693, 690, 686, 683, 681, 679, 677, 675, 674, 672, 670, 669, 667, 666, 665, 664, 651, 560, 0, 0, 384, 379, 376, 375, 375, 376, 378, 382, 391, 0, 0, 668, 671, 674, 677, 680, 685, 689, 694, 699, 704, 709, 714, 719, 726, 733, 740, 747, 755, 762, 770, 787, 795, 809]
[0, 719, 711, 709, 702, 699, 697, 690, 687, 684, 682, 680, 679, 675, 674, 672, 671, 669, 668, 667, 666, 665, 664, 664, 560, 0, 389, 384, 0, 451, 456, 457, 457, 454, 0, 389, 0, 0, 683, 686, 689, 693, 697, 701, 705, 710, 715, 720, 725, 731, 737, 743, 751, 758, 765, 772, 781, 790, 799, 808, 817]
[0, 735, 729, 724, 720, 716, 713, 710, 706, 704, 702, 698, 695, 693, 692, 689, 688, 686, 685, 684, 682, 681, 681, 664, 560, 0, 393, 385, 0, 454, 457, 457, 455, 454, 0, 389, 0, 0, 682, 685, 688, 691, 695, 700, 704, 709, 713, 718, 723, 729, 735, 741, 748, 754, 761, 769, 776, 795, 805, 814, 823]
[0, 738, 729, 723, 720, 718, 715, 712, 709, 706, 704, 699, 695, 695, 692, 690, 689, 686, 686, 685, 684, 682, 681, 680, 560, 0, 393, 385, 0, 452, 455, 457, 456, 454, 448, 389, 0, 0, 702, 705, 707, 711, 715, 720, 724, 729, 734, 740, 746, 753, 759, 764, 771, 779, 786, 794, 804, 812, 820, 829, 838]
[0, 737, 732, 726, 722, 719, 715, 712, 708, 706, 703, 700, 698, 696, 693, 692, 690, 688, 687, 686, 684, 683, 682, 680, 560, 0, 393, 385, 451, 452, 455, 456, 454, 450, 448, 389, 0, 0, 702, 705, 707, 710, 714, 718, 723, 729, 734, 739, 746, 752, 757, 764, 771, 777, 785, 801, 811, 812, 819, 836, 846]
[0, 749, 738, 734, 731, 719, 726, 721, 714, 706, 711, 708, 698, 704, 702, 699, 698, 697, 696, 695, 694, 693, 692, 682, 560, 0, 393, 385, 0, 453, 456, 457, 456, 453, 447, 389, 0, 0, 702, 706, 0, 709, 716, 721, 726, 730, 735, 741, 748, 754, 760, 767, 774, 780, 788, 797, 805, 814, 823, 831, 840]
[0, 745, 740, 736, 731, 727, 723, 718, 715, 713, 711, 708, 706, 705, 703, 700, 698, 697, 697, 695, 694, 693, 691, 682, 560, 0, 393, 385, 0, 452, 456, 456, 454, 450, 447, 389, 0, 0, 710, 713, 717, 720, 723, 728, 734, 739, 744, 750, 756, 762, 768, 774, 781, 788, 796, 812, 805, 820, 836, 847, 859]
[0, 765, 761, 756, 751, 745, 740, 736, 733, 730, 728, 722, 706, 720, 717, 715, 714, 712, 711, 695, 708, 693, 708, 693, 560, 0, 393, 0, 0, 450, 456, 456, 455, 451, 445, 439, 0, 0, 0, 711, 714, 718, 727, 733, 734, 742, 748, 753, 759, 765, 772, 779, 786, 793, 801, 810, 818, 826, 834, 843, 855]
[0, 765, 769, 765, 762, 757, 753, 750, 747, 743, 740, 738, 735, 733, 731, 729, 727, 725, 724, 724, 722, 721, 721, 708, 560, 0, 393, 0, 0, 0, 0, 456, 0, 453, 448, 439, 0, 0, 729, 732, 735, 740, 745, 750, 755, 761, 765, 770, 776, 783, 790, 798, 805, 813, 819, 826, 835, 844, 864, 873, 882]
[0, 781, 775, 769, 765, 760, 756, 752, 749, 746, 742, 739, 737, 735, 733, 730, 728, 727, 726, 725, 724, 722, 722, 708, 560, 0, 0, 445, 451, 454, 0, 456, 454, 453, 449, 0, 0, 0, 742, 746, 751, 756, 760, 764, 768, 772, 779, 784, 790, 797, 804, 811, 818, 825, 832, 840, 850, 860, 876, 886, 896]
[0, 780, 774, 769, 764, 760, 756, 752, 749, 746, 742, 739, 737, 735, 733, 730, 729, 727, 726, 725, 724, 722, 722, 722, 560, 0, 0, 445, 0, 452, 0, 0, 454, 451, 449, 0, 0, 0, 744, 746, 750, 754, 762, 767, 768, 777, 784, 790, 796, 802, 809, 817, 824, 832, 839, 847, 858, 866, 874, 882, 892]
[0, 786, 780, 774, 770, 766, 762, 759, 756, 753, 750, 747, 745, 741, 739, 737, 735, 734, 733, 732, 731, 731, 731, 722, 560, 0, 0, 445, 0, 452, 455, 0, 455, 451, 449, 0, 0, 0, 744, 746, 750, 754, 758, 762, 772, 777, 784, 790, 796, 802, 809, 817, 824, 832, 839, 848, 858, 866, 874, 883, 893]
[0, 786, 781, 775, 770, 766, 762, 759, 755, 753, 750, 747, 744, 741, 739, 737, 735, 734, 734, 733, 731, 730, 731, 722, 560, 0, 0, 444, 0, 454, 456, 456, 454, 449, 443, 435, 0, 0, 751, 755, 759, 764, 768, 772, 777, 783, 789, 796, 802, 809, 815, 821, 828, 834, 843, 861, 858, 878, 887, 896, 906]
[0, 797, 792, 787, 781, 777, 772, 769, 766, 763, 760, 757, 754, 752, 750, 746, 745, 743, 741, 740, 740, 739, 738, 722, 560, 0, 0, 436, 444, 450, 456, 456, 454, 449, 443, 435, 0, 0, 752, 755, 760, 764, 768, 772, 777, 783, 790, 796, 802, 809, 815, 821, 828, 834, 844, 852, 861, 871, 878, 887, 907]
[0, 824, 817, 811, 807, 803, 800, 797, 791, 788, 786, 783, 780, 777, 776, 775, 774, 772, 770, 768, 768, 767, 766, 738, 560, 0, 432, 441, 448, 452, 455, 456, 455, 449, 443, 0, 0, 759, 763, 766, 771, 775, 780, 784, 790, 796, 802, 809, 814, 821, 828, 834, 842, 852, 861, 868, 875, 884, 893, 903, 915]
[0, 822, 816, 810, 805, 802, 799, 796, 791, 787, 784, 781, 779, 778, 777, 775, 773, 772, 770, 769, 768, 766, 766, 764, 764, 0, 0, 443, 448, 452, 455, 456, 454, 451, 449, 0, 0, 783, 788, 791, 795, 805, 810, 815, 821, 826, 831, 836, 843, 852, 860, 867, 874, 881, 888, 897, 907, 917, 927, 936, 946]
[0, 832, 826, 820, 814, 810, 807, 805, 801, 797, 794, 792, 789, 786, 784, 783, 782, 780, 779, 779, 778, 776, 765, 765, 765, 0, 0, 0, 450, 454, 455, 456, 454, 454, 450, 0, 782, 785, 788, 793, 797, 802, 807, 812, 818, 823, 829, 833, 840, 847, 855, 864, 870, 876, 884, 892, 900, 910, 920, 941, 951]
[0, 833, 827, 823, 818, 813, 809, 804, 802, 799, 796, 793, 790, 787, 785, 783, 782, 781, 780, 778, 778, 777, 776, 776, 775, 0, 0, 0, 450, 452, 457, 0, 454, 454, 0, 791, 794, 798, 801, 806, 810, 814, 820, 824, 829, 834, 839, 846, 853, 861, 867, 874, 881, 888, 895, 904, 924, 934, 944, 953, 966]
[0, 853, 846, 840, 834, 831, 828, 824, 820, 817, 814, 812, 809, 807, 805, 803, 801, 800, 798, 797, 796, 796, 796, 775, 775, 776, 0, 0, 450, 453, 456, 456, 455, 454, 0, 0, 792, 796, 800, 804, 808, 817, 823, 824, 831, 836, 843, 850, 858, 866, 872, 878, 885, 892, 900, 910, 922, 931, 939, 949, 960]
[0, 853, 844, 840, 833, 829, 827, 823, 819, 816, 814, 811, 809, 807, 805, 802, 801, 800, 799, 799, 798, 796, 796, 795, 795, 796, 796, 797, 450, 453, 800, 801, 804, 807, 810, 812, 814, 817, 821, 824, 828, 835, 823, 845, 852, 860, 866, 871, 876, 884, 891, 899, 908, 916, 925, 934, 943, 952, 961, 974, 987]
[0, 869, 864, 859, 854, 848, 844, 840, 837, 834, 831, 829, 828, 825, 822, 821, 820, 818, 817, 817, 816, 815, 795, 795, 795, 796, 796, 796, 450, 453, 800, 802, 805, 808, 810, 813, 816, 819, 823, 826, 829, 833, 838, 843, 849, 856, 863, 868, 874, 880, 887, 894, 901, 910, 929, 934, 946, 956, 966, 980, 993]
[0, 870, 866, 861, 856, 851, 846, 841, 838, 835, 832, 831, 829, 825, 824, 822, 820, 819, 817, 816, 816, 816, 816, 815, 815, 815, 815, 817, 818, 820, 823, 824, 825, 827, 829, 832, 834, 837, 840, 845, 851, 855, 861, 866, 872, 876, 880, 886, 893, 900, 908, 926, 901, 943, 950, 958, 970, 982, 993, 1002, 1014]
[0, 882, 877, 872, 868, 864, 860, 857, 853, 849, 846, 843, 839, 837, 836, 835, 834, 832, 831, 830, 829, 829, 829, 815, 815, 816, 816, 816, 817, 819, 821, 823, 825, 827, 828, 831, 834, 837, 839, 844, 850, 860, 861, 869, 875, 881, 886, 892, 898, 906, 916, 924, 933, 942, 950, 957, 968, 980, 991, 1002, 1013]
[0, 888, 883, 877, 873, 870, 866, 862, 858, 854, 852, 849, 845, 842, 840, 837, 836, 835, 835, 834, 834, 833, 829, 830, 830, 830, 830, 831, 832, 833, 836, 837, 838, 841, 845, 849, 851, 857, 861, 865, 873, 860, 883, 888, 892, 899, 906, 913, 920, 926, 935, 943, 951, 961, 970, 982, 994, 1004, 1014, 1025, 1037]
[0, 892, 886, 882, 877, 873, 868, 864, 862, 859, 855, 852, 850, 847, 844, 841, 839, 840, 837, 835, 835, 835, 835, 833, 833, 833, 832, 833, 835, 837, 838, 841, 843, 846, 850, 853, 856, 859, 863, 867, 872, 876, 880, 885, 890, 896, 902, 910, 917, 924, 932, 939, 947, 966, 976, 989, 999, 1007, 1018, 1031, 1045]
[0, 889, 884, 879, 875, 872, 868, 864, 861, 857, 854, 851, 848, 845, 842, 841, 840, 837, 836, 835, 835, 834, 835, 836, 836, 835, 834, 835, 837, 837, 840, 842, 847, 851, 853, 856, 860, 865, 869, 872, 875, 880, 885, 890, 895, 901, 908, 915, 922, 930, 938, 946, 956, 964, 973, 984, 994, 1004, 1014, 1026, 1039]
[0, 928, 921, 915, 911, 906, 901, 897, 895, 892, 889, 887, 884, 882, 881, 881, 878, 877, 878, 878, 877, 876, 834, 835, 836, 836, 836, 835, 836, 838, 840, 842, 846, 849, 852, 855, 859, 864, 867, 870, 874, 878, 882, 889, 895, 900, 907, 912, 920, 926, 933, 943, 951, 958, 968, 981, 992, 1001, 1012, 1021, 1047]
[0, 939, 932, 927, 922, 916, 911, 907, 904, 900, 897, 894, 892, 891, 889, 886, 884, 883, 882, 882, 881, 880, 876, 876, 877, 879, 880, 880, 880, 881, 883, 886, 888, 890, 894, 897, 901, 905, 911, 916, 921, 927, 933, 938, 943, 949, 956, 962, 979, 989, 933, 996, 1015, 1024, 1035, 1047, 1059, 1072, 1084, 1097, 1113]
[0, 961, 955, 949, 944, 940, 937, 934, 930, 927, 923, 921, 918, 915, 913, 912, 910, 909, 908, 907, 907, 906, 876, 880, 881, 881, 882, 882, 884, 886, 887, 889, 893, 895, 899, 903, 905, 909, 915, 921, 926, 932, 938, 943, 948, 954, 960, 967, 975, 985, 995, 1003, 1011, 1020, 1031, 1041, 1053, 1066, 1078, 1090, 1105]
[0, 976, 968, 961, 955, 950, 947, 944, 941, 938, 934, 932, 931, 927, 925, 923, 922, 921, 919, 919, 919, 920, 907, 908, 908, 908, 909, 911, 913, 915, 915, 916, 918, 922, 926, 930, 934, 937, 942, 946, 950, 955, 960, 967, 976, 983, 990, 997, 1003, 1010, 1018, 1029, 1047, 1059, 1069, 1081, 1092, 1105, 1119, 1134, 1150]
[0, 978, 969, 962, 956, 953, 950, 946, 942, 939, 937, 933, 930, 928, 926, 925, 923, 921, 921, 920, 919, 919, 920, 920, 921, 922, 922, 924, 927, 927, 929, 931, 933, 936, 939, 942, 944, 948, 952, 957, 963, 968, 975, 983, 989, 996, 1002, 1008, 1016, 1025, 1033, 1052, 1063, 1073, 1069, 1095, 1107, 1121, 1137, 1152, 1166]
[0, 972, 964, 958, 953, 950, 947, 944, 941, 937, 934, 932, 929, 925, 923, 923, 922, 921, 920, 920, 919, 920, 920, 920, 920, 922, 922, 925, 926, 929, 931, 931, 933, 936, 940, 943, 947, 951, 956, 960, 964, 970, 978, 985, 991, 998, 1005, 1012, 1019, 1026, 1034, 1046, 1056, 1065, 1075, 1087, 1099, 1114, 1127, 1142, 1158]
[0, 1017, 1011, 1006, 1000, 995, 991, 986, 982, 978, 974, 969, 967, 966, 965, 961, 959, 961, 959, 960, 959, 959, 920, 920, 921, 922, 922, 924, 926, 927, 929, 931, 933, 936, 939, 941, 944, 948, 952, 957, 963, 968, 975, 982, 988, 996, 1002, 1008, 1025, 1033, 1042, 1052, 1063, 1072, 1082, 1094, 1107, 1121, 1133, 1149, 1166]
[0, 1017, 1011, 1005, 1000, 995, 991, 987, 982, 978, 974, 969, 967, 966, 966, 961, 959, 961, 960, 960, 958, 959, 960, 960, 961, 962, 963, 964, 964, 966, 968, 971, 974, 978, 983, 988, 992, 995, 998, 1003, 1007, 1018, 1025, 1034, 1039, 1045, 1054, 1062, 1071, 1080, 1089, 1099, 1109, 1121, 1135, 1147, 1159, 1172, 1186, 1197, 1212]
[0, 1056, 1050, 1044, 1038, 1033, 1027, 1024, 1021, 1016, 1015, 1013, 1011, 1007, 1004, 1003, 1002, 1001, 1001, 1001, 1001, 1001, 961, 961, 961, 961, 962, 963, 965, 966, 968, 971, 973, 977, 982, 987, 991, 995, 999, 1003, 1007, 1013, 1020, 1026, 1033, 1039, 1047, 1056, 1072, 1080, 1091, 1100, 1111, 1124, 1137, 1151, 1163, 1175, 1188, 1201, 1217]
[0, 1060, 1054, 1047, 1040, 1033, 1029, 1026, 1022, 1019, 1015, 1012, 1011, 1009, 1006, 1005, 1002, 1001, 1001, 1001, 1002, 1003, 1001, 1003, 1004, 1003, 1003, 1005, 1006, 1008, 1010, 1013, 1016, 1020, 1023, 1028, 1033, 1037, 1041, 1046, 1053, 1060, 1065, 1071, 1079, 1086, 1093, 1102, 1111, 1120, 1131, 1143, 1166, 1176, 1187, 1200, 1215, 1228, 1242, 1258, 1276]
[0, 1092, 1087, 1081, 1075, 1069, 1063, 1059, 1055, 1052, 1048, 1044, 1042, 1039, 1037, 1035, 1035, 1035, 1034, 1034, 1033, 1032, 1034, 1003, 1004, 1004, 1005, 1006, 1008, 1011, 1012, 1013, 1016, 1020, 1024, 1028, 1032, 1037, 1040, 1047, 1053, 1058, 1063, 1070, 1086, 1093, 1101, 1102, 1120, 1130, 1139, 1151, 1164, 1175, 1187, 1199, 1213, 1228, 1240, 1255, 1270]
[0, 1104, 1098, 1091, 1085, 1080, 1076, 1071, 1065, 1060, 1059, 1059, 1055, 1051, 1050, 1049, 1047, 1045, 1044, 1044, 1044, 1044, 1046, 1035, 1036, 1037, 1039, 1006, 1040, 1042, 1043, 1048, 1054, 1058, 1061, 1063, 1068, 1074, 1078, 1083, 1088, 1095, 1103, 1111, 1120, 1128, 1136, 1145, 1155, 1163, 1174, 1186, 1196, 1207, 1220, 1234, 1247, 1261, 1276, 1294, 1270]
[0, 1103, 1097, 1089, 1083, 1079, 1074, 1069, 1065, 1062, 1060, 1057, 1054, 1050, 1048, 1046, 1045, 1044, 1046, 1046, 1044, 1043, 1046, 1046, 1045, 1048, 1039, 1050, 1053, 1057, 1059, 1061, 1064, 1069, 1073, 1076, 1081, 1086, 1090, 1096, 1104, 1110, 1118, 1126, 1135, 1144, 1151, 1159, 1168, 1177, 1188, 1200, 1212, 1226, 1238, 1251, 1262, 1276, 1293, 1294, 1270]
[0, 1106, 1098, 1090, 1085, 1081, 1075, 1070, 1066, 1063, 1061, 1058, 1055, 1053, 1053, 1049, 1049, 1049, 1048, 1046, 1046, 1049, 1044, 1044, 1044, 1047, 1050, 1051, 1052, 1055, 1058, 1059, 1063, 1066, 1070, 1074, 1078, 1083, 1087, 1094, 1099, 1112, 1121, 1129, 1137, 1146, 1153, 1161, 1170, 1179, 1190, 1202, 1215, 1227, 1240, 1253, 1265, 1281, 1299, 1294, 1327]
[0, 1104, 1098, 1089, 1085, 1080, 1076, 1070, 1067, 1064, 1062, 1058, 1055, 1053, 1052, 1051, 1051, 1050, 1049, 1046, 1046, 1049, 1051, 1051, 1052, 1053, 1054, 1055, 1056, 1058, 1060, 1063, 1066, 1070, 1073, 1078, 1082, 1086, 1091, 1096, 1104, 1112, 1119, 1126, 1134, 1142, 1160, 1167, 1176, 1186, 1197, 1209, 1222, 1235, 1247, 1260, 1274, 1289, 1304, 1294, 1331]
[0, 1109, 1101, 1093, 1087, 1081, 1077, 1074, 1070, 1065, 1062, 1059, 1056, 1052, 1051, 1050, 1049, 1048, 1047, 1047, 1046, 1046, 1046, 1049, 1049, 1053, 1054, 1054, 1057, 1060, 1062, 1064, 1066, 1071, 1075, 1079, 1084, 1087, 1092, 1096, 1104, 1113, 1120, 1128, 1135, 1143, 1151, 1161, 1169, 1178, 1188, 1199, 1225, 1240, 1251, 1263, 1276, 1291, 1309, 1325, 1344]
[0, 1175, 1168, 1161, 1156, 1149, 1141, 1137, 1134, 1130, 1128, 1124, 1121, 1119, 1118, 1117, 1116, 1115, 1116, 1117, 1117, 1118, 1046, 1050, 1051, 1053, 1055, 1055, 1058, 1060, 1061, 1063, 1067, 1072, 1077, 1081, 1084, 1088, 1094, 1100, 1107, 1115, 1123, 1131, 1137, 1144, 1152, 1160, 1169, 1177, 1189, 1203, 1218, 1229, 1239, 1254, 1269, 1280, 1294, 1325, 1344]
[0, 1176, 1168, 1162, 1156, 1152, 1148, 1142, 1139, 1136, 1131, 1127, 1124, 1120, 1119, 1121, 1120, 1119, 1122, 1121, 1118, 1118, 1119, 1119, 1121, 1124, 1125, 1127, 1131, 1133, 1136, 1137, 1138, 1142, 1147, 1151, 1157, 1163, 1168, 1175, 1184, 1115, 1192, 1210, 1219, 1228, 1238, 1250, 1263, 1274, 1284, 1296, 1311, 1326, 1343, 1356, 1371, 1389, 1406, 1325, 1344]
[0, 1185, 1178, 1171, 1166, 1162, 1158, 1152, 1148, 1144, 1140, 1137, 1135, 1132, 1130, 1131, 1130, 1130, 1130, 1131, 1132, 1132, 1119, 1123, 1128, 1130, 1131, 1131, 1134, 1136, 1138, 1143, 1146, 1150, 1154, 1157, 1160, 1166, 1173, 1177, 1185, 1194, 1201, 1215, 1219, 1237, 1247, 1260, 1270, 1279, 1291, 1306, 1321, 1338, 1352, 1366, 1383, 1400, 1418, 1325, 1344]
[0, 1204, 1198, 1192, 1187, 1181, 1176, 1171, 1169, 1167, 1163, 1160, 1158, 1156, 1155, 1155, 1154, 1153, 1155, 1155, 1154, 1156, 1133, 1135, 1136, 1136, 1139, 1143, 1145, 1147, 1152, 1155, 1155, 1157, 1161, 1165, 1171, 1177, 1182, 1189, 1198, 1210, 1218, 1221, 1227, 1236, 1248, 1261, 1271, 1280, 1290, 1305, 1319, 1331, 1346, 1376, 1393, 1412, 1418, 1325, 0]
[0, 1213, 1204, 1197, 1192, 1178, 1176, 1173, 1169, 1167, 1163, 1160, 1160, 1158, 1156, 1156, 1156, 1155, 1154, 1154, 1156, 1156, 1158, 1158, 1159, 1160, 1162, 1163, 1164, 1166, 1169, 1171, 1174, 1176, 1180, 1188, 1193, 1198, 1208, 1219, 1228, 1238, 1252, 1259, 1261, 1272, 1281, 1261, 1308, 1321, 1334, 1346, 1359, 1371, 1386, 1402, 1415, 1412, 0, 1483, 1498]
[0, 1229, 1221, 1213, 1206, 1201, 1197, 1192, 1188, 1184, 1180, 1176, 1174, 1173, 1171, 1169, 1168, 1169, 1170, 1170, 1170, 1171, 1156, 1157, 1157, 1159, 1161, 1162, 1164, 1165, 1166, 1171, 1174, 1176, 1182, 1188, 1193, 1201, 1211, 1224, 1235, 1245, 1252, 1258, 1262, 1268, 1276, 1284, 1298, 1312, 1324, 1337, 1348, 1361, 1389, 1407, 1425, 1447, 1468, 1485, 1503]
[0, 1228, 1221, 1213, 1205, 1199, 1193, 1188, 1185, 1182, 1177, 1175, 1173, 1172, 1171, 1171, 1170, 1170, 1169, 1170, 1171, 1172, 1172, 1173, 1175, 1175, 1176, 1178, 1180, 1184, 1186, 1187, 1193, 1176, 1214, 1222, 1227, 1231, 1240, 1248, 1255, 1260, 1267, 1274, 1283, 1293, 1302, 1313, 1327, 1342, 1353, 1361, 1372, 1386, 1402, 1418, 1439, 1464, 1480, 1497, 1509]
[0, 1278, 1271, 1263, 1257, 1249, 1243, 1239, 1233, 1230, 1228, 1224, 1221, 1220, 1219, 1222, 1225, 1170, 1224, 1226, 1225, 1219, 1173, 1174, 1175, 1175, 1175, 1178, 1182, 1183, 1186, 1189, 1193, 1196, 1205, 1216, 1220, 1226, 1235, 1242, 1247, 1252, 1262, 1271, 1278, 1286, 1304, 1319, 1333, 1344, 1354, 1364, 1377, 1392, 1408, 1427, 1447, 1465, 1482, 1502, 1514]
[0, 1279, 1272, 1264, 1257, 1251, 1244, 1240, 1237, 1234, 1228, 1225, 1222, 1219, 1218, 1220, 1223, 1225, 1223, 1226, 1222, 1216, 1228, 1229, 1225, 1234, 1235, 1234, 1238, 1240, 1238, 1242, 1246, 1250, 1257, 1265, 1271, 1275, 1280, 1286, 1295, 1303, 1310, 1321, 1333, 1342, 1350, 1358, 1365, 1372, 1381, 1390, 1401, 1411, 1421, 1431, 1445, 1461, 1477, 1490, 1503]
[0, 1338, 1272, 1324, 1312, 1305, 1300, 1296, 1290, 1287, 1285, 1282, 1280, 1279, 1278, 1277, 1276, 1278, 1278, 1277, 1277, 1277, 1227, 1228, 1225, 1234, 1235, 1234, 1238, 1240, 1238, 1242, 1246, 1250, 1257, 1265, 1271, 1275, 1281, 1287, 1294, 1303, 1311, 1319, 1330, 1342, 1349, 1358, 1364, 1371, 1380, 1390, 1399, 1410, 1422, 1431, 1444, 1458, 1471, 1485, 1501]
[0, 1344, 1338, 1324, 1325, 1311, 1307, 1302, 1297, 1292, 1288, 1288, 1286, 1282, 1280, 1281, 1281, 1279, 1278, 1278, 1278, 1278, 1276, 1278, 1282, 1284, 1283, 1286, 1288, 1288, 1289, 1291, 1293, 1291, 1292, 1295, 1297, 1300, 1303, 1312, 1315, 1319, 1323, 1329, 1337, 1343, 1350, 1359, 1367, 1375, 1383, 1392, 1400, 1408, 1421, 1433, 1445, 1459, 1475, 1492, 1504]
[0, 1391, 1381, 1373, 1370, 1364, 1357, 1354, 1351, 1346, 1343, 1338, 1333, 1282, 1329, 1325, 1322, 1319, 1317, 1311, 1303, 1300, 1280, 1284, 1287, 1288, 1287, 1286, 1288, 1288, 1290, 1292, 1291, 1293, 1293, 1296, 1299, 1301, 1305, 1309, 1315, 1317, 1321, 1324, 1331, 1342, 1349, 1355, 1362, 1372, 1381, 1388, 1397, 1409, 1419, 1429, 1443, 1457, 1484, 1499, 1511]
[0, 1410, 1398, 1390, 1386, 1381, 1377, 1371, 1366, 1362, 1358, 1353, 1350, 1348, 1342, 1335, 1326, 1317, 1313, 1308, 1305, 1301, 1300, 1299, 1297, 1294, 1293, 1290, 1288, 1288, 1287, 1289, 1291, 1290, 1296, 1296, 1297, 1302, 1306, 1311, 1314, 1318, 1323, 1328, 1336, 1342, 1349, 1355, 1365, 1375, 1382, 1390, 1399, 1408, 1421, 1433, 1444, 1458, 1474, 1490, 1501]
[0, 1417, 1397, 1390, 1386, 1382, 1377, 1371, 1366, 1362, 1355, 1351, 1349, 1345, 1340, 1331, 1322, 1315, 1310, 1306, 1303, 1301, 1299, 1297, 1294, 1293, 1290, 1290, 1289, 1287, 1289, 1289, 1288, 1291, 1293, 1295, 1298, 1300, 1303, 1306, 1309, 1313, 1318, 1323, 1330, 1338, 1345, 1351, 1357, 1366, 1375, 1392, 1401, 1411, 1424, 1435, 1449, 1462, 1476, 1494, 1508]
[0, 1409, 1398, 1390, 1386, 1381, 1377, 1372, 1366, 1362, 1358, 1353, 1350, 1348, 1341, 1335, 1326, 1317, 1313, 1309, 1305, 1301, 1297, 1293, 1290, 1289, 1287, 1286, 1285, 1285, 1287, 1289, 1290, 1292, 1293, 1295, 1298, 1301, 1305, 1309, 1314, 1317, 1321, 1324, 1331, 1339, 1346, 1354, 1361, 1370, 1379, 1388, 1397, 1405, 1417, 1430, 1443, 1454, 1467, 1484, 1500]
[0, 1409, 1444, 1421, 1411, 1404, 1398, 1394, 1387, 1376, 1363, 1353, 1349, 1344, 1334, 1327, 1322, 1317, 1313, 1309, 1304, 1301, 1299, 1297, 1293, 1292, 1290, 1289, 1289, 1287, 1288, 1288, 1288, 1291, 1293, 1295, 1297, 1300, 1303, 1306, 1309, 1313, 1318, 1323, 1330, 1338, 1344, 1350, 1360, 1369, 1374, 1382, 1392, 1401, 1425, 1434, 1448, 1465, 1480, 1493, 1506]
[0, 1409, 1431, 1420, 1411, 1403, 1397, 1393, 1386, 1375, 1362, 1355, 1347, 1340, 1334, 1327, 1322, 1316, 1312, 1308, 1304, 1302, 1297, 1294, 1293, 1292, 1290, 1287, 1287, 1288, 1287, 1287, 1288, 1290, 1292, 1293, 1295, 1298, 1301, 1307, 1310, 1314, 1318, 1324, 1332, 1338, 1344, 1352, 1361, 1368, 1374, 1384, 1394, 1403, 1415, 1424, 1434, 1449, 1465, 1496, 1508]
[0, 1409, 1431, 0, 1419, 1402, 1397, 0, 1383, 1371, 1360, 1352, 1347, 1341, 1332, 1327, 1321, 1315, 1310, 1307, 1304, 1301, 1298, 1294, 1293, 1291, 1290, 1287, 1287, 1288, 1287, 1286, 1288, 1290, 1291, 1292, 1295, 1297, 1301, 1307, 1312, 1315, 1318, 1324, 1331, 1338, 1344, 1352, 1361, 1368, 1375, 1384, 1394, 1403, 1414, 1424, 1434, 1465, 1465, 1493, 1505]
[0, 1470, 1455, 1442, 1428, 1415, 1404, 1394, 1384, 1374, 1366, 1360, 1351, 1343, 1335, 1327, 1321, 1318, 1313, 1306, 1302, 1300, 1297, 1293, 1291, 1289, 1288, 1286, 1285, 1285, 1285, 1287, 1290, 1292, 1293, 1295, 1298, 1300, 1304, 1308, 1313, 1316, 1320, 1327, 1334, 1339, 1346, 1353, 1360, 1368, 1377, 1386, 1395, 1404, 1416, 1426, 1439, 1453, 1463, 1480, 1495]
[0, 1460, 1444, 1430, 1419, 1406, 1397, 1387, 1376, 1369, 1361, 1354, 1348, 1341, 1331, 1324, 1320, 1316, 1311, 1308, 1303, 1300, 1298, 1293, 1290, 1290, 1287, 1286, 1286, 1285, 1285, 1285, 1287, 1290, 1290, 1293, 1297, 1299, 1302, 1305, 1307, 1311, 1318, 1324, 1326, 1333, 1342, 1352, 1362, 1368, 1374, 1384, 1392, 1400, 1409, 1422, 1437, 1449, 1465, 1484, 1497]
[0, 1467, 1451, 1438, 1424, 1415, 1404, 1393, 1384, 1375, 1366, 1359, 1350, 1343, 1336, 1328, 1321, 1315, 1310, 1307, 1303, 1300, 1297, 1294, 1292, 1290, 1288, 1286, 1286, 1287, 1286, 1286, 1287, 1289, 1291, 1292, 1295, 1297, 1300, 1305, 1308, 1312, 1316, 1321, 1327, 1331, 1337, 1344, 1353, 1363, 1371, 1391, 1400, 1410, 1423, 1434, 1448, 1461, 1475, 1490, 1500]
[0, 1469, 1455, 1442, 1429, 1416, 1404, 1394, 1385, 1375, 1366, 1358, 1350, 1343, 1335, 1327, 1322, 1316, 1313, 1304, 1302, 1300, 1297, 1294, 1291, 1289, 1287, 1284, 1282, 1283, 1284, 1287, 1289, 1290, 1290, 1292, 1296, 1298, 1301, 1304, 1307, 1311, 1318, 1324, 1329, 1336, 1343, 1351, 1361, 1367, 1374, 1383, 1393, 1401, 1409, 1422, 1437, 1449, 1464, 1483, 1496]
[0, 1468, 1454, 1442, 1429, 1416, 1404, 1394, 1385, 1375, 1365, 1358, 1350, 1344, 1335, 1327, 1322, 1316, 1311, 1306, 1301, 1300, 1293, 1288, 1286, 1286, 1287, 1285, 1284, 1284, 1284, 1285, 1284, 1288, 1292, 1292, 1293, 1295, 1299, 1302, 1305, 1311, 1317, 1320, 1325, 1335, 1342, 1346, 1353, 1363, 1372, 1379, 1388, 1400, 1411, 1421, 1433, 1448, 1462, 1475, 1490]
[0, 1466, 1451, 1440, 1426, 1414, 1403, 1393, 1384, 1373, 1365, 1358, 1351, 1343, 1335, 1326, 1321, 1315, 1310, 1307, 1303, 1299, 1294, 1289, 1285, 1286, 1286, 1284, 1284, 1283, 1283, 1284, 1284, 1287, 1290, 1290, 1291, 1295, 1299, 1302, 1305, 1311, 1314, 1318, 1325, 1334, 1343, 1347, 1354, 1364, 1373, 1381, 1390, 1400, 1410, 1423, 1435, 1447, 1462, 1477, 1493]
[0, 1468, 1454, 1440, 1427, 1416, 1404, 1394, 1385, 1375, 1365, 1357, 1350, 1343, 1335, 1327, 1321, 1316, 1313, 1303, 1303, 1301, 1297, 1294, 1291, 1287, 1284, 1284, 1282, 1282, 1284, 1286, 1288, 1288, 1289, 1289, 1291, 1295, 1301, 1304, 1307, 1311, 1316, 1322, 1326, 1334, 1342, 1347, 1354, 1364, 1373, 1381, 1390, 1401, 1410, 1422, 1436, 1449, 1462, 1477, 1492]
[0, 1468, 1453, 1440, 1427, 1415, 1404, 1394, 1385, 1374, 1364, 1358, 1350, 1343, 1334, 1327, 1322, 1316, 1311, 1306, 1300, 1301, 1294, 1289, 1286, 1286, 1284, 1282, 1283, 1279, 1279, 1284, 1285, 1286, 1289, 1289, 1291, 1295, 1299, 1302, 1305, 1311, 1316, 1320, 1325, 1334, 1342, 1347, 1353, 1363, 1372, 1380, 1389, 1400, 1410, 1423, 1435, 1447, 1462, 1475, 1490]
[0, 1470, 1456, 1443, 1430, 1417, 1404, 1394, 1385, 1375, 1360, 1352, 1343, 1336, 1331, 1322, 1315, 1312, 1309, 1305, 1300, 1297, 1297, 1289, 1286, 1286, 1285, 1283, 1283, 1280, 1279, 1284, 1284, 1286, 1289, 1289, 1291, 1295, 1299, 1302, 1305, 1311, 1316, 1320, 1326, 1334, 1341, 1347, 1354, 1363, 1372, 1379, 1388, 1400, 1410, 1421, 1434, 1447, 1462, 1475, 1506]
[0, 1468, 1453, 1440, 1426, 1414, 1403, 1394, 1374, 1365, 1358, 1351, 1343, 1336, 1330, 1322, 1315, 1311, 1309, 1305, 1300, 1294, 1296, 1292, 1288, 1286, 1285, 1283, 1283, 1283, 1285, 1283, 1282, 1285, 1286, 1288, 1294, 1296, 1297, 1300, 1303, 1306, 1313, 1318, 1324, 1330, 1337, 1348, 1356, 1362, 1372, 1381, 1391, 1406, 1420, 1452, 1465, 1477, 1493, 1495, 1500]
[0, 1470, 1453, 1440, 1427, 1415, 1405, 1386, 1375, 1366, 1357, 1349, 1342, 1337, 1330, 1323, 1316, 1310, 1307, 1304, 1299, 1294, 1289, 1288, 1288, 1286, 1284, 1283, 1283, 1283, 1284, 1282, 1282, 1285, 1285, 1288, 1293, 1295, 1297, 1301, 1307, 1318, 1326, 1331, 1337, 1342, 1350, 1360, 1368, 1380, 1391, 1398, 1411, 1422, 1429, 1439, 1452, 1475, 1491, 1496, 1503]
[0, 1468, 1453, 1440, 1427, 1414, 1403, 1394, 1384, 1374, 1365, 1357, 1349, 1342, 1333, 1326, 1321, 1311, 1308, 1303, 1298, 1296, 1290, 1289, 1290, 1288, 1286, 1285, 1282, 1282, 1283, 1284, 1285, 1286, 1287, 1289, 1293, 1295, 1299, 1303, 1307, 1318, 1326, 1331, 1339, 1347, 1354, 1360, 1369, 1379, 1388, 1398, 1411, 1422, 1429, 1439, 1452, 1477, 1492, 1492, 1496]
[0, 1468, 1441, 1428, 1415, 1404, 1394, 1386, 1375, 1368, 1358, 1348, 1342, 1334, 1326, 1321, 1319, 1313, 1306, 1303, 1298, 1295, 1294, 1290, 1286, 1283, 1282, 1283, 1284, 1284, 1288, 1291, 1293, 1297, 1300, 1302, 1305, 1308, 1311, 1312, 1314, 1321, 1326, 1331, 1337, 1345, 1352, 1359, 1367, 1377, 1388, 1398, 1411, 1422, 1428, 1439, 1452, 1462, 1492, 1491, 1495]
[0, 1455, 1441, 1426, 1414, 1405, 1395, 1385, 1375, 1368, 1358, 1348, 1343, 1336, 1326, 1321, 1318, 1313, 1306, 1302, 1298, 1295, 1291, 1290, 1290, 1289, 1288, 1286, 1287, 1288, 1288, 1292, 1296, 1299, 1303, 1304, 1304, 1307, 1309, 1314, 1316, 1320, 1325, 1329, 1337, 1346, 1349, 1354, 1363, 1385, 1396, 1406, 1415, 1424, 1436, 1447, 1458, 1470, 1485, 1501, 1508]
[0, 1458, 1444, 1432, 1422, 1409, 1396, 1386, 1377, 1371, 1363, 1352, 1345, 1338, 1329, 1322, 1318, 1314, 1309, 1304, 1299, 1297, 1291, 1287, 1287, 1288, 1287, 1286, 1287, 1288, 1290, 1293, 1296, 1299, 1303, 1303, 1304, 1307, 1310, 1314, 1317, 1320, 1325, 1329, 1336, 1346, 1353, 1357, 1363, 1385, 1396, 1406, 1415, 1424, 1436, 1448, 1458, 1471, 1485, 1501, 1507]
[0, 1469, 1453, 1439, 1426, 1403, 1396, 1394, 1375, 1366, 1357, 1349, 1342, 1334, 1327, 1322, 1316, 1311, 1307, 1303, 1298, 1295, 1296, 1295, 1293, 1294, 1295, 1298, 1298, 1298, 1298, 1297, 1299, 1301, 1301, 1305, 1304, 1306, 1310, 1314, 1319, 1323, 1328, 1334, 1343, 1349, 1353, 1360, 1372, 1383, 1392, 1405, 1417, 1425, 1433, 1444, 1455, 1468, 1484, 1499, 1504]
[0, 1468, 1453, 1439, 1415, 1404, 1393, 1384, 1375, 1367, 1358, 1347, 1340, 1333, 1326, 1321, 1317, 1312, 1307, 1302, 1298, 1299, 1294, 1295, 1292, 1292, 1296, 1297, 1297, 1296, 1297, 1296, 1296, 1299, 1300, 1300, 1304, 1307, 1310, 1314, 1319, 1323, 1326, 1329, 1336, 1345, 1352, 1357, 1364, 1374, 1396, 1406, 1414, 1424, 1437, 1449, 1459, 1471, 1485, 1501, 1508]
[0, 1454, 1440, 1429, 1417, 1405, 1395, 1389, 1390, 1389, 1378, 1368, 1360, 1351, 1347, 1340, 1332, 1326, 1320, 1317, 1314, 1311, 1298, 1296, 1298, 1300, 1299, 1297, 1297, 1296, 1297, 1297, 1297, 1299, 1300, 1301, 1304, 1307, 1309, 1313, 1318, 1321, 1324, 1329, 1336, 1344, 1351, 1357, 1364, 1386, 1396, 1406, 1415, 1424, 1437, 1449, 1458, 1471, 1486, 1502, 1508]
[0, 1464, 1452, 1439, 1433, 1430, 1424, 1412, 1401, 1391, 1376, 1365, 1357, 1351, 1347, 1340, 1332, 1326, 1321, 1317, 1313, 1310, 1309, 1306, 1303, 1302, 1301, 1299, 1296, 1295, 1297, 1298, 1298, 1299, 1300, 1301, 1303, 1305, 1308, 1312, 1316, 1320, 1323, 1327, 1336, 1344, 1356, 1365, 1374, 1385, 1394, 1404, 1414, 1423, 1436, 1447, 1458, 1468, 1483, 1502, 1507]
[0, 1468, 1457, 1449, 1438, 1433, 1428, 1408, 1401, 1390, 1376, 1361, 1356, 1351, 1343, 1335, 1328, 1325, 1322, 1317, 1313, 1310, 1309, 1306, 1303, 1301, 1300, 1299, 1297, 1297, 1298, 1297, 1298, 1299, 1300, 1301, 1303, 1305, 1308, 1312, 1316, 1319, 1322, 1328, 1340, 1348, 1355, 1364, 1373, 1384, 1393, 1400, 1410, 1423, 1435, 1447, 1458, 1468, 1482, 1498, 1504]
[0, 1480, 1467, 1456, 1448, 1437, 1423, 1410, 1400, 1390, 1379, 1367, 1359, 1355, 1350, 1342, 1335, 1328, 1324, 1318, 1313, 1310, 1306, 1305, 1303, 1301, 1299, 1298, 1297, 1296, 1297, 1298, 1299, 1299, 1301, 1303, 1305, 1308, 1308, 1312, 1317, 1321, 1326, 1331, 1337, 1345, 1352, 1358, 1367, 1377, 1387, 1397, 1406, 1417, 1428, 1439, 1451, 1462, 1486, 1504, 1510]
[0, 1480, 1467, 1455, 1444, 1433, 1422, 1410, 1399, 1390, 1379, 1367, 1359, 1355, 1349, 1342, 1335, 1328, 1323, 1320, 1315, 1310, 1308, 1305, 1302, 1298, 1297, 1299, 1300, 1298, 1297, 1296, 1296, 1296, 1300, 1304, 1306, 1307, 1308, 1313, 1318, 1321, 1324, 1330, 1339, 1346, 1353, 1357, 1365, 1377, 1388, 1399, 1411, 1419, 1430, 1442, 1452, 1466, 1479, 1492, 0]
[0, 1476, 1463, 1450, 1440, 1430, 1423, 1410, 1397, 1388, 1380, 1369, 1360, 1354, 1348, 1341, 1332, 1327, 1322, 1317, 1312, 1310, 1307, 1305, 1302, 1301, 1299, 1299, 1299, 1297, 1297, 1297, 1296, 1297, 1300, 1303, 1305, 1309, 1310, 1313, 1317, 1320, 1324, 1330, 1339, 1346, 1352, 1359, 1366, 1381, 1392, 1397, 1409, 1420, 1429, 1441, 1452, 1465, 1478, 1491, 1513]
[0, 1481, 1468, 1456, 1444, 1433, 1423, 1411, 1399, 1389, 1379, 1370, 1362, 1355, 1350, 1343, 1335, 1330, 1326, 1320, 1317, 1312, 1309, 1306, 1302, 1301, 1300, 1298, 1297, 1297, 1301, 1300, 1298, 1300, 1301, 1302, 1304, 1306, 1310, 1311, 1316, 1320, 1325, 1333, 1340, 1346, 1353, 1357, 1368, 1383, 1392, 1400, 1412, 1424, 1433, 1444, 1454, 1467, 1482, 1494, 0]
