[0, 0, 0, 0, 0, 0, 0, 0, 0, 0, 0, 0, 0, 0, 0, 0, 0, 0, 0, 0, 0, 0, 0, 0, 0, 0, 0, 0, 0, 0, 0, 0, 0, 0, 0, 0, 0, 0, 0, 0, 0, 0, 0, 0, 0, 0, 0, 0, 0, 0, 0, 0, 0, 0, 0, 0, 0, 0, 0, 0, 0]
[0, 532, 528, 524, 521, 517, 514, 511, 509, 506, 503, 500, 499, 497, 495, 493, 491, 489, 488, 486, 485, 0, 423, 415, 410, 408, 407, 408, 410, 415, 422, 0, 0, 483, 484, 485, 486, 487, 489, 491, 493, 495, 498, 500, 502, 505, 508, 511, 514, 517, 525, 529, 533, 538, 543, 548, 553, 558, 562, 568, 574]
[0, 530, 528, 522, 519, 516, 512, 509, 507, 504, 502, 499, 498, 496, 494, 492, 490, 488, 487, 486, 0, 0, 423, 418, 412, 408, 407, 408, 410, 413, 422, 0, 0, 483, 484, 485, 486, 487, 489, 490, 493, 495, 497, 499, 501, 504, 510, 511, 516, 520, 524, 528, 532, 537, 542, 547, 552, 557, 562, 567, 573]
[0, 529, 528, 522, 519, 516, 514, 509, 506, 504, 504, 499, 497, 496, 494, 492, 489, 488, 487, 486, 0, 0, 426, 416, 411, 409, 407, 409, 410, 412, 422, 0, 480, 483, 483, 485, 486, 488, 489, 492, 494, 496, 498, 500, 503, 506, 509, 511, 515, 519, 522, 526, 531, 535, 540, 545, 550, 559, 565, 570, 577]
[0, 534, 530, 522, 519, 516, 511, 509, 506, 504, 501, 499, 497, 496, 494, 492, 490, 488, 487, 486, 0, 0, 0, 417, 412, 408, 407, 409, 412, 412, 422, 0, 482, 483, 484, 485, 486, 487, 491, 493, 494, 497, 499, 501, 504, 507, 509, 513, 516, 519, 523, 527, 532, 536, 541, 546, 551, 556, 561, 566, 572]
[0, 532, 528, 524, 521, 517, 514, 511, 509, 506, 503, 501, 499, 497, 495, 493, 491, 489, 488, 486, 485, 0, 422, 415, 412, 408, 407, 409, 412, 412, 422, 0, 482, 483, 484, 484, 485, 487, 490, 492, 494, 496, 498, 500, 503, 506, 509, 512, 515, 519, 523, 527, 531, 535, 540, 550, 551, 560, 566, 571, 577]
[0, 532, 528, 524, 521, 517, 514, 511, 509, 506, 503, 501, 499, 497, 495, 493, 491, 489, 488, 486, 485, 0, 423, 415, 410, 408, 407, 408, 410, 414, 422, 0, 483, 483, 484, 485, 486, 487, 489, 490, 493, 496, 498, 500, 502, 504, 510, 513, 516, 520, 524, 528, 532, 537, 542, 547, 552, 556, 561, 567, 573]
[0, 531, 527, 524, 520, 516, 513, 511, 508, 505, 503, 500, 498, 497, 495, 494, 491, 489, 488, 486, 482, 0, 419, 413, 410, 408, 407, 408, 410, 413, 422, 0, 0, 483, 484, 485, 486, 487, 488, 490, 493, 495, 497, 499, 501, 506, 509, 513, 516, 520, 523, 528, 532, 536, 541, 546, 551, 556, 561, 566, 579]
[0, 531, 527, 523, 520, 516, 513, 510, 507, 505, 501, 500, 498, 496, 495, 493, 491, 489, 487, 486, 0, 0, 418, 412, 409, 408, 407, 408, 410, 415, 423, 0, 0, 484, 485, 486, 487, 488, 490, 492, 494, 496, 499, 501, 503, 506, 508, 512, 517, 520, 521, 529, 534, 539, 543, 548, 553, 558, 563, 569, 575]
[0, 539, 535, 531, 525, 516, 518, 510, 513, 505, 508, 506, 503, 502, 500, 498, 497, 496, 495, 493, 0, 0, 423, 414, 409, 407, 407, 408, 411, 415, 423, 0, 478, 484, 485, 486, 487, 488, 490, 492, 495, 496, 499, 501, 503, 505, 509, 512, 515, 518, 526, 529, 535, 539, 544, 549, 554, 559, 564, 570, 576]
[0, 540, 536, 532, 528, 525, 522, 519, 516, 514, 509, 506, 507, 504, 501, 499, 498, 497, 495, 494, 0, 0, 421, 413, 409, 407, 407, 408, 412, 415, 423, 0, 489, 491, 0, 494, 495, 488, 499, 500, 502, 505, 507, 509, 512, 514, 517, 521, 525, 528, 531, 536, 540, 550, 554, 558, 564, 569, 574, 580, 587]
[0, 538, 535, 531, 528, 525, 522, 519, 516, 513, 511, 508, 506, 504, 502, 501, 499, 497, 497, 496, 496, 0, 418, 411, 409, 407, 406, 407, 412, 415, 423, 0, 491, 492, 493, 494, 495, 496, 499, 501, 503, 505, 508, 510, 512, 515, 518, 521, 526, 529, 532, 537, 541, 551, 557, 561, 566, 571, 577, 584, 589]
[0, 538, 534, 530, 527, 524, 520, 518, 515, 512, 510, 508, 506, 504, 502, 500, 498, 497, 495, 495, 0, 427, 418, 411, 409, 407, 407, 407, 409, 415, 423, 0, 0, 492, 493, 495, 496, 497, 499, 500, 505, 507, 509, 511, 514, 517, 520, 524, 527, 531, 536, 539, 543, 549, 553, 557, 562, 573, 579, 585, 591]
[0, 540, 536, 532, 528, 524, 521, 519, 516, 513, 511, 509, 506, 504, 502, 501, 499, 497, 497, 495, 0, 0, 420, 412, 408, 406, 406, 408, 410, 415, 423, 0, 0, 492, 494, 495, 496, 497, 499, 501, 503, 505, 508, 509, 511, 514, 521, 525, 528, 532, 536, 541, 545, 550, 554, 559, 564, 569, 575, 581, 587]
[0, 538, 534, 530, 527, 524, 520, 518, 515, 512, 510, 508, 506, 504, 502, 500, 498, 497, 495, 495, 0, 427, 416, 410, 408, 407, 406, 407, 409, 415, 423, 0, 492, 492, 493, 495, 496, 497, 498, 500, 504, 507, 509, 511, 514, 516, 520, 523, 527, 531, 535, 538, 543, 548, 558, 559, 566, 572, 579, 584, 591]
[0, 542, 539, 535, 531, 528, 525, 522, 519, 517, 514, 512, 510, 505, 503, 500, 502, 501, 497, 497, 0, 0, 419, 412, 408, 406, 406, 408, 410, 415, 423, 0, 0, 492, 493, 495, 496, 497, 499, 501, 503, 505, 508, 509, 511, 514, 518, 525, 528, 532, 536, 541, 545, 549, 554, 558, 563, 569, 575, 581, 587]
[0, 542, 538, 535, 532, 528, 524, 522, 519, 517, 514, 512, 510, 507, 505, 503, 502, 501, 499, 497, 0, 0, 418, 411, 408, 406, 406, 407, 408, 415, 423, 0, 495, 496, 496, 499, 496, 503, 504, 506, 508, 510, 512, 514, 517, 521, 524, 527, 531, 535, 539, 547, 545, 556, 561, 566, 571, 577, 584, 590, 596]
[0, 544, 540, 533, 529, 526, 523, 520, 517, 515, 513, 511, 509, 506, 504, 503, 501, 500, 499, 498, 0, 425, 415, 411, 409, 406, 405, 407, 409, 413, 420, 0, 0, 496, 497, 498, 499, 503, 504, 505, 509, 511, 513, 515, 518, 521, 524, 528, 531, 535, 539, 544, 548, 553, 558, 567, 572, 578, 584, 590, 597]
[0, 542, 538, 535, 532, 529, 526, 523, 519, 518, 515, 512, 511, 508, 505, 505, 503, 501, 500, 498, 499, 0, 418, 411, 409, 405, 406, 408, 411, 413, 0, 492, 496, 496, 497, 498, 500, 501, 504, 505, 508, 510, 512, 514, 517, 522, 524, 529, 533, 537, 541, 545, 550, 555, 559, 564, 569, 574, 581, 587, 592]
[0, 545, 541, 534, 530, 529, 524, 521, 519, 516, 513, 512, 510, 507, 506, 504, 502, 501, 500, 498, 0, 0, 423, 414, 409, 405, 405, 407, 409, 413, 420, 492, 0, 497, 499, 500, 500, 502, 504, 505, 507, 509, 514, 516, 519, 522, 525, 528, 532, 537, 542, 545, 549, 553, 558, 569, 576, 580, 586, 593, 598]
[0, 547, 543, 539, 536, 533, 530, 527, 524, 522, 519, 515, 510, 511, 506, 508, 502, 504, 503, 502, 0, 0, 419, 412, 408, 405, 405, 406, 410, 413, 0, 492, 494, 498, 500, 501, 502, 504, 506, 507, 508, 511, 513, 515, 518, 522, 525, 532, 534, 538, 544, 548, 552, 557, 561, 566, 572, 578, 584, 590, 596]
[0, 549, 545, 541, 538, 534, 531, 529, 526, 524, 522, 519, 516, 514, 513, 511, 509, 508, 506, 505, 0, 0, 417, 410, 408, 406, 406, 406, 412, 413, 0, 0, 500, 501, 502, 503, 506, 507, 509, 511, 513, 515, 518, 521, 523, 526, 529, 533, 537, 541, 549, 554, 558, 562, 567, 572, 578, 584, 590, 596, 602]
[0, 554, 550, 546, 543, 539, 536, 534, 531, 528, 525, 522, 520, 514, 518, 514, 513, 511, 510, 509, 0, 0, 419, 411, 406, 405, 405, 406, 409, 413, 0, 0, 0, 503, 505, 506, 507, 509, 510, 514, 517, 519, 521, 524, 526, 529, 533, 537, 540, 544, 548, 552, 555, 560, 570, 576, 581, 587, 593, 599, 605]
[0, 557, 553, 550, 546, 543, 540, 537, 535, 528, 527, 524, 522, 521, 519, 517, 515, 514, 513, 512, 0, 0, 419, 411, 406, 404, 404, 408, 411, 413, 0, 0, 506, 509, 510, 511, 513, 514, 516, 518, 520, 523, 525, 527, 530, 533, 540, 543, 547, 544, 556, 559, 563, 569, 574, 580, 586, 591, 596, 602, 609]
[0, 565, 561, 558, 554, 551, 548, 545, 542, 540, 537, 533, 522, 531, 527, 526, 524, 523, 521, 520, 0, 0, 416, 409, 406, 404, 404, 408, 409, 413, 0, 0, 0, 512, 511, 513, 515, 517, 519, 521, 523, 525, 527, 530, 534, 539, 542, 546, 550, 554, 557, 561, 566, 571, 576, 581, 587, 594, 599, 611, 618]
[0, 564, 561, 557, 554, 550, 548, 545, 542, 539, 536, 535, 533, 531, 529, 527, 526, 525, 523, 521, 0, 421, 412, 406, 406, 403, 403, 404, 406, 409, 0, 0, 520, 521, 522, 523, 525, 527, 528, 530, 532, 535, 537, 540, 542, 545, 549, 552, 556, 563, 567, 572, 577, 581, 587, 593, 598, 603, 610, 622, 629]
[0, 572, 564, 557, 557, 554, 548, 548, 545, 543, 540, 539, 536, 534, 533, 531, 529, 527, 526, 525, 0, 0, 417, 410, 406, 402, 402, 404, 407, 409, 0, 0, 520, 521, 522, 523, 525, 526, 528, 532, 532, 536, 539, 543, 546, 548, 552, 556, 560, 563, 567, 571, 577, 582, 587, 597, 603, 609, 615, 621, 628]
[0, 576, 571, 566, 563, 560, 557, 554, 549, 543, 546, 544, 542, 538, 536, 534, 533, 531, 530, 529, 0, 0, 415, 408, 404, 403, 402, 404, 408, 409, 0, 0, 524, 525, 525, 527, 529, 530, 533, 535, 536, 539, 541, 544, 547, 553, 556, 560, 564, 568, 573, 577, 583, 588, 592, 597, 603, 609, 620, 621, 634]
[0, 574, 569, 566, 563, 560, 556, 554, 551, 548, 546, 544, 542, 540, 538, 536, 533, 531, 530, 530, 0, 0, 415, 407, 403, 402, 402, 403, 408, 409, 0, 0, 528, 525, 531, 533, 534, 535, 537, 539, 541, 544, 546, 549, 552, 555, 558, 561, 569, 573, 578, 584, 588, 592, 598, 603, 609, 615, 620, 627, 641]
[0, 573, 569, 565, 562, 559, 556, 553, 550, 547, 545, 543, 541, 539, 537, 536, 533, 531, 530, 529, 0, 0, 411, 406, 403, 402, 402, 402, 404, 409, 0, 0, 526, 529, 0, 532, 534, 535, 537, 540, 541, 544, 546, 549, 552, 555, 558, 561, 565, 573, 578, 584, 589, 593, 598, 604, 609, 615, 621, 627, 634]
[0, 586, 582, 577, 573, 569, 565, 563, 560, 558, 555, 552, 551, 547, 545, 544, 542, 531, 539, 540, 0, 0, 412, 406, 403, 402, 402, 403, 407, 409, 0, 0, 528, 528, 530, 531, 533, 536, 537, 541, 541, 545, 549, 552, 555, 557, 561, 564, 568, 572, 577, 582, 587, 597, 598, 608, 614, 620, 626, 633, 641]
[0, 586, 579, 575, 571, 567, 565, 561, 558, 556, 554, 552, 549, 547, 546, 544, 543, 541, 540, 538, 0, 0, 417, 408, 404, 401, 401, 402, 404, 408, 0, 0, 534, 538, 539, 541, 542, 545, 547, 549, 551, 553, 556, 559, 562, 565, 568, 572, 576, 585, 590, 595, 599, 604, 609, 615, 621, 627, 633, 641, 647]
[0, 595, 592, 588, 584, 581, 577, 573, 570, 567, 564, 562, 559, 557, 555, 544, 551, 550, 549, 538, 0, 419, 411, 405, 404, 400, 401, 401, 406, 408, 0, 0, 538, 538, 539, 541, 543, 544, 546, 548, 551, 553, 558, 559, 564, 567, 571, 575, 579, 583, 588, 592, 596, 601, 607, 613, 618, 631, 638, 645, 652]
[0, 595, 592, 588, 585, 581, 577, 573, 570, 567, 562, 562, 561, 559, 555, 553, 551, 550, 549, 550, 0, 0, 412, 405, 401, 399, 399, 401, 403, 407, 0, 0, 0, 549, 550, 551, 554, 556, 557, 558, 561, 564, 566, 568, 572, 576, 580, 583, 587, 595, 600, 604, 609, 614, 619, 625, 632, 639, 646, 652, 659]
[0, 608, 603, 599, 595, 592, 586, 583, 579, 576, 574, 571, 569, 566, 565, 563, 561, 560, 559, 558, 0, 0, 414, 406, 402, 400, 399, 400, 403, 407, 0, 0, 0, 548, 550, 551, 554, 555, 556, 558, 561, 563, 566, 568, 572, 576, 580, 587, 591, 595, 599, 604, 608, 614, 619, 625, 632, 639, 645, 651, 658]
[0, 607, 602, 598, 595, 592, 589, 583, 580, 577, 573, 571, 568, 566, 565, 563, 561, 560, 559, 558, 0, 0, 413, 406, 402, 399, 399, 400, 404, 407, 0, 0, 558, 558, 559, 561, 562, 563, 565, 567, 570, 576, 579, 582, 586, 589, 592, 596, 599, 604, 609, 613, 618, 623, 629, 642, 648, 654, 661, 668, 674]
[0, 613, 609, 606, 602, 599, 596, 593, 590, 587, 585, 582, 580, 578, 576, 572, 570, 569, 559, 567, 0, 0, 407, 402, 402, 399, 398, 399, 404, 407, 0, 0, 557, 558, 559, 561, 562, 563, 565, 567, 570, 573, 579, 582, 586, 589, 592, 596, 600, 604, 609, 613, 618, 623, 635, 642, 648, 654, 661, 668, 675]
[0, 613, 609, 605, 602, 599, 596, 593, 590, 587, 585, 582, 580, 577, 575, 573, 571, 570, 569, 568, 0, 0, 406, 402, 402, 399, 398, 399, 402, 406, 413, 0, 0, 567, 569, 0, 573, 575, 576, 578, 582, 585, 587, 590, 594, 597, 601, 604, 608, 612, 616, 626, 631, 638, 644, 650, 656, 662, 669, 677, 683]
[0, 616, 612, 605, 601, 598, 595, 592, 589, 587, 584, 581, 579, 577, 576, 573, 571, 569, 568, 567, 0, 0, 412, 405, 401, 398, 398, 399, 402, 406, 413, 0, 565, 567, 568, 570, 571, 573, 578, 580, 582, 585, 588, 591, 594, 598, 601, 605, 608, 613, 618, 627, 634, 640, 645, 651, 657, 664, 671, 678, 685]
[0, 632, 627, 623, 619, 616, 613, 606, 604, 601, 598, 596, 594, 592, 590, 588, 587, 585, 584, 567, 0, 417, 407, 402, 401, 399, 398, 400, 402, 404, 413, 0, 566, 567, 569, 570, 571, 574, 577, 579, 581, 584, 586, 592, 594, 599, 603, 607, 611, 615, 620, 625, 630, 636, 642, 648, 654, 667, 671, 680, 689]
[0, 632, 627, 623, 619, 616, 609, 606, 604, 601, 598, 596, 594, 592, 590, 588, 587, 585, 584, 567, 0, 0, 407, 402, 398, 0, 397, 398, 401, 405, 413, 0, 583, 584, 586, 588, 590, 591, 593, 595, 598, 600, 602, 606, 609, 612, 616, 619, 624, 629, 639, 645, 650, 655, 661, 668, 674, 681, 688, 696, 704]
[0, 638, 633, 625, 621, 618, 614, 611, 609, 607, 603, 600, 599, 597, 596, 594, 592, 591, 590, 567, 0, 0, 408, 402, 398, 397, 397, 398, 401, 404, 413, 0, 0, 584, 0, 588, 589, 591, 593, 595, 598, 600, 603, 606, 610, 613, 616, 619, 624, 629, 635, 645, 650, 655, 661, 668, 675, 681, 689, 697, 705]
[0, 637, 632, 628, 624, 620, 617, 614, 611, 608, 605, 603, 598, 597, 597, 595, 592, 590, 589, 567, 0, 417, 407, 402, 398, 397, 396, 397, 399, 403, 413, 0, 589, 590, 591, 592, 594, 595, 597, 599, 602, 605, 608, 611, 614, 617, 625, 629, 633, 639, 645, 650, 655, 661, 666, 672, 679, 687, 695, 703, 716]
[0, 641, 637, 633, 624, 629, 621, 618, 616, 613, 610, 608, 605, 604, 602, 600, 599, 598, 596, 567, 0, 0, 408, 402, 398, 397, 397, 398, 400, 405, 412, 0, 589, 588, 589, 592, 594, 596, 598, 600, 603, 606, 609, 611, 614, 618, 622, 626, 631, 636, 647, 650, 657, 663, 668, 674, 681, 689, 697, 704, 711]
[0, 648, 643, 639, 635, 630, 626, 623, 621, 618, 615, 611, 608, 607, 605, 603, 601, 600, 599, 567, 0, 414, 406, 400, 398, 396, 396, 397, 403, 405, 412, 0, 596, 598, 599, 601, 602, 604, 607, 609, 611, 614, 617, 621, 627, 618, 636, 641, 645, 650, 656, 661, 665, 671, 677, 684, 692, 699, 707, 720, 728]
[0, 647, 643, 638, 634, 630, 627, 624, 621, 618, 615, 613, 610, 608, 607, 604, 602, 600, 599, 567, 0, 414, 412, 403, 399, 396, 396, 397, 400, 405, 412, 0, 0, 599, 600, 603, 605, 607, 609, 611, 614, 617, 619, 623, 627, 631, 635, 639, 643, 647, 652, 663, 668, 674, 681, 688, 695, 702, 709, 717, 724]
[0, 663, 659, 655, 651, 647, 644, 641, 638, 635, 632, 629, 626, 624, 621, 620, 616, 600, 614, 567, 0, 414, 409, 402, 398, 396, 396, 397, 400, 405, 412, 0, 0, 599, 600, 601, 603, 605, 609, 611, 613, 616, 619, 623, 626, 631, 635, 640, 644, 649, 653, 658, 664, 675, 681, 688, 695, 703, 710, 717, 724]
[0, 665, 660, 657, 653, 646, 644, 639, 636, 632, 630, 628, 626, 623, 620, 618, 617, 615, 614, 567, 0, 415, 405, 400, 398, 396, 395, 397, 400, 405, 412, 0, 0, 616, 617, 618, 619, 622, 624, 626, 632, 636, 639, 642, 645, 649, 653, 657, 662, 666, 671, 677, 683, 696, 681, 709, 716, 723, 730, 738, 747]
[0, 674, 664, 661, 657, 653, 650, 647, 644, 641, 639, 637, 634, 632, 629, 626, 625, 623, 622, 567, 0, 0, 406, 400, 397, 396, 396, 396, 398, 402, 412, 0, 614, 616, 617, 618, 620, 622, 624, 627, 630, 633, 636, 640, 644, 647, 651, 660, 663, 669, 675, 680, 685, 692, 699, 706, 712, 719, 726, 734, 743]
[0, 671, 666, 662, 659, 655, 652, 649, 646, 643, 640, 638, 632, 632, 627, 625, 624, 623, 621, 567, 0, 0, 411, 399, 397, 396, 395, 395, 397, 401, 412, 0, 623, 624, 625, 626, 628, 630, 632, 635, 639, 642, 645, 651, 644, 654, 663, 667, 671, 677, 682, 688, 694, 700, 707, 713, 719, 726, 733, 750, 759]
[0, 674, 664, 662, 657, 653, 650, 647, 644, 641, 639, 637, 634, 631, 629, 626, 625, 623, 622, 567, 0, 0, 405, 400, 397, 0, 395, 396, 400, 401, 412, 0, 0, 622, 623, 627, 629, 631, 634, 637, 640, 643, 645, 648, 652, 656, 660, 664, 669, 673, 684, 688, 691, 704, 709, 716, 723, 730, 738, 747, 755]
[0, 683, 678, 674, 670, 666, 663, 660, 658, 654, 651, 647, 645, 644, 642, 639, 636, 635, 634, 567, 0, 0, 402, 398, 397, 396, 395, 395, 397, 401, 412, 0, 623, 624, 624, 626, 628, 630, 632, 635, 638, 642, 645, 651, 654, 656, 662, 666, 671, 676, 682, 688, 694, 700, 707, 713, 719, 726, 734, 750, 759]
[0, 695, 690, 686, 682, 678, 675, 672, 668, 665, 663, 661, 658, 656, 654, 652, 650, 649, 647, 648, 0, 0, 405, 399, 396, 394, 395, 396, 398, 401, 412, 0, 0, 634, 636, 640, 642, 644, 646, 649, 651, 654, 657, 660, 664, 667, 671, 676, 681, 686, 692, 698, 710, 716, 722, 729, 736, 744, 752, 761, 769]
[0, 694, 690, 684, 682, 677, 673, 670, 667, 664, 662, 660, 658, 657, 654, 651, 650, 648, 647, 648, 0, 412, 405, 402, 398, 394, 393, 394, 396, 399, 412, 0, 0, 648, 649, 651, 653, 655, 657, 659, 665, 668, 671, 674, 679, 683, 688, 694, 699, 704, 709, 714, 720, 726, 734, 740, 748, 764, 771, 780, 789]
[0, 708, 703, 699, 695, 691, 687, 683, 680, 677, 675, 673, 670, 668, 663, 651, 661, 648, 658, 648, 0, 0, 406, 399, 396, 394, 394, 395, 397, 401, 408, 0, 647, 648, 650, 652, 654, 656, 659, 661, 663, 666, 669, 672, 676, 681, 686, 695, 701, 706, 711, 717, 723, 730, 737, 744, 751, 758, 766, 775, 784]
[0, 710, 705, 700, 697, 692, 688, 684, 678, 675, 675, 671, 668, 666, 664, 662, 661, 660, 659, 648, 0, 410, 402, 399, 397, 394, 394, 394, 395, 398, 408, 0, 0, 659, 661, 663, 665, 666, 672, 674, 676, 680, 683, 687, 692, 697, 702, 706, 711, 715, 720, 726, 733, 748, 755, 761, 768, 776, 785, 795, 804]
[0, 723, 719, 715, 710, 706, 702, 699, 696, 693, 689, 687, 685, 679, 677, 676, 675, 673, 672, 648, 0, 0, 407, 0, 395, 393, 393, 395, 397, 398, 408, 0, 659, 660, 662, 663, 666, 668, 670, 672, 675, 678, 682, 685, 690, 695, 705, 709, 713, 718, 724, 730, 737, 743, 751, 758, 765, 773, 782, 792, 800]
[0, 725, 720, 715, 711, 708, 704, 697, 694, 691, 688, 686, 683, 680, 678, 677, 675, 674, 673, 648, 0, 410, 402, 0, 470, 474, 475, 474, 0, 398, 408, 0, 674, 675, 0, 678, 679, 682, 686, 688, 691, 695, 698, 702, 707, 712, 715, 720, 724, 729, 741, 748, 755, 762, 769, 776, 784, 792, 801, 810, 819]
[0, 730, 724, 719, 716, 712, 708, 705, 702, 699, 693, 691, 689, 687, 685, 682, 681, 680, 678, 648, 0, 0, 0, 465, 474, 474, 475, 474, 0, 409, 408, 0, 676, 675, 677, 678, 681, 683, 685, 687, 690, 694, 698, 701, 705, 710, 719, 724, 729, 735, 741, 747, 754, 760, 767, 774, 783, 791, 801, 809, 826]
[0, 748, 742, 736, 732, 728, 723, 716, 714, 699, 709, 706, 704, 702, 700, 698, 697, 695, 694, 648, 0, 0, 458, 466, 471, 474, 474, 473, 470, 409, 408, 0, 0, 682, 0, 686, 688, 690, 692, 695, 699, 702, 705, 709, 714, 718, 722, 727, 732, 738, 744, 751, 764, 770, 777, 785, 794, 803, 811, 819, 827]
[0, 744, 739, 735, 731, 725, 721, 718, 715, 712, 709, 707, 706, 704, 701, 699, 697, 696, 694, 648, 0, 0, 0, 462, 468, 0, 474, 473, 470, 465, 0, 0, 0, 697, 700, 701, 703, 706, 708, 710, 712, 716, 721, 725, 729, 733, 738, 744, 756, 761, 767, 774, 781, 788, 795, 803, 811, 819, 827, 835, 845]
[0, 745, 741, 735, 731, 727, 722, 718, 715, 713, 711, 708, 706, 704, 702, 699, 697, 694, 694, 648, 0, 0, 461, 467, 472, 474, 474, 472, 467, 460, 0, 0, 0, 696, 698, 700, 702, 705, 706, 709, 711, 718, 723, 728, 732, 736, 741, 746, 751, 758, 764, 770, 776, 784, 791, 800, 808, 823, 831, 840, 851]
[0, 763, 758, 752, 747, 743, 739, 735, 732, 724, 722, 720, 717, 715, 713, 712, 711, 709, 708, 648, 0, 0, 0, 465, 471, 0, 0, 472, 468, 462, 0, 0, 0, 697, 698, 700, 702, 703, 706, 711, 715, 718, 722, 726, 731, 735, 740, 746, 752, 758, 763, 770, 776, 783, 798, 806, 814, 822, 830, 838, 849]
[0, 778, 772, 767, 762, 758, 754, 750, 746, 743, 740, 737, 735, 733, 731, 729, 723, 723, 722, 648, 0, 0, 0, 465, 471, 0, 0, 473, 0, 464, 0, 0, 0, 0, 713, 715, 717, 719, 721, 724, 728, 732, 736, 740, 745, 750, 756, 765, 771, 778, 783, 789, 797, 805, 813, 821, 828, 836, 845, 855, 865]
[0, 784, 779, 774, 769, 765, 762, 757, 753, 750, 748, 745, 742, 739, 736, 734, 733, 731, 730, 648, 0, 0, 0, 465, 469, 0, 0, 472, 468, 462, 0, 0, 0, 727, 728, 732, 0, 737, 740, 744, 748, 753, 756, 761, 765, 769, 775, 780, 786, 793, 799, 805, 819, 826, 833, 842, 852, 861, 869, 877, 886]
[0, 784, 779, 774, 769, 765, 761, 757, 753, 750, 748, 745, 742, 739, 736, 734, 733, 731, 730, 648, 0, 0, 0, 0, 471, 0, 0, 471, 467, 462, 0, 0, 0, 734, 736, 738, 740, 742, 746, 749, 752, 757, 765, 769, 774, 780, 786, 792, 797, 804, 811, 818, 824, 831, 839, 848, 857, 865, 873, 890, 902]
[0, 784, 779, 774, 769, 765, 761, 757, 753, 750, 748, 745, 742, 739, 736, 734, 733, 731, 730, 648, 0, 0, 0, 468, 471, 0, 0, 471, 467, 462, 0, 0, 0, 734, 736, 738, 740, 742, 746, 749, 757, 761, 765, 769, 774, 780, 785, 792, 797, 803, 811, 818, 824, 831, 838, 847, 856, 865, 873, 889, 902]
[0, 795, 789, 783, 778, 773, 768, 765, 763, 761, 755, 752, 749, 747, 744, 741, 739, 738, 737, 648, 0, 0, 0, 466, 471, 0, 0, 470, 467, 462, 0, 0, 0, 734, 736, 738, 740, 742, 745, 749, 752, 761, 765, 769, 774, 779, 784, 790, 797, 803, 810, 817, 823, 830, 836, 845, 855, 871, 879, 887, 897]
[0, 801, 795, 789, 784, 780, 775, 772, 769, 766, 764, 762, 759, 756, 754, 751, 749, 748, 746, 745, 0, 0, 457, 464, 471, 472, 473, 471, 468, 462, 452, 0, 0, 741, 746, 748, 750, 753, 756, 760, 764, 768, 772, 777, 782, 787, 794, 799, 804, 810, 817, 825, 837, 844, 853, 862, 871, 878, 886, 895, 905]
[0, 803, 797, 792, 787, 782, 777, 773, 770, 767, 765, 762, 760, 754, 754, 750, 749, 747, 745, 745, 0, 0, 462, 467, 469, 473, 473, 473, 470, 465, 458, 0, 750, 751, 753, 756, 758, 761, 764, 767, 770, 774, 779, 788, 793, 799, 805, 811, 817, 823, 829, 835, 842, 851, 860, 868, 875, 883, 890, 908, 920]
[0, 803, 797, 792, 787, 782, 777, 773, 770, 767, 765, 762, 760, 754, 754, 750, 749, 747, 745, 745, 0, 0, 462, 467, 471, 473, 473, 471, 468, 465, 460, 0, 0, 750, 753, 755, 757, 762, 765, 768, 773, 778, 782, 786, 791, 797, 803, 808, 813, 819, 826, 833, 839, 847, 857, 872, 880, 887, 896, 906, 917]
[0, 836, 831, 826, 822, 817, 812, 810, 807, 803, 801, 798, 794, 792, 789, 785, 784, 782, 781, 780, 779, 0, 462, 467, 0, 473, 473, 0, 468, 465, 460, 0, 0, 750, 753, 755, 757, 762, 765, 768, 773, 778, 782, 786, 791, 797, 803, 808, 813, 819, 826, 833, 839, 847, 857, 872, 880, 887, 896, 906, 917]
[0, 836, 831, 826, 822, 817, 812, 810, 807, 803, 801, 798, 794, 792, 789, 785, 784, 782, 781, 780, 779, 0, 462, 467, 471, 473, 472, 471, 472, 0, 780, 782, 785, 787, 789, 793, 797, 800, 804, 808, 811, 816, 821, 826, 830, 835, 841, 847, 854, 862, 868, 874, 880, 887, 904, 913, 922, 932, 940, 949, 960]
[0, 848, 842, 835, 831, 828, 824, 820, 816, 813, 811, 808, 804, 802, 800, 796, 784, 792, 792, 792, 789, 789, 462, 467, 471, 473, 472, 471, 472, 0, 3968, 782, 785, 787, 789, 793, 797, 800, 804, 808, 811, 816, 821, 826, 830, 835, 841, 847, 854, 862, 868, 874, 880, 887, 904, 913, 922, 932, 940, 949, 960]
[0, 862, 856, 850, 844, 838, 834, 832, 828, 824, 820, 817, 815, 813, 811, 808, 806, 805, 804, 803, 802, 801, 800, 467, 471, 473, 789, 788, 789, 791, 793, 795, 797, 799, 802, 805, 807, 809, 812, 819, 824, 828, 3972, 836, 841, 847, 855, 862, 867, 872, 879, 886, 892, 900, 908, 926, 936, 946, 955, 964, 977]
[0, 860, 854, 849, 843, 837, 834, 830, 827, 824, 821, 819, 817, 812, 810, 808, 806, 805, 804, 804, 803, 802, 800, 800, 801, 800, 800, 802, 803, 804, 805, 808, 797, 812, 815, 818, 821, 823, 826, 830, 834, 837, 842, 849, 855, 860, 866, 871, 876, 882, 888, 904, 912, 921, 930, 939, 947, 956, 965, 977, 991]
[0, 860, 854, 849, 843, 837, 834, 830, 827, 824, 821, 819, 817, 812, 810, 808, 806, 805, 804, 804, 803, 802, 801, 800, 800, 800, 800, 801, 802, 804, 806, 807, 808, 810, 813, 815, 818, 824, 828, 830, 834, 837, 843, 850, 856, 862, 867, 872, 878, 16256, 891, 898, 906, 915, 923, 940, 948, 958, 968, 980, 993]
[0, 860, 854, 849, 843, 837, 834, 830, 827, 824, 821, 819, 817, 812, 810, 808, 806, 805, 804, 804, 803, 802, 801, 800, 800, 800, 800, 801, 802, 804, 806, 807, 808, 810, 813, 815, 818, 824, 828, 830, 834, 837, 843, 850, 856, 862, 867, 872, 878, 16256, 891, 898, 906, 915, 923, 940, 948, 958, 968, 980, 993]
[0, 860, 854, 849, 843, 837, 834, 830, 827, 824, 821, 819, 817, 812, 810, 808, 806, 805, 804, 804, 803, 802, 801, 800, 800, 800, 800, 801, 802, 804, 806, 807, 808, 810, 813, 815, 818, 824, 828, 830, 834, 837, 843, 850, 856, 862, 867, 872, 878, 16256, 891, 898, 906, 915, 923, 940, 948, 958, 968, 980, 993]
[0, 877, 871, 866, 863, 859, 854, 850, 846, 843, 839, 836, 834, 832, 831, 828, 826, 825, 824, 823, 823, 823, 801, 800, 800, 800, 800, 801, 802, 804, 2176, 807, 808, 810, 813, 815, 818, 824, 828, 830, 834, 837, 843, 850, 856, 862, 867, 872, 878, 16256, 891, 898, 906, 915, 923, 940, 948, 958, 968, 980, 993]
[0, 908, 902, 896, 890, 885, 881, 878, 875, 873, 872, 869, 866, 864, 863, 861, 859, 856, 855, 854, 853, 852, 852, 823, 823, 824, 824, 824, 826, 827, 829, 831, 833, 835, 837, 840, 844, 849, 859, 863, 867, 871, 875, 881, 886, 892, 898, 904, 911, 918, 927, 935, 943, 951, 960, 968, 992, 1002, 1013, 1023, 1035]
[0, 921, 914, 909, 903, 897, 893, 889, 886, 881, 878, 876, 874, 872, 870, 869, 867, 866, 866, 864, 864, 862, 863, 853, 853, 853, 854, 856, 857, 858, 860, 862, 864, 867, 869, 870, 873, 877, 880, 883, 888, 892, 896, 907, 914, 920, 926, 932, 939, 945, 951, 959, 969, 980, 991, 1000, 1008, 1018, 1040, 1052, 1066]
[0, 931, 925, 919, 914, 910, 905, 901, 898, 895, 892, 889, 887, 885, 883, 882, 881, 879, 878, 877, 877, 876, 875, 864, 864, 864, 864, 864, 866, 867, 868, 871, 873, 875, 877, 881, 884, 888, 892, 897, 901, 906, 911, 917, 923, 928, 934, 940, 946, 958, 965, 977, 989, 997, 1005, 1014, 1025, 1036, 1047, 1058, 1069]
[0, 947, 942, 937, 932, 928, 923, 919, 915, 912, 910, 908, 906, 904, 902, 900, 898, 897, 896, 895, 895, 894, 875, 875, 876, 878, 878, 879, 879, 880, 882, 884, 886, 888, 891, 894, 897, 901, 906, 910, 914, 920, 925, 937, 941, 947, 953, 959, 966, 973, 984, 994, 1001, 1009, 1020, 1030, 1039, 1051, 1064, 1077, 1100]
[0, 954, 948, 944, 939, 934, 930, 927, 923, 919, 916, 914, 911, 908, 907, 904, 902, 899, 898, 897, 896, 895, 895, 896, 897, 898, 898, 900, 902, 903, 903, 905, 908, 910, 913, 918, 922, 930, 935, 939, 945, 949, 952, 958, 964, 970, 979, 987, 994, 1001, 1008, 1016, 1025, 1034, 1053, 1065, 1076, 1087, 1100, 1114, 1128]
[0, 989, 981, 973, 961, 956, 953, 950, 948, 945, 941, 939, 937, 934, 931, 931, 930, 928, 927, 926, 925, 926, 926, 897, 897, 898, 898, 900, 902, 902, 903, 905, 908, 910, 913, 918, 925, 929, 934, 939, 945, 949, 952, 958, 964, 970, 978, 987, 994, 1001, 1007, 1016, 1024, 1034, 1053, 1065, 1076, 1087, 1100, 1114, 1128]
[0, 987, 979, 971, 965, 961, 957, 953, 950, 944, 941, 939, 937, 935, 933, 932, 931, 928, 927, 926, 926, 927, 928, 927, 927, 898, 929, 930, 932, 934, 935, 936, 937, 940, 943, 947, 950, 954, 959, 964, 966, 972, 981, 993, 998, 1003, 1010, 1018, 1025, 1035, 1043, 1052, 1061, 1070, 1080, 1091, 1103, 1117, 1132, 1144, 1170]
[0, 986, 980, 971, 965, 961, 956, 953, 950, 947, 943, 941, 938, 936, 930, 932, 929, 928, 927, 926, 926, 926, 928, 927, 927, 927, 928, 930, 931, 934, 935, 936, 938, 941, 944, 947, 950, 955, 959, 963, 967, 974, 982, 988, 994, 999, 1005, 1011, 1027, 1035, 1046, 1056, 1064, 1073, 1083, 1094, 1106, 1120, 1135, 1149, 1161]
[0, 1023, 1016, 1010, 1006, 1001, 997, 992, 988, 984, 981, 978, 974, 971, 967, 965, 963, 963, 963, 964, 964, 963, 927, 927, 928, 928, 928, 929, 932, 933, 935, 936, 938, 942, 944, 944, 951, 955, 959, 964, 968, 975, 983, 989, 995, 1001, 1007, 1014, 1021, 1030, 1038, 1047, 1066, 1075, 1084, 1096, 1108, 1121, 1134, 1149, 1163]
[0, 1025, 1018, 1014, 1008, 1002, 999, 996, 991, 986, 981, 978, 974, 970, 968, 967, 965, 964, 964, 964, 964, 964, 964, 964, 964, 965, 966, 966, 968, 969, 971, 972, 975, 979, 984, 992, 996, 999, 1001, 1005, 1012, 1019, 1025, 1030, 1037, 1042, 1049, 1057, 1065, 1073, 1083, 1102, 1113, 1124, 1137, 1149, 1162, 1173, 1184, 1197, 1211]
[0, 1052, 1046, 1039, 1033, 1029, 1024, 1021, 1017, 1014, 1011, 1008, 1006, 1005, 1003, 1002, 1003, 1003, 1000, 999, 964, 1000, 963, 963, 965, 966, 966, 966, 967, 968, 973, 977, 980, 984, 987, 990, 994, 998, 1003, 1005, 1010, 1016, 1020, 1027, 1034, 1041, 1055, 1064, 1072, 1080, 1088, 1098, 1108, 1119, 1132, 1146, 1157, 1169, 1181, 1193, 1206]
[0, 1097, 1090, 1085, 1080, 1076, 1070, 1066, 1063, 1059, 1056, 1052, 1049, 1045, 1042, 1042, 1040, 1003, 1038, 1040, 1039, 1039, 1000, 1001, 1000, 1000, 1001, 1002, 1004, 1006, 1006, 1007, 1011, 1014, 1017, 1020, 1025, 1034, 1003, 1042, 1048, 1056, 1062, 1068, 1073, 1080, 1087, 1096, 1104, 1113, 1123, 1133, 1143, 1153, 1178, 1191, 1202, 1213, 1226, 1241, 1258]
[0, 1104, 1088, 1082, 1078, 1074, 1070, 1064, 1059, 1057, 1054, 1051, 1048, 1043, 1041, 1041, 1042, 1040, 1039, 1039, 1039, 1039, 1039, 1039, 1039, 1040, 1041, 1042, 1043, 1045, 1048, 1052, 1056, 1058, 1064, 1069, 1073, 1077, 1082, 1087, 1092, 1098, 1105, 1114, 1121, 1129, 1137, 1145, 1154, 1162, 1181, 1191, 1203, 1215, 1228, 1242, 1254, 1266, 1281, 1299, 1258]
[0, 1103, 1096, 1082, 1078, 1074, 1069, 1064, 1059, 1056, 1054, 1051, 1047, 1043, 1041, 1041, 1041, 1040, 1039, 1039, 1039, 1039, 1039, 1038, 1039, 1040, 1041, 1043, 1043, 1046, 1051, 1053, 1056, 1058, 1061, 1064, 1070, 1075, 1078, 1088, 1094, 1101, 1109, 1117, 1123, 1130, 1139, 1148, 1157, 1165, 1174, 1185, 1196, 1206, 1231, 1244, 1257, 1271, 1288, 1304, 1258]
[0, 1103, 1096, 1088, 1078, 1074, 1069, 1064, 1059, 1056, 1054, 1051, 1048, 1045, 1041, 1041, 1039, 1038, 1039, 1039, 1039, 1039, 1039, 1038, 1039, 1040, 1041, 1043, 1043, 1046, 1050, 1053, 1056, 1058, 1062, 1065, 1070, 1075, 1079, 1088, 1094, 1101, 1110, 1117, 1124, 1132, 1140, 1149, 1159, 1166, 1174, 1186, 1197, 1207, 1220, 1234, 1245, 1272, 1288, 1305, 1258]
[0, 1116, 1109, 1101, 1094, 1089, 1084, 1079, 1076, 1072, 1069, 1066, 1063, 1061, 1059, 1059, 1058, 1057, 1056, 1054, 1053, 1056, 1039, 1041, 1040, 1040, 1041, 1042, 1043, 1046, 1050, 1054, 1057, 1060, 1063, 1066, 1071, 1076, 1080, 1084, 1090, 1096, 1103, 1111, 1126, 1133, 1140, 1150, 1160, 1168, 1176, 1187, 1201, 1211, 1222, 1235, 1249, 1264, 1278, 1293, 1317]
[0, 1116, 1108, 1101, 1094, 1089, 1084, 1079, 1076, 1072, 1069, 1066, 1063, 1061, 1059, 1059, 1058, 1057, 1056, 1054, 1054, 1056, 1056, 1055, 1056, 1058, 1059, 1060, 1062, 1063, 1066, 1070, 1071, 1074, 1078, 1082, 1085, 1089, 1095, 1107, 1112, 1119, 1126, 1135, 1144, 1150, 1158, 1165, 1172, 1182, 1192, 1204, 1215, 1228, 1252, 1264, 1275, 1292, 1308, 1293, 1332]
[0, 1118, 1110, 1103, 1097, 1092, 1085, 1081, 1078, 1074, 1070, 1067, 1065, 1062, 1059, 1057, 1056, 1056, 1057, 1055, 1055, 1057, 1057, 1056, 1056, 1058, 1059, 1060, 1062, 1064, 1067, 1070, 1071, 1074, 1078, 1082, 1085, 1089, 1101, 1107, 1113, 1119, 1126, 1136, 1144, 1150, 1158, 1165, 1172, 1182, 1193, 1204, 1216, 1240, 1252, 1264, 1276, 1292, 1308, 1293, 0]
[0, 1185, 1179, 1173, 1167, 1161, 1158, 1152, 1146, 1143, 1139, 1135, 1132, 1127, 1127, 1127, 1127, 1125, 1124, 1124, 1124, 1124, 1057, 1057, 1057, 1059, 1059, 1059, 1059, 1061, 1066, 1070, 1071, 1074, 1080, 1084, 1090, 1094, 1099, 1107, 1112, 1118, 1126, 1133, 1142, 1149, 1156, 1164, 1171, 1190, 1202, 1214, 1225, 1237, 1249, 1260, 1274, 1291, 1305, 1293, 1330]
[0, 1187, 1179, 1173, 1167, 1162, 1158, 1153, 1148, 1139, 1136, 1134, 1131, 1129, 1128, 1127, 1126, 1125, 1124, 1124, 1124, 1126, 1124, 1128, 1129, 1131, 1134, 1134, 1136, 1137, 1140, 1144, 1149, 1152, 1155, 1160, 1165, 1169, 1174, 1179, 1187, 1195, 1203, 1212, 1219, 1226, 1244, 1255, 1269, 1280, 1287, 1299, 1313, 1329, 1344, 1358, 1373, 1389, 1406, 1426, 1330]
[0, 1189, 1181, 1175, 1169, 1158, 1154, 1149, 1144, 1139, 1136, 1134, 1132, 1131, 1129, 1129, 1127, 1125, 1125, 1124, 1124, 1126, 1127, 1129, 1128, 1129, 1131, 1133, 1139, 1141, 1142, 1144, 1149, 1153, 1154, 1157, 1164, 1169, 1174, 1180, 1188, 1195, 1201, 1209, 1217, 1232, 1241, 1253, 1264, 1274, 1285, 1295, 1308, 1325, 1342, 1356, 1370, 1384, 1400, 1420, 1330]
[0, 1217, 1209, 1204, 1199, 1192, 1187, 1183, 1179, 1175, 1173, 1170, 1167, 1165, 1164, 1162, 1162, 1163, 1162, 1162, 1163, 1164, 1128, 1129, 1130, 1132, 1135, 1136, 1139, 1142, 1143, 1144, 1146, 1149, 1152, 1157, 1163, 1166, 1172, 1179, 1191, 1198, 1209, 1216, 1223, 1232, 1240, 1248, 1259, 1271, 1282, 1292, 1305, 1323, 1336, 1362, 1377, 1395, 1413, 1420, 1330]
[0, 1221, 1212, 1206, 1200, 1195, 1189, 1184, 1181, 1177, 1170, 1170, 1166, 1165, 1164, 1164, 1163, 1163, 1163, 1163, 1164, 1164, 1165, 1164, 1163, 1165, 1166, 1167, 1169, 1172, 1174, 1176, 1177, 1180, 1191, 1197, 1205, 1216, 1222, 1230, 1241, 1249, 1256, 1261, 1265, 1269, 1276, 1301, 1315, 1328, 1340, 1349, 1360, 1371, 1386, 1401, 1416, 1395, 1445, 1475, 1491]
[0, 1242, 1234, 1227, 1220, 1213, 1207, 1202, 1198, 1194, 1189, 1187, 1183, 1180, 1179, 1177, 1177, 1178, 1178, 1177, 1177, 1177, 1165, 1164, 1164, 1164, 1166, 1168, 1169, 1173, 1176, 1178, 1179, 1183, 1188, 1195, 1204, 1210, 1218, 1228, 1239, 1247, 1255, 1261, 1269, 1277, 1286, 1297, 1311, 1324, 1338, 1349, 1358, 1368, 1382, 1397, 1412, 1429, 1474, 1491, 1506]
[0, 1243, 1236, 1227, 1219, 1214, 1209, 1204, 1200, 1192, 1187, 1184, 1181, 1181, 1179, 1177, 1177, 1177, 1177, 1177, 1176, 1177, 1178, 1179, 1180, 1181, 1188, 1190, 1189, 1196, 1200, 1202, 1204, 1207, 1213, 1219, 1225, 1233, 1241, 1248, 1254, 1258, 1266, 1279, 1286, 1299, 1308, 1320, 1335, 1347, 1354, 1363, 1376, 1389, 1404, 1420, 1437, 1459, 1478, 1490, 1515]
[0, 1278, 1270, 1265, 1259, 1253, 1244, 1239, 1235, 1231, 1228, 1225, 1223, 1220, 1217, 1219, 1220, 1218, 1221, 1224, 1225, 1222, 1178, 1180, 1181, 1184, 1188, 1187, 1193, 1197, 1201, 1203, 1205, 1207, 1216, 1220, 1223, 1233, 1242, 1247, 1255, 1258, 1264, 1283, 1289, 1297, 1307, 1319, 1332, 1344, 1354, 1363, 1373, 1386, 1398, 1414, 1437, 1473, 1487, 1504, 1513]
[0, 1279, 1271, 1265, 1260, 1253, 1248, 1243, 1240, 1236, 1231, 1228, 1225, 1223, 1220, 1221, 1223, 1221, 1221, 1226, 1229, 1224, 1220, 1230, 1230, 1231, 1233, 1232, 1234, 1236, 1237, 1238, 1241, 1245, 1251, 1257, 1264, 1270, 1275, 1281, 1293, 1258, 1311, 1320, 1329, 1341, 1350, 1359, 1367, 1375, 1381, 1391, 1403, 1412, 1422, 1434, 1459, 1473, 1486, 1501, 1510]
[0, 1312, 1304, 1295, 1288, 1282, 1278, 1273, 1267, 1264, 1261, 1257, 1253, 1252, 1254, 1253, 1257, 1262, 1256, 1250, 1252, 1252, 1227, 1234, 1231, 1231, 1235, 1234, 1232, 1235, 1239, 1241, 1242, 1247, 1255, 1264, 1270, 1274, 1279, 1285, 1291, 1299, 1307, 1316, 1326, 1336, 1347, 1355, 1364, 1379, 1386, 1396, 1407, 1417, 1428, 1440, 1452, 1465, 1480, 1493, 1503]
[0, 1358, 1350, 1343, 1288, 1332, 1323, 1318, 1310, 1307, 1305, 1302, 1301, 1296, 1288, 1287, 1286, 1287, 1286, 1286, 1287, 1289, 1251, 1253, 1256, 1258, 1261, 1266, 1269, 1269, 1271, 1275, 1278, 1283, 1287, 1290, 1294, 1304, 1306, 1310, 1314, 1320, 1326, 1331, 1338, 1345, 1352, 1360, 1367, 1375, 1382, 1389, 1399, 1408, 1417, 1443, 1455, 1467, 1481, 1497, 1508]
[0, 1412, 1400, 1390, 1385, 1380, 1374, 1369, 1362, 1357, 1352, 1348, 1347, 1345, 1339, 1336, 1330, 1320, 1313, 1307, 1305, 1303, 1287, 1287, 1288, 1289, 1290, 1291, 1291, 1292, 1288, 1287, 1291, 1293, 1296, 1299, 1302, 1303, 1305, 1310, 1312, 1317, 1321, 1326, 1334, 1341, 1347, 1355, 1361, 1369, 1378, 1396, 1405, 1415, 1427, 1439, 1451, 1463, 1478, 1491, 1502]
[0, 1409, 1399, 1390, 1385, 1380, 1376, 1372, 1366, 1355, 1351, 1348, 1344, 1342, 1337, 1334, 1329, 1320, 1313, 1307, 1305, 1303, 1299, 1297, 1296, 1293, 1292, 1290, 1286, 1286, 1287, 1289, 1290, 1290, 1292, 1296, 1298, 1302, 1306, 1310, 1312, 1316, 1320, 1324, 1331, 1341, 1350, 1357, 1365, 1372, 1378, 1389, 1398, 1408, 1420, 1429, 1440, 1455, 1469, 1483, 1498]
[0, 1447, 1427, 1418, 1409, 1402, 1397, 1390, 1385, 1372, 1366, 1357, 1350, 1344, 1337, 1330, 1321, 1316, 1313, 1308, 1305, 1303, 1299, 1297, 1295, 1293, 1292, 1288, 1286, 1286, 1287, 1288, 1290, 1290, 1292, 1295, 1298, 1302, 1306, 1310, 1312, 1315, 1319, 1323, 1335, 1342, 1349, 1357, 1365, 1373, 1380, 1388, 1398, 1409, 1421, 1430, 1441, 1453, 1468, 1500, 1510]
[0, 1446, 1426, 1419, 1409, 1402, 1397, 1390, 1385, 1379, 1364, 1355, 1348, 1341, 1336, 1330, 1325, 1319, 1313, 1308, 1305, 1303, 1299, 1296, 1295, 1293, 1289, 1287, 1286, 1286, 1287, 1288, 1289, 1290, 1292, 1294, 1296, 1300, 1305, 1307, 1310, 1315, 1318, 1328, 1336, 1342, 1349, 1357, 1364, 1372, 1379, 1388, 1398, 1409, 1420, 1429, 1440, 1453, 1484, 1496, 1507]
[0, 1446, 1426, 1419, 0, 1422, 1412, 1389, 1379, 1372, 1366, 1358, 1350, 1344, 1336, 1329, 1323, 1317, 1314, 1310, 1306, 1302, 1299, 1296, 1294, 1293, 1291, 1287, 1286, 1287, 1287, 1288, 1289, 1290, 1292, 1294, 1296, 1300, 1304, 1307, 1310, 1315, 1318, 1321, 1336, 1342, 1349, 1358, 1366, 1372, 1378, 1387, 1397, 1408, 1419, 1429, 1440, 1468, 1485, 1496, 1507]
[0, 1446, 1426, 1452, 1429, 1417, 1404, 1394, 1383, 1375, 1369, 1361, 1355, 1348, 1333, 1328, 1322, 1317, 1312, 1307, 1304, 1301, 1299, 1296, 1292, 1290, 1288, 1287, 1286, 1285, 1287, 1288, 1289, 1290, 1291, 1293, 1295, 1299, 1304, 1306, 1309, 1318, 1322, 1326, 1333, 1339, 1347, 1356, 1363, 1371, 1379, 1386, 1394, 1404, 1416, 1427, 1449, 1466, 1482, 1494, 1503]
[0, 1475, 1460, 1446, 1422, 1411, 1399, 1390, 1381, 1372, 1365, 1357, 1350, 1344, 1336, 1326, 1319, 1316, 1313, 1309, 1306, 1302, 1298, 1295, 1294, 1292, 1290, 1290, 1290, 1291, 1288, 1287, 1290, 1291, 1295, 1295, 1296, 1300, 1304, 1307, 1312, 1316, 1320, 1325, 1334, 1340, 1343, 1348, 1357, 1365, 1382, 1390, 1400, 1408, 1419, 1431, 1442, 1455, 1473, 1490, 1499]
[0, 1463, 1448, 1439, 1428, 1414, 1402, 1394, 1383, 1372, 1367, 1361, 1351, 1344, 1337, 1331, 1327, 1315, 1311, 1305, 1300, 1298, 1299, 1297, 1294, 1289, 1288, 1287, 1286, 1286, 1286, 1287, 1288, 1290, 1292, 1294, 1295, 1299, 1301, 1304, 1306, 1308, 1320, 1325, 1332, 1340, 1347, 1352, 1359, 1369, 1378, 1386, 1394, 1401, 1412, 1425, 1437, 1463, 1479, 1493, 1504]
[0, 1466, 1453, 1440, 1427, 1415, 1404, 1393, 1385, 1377, 1369, 1361, 1352, 1344, 1331, 1325, 1321, 1315, 1311, 1307, 1304, 1300, 1297, 1293, 1291, 1291, 1287, 1285, 1285, 1284, 1284, 1285, 1288, 1290, 1290, 1295, 1295, 1298, 1300, 1303, 1309, 1315, 1317, 1320, 1327, 1332, 1340, 1348, 1356, 1365, 1372, 1390, 1399, 1408, 1419, 1431, 1442, 1455, 1472, 1489, 1500]
[0, 1461, 1448, 1435, 1422, 1412, 1401, 1393, 1384, 1374, 1366, 1358, 1349, 1343, 1337, 1330, 1324, 1319, 1308, 1305, 1300, 1296, 1297, 1295, 1292, 1288, 1287, 1285, 1284, 1285, 1285, 1286, 1288, 1290, 1291, 1291, 1295, 1299, 1303, 1303, 1307, 1311, 1315, 1321, 1326, 1332, 1339, 1350, 1362, 1374, 1380, 1386, 1396, 1407, 1417, 1428, 1441, 1452, 1466, 1483, 1496]
[0, 1464, 1451, 1439, 1426, 1414, 1403, 1392, 1384, 1376, 1368, 1361, 1347, 1338, 1330, 1323, 1317, 1313, 1310, 1305, 1303, 1300, 1295, 1292, 1291, 1288, 1284, 1285, 1284, 1284, 1284, 1285, 1284, 1284, 1288, 1293, 1296, 1298, 1301, 1305, 1309, 1313, 1317, 1322, 1327, 1334, 1338, 1344, 1357, 1367, 1373, 1381, 1391, 1401, 1421, 1433, 1446, 1458, 1475, 1490, 1499]
[0, 1477, 1445, 1431, 1420, 1409, 1398, 1388, 1379, 1371, 1363, 1356, 1349, 1341, 1332, 1325, 1319, 1316, 1312, 1307, 1304, 1300, 1296, 1294, 1290, 1288, 1287, 1285, 1283, 1284, 1285, 1287, 1287, 1288, 1289, 1291, 1291, 1293, 1300, 1303, 1305, 1309, 1315, 1321, 1326, 1332, 1339, 1345, 1351, 1373, 1380, 1386, 1397, 1407, 1416, 1429, 1442, 1452, 1466, 1484, 1498]
[0, 1469, 1453, 1440, 1429, 1417, 1407, 1395, 1379, 1371, 1364, 1356, 1349, 1340, 1331, 1326, 1321, 1317, 1312, 1307, 1304, 1302, 1293, 1292, 1290, 1289, 1287, 1285, 1284, 1282, 1284, 1286, 1283, 1285, 1289, 1292, 1293, 1295, 1297, 1302, 1310, 1309, 1320, 1324, 1331, 1338, 1345, 1352, 1359, 1366, 1375, 1382, 1390, 1401, 1411, 1424, 1436, 1458, 1475, 1491, 1505]
[0, 1460, 1448, 1433, 1420, 1411, 1400, 1389, 1381, 1373, 1365, 1357, 1349, 1343, 1337, 1330, 1323, 1318, 1310, 1307, 1300, 1296, 1298, 1295, 1293, 1291, 1288, 1287, 1286, 1286, 1286, 1287, 1287, 1289, 1291, 1291, 1289, 1295, 1300, 1303, 1306, 1308, 1314, 1323, 1327, 1333, 1343, 1351, 1357, 1365, 1374, 1384, 1391, 1399, 1411, 1425, 1439, 1447, 1479, 1494, 1505]
[0, 1465, 1449, 1434, 1424, 1411, 1398, 1389, 1380, 1371, 1364, 1356, 1348, 1343, 1336, 1330, 1319, 1313, 1309, 1305, 1300, 1294, 1295, 1292, 1291, 1289, 1285, 1285, 1285, 1284, 1285, 1285, 1285, 1285, 1288, 1290, 1295, 1297, 1300, 1303, 1308, 1313, 1315, 1320, 1327, 1334, 1340, 1347, 1355, 1364, 1372, 1389, 1391, 1407, 1418, 1429, 1440, 1454, 1471, 1487, 1499]
[0, 1468, 1452, 1439, 1428, 1416, 1404, 1393, 1378, 1368, 1360, 1351, 1343, 1336, 1329, 1322, 1317, 1316, 1311, 1307, 1301, 1296, 1290, 1288, 1287, 1288, 1286, 1284, 1282, 1281, 1283, 1284, 1284, 1284, 1284, 1291, 1294, 1296, 1298, 1302, 1305, 1308, 1314, 1321, 1326, 1332, 1339, 1347, 1355, 1373, 1380, 1389, 1403, 1417, 1432, 1444, 1457, 1471, 1484, 1499, 1504]
[0, 1461, 1446, 1434, 1421, 1408, 1398, 1388, 1379, 1373, 1365, 1356, 1348, 1343, 1336, 1324, 1317, 1312, 1309, 1304, 1299, 1294, 1295, 1294, 1290, 1289, 1289, 1287, 1283, 1283, 1286, 1282, 1281, 1286, 1291, 1294, 1294, 1296, 1299, 1299, 1302, 1308, 1313, 1317, 1321, 1334, 1345, 1353, 1358, 1368, 1379, 1389, 1401, 1411, 1427, 1441, 1454, 1467, 1480, 1515, 1518]
[0, 1473, 1458, 1444, 1413, 1405, 1397, 1385, 1376, 1370, 1363, 1354, 1343, 1338, 1330, 1322, 1319, 1315, 1312, 1308, 1303, 1299, 1291, 1288, 1288, 1288, 1285, 1283, 1283, 1283, 1282, 1284, 1284, 1284, 1286, 1290, 1294, 1296, 1296, 1299, 1304, 1308, 1314, 1320, 1325, 1331, 1338, 1347, 1362, 1373, 1380, 1391, 1405, 1418, 1432, 1444, 1457, 1470, 1484, 1500, 1509]
[0, 1467, 1451, 1437, 1427, 1416, 1403, 1384, 1377, 1370, 1359, 1348, 1344, 1339, 1329, 1322, 1318, 1316, 1311, 1306, 1303, 1300, 1298, 1291, 1287, 1285, 1286, 1285, 1285, 1283, 1283, 1285, 1286, 1287, 1290, 1295, 1299, 1303, 1310, 1314, 1315, 1324, 1327, 1333, 1342, 1349, 1352, 1359, 1368, 1380, 1391, 1400, 1412, 1422, 1430, 1442, 1463, 1476, 1490, 1503, 1510]
[0, 1461, 1446, 1433, 1421, 1408, 1399, 1390, 1380, 1372, 1364, 1354, 1348, 1340, 1334, 1323, 1317, 1312, 1308, 1303, 1299, 1295, 1296, 1293, 1288, 1284, 1283, 1285, 1283, 1282, 1285, 1286, 1286, 1287, 1291, 1294, 1299, 1304, 1308, 1313, 1316, 1320, 1326, 1331, 1347, 1348, 1353, 1364, 1374, 1384, 1393, 1402, 1414, 1423, 1432, 1441, 1453, 1467, 1481, 1496, 1523]
[0, 1463, 1451, 1438, 1426, 1414, 1403, 1393, 1384, 1377, 1358, 1350, 1343, 1335, 1328, 1323, 1318, 1314, 1309, 1305, 1300, 1297, 1292, 1289, 1287, 1288, 1285, 1283, 1284, 1283, 1282, 1284, 1285, 1285, 1295, 1300, 1304, 1308, 1311, 1315, 1318, 1321, 1326, 1329, 1337, 1346, 1351, 1357, 1366, 1378, 1388, 1407, 1413, 1423, 1436, 1445, 1457, 1471, 1484, 1498, 1505]
[0, 1461, 1448, 1436, 1425, 1413, 1401, 1391, 1383, 1376, 1366, 1357, 1339, 1330, 1326, 1322, 1316, 1312, 1308, 1304, 1300, 1298, 1295, 1293, 1289, 1287, 1286, 1284, 1283, 1284, 1284, 1285, 1285, 1290, 1295, 1301, 1304, 1307, 1310, 1314, 1317, 1320, 1326, 1334, 1341, 1346, 1352, 1358, 1366, 1389, 1397, 1406, 1414, 1424, 1436, 1445, 1458, 1472, 1485, 1499, 1505]
[0, 1468, 1443, 1431, 1416, 1405, 1397, 1387, 1378, 1370, 1362, 1352, 1344, 1335, 1328, 1324, 1319, 1315, 1311, 1307, 1300, 1299, 1298, 1298, 1297, 1298, 1300, 1300, 1297, 1295, 1296, 1299, 1285, 1298, 1301, 1303, 1305, 1307, 1310, 1314, 1318, 1322, 1323, 1330, 1340, 1347, 1352, 1358, 1366, 1386, 1396, 1405, 1415, 1424, 1436, 1445, 1458, 1470, 1483, 1499, 1505]
[0, 1453, 1442, 1428, 1414, 1405, 1397, 1388, 1382, 1379, 1372, 1365, 1361, 1354, 1346, 1341, 1334, 1327, 1325, 1321, 1315, 1312, 1298, 1298, 1299, 1300, 1299, 1297, 1297, 1298, 1299, 1298, 1298, 1298, 1298, 1301, 1305, 1307, 1309, 1314, 1317, 1323, 1327, 1334, 1342, 1349, 1352, 1358, 1368, 1380, 1388, 1397, 1409, 1426, 1438, 1449, 1458, 1472, 1487, 1502, 1506]
[0, 1457, 1446, 1434, 1421, 1414, 1410, 1408, 1402, 1393, 1386, 1371, 1361, 1357, 1350, 1342, 1335, 1325, 1319, 1313, 1311, 1309, 1306, 1304, 1300, 1299, 1300, 1299, 1297, 1298, 1297, 1297, 1298, 1301, 1301, 1301, 1304, 1306, 1311, 1314, 1317, 1322, 1327, 1333, 1342, 1348, 1351, 1359, 1369, 1381, 1389, 1398, 1411, 1421, 1430, 1442, 1463, 1476, 1490, 1503, 1510]
[0, 1478, 1465, 1456, 1447, 1436, 1428, 1408, 1395, 1391, 1379, 1367, 1359, 1352, 1347, 1342, 1334, 1328, 1322, 1318, 1315, 1312, 1305, 1303, 1302, 1301, 1298, 1296, 1296, 1297, 1298, 1299, 1300, 1300, 1301, 1301, 1302, 1305, 1311, 1313, 1317, 1322, 1327, 1329, 1338, 1348, 1352, 1358, 1367, 1379, 1388, 1394, 1405, 1427, 1435, 1446, 1459, 1471, 1486, 1501, 1505]
[0, 1476, 1464, 1452, 1443, 1435, 1424, 1409, 1397, 1389, 1379, 1371, 1364, 1357, 1351, 1344, 1336, 1325, 1322, 1314, 1312, 1309, 1308, 1305, 1303, 1302, 1302, 1299, 1298, 1297, 1297, 1298, 1299, 1300, 1300, 1302, 1303, 1305, 1308, 1312, 1315, 1320, 1325, 1330, 1343, 1350, 1354, 1361, 1371, 1383, 1392, 1401, 1414, 1423, 1432, 1441, 1454, 1466, 1479, 1490, 1496]
[0, 1485, 1471, 1459, 1447, 1436, 1420, 1406, 1396, 1391, 1379, 1366, 1359, 1354, 1348, 1341, 1334, 1328, 1322, 1317, 1314, 1311, 1305, 1303, 1302, 1300, 1300, 1299, 1297, 1296, 1296, 1299, 1299, 1296, 1297, 1300, 1305, 1308, 1311, 1314, 1317, 1322, 1327, 1330, 1337, 1347, 1352, 1358, 1367, 1378, 1388, 1406, 1417, 1426, 1436, 1447, 1458, 1471, 1484, 1499, 1508]
[0, 1485, 1472, 1459, 1437, 1429, 1419, 1406, 1396, 1390, 1379, 1367, 1361, 1355, 1348, 1341, 1334, 1327, 1322, 1317, 1314, 1311, 1307, 1304, 1301, 1298, 1298, 1299, 1296, 1294, 1295, 1298, 1299, 1299, 1300, 1301, 1301, 1304, 1308, 1311, 1314, 1319, 1322, 1330, 1342, 1349, 1353, 1360, 1369, 1381, 1392, 1400, 1410, 1422, 1432, 1442, 1460, 1471, 1487, 1503, 1510]
[0, 1485, 1471, 1459, 1447, 1436, 1419, 1405, 1396, 1390, 1378, 1367, 1360, 1354, 1348, 1341, 1334, 1327, 1321, 1317, 1314, 1311, 1307, 1305, 1301, 1298, 1298, 1299, 1296, 1294, 1295, 1297, 1299, 1299, 1299, 1300, 1301, 1304, 1306, 1309, 1318, 1322, 1323, 1330, 1341, 1348, 1352, 1360, 1368, 1380, 1391, 1400, 1410, 1420, 1431, 1442, 1462, 1473, 1487, 1503, 1509]
[0, 1478, 1465, 1454, 1443, 1431, 1421, 1411, 1402, 1391, 1385, 1362, 1359, 1353, 1343, 1336, 1330, 1326, 1321, 1317, 1314, 1310, 1307, 1304, 1300, 1298, 1298, 1298, 1296, 1294, 1295, 1297, 1299, 1299, 1299, 1300, 1301, 1304, 1306, 1310, 1314, 1322, 1326, 1332, 1340, 1347, 1352, 1359, 1368, 1379, 1392, 1400, 1410, 1421, 1427, 1436, 1462, 1473, 1487, 1503, 1509]
