[0, 0, 0, 0, 0, 0, 0, 0, 0, 0, 0, 0, 0, 0, 0, 0, 0, 0, 0, 0, 0, 0, 0, 0, 0, 0, 0, 0, 0, 0, 0, 0, 0, 0, 0, 0, 0, 0, 0, 0, 0, 0, 0, 0, 0, 0, 0, 0, 0, 0, 0, 0, 0, 0, 0, 0, 0, 0, 0, 0, 0]
[0, 528, 523, 520, 518, 516, 513, 510, 506, 504, 501, 499, 497, 495, 493, 490, 488, 486, 485, 485, 484, 483, 0, 0, 357, 351, 347, 344, 344, 344, 345, 348, 351, 1297, 0, 0, 484, 486, 487, 489, 491, 494, 496, 498, 500, 504, 507, 511, 513, 521, 524, 525, 530, 534, 544, 550, 553, 554, 559, 570, 578]
[0, 531, 526, 523, 519, 515, 512, 509, 506, 502, 500, 499, 497, 495, 493, 490, 488, 487, 485, 484, 484, 484, 0, 0, 357, 354, 346, 344, 344, 344, 346, 348, 351, 1297, 0, 482, 485, 486, 488, 489, 491, 493, 496, 499, 501, 504, 507, 510, 514, 517, 521, 525, 530, 535, 539, 544, 550, 559, 564, 570, 578]
[0, 528, 524, 521, 517, 514, 511, 508, 505, 503, 500, 498, 497, 493, 493, 488, 487, 486, 485, 484, 483, 484, 0, 0, 0, 349, 346, 344, 344, 344, 346, 349, 351, 1297, 0, 484, 486, 487, 488, 490, 492, 494, 496, 498, 501, 504, 507, 511, 514, 518, 522, 526, 531, 535, 540, 545, 550, 555, 560, 566, 572]
[0, 528, 524, 521, 517, 513, 510, 508, 505, 503, 503, 498, 497, 493, 491, 488, 487, 487, 485, 484, 483, 484, 0, 0, 0, 349, 347, 345, 344, 344, 345, 351, 351, 1297, 0, 484, 484, 486, 487, 488, 490, 495, 496, 500, 502, 504, 509, 512, 516, 519, 524, 528, 533, 538, 542, 547, 553, 558, 563, 569, 576]
[0, 529, 525, 522, 518, 514, 511, 508, 506, 503, 500, 498, 496, 494, 492, 489, 488, 487, 485, 484, 483, 484, 0, 0, 353, 351, 0, 344, 344, 344, 345, 347, 351, 1297, 0, 0, 486, 487, 488, 490, 490, 493, 495, 500, 502, 505, 509, 511, 515, 519, 523, 527, 532, 537, 542, 548, 553, 558, 563, 569, 576]
[0, 529, 525, 521, 518, 514, 511, 508, 505, 503, 500, 498, 496, 494, 492, 489, 488, 486, 485, 484, 483, 484, 0, 0, 361, 353, 348, 344, 344, 345, 346, 347, 350, 1297, 0, 484, 485, 486, 487, 489, 492, 495, 497, 499, 502, 504, 507, 511, 515, 518, 523, 527, 531, 536, 541, 546, 551, 557, 561, 567, 573]
[0, 528, 524, 521, 517, 513, 510, 507, 504, 502, 500, 498, 495, 493, 492, 489, 488, 488, 485, 484, 483, 483, 0, 0, 360, 348, 345, 344, 344, 344, 345, 350, 350, 1297, 0, 485, 486, 487, 488, 490, 492, 495, 497, 499, 502, 505, 508, 511, 515, 519, 523, 527, 531, 537, 542, 547, 552, 557, 562, 568, 575]
[0, 528, 524, 521, 517, 514, 511, 507, 505, 503, 500, 498, 496, 493, 492, 489, 487, 488, 486, 484, 483, 483, 0, 0, 0, 352, 347, 344, 344, 344, 345, 347, 351, 358, 0, 484, 486, 486, 487, 488, 493, 495, 497, 500, 502, 505, 508, 512, 516, 519, 523, 527, 533, 537, 542, 547, 553, 558, 562, 569, 576]
[0, 528, 534, 529, 525, 522, 519, 515, 513, 511, 509, 506, 503, 501, 499, 497, 496, 495, 493, 491, 490, 483, 0, 0, 353, 351, 0, 344, 343, 344, 345, 347, 351, 358, 0, 484, 486, 487, 488, 488, 493, 495, 497, 500, 502, 505, 508, 512, 515, 519, 523, 527, 532, 537, 542, 547, 552, 558, 563, 569, 576]
[0, 537, 532, 529, 525, 523, 519, 516, 514, 511, 509, 507, 503, 502, 500, 498, 496, 496, 495, 494, 493, 483, 0, 0, 355, 351, 344, 343, 343, 344, 346, 348, 351, 358, 0, 492, 493, 495, 497, 498, 500, 502, 505, 508, 511, 513, 516, 520, 524, 527, 531, 535, 540, 544, 549, 554, 559, 564, 571, 584, 590]
[0, 538, 534, 530, 526, 523, 520, 518, 514, 511, 509, 507, 504, 502, 502, 500, 498, 496, 495, 495, 493, 483, 0, 0, 351, 348, 345, 343, 342, 343, 345, 347, 351, 358, 0, 496, 496, 498, 500, 502, 504, 507, 509, 511, 514, 517, 521, 524, 528, 532, 536, 541, 546, 551, 555, 560, 565, 571, 578, 585, 591]
[0, 536, 532, 528, 526, 525, 519, 516, 514, 511, 509, 508, 506, 504, 502, 500, 499, 497, 496, 495, 494, 493, 0, 0, 353, 346, 344, 343, 342, 343, 346, 349, 351, 358, 0, 495, 497, 498, 499, 501, 503, 505, 508, 510, 512, 516, 519, 523, 526, 531, 535, 539, 543, 548, 554, 563, 565, 575, 578, 588, 595]
[0, 536, 532, 532, 525, 525, 521, 518, 513, 511, 511, 508, 506, 504, 502, 500, 498, 497, 496, 495, 494, 494, 0, 0, 353, 348, 345, 343, 342, 343, 345, 347, 351, 358, 0, 496, 0, 497, 498, 500, 502, 505, 507, 513, 516, 519, 522, 523, 529, 533, 538, 542, 547, 552, 557, 562, 567, 572, 580, 586, 593]
[0, 537, 533, 529, 525, 522, 519, 516, 514, 511, 509, 506, 504, 502, 502, 498, 497, 496, 496, 494, 494, 493, 0, 0, 355, 347, 345, 343, 342, 343, 345, 348, 351, 358, 0, 494, 496, 497, 500, 500, 502, 505, 510, 513, 513, 516, 519, 525, 529, 533, 538, 542, 547, 552, 557, 562, 567, 572, 580, 586, 592]
[0, 538, 533, 530, 527, 523, 520, 517, 514, 512, 509, 507, 505, 503, 501, 499, 498, 497, 496, 495, 493, 493, 0, 358, 355, 350, 345, 343, 342, 343, 345, 347, 351, 358, 0, 0, 496, 498, 500, 502, 504, 507, 509, 511, 514, 517, 521, 524, 528, 532, 536, 541, 546, 551, 555, 560, 565, 571, 578, 585, 591]
[0, 542, 537, 534, 530, 527, 524, 521, 518, 515, 513, 511, 508, 506, 504, 502, 501, 499, 498, 497, 497, 493, 0, 0, 351, 350, 345, 342, 342, 344, 345, 346, 349, 358, 0, 495, 496, 498, 500, 501, 504, 506, 509, 511, 513, 517, 520, 524, 528, 531, 535, 539, 544, 549, 553, 559, 564, 570, 582, 585, 595]
[0, 541, 537, 533, 530, 527, 523, 520, 517, 515, 512, 510, 508, 506, 504, 503, 500, 499, 499, 498, 496, 493, 0, 359, 350, 346, 343, 342, 342, 343, 345, 348, 349, 358, 0, 496, 500, 501, 502, 505, 507, 509, 511, 514, 517, 523, 520, 530, 534, 531, 542, 546, 551, 556, 562, 567, 573, 579, 586, 592, 598]
[0, 543, 534, 533, 532, 528, 522, 519, 517, 514, 512, 511, 509, 507, 505, 504, 502, 500, 499, 498, 497, 498, 0, 0, 353, 346, 346, 343, 342, 343, 345, 348, 349, 358, 0, 498, 499, 501, 503, 505, 507, 509, 512, 514, 517, 520, 523, 526, 530, 534, 543, 548, 552, 556, 561, 568, 574, 580, 585, 591, 598]
[0, 545, 541, 537, 534, 530, 527, 524, 522, 519, 517, 514, 512, 510, 508, 506, 504, 503, 502, 501, 500, 498, 0, 0, 351, 347, 344, 343, 342, 343, 345, 347, 349, 358, 0, 0, 499, 503, 0, 505, 509, 511, 514, 516, 519, 523, 526, 529, 533, 537, 541, 546, 551, 556, 561, 566, 571, 577, 583, 589, 596]
[0, 545, 541, 537, 534, 530, 527, 524, 522, 519, 517, 514, 512, 510, 508, 506, 504, 503, 502, 501, 500, 498, 0, 0, 350, 346, 343, 342, 342, 343, 344, 347, 349, 358, 0, 0, 503, 505, 507, 508, 512, 511, 518, 516, 523, 523, 530, 534, 533, 542, 546, 552, 556, 560, 565, 570, 577, 584, 589, 595, 601]
[0, 546, 541, 537, 534, 531, 527, 525, 522, 520, 517, 514, 512, 511, 508, 509, 507, 506, 504, 501, 502, 502, 0, 0, 353, 346, 343, 342, 341, 343, 344, 347, 349, 358, 0, 501, 503, 505, 507, 508, 510, 512, 515, 518, 521, 524, 527, 535, 533, 542, 546, 551, 556, 560, 566, 571, 577, 584, 590, 596, 602]
[0, 545, 541, 538, 534, 531, 528, 525, 522, 520, 517, 516, 513, 511, 509, 508, 506, 505, 503, 502, 502, 502, 0, 0, 355, 348, 344, 342, 341, 342, 343, 346, 349, 358, 0, 505, 507, 508, 510, 512, 514, 516, 519, 522, 525, 528, 532, 536, 539, 543, 547, 552, 557, 561, 567, 572, 579, 584, 590, 597, 603]
[0, 551, 547, 544, 540, 536, 533, 531, 528, 526, 523, 521, 519, 517, 514, 513, 511, 509, 508, 507, 506, 502, 0, 358, 350, 348, 344, 342, 340, 341, 343, 345, 349, 358, 0, 505, 506, 508, 510, 511, 513, 516, 519, 522, 524, 527, 531, 534, 539, 542, 546, 551, 555, 560, 564, 570, 576, 583, 595, 601, 607]
[0, 561, 558, 550, 540, 547, 543, 537, 535, 533, 530, 521, 527, 523, 514, 522, 520, 518, 517, 514, 506, 502, 0, 0, 351, 345, 0, 340, 340, 342, 344, 347, 349, 358, 0, 0, 511, 511, 512, 515, 518, 522, 519, 525, 528, 531, 537, 534, 545, 549, 553, 558, 562, 567, 573, 579, 585, 591, 598, 603, 610]
[0, 563, 559, 556, 552, 549, 546, 544, 540, 537, 535, 534, 531, 529, 527, 526, 524, 522, 521, 520, 519, 502, 0, 354, 351, 347, 342, 340, 339, 340, 342, 344, 349, 358, 0, 518, 520, 521, 523, 525, 527, 530, 532, 535, 538, 541, 545, 548, 552, 556, 560, 565, 569, 574, 586, 592, 597, 603, 609, 616, 622]
[0, 563, 560, 558, 555, 550, 546, 544, 540, 538, 536, 534, 532, 529, 527, 526, 524, 523, 521, 520, 520, 502, 0, 354, 354, 347, 340, 339, 339, 339, 340, 346, 349, 358, 0, 0, 523, 528, 0, 530, 534, 537, 532, 542, 545, 548, 552, 557, 560, 564, 569, 575, 580, 584, 590, 596, 602, 608, 614, 620, 627]
[0, 566, 562, 559, 555, 550, 550, 547, 544, 541, 539, 537, 535, 529, 532, 526, 528, 527, 525, 525, 525, 502, 0, 354, 351, 347, 342, 339, 339, 340, 342, 346, 346, 358, 0, 0, 524, 526, 528, 532, 534, 535, 540, 543, 545, 545, 552, 557, 561, 565, 569, 575, 580, 584, 590, 596, 602, 608, 614, 620, 627]
[0, 570, 565, 561, 558, 555, 552, 549, 546, 543, 542, 540, 537, 535, 533, 531, 529, 528, 526, 525, 524, 502, 0, 354, 347, 345, 341, 339, 339, 339, 340, 343, 347, 358, 0, 0, 528, 530, 532, 534, 537, 539, 542, 545, 548, 551, 554, 558, 562, 566, 570, 580, 586, 591, 597, 604, 610, 614, 620, 627, 635]
[0, 568, 565, 561, 558, 555, 552, 549, 547, 544, 542, 538, 536, 534, 533, 531, 529, 527, 526, 525, 526, 502, 0, 0, 351, 342, 341, 339, 339, 340, 342, 345, 347, 358, 0, 0, 529, 530, 532, 534, 539, 541, 542, 547, 550, 554, 558, 561, 564, 569, 575, 579, 584, 589, 594, 600, 606, 612, 618, 625, 632]
[0, 577, 572, 568, 565, 561, 559, 555, 552, 549, 547, 545, 543, 541, 539, 537, 535, 533, 532, 531, 530, 502, 0, 355, 347, 345, 341, 339, 338, 339, 340, 342, 346, 358, 0, 0, 530, 532, 534, 535, 538, 540, 543, 546, 549, 553, 556, 559, 563, 566, 572, 581, 586, 592, 597, 604, 610, 615, 621, 627, 635]
[0, 574, 572, 569, 562, 561, 559, 553, 550, 548, 547, 546, 544, 541, 537, 537, 536, 533, 531, 530, 530, 502, 0, 358, 349, 343, 340, 339, 338, 339, 341, 344, 346, 358, 0, 534, 535, 537, 540, 542, 544, 546, 549, 553, 556, 558, 562, 566, 570, 574, 579, 584, 588, 594, 600, 606, 610, 616, 623, 638, 644]
[0, 590, 586, 582, 578, 574, 570, 567, 564, 562, 559, 557, 555, 553, 551, 549, 548, 547, 546, 544, 546, 502, 0, 0, 350, 344, 341, 339, 338, 338, 340, 342, 346, 358, 0, 535, 536, 537, 539, 541, 544, 546, 549, 552, 555, 558, 562, 565, 569, 575, 579, 584, 589, 594, 599, 605, 617, 623, 630, 637, 645]
[0, 594, 591, 587, 583, 580, 577, 572, 569, 566, 564, 562, 560, 558, 557, 554, 553, 552, 550, 549, 546, 502, 0, 0, 347, 344, 340, 338, 337, 339, 340, 345, 346, 358, 0, 0, 549, 551, 552, 555, 558, 559, 562, 565, 568, 572, 576, 585, 589, 593, 598, 603, 608, 613, 619, 625, 633, 640, 646, 652, 659]
[0, 595, 592, 589, 584, 580, 577, 574, 570, 567, 565, 562, 560, 559, 557, 555, 554, 552, 551, 549, 548, 502, 0, 351, 344, 342, 339, 337, 337, 338, 340, 342, 346, 358, 0, 0, 554, 556, 558, 560, 562, 565, 567, 570, 575, 578, 583, 587, 591, 595, 599, 603, 614, 613, 625, 632, 640, 646, 652, 659, 667]
[0, 604, 599, 595, 592, 589, 585, 582, 570, 575, 572, 562, 569, 567, 565, 563, 562, 560, 559, 559, 548, 502, 0, 0, 346, 342, 338, 337, 337, 337, 340, 343, 346, 358, 0, 0, 552, 557, 0, 561, 562, 565, 567, 573, 575, 581, 585, 588, 592, 597, 602, 607, 612, 618, 623, 630, 637, 644, 650, 657, 665]
[0, 604, 606, 603, 600, 596, 593, 589, 587, 584, 580, 577, 575, 572, 569, 563, 566, 564, 564, 563, 562, 502, 0, 351, 344, 341, 338, 337, 336, 337, 339, 341, 345, 358, 0, 0, 564, 566, 568, 570, 572, 576, 579, 581, 585, 589, 593, 596, 600, 605, 610, 614, 619, 631, 638, 644, 650, 657, 665, 672, 679]
[0, 608, 604, 600, 597, 593, 590, 587, 584, 581, 579, 576, 573, 571, 570, 568, 566, 565, 564, 562, 562, 502, 0, 0, 346, 340, 337, 336, 336, 337, 339, 342, 345, 358, 0, 0, 569, 571, 573, 576, 578, 581, 584, 587, 591, 595, 598, 603, 607, 611, 615, 620, 626, 632, 638, 645, 650, 657, 664, 679, 687]
[0, 608, 604, 600, 597, 593, 590, 587, 584, 581, 579, 576, 573, 571, 570, 568, 566, 565, 564, 563, 562, 502, 0, 0, 346, 342, 338, 337, 336, 337, 338, 340, 345, 358, 0, 0, 567, 571, 573, 575, 578, 580, 584, 586, 590, 593, 597, 601, 609, 611, 614, 619, 631, 637, 643, 649, 655, 661, 669, 676, 684]
[0, 609, 605, 602, 598, 595, 592, 589, 586, 582, 579, 577, 575, 572, 570, 568, 567, 565, 564, 562, 564, 502, 0, 0, 349, 343, 338, 336, 336, 337, 338, 341, 345, 358, 0, 0, 569, 570, 572, 575, 578, 581, 584, 587, 590, 594, 598, 601, 606, 610, 614, 619, 625, 631, 643, 649, 655, 662, 670, 677, 686]
[0, 627, 623, 619, 615, 611, 609, 605, 602, 600, 596, 595, 593, 591, 589, 587, 585, 584, 583, 581, 564, 502, 0, 0, 346, 343, 337, 336, 337, 338, 338, 343, 345, 358, 0, 0, 0, 570, 573, 574, 577, 583, 586, 587, 592, 596, 600, 605, 609, 613, 618, 623, 628, 635, 642, 648, 653, 661, 669, 676, 683]
[0, 628, 623, 623, 616, 611, 609, 605, 606, 603, 601, 595, 594, 592, 589, 588, 585, 586, 583, 584, 583, 502, 0, 351, 344, 341, 337, 335, 335, 335, 336, 339, 343, 358, 0, 0, 0, 590, 592, 594, 596, 599, 603, 607, 609, 613, 616, 620, 630, 635, 618, 647, 652, 658, 664, 670, 677, 685, 693, 701, 709]
[0, 634, 628, 623, 620, 616, 613, 610, 608, 605, 602, 598, 596, 595, 593, 591, 589, 587, 586, 585, 584, 502, 0, 351, 342, 340, 337, 335, 335, 335, 337, 341, 343, 358, 0, 0, 0, 591, 593, 596, 599, 601, 605, 608, 611, 615, 619, 623, 628, 633, 638, 643, 648, 654, 660, 666, 680, 685, 688, 704, 711]
[0, 633, 628, 624, 620, 616, 613, 610, 607, 604, 602, 598, 596, 594, 593, 592, 589, 587, 587, 586, 585, 502, 0, 0, 349, 342, 336, 335, 335, 335, 337, 340, 343, 358, 0, 0, 591, 593, 596, 598, 600, 603, 606, 610, 613, 616, 620, 625, 630, 635, 641, 645, 649, 654, 662, 669, 674, 682, 691, 705, 713]
[0, 644, 639, 635, 631, 627, 623, 620, 617, 614, 612, 609, 607, 605, 603, 601, 600, 598, 597, 596, 585, 502, 0, 0, 346, 338, 336, 335, 335, 335, 336, 341, 343, 358, 0, 0, 0, 594, 596, 598, 601, 604, 607, 610, 613, 617, 621, 625, 630, 635, 640, 646, 651, 656, 663, 669, 676, 684, 691, 706, 713]
[0, 654, 650, 647, 643, 639, 635, 633, 630, 627, 625, 622, 619, 617, 615, 613, 612, 610, 609, 608, 585, 502, 0, 0, 346, 340, 337, 335, 336, 336, 337, 339, 342, 358, 0, 0, 0, 603, 606, 608, 610, 614, 618, 623, 628, 617, 636, 640, 645, 650, 654, 660, 666, 671, 678, 685, 693, 701, 708, 716, 724]
[0, 660, 651, 647, 648, 645, 641, 633, 631, 627, 625, 625, 620, 618, 616, 613, 612, 611, 611, 610, 585, 502, 0, 0, 349, 410, 416, 418, 0, 418, 415, 339, 342, 358, 0, 0, 0, 616, 619, 622, 624, 628, 633, 637, 639, 643, 650, 655, 659, 664, 671, 676, 682, 688, 695, 703, 711, 717, 724, 733, 742]
[0, 659, 654, 650, 647, 643, 639, 636, 633, 630, 627, 624, 622, 619, 616, 615, 614, 612, 612, 611, 612, 502, 0, 0, 0, 412, 417, 419, 419, 417, 414, 339, 342, 358, 0, 0, 0, 619, 620, 623, 627, 630, 634, 637, 641, 645, 649, 653, 657, 662, 674, 676, 685, 692, 699, 706, 712, 719, 728, 736, 745]
[0, 664, 660, 655, 647, 651, 645, 643, 638, 630, 633, 632, 629, 626, 624, 615, 620, 612, 619, 617, 612, 502, 0, 354, 0, 406, 414, 417, 419, 419, 416, 412, 342, 358, 0, 0, 0, 620, 623, 625, 629, 633, 636, 639, 643, 647, 651, 655, 660, 665, 671, 676, 681, 688, 695, 702, 710, 715, 723, 732, 749]
[0, 666, 662, 658, 654, 650, 647, 644, 641, 639, 635, 632, 629, 627, 625, 622, 620, 620, 618, 618, 612, 502, 0, 0, 0, 0, 414, 0, 419, 417, 413, 412, 408, 0, 0, 0, 0, 628, 630, 632, 635, 640, 644, 646, 649, 653, 658, 662, 666, 671, 676, 683, 689, 695, 709, 702, 715, 731, 739, 747, 757]
[0, 673, 669, 665, 661, 658, 654, 651, 648, 645, 643, 640, 638, 635, 632, 630, 628, 627, 627, 625, 625, 502, 0, 0, 0, 0, 414, 0, 0, 418, 416, 411, 408, 0, 360, 0, 0, 628, 0, 634, 637, 641, 644, 647, 650, 654, 659, 664, 668, 673, 679, 685, 692, 699, 706, 712, 718, 726, 734, 742, 752]
[0, 673, 691, 682, 678, 674, 671, 651, 664, 645, 659, 657, 655, 652, 650, 648, 647, 646, 645, 643, 625, 502, 0, 0, 0, 0, 414, 0, 0, 418, 416, 412, 406, 0, 360, 0, 0, 634, 637, 640, 643, 647, 650, 653, 656, 660, 664, 668, 674, 679, 685, 691, 697, 703, 710, 716, 723, 731, 747, 756, 764]
[0, 695, 691, 686, 681, 677, 675, 672, 668, 666, 663, 660, 658, 656, 653, 652, 651, 650, 648, 647, 625, 502, 0, 0, 0, 0, 0, 0, 418, 418, 413, 412, 408, 0, 0, 0, 0, 653, 656, 659, 662, 665, 668, 671, 675, 679, 684, 689, 694, 706, 711, 716, 723, 730, 737, 745, 754, 762, 770, 778, 787]
[0, 695, 690, 686, 681, 677, 675, 672, 668, 666, 663, 660, 658, 656, 653, 652, 651, 649, 648, 647, 625, 502, 0, 0, 403, 409, 0, 0, 0, 416, 414, 410, 408, 0, 0, 0, 0, 658, 660, 663, 667, 669, 672, 677, 681, 685, 690, 696, 702, 706, 711, 718, 724, 731, 738, 744, 752, 760, 768, 786, 787]
[0, 696, 692, 687, 682, 678, 676, 672, 668, 666, 664, 661, 659, 656, 653, 652, 651, 650, 648, 647, 625, 502, 0, 0, 0, 409, 411, 0, 0, 417, 415, 410, 404, 0, 0, 0, 655, 658, 662, 664, 666, 669, 672, 676, 680, 685, 690, 696, 701, 705, 711, 717, 723, 730, 737, 743, 759, 766, 775, 785, 795]
[0, 695, 690, 687, 681, 679, 675, 672, 669, 666, 664, 662, 660, 657, 654, 653, 651, 650, 649, 648, 625, 502, 0, 0, 0, 409, 411, 0, 0, 416, 414, 410, 404, 0, 0, 0, 656, 658, 661, 663, 666, 669, 673, 677, 681, 686, 690, 696, 702, 707, 712, 717, 724, 731, 737, 744, 752, 769, 778, 786, 796]
[0, 713, 703, 687, 699, 695, 688, 684, 681, 678, 676, 674, 671, 669, 668, 665, 664, 663, 662, 661, 625, 502, 0, 0, 0, 409, 411, 0, 0, 416, 414, 410, 0, 0, 0, 0, 656, 658, 661, 663, 667, 670, 673, 677, 681, 686, 690, 696, 702, 707, 712, 717, 724, 731, 738, 744, 753, 761, 778, 786, 795]
[0, 716, 713, 709, 703, 699, 696, 692, 689, 686, 682, 681, 679, 676, 674, 673, 671, 669, 668, 666, 625, 502, 0, 0, 0, 411, 0, 0, 0, 416, 414, 409, 0, 0, 0, 0, 672, 672, 674, 679, 682, 686, 689, 694, 699, 703, 708, 712, 717, 722, 728, 735, 741, 748, 756, 764, 770, 779, 789, 807, 815]
[0, 731, 725, 720, 716, 713, 709, 705, 703, 700, 697, 693, 691, 690, 687, 685, 683, 682, 681, 680, 625, 502, 0, 399, 0, 409, 0, 416, 0, 416, 414, 410, 0, 0, 0, 0, 678, 680, 681, 684, 687, 691, 696, 700, 704, 709, 713, 717, 722, 728, 734, 741, 747, 755, 762, 776, 785, 795, 804, 813, 822]
[0, 734, 728, 723, 719, 715, 712, 709, 705, 703, 699, 696, 694, 690, 687, 688, 687, 683, 681, 680, 625, 502, 0, 392, 401, 411, 414, 416, 416, 415, 414, 413, 0, 0, 0, 0, 691, 693, 696, 699, 701, 705, 712, 716, 721, 726, 731, 736, 742, 749, 754, 761, 768, 775, 783, 790, 798, 808, 816, 825, 833]
[0, 741, 736, 731, 727, 722, 718, 715, 711, 709, 708, 706, 704, 702, 700, 697, 695, 694, 693, 692, 691, 502, 0, 398, 401, 407, 412, 416, 417, 416, 414, 413, 0, 0, 0, 0, 691, 694, 696, 699, 702, 705, 709, 713, 717, 722, 727, 737, 743, 750, 756, 762, 770, 776, 783, 792, 800, 808, 816, 826, 834]
[0, 747, 741, 736, 731, 728, 724, 719, 716, 713, 710, 707, 705, 704, 702, 700, 698, 697, 696, 695, 693, 502, 0, 0, 405, 410, 0, 415, 417, 416, 414, 410, 405, 0, 702, 702, 705, 707, 710, 714, 717, 720, 725, 730, 735, 740, 745, 750, 756, 761, 768, 775, 782, 789, 797, 804, 812, 821, 829, 838, 859]
[0, 747, 741, 736, 731, 727, 723, 719, 715, 713, 711, 708, 705, 704, 700, 700, 698, 697, 695, 695, 693, 502, 0, 0, 403, 409, 0, 416, 416, 416, 414, 411, 407, 0, 0, 702, 705, 707, 709, 712, 715, 719, 723, 728, 733, 738, 744, 749, 755, 761, 767, 774, 781, 788, 796, 804, 820, 827, 834, 845, 858]
[0, 748, 742, 737, 733, 728, 723, 719, 716, 713, 708, 708, 704, 704, 702, 698, 697, 696, 695, 695, 694, 692, 0, 0, 403, 409, 413, 415, 416, 416, 414, 411, 406, 0, 0, 703, 706, 707, 710, 712, 716, 720, 724, 729, 734, 739, 744, 749, 755, 761, 767, 774, 782, 789, 796, 804, 812, 821, 829, 848, 859]
[0, 766, 762, 757, 751, 747, 743, 738, 736, 734, 732, 729, 726, 724, 721, 719, 718, 717, 716, 714, 713, 713, 713, 0, 403, 409, 413, 415, 416, 416, 414, 411, 407, 0, 0, 703, 706, 707, 710, 712, 716, 720, 723, 728, 733, 738, 744, 749, 755, 761, 767, 774, 781, 788, 796, 804, 812, 828, 829, 846, 859]
[0, 779, 773, 767, 764, 760, 756, 752, 749, 746, 743, 740, 737, 735, 733, 732, 730, 729, 727, 726, 724, 724, 723, 0, 0, 411, 414, 416, 417, 416, 415, 0, 407, 722, 726, 728, 731, 734, 737, 742, 746, 751, 756, 761, 766, 770, 776, 781, 787, 794, 802, 809, 817, 825, 832, 840, 848, 857, 866, 874, 884]
[0, 791, 785, 780, 769, 765, 761, 758, 755, 752, 749, 746, 744, 741, 738, 736, 736, 735, 733, 732, 731, 731, 723, 723, 0, 411, 0, 416, 418, 418, 0, 729, 731, 732, 734, 736, 739, 741, 744, 748, 752, 757, 761, 765, 769, 774, 780, 787, 793, 806, 813, 809, 828, 835, 842, 852, 862, 870, 878, 888, 898]
[0, 790, 785, 779, 773, 769, 765, 762, 759, 756, 752, 748, 746, 744, 741, 739, 736, 735, 734, 732, 731, 731, 730, 731, 730, 411, 0, 731, 732, 732, 733, 736, 738, 740, 741, 743, 746, 749, 753, 757, 761, 765, 769, 774, 779, 784, 791, 797, 803, 808, 814, 822, 829, 835, 844, 853, 862, 872, 879, 896, 908]
[0, 797, 790, 786, 780, 775, 771, 768, 765, 762, 760, 757, 754, 751, 748, 746, 744, 744, 742, 741, 739, 739, 738, 731, 731, 411, 0, 731, 731, 732, 734, 736, 738, 740, 742, 744, 747, 750, 754, 758, 762, 765, 769, 775, 779, 785, 792, 798, 805, 811, 818, 825, 831, 838, 846, 857, 866, 874, 881, 889, 899]
[0, 811, 790, 805, 800, 796, 792, 787, 784, 780, 774, 771, 754, 768, 748, 763, 762, 761, 761, 760, 759, 758, 738, 737, 737, 738, 739, 739, 740, 741, 742, 744, 745, 747, 750, 751, 754, 757, 760, 763, 768, 772, 776, 781, 791, 785, 803, 798, 815, 811, 828, 835, 842, 853, 861, 868, 876, 885, 893, 904, 915]
[0, 826, 820, 814, 810, 805, 803, 800, 795, 791, 786, 784, 782, 779, 777, 776, 774, 772, 771, 770, 768, 768, 767, 756, 756, 756, 758, 759, 759, 760, 762, 763, 765, 766, 768, 771, 773, 775, 780, 784, 789, 794, 799, 805, 811, 815, 820, 826, 831, 838, 846, 854, 862, 869, 877, 884, 893, 902, 912, 923, 934]
[0, 827, 820, 814, 810, 805, 803, 800, 795, 790, 787, 785, 782, 780, 776, 776, 774, 772, 771, 769, 768, 768, 767, 765, 765, 766, 768, 768, 759, 769, 771, 773, 776, 779, 780, 781, 784, 789, 792, 796, 800, 806, 811, 815, 821, 827, 833, 837, 842, 851, 860, 867, 872, 879, 888, 898, 907, 916, 926, 936, 946]
[0, 843, 837, 832, 827, 823, 819, 814, 811, 808, 804, 801, 799, 796, 793, 790, 788, 787, 771, 785, 784, 783, 767, 766, 766, 767, 768, 768, 769, 770, 771, 773, 775, 778, 780, 781, 784, 788, 792, 796, 800, 806, 811, 815, 821, 827, 831, 836, 843, 852, 859, 866, 872, 879, 887, 895, 905, 915, 926, 936, 946]
[0, 843, 836, 826, 827, 818, 819, 812, 809, 805, 802, 801, 799, 796, 791, 790, 788, 787, 786, 785, 785, 784, 782, 781, 782, 783, 784, 785, 786, 788, 788, 791, 794, 796, 799, 801, 804, 807, 811, 814, 819, 823, 827, 831, 836, 843, 849, 855, 863, 869, 876, 883, 890, 898, 907, 916, 926, 936, 943, 964, 978]
[0, 840, 832, 828, 824, 819, 815, 813, 810, 807, 803, 801, 797, 795, 793, 791, 789, 787, 787, 787, 786, 786, 782, 782, 782, 783, 785, 785, 786, 788, 789, 790, 792, 795, 799, 800, 803, 807, 811, 814, 819, 823, 827, 831, 836, 842, 849, 855, 863, 869, 876, 883, 890, 898, 907, 916, 926, 936, 943, 952, 964]
[0, 856, 842, 837, 833, 829, 825, 813, 820, 816, 813, 811, 808, 807, 804, 802, 800, 799, 798, 797, 796, 795, 786, 784, 783, 784, 785, 785, 787, 788, 790, 791, 794, 797, 799, 801, 804, 808, 811, 814, 818, 823, 828, 832, 836, 843, 850, 857, 864, 870, 876, 883, 890, 898, 907, 916, 927, 936, 943, 964, 979]
[0, 873, 868, 862, 857, 852, 847, 838, 820, 835, 830, 811, 828, 825, 823, 820, 800, 817, 815, 797, 814, 813, 794, 794, 794, 795, 796, 798, 798, 799, 801, 803, 805, 808, 811, 813, 816, 820, 823, 826, 829, 834, 839, 845, 850, 857, 863, 869, 874, 881, 888, 896, 903, 911, 921, 931, 940, 948, 957, 968, 981]
[0, 872, 865, 860, 855, 850, 844, 839, 837, 834, 832, 829, 827, 825, 823, 822, 820, 818, 816, 815, 814, 814, 814, 794, 813, 813, 813, 814, 817, 818, 821, 822, 825, 827, 829, 831, 833, 836, 840, 845, 851, 855, 860, 866, 871, 876, 881, 887, 893, 901, 910, 919, 928, 936, 943, 951, 962, 973, 986, 997, 1007]
[0, 882, 878, 872, 867, 864, 860, 856, 852, 848, 844, 841, 839, 835, 834, 833, 831, 829, 828, 828, 827, 826, 826, 814, 814, 815, 815, 815, 816, 818, 819, 822, 824, 826, 828, 830, 833, 836, 839, 848, 851, 859, 864, 868, 874, 880, 886, 891, 896, 905, 915, 924, 932, 941, 948, 956, 965, 977, 990, 1000, 1012]
[0, 882, 893, 872, 887, 882, 874, 856, 872, 867, 844, 865, 859, 857, 854, 833, 850, 849, 847, 828, 845, 847, 826, 827, 827, 827, 827, 827, 828, 830, 831, 833, 836, 826, 841, 830, 849, 854, 858, 862, 867, 871, 875, 881, 885, 891, 897, 904, 911, 919, 927, 936, 945, 953, 961, 972, 983, 993, 1004, 1016, 1029]
[0, 900, 895, 890, 884, 880, 877, 873, 871, 869, 866, 863, 860, 856, 854, 852, 851, 849, 848, 847, 846, 846, 846, 847, 847, 847, 847, 848, 850, 853, 856, 858, 861, 862, 865, 868, 870, 873, 877, 882, 888, 891, 896, 902, 907, 913, 921, 928, 934, 940, 948, 957, 967, 977, 988, 996, 1005, 1017, 1029, 1039, 1051]
[0, 900, 895, 890, 884, 881, 877, 873, 871, 869, 866, 863, 860, 857, 855, 852, 851, 850, 849, 848, 847, 847, 846, 846, 846, 847, 848, 849, 850, 851, 854, 856, 857, 861, 864, 867, 869, 872, 876, 881, 885, 889, 894, 898, 903, 909, 918, 924, 931, 939, 945, 961, 972, 984, 993, 1002, 1012, 1022, 1034, 1047, 1060]
[0, 932, 926, 921, 916, 911, 906, 902, 899, 896, 893, 891, 888, 887, 885, 884, 882, 882, 881, 880, 880, 879, 879, 848, 848, 847, 848, 849, 852, 853, 855, 856, 858, 861, 864, 867, 870, 872, 877, 881, 885, 889, 894, 900, 907, 913, 919, 926, 933, 940, 945, 953, 962, 986, 993, 1003, 1014, 1024, 1035, 1048, 1063]
[0, 935, 929, 922, 919, 914, 909, 904, 900, 897, 894, 893, 891, 887, 886, 884, 883, 882, 881, 880, 880, 879, 879, 880, 881, 882, 882, 883, 883, 885, 887, 889, 891, 894, 896, 900, 904, 907, 912, 918, 924, 930, 935, 939, 950, 913, 956, 969, 980, 988, 995, 1005, 1015, 1023, 1033, 1046, 1058, 1069, 1081, 1094, 1109]
[0, 966, 958, 952, 948, 944, 940, 936, 932, 929, 925, 921, 919, 915, 886, 912, 911, 909, 909, 909, 908, 908, 879, 880, 881, 882, 882, 883, 884, 885, 887, 889, 891, 893, 896, 900, 904, 907, 913, 918, 924, 930, 935, 939, 944, 951, 957, 963, 970, 979, 988, 1005, 1015, 1024, 1034, 1047, 1059, 1071, 1083, 1096, 1111]
[0, 963, 957, 951, 946, 942, 939, 936, 932, 928, 924, 922, 920, 916, 915, 914, 913, 911, 909, 910, 910, 909, 909, 909, 909, 910, 911, 913, 914, 916, 916, 918, 921, 924, 927, 931, 935, 938, 943, 947, 952, 957, 962, 970, 977, 984, 992, 999, 1005, 1014, 1023, 1031, 1040, 1050, 1061, 1071, 1082, 1094, 1124, 1139, 1153]
[0, 972, 965, 959, 954, 950, 947, 944, 941, 939, 934, 931, 930, 927, 924, 923, 923, 922, 920, 919, 919, 920, 909, 909, 910, 911, 912, 913, 916, 918, 919, 920, 923, 929, 933, 931, 940, 944, 949, 954, 958, 964, 972, 982, 990, 994, 1000, 1008, 1017, 1026, 1035, 1046, 1055, 1066, 1076, 1088, 1101, 1114, 1128, 1142, 1158]
[0, 979, 971, 965, 960, 955, 951, 949, 946, 943, 940, 937, 935, 934, 932, 930, 929, 929, 927, 926, 927, 928, 927, 920, 921, 922, 922, 924, 927, 928, 930, 932, 933, 935, 938, 941, 944, 948, 953, 957, 962, 966, 973, 982, 989, 995, 1008, 1015, 1023, 1032, 1041, 1051, 1061, 1071, 1081, 1093, 1103, 1116, 1133, 1148, 1161]
[0, 1028, 1021, 1017, 1011, 1005, 1001, 998, 995, 992, 988, 986, 984, 981, 979, 975, 972, 971, 971, 972, 973, 972, 927, 929, 930, 931, 932, 934, 935, 937, 940, 941, 944, 947, 950, 954, 958, 963, 968, 974, 982, 988, 994, 1000, 1007, 1014, 1020, 1027, 1037, 1046, 1055, 1065, 1075, 1084, 1096, 1108, 1123, 1138, 1152, 1165, 1178]
[0, 1042, 1035, 1030, 1025, 1020, 1015, 1010, 1005, 1002, 1001, 999, 997, 996, 993, 992, 990, 989, 989, 987, 988, 989, 973, 974, 975, 975, 976, 977, 979, 982, 984, 986, 988, 991, 995, 998, 1001, 1004, 1009, 1015, 1021, 1026, 1033, 1040, 1045, 1052, 1069, 1078, 1086, 1094, 1105, 1116, 1126, 1140, 1153, 1163, 1176, 1190, 1202, 1218, 1234]
[0, 1042, 1035, 1029, 1024, 1021, 1015, 1010, 1006, 1003, 1002, 999, 997, 996, 993, 992, 990, 989, 989, 988, 989, 988, 989, 989, 990, 990, 991, 992, 993, 995, 997, 999, 1001, 1004, 1008, 1012, 1016, 1020, 1024, 1030, 1036, 1041, 1047, 1055, 1062, 1070, 1077, 1085, 1093, 1103, 1112, 1123, 1135, 1158, 1169, 1181, 1194, 1207, 1221, 1237, 1253]
[0, 1049, 1041, 1033, 1029, 1023, 1018, 1013, 1010, 1006, 1002, 1001, 999, 996, 995, 993, 990, 989, 990, 990, 990, 990, 990, 990, 991, 991, 991, 992, 994, 996, 998, 999, 1001, 1005, 1009, 1013, 1018, 1022, 1025, 1030, 1037, 1042, 1049, 1057, 1064, 1074, 1079, 1084, 1095, 1104, 1115, 1125, 1137, 1148, 1159, 1182, 1195, 1208, 1222, 1237, 1254]
[0, 1062, 1056, 1049, 1041, 1038, 1031, 1026, 1023, 1019, 1017, 1015, 1012, 1011, 1008, 1007, 1005, 1003, 1004, 1005, 1004, 1003, 990, 992, 991, 992, 993, 992, 996, 999, 1001, 1002, 1003, 1007, 1013, 1017, 1020, 1024, 1029, 1036, 1041, 1047, 1054, 1060, 1066, 1073, 1081, 1090, 1099, 1109, 1119, 1129, 1142, 1155, 1166, 1177, 1190, 1202, 1215, 1230, 1248]
[0, 1092, 1087, 1080, 1074, 1069, 1065, 1059, 1055, 1051, 1046, 1043, 1041, 1039, 1037, 1035, 1035, 1034, 1034, 1034, 1034, 1034, 1003, 1003, 1004, 1005, 1006, 1007, 1009, 1012, 1014, 1015, 1018, 1022, 1026, 1029, 1033, 1038, 1042, 1046, 1054, 1060, 1066, 1075, 1082, 1087, 1096, 1105, 1124, 1135, 1146, 1157, 1167, 1179, 1192, 1204, 1217, 1231, 1244, 1259, 1277]
[0, 1092, 1086, 1081, 1075, 1069, 1064, 1060, 1056, 1052, 1047, 1044, 1042, 1040, 1039, 1036, 1035, 1036, 1035, 1035, 1034, 1034, 1036, 1035, 1035, 1036, 1037, 1038, 1040, 1042, 1044, 1046, 1050, 1055, 1059, 1061, 1066, 1076, 1042, 1087, 1092, 1098, 1106, 1114, 1122, 1129, 1138, 1149, 1160, 1167, 1177, 1189, 1203, 1216, 1227, 1239, 1253, 1267, 1284, 1301, 1277]
[0, 1119, 1112, 1106, 1100, 1095, 1090, 1084, 1080, 1078, 1075, 1071, 1069, 1067, 1065, 1064, 1062, 1062, 1061, 1061, 1061, 1062, 1062, 1037, 1037, 1037, 1038, 1038, 1041, 1043, 1044, 1050, 1055, 1058, 1061, 1064, 1070, 1076, 1080, 1085, 1091, 1098, 1106, 1113, 1121, 1130, 1139, 1148, 1157, 1167, 1177, 1188, 1200, 1211, 1223, 1237, 1249, 1262, 1278, 1298, 1277]
[0, 1163, 1155, 1148, 1143, 1136, 1130, 1125, 1121, 1118, 1114, 1111, 1108, 1106, 1105, 1104, 1102, 1101, 1102, 1100, 1100, 1103, 1062, 1063, 1037, 1065, 1067, 1069, 1069, 1071, 1077, 1080, 1082, 1085, 1091, 1094, 1099, 1104, 1111, 1119, 1126, 1132, 1138, 1146, 1154, 1162, 1168, 1177, 1186, 1198, 1210, 1222, 1235, 1250, 1263, 1274, 1291, 1307, 1278, 1329, 1358]
[0, 1163, 1157, 1151, 1144, 1138, 1131, 1126, 1122, 1117, 1114, 1111, 1108, 1107, 1104, 1103, 1104, 1103, 1102, 1101, 1101, 1103, 1103, 1104, 1106, 1109, 1110, 1112, 1115, 1116, 1119, 1124, 1128, 1132, 1137, 1143, 1149, 1156, 1161, 1166, 1171, 1177, 1183, 1192, 1201, 1210, 1221, 1230, 1239, 1254, 1267, 1278, 1288, 1305, 1263, 1332, 1352, 1368, 1392, 1408, 1418]
[0, 1164, 1157, 1151, 1145, 1139, 1133, 1125, 1120, 1118, 1114, 1112, 1109, 1107, 1105, 1104, 1105, 1104, 1101, 1099, 1099, 1102, 1103, 1103, 1107, 1110, 1112, 1113, 1115, 1118, 1121, 1125, 1129, 1130, 1132, 1137, 1142, 1149, 1156, 1161, 1167, 1172, 1178, 1197, 1204, 1212, 1223, 1232, 1243, 1256, 1275, 1284, 1288, 1309, 1333, 1344, 1356, 1375, 1391, 1404, 1420]
[0, 1164, 1160, 1153, 1145, 1139, 1134, 1129, 1124, 1120, 1116, 1112, 1110, 1107, 1106, 1105, 1105, 1104, 1102, 1103, 1102, 1102, 1104, 1104, 1107, 1110, 1111, 1113, 1115, 1117, 1120, 1124, 1130, 1134, 1136, 1141, 1149, 1155, 1161, 1166, 1170, 1176, 1182, 1190, 1198, 1208, 1220, 1230, 1240, 1252, 1265, 1278, 1288, 1305, 1333, 1331, 1351, 1368, 1388, 1405, 1418]
[0, 1194, 1188, 1181, 1174, 1169, 1165, 1162, 1158, 1155, 1151, 1144, 1144, 1145, 1141, 1139, 1140, 1141, 1141, 1139, 1138, 1139, 1104, 1105, 1107, 1112, 1114, 1116, 1118, 1120, 1123, 1126, 1129, 1133, 1136, 1140, 1146, 1154, 1160, 1163, 1168, 1175, 1183, 1190, 1198, 1209, 1219, 1227, 1239, 1251, 1264, 1278, 1291, 1306, 1321, 1334, 1346, 1363, 1387, 1404, 1416]
[0, 1200, 1193, 1186, 1180, 1175, 1169, 1164, 1161, 1158, 1155, 1146, 1145, 1145, 1141, 1141, 1142, 1142, 1140, 1140, 1140, 1142, 1141, 1142, 1144, 1145, 1146, 1149, 1151, 1153, 1156, 1161, 1164, 1166, 1168, 1173, 1178, 1183, 1192, 1206, 1214, 1218, 1226, 1233, 1244, 1255, 1263, 1273, 1283, 1302, 1316, 1330, 1347, 1359, 1371, 1388, 1406, 1424, 1387, 1453, 1481]
[0, 1233, 1225, 1216, 1207, 1203, 1197, 1193, 1189, 1185, 1182, 1179, 1178, 1176, 1174, 1173, 1172, 1171, 1172, 1172, 1172, 1173, 1143, 1143, 1144, 1145, 1147, 1149, 1152, 1156, 1160, 1162, 1165, 1168, 1172, 1176, 1181, 1186, 1199, 1212, 1212, 1216, 1229, 1241, 1246, 1256, 1266, 1275, 1288, 1296, 1306, 1320, 1334, 1349, 1361, 1376, 1394, 1410, 1429, 1467, 1485]
[0, 1233, 1226, 1218, 1210, 1206, 1200, 1194, 1190, 1186, 1184, 1180, 1178, 1178, 1176, 1175, 1175, 1174, 1173, 1173, 1174, 1175, 1174, 1176, 1177, 1177, 1178, 1180, 1185, 1190, 1191, 1193, 1197, 1202, 1211, 1216, 1220, 1230, 1242, 1249, 1254, 1256, 1265, 1277, 1282, 1291, 1300, 1309, 1325, 1340, 1349, 1357, 1383, 1398, 1415, 1432, 1451, 1469, 1489, 1506, 1507]
[0, 1236, 1228, 1219, 1211, 1206, 1201, 1196, 1192, 1187, 1185, 1182, 1179, 1178, 1175, 1173, 1173, 1174, 1173, 1172, 1173, 1174, 1176, 1176, 1177, 1177, 1180, 1183, 1185, 1188, 1191, 1194, 1197, 1201, 1206, 1218, 1226, 1230, 1245, 1254, 1257, 1263, 1277, 1285, 1292, 1299, 1307, 1321, 1336, 1346, 1356, 1366, 1379, 1393, 1409, 1428, 1446, 1465, 1486, 1499, 1506]
[0, 1233, 1228, 1216, 1211, 1201, 1197, 1194, 1189, 1185, 1182, 1180, 1178, 1176, 1174, 1173, 1172, 1172, 1172, 1172, 1173, 1175, 1173, 1176, 1177, 1180, 1183, 1182, 1184, 1189, 1193, 1195, 1198, 1201, 1220, 1228, 1230, 1238, 1244, 1253, 1257, 1263, 1276, 1284, 1287, 1294, 1307, 1319, 1334, 1346, 1355, 1365, 1379, 1393, 1409, 1426, 1444, 1463, 1480, 1494, 1505]
[0, 1300, 1292, 1285, 1279, 1274, 1268, 1263, 1260, 1256, 1252, 1250, 1249, 1248, 1249, 1248, 1248, 1251, 1252, 1249, 1246, 1245, 1177, 1177, 1176, 1179, 1181, 1183, 1188, 1192, 1195, 1197, 1199, 1202, 1212, 1221, 1225, 1233, 1241, 1246, 1251, 1258, 1265, 1276, 1285, 1294, 1304, 1313, 1328, 1343, 1353, 1361, 1372, 1388, 1402, 1417, 1444, 1447, 1474, 1488, 1501]
[0, 1324, 1310, 1304, 1297, 1291, 1284, 1280, 1276, 1273, 1268, 1264, 1264, 1262, 1262, 1263, 1262, 1260, 1259, 1263, 1268, 1267, 1244, 1247, 1248, 1251, 1256, 1261, 1263, 1262, 1265, 1269, 1271, 1273, 1277, 1283, 1288, 1293, 1299, 1306, 1316, 1321, 1320, 1324, 1333, 1340, 1345, 1360, 1369, 1376, 1384, 1394, 1405, 1415, 1425, 1436, 1450, 1468, 1481, 1493, 1506]
[0, 1330, 1316, 1308, 1300, 1295, 1290, 1284, 1279, 1270, 1267, 1264, 1266, 1262, 1265, 1262, 1259, 1257, 1258, 1264, 1269, 1266, 1263, 1262, 1262, 1265, 1270, 1272, 1273, 1274, 1277, 1282, 1284, 1288, 1293, 1297, 1298, 1301, 1299, 1306, 1312, 1320, 1325, 1331, 1338, 1344, 1351, 1358, 1368, 1378, 1386, 1393, 1400, 1412, 1424, 1437, 1450, 1464, 1480, 1493, 1504]
[0, 1377, 1372, 1367, 1357, 1349, 1347, 1344, 1339, 1335, 1329, 1326, 1324, 1323, 1322, 1319, 1317, 1315, 1314, 1313, 1309, 1301, 1260, 1261, 1264, 1268, 1270, 1272, 1274, 1276, 1278, 1282, 1285, 1289, 1294, 1298, 1299, 1299, 1304, 1310, 1314, 1317, 1321, 1328, 1336, 1343, 1348, 1353, 1362, 1370, 1378, 1387, 1396, 1406, 1417, 1429, 1440, 1453, 1483, 1493, 1497]
[0, 1391, 1382, 1375, 1370, 1365, 1359, 1355, 1352, 1347, 1343, 1340, 1335, 1332, 1331, 1327, 1322, 1319, 1320, 1315, 1306, 1302, 1298, 1296, 1293, 1292, 1290, 1288, 1287, 1286, 1287, 1289, 1291, 1292, 1293, 1298, 1299, 1299, 1304, 1307, 1311, 1316, 1318, 1325, 1332, 1336, 1345, 1353, 1360, 1369, 1377, 1386, 1395, 1402, 1414, 1426, 1453, 1468, 1482, 1496, 1507]
[0, 1423, 1414, 1401, 1391, 0, 1387, 1377, 1369, 1365, 1360, 1355, 1350, 1340, 1331, 1326, 1321, 1315, 1312, 1308, 1303, 1300, 1301, 1300, 1296, 1293, 1292, 1290, 1289, 1287, 1285, 1287, 1290, 1292, 1294, 1296, 1299, 1301, 1305, 1311, 1313, 1316, 1322, 1328, 1335, 1342, 1348, 1356, 1367, 1375, 1380, 1389, 1399, 1409, 1421, 1431, 1440, 1457, 1476, 1492, 1503]
[0, 1418, 1406, 1397, 1392, 1388, 1382, 1375, 1372, 1368, 1363, 1357, 1352, 1347, 1341, 1331, 1323, 1319, 1314, 1310, 1306, 1302, 1297, 1294, 1293, 1290, 1288, 1287, 1285, 1285, 1285, 1288, 1291, 1291, 1292, 1295, 1299, 1301, 1303, 1307, 1312, 1315, 1320, 1326, 1334, 1341, 1347, 1354, 1363, 1370, 1377, 1385, 1394, 1403, 1413, 1427, 1439, 1452, 1465, 1483, 1500]
[0, 1466, 1461, 1447, 1426, 1414, 1405, 1395, 1384, 1376, 1367, 1358, 1352, 1346, 1340, 1331, 1322, 1319, 1314, 1310, 1306, 1302, 1298, 1294, 1294, 1294, 1292, 1290, 1287, 1285, 1287, 1286, 1286, 1289, 1292, 1296, 1297, 1298, 1300, 1305, 1314, 1317, 1324, 1329, 1334, 1341, 1350, 1357, 1366, 1376, 1382, 1389, 1399, 1411, 1422, 1433, 1443, 1457, 1476, 1493, 1504]
[0, 1466, 1461, 1449, 1433, 1418, 1406, 1397, 1386, 1373, 1367, 1360, 1352, 1346, 1337, 1328, 1323, 1318, 1314, 1309, 1305, 1301, 1298, 1294, 1294, 1293, 1291, 1287, 1285, 1286, 1286, 1286, 1285, 1288, 1292, 1295, 1298, 1298, 1305, 1307, 1314, 1317, 1321, 1326, 1334, 1341, 1349, 1356, 1363, 1372, 1381, 1389, 1399, 1408, 1419, 1432, 1443, 1456, 1475, 1489, 1500]
[0, 1463, 1447, 1432, 1422, 1410, 1400, 1391, 1380, 1370, 1362, 1355, 1348, 1341, 1335, 1328, 1320, 1313, 1311, 1308, 1303, 1300, 1296, 1293, 1293, 1292, 1291, 1289, 1288, 1288, 1286, 1286, 1287, 1289, 1293, 1295, 1298, 1301, 1301, 1303, 1310, 1316, 1321, 1328, 1335, 1340, 1347, 1353, 1361, 1368, 1377, 1389, 1399, 1408, 1416, 1426, 1441, 1453, 1469, 1488, 1500]
[0, 1465, 1447, 1433, 1422, 1411, 1400, 1390, 1380, 1372, 1364, 1356, 1348, 1339, 1333, 1325, 1318, 1313, 1311, 1307, 1302, 1299, 1297, 1295, 1290, 1289, 1289, 1287, 1287, 1286, 1286, 1287, 1287, 1286, 1289, 1291, 1293, 1298, 1302, 1302, 1304, 1312, 1318, 1321, 1327, 1335, 1341, 1347, 1356, 1366, 1374, 1381, 1390, 1409, 1420, 1434, 1448, 1459, 1476, 1494, 1505]
[0, 1471, 1455, 1437, 1426, 1417, 1405, 1396, 1385, 1373, 1364, 1358, 1350, 1341, 1334, 1328, 1322, 1315, 1311, 1308, 1304, 1301, 1296, 1295, 1291, 1289, 1287, 1286, 1285, 1284, 1285, 1286, 1287, 1287, 1289, 1292, 1294, 1296, 1299, 1303, 1306, 1311, 1317, 1320, 1327, 1335, 1342, 1347, 1356, 1365, 1373, 1391, 1401, 1411, 1422, 1433, 1446, 1460, 1477, 1493, 1502]
[0, 1463, 1447, 1433, 1422, 1411, 1400, 1390, 1380, 1371, 1363, 1356, 1348, 1339, 1333, 1325, 1317, 1312, 1308, 1305, 1302, 1299, 1296, 1292, 1292, 1291, 1287, 1286, 1287, 1287, 1286, 1286, 1287, 1288, 1292, 1294, 1297, 1300, 1300, 1303, 1309, 1315, 1320, 1326, 1329, 1336, 1344, 1348, 1358, 1367, 1376, 1388, 1398, 1407, 1415, 1426, 1441, 1452, 1467, 1482, 1497]
[0, 1471, 1454, 1437, 1426, 1417, 1405, 1395, 1385, 1373, 1367, 1359, 1350, 1341, 1334, 1328, 1322, 1315, 1311, 1308, 1303, 1300, 1297, 1292, 1289, 1288, 1285, 1285, 1285, 1283, 1284, 1283, 1283, 1286, 1289, 1291, 1294, 1297, 1299, 1303, 1305, 1310, 1313, 1323, 1330, 1338, 1346, 1352, 1359, 1368, 1375, 1386, 1397, 1406, 1417, 1427, 1439, 1452, 1468, 1485, 1499]
[0, 1470, 1455, 1438, 1425, 1416, 1404, 1393, 1384, 1375, 1366, 1358, 1350, 1345, 1336, 1329, 1323, 1316, 1308, 1304, 1303, 1301, 1297, 1293, 1292, 1290, 1287, 1284, 1285, 1286, 1285, 1283, 1286, 1288, 1291, 1293, 1296, 1298, 1300, 1303, 1309, 1311, 1316, 1322, 1326, 1333, 1341, 1350, 1356, 1364, 1373, 1381, 1392, 1403, 1415, 1426, 1437, 1448, 1464, 1478, 1492]
[0, 1473, 1457, 1444, 1429, 1416, 1405, 1393, 1377, 1366, 1360, 1358, 1343, 1337, 1330, 1325, 1320, 1315, 1309, 1304, 1301, 1299, 1295, 1290, 1286, 1286, 1287, 1284, 1282, 1282, 1282, 1284, 1285, 1288, 1291, 1291, 1291, 1295, 1300, 1305, 1310, 1312, 1316, 1321, 1325, 1333, 1340, 1348, 1355, 1365, 1374, 1382, 1392, 1401, 1413, 1426, 1435, 1447, 1464, 1478, 1491]
[0, 1463, 1447, 1434, 1421, 1410, 1399, 1389, 1379, 1370, 1364, 1357, 1348, 1340, 1334, 1327, 1319, 1315, 1311, 1307, 1303, 1299, 1296, 1293, 1292, 1288, 1287, 1287, 1284, 1284, 1284, 1284, 1285, 1287, 1292, 1293, 1294, 1296, 1301, 1304, 1305, 1311, 1319, 1321, 1325, 1333, 1340, 1345, 1354, 1364, 1374, 1381, 1388, 1400, 1409, 1420, 1435, 1447, 1458, 1491, 1491]
[0, 1464, 1450, 1436, 1422, 1410, 1400, 1394, 1384, 1373, 1363, 1356, 1351, 1342, 1333, 1327, 1322, 1316, 1311, 1307, 1303, 1299, 1294, 1290, 1288, 1288, 1289, 1288, 1286, 1284, 1284, 1283, 1283, 1287, 1289, 1290, 1290, 1293, 1300, 1301, 1307, 1311, 1311, 1317, 1330, 1338, 1342, 1349, 1359, 1368, 1375, 1386, 1396, 1405, 1416, 1426, 1439, 1452, 1467, 1485, 1498]
[0, 1463, 1449, 1435, 1422, 1410, 1400, 1390, 1380, 1372, 1362, 1355, 1347, 1339, 1332, 1327, 1322, 1315, 1311, 1308, 1304, 1300, 1296, 1292, 1291, 1289, 1286, 1285, 1286, 1285, 1284, 1285, 1286, 1285, 1288, 1291, 1294, 1297, 1299, 1302, 1305, 1308, 1313, 1318, 1326, 1333, 1341, 1350, 1360, 1368, 1377, 1389, 1402, 1415, 1429, 1443, 1458, 1471, 1485, 1499, 1507]
[0, 1462, 1449, 1435, 1421, 1409, 1399, 1390, 1380, 1371, 1362, 1352, 1344, 1339, 1332, 1326, 1321, 1315, 1311, 1307, 1300, 1296, 1296, 1293, 1290, 1288, 1286, 1284, 1282, 1282, 1284, 1284, 1285, 1286, 1288, 1291, 1292, 1297, 1299, 1303, 1306, 1312, 1320, 1326, 1336, 1347, 1355, 1362, 1372, 1384, 1396, 1406, 1415, 1423, 1433, 1445, 1457, 1470, 1485, 1503, 1508]
[0, 1461, 1447, 1433, 1421, 1410, 1398, 1388, 1378, 1369, 1362, 1353, 1344, 1339, 1333, 1326, 1319, 1312, 1308, 1304, 1298, 1293, 1295, 1292, 1289, 1287, 1285, 1283, 1281, 1282, 1282, 1282, 1284, 1283, 1285, 1289, 1289, 1293, 1299, 1306, 1316, 1323, 1331, 1337, 1341, 1348, 1355, 1363, 1373, 1385, 1396, 1405, 1416, 1424, 1435, 1449, 1459, 1470, 1485, 1502, 1508]
[0, 1455, 1443, 1429, 1421, 1405, 1393, 1385, 1375, 1365, 1357, 1349, 1340, 1335, 1332, 1322, 1314, 1308, 1305, 1303, 1300, 1298, 1291, 1290, 1289, 1287, 1285, 1284, 1284, 1283, 1284, 1283, 1284, 1286, 1289, 1292, 1295, 1299, 1307, 1313, 1316, 1319, 1323, 1329, 1333, 1339, 1349, 1354, 1363, 1376, 1395, 1405, 1406, 1425, 1438, 1451, 1462, 1474, 1489, 1504, 1507]
[0, 1454, 1443, 1432, 1417, 1406, 1399, 1385, 1375, 1369, 1359, 1349, 1343, 1339, 1331, 1321, 1316, 1311, 1304, 1301, 1298, 1295, 1295, 1292, 1288, 1285, 1282, 1282, 1284, 1284, 1283, 1283, 1284, 1287, 1291, 1296, 1300, 1304, 1306, 1309, 1313, 1315, 1323, 1330, 1338, 1347, 1352, 1360, 1368, 1376, 1390, 1400, 1412, 1421, 1430, 1442, 1453, 1466, 1482, 1495, 0]
[0, 1454, 1443, 1430, 1415, 1406, 1398, 1388, 1378, 1371, 1361, 1350, 1341, 1335, 1329, 1322, 1317, 1313, 1306, 1302, 1299, 1295, 1292, 1289, 1287, 1284, 1281, 1280, 1283, 1283, 1281, 1282, 1284, 1286, 1290, 1295, 1299, 1304, 1307, 1309, 1313, 1316, 1324, 1330, 1338, 1347, 1351, 1359, 1366, 1376, 1389, 1399, 1412, 1422, 1430, 1442, 1453, 1465, 1481, 1495, 1523]
[0, 1463, 1450, 1441, 1428, 1416, 1403, 1392, 1381, 1372, 1366, 1358, 1353, 1351, 1348, 1340, 1333, 1331, 1325, 1316, 1311, 1295, 1292, 1289, 1288, 1285, 1283, 1283, 1286, 1289, 1289, 1292, 1296, 1300, 1303, 1301, 1303, 1307, 1309, 1312, 1315, 1320, 1325, 1329, 1336, 1344, 1349, 1357, 1366, 1376, 1390, 1399, 1410, 1429, 1430, 1449, 1463, 1476, 1491, 1490, 1494]
[0, 1466, 1453, 1440, 1428, 1415, 1403, 1391, 1380, 1372, 1366, 1359, 1353, 1351, 1345, 1337, 1333, 1331, 1325, 1316, 1312, 1310, 1309, 1305, 1303, 1299, 1297, 1298, 1296, 1295, 1299, 1299, 1303, 1306, 1302, 1304, 1309, 1309, 1309, 1313, 1315, 1319, 1325, 1330, 1338, 1346, 1353, 1358, 1366, 1380, 1392, 1401, 1412, 1420, 1429, 1443, 1457, 1470, 1484, 1498, 1506]
[0, 1461, 1447, 1434, 1421, 1408, 1397, 1387, 1378, 1369, 1362, 1358, 1354, 1352, 1345, 1338, 1332, 1324, 1320, 1316, 1311, 1311, 1308, 1305, 1303, 1299, 1298, 1298, 1296, 1295, 1298, 1299, 1304, 1306, 1302, 1304, 1309, 1309, 1309, 1313, 1319, 1323, 1326, 1330, 1338, 1346, 1353, 1359, 1366, 1380, 1392, 1401, 1412, 1420, 1429, 1443, 1456, 1470, 1483, 1497, 1506]
[0, 1467, 1452, 1437, 1426, 1423, 1422, 1415, 1402, 1393, 1385, 1373, 1364, 1356, 1350, 1344, 1334, 1326, 1324, 1319, 1313, 1312, 1310, 1307, 1303, 1301, 1301, 1298, 1298, 1298, 1298, 1299, 1299, 1301, 1303, 1303, 1304, 1308, 1310, 1313, 1319, 1321, 1324, 1329, 1336, 1343, 1349, 1357, 1366, 1376, 1389, 1398, 1406, 1416, 1424, 1449, 1462, 1475, 1490, 1504, 1509]
[0, 1463, 1451, 1439, 1432, 1428, 1423, 1410, 1399, 1392, 1379, 1365, 1357, 1352, 1344, 1338, 1333, 1328, 1322, 1318, 1316, 1312, 1311, 1307, 1305, 1303, 1300, 1298, 1297, 1297, 1298, 1299, 1299, 1301, 1303, 1302, 1304, 1305, 1307, 1311, 1314, 1323, 1324, 1334, 1341, 1348, 1355, 1362, 1369, 1382, 1393, 1399, 1412, 1425, 1435, 1448, 1459, 1469, 1484, 1501, 1506]
[0, 1481, 1470, 1460, 1448, 1436, 1428, 1416, 1404, 1393, 1383, 1371, 1365, 1358, 1349, 1346, 1339, 1328, 1322, 1316, 1312, 1312, 1305, 1304, 1303, 1301, 1299, 1298, 1298, 1297, 1297, 1296, 1296, 1299, 1300, 1303, 1304, 1305, 1307, 1310, 1317, 1322, 1326, 1330, 1335, 1344, 1352, 1359, 1366, 1376, 1389, 1399, 1408, 1418, 1429, 1441, 1452, 1464, 1478, 1488, 1494]
[0, 1482, 1471, 1458, 1445, 1436, 1427, 1413, 1401, 1394, 1384, 1372, 1363, 1356, 1350, 1344, 1335, 1328, 1324, 1321, 1316, 1312, 1308, 1305, 1302, 1299, 1298, 1298, 1296, 1296, 1296, 1297, 1298, 1300, 1302, 1304, 1308, 1308, 1309, 1313, 1318, 1322, 1325, 1329, 1337, 1346, 1352, 1358, 1366, 1379, 1391, 1400, 1412, 1420, 1429, 1444, 1457, 1468, 1481, 1494, 1506]
[0, 1484, 1472, 1458, 1444, 1435, 1427, 1412, 1400, 1393, 1384, 1373, 1363, 1356, 1350, 1344, 1335, 1328, 1325, 1320, 1315, 1313, 1309, 1304, 1302, 1301, 1300, 1297, 1296, 1295, 1297, 1298, 1300, 1302, 1302, 1304, 1305, 1306, 1310, 1314, 1316, 1320, 1325, 1330, 1338, 1346, 1354, 1359, 1369, 1381, 1390, 1401, 1413, 1421, 1430, 1445, 1457, 1470, 1483, 1496, 1505]
[0, 1482, 1470, 1460, 1448, 1436, 1426, 1415, 1403, 1393, 1384, 1372, 1362, 1355, 1350, 1335, 1329, 1323, 1325, 1315, 1311, 1313, 1310, 1307, 1303, 1301, 1300, 1299, 1296, 1294, 1296, 1299, 1301, 1301, 1301, 1304, 1305, 1306, 1310, 1314, 1316, 1320, 1325, 1332, 1339, 1346, 1354, 1359, 1368, 1380, 1390, 1401, 1413, 1421, 1430, 1445, 1457, 1469, 1482, 1495, 1504]
[0, 1483, 1471, 1457, 1443, 1432, 1425, 1415, 1403, 1393, 1384, 1377, 1367, 1357, 1350, 1343, 1337, 1330, 1323, 1319, 1312, 1310, 1306, 1303, 1302, 1299, 1297, 1297, 1297, 1296, 1297, 1298, 1301, 1302, 1300, 1300, 1304, 1308, 1309, 1312, 1314, 1319, 1324, 1332, 1339, 1345, 1352, 1358, 1366, 1378, 1389, 1398, 1410, 1421, 1430, 1443, 1456, 1466, 1480, 1494, 1519]
