[0, 0, 0, 0, 0, 0, 0, 0, 0, 0, 0, 0, 0, 0, 0, 0, 0, 0, 0, 0, 0, 0, 0, 0, 0, 0, 0, 0, 0, 0, 0, 0, 0, 0, 0, 0, 0, 0, 0, 0, 0, 0, 0, 0, 0, 0, 0, 0, 0, 0, 0, 0, 0, 0, 0, 0, 0, 0, 0, 0, 0]
[0, 529, 522, 521, 515, 511, 510, 505, 504, 502, 499, 497, 495, 494, 490, 488, 488, 486, 483, 482, 481, 482, 481, 481, 479, 479, 479, 479, 479, 479, 479, 486, 482, 485, 480, 481, 482, 485, 486, 487, 489, 495, 497, 499, 502, 505, 508, 511, 514, 518, 522, 525, 530, 536, 540, 544, 549, 553, 557, 563, 570]
[0, 529, 525, 520, 516, 514, 510, 507, 504, 501, 499, 498, 496, 494, 491, 489, 487, 485, 484, 483, 482, 482, 481, 479, 480, 479, 479, 479, 478, 479, 481, 481, 480, 481, 482, 483, 484, 486, 487, 489, 491, 493, 495, 497, 499, 503, 506, 509, 515, 519, 522, 527, 531, 536, 540, 546, 550, 555, 560, 565, 572]
[0, 528, 524, 519, 515, 512, 510, 508, 504, 502, 500, 497, 495, 494, 491, 488, 486, 485, 485, 484, 482, 481, 481, 480, 479, 479, 479, 479, 479, 479, 479, 479, 486, 485, 481, 483, 484, 485, 486, 488, 491, 493, 493, 499, 502, 505, 508, 510, 513, 518, 522, 526, 531, 536, 540, 544, 549, 554, 558, 563, 571]
[0, 526, 522, 519, 515, 511, 509, 506, 504, 502, 499, 497, 495, 494, 490, 488, 487, 485, 483, 483, 482, 481, 481, 480, 479, 479, 478, 479, 479, 479, 479, 479, 480, 481, 482, 482, 483, 484, 486, 488, 490, 492, 495, 499, 502, 502, 508, 510, 514, 518, 522, 526, 531, 536, 541, 545, 551, 556, 560, 565, 572]
[0, 526, 522, 519, 516, 511, 508, 505, 504, 502, 499, 496, 495, 493, 490, 488, 487, 485, 484, 482, 482, 482, 481, 480, 480, 479, 479, 479, 478, 479, 479, 480, 480, 481, 482, 483, 484, 485, 487, 489, 491, 493, 495, 496, 498, 502, 506, 509, 515, 519, 522, 527, 532, 536, 541, 545, 550, 556, 561, 565, 573]
[0, 529, 525, 522, 518, 514, 511, 509, 506, 504, 502, 499, 496, 494, 493, 491, 489, 488, 486, 485, 484, 483, 482, 481, 479, 479, 479, 479, 478, 479, 480, 480, 481, 481, 482, 483, 484, 485, 487, 489, 491, 493, 495, 496, 499, 502, 505, 511, 515, 519, 523, 527, 532, 536, 540, 545, 550, 556, 561, 566, 573]
[0, 530, 526, 522, 519, 515, 511, 509, 506, 504, 502, 499, 497, 495, 494, 491, 489, 487, 486, 485, 484, 483, 482, 482, 481, 480, 480, 479, 479, 480, 480, 488, 481, 483, 484, 485, 484, 486, 488, 491, 493, 495, 497, 500, 503, 505, 508, 511, 514, 518, 522, 527, 532, 536, 541, 545, 551, 557, 561, 566, 573]
[0, 531, 527, 523, 520, 516, 513, 510, 507, 504, 502, 499, 498, 496, 494, 491, 490, 488, 487, 486, 484, 483, 483, 483, 481, 481, 480, 480, 480, 480, 480, 486, 487, 483, 484, 485, 484, 486, 488, 491, 493, 495, 497, 500, 503, 505, 508, 511, 515, 518, 523, 528, 532, 536, 541, 546, 551, 556, 561, 566, 572]
[0, 536, 531, 527, 524, 521, 518, 515, 511, 509, 507, 504, 502, 500, 498, 497, 495, 494, 493, 491, 489, 488, 488, 487, 482, 481, 480, 481, 480, 480, 482, 486, 483, 484, 485, 486, 487, 488, 490, 492, 494, 497, 499, 501, 504, 507, 510, 513, 517, 521, 525, 530, 534, 538, 548, 553, 551, 564, 570, 576, 583]
[0, 536, 533, 529, 522, 519, 518, 513, 511, 508, 505, 504, 501, 499, 498, 498, 495, 492, 493, 492, 491, 489, 488, 487, 486, 486, 485, 485, 485, 486, 486, 486, 488, 488, 488, 489, 491, 493, 495, 496, 501, 503, 506, 509, 510, 513, 516, 520, 524, 528, 531, 536, 540, 544, 550, 554, 559, 564, 570, 577, 590]
[0, 536, 532, 528, 525, 522, 519, 515, 513, 510, 508, 506, 503, 502, 500, 498, 497, 495, 494, 493, 492, 491, 489, 488, 486, 486, 486, 486, 486, 486, 486, 487, 488, 488, 489, 491, 493, 494, 496, 497, 500, 502, 504, 507, 509, 512, 515, 518, 523, 526, 530, 535, 540, 544, 548, 553, 563, 569, 575, 581, 588]
[0, 538, 534, 530, 526, 522, 519, 516, 514, 512, 509, 506, 504, 502, 500, 498, 496, 495, 494, 493, 492, 491, 490, 489, 488, 488, 487, 487, 487, 488, 488, 489, 490, 490, 491, 493, 494, 495, 498, 499, 501, 503, 506, 507, 510, 513, 517, 523, 523, 531, 535, 540, 545, 550, 555, 559, 564, 569, 575, 581, 588]
[0, 534, 534, 530, 522, 522, 519, 517, 514, 512, 509, 507, 504, 502, 500, 497, 496, 496, 494, 493, 492, 491, 490, 489, 488, 488, 487, 487, 487, 488, 488, 488, 489, 491, 492, 494, 495, 497, 499, 500, 503, 505, 507, 509, 511, 514, 519, 522, 525, 529, 534, 538, 542, 546, 550, 556, 562, 567, 573, 579, 585]
[0, 538, 534, 526, 522, 519, 519, 517, 514, 512, 509, 507, 504, 502, 500, 499, 497, 496, 493, 492, 492, 491, 490, 489, 488, 487, 487, 487, 487, 487, 488, 488, 489, 491, 492, 494, 495, 497, 499, 499, 502, 505, 507, 509, 511, 514, 518, 522, 525, 529, 534, 538, 542, 546, 551, 557, 562, 567, 573, 579, 585]
[0, 541, 537, 532, 528, 525, 522, 520, 517, 514, 512, 509, 507, 505, 503, 502, 500, 499, 498, 497, 496, 494, 494, 493, 487, 487, 487, 487, 487, 487, 488, 488, 489, 491, 492, 494, 495, 497, 499, 500, 503, 505, 507, 509, 511, 515, 519, 521, 524, 529, 534, 538, 543, 547, 552, 557, 562, 567, 573, 579, 585]
[0, 538, 534, 531, 528, 524, 521, 518, 515, 513, 511, 508, 506, 504, 503, 502, 499, 498, 497, 496, 495, 494, 494, 493, 492, 491, 491, 491, 492, 491, 492, 493, 494, 495, 492, 496, 498, 501, 503, 505, 508, 510, 512, 514, 517, 520, 523, 527, 531, 535, 539, 544, 548, 553, 557, 562, 568, 574, 581, 586, 592]
[0, 539, 535, 531, 528, 524, 521, 519, 516, 513, 511, 509, 507, 504, 502, 501, 500, 498, 497, 496, 495, 494, 494, 493, 492, 491, 491, 491, 491, 492, 492, 493, 494, 494, 496, 497, 499, 500, 502, 504, 506, 509, 511, 513, 516, 519, 522, 526, 530, 534, 538, 542, 546, 552, 557, 562, 567, 573, 585, 586, 597]
[0, 540, 536, 532, 529, 526, 523, 519, 517, 514, 512, 509, 507, 504, 503, 501, 500, 498, 498, 497, 496, 495, 493, 492, 492, 492, 491, 492, 492, 492, 493, 493, 494, 495, 496, 497, 498, 500, 502, 503, 505, 508, 510, 512, 515, 519, 522, 525, 529, 533, 536, 541, 546, 556, 560, 565, 571, 577, 584, 590, 596]
[0, 542, 537, 534, 531, 527, 524, 522, 518, 516, 512, 511, 510, 507, 503, 502, 501, 500, 498, 498, 498, 497, 495, 494, 492, 491, 491, 491, 491, 492, 493, 493, 494, 495, 496, 497, 498, 499, 501, 503, 505, 508, 510, 513, 516, 518, 521, 525, 528, 532, 536, 545, 550, 554, 559, 564, 570, 576, 583, 589, 595]
[0, 543, 538, 535, 531, 527, 524, 522, 519, 516, 514, 512, 510, 508, 505, 504, 502, 500, 498, 498, 498, 497, 496, 495, 495, 494, 493, 493, 493, 494, 495, 496, 497, 497, 498, 499, 500, 502, 504, 506, 509, 508, 511, 514, 520, 523, 527, 530, 534, 539, 543, 547, 552, 557, 561, 567, 572, 578, 584, 590, 597]
[0, 545, 542, 538, 535, 531, 528, 525, 519, 523, 520, 516, 510, 513, 512, 510, 506, 505, 504, 503, 498, 502, 500, 495, 494, 494, 494, 493, 492, 493, 495, 496, 496, 496, 497, 498, 500, 502, 504, 508, 509, 511, 514, 517, 520, 523, 526, 530, 534, 539, 543, 547, 552, 557, 562, 567, 572, 578, 585, 591, 598]
[0, 550, 546, 543, 538, 535, 532, 529, 526, 524, 522, 520, 517, 515, 513, 511, 510, 509, 507, 506, 505, 504, 503, 503, 500, 500, 499, 499, 499, 499, 501, 502, 503, 503, 504, 506, 507, 509, 511, 513, 515, 518, 520, 522, 525, 529, 532, 537, 540, 544, 548, 552, 557, 561, 567, 573, 579, 584, 590, 596, 602]
[0, 553, 546, 546, 542, 535, 539, 532, 526, 529, 525, 520, 523, 521, 517, 511, 513, 509, 512, 511, 509, 509, 509, 503, 502, 501, 501, 501, 502, 502, 503, 504, 505, 506, 506, 508, 509, 510, 511, 513, 519, 521, 520, 524, 530, 533, 536, 540, 543, 548, 552, 557, 561, 566, 572, 578, 584, 590, 596, 602, 609]
[0, 561, 557, 553, 549, 546, 544, 541, 538, 535, 533, 531, 529, 528, 526, 524, 523, 521, 520, 519, 518, 516, 516, 508, 502, 507, 507, 507, 507, 508, 503, 509, 505, 510, 511, 513, 515, 517, 518, 521, 523, 525, 527, 531, 535, 538, 540, 543, 547, 552, 557, 561, 565, 570, 576, 581, 587, 592, 598, 605, 611]
[0, 561, 557, 553, 550, 547, 543, 540, 538, 535, 533, 531, 529, 527, 525, 524, 522, 521, 519, 518, 517, 516, 515, 515, 515, 515, 515, 515, 515, 515, 516, 516, 517, 519, 520, 521, 523, 524, 526, 528, 531, 533, 535, 538, 541, 545, 548, 551, 555, 560, 564, 568, 573, 579, 583, 595, 587, 601, 613, 619, 626]
[0, 561, 558, 553, 549, 546, 544, 541, 538, 535, 533, 531, 529, 527, 526, 524, 522, 521, 519, 518, 517, 516, 515, 515, 514, 514, 514, 515, 515, 515, 516, 516, 517, 519, 520, 521, 522, 524, 526, 528, 531, 534, 536, 538, 542, 544, 548, 552, 556, 560, 565, 569, 573, 578, 584, 591, 596, 602, 608, 613, 620]
[0, 568, 564, 560, 557, 553, 550, 547, 544, 542, 539, 537, 535, 533, 531, 529, 527, 526, 524, 524, 522, 521, 520, 520, 515, 515, 515, 515, 515, 515, 516, 516, 517, 519, 520, 520, 522, 524, 526, 528, 530, 533, 536, 538, 542, 544, 548, 552, 556, 560, 565, 569, 573, 578, 585, 591, 596, 602, 608, 614, 621]
[0, 567, 563, 559, 556, 552, 549, 546, 543, 540, 538, 536, 534, 532, 530, 528, 526, 525, 524, 523, 522, 521, 520, 520, 520, 519, 519, 519, 520, 520, 521, 521, 522, 523, 524, 525, 526, 528, 531, 533, 535, 538, 540, 542, 545, 549, 552, 556, 560, 564, 573, 569, 579, 588, 594, 599, 606, 613, 618, 624, 632]
[0, 578, 573, 569, 565, 562, 555, 546, 552, 550, 547, 545, 543, 541, 539, 537, 536, 533, 532, 531, 530, 529, 528, 528, 520, 519, 519, 519, 519, 520, 521, 522, 523, 523, 524, 526, 527, 529, 532, 533, 535, 538, 541, 544, 546, 551, 555, 558, 561, 566, 570, 575, 580, 586, 592, 597, 602, 608, 613, 621, 628]
[0, 575, 570, 566, 562, 559, 556, 553, 550, 548, 545, 544, 542, 539, 538, 536, 534, 533, 532, 530, 529, 529, 528, 528, 528, 527, 527, 527, 528, 528, 528, 529, 529, 531, 532, 533, 535, 536, 538, 541, 545, 538, 552, 554, 546, 556, 563, 567, 572, 577, 582, 587, 592, 597, 603, 608, 614, 621, 628, 635, 642]
[0, 582, 577, 573, 569, 565, 563, 560, 558, 555, 552, 551, 549, 548, 546, 544, 542, 533, 539, 538, 538, 537, 537, 527, 528, 527, 527, 527, 528, 528, 528, 529, 530, 532, 532, 534, 536, 538, 540, 542, 544, 547, 550, 553, 556, 559, 562, 567, 572, 576, 581, 586, 591, 595, 601, 607, 612, 619, 626, 633, 640]
[0, 590, 586, 582, 578, 574, 570, 566, 563, 561, 559, 557, 555, 553, 551, 549, 548, 547, 545, 543, 543, 541, 541, 536, 536, 527, 536, 536, 537, 538, 538, 540, 541, 542, 543, 545, 547, 549, 551, 554, 555, 557, 560, 563, 566, 570, 574, 579, 583, 588, 593, 597, 602, 607, 613, 619, 626, 632, 639, 647, 653]
[0, 591, 586, 582, 579, 576, 572, 568, 566, 563, 561, 559, 557, 555, 552, 550, 549, 547, 546, 545, 544, 543, 542, 541, 541, 541, 541, 541, 541, 542, 542, 543, 544, 545, 546, 547, 549, 551, 553, 555, 557, 560, 563, 566, 569, 573, 578, 581, 586, 590, 595, 601, 605, 609, 615, 622, 629, 635, 643, 649, 656]
[0, 594, 590, 587, 583, 579, 576, 571, 568, 565, 561, 563, 560, 555, 556, 554, 552, 547, 550, 545, 549, 547, 546, 542, 541, 542, 542, 543, 543, 543, 543, 543, 545, 547, 548, 548, 551, 553, 554, 557, 559, 561, 564, 566, 570, 575, 579, 583, 587, 592, 596, 600, 605, 611, 616, 623, 636, 635, 651, 649, 665]
[0, 597, 593, 589, 585, 582, 578, 575, 571, 568, 566, 564, 562, 560, 558, 556, 555, 554, 552, 551, 550, 549, 548, 546, 545, 542, 545, 546, 546, 543, 545, 539, 545, 547, 0, 551, 553, 558, 558, 557, 563, 566, 569, 573, 577, 581, 585, 588, 592, 597, 602, 607, 612, 618, 624, 630, 637, 644, 650, 657, 664]
[0, 608, 604, 601, 597, 594, 590, 587, 584, 581, 566, 578, 573, 572, 569, 567, 565, 554, 564, 563, 562, 560, 560, 547, 547, 548, 548, 548, 549, 548, 547, 539, 545, 550, 553, 555, 557, 558, 560, 562, 564, 566, 570, 574, 578, 582, 586, 590, 594, 599, 603, 608, 613, 618, 625, 631, 638, 645, 651, 659, 667]
[0, 610, 606, 602, 598, 595, 592, 589, 585, 582, 579, 577, 575, 572, 570, 568, 567, 565, 563, 562, 561, 561, 560, 547, 559, 558, 559, 558, 554, 548, 549, 0, 545, 0, 562, 566, 557, 570, 573, 576, 579, 582, 585, 588, 592, 595, 599, 603, 608, 612, 617, 622, 628, 635, 641, 647, 654, 660, 668, 675, 682]
[0, 619, 616, 612, 609, 605, 602, 599, 596, 593, 591, 589, 575, 584, 570, 582, 579, 577, 563, 574, 561, 573, 571, 559, 559, 559, 559, 559, 559, 554, 541, 0, 545, 0, 0, 565, 567, 570, 572, 575, 577, 580, 583, 587, 590, 594, 597, 601, 605, 610, 615, 619, 624, 630, 636, 642, 649, 656, 671, 679, 687]
[0, 621, 617, 613, 610, 607, 603, 600, 597, 594, 591, 589, 587, 585, 584, 582, 580, 579, 577, 576, 575, 574, 573, 571, 559, 571, 570, 559, 565, 548, 541, 0, 545, 0, 0, 574, 582, 0, 587, 589, 591, 595, 597, 600, 604, 608, 612, 616, 620, 625, 631, 637, 643, 649, 654, 661, 668, 674, 682, 690, 698]
[0, 625, 620, 615, 612, 610, 607, 604, 601, 598, 595, 593, 590, 588, 587, 585, 583, 582, 581, 579, 578, 577, 576, 572, 571, 570, 571, 569, 559, 549, 0, 0, 545, 0, 561, 575, 584, 585, 588, 591, 593, 596, 599, 602, 605, 609, 613, 617, 622, 628, 633, 639, 645, 651, 656, 663, 669, 676, 683, 692, 701]
[0, 633, 627, 623, 619, 616, 613, 610, 607, 604, 601, 599, 597, 594, 593, 591, 588, 587, 586, 585, 584, 582, 582, 576, 575, 574, 574, 569, 557, 549, 0, 0, 545, 0, 560, 575, 585, 587, 589, 593, 595, 596, 599, 602, 606, 610, 614, 618, 622, 628, 633, 639, 645, 651, 657, 663, 669, 676, 684, 692, 701]
[0, 631, 626, 622, 618, 615, 611, 608, 606, 603, 601, 598, 596, 594, 592, 590, 588, 588, 586, 584, 584, 583, 582, 582, 582, 582, 582, 0, 557, 549, 0, 0, 545, 0, 560, 575, 0, 593, 596, 598, 600, 603, 607, 610, 613, 617, 621, 625, 631, 636, 642, 647, 652, 658, 664, 671, 677, 684, 692, 701, 709]
[0, 637, 632, 628, 624, 620, 617, 614, 612, 608, 605, 602, 600, 599, 596, 594, 594, 593, 591, 590, 589, 587, 587, 581, 581, 582, 578, 566, 557, 554, 547, 0, 545, 0, 0, 575, 0, 595, 596, 599, 602, 605, 608, 611, 614, 618, 623, 628, 634, 638, 643, 649, 655, 661, 666, 673, 680, 687, 696, 704, 711]
[0, 651, 646, 641, 637, 633, 630, 627, 623, 620, 617, 614, 612, 610, 608, 607, 605, 603, 602, 601, 600, 600, 599, 587, 586, 586, 583, 566, 554, 554, 547, 0, 545, 0, 0, 575, 0, 599, 601, 603, 607, 610, 613, 616, 619, 623, 627, 632, 637, 642, 646, 651, 659, 665, 670, 676, 684, 692, 700, 708, 716]
[0, 656, 651, 647, 643, 640, 636, 633, 630, 625, 622, 620, 618, 615, 613, 611, 610, 609, 607, 606, 605, 604, 603, 598, 598, 598, 598, 0, 557, 547, 547, 0, 0, 0, 0, 575, 0, 610, 612, 614, 616, 620, 625, 628, 632, 635, 640, 645, 649, 654, 659, 665, 671, 676, 683, 691, 699, 706, 712, 719, 727]
[0, 659, 654, 650, 647, 643, 639, 635, 632, 630, 627, 624, 621, 618, 616, 615, 613, 612, 611, 611, 610, 609, 607, 602, 602, 601, 601, 0, 560, 548, 543, 0, 0, 0, 0, 575, 0, 613, 616, 618, 621, 624, 627, 630, 640, 635, 644, 648, 652, 662, 659, 673, 671, 679, 693, 701, 708, 715, 723, 731, 740]
[0, 660, 655, 651, 647, 643, 640, 636, 632, 630, 627, 624, 621, 619, 617, 616, 614, 612, 611, 611, 610, 609, 608, 607, 607, 606, 606, 0, 554, 548, 546, 0, 0, 0, 0, 575, 0, 619, 621, 623, 626, 631, 634, 638, 642, 645, 649, 654, 659, 664, 669, 675, 681, 688, 695, 702, 709, 716, 724, 733, 741]
[0, 668, 663, 659, 655, 651, 648, 646, 642, 639, 636, 633, 630, 629, 627, 623, 622, 621, 619, 618, 617, 616, 615, 607, 608, 608, 607, 0, 555, 546, 546, 0, 0, 0, 0, 575, 0, 618, 621, 624, 627, 630, 633, 638, 642, 645, 650, 654, 659, 663, 668, 675, 681, 687, 694, 702, 709, 716, 723, 731, 750]
[0, 672, 668, 663, 659, 655, 653, 649, 646, 643, 640, 637, 634, 633, 631, 628, 626, 625, 624, 622, 621, 620, 619, 614, 614, 614, 614, 0, 555, 546, 540, 0, 0, 0, 0, 575, 0, 629, 631, 633, 637, 642, 645, 647, 650, 655, 659, 663, 668, 674, 680, 686, 693, 700, 706, 712, 719, 735, 744, 753, 750]
[0, 673, 668, 664, 660, 656, 652, 650, 647, 644, 641, 639, 636, 633, 631, 629, 627, 625, 624, 622, 621, 620, 619, 619, 619, 618, 618, 0, 553, 545, 0, 0, 0, 0, 0, 575, 0, 633, 635, 637, 641, 645, 648, 651, 655, 659, 662, 667, 672, 677, 683, 689, 696, 702, 709, 716, 723, 731, 739, 747, 757]
[0, 672, 667, 663, 659, 655, 652, 649, 645, 643, 640, 637, 635, 633, 630, 628, 626, 624, 623, 622, 621, 620, 619, 618, 618, 618, 617, 0, 555, 546, 542, 0, 0, 0, 0, 575, 0, 632, 634, 637, 641, 643, 647, 650, 653, 658, 661, 665, 670, 675, 687, 689, 700, 708, 714, 720, 727, 736, 745, 754, 764]
[0, 695, 689, 685, 681, 677, 673, 669, 666, 663, 660, 658, 655, 654, 651, 649, 648, 646, 645, 644, 643, 642, 641, 619, 619, 619, 619, 0, 0, 551, 543, 0, 0, 0, 0, 575, 0, 634, 636, 639, 643, 646, 649, 651, 655, 659, 663, 668, 673, 678, 684, 690, 697, 704, 710, 717, 724, 732, 740, 748, 757]
[0, 704, 699, 694, 690, 686, 682, 669, 676, 663, 674, 671, 669, 666, 663, 649, 661, 659, 658, 655, 654, 642, 652, 640, 639, 640, 640, 0, 555, 545, 541, 0, 0, 0, 0, 575, 0, 0, 655, 657, 663, 666, 669, 651, 678, 683, 688, 694, 699, 704, 710, 716, 722, 730, 737, 744, 753, 762, 770, 779, 788]
[0, 710, 706, 701, 697, 693, 688, 684, 681, 679, 676, 674, 672, 670, 667, 665, 664, 662, 661, 659, 658, 657, 656, 652, 639, 652, 640, 0, 555, 545, 540, 0, 0, 0, 0, 0, 665, 668, 671, 673, 676, 679, 683, 687, 692, 698, 703, 708, 712, 717, 724, 731, 737, 743, 752, 759, 766, 774, 783, 793, 803]
[0, 712, 707, 703, 699, 694, 690, 686, 682, 679, 676, 675, 673, 670, 667, 666, 664, 662, 661, 660, 659, 658, 657, 656, 656, 656, 656, 0, 555, 548, 540, 0, 0, 0, 0, 0, 667, 671, 674, 676, 678, 681, 685, 690, 695, 700, 704, 710, 715, 720, 726, 732, 738, 745, 753, 760, 768, 777, 786, 795, 804]
[0, 712, 707, 702, 698, 694, 690, 686, 682, 680, 677, 675, 673, 670, 667, 665, 663, 662, 661, 660, 659, 658, 657, 656, 656, 656, 656, 0, 552, 542, 538, 0, 0, 0, 0, 0, 667, 0, 674, 676, 678, 682, 686, 690, 694, 699, 705, 709, 713, 725, 726, 731, 738, 752, 760, 767, 775, 784, 793, 804, 813]
[0, 711, 706, 701, 697, 693, 689, 685, 681, 679, 676, 674, 672, 670, 667, 666, 664, 662, 661, 659, 658, 658, 657, 656, 656, 656, 657, 0, 552, 542, 537, 0, 0, 0, 0, 0, 667, 0, 674, 676, 678, 682, 686, 690, 694, 700, 705, 709, 714, 719, 725, 730, 738, 752, 760, 760, 767, 784, 794, 804, 814]
[0, 717, 712, 707, 703, 699, 695, 691, 687, 684, 681, 680, 678, 676, 667, 672, 671, 669, 667, 659, 665, 658, 665, 656, 656, 656, 657, 0, 0, 547, 540, 0, 0, 0, 554, 0, 669, 672, 675, 678, 680, 684, 688, 693, 697, 701, 705, 711, 716, 721, 727, 734, 741, 748, 755, 764, 771, 780, 789, 798, 808]
[0, 739, 734, 729, 725, 720, 717, 714, 710, 706, 704, 702, 699, 697, 695, 693, 692, 690, 689, 689, 687, 685, 684, 664, 664, 656, 664, 0, 555, 544, 539, 0, 0, 0, 0, 0, 669, 680, 0, 685, 0, 688, 697, 702, 706, 711, 716, 720, 726, 732, 738, 745, 752, 759, 767, 774, 782, 791, 801, 811, 820]
[0, 741, 735, 731, 726, 721, 717, 714, 711, 708, 706, 703, 701, 698, 696, 693, 692, 691, 689, 687, 686, 685, 685, 685, 685, 685, 686, 0, 0, 544, 539, 0, 0, 0, 0, 0, 697, 702, 705, 707, 710, 714, 718, 722, 728, 733, 738, 743, 749, 756, 762, 767, 774, 782, 791, 800, 808, 816, 824, 833, 844]
[0, 740, 735, 731, 726, 721, 716, 713, 710, 707, 705, 703, 701, 699, 696, 693, 692, 691, 689, 688, 686, 685, 685, 684, 684, 685, 685, 0, 550, 540, 537, 0, 0, 0, 0, 0, 697, 0, 703, 705, 709, 712, 719, 722, 729, 734, 738, 740, 746, 758, 764, 770, 777, 785, 794, 803, 811, 819, 827, 836, 848]
[0, 739, 734, 729, 725, 720, 716, 713, 709, 706, 704, 702, 699, 697, 695, 693, 692, 690, 689, 689, 687, 685, 684, 684, 684, 685, 685, 0, 548, 540, 0, 0, 0, 0, 0, 0, 697, 0, 703, 705, 709, 712, 716, 720, 724, 729, 740, 740, 745, 752, 758, 771, 778, 785, 794, 803, 812, 820, 828, 837, 848]
[0, 774, 769, 763, 759, 755, 751, 746, 742, 739, 737, 734, 731, 729, 727, 724, 722, 721, 720, 719, 718, 716, 716, 684, 685, 685, 687, 0, 0, 544, 538, 0, 0, 0, 0, 0, 697, 702, 705, 707, 710, 714, 718, 722, 727, 733, 738, 743, 749, 755, 762, 767, 774, 782, 790, 800, 808, 815, 824, 833, 844]
[0, 779, 774, 768, 764, 759, 755, 752, 747, 743, 739, 737, 736, 733, 731, 729, 725, 722, 722, 721, 720, 721, 720, 716, 716, 716, 717, 0, 548, 539, 533, 0, 0, 0, 0, 0, 0, 733, 737, 740, 744, 748, 752, 758, 767, 733, 777, 743, 790, 796, 803, 812, 820, 827, 833, 842, 851, 861, 870, 878, 889]
[0, 777, 772, 767, 763, 758, 754, 750, 746, 743, 740, 736, 735, 733, 731, 728, 727, 725, 723, 721, 720, 720, 720, 720, 720, 720, 719, 0, 548, 539, 535, 0, 0, 0, 0, 0, 0, 736, 739, 740, 752, 756, 760, 764, 768, 775, 781, 787, 793, 799, 807, 814, 821, 828, 834, 844, 855, 864, 871, 879, 890]
[0, 778, 772, 768, 763, 759, 755, 750, 746, 743, 741, 738, 736, 734, 731, 729, 728, 726, 724, 723, 723, 723, 720, 720, 720, 720, 720, 0, 548, 545, 538, 0, 0, 0, 0, 548, 0, 737, 740, 743, 748, 752, 756, 761, 766, 771, 777, 783, 795, 799, 802, 816, 824, 828, 837, 846, 857, 866, 875, 883, 894]
[0, 779, 772, 769, 765, 760, 755, 752, 750, 746, 743, 738, 735, 734, 731, 729, 728, 728, 726, 725, 724, 722, 722, 722, 721, 721, 720, 0, 552, 541, 535, 0, 0, 0, 0, 0, 736, 741, 743, 748, 753, 758, 762, 766, 770, 775, 782, 788, 793, 800, 808, 814, 822, 829, 836, 845, 856, 865, 874, 882, 890]
[0, 796, 790, 785, 780, 775, 771, 767, 763, 761, 759, 756, 753, 751, 749, 747, 744, 743, 742, 740, 739, 739, 739, 722, 720, 720, 720, 0, 552, 544, 537, 0, 0, 0, 549, 0, 0, 739, 742, 747, 751, 755, 760, 764, 769, 773, 779, 785, 790, 799, 806, 812, 820, 827, 834, 852, 862, 865, 878, 887, 899]
[0, 814, 809, 804, 799, 794, 789, 785, 782, 778, 776, 773, 770, 768, 765, 764, 763, 762, 761, 760, 759, 759, 759, 738, 737, 738, 738, 0, 552, 544, 537, 0, 0, 0, 0, 548, 0, 755, 759, 764, 768, 773, 777, 782, 787, 792, 798, 805, 812, 817, 823, 829, 835, 844, 862, 871, 862, 886, 895, 906, 919]
[0, 813, 807, 802, 797, 793, 789, 786, 781, 778, 776, 773, 770, 769, 766, 765, 764, 762, 762, 761, 760, 759, 759, 758, 758, 758, 738, 0, 550, 541, 535, 0, 0, 0, 0, 551, 0, 777, 780, 784, 788, 793, 798, 804, 809, 814, 820, 825, 832, 838, 846, 854, 863, 870, 876, 884, 893, 902, 912, 923, 933]
[0, 833, 828, 824, 818, 814, 811, 807, 803, 800, 798, 794, 791, 789, 787, 785, 783, 781, 781, 780, 780, 779, 777, 758, 757, 757, 738, 0, 551, 540, 535, 0, 0, 0, 0, 551, 0, 777, 780, 784, 789, 794, 800, 805, 810, 815, 820, 826, 832, 838, 846, 855, 863, 870, 877, 884, 893, 902, 912, 923, 934]
[0, 838, 834, 829, 824, 819, 815, 812, 810, 806, 803, 801, 798, 794, 791, 790, 788, 787, 786, 786, 786, 784, 777, 777, 777, 778, 738, 0, 551, 540, 534, 0, 0, 0, 0, 551, 0, 799, 803, 807, 811, 817, 822, 825, 829, 835, 841, 847, 854, 862, 868, 875, 882, 889, 897, 907, 917, 928, 938, 946, 969]
[0, 840, 834, 829, 824, 820, 816, 812, 810, 808, 805, 801, 798, 795, 794, 792, 789, 788, 787, 787, 785, 784, 784, 783, 782, 783, 738, 0, 549, 539, 0, 512, 0, 0, 0, 551, 0, 807, 810, 813, 818, 824, 827, 832, 837, 843, 849, 856, 864, 870, 876, 884, 890, 898, 908, 918, 928, 937, 944, 953, 965]
[0, 840, 834, 828, 824, 820, 817, 813, 810, 807, 805, 801, 798, 796, 794, 791, 789, 788, 787, 787, 785, 784, 784, 783, 783, 783, 738, 0, 0, 539, 533, 0, 0, 0, 0, 551, 0, 808, 812, 814, 818, 824, 827, 831, 836, 842, 850, 857, 864, 869, 875, 883, 890, 898, 907, 917, 928, 936, 944, 953, 979]
[0, 841, 834, 830, 827, 822, 817, 814, 811, 807, 805, 801, 799, 797, 794, 792, 790, 789, 788, 788, 787, 786, 785, 783, 783, 783, 738, 0, 0, 539, 533, 0, 0, 0, 0, 550, 0, 807, 811, 814, 818, 823, 827, 831, 836, 842, 850, 857, 864, 869, 875, 883, 890, 898, 907, 917, 927, 936, 944, 953, 978]
[0, 873, 868, 862, 857, 853, 848, 843, 839, 835, 832, 830, 828, 825, 823, 822, 820, 819, 816, 816, 816, 814, 785, 784, 784, 785, 738, 0, 0, 540, 533, 0, 0, 0, 0, 550, 0, 808, 811, 815, 819, 823, 827, 831, 835, 842, 850, 857, 864, 869, 875, 883, 890, 898, 907, 917, 927, 944, 953, 953, 964]
[0, 870, 865, 860, 855, 851, 845, 840, 837, 834, 832, 829, 827, 825, 823, 821, 819, 818, 817, 816, 815, 814, 813, 813, 814, 816, 738, 0, 543, 535, 533, 528, 0, 535, 542, 550, 0, 838, 842, 848, 853, 859, 864, 869, 874, 879, 883, 889, 896, 903, 912, 921, 931, 939, 946, 956, 966, 978, 989, 999, 1012]
[0, 882, 877, 871, 867, 864, 860, 856, 852, 848, 843, 839, 838, 837, 834, 833, 832, 830, 829, 828, 827, 827, 828, 813, 814, 815, 738, 0, 0, 539, 533, 530, 531, 533, 539, 550, 0, 837, 840, 844, 850, 854, 860, 866, 871, 875, 882, 888, 893, 900, 908, 917, 925, 935, 943, 950, 960, 972, 994, 1005, 1019]
[0, 894, 889, 883, 878, 874, 871, 867, 864, 861, 858, 854, 851, 848, 846, 843, 841, 841, 839, 837, 837, 836, 836, 828, 827, 827, 829, 0, 0, 539, 533, 530, 530, 532, 537, 547, 0, 852, 856, 860, 865, 869, 874, 878, 883, 889, 895, 901, 908, 916, 923, 933, 940, 948, 957, 977, 989, 1000, 1010, 1021, 1035]
[0, 894, 889, 883, 878, 874, 871, 868, 864, 861, 857, 854, 852, 848, 846, 843, 841, 840, 838, 838, 838, 837, 836, 837, 837, 836, 836, 0, 0, 540, 533, 530, 529, 531, 535, 543, 0, 863, 867, 871, 875, 885, 874, 890, 900, 889, 913, 919, 927, 935, 942, 951, 961, 970, 980, 989, 999, 1011, 1023, 1035, 1048]
[0, 893, 888, 883, 877, 873, 870, 867, 864, 860, 856, 853, 850, 848, 847, 844, 842, 840, 838, 837, 836, 836, 837, 837, 838, 837, 837, 0, 0, 540, 533, 530, 529, 531, 535, 545, 0, 864, 867, 871, 875, 880, 884, 890, 894, 900, 907, 921, 927, 928, 935, 951, 960, 971, 981, 990, 1000, 1012, 1024, 1035, 1049]
[0, 924, 919, 914, 908, 902, 898, 894, 892, 889, 886, 883, 881, 879, 877, 876, 874, 873, 872, 872, 872, 871, 837, 837, 838, 838, 837, 0, 0, 538, 533, 530, 530, 533, 538, 548, 0, 865, 869, 874, 877, 881, 886, 890, 896, 902, 910, 916, 923, 931, 939, 947, 956, 965, 975, 986, 995, 1004, 1029, 1041, 1049]
[0, 964, 957, 952, 947, 942, 938, 935, 931, 927, 924, 921, 918, 915, 913, 912, 910, 909, 908, 907, 907, 906, 906, 871, 873, 873, 837, 0, 543, 535, 533, 530, 0, 0, 540, 548, 0, 899, 904, 909, 915, 921, 926, 932, 937, 943, 949, 955, 962, 970, 981, 991, 1000, 1008, 1018, 1029, 1039, 1052, 1065, 1078, 1092]
[0, 964, 958, 952, 947, 943, 936, 935, 932, 929, 925, 921, 920, 917, 914, 914, 912, 910, 909, 907, 908, 906, 907, 907, 908, 909, 909, 0, 543, 0, 604, 606, 0, 604, 600, 0, 0, 0, 945, 950, 915, 961, 0, 973, 982, 989, 996, 1003, 1011, 1019, 1029, 1038, 1048, 1059, 1069, 1080, 1092, 1105, 1119, 1134, 1150]
[0, 971, 964, 952, 957, 949, 945, 942, 932, 939, 933, 930, 920, 925, 924, 924, 922, 921, 909, 920, 920, 920, 907, 909, 909, 910, 909, 0, 543, 0, 604, 606, 605, 602, 593, 0, 0, 940, 943, 947, 953, 959, 965, 971, 980, 987, 994, 1001, 1007, 1015, 1024, 1034, 1043, 1053, 1065, 1076, 1087, 1101, 1114, 1128, 1143]
[0, 978, 970, 963, 957, 953, 949, 946, 942, 939, 936, 933, 931, 928, 925, 924, 921, 921, 920, 920, 919, 920, 920, 919, 920, 921, 909, 0, 543, 0, 604, 606, 605, 602, 593, 0, 0, 949, 954, 958, 964, 970, 978, 986, 993, 998, 1005, 1012, 1020, 1028, 1037, 1046, 1057, 1067, 1077, 1088, 1101, 1116, 1130, 1143, 1157]
[0, 978, 970, 963, 957, 953, 949, 946, 942, 939, 935, 932, 930, 928, 925, 924, 923, 921, 920, 920, 919, 920, 920, 920, 921, 921, 922, 0, 0, 599, 604, 605, 605, 601, 593, 0, 0, 949, 954, 959, 964, 970, 979, 986, 992, 998, 1005, 1012, 1020, 1029, 1037, 1047, 1058, 1068, 1078, 1089, 1101, 1115, 1129, 1143, 1157]
[0, 975, 968, 961, 955, 951, 947, 943, 941, 938, 935, 932, 930, 927, 924, 922, 922, 921, 920, 920, 920, 919, 919, 920, 922, 921, 922, 0, 0, 599, 604, 605, 605, 601, 592, 0, 0, 950, 954, 959, 964, 971, 979, 986, 992, 999, 1005, 1012, 1020, 1029, 1037, 1046, 1058, 1068, 1078, 1089, 1101, 1115, 1129, 1143, 1157]
[0, 1030, 1024, 1019, 1014, 1007, 1002, 998, 996, 993, 990, 988, 986, 983, 980, 978, 976, 973, 971, 973, 973, 973, 919, 920, 921, 921, 922, 0, 0, 593, 601, 605, 606, 604, 592, 0, 0, 0, 951, 956, 961, 966, 973, 981, 988, 994, 1008, 1012, 1023, 1032, 1040, 1051, 1061, 1071, 1083, 1095, 1107, 1120, 1134, 1149, 1164]
[0, 1065, 1058, 1050, 1045, 1041, 1036, 1031, 1028, 1024, 1022, 1019, 1017, 1014, 1012, 1011, 1009, 1009, 1010, 1009, 1010, 1010, 1009, 975, 977, 978, 978, 0, 0, 596, 603, 605, 606, 604, 604, 0, 1002, 1007, 1012, 1018, 1023, 1030, 1036, 1041, 1049, 1057, 1064, 1071, 1080, 1089, 1099, 1110, 1131, 1144, 1157, 1169, 1182, 1196, 1208, 1222, 1239]
[0, 1088, 1082, 1076, 1070, 1065, 1060, 1054, 1050, 1046, 1042, 1040, 1038, 1036, 1033, 1033, 1032, 1031, 1032, 1032, 1031, 1031, 1009, 1011, 1012, 1012, 1013, 1015, 1016, 1017, 1020, 1023, 1025, 1029, 1034, 1038, 1042, 1047, 1058, 1063, 1070, 1030, 1082, 1090, 1097, 1105, 1115, 1125, 1135, 1146, 1157, 1168, 1179, 1190, 1203, 1217, 1230, 1244, 1258, 1274, 1292]
[0, 1088, 1082, 1076, 1070, 1064, 1060, 1055, 1050, 1047, 1043, 1041, 1039, 1036, 1034, 1033, 1032, 1033, 1032, 1033, 1032, 1031, 1031, 1032, 1033, 1034, 1036, 1036, 1036, 1039, 1042, 1045, 1049, 1054, 1057, 1060, 1066, 1072, 1076, 1081, 1086, 1093, 1101, 1109, 1117, 1124, 1132, 1141, 1151, 1161, 1170, 1180, 1192, 1204, 1218, 1232, 1244, 1259, 1274, 1291, 1308]
[0, 1107, 1100, 1093, 1088, 1084, 1078, 1073, 1070, 1067, 1063, 1060, 1058, 1055, 1054, 1053, 1053, 1051, 1049, 1049, 1049, 1051, 1031, 1033, 1033, 1033, 1035, 1038, 1038, 1040, 1043, 1045, 1049, 1054, 1058, 1062, 1067, 1072, 1077, 1080, 1086, 1092, 1100, 1111, 1119, 1127, 1135, 1144, 1154, 1163, 1173, 1185, 1195, 1204, 1219, 1232, 1246, 1261, 1276, 1293, 1308]
[0, 1111, 1103, 1095, 1089, 1084, 1079, 1075, 1070, 1065, 1063, 1061, 1059, 1056, 1054, 1054, 1051, 1051, 1052, 1050, 1049, 1050, 1053, 1053, 1053, 1055, 1056, 1057, 1058, 1061, 1064, 1066, 1069, 1073, 1077, 1081, 1087, 1090, 1095, 1101, 1108, 1115, 1124, 1132, 1138, 1146, 1155, 1163, 1170, 1179, 1192, 1204, 1215, 1228, 1241, 1254, 1267, 1280, 1298, 1293, 1352]
[0, 1124, 1118, 1110, 1104, 1097, 1092, 1088, 1083, 1080, 1077, 1075, 1072, 1067, 1066, 1067, 1068, 1066, 1064, 1065, 1064, 1063, 1052, 1053, 1053, 1054, 1055, 1056, 1057, 1059, 1062, 1065, 1068, 1072, 1077, 1080, 1083, 1087, 1094, 1099, 1106, 1113, 1120, 1127, 1144, 1152, 1155, 1170, 1180, 1191, 1202, 1212, 1227, 1240, 1250, 1263, 1278, 1293, 1309, 1293, 1338]
[0, 1123, 1116, 1110, 1103, 1097, 1092, 1086, 1081, 1078, 1076, 1075, 1071, 1068, 1067, 1068, 1067, 1065, 1064, 1065, 1065, 1065, 1065, 1067, 1067, 1068, 1070, 1071, 1074, 1077, 1079, 1081, 1084, 1087, 1091, 1097, 1102, 1107, 1113, 1117, 1124, 1131, 1139, 1148, 1155, 1162, 1170, 1177, 1186, 1197, 1209, 1222, 1236, 1249, 1272, 1290, 1307, 1293, 1330, 1356, 1372]
[0, 1127, 1119, 1113, 1106, 1101, 1096, 1089, 1085, 1082, 1078, 1076, 1074, 1073, 1071, 1069, 1069, 1070, 1069, 1067, 1067, 1069, 1065, 1067, 1068, 1069, 1069, 1072, 1075, 1077, 1079, 1083, 1086, 1089, 1094, 1098, 1102, 1107, 1112, 1119, 1127, 1134, 1142, 1150, 1158, 1165, 1173, 1182, 1190, 1201, 1214, 1226, 1238, 1252, 1264, 1279, 1296, 1293, 1330, 0, 1361]
[0, 1143, 1135, 1128, 1122, 1117, 1111, 1106, 1101, 1097, 1094, 1091, 1088, 1086, 1084, 1084, 1084, 1083, 1083, 1083, 1083, 1084, 1070, 1071, 1072, 1074, 1075, 1076, 1076, 1077, 1082, 1086, 1089, 1093, 1097, 1103, 1109, 1114, 1120, 1125, 1132, 1140, 1148, 1156, 1164, 1170, 1178, 1187, 1197, 1208, 1221, 1235, 1248, 1261, 1275, 1292, 1315, 1338, 1357, 0, 1390]
[0, 1143, 1167, 1162, 1155, 1148, 1111, 1139, 1134, 1131, 1129, 1126, 1088, 1120, 1084, 1118, 1119, 1083, 1117, 1117, 1118, 1118, 1084, 1083, 1085, 1089, 1089, 1089, 1093, 1099, 1101, 1102, 1105, 1109, 1112, 1118, 1123, 1129, 1135, 1139, 1148, 1155, 1160, 1168, 1175, 1182, 1191, 1200, 1212, 1226, 1239, 1249, 1262, 1276, 1289, 1303, 1315, 1328, 1353, 1368, 1383]
[0, 1197, 1189, 1175, 1155, 1169, 1162, 1157, 1154, 1152, 1146, 1141, 1140, 1138, 1138, 1137, 1135, 1135, 1135, 1136, 1136, 1136, 1119, 1083, 1124, 1126, 1128, 1130, 1133, 1135, 1137, 1140, 1143, 1146, 1152, 1158, 1162, 1167, 1172, 1180, 1187, 1194, 1202, 1211, 1220, 1229, 1237, 1247, 1261, 1272, 1283, 1296, 1310, 1327, 1341, 1355, 1371, 1388, 1406, 1428, 1383]
[0, 1197, 1190, 1183, 1176, 1169, 1166, 1162, 1158, 1155, 1152, 1146, 1142, 1140, 1137, 1136, 1135, 1135, 1135, 1136, 1137, 1136, 1137, 1138, 1139, 1142, 1145, 1147, 1149, 1151, 1153, 1156, 1161, 1165, 1168, 1172, 1177, 1182, 1189, 1197, 1204, 1212, 1226, 1234, 1237, 1248, 1259, 1269, 1281, 1290, 1301, 1315, 1328, 1344, 1360, 1374, 1390, 1407, 1425, 1447, 1466]
[0, 1214, 1208, 1202, 1195, 1189, 1184, 1179, 1175, 1172, 1169, 1167, 1165, 1163, 1162, 1162, 1161, 1160, 1160, 1160, 1160, 1163, 1137, 1138, 1139, 1142, 1145, 1147, 1149, 1151, 1153, 1156, 1161, 1165, 1167, 1172, 1177, 1182, 1189, 1197, 1204, 1215, 1229, 1234, 1237, 1252, 1266, 1273, 1281, 1290, 1301, 1315, 1329, 1344, 1359, 1374, 1390, 1408, 1427, 1449, 1468]
[0, 1231, 1222, 1213, 1207, 1202, 1197, 1191, 1186, 1184, 1180, 1176, 1174, 1173, 1172, 1170, 1169, 1169, 1170, 1169, 1170, 1170, 1163, 1164, 1165, 1164, 1165, 1167, 1169, 1171, 1173, 1175, 1178, 1181, 1186, 1194, 1202, 1208, 1218, 1228, 1237, 1250, 1260, 1234, 1271, 1281, 1296, 1311, 1322, 1334, 1346, 1355, 1368, 1384, 1398, 1414, 1390, 1445, 1475, 1491, 1506]
[0, 1233, 1222, 1223, 1212, 1203, 1198, 1194, 1189, 1185, 1182, 1178, 1175, 1173, 1174, 1171, 1170, 1170, 1170, 1170, 1171, 1172, 1172, 1173, 1174, 1174, 1175, 1178, 1181, 1184, 1186, 1189, 1192, 1194, 1202, 1216, 1224, 1228, 1235, 1240, 1254, 1262, 1270, 1278, 1287, 1295, 1305, 1318, 1332, 1343, 1352, 1363, 1377, 1392, 1406, 1425, 1446, 1462, 1479, 1503, 1514]
[0, 1258, 1249, 1243, 1237, 1231, 1225, 1219, 1215, 1212, 1210, 1206, 1204, 1202, 1200, 1200, 1204, 1202, 1204, 1211, 1212, 1209, 1173, 1173, 1174, 1175, 1177, 1180, 1183, 1184, 1187, 1192, 1194, 1198, 1210, 1218, 1223, 1229, 1237, 1245, 1251, 1256, 1263, 1271, 1282, 1290, 1298, 1310, 1326, 1340, 1348, 1357, 1371, 1385, 1397, 1415, 1434, 1454, 1474, 1488, 1501]
[0, 1287, 1280, 1273, 1266, 1262, 1258, 1254, 1249, 1246, 1244, 1241, 1237, 1237, 1238, 1237, 1240, 1245, 1242, 1240, 1240, 1239, 1206, 1208, 1211, 1226, 1231, 1224, 1224, 1225, 1226, 1230, 1233, 1237, 1243, 1248, 1256, 1264, 1269, 1277, 1283, 1290, 1301, 1310, 1319, 1331, 1342, 1351, 1361, 1372, 1380, 1388, 1398, 1408, 1421, 1433, 1444, 1455, 1485, 1500, 1514]
[0, 1342, 1280, 1273, 1325, 1307, 1304, 1298, 1292, 1288, 1285, 1282, 1281, 1276, 1273, 1275, 1276, 1277, 1278, 1277, 1276, 1276, 1239, 1241, 1245, 1248, 1252, 1259, 1261, 1259, 1261, 1260, 1262, 1269, 1275, 1279, 1284, 1291, 1297, 1304, 1313, 1322, 1329, 1333, 1338, 1343, 1348, 1355, 1363, 1373, 1383, 1391, 1397, 1408, 1420, 1432, 1446, 1458, 1472, 1487, 1500]
[0, 1341, 1280, 1326, 1325, 1307, 1303, 1297, 1293, 1289, 1286, 1284, 1283, 1281, 1281, 1280, 1279, 1280, 1276, 1275, 1279, 1279, 1276, 1279, 1283, 1285, 1286, 1285, 1285, 1286, 1290, 1292, 1293, 1290, 1294, 1297, 1301, 1305, 1307, 1310, 1315, 1319, 1324, 1331, 1338, 1344, 1350, 1358, 1367, 1375, 1381, 1390, 1399, 1409, 1422, 1436, 1450, 1462, 1474, 1489, 1505]
[0, 1420, 1408, 1396, 1390, 1386, 1382, 1376, 1371, 1368, 1364, 1357, 1354, 1350, 1342, 1332, 1325, 1319, 1314, 1310, 1307, 1303, 1280, 1282, 1285, 1287, 1286, 1286, 1288, 1289, 1291, 1291, 1290, 1292, 1292, 1295, 1299, 1302, 1307, 1310, 1312, 1316, 1321, 1327, 1334, 1341, 1347, 1357, 1365, 1372, 1381, 1391, 1399, 1408, 1418, 1432, 1445, 1458, 1472, 1487, 1499]
[0, 1417, 1406, 1395, 1390, 1387, 1381, 1375, 1371, 1366, 1361, 1355, 1352, 1349, 1344, 1334, 1323, 1317, 1313, 1310, 1307, 1303, 1301, 1297, 1293, 1290, 1287, 1285, 1286, 1289, 1289, 1291, 1290, 1292, 1291, 1297, 1299, 1304, 1306, 1310, 1315, 1318, 1323, 1330, 1337, 1344, 1350, 1358, 1366, 1374, 1380, 1389, 1399, 1409, 1421, 1435, 1449, 1461, 1475, 1489, 1504]
[0, 1413, 1402, 1396, 1391, 1387, 1381, 1375, 1371, 1366, 1361, 1356, 1353, 1347, 1337, 1329, 1322, 1316, 1312, 1310, 1305, 1299, 1300, 1295, 1293, 1293, 1290, 1289, 1289, 1286, 1287, 1289, 1289, 1290, 1292, 1295, 1297, 1299, 1302, 1305, 1310, 1315, 1318, 1323, 1330, 1337, 1343, 1349, 1367, 1374, 1382, 1393, 1402, 1411, 1423, 1434, 1448, 1463, 1477, 1492, 1504]
[0, 1413, 1460, 1444, 1427, 1414, 1404, 1392, 1382, 1375, 1368, 1359, 1351, 1344, 1336, 1329, 1323, 1316, 1311, 1309, 1305, 1301, 1296, 1293, 1291, 1289, 1289, 1290, 1287, 1285, 1285, 1287, 1291, 1291, 1291, 1294, 1297, 1299, 1303, 1307, 1311, 1314, 1319, 1324, 1331, 1339, 1345, 1351, 1361, 1371, 1379, 1387, 1396, 1403, 1412, 1423, 1435, 1448, 1480, 1496, 1506]
[0, 1413, 1461, 1444, 1427, 1413, 1403, 1392, 1382, 1375, 1366, 1357, 1353, 1346, 1337, 1331, 1324, 1316, 1312, 1309, 1305, 1301, 1298, 1294, 1291, 1290, 1290, 1287, 1286, 1285, 1286, 1287, 1287, 1289, 1291, 1293, 1296, 1298, 1301, 1305, 1309, 1314, 1317, 1323, 1329, 1336, 1342, 1348, 1357, 1374, 1381, 1392, 1401, 1411, 1422, 1433, 1448, 1462, 1477, 1492, 1504]
[0, 1413, 1465, 1442, 1425, 1412, 1402, 1392, 1382, 1371, 1364, 1358, 1350, 1344, 1337, 1329, 1322, 1316, 1312, 1309, 1304, 1300, 1299, 1296, 1293, 1291, 1289, 1287, 1286, 1286, 1285, 1286, 1287, 1289, 1291, 1293, 1296, 1298, 1301, 1305, 1308, 1313, 1317, 1323, 1329, 1335, 1342, 1349, 1357, 1373, 1380, 1391, 1400, 1409, 1421, 1433, 1446, 1460, 1475, 1490, 1504]
[0, 1413, 1462, 1447, 1432, 1418, 1406, 1395, 1386, 1377, 1370, 1360, 1352, 1348, 1340, 1330, 1323, 1317, 1313, 1310, 1306, 1303, 1298, 1294, 1291, 1290, 1289, 1287, 1285, 1285, 1284, 1285, 1286, 1288, 1291, 1293, 1295, 1297, 1301, 1305, 1309, 1314, 1317, 1322, 1329, 1335, 1342, 1348, 1356, 1365, 1381, 1391, 1400, 1410, 1421, 1433, 1447, 1461, 1476, 1492, 1504]
[0, 1464, 1448, 1437, 1425, 1412, 1402, 1392, 1378, 1368, 1362, 1356, 1349, 1342, 1337, 1327, 1319, 1314, 1312, 1309, 1304, 1299, 1300, 1296, 1293, 1290, 1287, 1285, 1284, 1285, 1287, 1289, 1289, 1290, 1291, 1297, 1295, 1299, 1303, 1306, 1311, 1318, 1322, 1329, 1336, 1343, 1349, 1357, 1365, 1372, 1380, 1389, 1397, 1407, 1419, 1430, 1442, 1456, 1472, 1487, 1501]
[0, 1472, 1457, 1442, 1429, 1417, 1407, 1396, 1385, 1374, 1368, 1361, 1352, 1337, 1337, 1332, 1317, 1314, 1311, 1309, 1303, 1298, 1296, 1293, 1290, 1288, 1287, 1288, 1287, 1285, 1285, 1287, 1288, 1288, 1290, 1290, 1293, 1299, 1302, 1305, 1309, 1313, 1319, 1321, 1325, 1332, 1340, 1348, 1355, 1364, 1372, 1379, 1390, 1399, 1422, 1434, 1448, 1461, 1477, 1490, 1503]
[0, 1465, 1451, 1437, 1427, 1417, 1405, 1395, 1385, 1376, 1367, 1357, 1348, 1341, 1336, 1330, 1323, 1317, 1313, 1309, 1303, 1297, 1296, 1293, 1289, 1286, 1285, 1286, 1284, 1283, 1283, 1283, 1288, 1291, 1292, 1295, 1298, 1299, 1299, 1302, 1307, 1313, 1318, 1321, 1331, 1339, 1343, 1350, 1361, 1369, 1375, 1383, 1394, 1402, 1411, 1426, 1437, 1449, 1463, 1479, 1493]
[0, 1477, 1444, 1430, 1427, 1406, 1397, 1386, 1376, 1369, 1361, 1353, 1345, 1338, 1331, 1324, 1319, 1315, 1309, 1304, 1299, 1296, 1294, 1292, 1292, 1290, 1286, 1285, 1285, 1282, 1283, 1288, 1288, 1290, 1293, 1293, 1293, 1297, 1302, 1305, 1307, 1311, 1316, 1322, 1329, 1339, 1345, 1348, 1358, 1365, 1374, 1388, 1396, 1404, 1415, 1429, 1441, 1451, 1467, 1486, 1500]
[0, 1457, 1444, 1429, 1427, 1406, 1396, 1385, 1376, 1368, 1361, 1352, 1344, 1337, 1328, 1321, 1318, 1314, 1309, 1304, 1299, 1297, 1295, 1292, 1288, 1287, 1286, 1285, 1284, 1282, 1282, 1283, 1284, 1288, 1291, 1291, 1295, 1298, 1299, 1302, 1307, 1313, 1317, 1321, 1326, 1332, 1340, 1347, 1353, 1364, 1373, 1382, 1393, 1402, 1411, 1422, 1434, 1448, 1463, 1479, 1492]
[0, 1468, 1454, 1440, 1426, 1415, 1404, 1394, 1383, 1373, 1364, 1357, 1353, 1345, 1336, 1329, 1324, 1318, 1313, 1307, 1300, 1298, 1296, 1293, 1289, 1286, 1285, 1285, 1284, 1283, 1283, 1283, 1284, 1288, 1290, 1291, 1295, 1299, 1300, 1300, 1305, 1312, 1317, 1321, 1327, 1333, 1340, 1347, 1353, 1363, 1374, 1383, 1391, 1399, 1409, 1421, 1434, 1447, 1461, 1477, 1491]
[0, 1462, 1448, 1434, 1422, 1409, 1399, 1391, 1382, 1372, 1363, 1357, 1350, 1343, 1335, 1326, 1319, 1315, 1309, 1303, 1301, 1300, 1296, 1293, 1289, 1286, 1286, 1285, 1284, 1282, 1280, 1287, 1288, 1289, 1292, 1293, 1293, 1296, 1302, 1305, 1307, 1311, 1316, 1322, 1328, 1336, 1342, 1349, 1359, 1367, 1373, 1381, 1392, 1404, 1415, 1425, 1438, 1451, 1466, 1485, 1497]
[0, 1464, 1450, 1434, 1421, 1410, 1400, 1391, 1381, 1372, 1363, 1356, 1347, 1340, 1335, 1327, 1320, 1316, 1311, 1305, 1299, 1298, 1294, 1291, 1290, 1286, 1283, 1283, 1286, 1285, 1285, 1286, 1286, 1288, 1286, 1285, 1291, 1296, 1297, 1301, 1307, 1312, 1316, 1318, 1322, 1329, 1336, 1344, 1361, 1371, 1379, 1386, 1395, 1405, 1416, 1428, 1442, 1456, 1471, 1489, 1501]
[0, 1465, 1450, 1436, 1426, 1413, 1401, 1393, 1383, 1372, 1364, 1356, 1347, 1337, 1330, 1326, 1322, 1316, 1311, 1308, 1302, 1296, 1294, 1291, 1292, 1288, 1283, 1283, 1285, 1286, 1284, 1284, 1284, 1285, 1286, 1286, 1292, 1295, 1295, 1298, 1304, 1308, 1317, 1318, 1328, 1335, 1342, 1349, 1357, 1364, 1375, 1386, 1395, 1408, 1420, 1435, 1454, 1471, 1486, 1503, 1509]
[0, 1462, 1447, 1433, 1420, 1411, 1401, 1390, 1381, 1371, 1362, 1356, 1349, 1338, 1328, 1323, 1319, 1314, 1308, 1302, 1300, 1298, 1293, 1292, 1289, 1286, 1285, 1285, 1284, 1282, 1281, 1283, 1286, 1287, 1289, 1289, 1290, 1293, 1299, 1302, 1306, 1310, 1316, 1321, 1329, 1335, 1341, 1349, 1357, 1364, 1375, 1387, 1398, 1410, 1427, 1443, 1456, 1472, 1486, 1502, 1507]
[0, 1468, 1451, 1436, 1424, 1415, 1404, 1394, 1383, 1372, 1364, 1356, 1348, 1339, 1330, 1326, 1323, 1317, 1313, 1307, 1300, 1298, 1293, 1291, 1289, 1287, 1287, 1283, 1282, 1284, 1284, 1282, 1283, 1287, 1287, 1287, 1292, 1297, 1298, 1299, 1306, 1312, 1318, 1324, 1333, 1344, 1352, 1360, 1367, 1378, 1390, 1398, 1407, 1416, 1427, 1439, 1450, 1463, 1494, 1502, 1503]
[0, 1471, 1455, 1438, 1425, 1415, 1404, 1395, 1374, 1372, 1363, 1355, 1350, 1331, 1326, 1321, 1317, 1317, 1305, 1307, 1299, 1298, 1296, 1293, 1289, 1283, 1284, 1283, 1284, 1283, 1283, 1285, 1286, 1289, 1292, 1296, 1302, 1308, 1312, 1315, 1317, 1321, 1327, 1334, 1343, 1351, 1357, 1362, 1371, 1383, 1391, 1401, 1411, 1421, 1431, 1442, 1454, 1468, 1485, 1497, 1504]
[0, 1462, 1447, 1433, 1420, 1408, 1398, 1389, 1380, 1367, 1359, 1355, 1347, 1341, 1331, 1323, 1319, 1314, 1308, 1302, 1300, 1298, 1293, 1288, 1284, 1283, 1284, 1284, 1283, 1282, 1283, 1283, 1284, 1288, 1291, 1295, 1300, 1306, 1310, 1314, 1319, 1323, 1326, 1332, 1338, 1347, 1353, 1360, 1371, 1383, 1391, 1399, 1411, 1421, 1429, 1440, 1452, 1467, 1483, 1495, 1505]
[0, 1464, 1450, 1436, 1423, 1410, 1400, 1393, 1382, 1372, 1363, 1355, 1347, 1338, 1330, 1326, 1321, 1315, 1311, 1307, 1301, 1296, 1294, 1289, 1286, 1285, 1283, 1283, 1285, 1287, 1289, 1291, 1292, 1294, 1299, 1303, 1306, 1308, 1309, 1311, 1316, 1320, 1328, 1332, 1342, 1350, 1356, 1364, 1375, 1385, 1393, 1403, 1414, 1426, 1438, 1446, 1457, 1472, 1486, 1502, 1508]
[0, 1459, 1446, 1433, 1421, 1411, 1398, 1385, 1375, 1367, 1360, 1351, 1342, 1335, 1327, 1322, 1318, 1314, 1308, 1302, 1299, 1297, 1294, 1292, 1288, 1286, 1285, 1284, 1284, 1284, 1288, 1293, 1297, 1297, 1300, 1304, 1306, 1309, 1312, 1315, 1318, 1321, 1327, 1332, 1341, 1350, 1356, 1362, 1371, 1382, 1391, 1401, 1414, 1424, 1431, 1442, 1455, 1468, 1484, 1497, 1504]
[0, 1466, 1449, 1436, 1424, 1411, 1400, 1392, 1382, 1372, 1364, 1353, 1345, 1338, 1331, 1326, 1323, 1320, 1315, 1311, 1309, 1308, 1293, 1291, 1292, 1293, 1293, 1295, 1298, 1297, 1297, 1299, 1299, 1297, 1300, 1304, 1304, 1306, 1309, 1312, 1316, 1320, 1322, 1327, 1333, 1340, 1348, 1356, 1364, 1386, 1394, 1404, 1414, 1425, 1439, 1451, 1462, 1473, 1486, 1501, 1507]
[0, 1458, 1442, 1430, 1421, 1410, 1401, 1394, 1387, 1384, 1379, 1369, 1359, 1353, 1346, 1339, 1334, 1329, 1323, 1317, 1312, 1308, 1308, 1306, 1303, 1300, 1300, 1299, 1297, 1296, 1294, 1295, 1298, 1298, 1300, 1301, 1303, 1307, 1311, 1315, 1317, 1321, 1327, 1332, 1340, 1350, 1355, 1362, 1372, 1382, 1391, 1400, 1413, 1424, 1432, 1443, 1455, 1468, 1484, 1496, 1503]
[0, 1463, 1448, 1436, 1423, 1410, 1404, 1398, 1390, 1386, 1383, 1375, 1365, 1354, 1348, 1341, 1334, 1329, 1324, 1319, 1315, 1311, 1306, 1304, 1303, 1302, 1301, 1299, 1297, 1297, 1297, 1299, 1299, 1298, 1301, 1304, 1305, 1307, 1309, 1312, 1317, 1321, 1323, 1327, 1335, 1341, 1349, 1354, 1361, 1375, 1394, 1400, 1414, 1425, 1438, 1450, 1461, 1473, 1487, 1502, 1506]
[0, 1486, 1474, 1462, 1447, 1436, 1427, 1414, 1401, 1393, 1385, 1373, 1363, 1357, 1350, 1343, 1329, 1329, 1320, 1319, 1311, 1311, 1308, 1306, 1303, 1300, 1300, 1299, 1298, 1296, 1296, 1299, 1298, 1301, 1303, 1303, 1306, 1309, 1312, 1315, 1318, 1322, 1326, 1332, 1340, 1346, 1351, 1361, 1369, 1380, 1391, 1401, 1413, 1424, 1431, 1442, 1455, 1468, 1483, 1496, 1503]
[0, 1480, 1468, 1456, 1444, 1433, 1426, 1413, 1399, 1394, 1385, 1373, 1365, 1355, 1349, 1341, 1333, 1328, 1323, 1319, 1316, 1311, 1304, 1302, 1299, 1298, 1297, 1298, 1298, 1297, 1296, 1296, 1297, 1298, 1299, 1300, 1302, 1306, 1310, 1314, 1319, 1320, 1324, 1331, 1338, 1345, 1351, 1360, 1370, 1382, 1390, 1398, 1411, 1420, 1429, 1441, 1453, 1464, 1475, 1491, 1520]
[0, 1485, 1472, 1459, 1448, 1437, 1427, 1415, 1402, 1393, 1386, 1373, 1356, 1355, 1343, 1336, 1333, 1324, 1320, 1316, 1311, 1306, 1307, 1305, 1303, 1300, 1299, 1297, 1296, 1298, 1295, 1294, 1297, 1300, 1300, 1301, 1306, 1306, 1311, 1314, 1318, 1322, 1329, 1333, 1339, 1346, 1354, 1362, 1369, 1380, 1390, 1398, 1411, 1424, 1432, 1443, 1456, 1472, 1483, 1495, 1502]
[0, 1479, 1467, 1455, 1442, 1429, 1420, 1409, 1398, 1390, 1381, 1369, 1361, 1353, 1345, 1337, 1331, 1326, 1321, 1318, 1315, 1311, 1307, 1305, 1301, 1299, 1297, 1297, 1298, 1297, 1296, 1297, 1297, 1298, 1299, 1300, 1302, 1306, 1310, 1313, 1318, 1323, 1326, 1331, 1338, 1344, 1351, 1360, 1370, 1381, 1390, 1399, 1412, 1422, 1431, 1442, 1454, 1467, 1479, 1492, 1506]
[0, 1477, 1464, 1454, 1442, 1429, 1420, 1410, 1398, 1389, 1381, 1370, 1361, 1353, 1345, 1338, 1332, 1327, 1321, 1318, 1315, 1311, 1307, 1305, 1304, 1300, 1299, 1299, 1297, 1297, 1297, 1299, 1296, 1296, 1300, 1302, 1305, 1307, 1308, 1311, 1316, 1320, 1323, 1328, 1330, 1337, 1344, 1351, 1371, 1381, 1393, 1403, 1414, 1425, 1437, 1449, 1459, 1470, 1485, 1500, 1506]
[0, 1477, 1462, 1450, 1439, 1428, 1417, 1406, 1399, 1390, 1379, 1368, 1359, 1354, 1342, 1332, 1328, 1326, 1324, 1318, 1316, 1312, 1307, 1305, 1303, 1301, 1299, 1298, 1297, 1296, 1294, 1294, 1295, 1297, 1301, 1302, 1304, 1306, 1308, 1310, 1318, 1320, 1322, 1328, 1337, 1347, 1355, 1363, 1374, 1384, 1392, 1402, 1414, 1423, 1435, 1446, 1457, 1471, 1485, 1498, 1504]
