[0, 0, 0, 0, 0, 0, 0, 0, 0, 0, 0, 0, 0, 0, 0, 0, 0, 0, 0, 0, 0, 0, 0, 0, 0, 0, 0, 0, 0, 0, 0, 0, 0, 0, 0, 0, 0, 0, 0, 0, 0, 0, 0, 0, 0, 0, 0, 0, 0, 0, 0, 0, 0, 0, 0, 0, 0, 0, 0, 0, 0]
[0, 531, 525, 521, 519, 515, 512, 509, 506, 503, 501, 499, 497, 495, 493, 491, 489, 487, 485, 484, 484, 483, 482, 481, 481, 480, 480, 480, 479, 480, 480, 480, 481, 482, 483, 484, 484, 485, 487, 489, 491, 495, 498, 500, 503, 506, 509, 512, 515, 519, 523, 527, 531, 536, 541, 546, 552, 557, 561, 567, 573]
[0, 529, 525, 521, 518, 515, 511, 508, 505, 503, 501, 498, 496, 494, 492, 490, 488, 487, 485, 484, 483, 483, 482, 481, 481, 480, 480, 479, 480, 480, 480, 481, 482, 482, 483, 484, 485, 487, 488, 490, 492, 494, 497, 499, 502, 504, 507, 511, 515, 518, 522, 526, 530, 539, 541, 544, 554, 559, 564, 570, 578]
[0, 529, 528, 524, 520, 516, 513, 510, 505, 503, 502, 500, 495, 494, 493, 491, 488, 486, 485, 484, 483, 482, 482, 481, 481, 480, 480, 479, 479, 480, 480, 480, 481, 482, 483, 484, 484, 485, 487, 489, 493, 495, 498, 500, 503, 506, 509, 512, 515, 518, 523, 527, 531, 537, 541, 546, 552, 557, 561, 566, 573]
[0, 531, 526, 522, 519, 516, 512, 510, 507, 504, 502, 499, 497, 495, 493, 491, 489, 487, 486, 485, 483, 482, 482, 481, 480, 480, 479, 479, 480, 481, 481, 481, 481, 482, 483, 484, 485, 487, 488, 490, 492, 495, 495, 498, 501, 504, 507, 510, 514, 517, 521, 525, 534, 538, 541, 543, 549, 558, 564, 570, 577]
[0, 530, 525, 522, 518, 514, 511, 508, 506, 503, 500, 499, 497, 495, 492, 490, 488, 487, 485, 484, 484, 483, 482, 481, 481, 480, 479, 479, 480, 481, 480, 481, 481, 482, 483, 484, 485, 486, 488, 490, 492, 494, 496, 498, 501, 504, 507, 510, 514, 518, 521, 525, 530, 534, 544, 543, 554, 558, 564, 570, 577]
[0, 532, 527, 523, 520, 513, 511, 510, 504, 503, 502, 497, 497, 493, 492, 491, 489, 488, 486, 484, 484, 483, 482, 481, 481, 480, 479, 479, 479, 480, 480, 481, 481, 482, 483, 484, 485, 487, 488, 491, 493, 495, 497, 499, 502, 505, 508, 511, 515, 518, 522, 526, 531, 536, 541, 546, 551, 556, 561, 566, 572]
[0, 529, 525, 521, 518, 515, 511, 508, 505, 503, 501, 498, 496, 494, 492, 490, 489, 487, 486, 485, 483, 483, 482, 481, 480, 479, 479, 479, 480, 480, 481, 480, 481, 482, 483, 484, 485, 486, 488, 490, 492, 494, 495, 498, 501, 504, 507, 510, 514, 518, 521, 525, 530, 534, 539, 549, 551, 559, 564, 570, 577]
[0, 533, 529, 525, 521, 518, 515, 512, 510, 507, 504, 502, 500, 498, 496, 495, 493, 491, 490, 489, 487, 487, 486, 486, 480, 480, 480, 480, 480, 480, 480, 481, 482, 482, 483, 484, 485, 486, 488, 490, 492, 494, 496, 501, 504, 504, 510, 510, 517, 520, 525, 529, 534, 540, 544, 548, 553, 559, 565, 571, 577]
[0, 534, 529, 526, 522, 518, 515, 512, 510, 508, 505, 503, 501, 499, 496, 495, 494, 492, 490, 489, 488, 487, 486, 486, 485, 485, 484, 485, 485, 485, 485, 486, 487, 487, 488, 489, 490, 492, 494, 496, 498, 500, 502, 505, 507, 510, 513, 516, 520, 523, 531, 529, 541, 546, 551, 555, 560, 566, 572, 578, 585]
[0, 534, 531, 527, 524, 521, 517, 514, 512, 509, 507, 504, 502, 500, 498, 495, 494, 493, 491, 489, 490, 487, 486, 486, 485, 484, 485, 484, 485, 485, 484, 485, 487, 487, 487, 489, 491, 493, 494, 496, 497, 499, 502, 505, 507, 510, 516, 519, 523, 523, 530, 535, 540, 545, 549, 554, 559, 564, 570, 576, 584]
[0, 532, 529, 525, 521, 518, 515, 512, 510, 507, 504, 503, 500, 500, 496, 495, 493, 491, 490, 489, 487, 487, 486, 486, 485, 485, 485, 484, 485, 485, 484, 486, 487, 487, 488, 490, 492, 493, 495, 497, 499, 501, 504, 506, 508, 511, 514, 518, 522, 525, 529, 534, 542, 545, 547, 557, 559, 567, 573, 580, 587]
[0, 536, 532, 528, 525, 523, 519, 516, 514, 511, 509, 507, 504, 502, 500, 499, 497, 496, 496, 494, 493, 492, 490, 489, 485, 485, 485, 485, 485, 485, 485, 486, 487, 487, 488, 489, 490, 492, 494, 496, 498, 500, 502, 505, 507, 510, 513, 516, 520, 523, 531, 534, 536, 546, 552, 556, 560, 566, 572, 578, 585]
[0, 536, 532, 528, 525, 522, 519, 516, 514, 511, 509, 506, 504, 502, 500, 499, 497, 496, 495, 494, 492, 491, 490, 489, 489, 489, 489, 489, 488, 489, 490, 491, 491, 492, 493, 494, 495, 498, 499, 501, 503, 505, 508, 510, 512, 516, 519, 522, 526, 530, 534, 538, 543, 553, 558, 562, 568, 573, 580, 586, 592]
[0, 535, 531, 528, 525, 522, 519, 516, 513, 511, 508, 506, 504, 502, 500, 498, 497, 497, 496, 494, 493, 492, 491, 489, 489, 488, 489, 489, 488, 489, 490, 491, 492, 492, 493, 495, 496, 497, 499, 501, 504, 506, 508, 510, 513, 517, 520, 523, 527, 531, 535, 539, 543, 548, 553, 558, 563, 569, 581, 586, 595]
[0, 538, 534, 530, 527, 523, 520, 517, 514, 512, 509, 507, 505, 502, 501, 499, 498, 496, 495, 495, 493, 492, 491, 490, 490, 489, 488, 488, 488, 488, 489, 491, 492, 493, 494, 495, 496, 498, 500, 502, 504, 506, 508, 511, 513, 517, 520, 524, 527, 531, 536, 540, 545, 549, 554, 559, 565, 571, 577, 583, 589]
[0, 535, 531, 528, 525, 522, 520, 516, 513, 511, 508, 507, 504, 502, 500, 499, 497, 497, 495, 496, 493, 492, 491, 490, 489, 489, 489, 489, 488, 489, 490, 491, 491, 492, 493, 495, 496, 497, 499, 501, 503, 505, 508, 510, 513, 516, 519, 523, 527, 530, 534, 539, 544, 548, 553, 558, 563, 575, 577, 587, 589]
[0, 539, 535, 531, 527, 524, 521, 518, 514, 512, 510, 508, 505, 503, 502, 500, 498, 496, 495, 495, 493, 492, 491, 490, 490, 489, 488, 488, 488, 489, 490, 489, 490, 493, 493, 495, 496, 498, 500, 502, 504, 506, 509, 511, 514, 517, 520, 524, 528, 532, 536, 540, 546, 550, 554, 560, 565, 571, 578, 584, 590]
[0, 542, 537, 534, 530, 527, 523, 520, 518, 515, 512, 510, 508, 506, 504, 502, 501, 500, 499, 498, 497, 496, 495, 494, 489, 489, 489, 488, 489, 490, 490, 491, 492, 492, 493, 494, 496, 498, 500, 501, 504, 506, 508, 510, 513, 516, 520, 523, 526, 530, 535, 539, 548, 550, 558, 563, 569, 576, 582, 587, 594]
[0, 538, 537, 534, 531, 528, 524, 522, 519, 516, 514, 511, 509, 506, 505, 504, 502, 500, 499, 498, 497, 496, 495, 494, 494, 493, 493, 493, 493, 494, 494, 493, 494, 496, 497, 498, 499, 500, 503, 506, 508, 510, 512, 514, 517, 520, 522, 526, 531, 539, 543, 548, 548, 553, 562, 568, 574, 580, 586, 591, 599]
[0, 546, 542, 539, 535, 532, 528, 526, 523, 520, 518, 516, 514, 512, 510, 508, 507, 505, 503, 503, 503, 501, 500, 500, 494, 494, 493, 492, 493, 494, 494, 495, 496, 497, 497, 498, 499, 501, 503, 507, 508, 509, 513, 514, 520, 523, 525, 530, 534, 538, 542, 546, 551, 556, 561, 566, 572, 578, 584, 590, 597]
[0, 546, 542, 538, 535, 531, 528, 525, 522, 520, 517, 515, 513, 512, 509, 507, 506, 505, 503, 502, 501, 501, 501, 500, 499, 499, 499, 499, 500, 500, 501, 501, 502, 503, 504, 505, 506, 508, 510, 512, 514, 516, 519, 521, 524, 527, 531, 534, 538, 542, 546, 551, 555, 565, 561, 570, 576, 588, 594, 600, 607]
[0, 554, 550, 546, 543, 539, 535, 533, 531, 528, 526, 524, 521, 519, 517, 515, 513, 512, 511, 510, 509, 509, 508, 507, 499, 499, 498, 499, 500, 500, 500, 501, 502, 502, 504, 505, 506, 508, 510, 512, 514, 517, 519, 522, 525, 528, 532, 536, 539, 543, 547, 551, 556, 560, 565, 571, 577, 589, 594, 601, 608]
[0, 555, 551, 547, 543, 540, 536, 533, 530, 528, 526, 524, 522, 519, 517, 515, 514, 512, 511, 510, 509, 508, 507, 506, 506, 506, 506, 506, 506, 507, 507, 507, 508, 509, 510, 511, 512, 514, 516, 517, 520, 522, 528, 522, 533, 528, 537, 544, 548, 552, 557, 561, 565, 571, 576, 582, 589, 594, 600, 606, 613]
[0, 564, 556, 547, 553, 549, 546, 543, 539, 537, 535, 532, 530, 528, 526, 525, 523, 521, 520, 519, 518, 517, 515, 506, 506, 506, 505, 506, 506, 507, 508, 507, 508, 509, 510, 510, 514, 514, 517, 519, 522, 524, 527, 530, 532, 536, 540, 544, 547, 552, 556, 560, 565, 570, 576, 582, 588, 594, 599, 606, 612]
[0, 561, 557, 553, 550, 546, 544, 542, 539, 536, 533, 531, 529, 527, 526, 524, 522, 521, 519, 518, 517, 517, 515, 515, 515, 515, 505, 515, 515, 516, 516, 516, 517, 518, 519, 510, 523, 525, 527, 529, 531, 534, 537, 540, 543, 546, 549, 553, 557, 561, 565, 569, 575, 580, 586, 592, 597, 602, 609, 616, 628]
[0, 565, 561, 559, 555, 552, 549, 546, 543, 541, 537, 535, 532, 527, 529, 524, 525, 524, 519, 523, 522, 521, 515, 520, 514, 514, 514, 514, 514, 515, 516, 517, 518, 519, 520, 521, 522, 524, 526, 528, 530, 532, 535, 538, 541, 544, 548, 551, 554, 559, 568, 569, 572, 578, 589, 595, 600, 606, 612, 618, 625]
[0, 567, 559, 556, 552, 552, 547, 546, 544, 541, 538, 536, 532, 531, 529, 529, 525, 524, 519, 523, 521, 521, 520, 520, 519, 519, 514, 520, 521, 521, 516, 522, 522, 523, 525, 526, 527, 529, 530, 533, 535, 538, 540, 543, 546, 550, 555, 558, 561, 564, 569, 574, 580, 584, 590, 595, 601, 607, 613, 626, 633]
[0, 564, 560, 556, 552, 551, 548, 546, 544, 539, 538, 534, 532, 531, 529, 529, 527, 524, 519, 523, 522, 521, 520, 520, 519, 518, 519, 520, 520, 521, 521, 522, 522, 523, 524, 526, 527, 528, 530, 533, 535, 538, 540, 543, 546, 550, 554, 558, 561, 564, 569, 574, 579, 584, 590, 595, 601, 613, 619, 626, 633]
[0, 571, 565, 562, 559, 556, 553, 550, 547, 544, 542, 539, 537, 536, 534, 531, 530, 528, 526, 525, 525, 524, 523, 524, 519, 518, 519, 520, 520, 521, 521, 521, 522, 523, 524, 526, 527, 528, 530, 533, 535, 538, 540, 543, 546, 550, 555, 558, 561, 565, 569, 574, 580, 584, 590, 595, 601, 607, 613, 620, 626]
[0, 570, 565, 562, 559, 555, 552, 550, 547, 544, 542, 539, 537, 536, 534, 531, 529, 528, 526, 525, 525, 524, 523, 523, 523, 522, 522, 523, 523, 523, 524, 525, 525, 526, 527, 528, 530, 531, 533, 535, 540, 538, 546, 548, 551, 550, 558, 562, 566, 571, 576, 581, 586, 591, 595, 602, 608, 613, 620, 626, 633]
[0, 591, 586, 582, 578, 574, 571, 568, 564, 562, 559, 557, 556, 554, 552, 550, 548, 547, 546, 544, 543, 542, 541, 541, 522, 522, 522, 523, 523, 523, 524, 525, 525, 526, 527, 528, 529, 531, 533, 535, 537, 542, 546, 548, 551, 555, 558, 562, 566, 571, 576, 581, 586, 590, 595, 601, 607, 613, 620, 626, 633]
[0, 589, 585, 581, 577, 573, 569, 566, 563, 560, 558, 556, 554, 553, 551, 549, 548, 546, 545, 544, 543, 542, 541, 541, 540, 540, 540, 541, 541, 541, 542, 543, 544, 545, 546, 548, 550, 531, 551, 556, 558, 561, 563, 567, 570, 574, 578, 582, 586, 590, 595, 601, 606, 610, 615, 621, 628, 634, 642, 649, 656]
[0, 591, 586, 582, 578, 573, 570, 568, 564, 562, 559, 557, 555, 553, 551, 550, 548, 547, 545, 544, 543, 542, 541, 541, 540, 540, 541, 541, 541, 541, 542, 543, 544, 545, 546, 547, 549, 552, 553, 555, 557, 559, 562, 565, 568, 572, 576, 580, 585, 589, 593, 602, 606, 612, 618, 624, 631, 638, 645, 652, 658]
[0, 603, 598, 594, 590, 587, 584, 581, 578, 574, 570, 568, 566, 565, 563, 562, 560, 558, 556, 555, 555, 554, 553, 552, 541, 540, 541, 541, 541, 541, 542, 543, 544, 545, 546, 546, 548, 550, 552, 557, 557, 561, 564, 565, 570, 574, 578, 583, 587, 591, 596, 601, 606, 611, 617, 623, 629, 636, 644, 650, 657]
[0, 604, 600, 596, 593, 590, 587, 582, 579, 577, 574, 571, 569, 567, 565, 562, 561, 559, 558, 557, 556, 555, 554, 554, 552, 552, 552, 553, 551, 549, 549, 551, 555, 558, 546, 559, 560, 562, 564, 566, 571, 574, 578, 582, 585, 589, 592, 597, 601, 605, 610, 615, 621, 626, 632, 639, 645, 652, 659, 667, 674]
[0, 604, 599, 596, 592, 589, 586, 582, 579, 576, 573, 571, 569, 567, 565, 563, 562, 561, 560, 559, 558, 556, 555, 554, 554, 553, 554, 554, 553, 548, 547, 551, 555, 558, 559, 560, 561, 564, 566, 567, 570, 573, 577, 579, 585, 590, 594, 598, 603, 607, 611, 616, 621, 627, 634, 640, 647, 653, 660, 667, 675]
[0, 606, 602, 598, 595, 592, 588, 585, 581, 578, 575, 573, 570, 569, 566, 563, 563, 562, 560, 559, 557, 556, 556, 555, 554, 554, 555, 554, 551, 548, 549, 555, 559, 560, 560, 562, 564, 566, 568, 570, 572, 576, 579, 582, 585, 589, 593, 597, 601, 605, 609, 614, 620, 625, 631, 644, 647, 657, 665, 672, 679]
[0, 605, 600, 597, 593, 590, 586, 583, 580, 577, 574, 571, 568, 567, 565, 564, 562, 561, 560, 558, 557, 556, 555, 555, 555, 554, 555, 554, 549, 548, 547, 557, 559, 560, 561, 562, 563, 566, 568, 570, 573, 575, 579, 583, 587, 590, 594, 598, 602, 607, 611, 616, 620, 627, 633, 640, 646, 652, 660, 667, 674]
[0, 626, 622, 617, 610, 590, 604, 602, 580, 600, 597, 594, 592, 590, 586, 564, 585, 583, 582, 581, 580, 578, 577, 555, 554, 554, 555, 555, 554, 549, 547, 551, 556, 559, 560, 561, 563, 564, 566, 568, 571, 575, 578, 581, 587, 591, 594, 599, 603, 607, 612, 617, 623, 629, 635, 642, 648, 654, 661, 668, 676]
[0, 627, 622, 618, 614, 611, 608, 605, 602, 599, 596, 594, 592, 590, 588, 586, 584, 582, 580, 579, 578, 578, 576, 575, 575, 576, 574, 555, 0, 543, 540, 542, 556, 0, 583, 585, 586, 588, 590, 594, 596, 598, 601, 604, 607, 611, 615, 619, 623, 629, 635, 641, 646, 651, 657, 663, 670, 676, 685, 694, 700]
[0, 627, 622, 618, 614, 611, 608, 605, 602, 599, 596, 594, 592, 590, 587, 586, 584, 582, 580, 579, 578, 578, 576, 575, 575, 574, 575, 555, 0, 542, 540, 542, 556, 0, 584, 585, 586, 588, 590, 593, 596, 598, 601, 604, 607, 611, 616, 620, 624, 629, 636, 640, 646, 652, 658, 663, 670, 677, 686, 694, 701]
[0, 637, 632, 628, 624, 620, 616, 614, 611, 608, 605, 603, 601, 599, 597, 595, 594, 593, 592, 590, 589, 588, 587, 575, 575, 574, 575, 575, 0, 542, 540, 542, 556, 0, 584, 585, 585, 589, 591, 593, 596, 599, 602, 605, 608, 612, 616, 620, 625, 630, 636, 641, 647, 653, 658, 664, 671, 678, 685, 694, 702]
[0, 644, 639, 634, 630, 626, 623, 619, 616, 614, 611, 609, 606, 603, 602, 600, 599, 597, 596, 595, 594, 593, 592, 587, 587, 587, 586, 0, 542, 537, 538, 542, 556, 0, 0, 595, 597, 598, 600, 603, 605, 607, 610, 614, 618, 621, 625, 631, 636, 640, 644, 656, 647, 668, 674, 680, 689, 697, 704, 711, 718]
[0, 647, 643, 640, 635, 631, 628, 625, 621, 614, 616, 613, 611, 609, 607, 600, 606, 601, 600, 600, 599, 598, 597, 592, 592, 591, 591, 0, 543, 537, 536, 539, 556, 0, 0, 599, 601, 603, 605, 607, 609, 611, 614, 618, 622, 626, 631, 640, 636, 648, 653, 660, 666, 671, 678, 685, 693, 700, 708, 715, 723]
[0, 654, 650, 646, 643, 639, 635, 632, 629, 626, 624, 621, 618, 616, 613, 611, 610, 609, 608, 607, 606, 605, 604, 597, 597, 596, 591, 0, 545, 537, 535, 537, 541, 0, 0, 606, 608, 610, 612, 614, 616, 619, 623, 627, 631, 636, 640, 644, 648, 653, 659, 664, 670, 676, 682, 690, 698, 705, 711, 718, 728]
[0, 657, 650, 648, 643, 644, 642, 638, 634, 631, 627, 625, 623, 620, 618, 616, 614, 613, 612, 611, 609, 609, 604, 607, 604, 604, 591, 0, 544, 536, 534, 536, 541, 0, 0, 613, 614, 617, 619, 621, 624, 628, 633, 636, 639, 643, 647, 651, 657, 662, 668, 674, 678, 684, 691, 699, 707, 713, 720, 729, 738]
[0, 660, 656, 652, 647, 644, 642, 639, 635, 632, 629, 626, 624, 621, 619, 617, 615, 614, 613, 613, 612, 611, 610, 607, 607, 607, 606, 0, 540, 535, 533, 535, 540, 0, 0, 616, 614, 619, 622, 625, 628, 632, 637, 639, 643, 647, 651, 655, 660, 665, 671, 676, 682, 689, 697, 704, 710, 717, 725, 733, 741]
[0, 663, 660, 656, 652, 649, 646, 642, 639, 636, 633, 630, 628, 626, 624, 621, 619, 618, 617, 617, 616, 615, 613, 609, 609, 609, 606, 0, 542, 536, 533, 533, 537, 547, 0, 0, 620, 623, 625, 628, 631, 636, 640, 643, 646, 650, 654, 659, 664, 669, 675, 681, 688, 694, 701, 708, 714, 722, 730, 739, 748]
[0, 670, 665, 656, 657, 653, 650, 647, 645, 636, 639, 637, 634, 632, 624, 627, 626, 625, 617, 621, 620, 615, 618, 613, 614, 614, 606, 0, 541, 534, 532, 533, 537, 547, 0, 0, 624, 627, 630, 633, 635, 638, 642, 646, 648, 652, 657, 662, 665, 671, 677, 682, 690, 697, 703, 710, 716, 723, 731, 740, 750]
[0, 669, 665, 661, 657, 657, 650, 647, 647, 645, 638, 636, 634, 632, 629, 627, 626, 625, 625, 623, 620, 620, 619, 619, 619, 619, 606, 0, 538, 533, 531, 532, 537, 547, 0, 0, 631, 633, 636, 639, 643, 646, 649, 653, 656, 660, 664, 669, 674, 679, 685, 692, 698, 704, 711, 717, 724, 733, 741, 750, 759]
[0, 670, 665, 661, 657, 653, 650, 647, 645, 645, 642, 636, 634, 632, 629, 627, 626, 624, 623, 621, 620, 619, 618, 619, 619, 619, 619, 0, 538, 532, 531, 532, 537, 547, 0, 0, 631, 633, 636, 639, 643, 646, 649, 652, 656, 660, 664, 669, 674, 679, 685, 692, 698, 704, 711, 717, 724, 732, 741, 750, 759]
[0, 691, 686, 682, 678, 675, 672, 668, 664, 661, 659, 656, 654, 651, 648, 648, 647, 645, 644, 643, 642, 640, 639, 618, 619, 619, 619, 0, 538, 533, 531, 533, 537, 546, 0, 0, 631, 633, 636, 639, 643, 646, 649, 652, 655, 660, 664, 668, 673, 678, 684, 690, 697, 704, 710, 716, 723, 731, 739, 748, 757]
[0, 690, 685, 681, 677, 673, 670, 668, 666, 663, 659, 656, 656, 653, 650, 648, 648, 646, 644, 643, 641, 640, 641, 641, 640, 640, 619, 0, 536, 530, 528, 529, 533, 540, 0, 0, 650, 653, 655, 657, 660, 664, 667, 670, 675, 678, 683, 689, 694, 700, 705, 711, 717, 724, 731, 738, 745, 754, 762, 770, 790]
[0, 706, 702, 697, 692, 688, 684, 679, 676, 673, 671, 669, 668, 665, 662, 660, 659, 658, 656, 655, 654, 652, 652, 641, 640, 639, 0, 542, 534, 529, 528, 530, 535, 545, 558, 0, 651, 653, 657, 660, 662, 665, 668, 672, 677, 682, 687, 693, 698, 703, 708, 714, 720, 728, 736, 743, 751, 759, 768, 776, 785]
[0, 709, 704, 700, 695, 690, 687, 683, 680, 678, 675, 673, 671, 668, 666, 664, 663, 662, 660, 658, 657, 657, 656, 651, 651, 651, 0, 536, 529, 527, 528, 530, 536, 545, 0, 563, 0, 665, 668, 671, 674, 677, 680, 684, 688, 693, 699, 704, 708, 713, 718, 725, 733, 739, 754, 743, 770, 778, 787, 796, 806]
[0, 715, 711, 700, 703, 690, 699, 695, 690, 687, 681, 680, 678, 676, 674, 671, 663, 670, 668, 658, 666, 665, 664, 655, 655, 657, 0, 0, 532, 528, 527, 528, 532, 539, 0, 553, 0, 0, 673, 675, 678, 682, 685, 690, 695, 701, 706, 710, 714, 720, 726, 732, 738, 746, 754, 762, 768, 777, 787, 795, 804]
[0, 717, 713, 709, 703, 699, 695, 692, 689, 685, 682, 679, 677, 676, 675, 672, 670, 669, 668, 667, 665, 664, 664, 664, 655, 664, 0, 540, 530, 526, 525, 527, 532, 540, 0, 553, 0, 680, 683, 685, 688, 692, 696, 701, 706, 711, 715, 719, 725, 731, 736, 742, 750, 758, 765, 772, 781, 790, 799, 808, 817]
[0, 734, 728, 723, 719, 715, 712, 708, 704, 702, 699, 697, 694, 691, 690, 688, 686, 685, 684, 682, 680, 679, 678, 665, 664, 664, 0, 0, 532, 527, 526, 526, 529, 536, 0, 553, 0, 679, 682, 685, 687, 691, 696, 700, 704, 709, 713, 718, 723, 729, 734, 742, 748, 754, 762, 770, 778, 786, 795, 805, 815]
[0, 734, 728, 723, 719, 716, 712, 708, 705, 702, 699, 696, 694, 691, 689, 687, 686, 685, 683, 681, 680, 679, 678, 678, 677, 678, 0, 534, 527, 524, 524, 527, 529, 536, 0, 688, 0, 0, 694, 699, 702, 705, 709, 714, 717, 722, 728, 732, 744, 729, 756, 763, 748, 770, 785, 793, 802, 811, 820, 829, 839]
[0, 732, 728, 723, 718, 714, 710, 707, 704, 701, 699, 696, 694, 692, 690, 687, 684, 683, 682, 681, 680, 679, 678, 678, 678, 677, 0, 535, 527, 524, 524, 527, 532, 541, 0, 688, 554, 0, 694, 0, 705, 709, 0, 717, 721, 722, 732, 737, 743, 750, 756, 763, 769, 776, 784, 793, 802, 811, 819, 828, 838]
[0, 749, 745, 739, 734, 730, 726, 721, 717, 715, 713, 710, 708, 706, 703, 702, 701, 699, 697, 695, 695, 694, 693, 677, 678, 678, 0, 0, 532, 526, 524, 527, 532, 541, 0, 689, 0, 0, 696, 699, 702, 705, 709, 714, 717, 722, 728, 733, 738, 745, 751, 763, 769, 777, 785, 793, 803, 812, 821, 830, 839]
[0, 749, 743, 737, 732, 729, 725, 720, 717, 714, 712, 710, 708, 706, 704, 702, 700, 699, 698, 696, 695, 694, 693, 693, 693, 693, 0, 534, 527, 524, 523, 526, 531, 541, 0, 0, 0, 0, 0, 0, 719, 723, 728, 732, 737, 743, 748, 754, 760, 765, 772, 779, 786, 794, 802, 811, 819, 826, 834, 845, 856]
[0, 772, 767, 763, 758, 753, 749, 745, 742, 739, 735, 733, 730, 727, 725, 722, 720, 719, 718, 717, 716, 715, 715, 693, 693, 693, 0, 534, 532, 523, 523, 524, 532, 543, 0, 0, 554, 0, 0, 0, 716, 720, 724, 729, 734, 744, 750, 756, 761, 765, 772, 780, 788, 796, 803, 811, 820, 828, 837, 848, 858]
[0, 775, 770, 766, 761, 756, 752, 748, 745, 742, 739, 736, 734, 733, 730, 728, 726, 725, 724, 722, 721, 720, 720, 715, 715, 0, 0, 538, 528, 522, 520, 524, 532, 0, 0, 0, 729, 732, 734, 737, 741, 747, 751, 756, 761, 765, 776, 782, 761, 788, 801, 808, 816, 824, 832, 840, 850, 860, 868, 877, 887]
[0, 779, 773, 765, 761, 761, 753, 749, 745, 745, 740, 736, 734, 733, 730, 727, 725, 724, 724, 722, 721, 721, 720, 720, 720, 0, 0, 535, 526, 521, 520, 521, 525, 531, 0, 732, 729, 0, 742, 745, 749, 753, 758, 762, 766, 771, 777, 784, 789, 795, 802, 809, 816, 824, 832, 839, 858, 867, 874, 883, 894]
[0, 778, 773, 768, 763, 757, 754, 751, 747, 743, 740, 738, 736, 734, 732, 729, 727, 725, 723, 723, 721, 720, 721, 720, 720, 0, 0, 533, 525, 521, 520, 522, 526, 534, 0, 733, 729, 0, 0, 745, 750, 754, 758, 763, 767, 772, 778, 784, 790, 796, 803, 811, 818, 826, 833, 840, 849, 860, 869, 876, 894]
[0, 781, 775, 769, 765, 761, 756, 753, 751, 747, 743, 740, 738, 736, 733, 731, 729, 727, 726, 723, 724, 722, 722, 721, 720, 722, 0, 533, 523, 521, 521, 522, 529, 539, 0, 0, 735, 0, 742, 745, 752, 757, 760, 766, 770, 776, 782, 788, 794, 799, 807, 815, 822, 830, 835, 845, 856, 865, 872, 881, 891]
[0, 796, 790, 786, 781, 775, 771, 768, 765, 763, 759, 756, 754, 752, 749, 746, 744, 744, 742, 741, 740, 739, 739, 722, 721, 722, 0, 531, 524, 521, 520, 522, 526, 534, 0, 737, 735, 0, 0, 750, 754, 758, 764, 768, 771, 777, 784, 789, 795, 802, 809, 816, 824, 831, 838, 847, 857, 867, 875, 883, 892]
[0, 817, 806, 801, 781, 792, 771, 784, 781, 778, 775, 772, 770, 752, 768, 763, 763, 761, 742, 761, 740, 760, 759, 739, 740, 722, 0, 535, 525, 521, 520, 521, 524, 534, 0, 0, 755, 758, 761, 765, 768, 773, 778, 783, 788, 794, 800, 806, 812, 818, 824, 831, 837, 846, 856, 864, 872, 881, 898, 909, 920]
[0, 821, 815, 809, 805, 801, 797, 792, 789, 785, 782, 780, 778, 776, 775, 773, 772, 770, 768, 767, 766, 765, 757, 756, 756, 722, 0, 529, 523, 520, 520, 521, 524, 534, 0, 771, 755, 0, 781, 785, 790, 794, 800, 805, 810, 815, 822, 827, 833, 839, 846, 855, 864, 871, 878, 887, 896, 904, 913, 924, 936]
[0, 825, 819, 813, 810, 804, 800, 796, 792, 789, 785, 782, 780, 778, 776, 775, 774, 772, 771, 768, 766, 766, 766, 764, 764, 722, 0, 530, 522, 519, 520, 520, 523, 534, 0, 0, 755, 0, 788, 792, 797, 802, 806, 811, 817, 823, 829, 834, 839, 847, 856, 863, 870, 877, 884, 892, 902, 912, 921, 932, 942]
[0, 838, 833, 828, 824, 819, 815, 812, 808, 805, 802, 800, 797, 794, 792, 790, 788, 787, 786, 785, 784, 783, 783, 765, 764, 768, 0, 530, 528, 518, 518, 520, 526, 534, 0, 0, 779, 0, 0, 794, 798, 803, 808, 814, 820, 825, 831, 836, 843, 851, 858, 866, 873, 880, 887, 895, 906, 918, 928, 937, 947]
[0, 836, 833, 826, 822, 819, 814, 812, 809, 805, 802, 801, 799, 792, 792, 790, 789, 789, 788, 786, 785, 783, 783, 783, 782, 768, 0, 531, 522, 519, 518, 519, 522, 528, 536, 0, 779, 804, 808, 812, 817, 821, 826, 830, 834, 841, 848, 856, 863, 868, 873, 881, 888, 904, 887, 924, 933, 942, 952, 963, 974]
[0, 836, 850, 843, 837, 833, 825, 812, 820, 805, 817, 811, 809, 792, 804, 802, 789, 799, 799, 798, 796, 795, 782, 783, 782, 768, 0, 527, 521, 519, 517, 519, 524, 528, 536, 0, 779, 0, 0, 814, 819, 824, 828, 832, 837, 844, 851, 857, 864, 870, 877, 884, 892, 899, 908, 919, 928, 937, 947, 957, 968]
[0, 853, 847, 839, 833, 831, 828, 824, 821, 817, 814, 812, 810, 807, 806, 804, 802, 800, 798, 798, 797, 796, 795, 795, 795, 768, 0, 527, 520, 519, 517, 519, 524, 528, 536, 0, 779, 0, 0, 826, 830, 835, 840, 846, 852, 859, 865, 869, 875, 881, 888, 896, 905, 914, 923, 932, 940, 949, 960, 972, 985]
[0, 873, 866, 861, 857, 852, 846, 842, 839, 835, 833, 831, 828, 826, 824, 822, 820, 818, 817, 817, 815, 816, 816, 795, 795, 768, 0, 530, 522, 518, 517, 518, 523, 528, 536, 0, 779, 0, 822, 826, 829, 834, 839, 844, 851, 857, 863, 868, 874, 881, 888, 896, 904, 912, 922, 932, 940, 949, 959, 981, 994]
[0, 871, 866, 861, 856, 850, 846, 842, 838, 835, 833, 830, 827, 825, 823, 822, 821, 818, 817, 817, 817, 817, 816, 814, 814, 768, 0, 534, 523, 518, 516, 517, 520, 525, 535, 545, 549, 0, 822, 850, 829, 859, 865, 870, 875, 881, 885, 891, 899, 906, 915, 924, 933, 942, 949, 958, 970, 982, 992, 1003, 1014]
[0, 887, 882, 877, 873, 869, 865, 862, 858, 854, 851, 848, 845, 843, 840, 838, 836, 835, 834, 833, 833, 833, 833, 815, 816, 768, 0, 528, 521, 517, 516, 518, 522, 528, 540, 549, 549, 556, 0, 847, 851, 856, 862, 867, 872, 877, 882, 889, 896, 902, 909, 919, 929, 936, 945, 953, 961, 973, 996, 1007, 1020]
[0, 891, 886, 880, 875, 871, 868, 865, 861, 858, 855, 851, 847, 844, 841, 837, 836, 836, 835, 834, 834, 833, 833, 833, 833, 768, 0, 531, 522, 518, 516, 516, 519, 525, 535, 547, 551, 556, 0, 867, 871, 873, 878, 884, 894, 877, 908, 914, 921, 929, 937, 945, 954, 963, 974, 984, 993, 1003, 1014, 1027, 1040]
[0, 902, 896, 890, 885, 881, 877, 873, 871, 869, 866, 863, 861, 859, 856, 854, 853, 852, 850, 850, 849, 848, 833, 834, 834, 768, 0, 525, 522, 519, 516, 0, 523, 525, 535, 0, 555, 0, 866, 871, 874, 879, 883, 889, 894, 900, 906, 913, 919, 926, 935, 943, 951, 961, 972, 982, 992, 1002, 1012, 1023, 1036]
[0, 910, 904, 898, 894, 889, 885, 882, 879, 877, 873, 871, 869, 867, 865, 863, 862, 862, 860, 859, 858, 858, 848, 849, 848, 768, 0, 528, 521, 517, 516, 517, 520, 525, 535, 0, 871, 875, 878, 883, 888, 892, 897, 902, 908, 914, 921, 928, 934, 940, 947, 957, 966, 976, 988, 997, 1004, 1029, 1040, 1052, 1066]
[0, 913, 908, 902, 896, 890, 887, 884, 880, 878, 876, 873, 871, 869, 867, 866, 864, 862, 861, 861, 859, 858, 857, 857, 859, 768, 0, 526, 519, 516, 515, 516, 521, 528, 535, 0, 880, 884, 889, 893, 897, 902, 908, 913, 920, 926, 933, 939, 945, 952, 960, 970, 980, 990, 999, 1008, 1018, 1030, 1042, 1054, 1067]
[0, 947, 942, 936, 932, 927, 923, 919, 914, 911, 909, 906, 903, 902, 900, 897, 896, 895, 894, 895, 894, 892, 857, 858, 859, 768, 0, 533, 523, 517, 515, 516, 519, 524, 0, 0, 879, 886, 891, 895, 899, 904, 910, 916, 923, 930, 936, 941, 947, 955, 963, 975, 987, 995, 1004, 1014, 1026, 1036, 1049, 1062, 1076]
[0, 951, 945, 940, 935, 930, 925, 921, 917, 913, 910, 908, 905, 903, 900, 898, 897, 895, 895, 894, 893, 893, 894, 893, 859, 768, 0, 533, 523, 517, 0, 590, 519, 538, 0, 0, 920, 926, 930, 935, 940, 944, 949, 955, 961, 968, 977, 986, 992, 999, 1007, 1017, 1026, 1036, 1045, 1056, 1068, 1080, 1092, 1107, 1121]
[0, 971, 963, 956, 952, 948, 945, 943, 940, 936, 932, 930, 928, 924, 922, 921, 920, 919, 919, 918, 917, 917, 894, 894, 893, 0, 0, 533, 523, 517, 0, 587, 0, 0, 536, 0, 921, 926, 930, 935, 940, 946, 950, 955, 962, 969, 976, 985, 993, 1000, 1009, 1017, 1027, 1037, 1046, 1057, 1070, 1082, 1095, 1108, 1123]
[0, 974, 966, 961, 953, 949, 947, 943, 941, 937, 933, 931, 929, 925, 923, 922, 921, 920, 919, 918, 918, 919, 917, 918, 919, 0, 0, 533, 0, 591, 593, 591, 587, 580, 536, 0, 943, 947, 953, 956, 960, 966, 974, 982, 988, 995, 1001, 1007, 1016, 1025, 1034, 1043, 1053, 1062, 1072, 1083, 1094, 1108, 1123, 1138, 1165]
[0, 1000, 995, 990, 983, 976, 970, 966, 963, 961, 958, 954, 952, 950, 949, 949, 946, 945, 946, 946, 946, 945, 921, 920, 920, 0, 0, 533, 0, 590, 592, 592, 588, 581, 568, 0, 943, 948, 953, 957, 962, 967, 975, 984, 989, 996, 1001, 1007, 1017, 1025, 1034, 1043, 1053, 1063, 1073, 1084, 1096, 1122, 1138, 1152, 1165]
[0, 1005, 999, 994, 989, 983, 976, 966, 963, 962, 958, 959, 951, 950, 950, 950, 948, 945, 946, 945, 944, 945, 946, 947, 920, 0, 0, 577, 586, 591, 592, 591, 588, 582, 568, 0, 973, 978, 985, 989, 994, 999, 1005, 1012, 1017, 1024, 1033, 1040, 1047, 1058, 1068, 1078, 1086, 1096, 1108, 1120, 1134, 1148, 1161, 1174, 1188]
[0, 1003, 998, 992, 986, 979, 973, 969, 965, 961, 958, 955, 953, 952, 951, 949, 948, 947, 946, 945, 945, 945, 944, 947, 920, 0, 0, 577, 0, 591, 592, 591, 0, 0, 568, 0, 974, 980, 986, 990, 995, 1000, 1005, 1012, 1018, 1025, 1033, 1040, 1048, 1057, 1067, 1078, 1087, 1097, 1109, 1122, 1137, 1151, 1165, 1178, 1191]
[0, 1073, 1067, 1060, 1053, 1047, 1043, 1040, 1035, 1031, 1028, 1025, 1023, 1022, 1020, 1019, 1018, 1017, 1017, 1016, 1017, 1017, 1016, 946, 947, 0, 0, 577, 0, 589, 592, 0, 591, 584, 0, 0, 0, 977, 987, 990, 992, 997, 1001, 1014, 1021, 1028, 1035, 1042, 1051, 1062, 1071, 1080, 1089, 1101, 1114, 1128, 1141, 1154, 1167, 1180, 1193]
[0, 1078, 1070, 1062, 1058, 1053, 1047, 1041, 1038, 1034, 1031, 1030, 1028, 1024, 1021, 1020, 1019, 1018, 1017, 1017, 1017, 1018, 1019, 1018, 1020, 1020, 1021, 577, 0, 0, 597, 0, 1038, 1040, 1044, 1050, 1055, 1059, 1063, 1070, 1076, 1081, 1087, 1095, 1104, 1112, 1120, 1129, 1138, 1149, 1159, 1168, 1180, 1192, 1203, 1218, 1231, 1244, 1259, 1274, 1292]
[0, 1078, 1073, 1067, 1060, 1055, 1048, 1040, 1038, 1036, 1033, 1030, 1027, 1023, 1021, 1020, 1018, 1017, 1017, 1017, 1018, 1017, 1019, 1020, 1020, 1020, 1021, 577, 0, 591, 595, 597, 0, 1040, 1044, 1044, 1054, 1059, 1063, 1069, 1076, 1081, 1087, 1095, 1104, 1111, 1120, 1128, 1138, 1149, 1159, 1168, 1180, 1191, 1203, 1218, 1231, 1244, 1257, 1273, 1290]
[0, 1090, 1083, 1077, 1072, 1066, 1061, 1055, 1051, 1048, 1044, 1042, 1039, 1038, 1036, 1035, 1034, 1034, 1034, 1034, 1034, 1035, 1018, 1020, 1020, 1021, 1021, 577, 0, 0, 596, 0, 1037, 1040, 1043, 1047, 1054, 1058, 1063, 1069, 1075, 1080, 1086, 1093, 1100, 1108, 1117, 1127, 1136, 1146, 1157, 1166, 1177, 1189, 1201, 1213, 1227, 1240, 1254, 1270, 1303]
[0, 1109, 1101, 1094, 1089, 1083, 1078, 1074, 1070, 1066, 1063, 1060, 1057, 1054, 1052, 1050, 1049, 1048, 1049, 1048, 1047, 1047, 1048, 1036, 1036, 1037, 1037, 1038, 1040, 1042, 1044, 1047, 1050, 1053, 1058, 1062, 1067, 1072, 1076, 1082, 1087, 1093, 1099, 1107, 1116, 1124, 1132, 1141, 1161, 1146, 1180, 1192, 1202, 1214, 1227, 1241, 1256, 1270, 1288, 1305, 1303]
[0, 1106, 1098, 1092, 1087, 1082, 1076, 1070, 1066, 1064, 1062, 1059, 1056, 1054, 1053, 1051, 1051, 1050, 1047, 1046, 1046, 1048, 1048, 1048, 1050, 1052, 1053, 1055, 1056, 1058, 1063, 1065, 1069, 1073, 1078, 1081, 1084, 1089, 1095, 1102, 1108, 1115, 1123, 1132, 1139, 1148, 1157, 1166, 1172, 1182, 1193, 1206, 1220, 1232, 1244, 1256, 1269, 1283, 1299, 1305, 1303]
[0, 1127, 1121, 1113, 1107, 1102, 1097, 1091, 1086, 1083, 1081, 1078, 1076, 1074, 1073, 1074, 1074, 1074, 1072, 1071, 1073, 1074, 1049, 1051, 1052, 1053, 1055, 1055, 1056, 1059, 1062, 1065, 1067, 1071, 1075, 1079, 1083, 1088, 1093, 1098, 1105, 1113, 1120, 1128, 1136, 1144, 1151, 1160, 1168, 1177, 1189, 1210, 1223, 1238, 1250, 1262, 1276, 1292, 1309, 1305, 1336]
[0, 1176, 1169, 1161, 1156, 1151, 1145, 1140, 1136, 1133, 1129, 1125, 1122, 1119, 1118, 1118, 1117, 1117, 1116, 1117, 1116, 1116, 1074, 1075, 1077, 1080, 1081, 1081, 1084, 1087, 1093, 1096, 1097, 1101, 1108, 1114, 1120, 1125, 1130, 1136, 1143, 1151, 1159, 1167, 1174, 1180, 1188, 1199, 1212, 1225, 1238, 1249, 1260, 1274, 1302, 1329, 1346, 1352, 1368, 1385, 1407]
[0, 1175, 1169, 1163, 1157, 1151, 1146, 1139, 1134, 1131, 1128, 1125, 1121, 1120, 1119, 1118, 1117, 1116, 1116, 1116, 1117, 1118, 1118, 1118, 1120, 1123, 1125, 1129, 1132, 1132, 1135, 1137, 1140, 1144, 1147, 1151, 1157, 1162, 1168, 1175, 1186, 1151, 1193, 1203, 1219, 1229, 1239, 1250, 1262, 1273, 1283, 1297, 1311, 1326, 1342, 1358, 1374, 1389, 1407, 1385, 1407]
[0, 1173, 1166, 1161, 1155, 1149, 1144, 1139, 1134, 1130, 1128, 1125, 1121, 1120, 1119, 1117, 1116, 1116, 1116, 1116, 1116, 1116, 1117, 1121, 1125, 1126, 1127, 1129, 1130, 1134, 1136, 1138, 1141, 1144, 1148, 1153, 1160, 1164, 1169, 1176, 1183, 1189, 1197, 1207, 1214, 1223, 1236, 1244, 1254, 1267, 1279, 1290, 1303, 1318, 1335, 1350, 1363, 1380, 1399, 1420, 1407]
[0, 1176, 1169, 1163, 1158, 1153, 1146, 1139, 1135, 1132, 1129, 1126, 1122, 1121, 1120, 1118, 1118, 1117, 1117, 1117, 1116, 1117, 1119, 1122, 1124, 1125, 1127, 1129, 1131, 1133, 1138, 1139, 1139, 1144, 1148, 1153, 1160, 1165, 1170, 1177, 1183, 1190, 1198, 1206, 1214, 1224, 1235, 1243, 1258, 1271, 1280, 1292, 1304, 1318, 1337, 1352, 1367, 1383, 1400, 1420, 1407]
[0, 1207, 1202, 1196, 1188, 1181, 1177, 1175, 1171, 1168, 1164, 1161, 1159, 1158, 1156, 1156, 1155, 1154, 1155, 1155, 1155, 1156, 1118, 1119, 1120, 1123, 1125, 1129, 1131, 1132, 1134, 1137, 1139, 1144, 1147, 1151, 1156, 1162, 1168, 1181, 1183, 1186, 1202, 1206, 1219, 1229, 1239, 1250, 1263, 1274, 1284, 1298, 1312, 1326, 1343, 1358, 1374, 1390, 1408, 1420, 1407]
[0, 1213, 1206, 1200, 1194, 1187, 1179, 1176, 1174, 1170, 1162, 1161, 1159, 1160, 1158, 1156, 1156, 1156, 1156, 1156, 1157, 1157, 1157, 1158, 1159, 1160, 1161, 1163, 1164, 1166, 1168, 1170, 1173, 1176, 1178, 1186, 1195, 1201, 1209, 1221, 1228, 1238, 1252, 1259, 1259, 1265, 1275, 1282, 1295, 1307, 1321, 1348, 1312, 1360, 1389, 1405, 1423, 1443, 1466, 1484, 1501]
[0, 1227, 1222, 1214, 1205, 1199, 1192, 1189, 1187, 1183, 1179, 1176, 1175, 1173, 1172, 1171, 1170, 1170, 1169, 1170, 1171, 1171, 1159, 1159, 1159, 1160, 1161, 1163, 1165, 1167, 1171, 1174, 1177, 1179, 1186, 1192, 1199, 1210, 1218, 1231, 1244, 1251, 1254, 1258, 1264, 1269, 1279, 1290, 1302, 1317, 1332, 1344, 1354, 1367, 1382, 1398, 1414, 1443, 1445, 1477, 1493]
[0, 1228, 1223, 1214, 1205, 1201, 1195, 1190, 1187, 1184, 1182, 1179, 1176, 1174, 1172, 1171, 1171, 1171, 1174, 1174, 1172, 1174, 1173, 1174, 1174, 1175, 1177, 1179, 1182, 1185, 1187, 1192, 1194, 1198, 1209, 1215, 1219, 1226, 1238, 1249, 1250, 1252, 1261, 1272, 1278, 1286, 1297, 1310, 1323, 1337, 1349, 1356, 1369, 1383, 1397, 1414, 1432, 1454, 1473, 1490, 1505]
[0, 1278, 1271, 1262, 1256, 1252, 1245, 1239, 1237, 1234, 1228, 1225, 1223, 1222, 1220, 1222, 1224, 1223, 1224, 1228, 1231, 1225, 1178, 1180, 1183, 1188, 1187, 1189, 1197, 1202, 1205, 1206, 1206, 1210, 1219, 1225, 1232, 1238, 1244, 1253, 1263, 1271, 1274, 1282, 1294, 1303, 1317, 1332, 1344, 1354, 1365, 1376, 1389, 1404, 1418, 1432, 1446, 1459, 1473, 1489, 1504]
[0, 1294, 1289, 1283, 1276, 1270, 1264, 1260, 1256, 1252, 1248, 1245, 1243, 1240, 1243, 1247, 1249, 1248, 1248, 1247, 1244, 1243, 1226, 1230, 1231, 1237, 1237, 1237, 1243, 1245, 1243, 1246, 1250, 1253, 1260, 1269, 1273, 1277, 1284, 1293, 1301, 1309, 1318, 1327, 1337, 1345, 1351, 1357, 1365, 1373, 1380, 1390, 1398, 1406, 1417, 1431, 1445, 1457, 1484, 1489, 1516]
[0, 1369, 1362, 1353, 1345, 1339, 1264, 1322, 1256, 1312, 1248, 1309, 1308, 1304, 1243, 1300, 1298, 1299, 1298, 1300, 1300, 1296, 1242, 1243, 1243, 1247, 1252, 1259, 1263, 1262, 1263, 1267, 1270, 1272, 1276, 1281, 1286, 1291, 1299, 1307, 1313, 1320, 1324, 1327, 1336, 1341, 1346, 1355, 1364, 1372, 1379, 1389, 1398, 1418, 1417, 1439, 1454, 1466, 1483, 1500, 1510]
[0, 1365, 1358, 1351, 1343, 1337, 1335, 1329, 1321, 1316, 1313, 1310, 1307, 1304, 1299, 1300, 1302, 1301, 1303, 1304, 1300, 1297, 1294, 1294, 1296, 1294, 1291, 1291, 1291, 1289, 1291, 1293, 1294, 1293, 1294, 1298, 1301, 1303, 1306, 1310, 1313, 1316, 1323, 1329, 1332, 1339, 1349, 1359, 1366, 1373, 1382, 1390, 1399, 1408, 1419, 1430, 1445, 1460, 1477, 1492, 1503]
[0, 1412, 1400, 1393, 1389, 1385, 1379, 1373, 1368, 1364, 1358, 1352, 1349, 1347, 1340, 1329, 1321, 1315, 1311, 1308, 1303, 1300, 1296, 1296, 1298, 1295, 1288, 1287, 1287, 1288, 1290, 1289, 1291, 1295, 1297, 1296, 1298, 1302, 1303, 1306, 1311, 1316, 1321, 1327, 1334, 1340, 1345, 1353, 1361, 1370, 1377, 1386, 1394, 1404, 1417, 1429, 1443, 1457, 1472, 1487, 1498]
[0, 1412, 1400, 1392, 1389, 1384, 1378, 1373, 1368, 1364, 1358, 1353, 1349, 1340, 1332, 1328, 1320, 1315, 1312, 1306, 1301, 1300, 1297, 1293, 1290, 1290, 1290, 1290, 1287, 1287, 1287, 1287, 1291, 1294, 1294, 1294, 1298, 1301, 1303, 1307, 1312, 1317, 1322, 1328, 1332, 1339, 1347, 1357, 1364, 1372, 1380, 1389, 1397, 1407, 1417, 1429, 1443, 1457, 1472, 1486, 1501]
[0, 1420, 1409, 1397, 1392, 1388, 1383, 1377, 1371, 1367, 1364, 1359, 1354, 1350, 1342, 1332, 1324, 1319, 1314, 1310, 1306, 1303, 1297, 1294, 1292, 1291, 1291, 1290, 1288, 1287, 1287, 1289, 1292, 1292, 1293, 1296, 1299, 1302, 1304, 1308, 1313, 1316, 1322, 1328, 1333, 1340, 1348, 1358, 1365, 1372, 1381, 1389, 1398, 1408, 1418, 1429, 1444, 1459, 1475, 1491, 1503]
[0, 1446, 1427, 1417, 1408, 1402, 1396, 1390, 1385, 1377, 1365, 1356, 1349, 1343, 1337, 1332, 1326, 1319, 1312, 1308, 1305, 1301, 1298, 1294, 1294, 1293, 1291, 1288, 1287, 1286, 1286, 1286, 1288, 1291, 1293, 1295, 1298, 1302, 1303, 1310, 1313, 1314, 1317, 1328, 1335, 1341, 1348, 1355, 1362, 1372, 1380, 1390, 1401, 1410, 1418, 1433, 1448, 1460, 1476, 1489, 1501]
[0, 1447, 1427, 1418, 1411, 1404, 1396, 1390, 1382, 1370, 1359, 1353, 1348, 1343, 1335, 1327, 1320, 1315, 1312, 1306, 1300, 1299, 1299, 1296, 1292, 1291, 1289, 1287, 1287, 1286, 1286, 1286, 1287, 1289, 1291, 1292, 1294, 1297, 1301, 1306, 1310, 1313, 1317, 1324, 1330, 1334, 1342, 1354, 1360, 1368, 1378, 1385, 1394, 1405, 1414, 1436, 1451, 1465, 1481, 1495, 1505]
[0, 1474, 1455, 1441, 1429, 1417, 1402, 1391, 1385, 1376, 1365, 1356, 1350, 1343, 1337, 1332, 1325, 1318, 1313, 1309, 1304, 1300, 1298, 1295, 1293, 1292, 1289, 1289, 1289, 1288, 1290, 1292, 1293, 1293, 1294, 1291, 1294, 1302, 1305, 1309, 1313, 1316, 1319, 1323, 1331, 1340, 1348, 1355, 1362, 1372, 1380, 1389, 1398, 1408, 1418, 1430, 1441, 1455, 1474, 1488, 1500]
[0, 1466, 1453, 1438, 1425, 1414, 1403, 1393, 1382, 1372, 1365, 1358, 1349, 1342, 1337, 1329, 1320, 1316, 1313, 1307, 1304, 1301, 1298, 1296, 1293, 1291, 1287, 1285, 1286, 1285, 1284, 1285, 1287, 1289, 1290, 1293, 1298, 1300, 1301, 1305, 1309, 1312, 1317, 1321, 1328, 1335, 1340, 1348, 1355, 1364, 1374, 1382, 1404, 1413, 1418, 1435, 1449, 1461, 1475, 1491, 1505]
[0, 1474, 1458, 1445, 1432, 1421, 1409, 1397, 1389, 1376, 1367, 1362, 1354, 1349, 1342, 1333, 1325, 1320, 1315, 1310, 1305, 1300, 1297, 1296, 1293, 1290, 1288, 1287, 1286, 1285, 1286, 1286, 1287, 1290, 1292, 1292, 1294, 1297, 1301, 1304, 1308, 1311, 1318, 1324, 1328, 1335, 1343, 1350, 1358, 1366, 1373, 1383, 1392, 1404, 1414, 1424, 1438, 1451, 1465, 1481, 1495]
[0, 1471, 1455, 1441, 1428, 1416, 1402, 1391, 1384, 1375, 1365, 1357, 1350, 1343, 1337, 1329, 1322, 1319, 1314, 1309, 1305, 1301, 1299, 1297, 1295, 1291, 1288, 1288, 1286, 1287, 1284, 1285, 1290, 1292, 1294, 1295, 1298, 1302, 1305, 1309, 1312, 1316, 1322, 1328, 1334, 1339, 1344, 1352, 1362, 1371, 1378, 1388, 1398, 1409, 1418, 1430, 1445, 1459, 1476, 1491, 1503]
[0, 1460, 1445, 1429, 1415, 1405, 1396, 1388, 1378, 1367, 1360, 1353, 1345, 1338, 1333, 1325, 1319, 1315, 1311, 1307, 1302, 1297, 1299, 1295, 1292, 1291, 1287, 1285, 1285, 1285, 1285, 1285, 1286, 1287, 1288, 1293, 1295, 1296, 1299, 1304, 1308, 1311, 1316, 1321, 1325, 1331, 1339, 1347, 1355, 1362, 1381, 1391, 1399, 1409, 1421, 1432, 1446, 1461, 1475, 1489, 1501]
[0, 1460, 1445, 1429, 1416, 1405, 1396, 1388, 1378, 1367, 1360, 1353, 1345, 1338, 1332, 1325, 1318, 1314, 1310, 1306, 1301, 1297, 1295, 1293, 1290, 1290, 1289, 1285, 1281, 1284, 1286, 1286, 1286, 1287, 1291, 1294, 1297, 1300, 1300, 1303, 1311, 1315, 1318, 1320, 1328, 1337, 1342, 1347, 1355, 1366, 1377, 1383, 1389, 1402, 1415, 1427, 1439, 1448, 1465, 1485, 1496]
[0, 1459, 1447, 1432, 1419, 1408, 1397, 1389, 1379, 1369, 1362, 1355, 1347, 1339, 1334, 1326, 1319, 1314, 1308, 1304, 1300, 1296, 1294, 1292, 1287, 1286, 1289, 1285, 1281, 1280, 1282, 1285, 1286, 1287, 1290, 1293, 1296, 1299, 1302, 1305, 1306, 1311, 1316, 1319, 1326, 1336, 1343, 1348, 1353, 1364, 1374, 1381, 1390, 1402, 1413, 1425, 1438, 1448, 1463, 1479, 1493]
[0, 1469, 1452, 1442, 1430, 1415, 1403, 1396, 1387, 1375, 1365, 1359, 1354, 1346, 1338, 1331, 1323, 1314, 1310, 1304, 1300, 1300, 1295, 1293, 1289, 1288, 1287, 1284, 1283, 1282, 1281, 1284, 1286, 1288, 1287, 1290, 1293, 1294, 1298, 1304, 1306, 1309, 1314, 1320, 1327, 1334, 1342, 1348, 1354, 1362, 1372, 1382, 1391, 1399, 1410, 1423, 1434, 1447, 1464, 1480, 1494]
[0, 1475, 1444, 1442, 1431, 1405, 1396, 1396, 1378, 1369, 1362, 1353, 1354, 1339, 1333, 1326, 1319, 1314, 1310, 1305, 1301, 1297, 1295, 1294, 1290, 1286, 1286, 1285, 1285, 1283, 1282, 1285, 1286, 1288, 1291, 1289, 1292, 1299, 1301, 1301, 1307, 1314, 1317, 1321, 1329, 1336, 1341, 1347, 1355, 1365, 1376, 1383, 1389, 1401, 1414, 1425, 1438, 1449, 1465, 1482, 1493]
[0, 1459, 1445, 1430, 1416, 1406, 1397, 1388, 1377, 1367, 1360, 1352, 1345, 1338, 1332, 1324, 1318, 1313, 1308, 1304, 1301, 1296, 1294, 1292, 1290, 1288, 1288, 1285, 1281, 1281, 1282, 1284, 1285, 1287, 1290, 1292, 1295, 1298, 1300, 1303, 1309, 1313, 1317, 1320, 1327, 1336, 1342, 1347, 1355, 1365, 1372, 1380, 1390, 1402, 1413, 1425, 1437, 1448, 1465, 1481, 1492]
[0, 1466, 1450, 1438, 1425, 1413, 1399, 1388, 1381, 1375, 1365, 1356, 1349, 1340, 1334, 1328, 1321, 1318, 1313, 1308, 1305, 1299, 1294, 1292, 1289, 1287, 1286, 1284, 1284, 1283, 1282, 1284, 1285, 1285, 1286, 1290, 1293, 1293, 1298, 1301, 1303, 1309, 1313, 1319, 1326, 1333, 1339, 1343, 1351, 1362, 1371, 1380, 1389, 1398, 1410, 1423, 1436, 1453, 1487, 1507, 1516]
[0, 1458, 1445, 1431, 1418, 1407, 1396, 1387, 1377, 1367, 1360, 1352, 1345, 1338, 1331, 1324, 1317, 1313, 1308, 1304, 1300, 1296, 1295, 1291, 1286, 1285, 1283, 1283, 1283, 1283, 1285, 1285, 1284, 1284, 1286, 1294, 1293, 1293, 1297, 1303, 1309, 1316, 1322, 1332, 1342, 1350, 1359, 1367, 1376, 1387, 1394, 1403, 1414, 1424, 1435, 1447, 1459, 1471, 1485, 1499, 1502]
[0, 1462, 1446, 1435, 1421, 1408, 1400, 1391, 1381, 1371, 1362, 1352, 1345, 1341, 1331, 1322, 1316, 1312, 1309, 1306, 1299, 1297, 1294, 1292, 1289, 1287, 1286, 1284, 1283, 1282, 1282, 1284, 1285, 1285, 1286, 1289, 1293, 1294, 1298, 1305, 1312, 1320, 1327, 1331, 1336, 1344, 1354, 1362, 1370, 1383, 1392, 1399, 1411, 1420, 1429, 1441, 1453, 1466, 1479, 1495, 0]
[0, 1457, 1444, 1431, 1415, 1404, 1393, 1384, 1377, 1367, 1359, 1351, 1344, 1338, 1331, 1323, 1317, 1313, 1308, 1303, 1299, 1296, 1297, 1293, 1287, 1286, 1287, 1286, 1285, 1281, 1282, 1285, 1286, 1286, 1286, 1289, 1291, 1293, 1298, 1304, 1311, 1318, 1325, 1332, 1338, 1346, 1353, 1360, 1369, 1381, 1389, 1398, 1413, 1421, 1428, 1441, 1452, 1464, 1476, 1492, 1510]
[0, 1467, 1452, 1441, 1427, 1412, 1403, 1392, 1380, 1373, 1367, 1361, 1349, 1342, 1333, 1324, 1319, 1316, 1311, 1306, 1299, 1296, 1293, 1289, 1286, 1286, 1285, 1283, 1283, 1283, 1285, 1290, 1292, 1294, 1298, 1303, 1307, 1308, 1311, 1314, 1315, 1320, 1326, 1331, 1337, 1345, 1354, 1362, 1370, 1382, 1391, 1398, 1410, 1420, 1429, 1440, 1452, 1464, 1477, 1494, 0]
[0, 1467, 1451, 1438, 1426, 1413, 1401, 1391, 1382, 1375, 1362, 1353, 1347, 1336, 1327, 1324, 1319, 1311, 1310, 1308, 1304, 1299, 1289, 1285, 1285, 1286, 1285, 1284, 1285, 1286, 1287, 1291, 1289, 1289, 1297, 1303, 1305, 1307, 1311, 1314, 1318, 1322, 1326, 1330, 1342, 1351, 1355, 1363, 1370, 1381, 1392, 1401, 1414, 1424, 1434, 1446, 1458, 1470, 1482, 1497, 1507]
[0, 1459, 1446, 1434, 1421, 1408, 1396, 1387, 1380, 1371, 1361, 1352, 1345, 1337, 1328, 1322, 1316, 1312, 1309, 1305, 1299, 1296, 1295, 1295, 1294, 1292, 1292, 1294, 1295, 1297, 1298, 1297, 1299, 1300, 1300, 1303, 1305, 1305, 1312, 1314, 1318, 1323, 1326, 1332, 1342, 1350, 1355, 1363, 1373, 1384, 1394, 1403, 1414, 1423, 1436, 1448, 1459, 1471, 1482, 1496, 1507]
[0, 1466, 1451, 1440, 1428, 1414, 1403, 1391, 1382, 1374, 1367, 1360, 1349, 1341, 1334, 1330, 1316, 1328, 1317, 1314, 1299, 1310, 1296, 1293, 1291, 1292, 1293, 1295, 1297, 1297, 1297, 1299, 1299, 1300, 1302, 1302, 1303, 1307, 1309, 1313, 1319, 1321, 1325, 1331, 1338, 1345, 1352, 1359, 1366, 1377, 1389, 1398, 1409, 1418, 1428, 1440, 1452, 1464, 1491, 1502, 1506]
[0, 1467, 1452, 1440, 1426, 1413, 1403, 1391, 1374, 1374, 1367, 1355, 1352, 1344, 1338, 1333, 1329, 1324, 1317, 1314, 1312, 1310, 1296, 1307, 1301, 1300, 1298, 1297, 1298, 1298, 1297, 1299, 1299, 1299, 1301, 1304, 1305, 1308, 1311, 1314, 1317, 1322, 1327, 1331, 1340, 1349, 1352, 1360, 1372, 1383, 1391, 1400, 1413, 1423, 1433, 1445, 1456, 1469, 1483, 1496, 1499]
[0, 1464, 1451, 1442, 1434, 1429, 1424, 1415, 1404, 1393, 1385, 1373, 1361, 1355, 1351, 1345, 1335, 1327, 1323, 1319, 1314, 1312, 1306, 1303, 1302, 1301, 1300, 1299, 1297, 1297, 1299, 1300, 1299, 1301, 1302, 1304, 1306, 1307, 1311, 1314, 1317, 1322, 1326, 1330, 1341, 1349, 1354, 1361, 1369, 1381, 1392, 1400, 1413, 1422, 1428, 1439, 1455, 1469, 1481, 1494, 1504]
[0, 1466, 1453, 1440, 1436, 1434, 1427, 1418, 1405, 1393, 1379, 1367, 1360, 1353, 1347, 1339, 1332, 1328, 1324, 1320, 1315, 1313, 1309, 1305, 1302, 1300, 1299, 1298, 1296, 1297, 1297, 1297, 1299, 1300, 1302, 1304, 1306, 1307, 1311, 1315, 1318, 1323, 1326, 1332, 1339, 1347, 1353, 1360, 1373, 1384, 1391, 1399, 1411, 1423, 1434, 1446, 1458, 1470, 1484, 1498, 1502]
[0, 1478, 1465, 1454, 1437, 1426, 1420, 1407, 1400, 1393, 1380, 1369, 1362, 1353, 1346, 1336, 1331, 1328, 1322, 1318, 1314, 1310, 1310, 1307, 1306, 1302, 1298, 1297, 1297, 1297, 1297, 1298, 1298, 1298, 1300, 1302, 1303, 1303, 1306, 1310, 1314, 1323, 1326, 1332, 1341, 1345, 1350, 1361, 1368, 1381, 1393, 1401, 1412, 1423, 1435, 1448, 1458, 1470, 1485, 1500, 1506]
[0, 1478, 1461, 1450, 1438, 1427, 1415, 1403, 1396, 1389, 1378, 1368, 1357, 1349, 1347, 1341, 1332, 1324, 1318, 1315, 1312, 1309, 1307, 1306, 1304, 1301, 1297, 1296, 1297, 1297, 1297, 1298, 1298, 1299, 1301, 1302, 1304, 1306, 1307, 1309, 1313, 1315, 1321, 1326, 1330, 1341, 1349, 1362, 1371, 1384, 1393, 1401, 1412, 1423, 1435, 1448, 1459, 1469, 1483, 1499, 1505]
[0, 1477, 1465, 1453, 1440, 1431, 1420, 1408, 1400, 1392, 1380, 1368, 1360, 1353, 1346, 1338, 1332, 1327, 1323, 1319, 1314, 1310, 1305, 1304, 1304, 1302, 1300, 1300, 1298, 1297, 1298, 1299, 1299, 1301, 1301, 1303, 1306, 1308, 1310, 1314, 1315, 1320, 1326, 1331, 1337, 1345, 1353, 1357, 1363, 1378, 1389, 1398, 1409, 1419, 1428, 1440, 1452, 1464, 1478, 1491, 1492]
[0, 1480, 1467, 1457, 1445, 1433, 1423, 1411, 1401, 1393, 1385, 1373, 1361, 1355, 1348, 1342, 1335, 1326, 1323, 1319, 1313, 1312, 1306, 1305, 1304, 1302, 1299, 1297, 1293, 1293, 1298, 1298, 1298, 1298, 1300, 1302, 1303, 1304, 1306, 1309, 1313, 1317, 1323, 1327, 1332, 1348, 1356, 1364, 1373, 1385, 1394, 1402, 1413, 1424, 1435, 1447, 1458, 1470, 1484, 1499, 1503]
[0, 1481, 1468, 1457, 1444, 1432, 1422, 1411, 1400, 1392, 1388, 1376, 1361, 1355, 1350, 1344, 1335, 1326, 1323, 1318, 1313, 1311, 1309, 1304, 1302, 1300, 1299, 1298, 1296, 1296, 1297, 1297, 1299, 1298, 1302, 1304, 1306, 1308, 1311, 1315, 1318, 1322, 1327, 1331, 1337, 1347, 1353, 1360, 1373, 1384, 1392, 1399, 1411, 1423, 1433, 1445, 1457, 1468, 1482, 1495, 1504]
