[0, 0, 0, 0, 0, 0, 0, 0, 0, 0, 0, 0, 0, 0, 0, 0, 0, 0, 0, 0, 0, 0, 0, 0, 0, 0, 0, 0, 0, 0, 0, 0, 0, 0, 0, 0, 0, 0, 0, 0, 0, 0, 0, 0, 0, 0, 0, 0, 0, 0, 0, 0, 0, 0, 0, 0, 0, 0, 0, 0, 0]
[0, 527, 523, 520, 515, 512, 510, 506, 503, 501, 499, 496, 494, 491, 489, 488, 486, 484, 484, 482, 482, 482, 480, 479, 478, 478, 478, 477, 478, 479, 479, 478, 479, 480, 481, 482, 483, 484, 486, 487, 490, 493, 495, 496, 499, 502, 505, 509, 512, 515, 519, 523, 528, 532, 536, 542, 548, 553, 558, 563, 569]
[0, 529, 525, 521, 517, 514, 510, 507, 504, 502, 499, 497, 494, 492, 490, 488, 486, 485, 484, 484, 482, 481, 480, 479, 479, 478, 478, 477, 477, 478, 478, 478, 480, 481, 481, 481, 482, 484, 485, 487, 490, 493, 495, 496, 500, 503, 506, 509, 513, 517, 521, 525, 530, 534, 539, 544, 550, 555, 560, 566, 573]
[0, 529, 524, 521, 516, 512, 510, 508, 504, 501, 499, 496, 494, 492, 490, 488, 486, 485, 484, 483, 482, 481, 480, 479, 478, 478, 478, 477, 478, 478, 478, 479, 480, 480, 481, 482, 483, 484, 486, 487, 490, 493, 495, 496, 499, 502, 505, 509, 512, 515, 519, 523, 528, 532, 537, 542, 548, 553, 558, 564, 570]
[0, 530, 525, 522, 518, 514, 510, 507, 505, 502, 499, 497, 495, 493, 490, 488, 487, 485, 484, 483, 482, 481, 480, 479, 478, 478, 478, 478, 478, 477, 479, 480, 479, 480, 481, 482, 484, 485, 487, 489, 491, 493, 495, 497, 499, 502, 506, 509, 513, 516, 520, 524, 530, 536, 541, 545, 551, 555, 560, 566, 572]
[0, 526, 525, 519, 518, 515, 512, 506, 505, 503, 500, 498, 496, 494, 492, 490, 487, 486, 485, 484, 483, 482, 480, 479, 479, 478, 478, 478, 478, 479, 479, 479, 480, 481, 481, 482, 483, 485, 486, 488, 490, 493, 495, 497, 499, 502, 505, 508, 512, 516, 519, 523, 528, 533, 538, 542, 547, 552, 558, 563, 569]
[0, 526, 522, 519, 515, 515, 512, 509, 503, 503, 500, 498, 496, 494, 492, 490, 488, 486, 485, 484, 483, 482, 480, 479, 479, 479, 478, 478, 478, 478, 479, 479, 480, 480, 481, 482, 483, 484, 486, 487, 489, 492, 494, 499, 499, 505, 505, 508, 511, 514, 518, 527, 531, 535, 540, 546, 552, 556, 561, 567, 573]
[0, 530, 526, 522, 518, 515, 513, 509, 505, 503, 500, 498, 497, 494, 492, 489, 487, 486, 485, 483, 482, 481, 480, 480, 479, 479, 478, 478, 478, 478, 478, 479, 480, 480, 481, 482, 483, 484, 486, 487, 489, 492, 494, 496, 498, 501, 505, 508, 511, 514, 522, 527, 532, 536, 541, 547, 552, 556, 561, 567, 574]
[0, 532, 527, 522, 519, 515, 513, 509, 505, 503, 501, 500, 497, 495, 493, 491, 490, 488, 485, 484, 484, 483, 482, 482, 479, 479, 478, 479, 479, 479, 479, 479, 480, 480, 481, 482, 483, 485, 486, 487, 490, 492, 495, 497, 499, 502, 505, 509, 511, 515, 519, 527, 532, 536, 541, 546, 552, 556, 562, 568, 575]
[0, 536, 532, 528, 524, 522, 519, 516, 512, 510, 508, 505, 503, 501, 499, 497, 496, 494, 493, 492, 491, 489, 488, 487, 481, 481, 480, 480, 480, 480, 480, 481, 482, 483, 483, 484, 486, 487, 488, 490, 492, 495, 496, 498, 501, 505, 508, 511, 515, 518, 522, 526, 531, 535, 539, 545, 550, 555, 560, 566, 573]
[0, 536, 532, 528, 524, 522, 519, 515, 512, 509, 507, 505, 503, 501, 499, 497, 496, 495, 494, 492, 490, 489, 488, 487, 487, 487, 486, 486, 486, 487, 488, 489, 489, 489, 491, 492, 493, 495, 497, 498, 501, 503, 505, 508, 510, 513, 516, 520, 524, 528, 531, 536, 541, 545, 549, 554, 559, 571, 577, 583, 590]
[0, 538, 535, 530, 527, 523, 520, 517, 514, 512, 509, 506, 504, 502, 500, 498, 497, 496, 494, 493, 492, 490, 489, 489, 487, 487, 486, 486, 486, 487, 487, 488, 489, 489, 490, 491, 493, 495, 497, 498, 501, 504, 506, 508, 511, 513, 516, 520, 524, 528, 532, 536, 541, 545, 550, 555, 560, 565, 571, 577, 584]
[0, 538, 534, 530, 527, 523, 520, 517, 514, 512, 510, 507, 504, 502, 500, 499, 497, 496, 494, 493, 492, 491, 489, 489, 489, 488, 487, 487, 488, 488, 488, 488, 489, 490, 491, 492, 494, 495, 498, 501, 501, 505, 506, 510, 513, 513, 519, 520, 526, 530, 535, 540, 544, 548, 553, 558, 563, 569, 575, 582, 588]
[0, 536, 532, 528, 525, 522, 518, 515, 512, 510, 507, 505, 503, 501, 499, 498, 496, 495, 494, 492, 491, 490, 489, 489, 488, 487, 487, 487, 487, 488, 488, 488, 489, 490, 491, 493, 494, 495, 498, 500, 501, 503, 508, 510, 513, 516, 518, 522, 526, 530, 535, 539, 543, 548, 553, 558, 563, 568, 575, 581, 588]
[0, 541, 536, 533, 530, 526, 523, 521, 518, 515, 512, 510, 508, 506, 504, 502, 500, 498, 497, 497, 495, 494, 493, 493, 487, 487, 486, 486, 487, 487, 487, 488, 489, 490, 492, 493, 494, 495, 497, 499, 501, 504, 506, 508, 511, 514, 517, 520, 524, 528, 532, 536, 541, 546, 551, 556, 566, 568, 577, 581, 591]
[0, 539, 535, 532, 528, 525, 522, 520, 517, 514, 511, 509, 507, 505, 503, 501, 500, 499, 497, 496, 495, 494, 494, 493, 492, 491, 490, 490, 491, 491, 492, 493, 489, 494, 494, 495, 499, 495, 502, 504, 507, 504, 511, 513, 517, 520, 523, 527, 531, 535, 539, 543, 547, 552, 557, 562, 567, 573, 579, 585, 591]
[0, 540, 536, 533, 529, 525, 523, 520, 517, 515, 513, 510, 508, 506, 503, 502, 500, 499, 498, 497, 496, 494, 493, 493, 492, 492, 492, 492, 492, 493, 493, 494, 495, 495, 496, 498, 499, 500, 502, 504, 506, 509, 510, 512, 516, 519, 522, 525, 528, 533, 537, 542, 546, 551, 556, 566, 571, 573, 584, 590, 597]
[0, 539, 535, 531, 527, 524, 521, 518, 516, 514, 511, 509, 507, 505, 503, 501, 500, 499, 497, 496, 496, 494, 493, 493, 492, 492, 491, 491, 491, 491, 492, 493, 494, 494, 497, 498, 499, 501, 502, 505, 506, 507, 511, 514, 517, 520, 523, 527, 531, 535, 540, 544, 547, 553, 558, 563, 569, 576, 581, 586, 592]
[0, 543, 538, 534, 530, 527, 524, 521, 519, 516, 513, 511, 510, 508, 506, 504, 502, 501, 500, 499, 498, 497, 496, 496, 492, 492, 492, 492, 492, 492, 493, 494, 495, 495, 496, 498, 499, 500, 502, 504, 506, 509, 511, 512, 515, 519, 522, 525, 528, 533, 537, 542, 546, 551, 556, 566, 571, 576, 584, 590, 596]
[0, 543, 539, 535, 531, 528, 524, 521, 519, 516, 513, 511, 510, 508, 506, 504, 502, 501, 500, 499, 498, 497, 496, 496, 495, 495, 494, 492, 494, 494, 495, 495, 497, 495, 498, 500, 502, 503, 505, 506, 508, 511, 514, 516, 519, 522, 525, 529, 533, 537, 541, 545, 550, 555, 560, 565, 569, 583, 584, 594, 596]
[0, 543, 538, 535, 535, 528, 524, 521, 522, 519, 515, 511, 510, 508, 508, 504, 503, 502, 502, 501, 499, 498, 496, 498, 495, 494, 494, 493, 494, 495, 495, 496, 497, 498, 498, 500, 501, 503, 504, 506, 508, 511, 514, 516, 519, 522, 525, 529, 533, 537, 541, 545, 550, 555, 560, 564, 569, 576, 583, 594, 600]
[0, 542, 538, 535, 531, 528, 525, 523, 520, 516, 514, 513, 511, 509, 507, 505, 503, 502, 501, 501, 499, 498, 498, 497, 496, 496, 496, 495, 496, 497, 497, 496, 497, 500, 501, 502, 503, 505, 507, 509, 511, 513, 516, 518, 521, 524, 526, 531, 536, 539, 543, 547, 552, 557, 561, 567, 578, 585, 591, 596, 601]
[0, 549, 538, 544, 541, 537, 534, 531, 528, 524, 514, 522, 519, 515, 513, 511, 510, 509, 508, 507, 506, 505, 504, 497, 497, 496, 496, 496, 496, 497, 497, 499, 499, 500, 501, 502, 503, 505, 507, 508, 511, 513, 515, 518, 521, 524, 527, 530, 534, 542, 546, 547, 555, 560, 565, 570, 577, 584, 589, 595, 600]
[0, 550, 546, 543, 539, 536, 533, 530, 527, 524, 522, 520, 518, 516, 513, 511, 510, 509, 508, 507, 506, 505, 504, 504, 497, 503, 503, 503, 503, 503, 504, 505, 506, 507, 508, 510, 511, 512, 514, 516, 518, 520, 523, 526, 528, 531, 535, 538, 543, 547, 551, 556, 560, 564, 569, 581, 588, 593, 599, 605, 612]
[0, 559, 555, 543, 548, 536, 542, 530, 536, 534, 522, 529, 527, 525, 523, 522, 521, 509, 518, 517, 506, 515, 514, 504, 503, 503, 502, 502, 503, 503, 504, 505, 505, 507, 508, 509, 510, 512, 514, 516, 517, 520, 522, 525, 528, 531, 535, 538, 546, 547, 555, 559, 564, 568, 575, 582, 587, 593, 598, 604, 610]
[0, 559, 555, 543, 552, 549, 546, 539, 537, 535, 522, 532, 530, 527, 525, 524, 522, 521, 519, 518, 517, 516, 514, 514, 514, 514, 513, 514, 514, 515, 515, 515, 517, 518, 518, 520, 522, 523, 525, 527, 529, 532, 534, 537, 540, 543, 547, 551, 555, 559, 563, 567, 572, 584, 575, 589, 601, 607, 598, 618, 626]
[0, 561, 557, 553, 550, 546, 544, 541, 538, 535, 533, 530, 528, 526, 525, 523, 521, 519, 518, 518, 517, 515, 515, 515, 514, 514, 514, 514, 514, 515, 515, 515, 517, 517, 518, 520, 522, 523, 525, 527, 530, 532, 535, 537, 541, 544, 547, 551, 555, 559, 563, 567, 573, 578, 584, 590, 595, 601, 607, 620, 626]
[0, 565, 561, 558, 550, 551, 544, 546, 543, 535, 538, 536, 528, 532, 530, 528, 526, 525, 524, 522, 522, 521, 520, 515, 514, 514, 514, 514, 514, 514, 515, 516, 516, 517, 519, 520, 522, 523, 524, 527, 529, 532, 534, 537, 541, 544, 547, 550, 554, 558, 566, 571, 577, 583, 588, 594, 599, 605, 612, 618, 625]
[0, 573, 569, 564, 561, 558, 555, 552, 549, 546, 543, 541, 539, 537, 535, 533, 530, 525, 527, 526, 522, 525, 523, 520, 519, 518, 518, 519, 519, 519, 519, 520, 521, 523, 524, 525, 526, 529, 530, 532, 534, 537, 539, 543, 546, 549, 553, 556, 559, 564, 568, 573, 583, 588, 594, 600, 606, 612, 618, 624, 631]
[0, 569, 565, 562, 559, 556, 553, 549, 547, 545, 542, 540, 537, 535, 533, 532, 530, 529, 527, 526, 526, 525, 524, 524, 523, 523, 523, 523, 523, 524, 524, 524, 525, 526, 529, 531, 531, 533, 534, 536, 539, 542, 544, 547, 550, 554, 556, 560, 564, 572, 578, 582, 587, 593, 598, 604, 610, 615, 622, 629, 636]
[0, 572, 567, 564, 560, 557, 554, 551, 548, 545, 543, 540, 538, 536, 534, 532, 531, 530, 528, 526, 525, 525, 524, 524, 523, 522, 523, 523, 523, 523, 524, 525, 526, 527, 527, 529, 531, 532, 533, 538, 539, 542, 544, 546, 552, 555, 558, 563, 566, 570, 575, 581, 586, 591, 595, 601, 607, 613, 619, 625, 632]
[0, 573, 568, 564, 561, 558, 552, 551, 549, 544, 543, 540, 538, 535, 533, 532, 531, 531, 530, 527, 526, 525, 526, 524, 523, 522, 523, 523, 523, 523, 524, 524, 526, 527, 528, 529, 532, 533, 535, 538, 539, 542, 546, 549, 551, 554, 558, 561, 565, 569, 574, 579, 584, 589, 595, 599, 604, 618, 624, 630, 637]
[0, 591, 587, 583, 578, 574, 570, 567, 565, 562, 560, 558, 556, 554, 552, 551, 549, 548, 547, 546, 545, 543, 542, 527, 526, 526, 526, 526, 526, 527, 527, 528, 530, 530, 531, 533, 535, 537, 539, 542, 544, 546, 549, 553, 556, 559, 562, 566, 570, 579, 584, 589, 594, 599, 604, 611, 616, 622, 629, 637, 644]
[0, 596, 592, 589, 586, 582, 578, 575, 571, 568, 566, 563, 561, 560, 558, 556, 555, 553, 552, 551, 550, 549, 548, 547, 542, 542, 542, 542, 542, 542, 543, 543, 544, 545, 546, 548, 550, 552, 554, 556, 558, 560, 562, 565, 569, 576, 562, 580, 589, 593, 597, 602, 607, 612, 618, 625, 632, 638, 645, 651, 658]
[0, 606, 602, 598, 595, 592, 588, 584, 581, 578, 575, 572, 570, 568, 566, 563, 555, 562, 559, 551, 558, 556, 555, 547, 546, 546, 547, 547, 547, 547, 543, 549, 550, 545, 553, 555, 556, 558, 560, 562, 565, 568, 570, 573, 577, 580, 585, 589, 593, 597, 602, 607, 611, 616, 622, 629, 635, 641, 648, 662, 658]
[0, 606, 602, 598, 594, 591, 588, 584, 581, 578, 575, 572, 570, 568, 566, 564, 562, 561, 559, 559, 558, 557, 555, 555, 554, 546, 554, 555, 556, 556, 556, 557, 558, 559, 561, 562, 563, 566, 568, 570, 572, 576, 579, 582, 585, 589, 592, 596, 600, 604, 609, 614, 619, 625, 637, 643, 649, 656, 664, 672, 678]
[0, 605, 600, 596, 593, 590, 586, 583, 579, 577, 574, 571, 569, 568, 565, 563, 562, 561, 560, 559, 557, 556, 555, 555, 554, 554, 554, 555, 556, 556, 557, 557, 558, 559, 561, 562, 563, 566, 568, 569, 572, 576, 579, 582, 585, 589, 592, 596, 600, 605, 610, 614, 619, 625, 631, 637, 649, 656, 664, 672, 679]
[0, 606, 602, 598, 594, 591, 588, 584, 581, 578, 575, 570, 568, 568, 566, 564, 563, 562, 561, 559, 558, 557, 555, 555, 554, 554, 554, 555, 555, 555, 556, 557, 558, 559, 560, 561, 563, 567, 568, 569, 573, 577, 581, 582, 587, 591, 594, 599, 603, 607, 611, 616, 622, 628, 633, 639, 647, 652, 659, 667, 675]
[0, 604, 600, 596, 593, 589, 586, 582, 579, 576, 573, 571, 569, 567, 565, 563, 562, 561, 560, 559, 558, 556, 555, 555, 555, 554, 554, 555, 556, 556, 557, 557, 558, 559, 561, 562, 564, 566, 568, 569, 572, 576, 579, 582, 585, 589, 592, 596, 600, 605, 610, 614, 619, 625, 631, 637, 650, 656, 664, 672, 679]
[0, 627, 622, 618, 612, 589, 608, 605, 602, 600, 597, 592, 569, 590, 586, 585, 562, 582, 581, 579, 578, 577, 576, 554, 554, 554, 555, 556, 555, 555, 556, 556, 557, 559, 560, 561, 563, 565, 567, 568, 570, 577, 580, 582, 587, 591, 594, 598, 602, 607, 612, 616, 622, 628, 634, 640, 646, 652, 660, 667, 674]
[0, 623, 619, 616, 612, 609, 605, 602, 599, 597, 595, 592, 590, 588, 586, 584, 582, 582, 581, 579, 577, 577, 577, 575, 575, 574, 574, 574, 575, 576, 576, 577, 579, 580, 581, 584, 585, 587, 589, 592, 594, 596, 599, 603, 606, 610, 613, 616, 622, 626, 631, 637, 649, 654, 660, 667, 674, 680, 688, 696, 704]
[0, 631, 626, 622, 618, 614, 611, 609, 606, 603, 600, 597, 596, 594, 592, 590, 587, 585, 586, 586, 584, 582, 582, 576, 575, 575, 575, 575, 575, 576, 577, 578, 579, 580, 582, 583, 585, 586, 588, 591, 593, 596, 599, 602, 610, 610, 613, 616, 625, 630, 636, 643, 647, 652, 660, 665, 671, 678, 686, 695, 703]
[0, 631, 626, 622, 618, 614, 611, 609, 606, 603, 600, 597, 595, 594, 592, 590, 587, 585, 586, 586, 584, 582, 582, 581, 581, 579, 579, 580, 581, 582, 583, 584, 584, 586, 587, 588, 590, 591, 593, 600, 593, 602, 607, 602, 614, 617, 621, 626, 632, 637, 642, 647, 653, 658, 664, 671, 678, 686, 694, 702, 709]
[0, 643, 638, 634, 629, 626, 623, 620, 617, 614, 611, 609, 607, 605, 602, 594, 583, 580, 583, 592, 596, 594, 593, 581, 580, 580, 580, 580, 580, 581, 583, 583, 584, 586, 587, 590, 590, 592, 596, 600, 602, 604, 607, 610, 614, 617, 621, 626, 631, 636, 642, 647, 652, 658, 663, 670, 676, 683, 693, 701, 708]
[0, 652, 648, 644, 640, 636, 632, 629, 626, 624, 621, 618, 616, 613, 611, 0, 583, 577, 578, 584, 596, 603, 601, 593, 592, 593, 593, 592, 593, 594, 595, 596, 597, 598, 599, 600, 602, 604, 606, 608, 611, 614, 617, 621, 624, 628, 633, 638, 642, 647, 652, 662, 668, 674, 681, 688, 696, 704, 711, 717, 725]
[0, 652, 648, 645, 640, 636, 633, 630, 626, 623, 621, 619, 616, 614, 611, 0, 580, 576, 579, 587, 598, 603, 602, 601, 601, 601, 600, 601, 601, 601, 602, 604, 605, 606, 608, 610, 612, 615, 617, 608, 622, 627, 630, 633, 638, 642, 646, 650, 654, 659, 665, 670, 676, 682, 690, 696, 703, 710, 717, 724, 733]
[0, 654, 649, 646, 643, 640, 636, 632, 629, 626, 623, 620, 617, 616, 614, 0, 581, 577, 577, 584, 0, 606, 603, 601, 602, 602, 601, 601, 601, 603, 604, 605, 606, 607, 609, 609, 611, 614, 615, 617, 620, 624, 628, 631, 635, 639, 647, 651, 656, 661, 667, 672, 678, 685, 691, 699, 706, 713, 720, 728, 736]
[0, 654, 658, 653, 649, 645, 642, 635, 631, 626, 628, 624, 617, 621, 611, 0, 0, 577, 575, 587, 602, 608, 607, 602, 604, 604, 603, 602, 602, 602, 603, 604, 607, 609, 610, 611, 614, 614, 618, 621, 620, 627, 630, 633, 638, 642, 646, 651, 655, 660, 666, 673, 678, 683, 691, 699, 705, 712, 720, 728, 737]
[0, 660, 655, 651, 648, 644, 640, 637, 634, 630, 628, 626, 623, 620, 618, 0, 582, 576, 576, 581, 0, 606, 608, 607, 607, 607, 607, 608, 609, 609, 609, 610, 611, 613, 614, 616, 617, 619, 621, 623, 626, 630, 634, 638, 642, 645, 649, 653, 658, 663, 668, 675, 686, 693, 700, 707, 713, 721, 729, 737, 746]
[0, 668, 663, 660, 655, 651, 648, 646, 642, 639, 633, 626, 629, 620, 626, 0, 581, 574, 574, 587, 0, 614, 613, 607, 607, 607, 607, 607, 608, 609, 609, 611, 612, 613, 614, 616, 618, 621, 623, 625, 628, 632, 635, 639, 642, 646, 650, 654, 659, 664, 669, 675, 681, 687, 694, 708, 715, 721, 730, 739, 748]
[0, 670, 666, 662, 658, 654, 651, 648, 646, 644, 641, 638, 635, 633, 631, 0, 575, 573, 574, 587, 0, 0, 620, 613, 614, 0, 0, 614, 614, 615, 616, 617, 618, 619, 621, 623, 626, 627, 629, 632, 635, 640, 643, 645, 648, 652, 656, 661, 665, 670, 676, 681, 687, 702, 709, 715, 721, 729, 738, 746, 754]
[0, 672, 667, 664, 659, 655, 652, 649, 646, 644, 641, 638, 636, 634, 631, 0, 576, 573, 574, 587, 0, 0, 619, 620, 620, 0, 0, 619, 620, 621, 622, 623, 623, 625, 627, 628, 630, 632, 637, 632, 640, 644, 650, 652, 656, 661, 665, 669, 674, 680, 686, 693, 699, 705, 712, 718, 725, 732, 740, 749, 758]
[0, 689, 684, 680, 676, 672, 669, 666, 664, 659, 655, 653, 651, 649, 646, 0, 573, 570, 570, 573, 0, 0, 0, 634, 619, 0, 0, 619, 620, 621, 622, 623, 623, 624, 626, 628, 630, 632, 634, 640, 644, 644, 650, 652, 656, 661, 665, 669, 674, 680, 686, 693, 699, 705, 712, 718, 725, 732, 740, 749, 758]
[0, 701, 695, 690, 686, 681, 679, 676, 673, 669, 666, 665, 662, 660, 0, 579, 570, 567, 568, 572, 0, 0, 0, 634, 634, 0, 0, 635, 637, 621, 640, 641, 642, 644, 645, 647, 649, 651, 654, 657, 660, 663, 667, 670, 674, 678, 683, 689, 695, 701, 707, 711, 718, 725, 732, 739, 748, 756, 764, 772, 781]
[0, 711, 707, 703, 698, 694, 690, 685, 682, 680, 677, 675, 674, 671, 0, 575, 568, 565, 567, 571, 0, 0, 0, 647, 646, 645, 0, 0, 647, 648, 649, 650, 651, 644, 655, 657, 659, 661, 664, 666, 669, 672, 675, 679, 684, 689, 694, 699, 704, 709, 715, 720, 728, 735, 742, 749, 757, 766, 774, 782, 791]
[0, 711, 707, 702, 698, 693, 689, 685, 682, 679, 677, 675, 672, 670, 0, 0, 572, 567, 567, 571, 0, 0, 0, 657, 657, 0, 0, 0, 658, 659, 660, 660, 662, 664, 665, 666, 668, 671, 674, 676, 682, 685, 689, 694, 699, 704, 709, 713, 717, 724, 731, 736, 743, 750, 758, 765, 772, 781, 790, 800, 810]
[0, 717, 712, 709, 704, 700, 697, 693, 689, 686, 682, 680, 678, 677, 0, 573, 567, 565, 566, 571, 0, 0, 0, 657, 657, 657, 0, 0, 659, 660, 661, 662, 662, 664, 666, 667, 670, 672, 674, 677, 680, 683, 686, 690, 695, 700, 706, 710, 714, 720, 726, 733, 739, 746, 761, 769, 772, 785, 795, 805, 814]
[0, 718, 713, 709, 706, 702, 698, 694, 690, 686, 684, 681, 680, 677, 0, 577, 567, 565, 565, 569, 577, 0, 662, 664, 664, 664, 664, 664, 664, 665, 666, 667, 668, 670, 672, 674, 677, 679, 681, 683, 685, 689, 693, 698, 702, 706, 716, 710, 726, 720, 738, 745, 752, 760, 767, 774, 782, 792, 801, 810, 820]
[0, 730, 725, 719, 715, 713, 709, 705, 702, 698, 695, 693, 691, 691, 0, 0, 568, 563, 562, 566, 577, 0, 0, 664, 664, 0, 0, 0, 664, 666, 667, 667, 670, 672, 672, 675, 677, 680, 683, 684, 688, 692, 696, 701, 705, 710, 715, 719, 724, 731, 737, 742, 750, 758, 764, 772, 780, 788, 797, 807, 817]
[0, 732, 726, 721, 717, 713, 710, 706, 703, 700, 698, 695, 693, 691, 0, 571, 564, 563, 565, 568, 578, 0, 677, 677, 677, 677, 678, 678, 678, 679, 680, 681, 682, 684, 686, 688, 690, 693, 696, 699, 701, 704, 709, 713, 717, 722, 727, 732, 737, 743, 750, 756, 763, 769, 777, 794, 802, 811, 819, 828, 838]
[0, 739, 735, 730, 726, 721, 716, 713, 710, 707, 704, 702, 700, 698, 0, 571, 564, 561, 563, 568, 577, 0, 682, 677, 677, 677, 678, 678, 678, 678, 679, 681, 682, 684, 686, 687, 689, 694, 697, 701, 701, 707, 709, 715, 720, 724, 730, 735, 741, 748, 754, 760, 768, 775, 783, 790, 799, 808, 816, 825, 834]
[0, 738, 734, 728, 723, 719, 716, 712, 709, 707, 704, 701, 699, 698, 0, 0, 568, 563, 562, 564, 0, 0, 684, 684, 684, 684, 684, 684, 685, 686, 687, 688, 690, 691, 693, 696, 698, 700, 703, 705, 708, 711, 718, 715, 729, 733, 738, 744, 750, 757, 763, 770, 777, 783, 791, 799, 807, 817, 826, 834, 845]
[0, 753, 749, 743, 739, 735, 730, 726, 723, 720, 717, 715, 713, 712, 0, 566, 568, 562, 560, 568, 579, 0, 695, 684, 683, 684, 685, 685, 685, 686, 687, 688, 691, 692, 693, 696, 699, 701, 704, 707, 709, 712, 716, 720, 725, 730, 734, 739, 746, 754, 760, 765, 772, 779, 795, 799, 803, 820, 829, 838, 848]
[0, 754, 749, 742, 736, 733, 730, 726, 723, 719, 717, 715, 713, 712, 0, 575, 565, 561, 561, 563, 568, 0, 699, 700, 700, 699, 700, 700, 700, 701, 702, 704, 705, 706, 708, 710, 712, 714, 717, 719, 723, 728, 732, 736, 740, 746, 752, 757, 762, 768, 774, 781, 796, 805, 813, 821, 828, 837, 846, 857, 868]
[0, 780, 775, 769, 764, 760, 757, 752, 748, 745, 742, 739, 737, 0, 0, 563, 565, 558, 557, 559, 565, 0, 699, 699, 699, 700, 0, 0, 0, 701, 703, 704, 705, 707, 709, 710, 712, 715, 717, 720, 723, 729, 733, 737, 742, 747, 752, 758, 764, 770, 776, 783, 790, 797, 806, 814, 821, 829, 838, 859, 868]
[0, 777, 771, 767, 763, 758, 753, 752, 751, 744, 741, 738, 736, 0, 0, 567, 560, 557, 558, 562, 568, 575, 699, 0, 721, 721, 722, 0, 724, 724, 725, 727, 729, 731, 733, 735, 737, 740, 742, 747, 751, 754, 758, 763, 768, 773, 779, 785, 790, 795, 810, 783, 825, 832, 841, 850, 860, 869, 876, 885, 895]
[0, 778, 774, 768, 764, 760, 756, 753, 749, 745, 742, 740, 737, 0, 0, 571, 562, 558, 557, 560, 567, 575, 699, 0, 722, 722, 0, 0, 0, 725, 726, 729, 731, 732, 732, 735, 738, 742, 744, 748, 753, 758, 762, 766, 770, 776, 781, 787, 793, 800, 807, 813, 821, 829, 836, 844, 854, 863, 871, 879, 888]
[0, 789, 784, 779, 773, 768, 765, 762, 759, 757, 754, 750, 746, 744, 0, 564, 559, 557, 558, 562, 567, 575, 699, 0, 722, 722, 0, 0, 0, 725, 727, 728, 730, 731, 732, 735, 738, 740, 743, 747, 751, 756, 761, 765, 769, 774, 780, 786, 792, 799, 806, 812, 819, 827, 834, 842, 851, 870, 871, 886, 897]
[0, 789, 783, 777, 771, 768, 764, 761, 757, 753, 750, 748, 745, 744, 0, 572, 563, 558, 557, 559, 564, 575, 0, 0, 0, 729, 0, 0, 732, 733, 733, 734, 737, 739, 740, 744, 747, 750, 754, 757, 762, 766, 770, 774, 780, 785, 791, 798, 805, 811, 817, 825, 832, 838, 847, 858, 866, 874, 882, 890, 900]
[0, 816, 811, 805, 800, 796, 791, 788, 784, 780, 777, 774, 772, 744, 572, 572, 562, 557, 556, 561, 564, 575, 0, 730, 730, 731, 0, 0, 732, 732, 733, 736, 737, 738, 740, 742, 745, 748, 751, 756, 759, 763, 767, 777, 782, 785, 787, 799, 805, 812, 819, 826, 833, 840, 850, 859, 868, 876, 884, 893, 904]
[0, 815, 809, 804, 799, 793, 788, 785, 782, 780, 777, 773, 771, 744, 0, 570, 560, 556, 557, 558, 563, 575, 0, 0, 758, 757, 0, 0, 0, 760, 764, 736, 765, 768, 740, 769, 774, 778, 782, 786, 790, 795, 800, 806, 811, 816, 822, 828, 833, 840, 848, 856, 864, 872, 879, 887, 896, 906, 915, 925, 936]
[0, 832, 828, 822, 816, 812, 809, 806, 803, 799, 797, 793, 790, 744, 0, 563, 557, 554, 555, 558, 563, 575, 0, 0, 0, 0, 0, 0, 759, 760, 762, 763, 764, 767, 769, 770, 772, 775, 779, 782, 786, 791, 801, 806, 813, 816, 823, 829, 835, 842, 850, 857, 865, 872, 880, 888, 897, 906, 916, 927, 938]
[0, 838, 833, 828, 824, 819, 815, 811, 808, 805, 802, 800, 798, 744, 0, 565, 557, 554, 554, 556, 562, 575, 0, 0, 0, 777, 0, 0, 780, 781, 782, 784, 786, 789, 791, 792, 795, 799, 803, 807, 810, 816, 821, 825, 830, 835, 841, 846, 854, 862, 868, 874, 882, 890, 897, 906, 917, 927, 936, 955, 967]
[0, 842, 835, 831, 827, 822, 818, 815, 812, 809, 805, 802, 799, 0, 571, 560, 557, 554, 555, 559, 567, 575, 0, 0, 782, 781, 783, 0, 0, 786, 788, 789, 792, 795, 797, 800, 802, 805, 808, 812, 817, 821, 825, 829, 834, 839, 846, 854, 861, 867, 880, 887, 894, 902, 912, 922, 930, 939, 949, 960, 973]
[0, 850, 844, 837, 832, 828, 825, 820, 815, 813, 811, 809, 806, 0, 572, 560, 560, 555, 554, 559, 567, 575, 0, 0, 782, 0, 784, 0, 0, 787, 0, 788, 791, 794, 796, 801, 804, 808, 811, 813, 819, 825, 828, 833, 839, 845, 851, 858, 865, 871, 877, 884, 891, 899, 909, 918, 928, 938, 947, 957, 968]
[0, 854, 846, 840, 834, 830, 827, 824, 821, 817, 813, 811, 809, 0, 572, 568, 559, 555, 553, 555, 569, 575, 0, 0, 0, 0, 793, 0, 0, 797, 799, 801, 804, 806, 809, 811, 814, 817, 821, 825, 829, 834, 839, 844, 850, 856, 863, 869, 875, 881, 888, 896, 905, 914, 922, 931, 939, 949, 959, 970, 983]
[0, 871, 866, 861, 857, 852, 848, 844, 838, 835, 832, 830, 828, 0, 0, 568, 554, 555, 554, 559, 567, 575, 0, 0, 0, 0, 794, 0, 0, 798, 799, 801, 803, 805, 808, 810, 813, 821, 824, 825, 828, 833, 839, 844, 851, 859, 864, 870, 876, 882, 890, 898, 906, 914, 923, 933, 942, 952, 962, 973, 987]
[0, 870, 865, 859, 854, 849, 845, 841, 837, 834, 832, 829, 827, 0, 0, 562, 555, 554, 554, 557, 567, 575, 0, 0, 0, 0, 0, 0, 816, 819, 821, 801, 824, 828, 830, 832, 835, 839, 842, 847, 853, 858, 863, 868, 874, 879, 883, 890, 896, 903, 911, 920, 929, 938, 946, 954, 964, 977, 989, 999, 1011]
[0, 891, 885, 880, 876, 871, 868, 865, 862, 859, 855, 852, 848, 0, 568, 562, 558, 553, 554, 558, 564, 575, 0, 0, 814, 814, 815, 0, 817, 819, 821, 823, 825, 826, 829, 832, 835, 837, 841, 846, 851, 857, 862, 868, 872, 877, 882, 887, 894, 902, 910, 919, 928, 936, 944, 952, 961, 974, 986, 996, 1007]
[0, 892, 886, 880, 871, 871, 868, 861, 862, 858, 855, 848, 848, 0, 569, 562, 553, 552, 554, 557, 564, 575, 0, 0, 0, 834, 815, 0, 836, 838, 842, 842, 845, 850, 852, 855, 859, 864, 868, 871, 875, 880, 884, 889, 895, 901, 907, 914, 921, 928, 937, 945, 954, 963, 972, 983, 994, 1004, 1014, 1026, 1038]
[0, 891, 886, 880, 875, 872, 868, 864, 862, 859, 854, 851, 849, 0, 0, 562, 555, 553, 553, 555, 561, 572, 0, 0, 0, 833, 834, 0, 0, 838, 842, 842, 845, 849, 852, 855, 859, 864, 868, 871, 875, 880, 884, 889, 895, 900, 907, 914, 921, 928, 937, 945, 954, 963, 972, 983, 993, 1003, 1014, 1026, 1038]
[0, 903, 897, 891, 885, 880, 877, 874, 871, 868, 865, 864, 861, 0, 0, 564, 555, 552, 553, 554, 559, 568, 0, 0, 0, 0, 835, 0, 0, 839, 840, 843, 845, 849, 852, 856, 859, 862, 866, 870, 873, 878, 883, 888, 894, 900, 907, 913, 919, 927, 934, 941, 950, 960, 969, 990, 1001, 1011, 1022, 1034, 1049]
[0, 915, 910, 904, 898, 893, 889, 885, 882, 880, 878, 875, 873, 0, 0, 560, 553, 551, 551, 554, 561, 574, 0, 0, 0, 847, 846, 0, 849, 851, 853, 855, 856, 859, 862, 865, 868, 872, 875, 880, 883, 887, 892, 897, 903, 909, 923, 931, 938, 943, 951, 960, 970, 982, 992, 1000, 1010, 1021, 1032, 1046, 1059]
[0, 935, 930, 923, 918, 913, 908, 904, 901, 899, 896, 894, 873, 0, 0, 558, 553, 550, 551, 555, 561, 574, 0, 0, 0, 863, 0, 0, 0, 868, 869, 871, 873, 875, 878, 880, 883, 888, 893, 897, 902, 907, 913, 919, 925, 933, 939, 944, 949, 956, 964, 977, 989, 998, 1006, 1016, 1027, 1039, 1051, 1065, 1078]
[0, 970, 962, 956, 951, 947, 944, 940, 937, 933, 929, 927, 925, 0, 0, 561, 553, 550, 550, 552, 557, 567, 0, 0, 0, 881, 882, 0, 0, 885, 887, 889, 891, 893, 897, 901, 904, 909, 915, 920, 924, 931, 936, 940, 946, 953, 959, 966, 974, 983, 993, 1001, 1010, 1019, 1029, 1040, 1051, 1064, 1077, 1089, 1102]
[0, 970, 963, 957, 951, 947, 944, 941, 938, 933, 930, 928, 926, 0, 0, 561, 553, 550, 550, 552, 557, 566, 0, 0, 916, 916, 916, 0, 0, 921, 923, 924, 927, 930, 933, 937, 940, 944, 948, 952, 956, 962, 967, 973, 982, 990, 997, 1009, 1019, 1026, 1035, 1045, 1056, 1067, 1078, 1086, 1098, 1113, 1128, 1144, 1159]
[0, 968, 963, 957, 951, 946, 942, 940, 937, 933, 929, 926, 925, 0, 0, 558, 552, 551, 551, 554, 560, 573, 0, 0, 916, 916, 916, 0, 919, 920, 923, 925, 927, 930, 933, 937, 940, 944, 948, 952, 956, 961, 967, 973, 982, 997, 997, 1009, 1019, 1026, 1034, 1045, 1056, 1067, 1077, 1086, 1098, 1113, 1128, 1144, 1158]
[0, 974, 966, 962, 955, 951, 947, 942, 939, 937, 934, 932, 933, 0, 0, 558, 552, 550, 551, 554, 560, 573, 0, 0, 0, 916, 0, 0, 0, 924, 925, 925, 927, 931, 935, 938, 941, 945, 949, 953, 958, 963, 969, 977, 985, 992, 998, 1004, 1013, 1021, 1029, 1037, 1047, 1058, 1068, 1080, 1092, 1105, 1118, 1132, 1163]
[0, 973, 967, 961, 955, 951, 947, 944, 941, 937, 934, 932, 933, 0, 0, 558, 552, 550, 551, 554, 560, 0, 0, 0, 0, 922, 922, 924, 0, 928, 930, 931, 934, 936, 939, 942, 945, 950, 954, 956, 961, 968, 974, 983, 991, 998, 1003, 1009, 1018, 1026, 1035, 1045, 1054, 1064, 1075, 1086, 1097, 1111, 1125, 1140, 1155]
[0, 1031, 1024, 1019, 1013, 1007, 1002, 999, 997, 993, 990, 988, 933, 0, 0, 0, 624, 628, 551, 626, 0, 584, 0, 0, 0, 921, 922, 924, 0, 928, 930, 931, 933, 936, 939, 942, 945, 950, 954, 956, 961, 968, 974, 982, 991, 997, 1003, 1009, 1018, 1026, 1035, 1045, 1055, 1064, 1075, 1086, 1097, 1111, 1125, 1140, 1155]
[0, 1033, 1028, 1021, 1015, 1010, 1006, 1001, 999, 997, 993, 990, 988, 0, 0, 0, 0, 626, 629, 628, 623, 0, 0, 978, 978, 978, 980, 0, 0, 984, 987, 990, 992, 994, 997, 1001, 1004, 1008, 1013, 1019, 1025, 1031, 1038, 1043, 1050, 1058, 1065, 1073, 1081, 1089, 1098, 1110, 1121, 1132, 1144, 1157, 1170, 1184, 1195, 1207, 1223]
[0, 1079, 1073, 1065, 1061, 1056, 1050, 1046, 1042, 1038, 1036, 1035, 988, 0, 605, 618, 625, 629, 629, 625, 623, 0, 0, 0, 977, 978, 0, 0, 0, 983, 986, 990, 992, 994, 999, 1002, 1006, 1010, 1016, 1022, 1026, 1033, 1039, 1047, 1056, 1060, 1068, 1077, 1085, 1093, 1104, 1116, 1127, 1141, 1154, 1165, 1176, 1189, 1202, 1215, 1232]
[0, 1093, 1086, 1080, 1075, 1068, 1062, 1058, 1054, 1050, 1045, 1042, 1040, 0, 608, 619, 625, 629, 628, 624, 623, 615, 0, 0, 1027, 1028, 1030, 0, 0, 1036, 1038, 1040, 1043, 1047, 1052, 1057, 1061, 1066, 1072, 1077, 1082, 1087, 1095, 1103, 1111, 1119, 1126, 1134, 1148, 1159, 1168, 1178, 1189, 1201, 1212, 1226, 1241, 1254, 1268, 1285, 1302]
[0, 1093, 1085, 1079, 1075, 1069, 1058, 1058, 1054, 1050, 1045, 1040, 1040, 0, 608, 619, 625, 628, 628, 624, 623, 615, 0, 1033, 1035, 1035, 1034, 0, 0, 1040, 1042, 1046, 1051, 1055, 1058, 1061, 1066, 1072, 1077, 1080, 1086, 1094, 1103, 1110, 1116, 1124, 1133, 1144, 1153, 1162, 1173, 1182, 1193, 1206, 1220, 1232, 1245, 1258, 1271, 1288, 1302]
[0, 1110, 1102, 1095, 1090, 1085, 1079, 1075, 1070, 1066, 1064, 1061, 1059, 0, 0, 613, 623, 626, 628, 628, 623, 615, 0, 1033, 1035, 1035, 0, 0, 1038, 1040, 1042, 1046, 1051, 1055, 1058, 1062, 1067, 1072, 1077, 1082, 1088, 1094, 1102, 1111, 1118, 1125, 1133, 1144, 1154, 1163, 1174, 1182, 1193, 1206, 1221, 1233, 1245, 1258, 1272, 1289, 1302]
[0, 1107, 1099, 1092, 1087, 1083, 1078, 1073, 1067, 1065, 1063, 1060, 1057, 0, 0, 616, 624, 627, 627, 626, 620, 615, 0, 1051, 1053, 1054, 1055, 0, 0, 1060, 1064, 1066, 1069, 1072, 1074, 1078, 1082, 1087, 1092, 1097, 1104, 1111, 1126, 1111, 1141, 1150, 1159, 1168, 1177, 1186, 1198, 1211, 1223, 1236, 1249, 1262, 1276, 1291, 1307, 1289, 1333]
[0, 1112, 1105, 1097, 1090, 1085, 1081, 1076, 1067, 1065, 1063, 1062, 1059, 1058, 0, 619, 625, 631, 631, 625, 618, 0, 0, 1053, 1054, 1055, 1056, 0, 1058, 1060, 1063, 1065, 1068, 1073, 1076, 1080, 1084, 1087, 1093, 1099, 1106, 1114, 1122, 1129, 1137, 1146, 1153, 1161, 1169, 1179, 1189, 1212, 1225, 1239, 1252, 1264, 1276, 1293, 1307, 1289, 0]
[0, 1110, 1103, 1096, 1090, 1085, 1079, 1076, 1070, 1066, 1063, 1061, 1059, 1058, 0, 614, 623, 626, 628, 628, 623, 0, 1050, 1051, 1052, 1053, 0, 0, 1057, 1060, 1064, 1068, 1070, 1074, 1079, 1083, 1086, 1091, 1096, 1101, 1108, 1115, 1123, 1132, 1140, 1147, 1155, 1165, 1173, 1182, 1194, 1207, 1220, 1231, 1244, 1257, 1271, 1287, 1302, 1289, 1327]
[0, 1110, 1163, 1157, 1152, 1146, 1141, 1136, 1132, 1127, 1124, 1122, 1119, 1117, 1117, 1116, 1114, 1113, 1112, 1112, 1113, 1114, 0, 1051, 1053, 1054, 1055, 1056, 1058, 1060, 1063, 1066, 1068, 1071, 1074, 1078, 1082, 1086, 1092, 1097, 1104, 1111, 1118, 1133, 1140, 1150, 1159, 1168, 1177, 1187, 1199, 1212, 1224, 1237, 1250, 1262, 1276, 1293, 1302, 1289, 0]
[0, 1170, 1163, 1157, 1152, 1146, 1141, 1136, 1131, 1127, 1123, 1121, 1118, 1116, 1117, 1116, 1113, 1112, 1111, 1113, 1114, 1113, 1116, 1118, 1121, 1123, 1124, 1126, 1129, 1131, 1134, 1135, 1137, 1141, 1146, 1153, 1158, 1164, 1169, 1173, 1179, 1187, 1195, 1204, 1211, 1221, 1233, 1242, 1254, 1267, 1277, 1288, 1300, 1316, 1335, 1350, 1365, 1381, 1397, 1419, 0]
[0, 1179, 1173, 1168, 1161, 1156, 1152, 1145, 1137, 1134, 1132, 1129, 1125, 1123, 1121, 1121, 1121, 1120, 1120, 1117, 1117, 1113, 1117, 1117, 1120, 1123, 1124, 1126, 1128, 1131, 1134, 1136, 1138, 1142, 1147, 1153, 1158, 1163, 1169, 1173, 1179, 1187, 1195, 1204, 1211, 1220, 1233, 1242, 1252, 1266, 1279, 1289, 1301, 1317, 1336, 1350, 1365, 1382, 1398, 1420, 0]
[0, 1192, 1185, 1179, 1173, 1167, 1163, 1159, 1154, 1152, 1147, 1141, 1139, 1137, 1135, 1134, 1134, 1135, 1134, 1134, 1135, 1134, 1119, 1117, 1124, 1126, 1124, 1132, 1134, 1135, 1138, 1142, 1143, 1145, 1152, 1158, 1163, 1167, 1173, 1180, 1187, 1193, 1204, 1212, 1219, 1229, 1239, 1249, 1261, 1273, 1284, 1295, 1310, 1329, 1343, 1356, 1373, 1392, 1409, 1420, 0]
[0, 1192, 1186, 1179, 1172, 1167, 1163, 1158, 1155, 1153, 1148, 1143, 1142, 1139, 1136, 1136, 1137, 1137, 1136, 1136, 1136, 1137, 1135, 1135, 1137, 1140, 1141, 1143, 1146, 1149, 1152, 1156, 1157, 1159, 1165, 1168, 1173, 1178, 1183, 1190, 1198, 1210, 1220, 1225, 1231, 1240, 1251, 1264, 1274, 1284, 1295, 1308, 1322, 1336, 1367, 1356, 1398, 1416, 1409, 1445, 1473]
[0, 1213, 1206, 1200, 1193, 1187, 1182, 1178, 1175, 1172, 1169, 1166, 1164, 1162, 1160, 1159, 1158, 1158, 1155, 1154, 1157, 1159, 1138, 1138, 1141, 1143, 1145, 1147, 1148, 1150, 1155, 1159, 1162, 1165, 1168, 1171, 1176, 1181, 1189, 1200, 1205, 1214, 1231, 1237, 1240, 1254, 1262, 1270, 1284, 1294, 1306, 1318, 1332, 1348, 1363, 1378, 1394, 1411, 1431, 1454, 1473]
[0, 1258, 1251, 1244, 1236, 1230, 1224, 1218, 1214, 1212, 1207, 1203, 1201, 1199, 1196, 1195, 1194, 1194, 1193, 1201, 1207, 1203, 1160, 1161, 1162, 1162, 1163, 1165, 1165, 1168, 1171, 1173, 1176, 1179, 1182, 1189, 1198, 1207, 1218, 1228, 1238, 1247, 1254, 1262, 1265, 1269, 1277, 1287, 1300, 1316, 1341, 1353, 1365, 1376, 1390, 1407, 1425, 1448, 1470, 1487, 1503]
[0, 1276, 1268, 1260, 1255, 1249, 1243, 1239, 1236, 1232, 1227, 1225, 1223, 1221, 1222, 1224, 1224, 1222, 1224, 1228, 1230, 1225, 1160, 1202, 1205, 1162, 1214, 1215, 1220, 1220, 1222, 1226, 1227, 1231, 1236, 1240, 1250, 1260, 1267, 1274, 1279, 1284, 1289, 1297, 1309, 1322, 1334, 1345, 1355, 1366, 1378, 1391, 1405, 1416, 1427, 1438, 1451, 1465, 1479, 1496, 1508]
[0, 1280, 1273, 1266, 1258, 1253, 1247, 1242, 1238, 1233, 1230, 1227, 1225, 1225, 1220, 1223, 1226, 1223, 1222, 1223, 1228, 1226, 1228, 1234, 1233, 1237, 1237, 1235, 1238, 1242, 1241, 1243, 1247, 1250, 1258, 1266, 1271, 1275, 1280, 1287, 1295, 1305, 1314, 1324, 1333, 1344, 1351, 1358, 1364, 1371, 1381, 1390, 1401, 1412, 1422, 1433, 1446, 1460, 1476, 1489, 1501]
[0, 1295, 1290, 1283, 1275, 1270, 1264, 1260, 1256, 1252, 1248, 1244, 1241, 1240, 1243, 1245, 1247, 1249, 1248, 1246, 1243, 1241, 1222, 1230, 1233, 1231, 1235, 1235, 1237, 1241, 1243, 1245, 1249, 1251, 1256, 1264, 1267, 1272, 1287, 1287, 1304, 1312, 1322, 1332, 1341, 1347, 1353, 1359, 1369, 1378, 1387, 1395, 1403, 1414, 1427, 1438, 1452, 1468, 1482, 1497, 1511]
[0, 1368, 1361, 1355, 1347, 1339, 1333, 1326, 1324, 1320, 1313, 1310, 1310, 1308, 1304, 1303, 1302, 1301, 1303, 1304, 1303, 1299, 1241, 1244, 1244, 1246, 1251, 1259, 1262, 1260, 1260, 1262, 1266, 1269, 1273, 1279, 1285, 1291, 1298, 1306, 1317, 1324, 1329, 1333, 1336, 1341, 1348, 1356, 1363, 1371, 1379, 1389, 1398, 1406, 1417, 1429, 1442, 1455, 1469, 1499, 1513]
[0, 1389, 0, 1376, 0, 1365, 1333, 1359, 1354, 1348, 1343, 1339, 1337, 1335, 1332, 1327, 1321, 1319, 1315, 1306, 1303, 1300, 1297, 1297, 1298, 1295, 1290, 1289, 1289, 1289, 1289, 1290, 1292, 1295, 1296, 1297, 1298, 1300, 1304, 1307, 1312, 1318, 1321, 1326, 1334, 1341, 1346, 1355, 1364, 1371, 1380, 1389, 1398, 1409, 1421, 1432, 1445, 1459, 1475, 1488, 1501]
[0, 1418, 1407, 1397, 1391, 1388, 1383, 1376, 1371, 1368, 1363, 1358, 1354, 1350, 1344, 1334, 1325, 1319, 1313, 1310, 1306, 1303, 1297, 1296, 1293, 1291, 1290, 1290, 1290, 1287, 1288, 1289, 1291, 1294, 1296, 1297, 1297, 1302, 1306, 1308, 1313, 1318, 1321, 1326, 1334, 1341, 1346, 1355, 1363, 1371, 1379, 1388, 1398, 1409, 1420, 1431, 1444, 1458, 1474, 1488, 1501]
[0, 1416, 1404, 1396, 1391, 1388, 1382, 1375, 1371, 1368, 1362, 1356, 1351, 1348, 1341, 1331, 1323, 1319, 1314, 1310, 1307, 1302, 1298, 1293, 1293, 1293, 1290, 1288, 1287, 1286, 1287, 1287, 1287, 1291, 1294, 1295, 1297, 1303, 1306, 1311, 1314, 1316, 1322, 1331, 1336, 1340, 1349, 1356, 1365, 1376, 1381, 1388, 1397, 1411, 1420, 1432, 1446, 1458, 1477, 1492, 1504]
[0, 1416, 1403, 1395, 1391, 1387, 1382, 1375, 1370, 1367, 1362, 1356, 1352, 1348, 1341, 1331, 1323, 1319, 1314, 1310, 1307, 1302, 1298, 1295, 1293, 1290, 1288, 1287, 1287, 1288, 1290, 1289, 1287, 1292, 1295, 1295, 1298, 1299, 1302, 1307, 1309, 1312, 1317, 1323, 1330, 1337, 1343, 1358, 1365, 1376, 1383, 1392, 1403, 1413, 1423, 1435, 1448, 1464, 1480, 1494, 1507]
[0, 1416, 1453, 1429, 1417, 1407, 1401, 1397, 1387, 1373, 1363, 1356, 1349, 1341, 1334, 1328, 1323, 1318, 1313, 1310, 1307, 1302, 1298, 1295, 1293, 1290, 1289, 1288, 1287, 1288, 1289, 1288, 1288, 1292, 1293, 1294, 1297, 1298, 1301, 1306, 1310, 1313, 1316, 1322, 1332, 1340, 1346, 1354, 1361, 1371, 1378, 1385, 1394, 1404, 1425, 1435, 1435, 1448, 1480, 1496, 1508]
[0, 1416, 1453, 1448, 1420, 1410, 1403, 1398, 1387, 1371, 1363, 1358, 1353, 1346, 1337, 1331, 1325, 1319, 1315, 1311, 1306, 1302, 1298, 1295, 1293, 1290, 1289, 1288, 1287, 1288, 1288, 1288, 1288, 1291, 1293, 1294, 1296, 1298, 1301, 1305, 1310, 1313, 1317, 1322, 1329, 1336, 1343, 1350, 1357, 1367, 1378, 1384, 1393, 1404, 1415, 1425, 1448, 1460, 1476, 1492, 1504]
[0, 1465, 1450, 1436, 1423, 1411, 1400, 1390, 1381, 1373, 1364, 1356, 1348, 1341, 1335, 1329, 1321, 1315, 1312, 1308, 1305, 1300, 1298, 1295, 1294, 1293, 1290, 1288, 1288, 1286, 1287, 1288, 1286, 1290, 1292, 1294, 1297, 1299, 1302, 1306, 1309, 1312, 1317, 1322, 1329, 1336, 1342, 1357, 1365, 1374, 1383, 1390, 1397, 1410, 1423, 1432, 1445, 1460, 1476, 1492, 1503]
[0, 1471, 1455, 1442, 1429, 1415, 1403, 1393, 1383, 1372, 1364, 1358, 1352, 1344, 1336, 1330, 1324, 1318, 1314, 1311, 1306, 1301, 1296, 1294, 1290, 1288, 1287, 1284, 1283, 1285, 1286, 1287, 1288, 1288, 1291, 1293, 1294, 1297, 1300, 1304, 1308, 1312, 1317, 1322, 1329, 1338, 1344, 1352, 1359, 1367, 1374, 1381, 1391, 1399, 1409, 1424, 1438, 1449, 1463, 1480, 1495]
[0, 1461, 1455, 1431, 1417, 1406, 1396, 1393, 1377, 1372, 1362, 1355, 1347, 1338, 1332, 1327, 1321, 1314, 1309, 1306, 1303, 1300, 1297, 1294, 1292, 1292, 1289, 1287, 1287, 1287, 1285, 1284, 1286, 1290, 1292, 1294, 1296, 1298, 1301, 1305, 1308, 1309, 1314, 1322, 1332, 1338, 1349, 1352, 1363, 1373, 1381, 1388, 1397, 1408, 1420, 1430, 1443, 1457, 1474, 1489, 1502]
[0, 1470, 1454, 1441, 1429, 1416, 1405, 1398, 1388, 1373, 1367, 1361, 1351, 1344, 1337, 1329, 1321, 1317, 1312, 1309, 1305, 1300, 1297, 1295, 1293, 1288, 1286, 1285, 1285, 1287, 1287, 1288, 1290, 1290, 1291, 1295, 1296, 1299, 1302, 1307, 1309, 1312, 1318, 1322, 1326, 1334, 1344, 1350, 1359, 1368, 1376, 1386, 1395, 1406, 1415, 1426, 1439, 1450, 1466, 1484, 1497]
[0, 1462, 1449, 1435, 1422, 1411, 1399, 1389, 1377, 1369, 1364, 1356, 1349, 1341, 1334, 1327, 1322, 1316, 1311, 1307, 1304, 1300, 1296, 1293, 1289, 1286, 1285, 1287, 1287, 1286, 1286, 1287, 1288, 1288, 1289, 1292, 1297, 1302, 1306, 1307, 1310, 1315, 1318, 1322, 1328, 1337, 1345, 1351, 1361, 1370, 1378, 1387, 1396, 1406, 1418, 1432, 1446, 1458, 1473, 1489, 1501]
[0, 1469, 1453, 1441, 1428, 1415, 1403, 1393, 1383, 1372, 1365, 1358, 1349, 1341, 1336, 1330, 1323, 1317, 1311, 1307, 1305, 1300, 1296, 1294, 1290, 1288, 1287, 1284, 1284, 1283, 1282, 1285, 1288, 1289, 1290, 1291, 1291, 1294, 1300, 1303, 1308, 1312, 1316, 1322, 1328, 1337, 1343, 1347, 1354, 1363, 1371, 1380, 1390, 1399, 1409, 1421, 1435, 1448, 1459, 1476, 1493]
[0, 1470, 1455, 1441, 1428, 1416, 1404, 1394, 1384, 1374, 1364, 1357, 1350, 1343, 1336, 1330, 1322, 1316, 1312, 1308, 1304, 1300, 1297, 1294, 1292, 1291, 1288, 1284, 1284, 1285, 1283, 1284, 1286, 1286, 1288, 1291, 1291, 1292, 1295, 1299, 1309, 1312, 1314, 1318, 1322, 1328, 1342, 1352, 1362, 1371, 1380, 1387, 1396, 1404, 1416, 1429, 1442, 1454, 1469, 1488, 1501]
[0, 1462, 1449, 1434, 1421, 1411, 1399, 1389, 1378, 1369, 1364, 1356, 1348, 1340, 1334, 1328, 1320, 1314, 1311, 1307, 1303, 1300, 1296, 1293, 1292, 1291, 1288, 1285, 1284, 1284, 1283, 1284, 1286, 1286, 1288, 1290, 1292, 1293, 1295, 1300, 1308, 1313, 1318, 1322, 1328, 1337, 1344, 1351, 1360, 1369, 1377, 1387, 1394, 1404, 1416, 1428, 1439, 1450, 1465, 1484, 1499]
[0, 1461, 1447, 1432, 1420, 1409, 1398, 1387, 1377, 1368, 1362, 1353, 1345, 1339, 1330, 1322, 1318, 1314, 1310, 1306, 1302, 1299, 1297, 1294, 1291, 1290, 1287, 1285, 1285, 1285, 1282, 1285, 1288, 1289, 1289, 1291, 1291, 1293, 1299, 1303, 1307, 1312, 1316, 1321, 1328, 1336, 1342, 1346, 1354, 1363, 1371, 1380, 1390, 1399, 1408, 1420, 1434, 1448, 1460, 1475, 1492]
[0, 1461, 1446, 1430, 1417, 1406, 1393, 1387, 1377, 1369, 1361, 1351, 1343, 1338, 1331, 1323, 1316, 1313, 1309, 1303, 1300, 1299, 1296, 1293, 1288, 1287, 1286, 1285, 1284, 1283, 1284, 1282, 1282, 1287, 1288, 1289, 1293, 1295, 1299, 1302, 1306, 1311, 1315, 1320, 1324, 1330, 1339, 1346, 1353, 1362, 1370, 1379, 1389, 1399, 1408, 1421, 1435, 1454, 1474, 1491, 1506]
[0, 1460, 1443, 1429, 1419, 1408, 1397, 1387, 1376, 1368, 1362, 1353, 1345, 1339, 1330, 1322, 1317, 1313, 1309, 1305, 1301, 1298, 1292, 1288, 1287, 1285, 1286, 1285, 1282, 1284, 1283, 1283, 1286, 1286, 1286, 1290, 1295, 1297, 1301, 1306, 1309, 1311, 1315, 1320, 1325, 1333, 1340, 1346, 1355, 1365, 1375, 1385, 1396, 1408, 1419, 1436, 1454, 1471, 1487, 1500, 1504]
[0, 1459, 1443, 1429, 1419, 1408, 1397, 1387, 1376, 1368, 1361, 1352, 1345, 1339, 1329, 1322, 1317, 1313, 1309, 1304, 1301, 1297, 1294, 1290, 1286, 1285, 1285, 1283, 1282, 1280, 1282, 1284, 1284, 1284, 1286, 1288, 1291, 1294, 1298, 1304, 1308, 1313, 1320, 1329, 1340, 1346, 1353, 1362, 1370, 1382, 1392, 1400, 1413, 1423, 1433, 1445, 1456, 1468, 1483, 1495, 1501]
[0, 1458, 1443, 1430, 1418, 1407, 1397, 1387, 1376, 1367, 1360, 1351, 1344, 1337, 1330, 1323, 1317, 1313, 1308, 1304, 1298, 1295, 1294, 1290, 1286, 1285, 1285, 1283, 1282, 1281, 1282, 1284, 1284, 1285, 1286, 1288, 1290, 1293, 1298, 1303, 1311, 1321, 1329, 1334, 1339, 1346, 1353, 1362, 1371, 1382, 1391, 1400, 1412, 1422, 1433, 1445, 1455, 1468, 1482, 1496, 1503]
[0, 1460, 1445, 1430, 1418, 1408, 1398, 1388, 1378, 1367, 1360, 1352, 1345, 1340, 1333, 1326, 1320, 1314, 1308, 1304, 1301, 1298, 1291, 1287, 1287, 1285, 1282, 1282, 1282, 1281, 1280, 1282, 1284, 1285, 1286, 1287, 1292, 1295, 1299, 1304, 1312, 1322, 1328, 1334, 1340, 1347, 1353, 1361, 1371, 1383, 1392, 1401, 1413, 1420, 1430, 1445, 1457, 1469, 1483, 1497, 1504]
[0, 1469, 1452, 1439, 1427, 1412, 1401, 1392, 1383, 1374, 1367, 1357, 1347, 1335, 1328, 1326, 1315, 1311, 1308, 1303, 1297, 1295, 1294, 1291, 1288, 1286, 1285, 1284, 1283, 1282, 1283, 1282, 1283, 1287, 1291, 1295, 1299, 1305, 1309, 1311, 1315, 1319, 1326, 1331, 1338, 1345, 1351, 1360, 1368, 1378, 1389, 1397, 1412, 1422, 1429, 1441, 1451, 1462, 1475, 1492, 1515]
[0, 1458, 1443, 1430, 1418, 1407, 1396, 1386, 1376, 1367, 1360, 1351, 1344, 1337, 1332, 1329, 1325, 1323, 1320, 1315, 1310, 1308, 1292, 1288, 1287, 1285, 1286, 1288, 1290, 1289, 1291, 1298, 1300, 1302, 1303, 1305, 1307, 1308, 1312, 1317, 1319, 1322, 1328, 1332, 1339, 1347, 1354, 1360, 1370, 1382, 1392, 1400, 1411, 1422, 1432, 1444, 1455, 1468, 1482, 1496, 1504]
[0, 1460, 1444, 1430, 1418, 1407, 1398, 1387, 1378, 1368, 1361, 1357, 1354, 1350, 1344, 1337, 1330, 1326, 1322, 1317, 1310, 1308, 1307, 1304, 1302, 1301, 1301, 1300, 1299, 1299, 1298, 1299, 1301, 1300, 1301, 1304, 1305, 1308, 1312, 1314, 1317, 1321, 1327, 1333, 1340, 1347, 1353, 1361, 1372, 1383, 1391, 1399, 1410, 1420, 1430, 1442, 1453, 1466, 1479, 1493, 0]
[0, 1454, 1439, 1427, 1416, 1405, 1393, 1383, 1376, 1368, 1360, 1356, 1353, 1349, 1338, 1333, 1333, 1325, 1321, 1316, 1312, 1310, 1309, 1307, 1304, 1302, 1302, 1299, 1297, 1298, 1299, 1299, 1300, 1301, 1302, 1302, 1302, 1306, 1310, 1313, 1318, 1319, 1320, 1326, 1333, 1343, 1347, 1354, 1366, 1377, 1389, 1395, 1405, 1426, 1437, 1442, 1462, 1475, 1489, 1497, 1503]
[0, 1466, 1452, 1442, 1433, 1429, 1427, 1419, 1404, 1393, 1385, 1372, 1362, 1355, 1348, 1342, 1333, 1327, 1323, 1319, 1317, 1315, 1306, 1304, 1302, 1301, 1300, 1296, 1296, 1299, 1298, 1298, 1295, 1295, 1302, 1305, 1307, 1307, 1311, 1316, 1318, 1322, 1325, 1331, 1340, 1347, 1353, 1361, 1371, 1382, 1391, 1399, 1411, 1420, 1427, 1440, 1455, 1467, 1482, 1495, 1503]
[0, 1460, 1449, 1439, 1433, 1430, 1426, 1415, 1399, 1390, 1379, 1364, 1356, 1352, 1340, 1333, 1333, 1328, 1320, 1316, 1311, 1309, 1310, 1308, 1305, 1302, 1299, 1298, 1298, 1297, 1297, 1297, 1298, 1299, 1300, 1300, 1301, 1305, 1309, 1311, 1315, 1316, 1320, 1325, 1330, 1340, 1349, 1365, 1371, 1383, 1391, 1393, 1416, 1425, 1436, 1449, 1459, 1471, 1488, 1503, 1509]
[0, 1480, 1471, 1457, 1443, 1432, 1426, 1413, 1401, 1394, 1385, 1373, 1362, 1355, 1348, 1341, 1334, 1329, 1325, 1320, 1316, 1311, 1306, 1304, 1302, 1301, 1300, 1300, 1299, 1299, 1298, 1299, 1300, 1300, 1301, 1304, 1305, 1305, 1309, 1313, 1317, 1320, 1327, 1333, 1336, 1343, 1353, 1356, 1365, 1379, 1390, 1398, 1409, 1419, 1429, 1442, 1453, 1463, 1476, 1492, 1519]
[0, 1485, 1471, 1459, 1448, 1437, 1427, 1415, 1403, 1394, 1384, 1371, 1362, 1358, 1351, 1342, 1335, 1328, 1324, 1320, 1316, 1313, 1307, 1306, 1304, 1300, 1299, 1298, 1297, 1298, 1297, 1298, 1300, 1302, 1302, 1301, 1304, 1305, 1309, 1313, 1317, 1321, 1326, 1333, 1340, 1346, 1354, 1361, 1370, 1382, 1392, 1404, 1416, 1426, 1434, 1446, 1459, 1471, 1484, 1500, 1506]
[0, 1483, 1471, 1457, 1444, 1433, 1423, 1411, 1401, 1394, 1385, 1373, 1362, 1355, 1348, 1341, 1332, 1327, 1323, 1317, 1316, 1311, 1310, 1307, 1304, 1302, 1300, 1299, 1298, 1297, 1297, 1299, 1298, 1299, 1301, 1304, 1306, 1307, 1310, 1313, 1314, 1318, 1325, 1332, 1341, 1348, 1352, 1359, 1369, 1381, 1391, 1399, 1410, 1422, 1434, 1446, 1458, 1469, 1485, 1500, 1505]
[0, 1476, 1464, 1454, 1439, 1429, 1419, 1408, 1398, 1389, 1378, 1364, 1355, 1351, 1344, 1337, 1331, 1326, 1321, 1317, 1312, 1310, 1307, 1306, 1303, 1300, 1298, 1298, 1298, 1297, 1297, 1297, 1298, 1299, 1300, 1300, 1302, 1305, 1308, 1311, 1314, 1319, 1323, 1326, 1330, 1339, 1356, 1359, 1374, 1384, 1393, 1404, 1415, 1424, 1436, 1449, 1459, 1472, 1487, 1502, 1508]
[0, 1485, 1472, 1459, 1447, 1436, 1427, 1415, 1403, 1394, 1384, 1371, 1361, 1358, 1351, 1342, 1335, 1331, 1327, 1320, 1316, 1310, 1308, 1305, 1303, 1302, 1301, 1298, 1298, 1298, 1298, 1299, 1299, 1298, 1299, 1302, 1303, 1305, 1309, 1311, 1318, 1323, 1326, 1331, 1335, 1342, 1350, 1359, 1368, 1376, 1386, 1395, 1406, 1418, 1429, 1442, 1453, 1463, 1476, 1492, 0]
