[0, 0, 0, 0, 0, 0, 0, 0, 0, 0, 0, 0, 0, 0, 0, 0, 0, 0, 0, 0, 0, 0, 0, 0, 0, 0, 0, 0, 0, 0, 0, 0, 0, 0, 0, 0, 0, 0, 0, 0, 0, 0, 0, 0, 0, 0, 0, 0, 0, 0, 0, 0, 0, 0, 0, 0, 0, 0, 0, 0, 0]
[0, 528, 524, 520, 516, 512, 509, 506, 503, 500, 498, 496, 493, 491, 490, 489, 487, 485, 484, 483, 482, 481, 480, 479, 478, 478, 477, 477, 477, 477, 478, 478, 479, 480, 480, 481, 483, 484, 485, 487, 489, 492, 494, 496, 499, 502, 505, 509, 513, 516, 520, 525, 530, 534, 539, 545, 550, 555, 561, 567, 574]
[0, 528, 524, 520, 516, 512, 509, 506, 503, 500, 498, 496, 495, 493, 491, 488, 487, 485, 484, 483, 482, 481, 480, 479, 478, 478, 477, 477, 478, 478, 478, 478, 479, 480, 481, 482, 483, 485, 486, 487, 490, 493, 496, 497, 500, 502, 507, 509, 510, 513, 518, 522, 526, 531, 536, 541, 546, 557, 561, 562, 569]
[0, 528, 524, 520, 516, 512, 509, 506, 503, 500, 498, 496, 493, 491, 489, 488, 487, 485, 484, 483, 482, 481, 480, 479, 478, 478, 477, 477, 478, 478, 478, 478, 479, 480, 481, 482, 483, 485, 486, 487, 490, 493, 496, 497, 500, 500, 506, 510, 510, 518, 518, 526, 531, 536, 536, 546, 546, 552, 557, 562, 569]
[0, 526, 522, 520, 517, 514, 512, 508, 504, 502, 499, 497, 495, 493, 490, 487, 486, 485, 484, 483, 481, 480, 479, 479, 478, 478, 477, 477, 478, 478, 479, 478, 479, 480, 481, 482, 483, 485, 486, 487, 490, 493, 495, 497, 500, 503, 506, 510, 513, 518, 517, 521, 526, 535, 536, 540, 546, 556, 557, 562, 569]
[0, 527, 523, 519, 515, 511, 509, 506, 503, 502, 498, 497, 495, 493, 491, 488, 487, 485, 484, 483, 482, 481, 480, 479, 478, 477, 477, 477, 477, 478, 477, 478, 479, 479, 480, 481, 482, 484, 485, 486, 488, 491, 493, 495, 498, 501, 504, 507, 511, 515, 519, 523, 528, 534, 539, 544, 548, 554, 560, 566, 572]
[0, 532, 526, 522, 519, 515, 512, 509, 506, 503, 501, 498, 497, 495, 493, 490, 487, 488, 487, 486, 485, 484, 483, 482, 479, 478, 478, 477, 477, 478, 479, 479, 479, 480, 481, 482, 483, 485, 487, 486, 490, 491, 497, 495, 499, 501, 508, 507, 511, 519, 519, 523, 528, 532, 536, 542, 548, 552, 559, 565, 571]
[0, 529, 524, 520, 518, 515, 514, 508, 506, 505, 502, 500, 498, 496, 494, 491, 490, 488, 486, 485, 484, 483, 483, 482, 481, 481, 481, 481, 481, 481, 481, 482, 482, 483, 484, 485, 485, 487, 489, 491, 494, 495, 497, 500, 503, 506, 509, 513, 516, 520, 525, 530, 535, 539, 536, 550, 548, 561, 566, 572, 580]
[0, 532, 528, 524, 518, 521, 517, 514, 512, 509, 506, 503, 501, 499, 497, 496, 494, 492, 491, 489, 488, 487, 486, 482, 481, 481, 481, 480, 480, 481, 482, 482, 482, 483, 484, 485, 485, 486, 490, 491, 492, 494, 496, 499, 502, 507, 509, 510, 513, 518, 521, 526, 531, 536, 541, 546, 552, 557, 562, 568, 575]
[0, 533, 529, 524, 521, 521, 518, 514, 511, 509, 506, 503, 501, 500, 498, 496, 494, 493, 491, 489, 488, 487, 486, 486, 481, 485, 485, 480, 485, 485, 486, 486, 486, 487, 489, 485, 490, 492, 494, 496, 498, 500, 503, 505, 508, 510, 513, 517, 521, 525, 529, 534, 538, 543, 548, 554, 558, 564, 570, 576, 582]
[0, 536, 532, 528, 524, 521, 517, 514, 512, 509, 506, 503, 501, 499, 497, 496, 495, 493, 491, 490, 488, 487, 486, 486, 485, 485, 485, 485, 485, 485, 485, 486, 486, 487, 488, 485, 492, 492, 494, 497, 500, 502, 504, 507, 510, 512, 516, 517, 523, 525, 532, 537, 538, 541, 552, 557, 561, 564, 567, 581, 587]
[0, 533, 529, 526, 522, 521, 518, 515, 512, 510, 505, 503, 502, 501, 499, 497, 495, 494, 492, 491, 489, 488, 487, 486, 485, 485, 485, 485, 485, 486, 486, 486, 486, 488, 488, 491, 492, 492, 496, 497, 498, 503, 504, 505, 508, 511, 514, 518, 521, 525, 529, 534, 538, 543, 548, 553, 558, 564, 570, 577, 582]
[0, 536, 532, 527, 524, 521, 518, 515, 512, 513, 510, 507, 505, 503, 501, 500, 498, 496, 494, 494, 493, 491, 490, 490, 486, 486, 485, 485, 485, 485, 485, 486, 487, 488, 489, 490, 492, 494, 496, 497, 499, 502, 505, 508, 510, 512, 516, 519, 524, 528, 532, 536, 541, 546, 551, 556, 561, 567, 574, 580, 587]
[0, 535, 531, 527, 524, 521, 518, 518, 515, 513, 510, 507, 505, 503, 501, 499, 498, 496, 494, 493, 492, 491, 490, 490, 489, 488, 488, 488, 488, 489, 489, 490, 491, 492, 493, 494, 495, 497, 499, 501, 503, 506, 508, 510, 513, 516, 520, 523, 527, 531, 535, 540, 545, 550, 555, 560, 565, 571, 577, 584, 591]
[0, 539, 535, 531, 528, 525, 521, 518, 516, 514, 511, 508, 506, 504, 502, 501, 499, 498, 494, 497, 495, 491, 494, 493, 489, 488, 488, 488, 488, 489, 490, 491, 491, 491, 493, 494, 496, 498, 500, 501, 504, 506, 508, 511, 513, 517, 520, 524, 528, 532, 536, 541, 545, 550, 556, 561, 566, 572, 579, 585, 592]
[0, 541, 536, 532, 528, 525, 522, 519, 516, 513, 511, 509, 506, 504, 503, 501, 500, 499, 497, 496, 495, 491, 493, 493, 493, 492, 491, 491, 491, 492, 493, 493, 494, 494, 495, 497, 498, 500, 502, 503, 505, 508, 510, 513, 516, 519, 522, 525, 529, 533, 539, 543, 547, 552, 558, 562, 567, 573, 580, 586, 592]
[0, 542, 537, 533, 529, 525, 522, 520, 517, 514, 512, 509, 507, 505, 503, 502, 500, 498, 497, 496, 496, 494, 494, 493, 493, 492, 491, 491, 492, 492, 494, 494, 494, 494, 495, 496, 498, 499, 501, 503, 505, 508, 513, 513, 518, 519, 525, 529, 533, 533, 542, 543, 551, 552, 561, 562, 572, 578, 585, 591, 598]
[0, 540, 536, 532, 528, 525, 522, 519, 516, 514, 511, 509, 506, 505, 503, 501, 500, 498, 497, 496, 496, 494, 495, 494, 492, 491, 491, 491, 492, 492, 492, 493, 494, 494, 496, 497, 499, 501, 503, 505, 507, 509, 512, 514, 517, 521, 524, 527, 531, 535, 540, 544, 549, 554, 559, 564, 570, 577, 583, 589, 595]
[0, 540, 535, 532, 528, 525, 522, 520, 517, 514, 511, 509, 507, 505, 503, 502, 501, 498, 497, 496, 496, 494, 495, 494, 492, 491, 491, 491, 492, 493, 492, 494, 494, 495, 498, 499, 499, 502, 503, 505, 506, 509, 511, 513, 519, 522, 526, 529, 533, 538, 542, 546, 552, 554, 562, 567, 574, 580, 586, 592, 599]
[0, 540, 536, 532, 529, 525, 522, 520, 517, 514, 512, 509, 508, 505, 503, 502, 502, 501, 500, 498, 496, 496, 495, 494, 494, 494, 494, 492, 492, 493, 494, 496, 497, 496, 496, 498, 499, 501, 502, 505, 508, 510, 513, 515, 518, 520, 523, 527, 532, 536, 539, 544, 549, 553, 558, 564, 569, 575, 582, 593, 601]
[0, 540, 536, 532, 528, 524, 522, 522, 520, 517, 514, 511, 510, 507, 505, 504, 502, 500, 499, 498, 497, 497, 496, 495, 494, 494, 493, 493, 493, 494, 495, 495, 496, 496, 497, 498, 499, 500, 503, 506, 508, 510, 513, 516, 519, 521, 525, 528, 532, 536, 540, 544, 550, 555, 559, 563, 569, 577, 583, 589, 595]
[0, 547, 543, 539, 536, 532, 522, 529, 526, 523, 520, 516, 514, 507, 512, 510, 508, 507, 506, 504, 503, 503, 501, 501, 494, 494, 494, 493, 493, 494, 495, 494, 495, 496, 498, 499, 501, 502, 504, 506, 509, 511, 513, 515, 518, 522, 524, 528, 533, 537, 542, 545, 550, 556, 560, 565, 571, 577, 584, 589, 596]
[0, 549, 545, 541, 537, 534, 531, 528, 525, 523, 520, 517, 515, 513, 511, 509, 507, 506, 505, 505, 504, 502, 501, 501, 500, 500, 500, 500, 500, 500, 501, 502, 503, 503, 504, 505, 507, 509, 511, 512, 514, 517, 520, 522, 525, 529, 533, 536, 540, 544, 548, 553, 558, 562, 567, 573, 579, 585, 592, 598, 604]
[0, 557, 553, 549, 546, 542, 539, 528, 536, 533, 531, 528, 526, 524, 522, 520, 518, 517, 516, 515, 513, 512, 512, 511, 500, 500, 500, 500, 500, 500, 501, 502, 503, 504, 505, 506, 507, 509, 511, 513, 515, 518, 521, 523, 526, 529, 533, 537, 541, 545, 550, 554, 559, 564, 569, 575, 581, 587, 593, 599, 606]
[0, 557, 555, 551, 548, 545, 541, 538, 536, 533, 530, 528, 526, 525, 523, 520, 518, 516, 515, 514, 513, 512, 512, 511, 511, 511, 510, 511, 511, 511, 512, 512, 513, 514, 515, 517, 518, 520, 522, 524, 525, 528, 531, 534, 537, 540, 544, 549, 553, 556, 560, 564, 569, 576, 582, 588, 593, 598, 605, 612, 618]
[0, 559, 555, 551, 548, 544, 541, 538, 535, 532, 529, 527, 525, 523, 522, 520, 518, 517, 515, 514, 513, 512, 511, 511, 511, 511, 511, 511, 511, 512, 512, 512, 513, 514, 516, 518, 519, 520, 522, 524, 527, 529, 532, 536, 538, 542, 545, 549, 553, 557, 562, 566, 571, 577, 583, 588, 594, 601, 607, 613, 620]
[0, 566, 555, 561, 553, 544, 551, 548, 543, 532, 540, 538, 535, 533, 531, 529, 527, 526, 524, 523, 522, 522, 521, 520, 511, 511, 510, 511, 511, 511, 511, 512, 513, 514, 515, 517, 519, 520, 522, 524, 527, 529, 532, 536, 538, 542, 545, 549, 554, 557, 562, 566, 572, 579, 583, 589, 595, 601, 607, 613, 620]
[0, 567, 563, 560, 555, 552, 549, 546, 543, 540, 538, 536, 534, 532, 530, 528, 526, 525, 524, 522, 522, 522, 521, 520, 520, 519, 520, 520, 520, 520, 521, 521, 522, 523, 523, 524, 527, 529, 531, 533, 534, 537, 541, 544, 547, 550, 554, 557, 561, 564, 569, 575, 580, 585, 591, 596, 602, 609, 615, 621, 628]
[0, 569, 565, 561, 558, 555, 549, 551, 545, 540, 541, 539, 537, 532, 533, 528, 531, 529, 528, 527, 525, 525, 524, 523, 519, 519, 520, 519, 520, 520, 520, 521, 522, 524, 523, 526, 528, 530, 532, 533, 537, 540, 542, 545, 548, 552, 555, 559, 564, 568, 573, 578, 583, 588, 594, 601, 607, 612, 619, 626, 633]
[0, 571, 567, 563, 560, 557, 553, 550, 547, 544, 542, 540, 538, 536, 534, 532, 530, 528, 527, 526, 525, 524, 523, 523, 523, 523, 522, 522, 523, 522, 523, 525, 525, 526, 528, 529, 531, 532, 534, 536, 539, 542, 544, 547, 550, 553, 557, 560, 564, 569, 574, 579, 584, 589, 594, 600, 607, 613, 619, 625, 633]
[0, 571, 568, 564, 560, 557, 554, 551, 548, 545, 543, 540, 538, 536, 534, 532, 531, 529, 527, 526, 526, 525, 524, 524, 523, 523, 523, 523, 523, 523, 523, 524, 526, 526, 527, 529, 532, 533, 535, 538, 540, 541, 544, 549, 552, 554, 558, 562, 565, 569, 575, 581, 587, 590, 596, 603, 609, 615, 622, 629, 636]
[0, 578, 573, 569, 565, 561, 558, 556, 553, 551, 548, 547, 544, 542, 541, 539, 537, 536, 535, 534, 533, 531, 531, 524, 523, 523, 523, 523, 523, 523, 524, 524, 525, 527, 528, 529, 531, 533, 535, 537, 539, 542, 544, 547, 551, 554, 558, 561, 565, 569, 574, 580, 585, 590, 595, 601, 607, 613, 620, 627, 634]
[0, 589, 573, 584, 581, 577, 573, 569, 566, 564, 561, 559, 557, 556, 553, 551, 549, 548, 547, 546, 545, 544, 543, 542, 530, 530, 530, 531, 531, 532, 524, 533, 525, 535, 536, 529, 540, 542, 544, 537, 546, 552, 554, 547, 561, 565, 569, 573, 577, 583, 588, 592, 597, 602, 608, 614, 620, 627, 635, 643, 650]
[0, 600, 596, 593, 589, 586, 582, 578, 574, 571, 569, 567, 565, 563, 561, 559, 558, 557, 556, 554, 553, 544, 551, 542, 541, 541, 541, 542, 542, 542, 543, 544, 544, 545, 546, 548, 550, 552, 554, 557, 558, 561, 563, 566, 570, 574, 579, 583, 587, 592, 596, 600, 605, 611, 617, 623, 629, 637, 644, 650, 658]
[0, 604, 599, 595, 593, 589, 585, 582, 579, 576, 572, 570, 568, 566, 564, 563, 562, 560, 560, 559, 558, 557, 556, 542, 551, 551, 551, 551, 552, 553, 554, 544, 555, 555, 558, 559, 561, 552, 563, 565, 570, 561, 574, 580, 570, 588, 592, 596, 587, 600, 605, 615, 620, 626, 632, 639, 646, 653, 659, 667, 675]
[0, 603, 599, 595, 590, 587, 585, 582, 579, 575, 572, 570, 568, 566, 564, 562, 562, 560, 561, 559, 558, 557, 555, 555, 554, 554, 554, 555, 556, 553, 556, 544, 557, 555, 559, 561, 562, 566, 563, 568, 571, 578, 574, 581, 583, 591, 592, 599, 604, 609, 605, 618, 624, 630, 637, 644, 650, 657, 665, 672, 680]
[0, 603, 603, 599, 595, 592, 589, 585, 582, 579, 575, 573, 571, 569, 566, 564, 563, 562, 561, 560, 559, 557, 556, 555, 554, 554, 554, 554, 555, 556, 556, 556, 557, 558, 560, 561, 563, 565, 566, 568, 571, 574, 577, 581, 585, 588, 592, 596, 600, 604, 609, 614, 619, 624, 630, 637, 645, 652, 658, 665, 680]
[0, 604, 600, 597, 593, 589, 585, 582, 579, 577, 573, 570, 568, 567, 565, 563, 562, 561, 560, 559, 558, 557, 556, 555, 555, 555, 555, 556, 556, 556, 557, 557, 558, 559, 561, 562, 564, 566, 567, 570, 572, 575, 578, 582, 586, 588, 593, 597, 601, 606, 610, 615, 621, 626, 633, 639, 645, 651, 659, 668, 682]
[0, 622, 618, 614, 610, 607, 604, 600, 597, 595, 592, 589, 587, 585, 582, 581, 580, 578, 577, 575, 574, 573, 572, 555, 554, 554, 554, 556, 555, 556, 557, 558, 559, 560, 561, 562, 563, 566, 569, 570, 574, 578, 581, 584, 588, 592, 596, 600, 604, 609, 614, 619, 624, 630, 637, 644, 650, 657, 664, 671, 679]
[0, 623, 618, 615, 611, 608, 605, 602, 599, 595, 596, 594, 591, 589, 587, 585, 584, 582, 581, 579, 578, 577, 576, 575, 571, 570, 570, 570, 572, 573, 573, 574, 575, 576, 579, 580, 581, 583, 586, 590, 592, 593, 596, 599, 603, 606, 610, 614, 619, 624, 629, 634, 641, 647, 652, 658, 666, 673, 679, 687, 696]
[0, 627, 622, 617, 613, 610, 607, 604, 601, 598, 595, 592, 589, 588, 586, 584, 583, 582, 581, 579, 578, 577, 576, 575, 574, 574, 574, 575, 575, 576, 577, 578, 579, 580, 582, 583, 585, 587, 589, 592, 594, 597, 600, 603, 607, 610, 614, 618, 622, 628, 634, 640, 644, 649, 656, 663, 670, 677, 685, 694, 702]
[0, 624, 619, 616, 612, 608, 605, 602, 599, 597, 595, 592, 590, 588, 586, 585, 583, 582, 581, 580, 578, 577, 576, 575, 575, 575, 575, 575, 575, 576, 577, 578, 579, 580, 583, 585, 586, 588, 590, 593, 596, 598, 601, 604, 608, 612, 616, 620, 624, 630, 636, 642, 648, 653, 660, 665, 672, 679, 687, 697, 705]
[0, 627, 622, 618, 614, 611, 608, 604, 601, 599, 596, 593, 591, 589, 587, 586, 584, 583, 581, 579, 578, 578, 576, 575, 574, 574, 574, 575, 575, 577, 577, 578, 578, 580, 581, 583, 585, 587, 589, 591, 594, 596, 599, 602, 606, 610, 613, 617, 622, 627, 639, 642, 644, 650, 662, 665, 669, 683, 687, 691, 708]
[0, 634, 629, 625, 621, 617, 614, 611, 608, 605, 602, 600, 597, 595, 594, 592, 590, 589, 589, 588, 587, 586, 584, 575, 575, 575, 575, 575, 575, 575, 577, 578, 579, 581, 582, 584, 585, 587, 590, 593, 595, 597, 600, 603, 607, 611, 615, 619, 624, 629, 635, 641, 646, 652, 658, 664, 671, 678, 685, 694, 703]
[0, 638, 633, 628, 624, 620, 617, 614, 611, 608, 605, 603, 601, 599, 597, 595, 593, 591, 591, 591, 590, 588, 587, 583, 583, 583, 584, 584, 585, 585, 586, 587, 588, 590, 591, 593, 595, 597, 599, 601, 604, 607, 610, 614, 618, 622, 626, 630, 636, 641, 646, 652, 659, 665, 671, 678, 685, 693, 702, 709, 716]
[0, 657, 653, 648, 644, 640, 636, 632, 629, 626, 623, 620, 618, 616, 614, 611, 0, 587, 584, 587, 595, 601, 603, 587, 587, 586, 587, 587, 588, 585, 589, 590, 588, 592, 594, 593, 596, 600, 599, 604, 607, 607, 613, 617, 618, 624, 629, 633, 639, 644, 650, 656, 661, 667, 673, 680, 688, 697, 703, 711, 719]
[0, 655, 650, 646, 643, 640, 636, 632, 629, 626, 622, 620, 618, 615, 613, 610, 0, 585, 584, 589, 600, 606, 603, 603, 603, 603, 603, 603, 603, 604, 605, 606, 606, 608, 610, 612, 613, 616, 618, 620, 622, 625, 630, 634, 638, 642, 646, 650, 655, 660, 665, 671, 677, 683, 690, 698, 706, 713, 720, 728, 737]
[0, 662, 658, 654, 650, 646, 643, 639, 636, 632, 629, 627, 625, 622, 620, 614, 0, 583, 583, 589, 600, 0, 610, 603, 603, 0, 0, 603, 603, 604, 606, 607, 608, 610, 611, 612, 614, 616, 618, 620, 623, 627, 631, 635, 638, 642, 646, 651, 656, 661, 666, 673, 679, 685, 693, 700, 707, 713, 721, 730, 739]
[0, 670, 666, 663, 658, 654, 651, 649, 645, 642, 640, 637, 634, 633, 629, 0, 0, 584, 580, 575, 600, 0, 610, 618, 609, 0, 0, 610, 610, 611, 612, 613, 614, 615, 617, 618, 620, 622, 625, 628, 631, 635, 640, 643, 646, 650, 654, 659, 664, 670, 675, 681, 687, 695, 702, 709, 715, 722, 731, 740, 749]
[0, 671, 666, 663, 659, 655, 651, 648, 646, 643, 640, 637, 635, 633, 631, 0, 586, 580, 580, 575, 600, 0, 619, 618, 619, 0, 0, 618, 619, 621, 622, 613, 625, 625, 627, 629, 631, 634, 637, 640, 644, 647, 650, 652, 656, 661, 665, 670, 675, 680, 687, 694, 700, 707, 713, 720, 728, 735, 744, 754, 763]
[0, 673, 668, 663, 660, 657, 652, 649, 646, 644, 641, 638, 635, 633, 631, 621, 0, 580, 579, 579, 600, 0, 0, 619, 619, 618, 0, 0, 620, 621, 621, 623, 624, 625, 627, 629, 631, 633, 636, 639, 643, 647, 649, 651, 655, 660, 664, 669, 673, 679, 684, 690, 698, 705, 711, 718, 725, 733, 741, 750, 758]
[0, 675, 670, 663, 662, 659, 652, 653, 650, 644, 645, 638, 640, 633, 638, 635, 0, 580, 578, 575, 600, 0, 0, 626, 619, 0, 0, 619, 620, 621, 622, 623, 624, 626, 627, 629, 630, 633, 635, 638, 642, 645, 648, 651, 654, 659, 664, 668, 672, 678, 683, 690, 697, 703, 709, 715, 722, 731, 739, 757, 758]
[0, 686, 681, 677, 674, 670, 666, 663, 660, 657, 653, 651, 649, 647, 645, 0, 585, 577, 576, 584, 600, 0, 0, 626, 626, 626, 0, 0, 628, 628, 629, 630, 632, 633, 634, 636, 639, 641, 643, 646, 648, 654, 657, 651, 662, 666, 674, 668, 685, 691, 683, 703, 710, 715, 722, 730, 737, 746, 755, 764, 773]
[0, 699, 693, 689, 685, 680, 677, 674, 671, 668, 665, 663, 661, 657, 655, 0, 585, 574, 576, 574, 574, 0, 647, 632, 632, 633, 633, 633, 633, 634, 636, 637, 638, 639, 640, 643, 645, 647, 649, 652, 655, 659, 662, 665, 669, 672, 677, 682, 689, 694, 699, 706, 712, 718, 725, 732, 740, 748, 756, 765, 774]
[0, 703, 693, 694, 690, 680, 686, 682, 678, 676, 673, 671, 669, 666, 663, 0, 581, 574, 573, 573, 565, 0, 647, 645, 646, 646, 0, 0, 647, 649, 649, 649, 651, 652, 653, 656, 658, 661, 663, 665, 668, 671, 675, 678, 683, 688, 694, 700, 705, 711, 715, 721, 728, 735, 742, 750, 758, 766, 775, 784, 794]
[0, 706, 701, 696, 691, 688, 684, 680, 677, 674, 672, 670, 668, 666, 663, 0, 583, 576, 573, 573, 578, 0, 654, 0, 653, 653, 653, 653, 654, 655, 656, 657, 658, 659, 661, 663, 665, 666, 669, 673, 675, 678, 682, 685, 689, 695, 699, 705, 710, 720, 715, 727, 733, 740, 756, 750, 772, 780, 789, 797, 807]
[0, 709, 704, 701, 697, 693, 688, 680, 683, 678, 672, 676, 671, 666, 670, 0, 581, 573, 572, 572, 575, 572, 0, 653, 653, 654, 655, 656, 657, 658, 659, 660, 661, 662, 665, 667, 670, 672, 674, 677, 681, 684, 688, 692, 697, 703, 708, 712, 717, 723, 730, 737, 744, 751, 759, 766, 773, 782, 791, 802, 811]
[0, 712, 707, 703, 698, 694, 691, 687, 683, 680, 677, 676, 674, 672, 670, 0, 577, 572, 572, 573, 0, 572, 0, 658, 658, 657, 657, 0, 0, 659, 660, 661, 663, 664, 666, 667, 669, 673, 675, 676, 680, 683, 687, 691, 702, 703, 707, 711, 714, 726, 730, 739, 746, 754, 761, 769, 778, 787, 795, 805, 816]
[0, 725, 707, 720, 713, 709, 705, 687, 699, 680, 696, 693, 690, 688, 686, 0, 576, 570, 569, 571, 576, 0, 0, 0, 658, 658, 658, 658, 0, 661, 661, 662, 662, 664, 666, 668, 671, 673, 675, 678, 681, 685, 688, 692, 697, 702, 708, 712, 716, 722, 728, 735, 741, 749, 757, 765, 772, 781, 790, 800, 810]
[0, 730, 724, 719, 716, 713, 709, 705, 702, 698, 695, 694, 692, 689, 686, 0, 580, 572, 569, 570, 574, 0, 0, 0, 0, 675, 676, 0, 0, 677, 678, 679, 681, 683, 685, 686, 689, 692, 695, 697, 700, 704, 708, 712, 716, 721, 726, 731, 736, 743, 749, 756, 763, 770, 777, 795, 804, 812, 790, 830, 841]
[0, 730, 732, 727, 722, 718, 709, 715, 712, 709, 707, 705, 702, 699, 697, 0, 575, 570, 568, 570, 576, 0, 0, 0, 677, 677, 677, 677, 0, 679, 680, 681, 683, 684, 686, 689, 692, 694, 697, 700, 703, 707, 710, 714, 719, 725, 730, 735, 740, 746, 753, 760, 767, 775, 783, 790, 798, 807, 816, 826, 834]
[0, 740, 736, 731, 726, 721, 717, 714, 711, 709, 706, 703, 701, 700, 0, 580, 572, 570, 568, 571, 578, 0, 0, 0, 0, 685, 686, 685, 0, 687, 688, 689, 691, 693, 695, 697, 698, 700, 704, 707, 710, 713, 716, 721, 726, 731, 736, 741, 747, 760, 753, 766, 773, 780, 796, 805, 813, 822, 830, 840, 853]
[0, 744, 740, 735, 731, 726, 717, 717, 715, 709, 713, 708, 701, 706, 704, 0, 574, 569, 568, 569, 574, 0, 0, 0, 0, 687, 687, 687, 0, 689, 690, 692, 693, 695, 698, 700, 702, 705, 707, 709, 713, 717, 720, 725, 731, 735, 740, 747, 752, 758, 765, 772, 779, 786, 795, 804, 812, 821, 829, 839, 851]
[0, 744, 739, 735, 731, 731, 726, 721, 717, 715, 713, 711, 708, 706, 704, 0, 573, 568, 568, 570, 576, 0, 0, 0, 0, 693, 694, 693, 0, 695, 696, 697, 698, 700, 703, 705, 706, 709, 711, 713, 717, 720, 725, 730, 734, 739, 744, 750, 756, 762, 768, 775, 782, 789, 806, 804, 815, 823, 841, 852, 851]
[0, 775, 765, 735, 756, 751, 726, 746, 743, 738, 736, 734, 731, 728, 0, 578, 569, 566, 565, 567, 574, 0, 0, 0, 0, 693, 694, 693, 0, 695, 696, 697, 698, 700, 703, 705, 706, 709, 710, 713, 717, 721, 725, 730, 735, 738, 743, 750, 756, 762, 768, 775, 782, 789, 797, 806, 814, 823, 830, 840, 863]
[0, 774, 765, 769, 761, 756, 726, 752, 749, 745, 742, 739, 736, 734, 734, 0, 569, 565, 565, 567, 572, 0, 0, 0, 717, 717, 716, 0, 0, 717, 719, 721, 723, 725, 727, 729, 730, 733, 737, 740, 744, 748, 752, 757, 762, 767, 773, 778, 784, 791, 797, 804, 812, 820, 828, 834, 843, 864, 873, 840, 881]
[0, 786, 781, 776, 770, 765, 761, 758, 754, 751, 749, 746, 743, 742, 734, 0, 572, 566, 563, 564, 568, 576, 0, 0, 718, 720, 720, 721, 0, 722, 722, 723, 726, 728, 731, 732, 734, 737, 740, 744, 749, 753, 757, 761, 771, 767, 777, 783, 789, 795, 809, 816, 824, 820, 839, 849, 859, 868, 876, 886, 897]
[0, 786, 781, 775, 770, 766, 762, 760, 756, 752, 750, 747, 743, 742, 734, 0, 573, 566, 563, 564, 568, 576, 0, 0, 730, 730, 730, 731, 0, 733, 734, 735, 737, 739, 741, 743, 745, 749, 753, 758, 761, 765, 769, 774, 779, 784, 791, 798, 805, 811, 817, 824, 831, 839, 848, 858, 866, 875, 883, 891, 902]
[0, 787, 781, 777, 772, 767, 764, 762, 758, 754, 752, 750, 743, 748, 734, 0, 569, 565, 563, 565, 570, 0, 548, 0, 730, 730, 730, 730, 732, 733, 734, 735, 737, 739, 741, 743, 746, 749, 753, 758, 761, 765, 769, 774, 778, 784, 791, 798, 805, 811, 817, 824, 832, 839, 848, 858, 866, 875, 883, 892, 903]
[0, 797, 792, 787, 781, 776, 772, 768, 765, 762, 759, 757, 754, 751, 0, 0, 573, 566, 563, 563, 567, 574, 0, 0, 0, 735, 730, 735, 0, 737, 740, 735, 744, 739, 746, 748, 750, 757, 761, 765, 761, 769, 773, 784, 789, 784, 794, 801, 806, 821, 828, 834, 841, 851, 860, 868, 877, 885, 894, 904, 915]
[0, 795, 789, 783, 779, 775, 770, 768, 765, 760, 758, 756, 753, 751, 0, 0, 570, 564, 563, 564, 569, 565, 549, 0, 738, 738, 738, 738, 740, 742, 744, 746, 747, 748, 750, 752, 755, 758, 761, 765, 769, 773, 779, 783, 788, 794, 799, 806, 812, 817, 825, 832, 840, 849, 858, 867, 875, 883, 891, 901, 911]
[0, 822, 816, 811, 805, 800, 798, 794, 790, 788, 785, 782, 780, 778, 0, 0, 569, 563, 560, 561, 567, 0, 546, 0, 738, 738, 738, 739, 740, 742, 743, 745, 748, 750, 751, 754, 757, 760, 762, 766, 771, 775, 780, 786, 792, 797, 803, 809, 815, 823, 829, 835, 842, 851, 862, 870, 878, 886, 895, 906, 917]
[0, 840, 834, 830, 825, 820, 815, 812, 809, 806, 785, 801, 797, 778, 0, 575, 564, 560, 559, 562, 567, 0, 546, 0, 767, 768, 769, 769, 0, 771, 772, 775, 778, 780, 782, 784, 786, 791, 794, 798, 803, 808, 812, 817, 823, 828, 833, 838, 846, 855, 862, 869, 876, 884, 893, 902, 912, 922, 933, 942, 952]
[0, 840, 834, 829, 825, 820, 816, 813, 809, 806, 804, 801, 798, 778, 0, 575, 564, 560, 559, 561, 566, 0, 546, 0, 784, 784, 785, 785, 0, 789, 789, 791, 793, 796, 800, 802, 804, 808, 811, 814, 818, 824, 828, 832, 837, 844, 850, 857, 864, 870, 877, 884, 892, 898, 907, 919, 930, 938, 947, 957, 985]
[0, 849, 843, 836, 831, 820, 828, 824, 820, 817, 814, 812, 809, 806, 0, 571, 564, 558, 559, 561, 564, 0, 0, 0, 0, 784, 785, 785, 0, 788, 789, 791, 793, 797, 800, 802, 804, 807, 811, 814, 818, 824, 828, 832, 837, 843, 850, 857, 864, 870, 877, 884, 891, 898, 908, 919, 930, 938, 947, 957, 985]
[0, 861, 855, 850, 844, 838, 835, 831, 828, 817, 825, 824, 822, 819, 0, 570, 564, 558, 559, 559, 554, 545, 0, 0, 793, 794, 795, 796, 0, 799, 801, 803, 804, 806, 809, 811, 814, 818, 822, 825, 829, 833, 838, 843, 850, 857, 863, 869, 874, 881, 888, 896, 906, 915, 923, 932, 942, 951, 961, 974, 988]
[0, 868, 862, 850, 857, 846, 835, 842, 838, 835, 832, 830, 827, 825, 0, 570, 562, 558, 559, 559, 554, 0, 540, 0, 808, 808, 809, 809, 0, 812, 814, 815, 817, 820, 824, 826, 829, 832, 835, 840, 843, 849, 857, 863, 868, 873, 878, 885, 892, 899, 907, 917, 927, 935, 943, 951, 962, 973, 987, 998, 1009]
[0, 869, 863, 857, 851, 846, 841, 838, 835, 832, 830, 830, 826, 825, 0, 570, 561, 558, 559, 559, 552, 544, 540, 0, 814, 814, 814, 815, 0, 817, 820, 822, 824, 826, 828, 831, 834, 837, 840, 845, 850, 855, 861, 865, 869, 875, 881, 887, 894, 901, 910, 918, 927, 936, 944, 952, 962, 974, 987, 998, 1010]
[0, 889, 883, 878, 874, 870, 866, 863, 859, 855, 852, 849, 845, 825, 0, 0, 564, 558, 557, 551, 547, 546, 540, 0, 814, 814, 814, 0, 816, 818, 820, 822, 824, 826, 828, 831, 833, 837, 840, 845, 850, 855, 859, 864, 870, 876, 881, 886, 893, 901, 910, 918, 928, 937, 944, 952, 962, 974, 987, 999, 1010]
[0, 889, 883, 878, 874, 870, 866, 863, 859, 855, 852, 849, 845, 825, 0, 0, 564, 558, 557, 553, 548, 546, 0, 833, 832, 832, 833, 0, 835, 836, 838, 840, 843, 846, 849, 853, 859, 863, 866, 870, 875, 879, 883, 888, 895, 900, 907, 915, 922, 930, 938, 946, 955, 964, 975, 987, 996, 1007, 1019, 1031, 1044]
[0, 890, 885, 879, 874, 871, 867, 864, 861, 857, 853, 851, 848, 825, 0, 574, 563, 558, 557, 560, 0, 545, 0, 833, 832, 833, 833, 834, 0, 837, 838, 841, 846, 849, 850, 854, 859, 863, 867, 871, 875, 879, 885, 890, 895, 903, 910, 915, 921, 931, 939, 946, 956, 968, 978, 988, 999, 1009, 1020, 1033, 1048]
[0, 893, 887, 879, 877, 871, 874, 870, 867, 864, 862, 859, 855, 852, 0, 0, 566, 560, 557, 557, 555, 545, 0, 836, 835, 835, 0, 0, 0, 840, 843, 841, 845, 848, 852, 856, 859, 862, 865, 869, 874, 879, 883, 888, 894, 899, 906, 914, 920, 928, 935, 943, 952, 961, 972, 984, 994, 1004, 1015, 1026, 1038]
[0, 937, 931, 925, 919, 915, 910, 905, 901, 898, 896, 894, 892, 852, 0, 571, 561, 556, 556, 557, 563, 573, 0, 0, 843, 843, 843, 844, 0, 849, 851, 853, 856, 859, 862, 865, 869, 872, 876, 882, 886, 890, 894, 900, 907, 914, 922, 928, 934, 941, 949, 958, 969, 981, 991, 1000, 1011, 1022, 1033, 1046, 1061]
[0, 946, 942, 936, 930, 926, 921, 917, 913, 910, 907, 905, 903, 852, 0, 566, 559, 556, 555, 556, 558, 564, 577, 882, 882, 883, 883, 884, 0, 888, 890, 853, 892, 896, 862, 900, 905, 910, 915, 919, 925, 931, 936, 941, 947, 953, 959, 967, 975, 984, 993, 1002, 1011, 1020, 1031, 1041, 1052, 1066, 1078, 1091, 1105]
[0, 949, 944, 939, 933, 928, 923, 918, 914, 911, 908, 906, 904, 852, 0, 0, 562, 557, 556, 557, 561, 569, 577, 0, 893, 893, 895, 0, 897, 899, 899, 900, 904, 907, 910, 914, 919, 923, 928, 934, 938, 943, 948, 954, 960, 967, 976, 985, 993, 998, 1008, 1017, 1027, 1036, 1047, 1059, 1071, 1084, 1097, 1111, 1126]
[0, 961, 956, 950, 945, 940, 938, 934, 930, 925, 922, 920, 917, 852, 0, 569, 560, 556, 555, 557, 563, 573, 577, 0, 0, 894, 895, 896, 0, 898, 899, 901, 905, 909, 912, 915, 921, 926, 930, 935, 940, 946, 951, 957, 963, 970, 978, 987, 995, 1003, 1012, 1022, 1032, 1042, 1053, 1065, 1077, 1090, 1105, 1120, 1135]
[0, 959, 954, 949, 945, 943, 939, 935, 933, 929, 925, 922, 920, 917, 0, 0, 564, 557, 555, 556, 559, 573, 0, 907, 0, 910, 0, 0, 0, 915, 916, 917, 919, 922, 926, 930, 934, 937, 942, 948, 952, 956, 962, 968, 976, 985, 992, 999, 1006, 1014, 1022, 1032, 1041, 1051, 1063, 1074, 1085, 1097, 1112, 1127, 1143]
[0, 1004, 998, 994, 989, 982, 976, 971, 968, 964, 961, 957, 954, 917, 0, 568, 559, 556, 555, 557, 561, 571, 0, 0, 909, 910, 911, 913, 0, 917, 918, 918, 921, 924, 927, 932, 937, 940, 943, 949, 953, 958, 964, 972, 979, 987, 994, 1001, 1009, 1017, 1027, 1037, 1045, 1054, 1067, 1079, 1091, 1105, 1121, 1137, 1151]
[0, 1004, 999, 993, 987, 981, 975, 970, 967, 963, 960, 957, 955, 917, 0, 568, 559, 555, 555, 557, 561, 572, 0, 950, 949, 950, 951, 952, 0, 954, 955, 958, 963, 966, 969, 973, 937, 984, 990, 949, 999, 1004, 964, 1012, 1019, 1025, 1033, 1040, 1048, 1058, 1068, 1078, 1087, 1098, 1111, 1123, 1138, 1153, 1165, 1180, 1194]
[0, 1003, 997, 992, 985, 980, 973, 968, 967, 963, 959, 955, 955, 953, 0, 0, 563, 557, 554, 555, 559, 572, 0, 948, 949, 951, 0, 0, 0, 954, 955, 955, 963, 966, 969, 974, 979, 985, 990, 990, 1000, 1004, 1013, 1012, 1020, 1025, 1033, 1040, 1048, 1058, 1069, 1078, 1087, 1098, 1111, 1123, 1138, 1152, 1165, 1179, 1193]
[0, 1003, 1059, 1055, 1048, 1041, 1036, 1031, 1027, 1024, 1020, 1017, 1015, 953, 0, 0, 0, 629, 633, 633, 629, 572, 0, 0, 950, 951, 0, 0, 953, 954, 955, 957, 961, 965, 968, 971, 977, 982, 987, 993, 997, 1002, 1009, 1015, 1021, 1029, 1036, 1042, 1052, 1062, 1071, 1081, 1091, 1102, 1115, 1127, 1140, 1156, 1169, 1183, 1197]
[0, 1074, 1067, 1060, 1054, 1047, 1043, 1038, 1034, 1024, 1031, 1028, 1025, 953, 0, 619, 0, 632, 633, 633, 631, 572, 0, 0, 0, 1008, 0, 1010, 0, 1014, 1015, 1019, 1023, 1026, 1029, 1034, 1039, 1043, 1047, 1054, 1062, 1069, 1074, 1081, 1088, 1095, 1105, 1115, 1123, 1134, 1146, 1157, 1169, 1179, 1191, 1204, 1219, 1234, 1248, 1265, 1283]
[0, 1076, 1069, 1061, 1055, 1050, 1044, 1040, 1036, 1032, 1029, 1026, 1025, 953, 0, 619, 0, 632, 633, 631, 631, 0, 0, 0, 1020, 1021, 0, 1022, 0, 1026, 1028, 1031, 1034, 1038, 1041, 1044, 1049, 1055, 1061, 1068, 1074, 1079, 1085, 1092, 1099, 1107, 1117, 1126, 1135, 1147, 1158, 1168, 1180, 1192, 1203, 1215, 1230, 1245, 1261, 1278, 1297]
[0, 1091, 1083, 1077, 1073, 1067, 1061, 1056, 1052, 1049, 1045, 1042, 1040, 953, 0, 617, 627, 632, 633, 631, 631, 0, 0, 1021, 1020, 1020, 0, 1022, 0, 1026, 1029, 1032, 1035, 1038, 1041, 1044, 1049, 1054, 1060, 1066, 1072, 1078, 1084, 1091, 1099, 1108, 1115, 1124, 1134, 1145, 1157, 1168, 1180, 1192, 1203, 1217, 1231, 1247, 1261, 1275, 1292]
[0, 1094, 1087, 1081, 1074, 1069, 1064, 1060, 1055, 1050, 1046, 1044, 1042, 953, 0, 0, 622, 630, 633, 633, 631, 0, 0, 1021, 1037, 1037, 0, 0, 0, 1042, 1044, 1046, 1051, 1056, 1059, 1063, 1069, 1074, 1077, 1082, 1088, 1094, 1102, 1111, 1119, 1127, 1136, 1146, 1156, 1165, 1175, 1186, 1198, 1209, 1223, 1238, 1251, 1266, 1283, 1299, 1292]
[0, 1104, 1097, 1091, 1085, 1080, 1074, 1068, 1066, 1064, 1046, 1061, 1057, 1055, 0, 0, 628, 630, 632, 633, 631, 624, 0, 1021, 0, 1038, 1038, 0, 0, 1043, 1045, 1049, 1054, 1058, 1061, 1066, 1071, 1075, 1080, 1085, 1091, 1099, 1106, 1114, 1123, 1131, 1141, 1150, 1161, 1172, 1181, 1192, 1205, 1217, 1231, 1245, 1259, 1274, 1291, 1299, 1292]
[0, 1109, 1102, 1096, 1089, 1084, 1079, 1073, 1068, 1065, 1063, 1061, 1059, 1055, 0, 617, 626, 631, 633, 632, 627, 620, 0, 0, 1053, 1052, 1053, 1056, 0, 1059, 1061, 1064, 1068, 1071, 1075, 1079, 1084, 1089, 1094, 1099, 1107, 1113, 1120, 1129, 1137, 1147, 1156, 1164, 1172, 1182, 1194, 1207, 1220, 1233, 1245, 1259, 1274, 1289, 1305, 1299, 1333]
[0, 1146, 1138, 1131, 1125, 1118, 1114, 1108, 1102, 1099, 1096, 1093, 1091, 1089, 1087, 617, 0, 632, 633, 633, 634, 0, 0, 1055, 1058, 1060, 1060, 0, 1064, 1067, 1071, 1064, 1074, 1082, 1075, 1086, 1092, 1095, 1101, 1109, 1115, 1124, 1133, 1141, 1149, 1157, 1166, 1175, 1185, 1196, 1207, 1220, 1235, 1248, 1260, 1274, 1292, 1289, 1305, 0, 1363]
[0, 1179, 1171, 1163, 1157, 1153, 1148, 1141, 1136, 1134, 1130, 1127, 1124, 1121, 1121, 1119, 1118, 1119, 1120, 1120, 1118, 1118, 1087, 1088, 1089, 1091, 1093, 1094, 1097, 1100, 1103, 1107, 1110, 1115, 1121, 1126, 1131, 1136, 1142, 1147, 1154, 1161, 1168, 1174, 1149, 1191, 1201, 1211, 1185, 1238, 1250, 1262, 1277, 1291, 1305, 1274, 1329, 1354, 1371, 1391, 1410]
[0, 1176, 1169, 1162, 1157, 1150, 1145, 1140, 1135, 1132, 1129, 1127, 1124, 1122, 1121, 1121, 1121, 1121, 1120, 1119, 1119, 1120, 1120, 1123, 1125, 1126, 1129, 1131, 1134, 1137, 1138, 1141, 1145, 1149, 1152, 1157, 1163, 1169, 1175, 1181, 1187, 1196, 1208, 1217, 1222, 1231, 1243, 1254, 1265, 1278, 1289, 1304, 1318, 1332, 1347, 1364, 1381, 1399, 1416, 1391, 1443]
[0, 1198, 1191, 1183, 1176, 1170, 1165, 1160, 1156, 1154, 1151, 1146, 1143, 1141, 1138, 1136, 1136, 1137, 1137, 1136, 1135, 1137, 1120, 1122, 1124, 1126, 1128, 1132, 1134, 1135, 1138, 1140, 1143, 1146, 1151, 1156, 1161, 1166, 1170, 1175, 1182, 1191, 1199, 1209, 1218, 1225, 1236, 1246, 1258, 1273, 1283, 1294, 1306, 1323, 1340, 1354, 1370, 1389, 1407, 1391, 1443]
[0, 1194, 1186, 1179, 1173, 1167, 1163, 1160, 1157, 1153, 1148, 1144, 1143, 1142, 1139, 1139, 1140, 1140, 1139, 1138, 1139, 1138, 1139, 1140, 1141, 1141, 1144, 1148, 1150, 1152, 1155, 1159, 1162, 1165, 1169, 1173, 1179, 1185, 1194, 1205, 1211, 1218, 1232, 1240, 1245, 1259, 1271, 1275, 1285, 1297, 1310, 1322, 1337, 1353, 1368, 1383, 1401, 1420, 1440, 1459, 1476]
[0, 1195, 1189, 1184, 1177, 1170, 1165, 1161, 1158, 1155, 1151, 1146, 1143, 1142, 1140, 1138, 1139, 1140, 1139, 1138, 1137, 1137, 1140, 1140, 1141, 1142, 1148, 1151, 1150, 1153, 1157, 1161, 1162, 1164, 1168, 1172, 1176, 1186, 1192, 1198, 1208, 1215, 1222, 1230, 1241, 1252, 1261, 1273, 1283, 1291, 1303, 1317, 1332, 1348, 1361, 1377, 1394, 1413, 1440, 1445, 1474]
[0, 1237, 1230, 1223, 1215, 1208, 1202, 1198, 1192, 1188, 1187, 1184, 1181, 1180, 1177, 1175, 1174, 1175, 1176, 1174, 1175, 1177, 1139, 1141, 1141, 1143, 1145, 1148, 1151, 1154, 1158, 1161, 1164, 1166, 1170, 1176, 1181, 1189, 1201, 1212, 1215, 1219, 1230, 1241, 1249, 1259, 1272, 1281, 1289, 1300, 1313, 1328, 1345, 1359, 1372, 1388, 1408, 1427, 1449, 1469, 1485]
[0, 1233, 1225, 1223, 1216, 1209, 1203, 1198, 1194, 1190, 1186, 1183, 1180, 1179, 1176, 1176, 1175, 1174, 1175, 1174, 1175, 1176, 1177, 1179, 1180, 1182, 1182, 1185, 1193, 1196, 1197, 1201, 1202, 1206, 1216, 1223, 1230, 1236, 1243, 1252, 1255, 1264, 1277, 1283, 1287, 1297, 1310, 1325, 1339, 1348, 1359, 1371, 1384, 1399, 1416, 1388, 1444, 1472, 1484, 1497, 1505]
[0, 1276, 1267, 1259, 1252, 1246, 1241, 1237, 1235, 1230, 1224, 1221, 1219, 1218, 1215, 1216, 1218, 1216, 1218, 1224, 1227, 1222, 1178, 1179, 1180, 1181, 1186, 1190, 1190, 1194, 1197, 1200, 1202, 1205, 1212, 1218, 1223, 1233, 1242, 1249, 1254, 1260, 1271, 1283, 1290, 1297, 1308, 1320, 1333, 1346, 1357, 1368, 1382, 1398, 1412, 1428, 1449, 1471, 1482, 1490, 1504]
[0, 1271, 1264, 1258, 1253, 1246, 1240, 1236, 1235, 1227, 1224, 1221, 1219, 1219, 1218, 1218, 1219, 1222, 1221, 1220, 1224, 1221, 1225, 1230, 1229, 1233, 1233, 1231, 1234, 1237, 1237, 1241, 1247, 1249, 1255, 1264, 1270, 1274, 1280, 1286, 1295, 1306, 1314, 1283, 1329, 1345, 1354, 1362, 1368, 1346, 1386, 1398, 1406, 1398, 1429, 1442, 1449, 1458, 1471, 1484, 1514]
[0, 1273, 1266, 1258, 1252, 1247, 1242, 1237, 1233, 1228, 1225, 1223, 1220, 1217, 1215, 1219, 1224, 1221, 1221, 1227, 1229, 1223, 1218, 1228, 1230, 1230, 1233, 1230, 1230, 1235, 1240, 1241, 1244, 1247, 1252, 1260, 1267, 1273, 1278, 1283, 1290, 1300, 1310, 1318, 1328, 1339, 1349, 1359, 1366, 1371, 1380, 1391, 1400, 1411, 1422, 1432, 1446, 1462, 1475, 1488, 1501]
[0, 1355, 1348, 1342, 1252, 1332, 1323, 1320, 1315, 1310, 1306, 1304, 1302, 1295, 1292, 1293, 1292, 1292, 1293, 1297, 1298, 1296, 1227, 1229, 1226, 1234, 1235, 1235, 1241, 1243, 1240, 1243, 1246, 1248, 1254, 1262, 1265, 1272, 1277, 1285, 1293, 1299, 1309, 1319, 1329, 1341, 1348, 1353, 1360, 1369, 1378, 1388, 1398, 1409, 1417, 1429, 1444, 1459, 1474, 1488, 1499]
[0, 1367, 1361, 1342, 1355, 1346, 1339, 1320, 1331, 1324, 1319, 1314, 1312, 1311, 1308, 1306, 1305, 1304, 1304, 1304, 1302, 1301, 1291, 1292, 1296, 1296, 1293, 1289, 1289, 1288, 1289, 1292, 1293, 1292, 1294, 1297, 1299, 1302, 1306, 1309, 1315, 1318, 1324, 1332, 1337, 1341, 1349, 1357, 1366, 1375, 1382, 1391, 1402, 1412, 1421, 1434, 1450, 1463, 1479, 1496, 1509]
[0, 1394, 1384, 1378, 1373, 1367, 1360, 1357, 1354, 1350, 1344, 1340, 1337, 1335, 1332, 1327, 1324, 1322, 1317, 1310, 1305, 1303, 1301, 1299, 1297, 1293, 1291, 1291, 1290, 1290, 1290, 1287, 1288, 1290, 1293, 1297, 1299, 1303, 1305, 1307, 1312, 1317, 1320, 1326, 1335, 1342, 1348, 1354, 1361, 1371, 1381, 1389, 1397, 1406, 1416, 1429, 1445, 1460, 1476, 1490, 1503]
[0, 1394, 1384, 1443, 1414, 1405, 1401, 1395, 1388, 1379, 1367, 1358, 1352, 1342, 1333, 1328, 1324, 1321, 1316, 1310, 1305, 1303, 1299, 1295, 1294, 1292, 1289, 1290, 1290, 1289, 1289, 1288, 1290, 1292, 1294, 1297, 1299, 1301, 1306, 1311, 1314, 1316, 1321, 1329, 1337, 1344, 1351, 1358, 1368, 1376, 1381, 1397, 1405, 1406, 1427, 1429, 1451, 1460, 1467, 1497, 1503]
[0, 1394, 1384, 1440, 1417, 1409, 1402, 1397, 1390, 1381, 1370, 1360, 1352, 1343, 1337, 1332, 1325, 1319, 1316, 1312, 1305, 1301, 1298, 1294, 1294, 1292, 1289, 1287, 1287, 1289, 1288, 1290, 1289, 1289, 1293, 1293, 1296, 1301, 1305, 1310, 1313, 1316, 1323, 1331, 1336, 1342, 1348, 1356, 1366, 1375, 1382, 1390, 1400, 1411, 1424, 1438, 1451, 1464, 1478, 1491, 1504]
[0, 1449, 1432, 1424, 1415, 1406, 1399, 1394, 1386, 1375, 1364, 1356, 1347, 1341, 1335, 1327, 1320, 1316, 1311, 1307, 1301, 1301, 1300, 1298, 1296, 1293, 1291, 1291, 1290, 1289, 1289, 1287, 1288, 1290, 1293, 1296, 1298, 1299, 1301, 1307, 1312, 1316, 1320, 1326, 1334, 1342, 1347, 1354, 1361, 1368, 1378, 1389, 1396, 1406, 1417, 1429, 1444, 1459, 1474, 1486, 1500]
[0, 1449, 1447, 1424, 1417, 1408, 1400, 1395, 1388, 1377, 1365, 1358, 1350, 1341, 1334, 1331, 1326, 1319, 1313, 1308, 1305, 1303, 1296, 1293, 1290, 1290, 1291, 1286, 1290, 1287, 1288, 1288, 1288, 1289, 1289, 1292, 1295, 1298, 1303, 1307, 1308, 1312, 1316, 1320, 1329, 1337, 1344, 1351, 1359, 1368, 1377, 1386, 1393, 1401, 1413, 1428, 1439, 1450, 1466, 1482, 1498]
[0, 1474, 1458, 1444, 1432, 1419, 1406, 1396, 1385, 1374, 1367, 1359, 1350, 1342, 1337, 1331, 1324, 1318, 1315, 1310, 1304, 1301, 1299, 1295, 1293, 1291, 1290, 1288, 1288, 1287, 1288, 1288, 1287, 1289, 1292, 1295, 1298, 1302, 1305, 1308, 1314, 1318, 1321, 1328, 1336, 1340, 1347, 1357, 1365, 1374, 1380, 1389, 1398, 1406, 1418, 1431, 1446, 1460, 1477, 1492, 1502]
[0, 1475, 1457, 1443, 1432, 1419, 1407, 1396, 1385, 1373, 1365, 1358, 1351, 1343, 1337, 1332, 1324, 1317, 1312, 1307, 1305, 1301, 1297, 1293, 1291, 1291, 1290, 1289, 1288, 1287, 1287, 1287, 1286, 1288, 1292, 1294, 1297, 1301, 1303, 1306, 1309, 1313, 1320, 1323, 1331, 1340, 1346, 1354, 1362, 1368, 1377, 1388, 1397, 1406, 1417, 1429, 1446, 1460, 1476, 1491, 1502]
[0, 1475, 1458, 1444, 1430, 1417, 1406, 1396, 1386, 1377, 1369, 1360, 1351, 1343, 1337, 1331, 1324, 1318, 1312, 1309, 1305, 1301, 1297, 1295, 1292, 1290, 1287, 1286, 1285, 1284, 1287, 1287, 1286, 1286, 1289, 1295, 1297, 1300, 1303, 1307, 1309, 1313, 1319, 1322, 1327, 1336, 1346, 1352, 1359, 1366, 1374, 1388, 1400, 1408, 1417, 1430, 1445, 1456, 1472, 1490, 1502]
[0, 1461, 1448, 1435, 1422, 1411, 1401, 1390, 1379, 1370, 1362, 1354, 1347, 1338, 1329, 1322, 1319, 1315, 1310, 1309, 1306, 1302, 1300, 1295, 1290, 1290, 1287, 1283, 1285, 1288, 1288, 1287, 1285, 1287, 1292, 1295, 1296, 1298, 1301, 1304, 1307, 1313, 1318, 1322, 1326, 1331, 1339, 1347, 1358, 1368, 1377, 1387, 1395, 1405, 1416, 1428, 1443, 1454, 1470, 1486, 1500]
[0, 1461, 1448, 1435, 1421, 1410, 1400, 1390, 1378, 1369, 1362, 1354, 1347, 1338, 1329, 1323, 1318, 1315, 1314, 1310, 1306, 1301, 1296, 1295, 1292, 1290, 1289, 1287, 1285, 1284, 1283, 1285, 1287, 1288, 1289, 1292, 1294, 1297, 1300, 1302, 1305, 1308, 1311, 1319, 1325, 1333, 1340, 1345, 1353, 1363, 1375, 1383, 1390, 1401, 1410, 1422, 1435, 1449, 1465, 1481, 1496]
[0, 1466, 1451, 1437, 1425, 1412, 1401, 1394, 1384, 1372, 1363, 1356, 1350, 1343, 1335, 1325, 1316, 1313, 1310, 1307, 1304, 1299, 1296, 1295, 1292, 1289, 1289, 1287, 1285, 1284, 1283, 1285, 1286, 1288, 1289, 1291, 1294, 1296, 1299, 1301, 1305, 1308, 1311, 1319, 1325, 1333, 1339, 1344, 1352, 1360, 1372, 1381, 1390, 1401, 1410, 1421, 1435, 1449, 1461, 1478, 1493]
[0, 1457, 1445, 1432, 1420, 1409, 1398, 1387, 1378, 1367, 1360, 1356, 1344, 1343, 1337, 1324, 1316, 1313, 1310, 1309, 1305, 1301, 1295, 1294, 1293, 1291, 1288, 1287, 1285, 1282, 1284, 1286, 1286, 1286, 1287, 1292, 1297, 1300, 1303, 1304, 1307, 1313, 1318, 1321, 1327, 1335, 1343, 1348, 1357, 1365, 1374, 1387, 1398, 1407, 1417, 1430, 1444, 1458, 1469, 1485, 1501]
[0, 1466, 1450, 1437, 1425, 1412, 1401, 1391, 1380, 1371, 1363, 1357, 1350, 1342, 1335, 1328, 1319, 1313, 1310, 1304, 1301, 1299, 1296, 1293, 1291, 1289, 1288, 1286, 1285, 1283, 1283, 1284, 1286, 1287, 1288, 1291, 1291, 1293, 1299, 1301, 1304, 1308, 1312, 1318, 1324, 1331, 1339, 1344, 1352, 1360, 1371, 1381, 1390, 1400, 1410, 1420, 1434, 1448, 1459, 1476, 1492]
[0, 1474, 1456, 1440, 1428, 1415, 1403, 1395, 1384, 1373, 1364, 1358, 1350, 1342, 1336, 1330, 1322, 1317, 1312, 1307, 1303, 1300, 1296, 1294, 1293, 1290, 1288, 1286, 1283, 1281, 1284, 1286, 1285, 1286, 1288, 1290, 1292, 1296, 1302, 1304, 1309, 1314, 1317, 1321, 1327, 1337, 1344, 1351, 1360, 1366, 1376, 1388, 1397, 1409, 1419, 1429, 1443, 1456, 1473, 1490, 1503]
[0, 1466, 1450, 1436, 1424, 1412, 1400, 1390, 1380, 1371, 1362, 1356, 1349, 1342, 1334, 1324, 1319, 1316, 1309, 1303, 1298, 1297, 1296, 1293, 1290, 1289, 1287, 1283, 1283, 1286, 1284, 1283, 1285, 1288, 1290, 1290, 1290, 1295, 1300, 1302, 1305, 1312, 1316, 1319, 1325, 1331, 1339, 1348, 1355, 1364, 1373, 1383, 1395, 1405, 1416, 1428, 1446, 1467, 1485, 1500, 1509]
[0, 1456, 1441, 1429, 1417, 1406, 1395, 1390, 1385, 1368, 1362, 1359, 1350, 1342, 1337, 1328, 1319, 1315, 1310, 1304, 1301, 1297, 1296, 1293, 1288, 1285, 1285, 1283, 1282, 1282, 1285, 1284, 1284, 1288, 1290, 1291, 1293, 1296, 1300, 1303, 1308, 1312, 1314, 1319, 1325, 1326, 1342, 1348, 1355, 1359, 1366, 1375, 1400, 1405, 1410, 1423, 1453, 1476, 1485, 1494, 1514]
[0, 1473, 1456, 1440, 1425, 1412, 1402, 1392, 1382, 1372, 1365, 1356, 1347, 1341, 1335, 1325, 1318, 1316, 1311, 1306, 1301, 1297, 1294, 1291, 1289, 1286, 1284, 1283, 1281, 1280, 1281, 1283, 1284, 1284, 1286, 1288, 1288, 1293, 1297, 1301, 1309, 1318, 1326, 1331, 1337, 1343, 1351, 1363, 1372, 1382, 1392, 1401, 1411, 1420, 1430, 1443, 1456, 1468, 1482, 1498, 1506]
[0, 1458, 1447, 1431, 1418, 1409, 1398, 1386, 1375, 1366, 1358, 1351, 1343, 1337, 1329, 1322, 1314, 1308, 1307, 1305, 1299, 1297, 1295, 1292, 1287, 1283, 1283, 1283, 1283, 1283, 1283, 1285, 1285, 1287, 1289, 1289, 1290, 1293, 1298, 1302, 1311, 1322, 1328, 1335, 1342, 1346, 1353, 1361, 1373, 1386, 1393, 1403, 1413, 1424, 1435, 1445, 1458, 1471, 1486, 1503, 1509]
[0, 1465, 1446, 1433, 1421, 1409, 1399, 1387, 1377, 1370, 1362, 1353, 1342, 1335, 1328, 1323, 1320, 1315, 1309, 1303, 1298, 1296, 1294, 1291, 1287, 1285, 1283, 1283, 1284, 1285, 1284, 1284, 1286, 1287, 1288, 1294, 1299, 1304, 1308, 1312, 1317, 1322, 1324, 1327, 1338, 1346, 1351, 1359, 1366, 1378, 1391, 1399, 1409, 1421, 1430, 1440, 1453, 1467, 1481, 1495, 0]
[0, 1467, 1453, 1438, 1424, 1412, 1401, 1390, 1380, 1372, 1364, 1353, 1342, 1337, 1332, 1324, 1317, 1314, 1309, 1304, 1301, 1297, 1294, 1291, 1288, 1286, 1285, 1286, 1290, 1290, 1294, 1299, 1300, 1302, 1303, 1303, 1306, 1311, 1315, 1317, 1320, 1326, 1330, 1334, 1343, 1352, 1356, 1362, 1375, 1388, 1398, 1407, 1414, 1424, 1438, 1452, 1462, 1475, 1492, 1492, 1498]
[0, 1464, 1448, 1435, 1421, 1408, 1399, 1389, 1379, 1370, 1362, 1352, 1342, 1334, 1328, 1322, 1318, 1314, 1308, 1303, 1298, 1296, 1294, 1290, 1286, 1284, 1285, 1287, 1288, 1291, 1294, 1297, 1298, 1299, 1302, 1306, 1308, 1311, 1314, 1317, 1319, 1322, 1328, 1336, 1343, 1347, 1353, 1361, 1372, 1385, 1393, 1403, 1414, 1424, 1435, 1446, 1458, 1471, 1486, 1503, 1508]
[0, 1463, 1446, 1433, 1421, 1408, 1398, 1388, 1378, 1369, 1361, 1352, 1342, 1334, 1327, 1321, 1317, 1313, 1308, 1303, 1298, 1296, 1295, 1293, 1293, 1295, 1295, 1295, 1295, 1297, 1298, 1298, 1301, 1302, 1302, 1304, 1306, 1309, 1313, 1316, 1320, 1326, 1331, 1335, 1343, 1350, 1355, 1362, 1375, 1387, 1397, 1406, 1415, 1425, 1438, 1450, 1460, 1475, 1491, 1491, 1498]
[0, 1466, 1452, 1440, 1426, 1413, 1403, 1396, 1389, 1385, 1383, 1375, 1363, 1355, 1347, 1338, 1333, 1329, 1324, 1319, 1313, 1310, 1295, 1293, 1293, 1295, 1295, 1295, 1295, 1297, 1298, 1298, 1300, 1302, 1302, 1304, 1306, 1309, 1313, 1316, 1320, 1326, 1330, 1336, 1343, 1350, 1355, 1362, 1374, 1386, 1396, 1406, 1418, 1428, 1438, 1450, 1461, 1474, 1489, 1505, 1512]
[0, 1464, 1449, 1439, 1434, 1429, 1423, 1414, 1403, 1388, 1377, 1368, 1359, 1354, 1346, 1337, 1331, 1327, 1324, 1320, 1315, 1311, 1309, 1306, 1305, 1303, 1303, 1300, 1298, 1298, 1298, 1298, 1300, 1299, 1300, 1304, 1305, 1307, 1309, 1313, 1319, 1322, 1327, 1333, 1341, 1346, 1353, 1362, 1369, 1380, 1392, 1402, 1416, 1424, 1432, 1446, 1458, 1469, 1483, 1500, 1504]
[0, 1464, 1450, 1439, 1435, 1431, 1425, 1410, 1397, 1388, 1375, 1364, 1358, 1352, 1345, 1338, 1330, 1327, 1322, 1317, 1313, 1311, 1306, 1304, 1304, 1300, 1296, 1296, 1296, 1297, 1298, 1297, 1299, 1302, 1302, 1304, 1306, 1309, 1313, 1316, 1320, 1325, 1327, 1332, 1340, 1347, 1355, 1362, 1371, 1383, 1393, 1403, 1415, 1425, 1437, 1449, 1460, 1470, 1485, 1504, 1510]
[0, 1487, 1474, 1461, 1447, 1433, 1423, 1412, 1401, 1393, 1388, 1377, 1363, 1355, 1349, 1342, 1334, 1329, 1323, 1318, 1315, 1312, 1306, 1303, 1304, 1302, 1296, 1300, 1296, 1297, 1295, 1296, 1298, 1301, 1303, 1300, 1300, 1305, 1308, 1312, 1317, 1321, 1323, 1327, 1334, 1342, 1351, 1358, 1366, 1374, 1384, 1396, 1405, 1414, 1427, 1439, 1452, 1463, 1475, 1492, 1513]
[0, 1486, 1472, 1459, 1446, 1433, 1423, 1412, 1400, 1393, 1384, 1372, 1363, 1355, 1349, 1342, 1334, 1328, 1323, 1318, 1315, 1311, 1308, 1305, 1304, 1303, 1301, 1298, 1297, 1297, 1297, 1297, 1298, 1299, 1301, 1304, 1306, 1309, 1313, 1316, 1318, 1318, 1323, 1333, 1339, 1346, 1352, 1360, 1368, 1380, 1392, 1402, 1413, 1424, 1435, 1445, 1459, 1471, 1485, 1497, 1502]
[0, 1476, 1461, 1450, 1440, 1430, 1420, 1405, 1396, 1389, 1376, 1364, 1357, 1353, 1348, 1342, 1330, 1326, 1323, 1323, 1316, 1311, 1307, 1305, 1304, 1300, 1298, 1298, 1298, 1298, 1297, 1297, 1298, 1298, 1300, 1303, 1305, 1306, 1308, 1313, 1313, 1317, 1327, 1333, 1339, 1346, 1354, 1361, 1369, 1380, 1391, 1402, 1413, 1421, 1431, 1445, 1457, 1469, 1483, 1498, 1503]
[0, 1484, 1470, 1457, 1446, 1433, 1423, 1413, 1402, 1391, 1381, 1372, 1362, 1355, 1346, 1339, 1334, 1328, 1323, 1318, 1314, 1309, 1308, 1305, 1304, 1304, 1301, 1300, 1298, 1295, 1294, 1296, 1298, 1291, 1292, 1299, 1302, 1306, 1308, 1311, 1315, 1321, 1326, 1330, 1340, 1348, 1350, 1357, 1366, 1376, 1386, 1393, 1407, 1419, 1427, 1439, 1451, 1462, 1475, 1489, 1510]
[0, 1482, 1468, 1456, 1444, 1432, 1423, 1413, 1402, 1391, 1381, 1368, 1359, 1353, 1346, 1337, 1331, 1327, 1323, 1319, 1314, 1310, 1306, 1304, 1304, 1300, 1297, 1298, 1297, 1297, 1296, 1297, 1299, 1299, 1300, 1303, 1306, 1307, 1310, 1315, 1318, 1321, 1326, 1332, 1340, 1347, 1352, 1360, 1372, 1383, 1391, 1401, 1412, 1423, 1434, 1445, 1458, 1471, 1485, 1500, 1505]
