[0, 0, 0, 0, 0, 0, 0, 0, 0, 0, 0, 0, 0, 0, 0, 0, 0, 0, 0, 0, 0, 0, 0, 0, 0, 0, 0, 0, 0, 0, 0, 0, 0, 0, 0, 0, 0, 0, 0, 0, 0, 0, 0, 0, 0, 0, 0, 0, 0, 0, 0, 0, 0, 0, 0, 0, 0, 0, 0, 0, 0]
[0, 530, 525, 522, 518, 515, 512, 509, 506, 503, 500, 498, 496, 494, 492, 490, 488, 486, 485, 484, 483, 482, 481, 480, 0, 0, 409, 400, 396, 394, 393, 393, 395, 399, 411, 1303, 0, 368, 0, 488, 490, 493, 493, 495, 499, 501, 505, 509, 511, 514, 518, 522, 526, 535, 539, 546, 551, 555, 560, 566, 572]
[0, 532, 527, 520, 516, 515, 510, 509, 504, 502, 500, 499, 497, 492, 490, 488, 488, 486, 484, 484, 482, 482, 481, 480, 480, 0, 407, 399, 395, 394, 393, 394, 396, 400, 407, 0, 0, 368, 0, 488, 490, 492, 495, 497, 499, 502, 505, 509, 512, 515, 519, 524, 528, 532, 537, 542, 547, 552, 562, 566, 575]
[0, 531, 527, 519, 516, 515, 512, 510, 507, 504, 501, 499, 494, 492, 490, 488, 488, 487, 486, 484, 482, 482, 481, 481, 480, 0, 411, 402, 396, 394, 393, 393, 395, 398, 407, 0, 0, 368, 0, 487, 489, 492, 495, 496, 498, 501, 505, 508, 513, 517, 521, 525, 529, 534, 540, 545, 549, 554, 559, 564, 570]
[0, 528, 524, 520, 516, 513, 512, 510, 505, 502, 499, 497, 495, 493, 491, 488, 487, 486, 485, 484, 482, 482, 481, 480, 480, 0, 409, 400, 396, 394, 393, 393, 395, 399, 407, 0, 0, 369, 0, 488, 490, 492, 493, 495, 499, 501, 505, 509, 511, 514, 518, 522, 526, 531, 540, 545, 551, 555, 560, 566, 572]
[0, 531, 526, 522, 519, 515, 512, 509, 506, 503, 501, 498, 496, 494, 492, 490, 488, 486, 485, 484, 483, 482, 481, 480, 480, 0, 412, 402, 397, 394, 393, 393, 395, 398, 407, 0, 0, 367, 0, 487, 490, 492, 494, 496, 498, 501, 505, 508, 513, 514, 517, 525, 530, 534, 540, 545, 549, 554, 559, 565, 572]
[0, 534, 530, 525, 521, 519, 515, 512, 507, 503, 503, 501, 500, 498, 496, 494, 491, 487, 485, 487, 486, 484, 484, 480, 480, 0, 406, 399, 395, 394, 394, 394, 396, 400, 407, 0, 0, 367, 0, 488, 491, 493, 495, 497, 499, 503, 505, 509, 512, 515, 519, 523, 528, 532, 537, 542, 547, 552, 556, 562, 569]
[0, 534, 529, 525, 522, 518, 514, 512, 509, 506, 504, 502, 499, 498, 496, 493, 491, 490, 489, 487, 485, 484, 484, 483, 480, 0, 407, 400, 396, 394, 393, 393, 395, 398, 407, 0, 0, 368, 0, 492, 494, 496, 499, 501, 503, 506, 509, 511, 514, 518, 522, 530, 535, 540, 545, 550, 555, 560, 565, 571, 577]
[0, 532, 528, 524, 520, 517, 514, 511, 508, 506, 503, 501, 499, 497, 495, 494, 491, 489, 488, 487, 486, 485, 485, 484, 483, 0, 406, 399, 395, 394, 393, 394, 396, 400, 407, 0, 0, 368, 0, 492, 494, 497, 498, 500, 503, 506, 509, 512, 516, 520, 523, 527, 532, 536, 540, 550, 555, 561, 566, 572, 579]
[0, 538, 534, 531, 527, 523, 520, 517, 515, 512, 510, 508, 505, 503, 501, 500, 499, 497, 496, 495, 494, 492, 491, 490, 0, 0, 403, 399, 398, 393, 393, 394, 397, 402, 410, 0, 0, 366, 0, 0, 497, 499, 501, 503, 507, 510, 512, 516, 520, 523, 527, 532, 537, 541, 547, 552, 556, 561, 567, 573, 580]
[0, 538, 534, 530, 526, 523, 520, 517, 514, 512, 510, 508, 505, 503, 501, 500, 498, 497, 496, 495, 494, 492, 491, 490, 0, 0, 408, 399, 395, 392, 391, 392, 394, 397, 410, 0, 0, 367, 0, 499, 502, 506, 0, 508, 513, 517, 520, 523, 527, 531, 535, 539, 544, 548, 553, 558, 563, 568, 574, 580, 586]
[0, 539, 534, 531, 528, 525, 522, 519, 515, 513, 511, 508, 506, 504, 502, 501, 499, 497, 496, 495, 494, 493, 492, 491, 0, 0, 408, 399, 395, 392, 391, 392, 394, 397, 410, 0, 0, 367, 501, 502, 502, 504, 506, 511, 514, 517, 520, 523, 527, 531, 535, 540, 544, 548, 553, 557, 563, 568, 574, 580, 593]
[0, 541, 537, 533, 529, 526, 522, 519, 517, 514, 512, 510, 507, 505, 503, 501, 500, 499, 497, 496, 494, 493, 492, 491, 0, 0, 401, 399, 393, 391, 392, 394, 396, 397, 410, 0, 366, 0, 0, 501, 503, 506, 508, 510, 513, 516, 519, 522, 525, 529, 534, 538, 547, 548, 556, 561, 566, 572, 578, 585, 590]
[0, 543, 538, 534, 531, 527, 521, 519, 519, 516, 510, 508, 507, 504, 503, 501, 500, 498, 497, 497, 495, 494, 492, 491, 492, 0, 404, 397, 395, 393, 392, 393, 395, 398, 405, 0, 366, 0, 0, 501, 503, 506, 508, 510, 512, 515, 522, 525, 525, 533, 537, 542, 546, 551, 556, 560, 565, 570, 577, 583, 589]
[0, 543, 538, 534, 531, 527, 524, 521, 519, 516, 510, 508, 506, 504, 503, 501, 500, 498, 497, 496, 495, 494, 492, 493, 492, 0, 404, 397, 393, 391, 391, 393, 395, 398, 405, 0, 362, 370, 0, 502, 504, 506, 509, 512, 515, 516, 524, 527, 530, 534, 538, 542, 546, 551, 557, 561, 567, 574, 579, 585, 591]
[0, 541, 537, 532, 529, 527, 523, 520, 517, 514, 512, 510, 507, 506, 503, 502, 500, 499, 498, 497, 496, 495, 494, 493, 492, 0, 404, 397, 393, 391, 391, 392, 394, 398, 405, 0, 362, 370, 0, 502, 504, 507, 509, 512, 515, 519, 524, 527, 530, 534, 538, 542, 547, 552, 557, 562, 567, 574, 579, 585, 591]
[0, 546, 537, 534, 529, 530, 524, 520, 522, 519, 514, 510, 509, 507, 505, 503, 502, 501, 501, 500, 499, 497, 497, 496, 0, 0, 401, 396, 393, 391, 392, 392, 396, 398, 405, 0, 362, 366, 0, 504, 506, 508, 510, 511, 514, 518, 522, 525, 528, 532, 535, 539, 550, 555, 559, 564, 569, 575, 581, 587, 594]
[0, 545, 541, 536, 532, 530, 527, 524, 521, 518, 516, 513, 511, 509, 505, 503, 502, 501, 500, 500, 499, 498, 497, 496, 0, 0, 404, 397, 394, 391, 390, 391, 394, 398, 405, 0, 0, 369, 0, 507, 511, 508, 516, 518, 521, 524, 527, 531, 534, 538, 542, 547, 552, 556, 561, 566, 570, 577, 582, 594, 594]
[0, 544, 540, 536, 533, 529, 526, 523, 520, 517, 515, 513, 511, 508, 505, 505, 503, 502, 501, 500, 499, 498, 497, 497, 0, 0, 404, 397, 393, 391, 391, 392, 394, 398, 405, 0, 362, 370, 0, 506, 508, 511, 513, 516, 521, 524, 527, 531, 534, 538, 542, 547, 552, 556, 561, 566, 571, 577, 583, 589, 601]
[0, 546, 541, 537, 534, 530, 527, 524, 519, 516, 514, 511, 509, 508, 505, 503, 502, 501, 501, 500, 498, 497, 497, 496, 0, 0, 404, 401, 392, 391, 391, 393, 396, 400, 407, 0, 366, 370, 0, 508, 510, 512, 513, 516, 519, 522, 525, 528, 532, 536, 540, 549, 554, 558, 562, 568, 574, 581, 586, 592, 598]
[0, 544, 541, 537, 533, 530, 526, 523, 520, 518, 516, 513, 512, 509, 507, 505, 504, 502, 500, 500, 498, 497, 497, 496, 0, 0, 404, 397, 393, 391, 391, 391, 394, 397, 407, 0, 0, 368, 0, 506, 509, 513, 515, 518, 521, 524, 527, 531, 534, 538, 542, 546, 551, 556, 561, 566, 570, 577, 582, 594, 598]
[0, 555, 551, 547, 544, 541, 537, 534, 531, 528, 526, 523, 520, 518, 507, 516, 513, 512, 511, 510, 509, 509, 508, 496, 0, 411, 402, 397, 393, 391, 391, 392, 395, 398, 405, 0, 0, 368, 0, 507, 509, 512, 514, 516, 519, 522, 525, 532, 536, 539, 544, 549, 553, 558, 563, 568, 574, 580, 585, 592, 597]
[0, 555, 551, 547, 544, 541, 538, 535, 533, 530, 527, 525, 523, 521, 519, 517, 515, 513, 512, 512, 511, 510, 510, 509, 0, 0, 402, 396, 392, 390, 389, 390, 393, 403, 405, 0, 0, 368, 0, 519, 524, 0, 526, 528, 534, 537, 541, 545, 548, 552, 557, 560, 564, 570, 575, 581, 587, 592, 598, 604, 616]
[0, 555, 551, 547, 544, 541, 538, 535, 532, 530, 527, 525, 523, 521, 520, 517, 515, 513, 512, 512, 511, 510, 510, 509, 0, 406, 402, 398, 393, 389, 389, 389, 391, 394, 405, 0, 367, 368, 0, 520, 522, 525, 528, 530, 533, 536, 539, 543, 546, 551, 555, 563, 568, 573, 579, 585, 591, 597, 602, 607, 613]
[0, 560, 557, 553, 549, 546, 543, 540, 538, 535, 533, 531, 529, 527, 525, 523, 521, 519, 518, 517, 516, 516, 515, 513, 0, 0, 405, 397, 393, 389, 390, 389, 394, 394, 405, 0, 0, 367, 0, 520, 523, 526, 528, 530, 533, 536, 539, 543, 547, 551, 559, 563, 568, 573, 579, 585, 591, 597, 601, 607, 613]
[0, 563, 559, 555, 551, 548, 544, 541, 539, 536, 534, 531, 527, 525, 524, 522, 520, 519, 519, 517, 515, 515, 514, 513, 0, 0, 405, 397, 392, 390, 389, 391, 394, 394, 405, 0, 367, 367, 0, 526, 528, 530, 533, 536, 539, 542, 545, 549, 553, 556, 560, 568, 573, 580, 586, 591, 597, 602, 608, 614, 621]
[0, 569, 565, 562, 559, 555, 552, 548, 546, 543, 541, 539, 536, 535, 533, 531, 529, 527, 526, 525, 524, 523, 522, 522, 0, 0, 401, 394, 391, 389, 388, 390, 392, 396, 402, 0, 367, 367, 0, 525, 527, 532, 0, 537, 540, 543, 547, 551, 555, 558, 562, 567, 571, 577, 583, 588, 594, 599, 605, 617, 624]
[0, 570, 566, 562, 558, 555, 552, 549, 546, 544, 542, 540, 537, 535, 533, 531, 529, 528, 527, 525, 523, 522, 522, 522, 0, 0, 397, 392, 389, 388, 388, 389, 392, 397, 404, 0, 367, 367, 0, 534, 536, 539, 541, 544, 547, 550, 553, 556, 564, 568, 573, 578, 583, 587, 592, 599, 604, 611, 617, 623, 630]
[0, 574, 569, 565, 562, 559, 556, 552, 550, 547, 545, 543, 540, 538, 536, 534, 533, 532, 529, 525, 528, 526, 525, 522, 0, 407, 397, 392, 389, 387, 387, 389, 392, 396, 403, 0, 367, 367, 0, 534, 536, 539, 541, 547, 550, 553, 556, 560, 563, 568, 573, 578, 583, 587, 592, 598, 604, 611, 616, 621, 636]
[0, 572, 567, 564, 561, 558, 555, 552, 549, 546, 544, 542, 540, 538, 536, 534, 532, 531, 530, 528, 527, 526, 526, 525, 0, 407, 397, 392, 389, 387, 387, 389, 392, 396, 403, 0, 367, 367, 0, 538, 540, 542, 545, 548, 554, 553, 560, 560, 568, 572, 577, 583, 588, 591, 596, 602, 608, 615, 621, 627, 640]
[0, 580, 576, 571, 567, 563, 561, 558, 556, 553, 550, 548, 546, 542, 536, 540, 538, 536, 530, 534, 533, 531, 530, 525, 0, 0, 402, 395, 391, 389, 388, 387, 389, 398, 403, 0, 363, 370, 0, 538, 541, 543, 546, 549, 552, 555, 558, 562, 566, 569, 573, 579, 589, 594, 599, 605, 611, 616, 623, 629, 636]
[0, 582, 577, 573, 565, 561, 559, 557, 554, 551, 549, 547, 545, 543, 541, 539, 537, 536, 535, 533, 532, 531, 530, 531, 0, 407, 397, 392, 388, 387, 387, 388, 391, 395, 402, 0, 367, 370, 0, 543, 545, 548, 553, 556, 558, 562, 565, 569, 573, 577, 582, 587, 592, 597, 602, 607, 614, 620, 632, 639, 646]
[0, 594, 591, 587, 583, 579, 575, 571, 568, 565, 563, 561, 559, 557, 555, 553, 551, 550, 548, 547, 546, 546, 545, 544, 0, 0, 400, 393, 389, 387, 387, 387, 390, 393, 399, 0, 367, 0, 0, 544, 547, 549, 552, 555, 558, 561, 565, 568, 572, 577, 582, 586, 591, 595, 600, 612, 618, 624, 630, 637, 645]
[0, 595, 591, 587, 584, 580, 576, 572, 569, 566, 563, 562, 559, 557, 555, 553, 552, 550, 549, 547, 546, 546, 544, 544, 0, 0, 402, 394, 389, 386, 385, 387, 390, 395, 0, 368, 373, 0, 0, 558, 560, 562, 565, 568, 571, 575, 579, 586, 590, 595, 599, 603, 609, 614, 619, 626, 633, 639, 645, 652, 658]
[0, 603, 599, 596, 592, 589, 585, 581, 579, 577, 574, 571, 569, 567, 565, 563, 562, 560, 559, 558, 557, 556, 555, 555, 0, 0, 395, 390, 387, 386, 386, 387, 389, 394, 0, 373, 373, 371, 0, 558, 559, 561, 564, 570, 571, 577, 582, 585, 590, 594, 598, 603, 608, 613, 618, 624, 632, 638, 645, 652, 658]
[0, 612, 608, 604, 597, 589, 594, 590, 584, 581, 579, 576, 574, 572, 570, 568, 566, 564, 563, 563, 562, 561, 560, 555, 0, 0, 397, 391, 387, 385, 385, 385, 388, 391, 388, 0, 371, 0, 568, 569, 571, 574, 577, 581, 585, 588, 592, 596, 599, 604, 609, 613, 618, 622, 628, 635, 648, 654, 661, 668, 675]
[0, 614, 610, 606, 603, 599, 596, 593, 590, 587, 584, 581, 579, 577, 575, 572, 569, 567, 566, 564, 563, 563, 562, 555, 0, 0, 395, 390, 386, 385, 385, 385, 388, 391, 0, 371, 374, 0, 568, 575, 578, 581, 584, 587, 590, 595, 598, 602, 607, 611, 614, 618, 624, 630, 636, 643, 648, 662, 669, 675, 683]
[0, 614, 611, 603, 603, 596, 594, 591, 588, 585, 582, 580, 578, 575, 573, 571, 569, 568, 567, 565, 564, 563, 563, 555, 0, 402, 394, 389, 386, 385, 384, 385, 388, 392, 0, 371, 374, 0, 575, 577, 582, 0, 588, 591, 595, 598, 602, 605, 610, 614, 619, 624, 630, 636, 641, 648, 654, 659, 666, 673, 689]
[0, 613, 609, 605, 601, 599, 596, 593, 591, 588, 585, 582, 580, 578, 577, 575, 573, 571, 569, 569, 568, 567, 566, 565, 0, 0, 395, 389, 386, 384, 384, 385, 387, 391, 0, 371, 374, 0, 577, 579, 581, 584, 588, 591, 594, 597, 601, 603, 607, 613, 617, 622, 628, 634, 645, 651, 658, 664, 671, 679, 686]
[0, 625, 620, 616, 613, 610, 606, 603, 600, 597, 594, 593, 590, 588, 586, 585, 583, 581, 579, 579, 576, 575, 566, 574, 0, 0, 397, 390, 387, 385, 385, 385, 386, 388, 0, 372, 374, 0, 582, 584, 587, 590, 592, 595, 598, 602, 606, 610, 614, 619, 629, 634, 640, 645, 650, 657, 663, 670, 677, 685, 693]
[0, 628, 620, 620, 616, 613, 610, 607, 605, 601, 598, 596, 594, 593, 591, 589, 587, 585, 584, 584, 583, 582, 580, 574, 0, 399, 397, 391, 387, 384, 385, 385, 389, 0, 0, 375, 374, 0, 587, 590, 592, 595, 597, 600, 607, 611, 614, 618, 622, 627, 633, 638, 644, 650, 655, 661, 667, 674, 680, 689, 697]
[0, 633, 624, 620, 616, 613, 610, 607, 604, 601, 598, 596, 594, 592, 591, 589, 587, 586, 584, 583, 583, 581, 580, 581, 0, 0, 395, 389, 386, 384, 384, 385, 385, 382, 377, 376, 0, 592, 594, 596, 598, 601, 603, 607, 610, 614, 617, 621, 625, 631, 637, 647, 653, 650, 664, 670, 677, 684, 691, 700, 707]
[0, 632, 626, 621, 618, 615, 611, 608, 606, 603, 600, 597, 595, 594, 592, 588, 587, 587, 585, 584, 582, 581, 580, 581, 0, 0, 395, 389, 386, 384, 384, 385, 383, 380, 377, 376, 0, 591, 594, 596, 598, 601, 603, 606, 610, 614, 617, 621, 626, 631, 642, 647, 652, 657, 663, 669, 675, 683, 691, 699, 706]
[0, 643, 638, 634, 630, 626, 623, 619, 616, 614, 611, 608, 605, 601, 592, 598, 596, 595, 594, 592, 591, 590, 590, 581, 0, 399, 395, 391, 387, 384, 384, 385, 383, 380, 376, 377, 0, 0, 591, 594, 598, 0, 605, 606, 612, 615, 618, 623, 628, 633, 638, 643, 649, 655, 661, 666, 672, 679, 687, 695, 710]
[0, 659, 654, 650, 642, 626, 637, 634, 616, 627, 624, 622, 619, 617, 615, 614, 612, 611, 610, 609, 608, 607, 606, 581, 0, 399, 400, 386, 384, 383, 382, 385, 383, 381, 380, 0, 0, 601, 604, 607, 0, 612, 615, 618, 621, 625, 630, 635, 640, 644, 649, 654, 660, 665, 669, 683, 691, 699, 706, 712, 721]
[0, 664, 659, 656, 652, 649, 645, 642, 640, 636, 632, 629, 627, 625, 623, 621, 619, 617, 616, 615, 614, 613, 612, 581, 0, 400, 391, 386, 384, 383, 381, 383, 384, 387, 380, 0, 0, 617, 620, 0, 623, 629, 632, 636, 640, 644, 648, 651, 656, 661, 667, 672, 678, 684, 690, 697, 705, 711, 718, 734, 743]
[0, 664, 659, 656, 652, 648, 645, 642, 639, 636, 632, 629, 627, 625, 623, 620, 618, 617, 616, 615, 614, 613, 612, 612, 0, 0, 394, 387, 383, 381, 380, 381, 383, 386, 380, 0, 0, 622, 625, 628, 631, 634, 637, 640, 644, 652, 648, 657, 664, 670, 676, 681, 687, 694, 701, 707, 713, 720, 728, 737, 746]
[0, 663, 659, 655, 651, 648, 645, 642, 639, 635, 632, 630, 627, 624, 622, 620, 618, 617, 617, 616, 615, 613, 612, 612, 0, 0, 394, 387, 383, 381, 380, 381, 383, 386, 380, 0, 0, 623, 625, 628, 631, 634, 638, 641, 644, 648, 652, 661, 664, 670, 676, 681, 687, 694, 700, 707, 713, 720, 729, 737, 745]
[0, 664, 659, 656, 652, 648, 645, 642, 639, 636, 632, 629, 627, 625, 623, 620, 618, 617, 616, 615, 614, 613, 612, 612, 0, 0, 392, 386, 383, 381, 381, 381, 383, 387, 380, 0, 0, 624, 626, 629, 632, 635, 639, 642, 645, 649, 653, 657, 662, 666, 677, 682, 689, 696, 702, 709, 716, 723, 730, 739, 748]
[0, 679, 673, 669, 665, 662, 656, 653, 650, 647, 645, 642, 640, 637, 634, 633, 631, 630, 629, 627, 626, 625, 624, 612, 0, 0, 394, 387, 383, 381, 380, 381, 383, 386, 380, 0, 0, 622, 625, 628, 631, 634, 638, 641, 645, 648, 652, 657, 661, 670, 676, 681, 687, 694, 701, 707, 713, 721, 729, 737, 745]
[0, 686, 682, 677, 674, 670, 667, 663, 660, 657, 654, 652, 651, 649, 646, 644, 642, 641, 640, 639, 638, 636, 634, 612, 0, 0, 0, 384, 383, 381, 380, 382, 384, 387, 380, 0, 0, 638, 641, 644, 647, 650, 653, 655, 658, 662, 667, 671, 676, 681, 687, 693, 699, 705, 711, 717, 731, 740, 748, 757, 765]
[0, 687, 682, 677, 673, 670, 666, 663, 660, 657, 655, 652, 651, 649, 646, 644, 642, 641, 640, 639, 638, 635, 634, 636, 0, 0, 391, 386, 383, 381, 381, 381, 383, 386, 380, 0, 0, 648, 650, 653, 656, 659, 661, 664, 668, 671, 675, 681, 692, 697, 703, 709, 715, 721, 727, 735, 742, 750, 758, 766, 774]
[0, 686, 682, 678, 674, 670, 667, 664, 660, 657, 655, 653, 651, 649, 647, 645, 643, 642, 641, 639, 638, 638, 638, 636, 0, 0, 391, 386, 383, 381, 381, 381, 383, 386, 380, 0, 0, 647, 650, 653, 656, 659, 661, 663, 667, 671, 675, 681, 691, 697, 703, 709, 714, 720, 727, 734, 742, 749, 757, 766, 774]
[0, 697, 692, 687, 682, 678, 675, 672, 668, 666, 664, 661, 659, 657, 654, 653, 651, 650, 649, 648, 648, 647, 646, 636, 0, 0, 389, 384, 381, 381, 381, 381, 383, 387, 380, 0, 0, 650, 652, 655, 658, 661, 663, 666, 670, 674, 679, 683, 688, 694, 701, 706, 717, 720, 730, 737, 745, 753, 761, 769, 779]
[0, 704, 700, 695, 690, 686, 683, 679, 675, 673, 671, 668, 663, 657, 658, 657, 655, 654, 653, 652, 650, 650, 648, 636, 0, 0, 391, 387, 0, 461, 462, 460, 383, 0, 380, 0, 0, 659, 662, 665, 668, 670, 673, 677, 681, 686, 696, 701, 706, 711, 716, 723, 730, 736, 743, 750, 758, 766, 775, 784, 793]
[0, 710, 706, 701, 697, 692, 689, 685, 681, 679, 676, 674, 672, 669, 666, 665, 664, 662, 660, 658, 650, 656, 655, 636, 0, 0, 390, 0, 457, 461, 462, 461, 459, 0, 395, 0, 0, 663, 662, 668, 671, 674, 677, 681, 685, 691, 696, 701, 706, 710, 715, 721, 728, 734, 740, 748, 755, 771, 779, 788, 799]
[0, 711, 707, 702, 698, 694, 690, 686, 683, 680, 677, 674, 670, 669, 667, 664, 664, 662, 660, 658, 658, 657, 655, 636, 0, 0, 0, 454, 459, 461, 462, 460, 457, 0, 395, 0, 0, 670, 671, 674, 676, 679, 683, 687, 695, 691, 706, 710, 714, 719, 726, 733, 739, 746, 753, 760, 766, 774, 783, 793, 803]
[0, 720, 715, 712, 708, 704, 701, 697, 693, 690, 687, 685, 682, 680, 679, 677, 676, 674, 672, 671, 669, 668, 667, 636, 0, 0, 0, 453, 458, 461, 462, 461, 458, 0, 0, 0, 0, 671, 671, 677, 680, 683, 686, 690, 694, 700, 705, 709, 713, 718, 724, 730, 737, 743, 751, 758, 765, 773, 782, 799, 809]
[0, 724, 718, 714, 710, 703, 699, 696, 691, 688, 686, 683, 682, 680, 677, 675, 674, 673, 672, 670, 669, 668, 667, 636, 0, 0, 0, 449, 459, 461, 461, 459, 458, 455, 0, 0, 0, 682, 684, 686, 689, 693, 697, 702, 707, 711, 715, 719, 724, 730, 736, 749, 756, 763, 770, 777, 785, 794, 804, 813, 821]
[0, 724, 735, 726, 721, 717, 714, 711, 707, 704, 702, 701, 697, 695, 694, 691, 690, 688, 687, 686, 684, 682, 682, 636, 0, 0, 444, 453, 458, 461, 462, 460, 458, 453, 0, 0, 0, 682, 686, 0, 691, 0, 700, 704, 708, 712, 716, 721, 726, 732, 739, 745, 751, 758, 766, 773, 780, 788, 798, 807, 825]
[0, 739, 733, 728, 725, 720, 715, 712, 709, 707, 705, 702, 699, 696, 695, 693, 692, 688, 687, 686, 684, 683, 682, 636, 0, 0, 0, 452, 457, 460, 462, 461, 458, 453, 0, 0, 0, 700, 702, 705, 707, 710, 715, 719, 724, 728, 733, 738, 744, 750, 756, 763, 769, 776, 784, 800, 780, 815, 824, 833, 843]
[0, 760, 755, 750, 745, 739, 735, 731, 724, 721, 720, 717, 715, 712, 711, 709, 707, 706, 705, 704, 704, 702, 701, 636, 0, 0, 0, 446, 455, 460, 461, 460, 456, 451, 0, 0, 0, 700, 700, 702, 705, 713, 715, 720, 725, 730, 734, 740, 746, 752, 759, 764, 770, 777, 785, 793, 802, 810, 818, 827, 834]
[0, 760, 755, 750, 745, 739, 735, 732, 729, 725, 722, 720, 715, 713, 711, 710, 708, 706, 705, 704, 702, 702, 702, 636, 0, 0, 0, 452, 457, 460, 461, 460, 458, 453, 0, 0, 0, 717, 719, 722, 726, 730, 735, 738, 743, 749, 754, 760, 764, 770, 777, 783, 789, 797, 815, 821, 828, 836, 846, 857, 866]
[0, 760, 755, 750, 745, 739, 735, 732, 729, 725, 722, 720, 715, 713, 711, 710, 708, 706, 705, 704, 702, 702, 702, 636, 0, 0, 0, 454, 458, 460, 461, 460, 456, 451, 442, 0, 0, 716, 718, 720, 729, 0, 736, 741, 747, 752, 757, 763, 768, 774, 780, 786, 794, 801, 809, 816, 824, 832, 840, 850, 870]
[0, 776, 770, 766, 761, 756, 752, 750, 746, 742, 740, 737, 734, 731, 729, 727, 725, 723, 722, 720, 719, 718, 718, 636, 0, 0, 0, 454, 458, 460, 461, 460, 456, 451, 442, 0, 0, 716, 718, 720, 729, 0, 736, 741, 747, 752, 757, 763, 768, 774, 780, 786, 794, 801, 809, 816, 824, 832, 840, 850, 870]
[0, 784, 778, 772, 767, 763, 760, 757, 754, 750, 747, 745, 741, 739, 736, 735, 734, 733, 730, 729, 728, 727, 728, 636, 0, 0, 441, 455, 458, 461, 461, 460, 455, 451, 449, 0, 0, 735, 738, 742, 746, 750, 754, 759, 763, 767, 772, 783, 788, 795, 802, 809, 816, 823, 831, 838, 847, 858, 866, 874, 882]
[0, 783, 778, 772, 768, 764, 761, 757, 753, 751, 747, 744, 741, 738, 736, 734, 733, 732, 730, 729, 728, 727, 727, 728, 0, 0, 445, 452, 457, 460, 461, 460, 457, 451, 450, 0, 741, 744, 748, 752, 755, 760, 764, 768, 773, 779, 784, 790, 797, 804, 809, 815, 822, 829, 835, 853, 863, 871, 878, 886, 896]
[0, 793, 787, 781, 777, 773, 769, 765, 762, 759, 756, 753, 751, 748, 746, 743, 741, 740, 738, 736, 735, 734, 735, 727, 0, 0, 444, 451, 456, 459, 460, 460, 457, 451, 450, 0, 741, 743, 747, 751, 755, 760, 764, 768, 773, 778, 783, 790, 795, 802, 809, 815, 822, 835, 843, 852, 862, 871, 878, 886, 896]
[0, 795, 790, 784, 778, 774, 769, 766, 763, 761, 757, 752, 751, 749, 746, 742, 739, 739, 737, 736, 735, 735, 734, 727, 0, 0, 0, 449, 455, 458, 460, 460, 455, 451, 450, 0, 748, 752, 755, 759, 763, 766, 770, 775, 781, 785, 790, 804, 809, 815, 822, 829, 835, 842, 851, 860, 868, 876, 884, 892, 903]
[0, 818, 813, 808, 802, 797, 795, 792, 787, 784, 780, 778, 775, 772, 770, 769, 767, 765, 766, 766, 764, 763, 761, 734, 0, 0, 448, 454, 458, 460, 461, 459, 456, 451, 450, 0, 748, 751, 753, 758, 761, 768, 773, 779, 784, 790, 795, 800, 806, 812, 819, 827, 832, 839, 848, 857, 865, 874, 882, 890, 912]
[0, 818, 813, 808, 802, 797, 795, 792, 787, 783, 780, 778, 775, 772, 770, 768, 766, 765, 766, 766, 764, 763, 761, 760, 760, 759, 448, 454, 0, 459, 462, 461, 0, 769, 771, 774, 777, 780, 783, 788, 792, 797, 802, 806, 811, 816, 822, 827, 833, 839, 847, 855, 863, 876, 884, 892, 901, 910, 920, 930, 940]
[0, 830, 825, 821, 815, 811, 808, 804, 800, 796, 793, 790, 788, 785, 782, 779, 778, 777, 775, 766, 774, 771, 761, 760, 759, 759, 448, 454, 0, 459, 462, 461, 0, 769, 771, 774, 777, 779, 783, 787, 791, 796, 801, 806, 810, 816, 822, 827, 833, 839, 846, 862, 863, 868, 883, 891, 899, 908, 919, 6223, 941]
[0, 830, 825, 821, 815, 811, 808, 804, 800, 796, 793, 790, 788, 785, 782, 779, 778, 777, 775, 766, 774, 771, 771, 770, 771, 772, 772, 772, 774, 775, 776, 778, 780, 782, 783, 786, 788, 791, 795, 799, 803, 808, 812, 816, 822, 833, 838, 844, 140, 861, 868, 874, 880, 888, 895, 904, 913, 922, 933, 944, 953]
[0, 841, 836, 831, 826, 822, 816, 812, 809, 804, 800, 798, 795, 792, 790, 788, 786, 785, 783, 782, 782, 781, 781, 770, 771, 772, 772, 772, 774, 775, 128, 778, 780, 782, 783, 786, 788, 791, 795, 799, 803, 808, 812, 816, 822, 833, 838, 844, 140, 861, 868, 874, 880, 888, 895, 904, 913, 922, 933, 944, 953]
[0, 852, 844, 838, 834, 829, 826, 823, 819, 817, 814, 811, 808, 805, 803, 801, 798, 796, 795, 794, 794, 794, 793, 780, 779, 780, 780, 781, 781, 782, 784, 787, 788, 790, 792, 794, 798, 801, 808, 799, 815, 821, 826, 829, 834, 838, 844, 852, 859, 866, 872, 878, 886, 893, 902, 911, 921, 931, 939, 946, 957]
[0, 874, 867, 861, 857, 853, 848, 842, 838, 835, 833, 831, 829, 826, 824, 822, 818, 796, 817, 815, 814, 794, 814, 792, 791, 791, 792, 793, 794, 795, 797, 799, 801, 803, 806, 808, 811, 814, 817, 821, 825, 829, 833, 837, 843, 849, 856, 862, 867, 879, 887, 894, 900, 909, 919, 929, 937, 946, 954, 964, 979]
[0, 879, 873, 868, 860, 857, 852, 847, 842, 838, 836, 834, 832, 829, 826, 825, 824, 822, 821, 821, 820, 819, 819, 813, 813, 812, 813, 815, 816, 817, 820, 821, 822, 824, 827, 829, 832, 834, 837, 841, 846, 851, 857, 863, 868, 872, 882, 888, 895, 902, 910, 919, 928, 936, 943, 951, 960, 971, 983, 995, 1005]
[0, 879, 869, 865, 861, 856, 852, 848, 844, 840, 836, 834, 832, 831, 828, 826, 825, 823, 822, 821, 820, 820, 820, 819, 819, 819, 819, 819, 821, 823, 824, 826, 827, 831, 833, 836, 839, 843, 847, 851, 856, 861, 866, 870, 874, 880, 885, 891, 896, 903, 911, 919, 936, 943, 951, 960, 972, 984, 995, 1004, 1015]
[0, 878, 873, 868, 863, 859, 855, 851, 847, 842, 838, 836, 834, 833, 831, 829, 826, 825, 824, 823, 823, 823, 820, 819, 819, 819, 820, 821, 821, 823, 825, 827, 829, 830, 832, 835, 837, 842, 846, 850, 855, 859, 864, 869, 874, 879, 884, 890, 895, 910, 918, 927, 935, 943, 950, 959, 970, 981, 992, 1003, 1016]
[0, 900, 894, 888, 879, 859, 875, 870, 867, 864, 861, 857, 853, 851, 848, 846, 845, 844, 843, 841, 840, 840, 840, 822, 822, 822, 823, 824, 825, 827, 828, 829, 831, 833, 835, 837, 840, 845, 850, 854, 859, 865, 869, 873, 879, 890, 896, 902, 909, 916, 924, 932, 941, 949, 957, 968, 980, 990, 1000, 1011, 1025]
[0, 900, 894, 883, 879, 875, 872, 870, 867, 863, 861, 857, 853, 851, 849, 847, 845, 844, 843, 841, 840, 840, 839, 838, 839, 839, 839, 840, 842, 843, 845, 848, 850, 852, 855, 859, 866, 869, 872, 876, 880, 884, 889, 894, 900, 906, 912, 919, 926, 933, 939, 947, 956, 965, 975, 986, 995, 1005, 1016, 1027, 1039]
[0, 908, 902, 897, 891, 886, 883, 879, 876, 873, 871, 869, 866, 864, 862, 859, 858, 857, 856, 854, 853, 853, 853, 838, 839, 839, 839, 840, 842, 843, 845, 848, 850, 852, 855, 859, 862, 869, 872, 876, 880, 884, 889, 894, 900, 906, 912, 919, 926, 933, 939, 947, 956, 965, 976, 986, 995, 1005, 1015, 1027, 1038]
[0, 908, 903, 898, 892, 887, 883, 880, 876, 874, 872, 869, 866, 864, 863, 861, 859, 857, 854, 853, 853, 853, 853, 852, 853, 839, 854, 855, 856, 858, 861, 863, 865, 868, 870, 871, 874, 878, 882, 885, 890, 894, 899, 904, 910, 916, 924, 930, 935, 942, 956, 947, 977, 988, 995, 1003, 1014, 1025, 1036, 1048, 1061]
[0, 937, 931, 925, 920, 915, 910, 905, 899, 874, 896, 891, 889, 887, 885, 883, 882, 881, 880, 879, 879, 879, 852, 852, 853, 853, 853, 855, 857, 858, 860, 862, 864, 866, 868, 870, 873, 877, 881, 885, 889, 893, 897, 903, 909, 922, 928, 934, 941, 947, 954, 962, 973, 984, 993, 1002, 1012, 1021, 1032, 1044, 1056]
[0, 973, 965, 955, 950, 946, 943, 940, 936, 933, 929, 926, 925, 922, 920, 918, 918, 916, 915, 914, 912, 913, 880, 879, 880, 881, 882, 882, 883, 884, 14666, 887, 890, 892, 894, 898, 902, 907, 916, 922, 927, 933, 938, 943, 948, 954, 960, 967, 976, 985, 994, 1003, 1011, 1020, 1031, 1040, 1052, 6735, 1090, 1102, 1118]
[0, 970, 962, 956, 952, 948, 944, 940, 937, 933, 930, 928, 926, 923, 920, 919, 918, 916, 915, 915, 914, 913, 913, 913, 914, 914, 914, 915, 918, 919, 920, 921, 924, 927, 931, 934, 940, 943, 947, 952, 956, 961, 967, 973, 982, 989, 996, 1002, 1009, 1017, 1025, 1034, 1043, 1053, 1063, 1074, 1095, 1110, 1124, 1138, 1153]
[0, 988, 973, 966, 952, 955, 951, 949, 946, 943, 940, 937, 935, 933, 931, 929, 928, 927, 925, 923, 924, 925, 913, 913, 913, 913, 914, 918, 918, 920, 921, 924, 926, 930, 934, 936, 939, 944, 948, 952, 955, 960, 967, 975, 982, 989, 995, 1001, 1008, 1016, 1024, 1033, 1041, 1062, 1071, 1082, 1094, 1109, 1124, 1138, 1153]
[0, 986, 979, 971, 965, 959, 954, 951, 948, 946, 943, 940, 938, 936, 933, 931, 929, 929, 928, 926, 926, 926, 925, 925, 925, 925, 925, 927, 929, 931, 933, 934, 935, 937, 940, 944, 950, 944, 957, 963, 969, 976, 983, 990, 996, 1000, 1006, 1015, 1023, 1032, 1039, 1049, 1060, 1069, 1079, 1089, 1101, 1115, 1130, 1143, 1157]
[0, 985, 978, 970, 963, 958, 954, 951, 948, 945, 943, 940, 937, 935, 932, 932, 931, 929, 928, 927, 925, 926, 927, 927, 927, 927, 928, 931, 933, 933, 935, 936, 938, 941, 944, 946, 950, 954, 959, 963, 967, 973, 980, 987, 993, 998, 1004, 1019, 1023, 1036, 1045, 1054, 1064, 1073, 1083, 1095, 1107, 1121, 1136, 1149, 1162]
[0, 985, 978, 970, 963, 958, 954, 951, 948, 945, 943, 940, 937, 935, 932, 932, 931, 929, 928, 927, 925, 926, 927, 928, 927, 927, 928, 930, 931, 932, 935, 3968, 940, 942, 945, 949, 951, 955, 959, 964, 969, 976, 983, 989, 996, 1002, 1008, 1015, 1023, 1031, 1038, 1048, 1058, 1067, 1078, 1088, 1114, 1128, 1143, 1157, 1170]
[0, 1055, 1050, 1043, 1035, 1030, 1026, 1022, 1018, 1016, 1012, 1009, 1006, 1004, 1002, 1001, 1000, 999, 999, 998, 997, 998, 927, 928, 927, 927, 928, 930, 931, 932, 3968, 3968, 940, 942, 945, 949, 951, 955, 959, 964, 969, 976, 983, 989, 996, 1002, 1008, 1015, 1023, 1031, 1038, 1048, 1058, 1067, 1078, 1088, 1114, 1128, 1143, 1157, 1170]
[0, 1101, 1093, 1088, 1083, 1077, 1073, 1068, 1062, 1059, 1056, 1053, 1050, 1045, 1042, 1041, 1039, 1039, 1039, 1039, 1038, 1039, 998, 998, 998, 998, 999, 999, 1001, 1002, 1004, 1006, 1008, 1011, 1016, 1020, 1027, 1032, 1037, 1042, 1047, 1055, 1061, 1068, 1075, 1081, 1088, 1096, 1106, 1115, 1124, 1135, 1147, 1159, 1168, 1180, 1193, 1205, 1232, 1246, 1263]
[0, 1099, 1093, 1087, 1081, 1075, 1071, 1066, 1060, 1057, 1054, 1051, 1049, 1045, 1042, 1041, 1039, 1039, 1040, 1038, 1037, 1038, 1039, 1039, 1040, 1041, 1041, 1042, 1043, 1045, 1049, 1052, 1056, 1059, 1062, 1067, 1071, 1076, 1081, 1085, 1090, 1094, 1112, 1119, 1125, 1132, 1142, 1152, 1161, 1170, 1180, 1191, 1202, 1213, 1225, 1239, 1253, 1264, 1279, 1300, 1263]
[0, 1107, 1097, 1090, 1086, 1079, 1074, 1069, 1064, 1061, 1057, 1054, 1051, 1048, 1045, 1043, 1043, 1043, 1043, 1041, 1041, 1042, 1039, 1040, 1040, 1041, 1041, 1042, 1046, 1047, 1049, 1054, 1057, 1061, 1063, 1067, 1073, 1077, 1081, 1085, 1092, 1098, 1105, 1114, 1121, 1127, 1135, 1154, 1163, 1171, 1181, 1192, 1205, 1218, 1229, 1240, 1254, 1269, 1284, 1301, 1263]
[0, 1114, 1106, 1098, 1091, 1088, 1082, 1077, 1074, 1070, 1066, 1063, 1061, 1059, 1058, 1056, 1056, 1055, 1054, 1053, 1051, 1052, 1055, 1043, 1045, 1046, 1046, 1048, 1050, 1051, 1056, 1060, 1062, 1065, 1069, 1073, 1077, 1087, 1091, 1097, 1104, 1113, 1119, 1127, 1135, 1142, 1151, 1161, 1169, 1178, 1189, 1200, 1213, 1226, 1238, 1250, 1263, 1276, 1292, 1318, 1344]
[0, 1119, 1111, 1104, 1095, 1089, 1084, 1078, 1076, 1075, 1072, 1068, 1066, 1062, 1060, 1059, 1058, 1057, 1055, 1056, 1057, 1057, 1058, 1055, 1055, 1057, 1057, 1059, 1061, 1063, 1066, 1069, 1072, 1076, 1079, 1083, 1088, 1092, 1096, 1103, 1110, 1116, 1124, 1131, 1139, 1148, 1155, 1162, 1169, 1178, 1189, 1201, 1223, 1237, 1249, 1261, 1273, 1288, 1305, 1318, 1331]
[0, 1117, 1111, 1103, 1095, 1089, 1083, 1078, 1075, 1073, 1071, 1066, 1064, 1062, 1059, 1057, 1057, 1056, 1056, 1056, 1057, 1055, 1056, 1057, 1058, 1058, 1060, 1061, 1063, 1067, 1069, 1072, 1075, 1076, 1080, 1085, 1088, 1095, 1099, 1104, 1111, 1117, 1125, 1135, 1142, 1148, 1156, 1163, 1181, 1190, 1203, 1216, 1227, 1239, 1252, 1264, 1275, 1291, 1310, 1318, 1334]
[0, 1169, 1162, 1103, 1150, 1144, 1137, 1133, 1129, 1126, 1125, 1121, 1116, 1115, 1114, 1114, 1113, 1111, 1110, 1110, 1110, 1110, 1056, 1057, 1056, 1057, 1059, 1060, 1063, 1068, 1072, 1074, 1075, 1077, 1082, 1086, 1089, 1095, 1100, 1106, 1112, 1116, 1125, 1135, 1144, 1150, 1158, 1165, 1170, 1181, 1192, 1215, 1229, 1242, 1253, 1263, 1277, 1295, 1310, 1320, 1343]
[0, 1187, 1180, 1173, 1167, 1161, 1156, 1146, 1129, 1137, 1134, 1133, 1130, 1127, 1126, 1124, 1124, 1124, 1123, 1123, 1124, 1123, 1111, 1114, 1115, 1116, 1119, 1121, 1123, 1125, 1127, 1129, 1132, 1138, 1143, 1148, 1154, 1159, 1164, 1168, 1174, 1181, 1188, 1196, 1204, 1213, 1221, 1230, 1242, 1256, 1268, 1277, 1290, 1306, 1321, 1336, 1367, 1388, 1402, 1416, 1343]
[0, 1186, 1180, 1174, 1167, 1162, 1158, 1153, 1148, 1144, 1140, 1136, 1133, 1131, 1128, 1127, 1125, 1125, 1125, 1127, 1128, 1128, 1124, 1125, 1127, 1129, 1131, 1133, 1135, 1136, 1139, 1141, 1143, 1146, 1150, 1155, 1165, 1169, 1174, 1180, 1187, 1195, 1206, 1214, 1219, 1227, 1237, 1247, 1258, 1270, 1281, 1291, 1304, 1320, 1335, 1349, 1379, 1388, 1416, 1434, 1343]
[0, 1183, 1176, 1170, 1165, 1159, 1155, 1150, 1145, 1142, 1139, 1135, 1133, 1132, 1132, 1131, 1129, 1127, 1126, 1125, 1125, 1127, 1128, 1129, 1131, 1132, 1133, 1134, 1138, 1140, 1143, 1145, 1147, 1152, 1154, 1158, 1163, 1168, 1173, 1177, 1184, 1200, 1211, 1218, 1223, 1232, 1242, 1252, 1264, 1274, 1284, 1296, 1310, 1327, 1343, 1357, 1371, 1388, 1406, 1427, 1343]
[0, 1225, 1215, 1209, 1204, 1197, 1190, 1186, 1183, 1179, 1177, 1173, 1170, 1168, 1168, 1166, 1165, 1165, 1164, 1164, 1164, 1166, 1129, 1129, 1129, 1131, 1133, 1135, 1140, 1140, 1145, 1148, 1151, 1154, 1158, 1162, 1166, 1170, 1177, 1183, 1188, 1194, 1203, 1211, 1220, 1229, 1239, 1249, 1261, 1271, 1280, 1291, 1305, 1337, 1351, 1364, 1380, 1398, 1416, 1427, 1442]
[0, 1225, 1221, 1210, 1204, 1197, 1192, 1189, 1185, 1181, 1177, 1173, 1168, 1168, 1166, 1165, 1166, 1165, 1164, 1165, 1165, 1166, 1166, 1167, 1168, 1167, 1168, 1170, 1173, 1174, 1176, 1179, 1181, 1185, 1191, 1196, 1204, 1212, 1220, 1230, 1240, 1252, 1258, 1260, 1269, 1280, 1292, 1305, 1318, 1331, 1342, 1352, 1362, 1373, 1387, 1403, 1421, 1398, 1451, 1481, 1498]
[0, 1226, 1216, 1210, 1204, 1199, 1197, 1191, 1184, 1180, 1177, 1174, 1171, 1169, 1168, 1170, 1168, 1168, 1170, 1170, 1168, 1169, 1167, 1168, 1167, 1168, 1170, 1173, 1175, 1175, 1177, 1180, 1183, 1186, 1191, 1197, 1205, 1212, 1220, 1238, 1249, 1256, 1259, 1263, 1269, 1278, 1288, 1301, 1317, 1328, 1339, 1351, 1361, 1371, 1385, 1402, 1420, 1398, 1449, 1477, 1492]
[0, 1247, 1239, 1226, 1217, 1212, 1207, 1203, 1199, 1194, 1191, 1188, 1185, 1183, 1182, 1180, 1179, 1178, 1177, 1177, 1177, 1179, 1172, 1171, 1171, 1174, 1176, 1177, 1180, 1182, 1184, 1190, 1195, 1198, 1205, 1212, 1218, 1228, 1236, 1243, 1246, 1252, 1262, 1279, 1287, 1295, 1303, 1316, 1332, 1346, 1353, 1361, 1376, 1391, 1404, 1422, 1442, 1464, 1480, 1496, 1507]
[0, 1283, 1277, 1270, 1263, 1257, 1251, 1246, 1242, 1237, 1234, 1233, 1228, 1228, 1226, 1228, 1228, 1228, 1231, 1230, 1232, 1228, 1180, 1181, 1182, 1182, 1190, 1194, 1192, 1198, 1201, 1200, 1203, 1207, 1219, 1226, 1232, 1239, 1244, 1250, 1254, 1263, 1274, 1279, 1287, 1299, 1308, 1319, 1332, 1343, 1355, 1361, 1371, 1386, 1399, 1417, 1442, 1473, 1488, 1503, 1508]
[0, 1291, 1283, 1274, 1267, 1261, 1257, 1251, 1247, 1243, 1234, 1232, 1229, 1226, 1228, 1230, 1230, 1233, 1234, 1231, 1231, 1228, 1225, 1233, 1233, 1234, 1237, 1237, 1243, 1247, 1247, 1250, 1251, 1254, 1261, 1269, 1275, 1279, 1284, 1290, 1298, 1307, 1315, 1324, 1334, 1343, 1351, 1358, 1364, 1371, 1380, 1390, 1398, 1418, 1429, 1443, 1457, 1469, 1485, 1501, 1512]
[0, 1298, 1290, 1282, 1275, 1269, 1257, 1251, 1251, 1246, 1243, 1240, 1237, 1237, 1238, 1235, 1239, 1241, 1238, 1238, 1238, 1237, 1230, 1232, 1231, 1237, 1240, 1242, 1246, 1248, 1247, 1248, 1250, 1252, 1258, 1266, 1271, 1275, 1281, 1294, 1302, 1312, 1320, 1328, 1338, 1347, 1352, 1357, 1364, 1373, 1383, 1393, 1401, 1411, 1421, 1432, 1445, 1459, 1474, 1489, 1498]
[0, 1315, 1310, 1302, 1284, 1280, 1274, 1267, 1263, 1259, 1255, 1254, 1252, 1251, 1255, 1253, 1252, 1253, 1252, 1249, 1248, 1249, 1237, 1238, 1241, 1244, 1250, 1256, 1257, 1257, 1260, 1262, 1265, 1268, 1272, 1282, 1287, 1293, 1301, 1309, 1316, 1325, 1330, 1334, 1340, 1347, 1352, 1358, 1368, 1376, 1383, 1391, 1400, 1411, 1421, 1433, 1446, 1459, 1474, 1489, 1499]
[0, 1346, 1310, 1334, 1321, 1313, 1306, 1302, 1300, 1297, 1295, 1292, 1289, 1283, 1281, 1283, 1282, 1282, 1284, 1285, 1284, 1282, 1250, 1250, 1249, 1252, 1257, 1261, 1266, 1267, 1268, 1270, 1271, 1274, 1279, 1284, 1290, 1296, 1302, 1311, 1318, 1322, 1326, 1333, 1339, 1345, 1353, 1359, 1368, 1376, 1383, 1391, 1398, 1409, 1421, 1433, 1445, 1458, 1473, 1488, 1512]
[0, 1432, 1423, 1414, 1407, 1400, 1394, 1388, 1382, 1378, 1372, 1365, 1348, 1340, 1333, 1325, 1320, 1316, 1312, 1310, 1307, 1302, 1286, 1288, 1289, 1289, 1290, 1290, 1290, 1290, 1289, 1289, 1291, 1292, 1296, 1299, 1300, 1302, 1304, 1307, 1312, 1317, 1321, 1324, 1331, 1338, 1343, 1351, 1361, 1369, 1386, 1395, 1404, 1415, 1425, 1437, 1451, 1466, 1481, 1493, 1504]
[0, 1445, 1421, 1413, 1404, 1399, 1393, 1386, 1381, 1377, 1371, 1360, 1351, 1345, 1337, 1331, 1324, 1319, 1315, 1312, 1308, 1305, 1295, 1293, 1294, 1291, 1288, 1289, 1289, 1287, 1287, 1288, 1289, 1291, 1292, 1294, 1297, 1300, 1304, 1304, 1308, 1312, 1316, 1328, 1336, 1343, 1349, 1357, 1365, 1373, 1380, 1390, 1399, 1407, 1419, 1433, 1445, 1456, 1473, 1490, 1502]
[0, 1445, 1421, 1413, 1404, 1399, 1393, 1386, 1381, 1377, 1371, 1360, 1351, 1345, 1338, 1331, 1324, 1319, 1315, 1312, 1308, 1305, 1296, 1293, 1291, 1290, 1290, 1290, 1289, 1289, 1288, 1289, 1293, 1294, 1295, 1298, 1299, 1301, 1303, 1307, 1311, 1316, 1320, 1322, 1330, 1339, 1344, 1351, 1366, 1376, 1382, 1389, 1399, 1409, 1421, 1434, 1448, 1460, 1475, 1492, 1502]
[0, 1429, 1420, 1411, 1404, 1397, 1391, 1386, 1381, 1376, 1371, 1361, 1352, 1345, 1337, 1331, 1324, 1319, 1315, 1312, 1308, 1304, 1296, 1293, 1291, 1290, 1290, 1288, 1288, 1288, 1288, 1289, 1292, 1293, 1295, 1296, 1298, 1301, 1303, 1307, 1311, 1314, 1317, 1322, 1328, 1337, 1344, 1356, 1364, 1374, 1382, 1390, 1400, 1409, 1419, 1432, 1445, 1457, 1474, 1490, 1501]
[0, 1476, 1458, 1444, 1433, 1420, 1408, 1387, 1376, 1370, 1363, 1356, 1349, 1341, 1334, 1326, 1322, 1317, 1313, 1309, 1304, 1300, 1296, 1293, 1291, 1290, 1289, 1288, 1287, 1287, 1287, 1288, 1291, 1293, 1294, 1295, 1296, 1299, 1303, 1304, 1309, 1314, 1316, 1321, 1328, 1343, 1350, 1357, 1364, 1373, 1380, 1390, 1398, 1407, 1418, 1432, 1446, 1458, 1473, 1489, 1501]
[0, 1462, 1447, 1435, 1422, 1411, 1399, 1391, 1382, 1372, 1364, 1356, 1348, 1342, 1337, 1329, 1320, 1315, 1312, 1307, 1303, 1300, 1296, 1293, 1291, 1291, 1291, 1291, 1290, 1286, 1286, 1285, 1284, 1291, 1293, 1294, 1298, 1300, 1301, 1304, 1307, 1313, 1317, 1324, 1334, 1340, 1347, 1353, 1360, 1368, 1374, 1383, 1391, 1400, 1420, 1433, 1447, 1462, 1476, 1489, 1501]
[0, 1474, 1457, 1444, 1432, 1420, 1408, 1387, 1382, 1370, 1363, 1355, 1348, 1341, 1333, 1326, 1321, 1313, 1310, 1309, 1305, 1300, 1298, 1294, 1291, 1287, 1287, 1288, 1286, 1284, 1286, 1287, 1288, 1291, 1292, 1294, 1298, 1298, 1300, 1306, 1308, 1313, 1319, 1322, 1330, 1333, 1339, 1348, 1357, 1365, 1381, 1388, 1396, 1406, 1420, 1433, 1443, 1456, 1470, 1484, 1499]
[0, 1465, 1451, 1438, 1427, 1414, 1402, 1391, 1381, 1373, 1367, 1360, 1352, 1344, 1337, 1331, 1323, 1318, 1314, 1309, 1305, 1303, 1296, 1295, 1293, 1289, 1286, 1285, 1284, 1283, 1285, 1287, 1288, 1289, 1289, 1291, 1294, 1296, 1301, 1304, 1308, 1314, 1319, 1323, 1328, 1336, 1343, 1350, 1359, 1366, 1373, 1382, 1392, 1402, 1413, 1424, 1436, 1448, 1462, 1477, 1491]
[0, 1465, 1449, 1437, 1426, 1413, 1401, 1391, 1382, 1373, 1365, 1357, 1351, 1343, 1336, 1330, 1321, 1316, 1313, 1308, 1305, 1301, 1300, 1296, 1289, 1289, 1289, 1288, 1285, 1284, 1286, 1288, 1289, 1290, 1292, 1295, 1297, 1299, 1302, 1305, 1310, 1314, 1318, 1321, 1325, 1333, 1343, 1354, 1363, 1373, 1381, 1389, 1397, 1406, 1418, 1431, 1444, 1456, 1469, 1485, 1500]
[0, 1465, 1450, 1437, 1425, 1413, 1401, 1392, 1382, 1373, 1366, 1359, 1350, 1343, 1334, 1327, 1322, 1317, 1313, 1308, 1301, 1299, 1297, 1295, 1289, 1289, 1288, 1288, 1285, 1283, 1286, 1286, 1287, 1289, 1290, 1293, 1296, 1298, 1300, 1305, 1307, 1312, 1317, 1321, 1326, 1333, 1342, 1347, 1362, 1373, 1380, 1388, 1396, 1406, 1417, 1430, 1443, 1456, 1470, 1484, 1498]
[0, 1469, 1456, 1443, 1431, 1418, 1397, 1387, 1377, 1368, 1360, 1355, 1347, 1339, 1332, 1325, 1320, 1316, 1311, 1307, 1303, 1298, 1295, 1291, 1290, 1289, 1288, 1286, 1286, 1286, 1286, 1287, 1287, 1285, 1288, 1290, 1290, 1291, 1296, 1301, 1308, 1312, 1318, 1324, 1328, 1335, 1342, 1352, 1360, 1366, 1375, 1383, 1393, 1404, 1414, 1424, 1436, 1449, 1463, 1479, 1495]
[0, 1466, 1450, 1437, 1424, 1411, 1402, 1393, 1382, 1375, 1368, 1357, 1351, 1345, 1335, 1328, 1324, 1311, 1309, 1305, 1300, 1298, 1295, 1293, 1290, 1290, 1290, 1287, 1283, 1283, 1285, 1284, 1285, 1288, 1291, 1293, 1297, 1299, 1300, 1303, 1307, 1311, 1315, 1323, 1330, 1332, 1338, 1347, 1355, 1363, 1374, 1382, 1391, 1400, 1420, 1432, 1446, 1457, 1471, 1488, 1501]
[0, 1461, 1447, 1434, 1421, 1410, 1399, 1390, 1381, 1371, 1363, 1356, 1348, 1341, 1333, 1325, 1320, 1315, 1312, 1307, 1303, 1299, 1295, 1293, 1293, 1290, 1288, 1285, 1284, 1286, 1287, 1286, 1287, 1287, 1289, 1291, 1292, 1293, 1297, 1302, 1307, 1311, 1317, 1323, 1327, 1335, 1341, 1351, 1359, 1365, 1374, 1383, 1393, 1404, 1413, 1423, 1436, 1449, 1463, 1479, 1494]
[0, 1466, 1452, 1439, 1424, 1410, 1401, 1393, 1384, 1376, 1367, 1358, 1352, 1345, 1335, 1323, 1318, 1312, 1309, 1306, 1300, 1298, 1297, 1293, 1290, 1290, 1287, 1285, 1283, 1284, 1285, 1286, 1287, 1287, 1289, 1293, 1293, 1295, 1300, 1304, 1307, 1310, 1315, 1321, 1327, 1332, 1339, 1348, 1352, 1359, 1369, 1387, 1396, 1406, 1419, 1430, 1441, 1454, 1470, 1486, 1499]
[0, 1456, 1446, 1433, 1421, 1408, 1397, 1390, 1378, 1368, 1363, 1354, 1346, 1341, 1333, 1325, 1319, 1315, 1309, 1304, 1302, 1299, 1295, 1292, 1292, 1290, 1287, 1284, 1283, 1285, 1286, 1285, 1287, 1287, 1288, 1290, 1292, 1295, 1299, 1304, 1309, 1314, 1319, 1322, 1327, 1335, 1342, 1347, 1355, 1366, 1374, 1382, 1392, 1402, 1412, 1424, 1436, 1449, 1463, 1477, 1507]
[0, 1458, 1444, 1434, 1421, 1408, 1400, 1391, 1381, 1372, 1365, 1354, 1343, 1340, 1333, 1326, 1321, 1316, 1312, 1308, 1299, 1299, 1296, 1293, 1290, 1284, 1286, 1287, 1285, 1283, 1285, 1285, 1285, 1285, 1287, 1292, 1295, 1297, 1299, 1302, 1304, 1307, 1310, 1315, 1322, 1329, 1337, 1354, 1363, 1372, 1380, 1393, 1407, 1420, 1433, 1445, 1459, 1471, 1484, 1499, 1506]
[0, 1468, 1455, 1430, 1416, 1405, 1394, 1382, 1375, 1367, 1360, 1351, 1344, 1339, 1331, 1324, 1319, 1315, 1310, 1306, 1302, 1298, 1295, 1291, 1289, 1288, 1287, 1285, 1283, 1281, 1283, 1284, 1284, 1285, 1286, 1288, 1290, 1295, 1298, 1300, 1305, 1309, 1313, 1320, 1341, 1349, 1358, 1366, 1373, 1384, 1396, 1405, 1416, 1424, 1433, 1445, 1455, 1469, 1481, 1495, 1506]
[0, 1465, 1448, 1436, 1424, 1410, 1401, 1390, 1379, 1374, 1366, 1353, 1347, 1340, 1330, 1327, 1316, 1315, 1306, 1302, 1299, 1296, 1295, 1292, 1290, 1287, 1284, 1284, 1283, 1283, 1285, 1285, 1284, 1286, 1287, 1293, 1295, 1298, 1303, 1311, 1316, 1321, 1326, 1327, 1336, 1346, 1350, 1358, 1371, 1382, 1390, 1398, 1411, 1423, 1431, 1440, 1463, 1475, 1492, 1493, 1494]
[0, 1456, 1445, 1432, 1420, 1407, 1396, 1385, 1375, 1369, 1360, 1351, 1345, 1340, 1330, 1322, 1319, 1315, 1309, 1304, 1301, 1298, 1293, 1289, 1287, 1288, 1287, 1286, 1288, 1289, 1290, 1294, 1298, 1301, 1301, 1302, 1304, 1305, 1308, 1311, 1312, 1315, 1323, 1333, 1340, 1348, 1357, 1366, 1373, 1383, 1394, 1404, 1415, 1424, 1433, 1444, 1455, 1469, 1481, 1496, 1505]
[0, 1459, 1444, 1432, 1419, 1408, 1400, 1391, 1381, 1371, 1360, 1350, 1344, 1337, 1330, 1326, 1321, 1316, 1312, 1307, 1299, 1297, 1295, 1292, 1290, 1286, 1284, 1287, 1289, 1292, 1295, 1299, 1302, 1301, 1302, 1306, 1307, 1309, 1311, 1314, 1317, 1321, 1325, 1329, 1335, 1343, 1350, 1356, 1364, 1375, 1395, 1403, 1413, 1425, 1436, 1450, 1460, 1472, 1486, 1500, 1506]
[0, 1456, 1444, 1431, 1419, 1407, 1396, 1385, 1375, 1369, 1360, 1351, 1345, 1339, 1330, 1323, 1319, 1314, 1309, 1304, 1300, 1297, 1293, 1290, 1289, 1288, 1287, 1286, 1288, 1292, 1296, 1298, 1298, 1300, 1300, 1302, 1304, 1306, 1308, 1312, 1313, 1316, 1323, 1327, 1332, 1349, 1358, 1365, 1374, 1384, 1394, 1404, 1415, 1423, 1432, 1444, 1457, 1471, 1482, 1496, 1506]
[0, 1455, 1442, 1430, 1418, 1408, 1397, 1385, 1376, 1370, 1360, 1349, 1339, 1332, 1328, 1324, 1319, 1315, 1310, 1305, 1301, 1298, 1295, 1292, 1290, 1290, 1288, 1288, 1290, 1292, 1297, 1300, 1301, 1302, 1301, 1302, 1306, 1308, 1311, 1314, 1317, 1321, 1325, 1329, 1336, 1343, 1349, 1356, 1363, 1375, 1395, 1406, 1416, 1425, 1436, 1447, 1458, 1471, 1485, 1500, 1505]
[0, 1459, 1445, 1433, 1421, 1410, 1401, 1393, 1385, 1378, 1371, 1365, 1362, 1355, 1347, 1341, 1333, 1322, 1317, 1315, 1313, 1308, 1298, 1299, 1300, 1301, 1300, 1299, 1297, 1296, 1296, 1298, 1298, 1300, 1301, 1303, 1306, 1309, 1311, 1314, 1317, 1321, 1325, 1330, 1339, 1345, 1351, 1357, 1363, 1374, 1387, 1398, 1406, 1428, 1439, 1451, 1463, 1475, 1487, 1502, 1509]
[0, 1455, 1442, 1429, 1417, 1407, 1397, 1389, 1384, 1378, 1371, 1367, 1360, 1351, 1346, 1340, 1332, 1326, 1324, 1318, 1315, 1312, 1306, 1304, 1301, 1300, 1300, 1299, 1295, 1295, 1298, 1297, 1298, 1300, 1301, 1302, 1304, 1306, 1308, 1311, 1314, 1316, 1328, 1330, 1341, 1348, 1356, 1365, 1372, 1383, 1394, 1403, 1414, 1423, 1432, 1444, 1455, 1466, 1479, 1496, 1508]
[0, 1485, 1470, 1452, 1437, 1426, 1419, 1407, 1396, 1388, 1376, 1364, 1359, 1353, 1345, 1338, 1332, 1327, 1322, 1316, 1315, 1312, 1307, 1303, 1301, 1301, 1299, 1299, 1297, 1295, 1297, 1300, 1301, 1302, 1300, 1302, 1305, 1308, 1311, 1314, 1316, 1320, 1325, 1329, 1336, 1343, 1350, 1356, 1364, 1375, 1396, 1403, 1411, 1423, 1436, 1446, 1457, 1471, 1485, 1499, 1505]
[0, 1475, 1464, 1453, 1443, 1433, 1421, 1409, 1399, 1390, 1382, 1371, 1359, 1350, 1345, 1338, 1332, 1328, 1324, 1319, 1313, 1311, 1308, 1307, 1304, 1301, 1299, 1298, 1297, 1296, 1298, 1299, 1299, 1300, 1300, 1303, 1306, 1308, 1311, 1313, 1316, 1320, 1325, 1332, 1341, 1345, 1350, 1356, 1364, 1375, 1386, 1403, 1415, 1426, 1435, 1446, 1458, 1471, 1484, 1498, 1504]
[0, 1475, 1461, 1452, 1437, 1426, 1419, 1407, 1395, 1388, 1376, 1366, 1360, 1353, 1346, 1339, 1332, 1327, 1322, 1316, 1314, 1312, 1308, 1307, 1302, 1299, 1299, 1299, 1297, 1295, 1296, 1297, 1298, 1299, 1299, 1301, 1303, 1305, 1307, 1311, 1315, 1318, 1323, 1327, 1333, 1348, 1356, 1362, 1371, 1383, 1393, 1400, 1412, 1423, 1432, 1444, 1456, 1467, 1479, 1493, 1505]
[0, 1485, 1471, 1452, 1448, 1437, 1418, 1406, 1395, 1388, 1379, 1368, 1359, 1353, 1346, 1339, 1332, 1327, 1321, 1316, 1314, 1311, 1308, 1307, 1304, 1301, 1299, 1298, 1297, 1297, 1297, 1298, 1299, 1299, 1300, 1303, 1306, 1308, 1310, 1314, 1316, 1319, 1324, 1332, 1340, 1345, 1349, 1355, 1364, 1374, 1386, 1403, 1415, 1426, 1435, 1446, 1458, 1471, 1484, 1498, 1504]
[0, 1474, 1461, 1450, 1452, 1442, 1417, 1405, 1395, 1389, 1377, 1365, 1359, 1351, 1345, 1340, 1332, 1326, 1323, 1317, 1314, 1310, 1307, 1306, 1304, 1301, 1299, 1297, 1298, 1296, 1296, 1298, 1299, 1300, 1300, 1303, 1305, 1307, 1310, 1310, 1319, 1325, 1324, 1327, 1334, 1343, 1349, 1355, 1363, 1374, 1394, 1403, 1416, 1427, 1435, 1446, 1458, 1470, 1484, 1498, 1504]
[0, 1485, 1471, 1462, 1439, 1429, 1417, 1405, 1399, 1392, 1379, 1366, 1358, 1352, 1346, 1339, 1332, 1327, 1321, 1316, 1312, 1309, 1306, 1305, 1304, 1301, 1298, 1299, 1298, 1295, 1296, 1298, 1300, 1300, 1300, 1302, 1305, 1307, 1310, 1311, 1313, 1319, 1324, 1330, 1337, 1345, 1351, 1354, 1371, 1384, 1394, 1401, 1414, 1425, 1432, 1445, 1457, 1467, 1481, 1495, 1505]
