[0, 0, 0, 0, 0, 0, 0, 0, 0, 0, 0, 0, 0, 0, 0, 0, 0, 0, 0, 0, 0, 0, 0, 0, 0, 0, 0, 0, 0, 0, 0, 0, 0, 0, 0, 0, 0, 0, 0, 0, 0, 0, 0, 0, 0, 0, 0, 0, 0, 0, 0, 0, 0, 0, 0, 0, 0, 0, 0, 0, 0]
[0, 531, 526, 523, 519, 514, 511, 508, 506, 503, 500, 498, 496, 494, 492, 489, 488, 487, 486, 484, 483, 483, 483, 481, 480, 480, 480, 480, 0, 451, 450, 448, 446, 446, 449, 1303, 0, 0, 487, 489, 493, 495, 496, 498, 500, 503, 506, 510, 513, 520, 522, 525, 529, 534, 539, 544, 555, 560, 562, 572, 573]
[0, 531, 526, 522, 519, 514, 511, 508, 506, 503, 500, 498, 496, 494, 492, 489, 488, 487, 486, 484, 483, 483, 483, 481, 481, 480, 479, 480, 474, 0, 450, 446, 445, 446, 450, 1303, 0, 0, 488, 489, 491, 494, 496, 499, 501, 504, 507, 510, 514, 518, 521, 525, 530, 535, 540, 545, 551, 556, 561, 566, 573]
[0, 530, 526, 522, 518, 514, 511, 508, 505, 503, 501, 498, 496, 493, 491, 489, 488, 488, 486, 485, 485, 483, 482, 481, 480, 480, 479, 480, 474, 0, 450, 446, 445, 446, 450, 1303, 0, 0, 487, 489, 491, 494, 496, 499, 501, 504, 507, 510, 514, 517, 521, 525, 530, 535, 540, 545, 551, 556, 561, 566, 573]
[0, 530, 526, 522, 518, 515, 511, 508, 505, 503, 501, 498, 496, 493, 491, 489, 489, 486, 486, 485, 484, 483, 482, 481, 481, 480, 480, 479, 0, 456, 449, 446, 446, 447, 451, 1303, 0, 0, 488, 489, 492, 494, 496, 498, 502, 505, 508, 511, 515, 518, 522, 526, 531, 536, 541, 546, 551, 557, 563, 569, 575]
[0, 529, 526, 522, 518, 515, 511, 508, 505, 503, 500, 498, 496, 495, 493, 491, 489, 486, 486, 485, 484, 483, 482, 481, 481, 480, 480, 479, 0, 455, 449, 446, 446, 447, 451, 1303, 0, 0, 488, 489, 491, 494, 496, 498, 502, 504, 508, 511, 515, 518, 522, 526, 531, 536, 541, 546, 551, 557, 563, 569, 576]
[0, 529, 526, 522, 518, 514, 511, 507, 505, 503, 500, 498, 495, 495, 493, 491, 489, 487, 486, 485, 484, 483, 482, 481, 481, 480, 480, 479, 0, 455, 448, 445, 445, 447, 451, 1303, 0, 0, 488, 490, 492, 494, 497, 499, 502, 505, 508, 511, 515, 518, 522, 527, 532, 537, 542, 547, 552, 557, 563, 569, 576]
[0, 531, 527, 523, 519, 516, 512, 509, 507, 503, 501, 498, 496, 495, 492, 489, 488, 487, 486, 484, 483, 482, 482, 481, 481, 480, 480, 479, 0, 455, 448, 445, 445, 447, 451, 1303, 0, 0, 488, 490, 492, 494, 497, 499, 502, 505, 508, 511, 515, 518, 522, 526, 531, 537, 542, 547, 552, 557, 562, 569, 576]
[0, 532, 527, 524, 521, 517, 512, 514, 511, 509, 506, 503, 501, 499, 497, 495, 493, 492, 491, 489, 488, 487, 486, 486, 481, 480, 480, 479, 474, 0, 450, 447, 445, 446, 450, 1303, 0, 0, 488, 489, 492, 494, 496, 499, 501, 505, 508, 511, 513, 517, 521, 525, 530, 535, 540, 545, 551, 556, 560, 566, 573]
[0, 535, 531, 527, 523, 520, 517, 514, 511, 508, 505, 503, 501, 499, 497, 496, 495, 493, 491, 490, 489, 487, 487, 486, 485, 484, 484, 0, 459, 450, 450, 446, 445, 448, 453, 1303, 0, 0, 495, 497, 499, 501, 503, 506, 509, 511, 514, 518, 522, 526, 530, 535, 540, 544, 549, 554, 559, 565, 571, 578, 585]
[0, 534, 530, 526, 522, 519, 515, 513, 510, 508, 505, 503, 501, 499, 497, 495, 494, 492, 491, 489, 488, 487, 486, 486, 485, 485, 484, 0, 459, 457, 445, 446, 444, 446, 449, 1303, 0, 493, 495, 497, 499, 501, 503, 506, 509, 512, 515, 519, 522, 526, 531, 535, 540, 544, 550, 555, 559, 566, 572, 578, 585]
[0, 534, 530, 527, 524, 520, 516, 513, 511, 508, 506, 503, 501, 499, 497, 496, 494, 492, 490, 489, 488, 487, 487, 486, 485, 485, 484, 484, 0, 455, 449, 446, 445, 446, 449, 1303, 0, 0, 494, 496, 500, 503, 503, 505, 507, 510, 512, 516, 524, 526, 527, 536, 540, 545, 550, 556, 562, 568, 574, 581, 587]
[0, 535, 531, 527, 523, 520, 518, 514, 511, 509, 506, 503, 501, 499, 497, 496, 494, 493, 491, 489, 488, 487, 486, 486, 485, 485, 485, 484, 0, 456, 449, 446, 445, 446, 449, 1303, 0, 493, 495, 0, 497, 501, 503, 506, 510, 512, 515, 519, 523, 526, 531, 535, 540, 545, 550, 555, 560, 566, 572, 578, 585]
[0, 536, 532, 528, 525, 522, 518, 515, 512, 509, 506, 506, 502, 499, 500, 498, 496, 493, 494, 493, 492, 490, 489, 489, 485, 484, 484, 0, 459, 450, 446, 445, 445, 446, 447, 1303, 0, 0, 495, 497, 499, 501, 504, 507, 509, 511, 515, 518, 522, 525, 530, 535, 539, 544, 549, 554, 559, 564, 570, 576, 583]
[0, 540, 535, 532, 528, 524, 521, 518, 515, 512, 510, 508, 506, 504, 502, 500, 499, 497, 496, 495, 494, 493, 492, 491, 488, 488, 487, 486, 0, 451, 446, 445, 444, 446, 451, 1303, 0, 0, 497, 499, 501, 504, 506, 509, 511, 515, 518, 521, 525, 529, 533, 537, 542, 547, 552, 557, 562, 568, 574, 580, 586]
[0, 537, 533, 530, 526, 522, 519, 517, 513, 512, 509, 508, 507, 501, 502, 499, 499, 497, 497, 496, 494, 493, 491, 490, 490, 489, 489, 486, 456, 449, 446, 445, 444, 448, 453, 1303, 0, 0, 500, 502, 504, 507, 509, 512, 514, 518, 521, 525, 529, 532, 537, 541, 546, 551, 556, 561, 566, 572, 579, 585, 592]
[0, 537, 537, 533, 529, 525, 523, 521, 518, 515, 512, 510, 507, 505, 503, 502, 500, 498, 497, 497, 496, 494, 493, 492, 491, 489, 487, 0, 0, 451, 446, 444, 444, 446, 451, 1303, 0, 0, 500, 501, 504, 507, 508, 510, 512, 515, 519, 524, 527, 530, 535, 539, 548, 554, 556, 560, 563, 576, 579, 589, 595]
[0, 539, 535, 531, 527, 524, 521, 518, 515, 513, 510, 508, 506, 504, 502, 502, 499, 498, 497, 496, 496, 494, 493, 492, 492, 491, 491, 0, 458, 449, 445, 444, 445, 447, 451, 1303, 0, 0, 502, 503, 505, 509, 511, 512, 515, 519, 522, 525, 530, 534, 538, 542, 547, 552, 557, 561, 566, 572, 579, 585, 591]
[0, 543, 538, 534, 530, 523, 521, 521, 518, 515, 512, 510, 508, 506, 504, 502, 500, 499, 498, 497, 496, 495, 495, 494, 492, 491, 492, 0, 0, 453, 447, 445, 445, 446, 449, 1303, 0, 0, 503, 503, 507, 0, 510, 511, 513, 521, 524, 527, 531, 535, 539, 544, 549, 554, 559, 564, 570, 576, 582, 589, 595]
[0, 539, 535, 532, 528, 525, 522, 519, 516, 514, 512, 510, 506, 506, 504, 503, 501, 499, 498, 497, 496, 495, 495, 494, 493, 493, 493, 0, 458, 449, 445, 444, 445, 446, 451, 1303, 0, 0, 502, 505, 507, 509, 512, 514, 518, 521, 524, 527, 531, 535, 539, 548, 553, 557, 562, 568, 570, 579, 586, 593, 600]
[0, 546, 542, 538, 535, 531, 528, 525, 523, 520, 518, 516, 514, 511, 509, 508, 506, 505, 503, 502, 501, 501, 500, 493, 493, 493, 492, 0, 0, 451, 446, 444, 443, 445, 450, 1303, 0, 503, 505, 507, 510, 0, 513, 514, 519, 523, 526, 530, 534, 538, 543, 547, 552, 557, 562, 567, 573, 579, 585, 590, 597]
[0, 547, 543, 539, 536, 533, 529, 526, 523, 521, 518, 516, 513, 511, 509, 508, 507, 505, 504, 503, 502, 501, 500, 499, 499, 493, 492, 0, 0, 451, 446, 443, 442, 443, 447, 454, 0, 0, 510, 512, 514, 517, 519, 522, 525, 528, 531, 536, 540, 544, 548, 553, 557, 562, 568, 574, 580, 586, 592, 598, 604]
[0, 549, 546, 542, 538, 535, 532, 528, 525, 521, 522, 516, 519, 517, 514, 512, 511, 510, 508, 507, 506, 505, 505, 504, 499, 499, 498, 0, 0, 452, 446, 443, 442, 443, 447, 453, 0, 0, 510, 512, 514, 517, 519, 522, 525, 528, 531, 536, 540, 544, 548, 553, 557, 562, 568, 574, 580, 586, 592, 598, 604]
[0, 548, 546, 544, 540, 537, 534, 530, 527, 525, 523, 520, 518, 516, 514, 512, 510, 509, 508, 507, 506, 505, 504, 504, 503, 503, 503, 0, 456, 448, 444, 442, 442, 445, 447, 453, 0, 0, 514, 516, 518, 520, 523, 525, 527, 531, 535, 538, 543, 547, 552, 556, 560, 565, 570, 576, 582, 588, 594, 600, 607]
[0, 548, 553, 549, 545, 542, 539, 536, 533, 530, 527, 525, 523, 521, 519, 517, 515, 513, 512, 511, 511, 510, 509, 508, 503, 502, 501, 0, 456, 452, 445, 443, 442, 443, 453, 453, 0, 0, 514, 516, 519, 521, 524, 527, 530, 533, 537, 541, 544, 548, 553, 558, 562, 567, 573, 579, 585, 591, 597, 603, 610]
[0, 561, 557, 554, 550, 542, 544, 536, 540, 538, 536, 533, 531, 529, 526, 525, 523, 522, 521, 520, 519, 518, 517, 517, 507, 507, 506, 0, 453, 446, 445, 441, 442, 446, 451, 453, 0, 0, 519, 521, 523, 525, 528, 531, 535, 538, 541, 545, 549, 553, 558, 561, 566, 572, 578, 584, 590, 595, 602, 608, 614]
[0, 561, 563, 560, 556, 553, 550, 546, 544, 540, 537, 535, 534, 532, 530, 528, 525, 524, 523, 522, 521, 520, 520, 519, 516, 515, 513, 0, 452, 446, 445, 441, 442, 444, 451, 453, 0, 525, 528, 530, 532, 534, 537, 541, 544, 547, 551, 554, 558, 563, 566, 571, 577, 583, 589, 595, 600, 607, 613, 619, 626]
[0, 565, 561, 557, 553, 550, 550, 544, 544, 541, 536, 535, 535, 532, 530, 528, 527, 525, 524, 522, 521, 521, 519, 518, 519, 518, 0, 0, 0, 449, 444, 441, 440, 441, 451, 453, 0, 0, 530, 533, 534, 537, 540, 543, 547, 550, 553, 557, 561, 565, 569, 575, 581, 587, 592, 598, 604, 610, 616, 623, 630]
[0, 569, 561, 565, 561, 557, 551, 544, 548, 546, 542, 540, 538, 536, 534, 532, 531, 529, 527, 526, 525, 525, 524, 524, 518, 518, 0, 0, 452, 449, 444, 441, 440, 443, 451, 453, 0, 528, 529, 531, 535, 537, 540, 543, 546, 550, 554, 557, 561, 565, 569, 575, 581, 585, 591, 597, 604, 609, 616, 622, 629]
[0, 569, 565, 561, 561, 558, 551, 548, 548, 546, 543, 541, 538, 536, 534, 532, 530, 529, 527, 526, 525, 524, 524, 524, 523, 522, 0, 0, 0, 449, 444, 440, 439, 440, 444, 450, 0, 0, 535, 537, 539, 541, 545, 548, 551, 554, 558, 562, 566, 570, 576, 581, 587, 591, 596, 602, 608, 615, 621, 628, 636]
[0, 580, 575, 565, 561, 562, 559, 556, 553, 550, 548, 546, 544, 541, 539, 537, 536, 534, 532, 531, 531, 529, 527, 527, 523, 522, 0, 0, 451, 444, 440, 440, 439, 443, 444, 450, 0, 532, 534, 536, 539, 541, 544, 548, 551, 554, 557, 561, 565, 570, 574, 579, 585, 590, 594, 600, 607, 613, 619, 626, 633]
[0, 576, 571, 567, 564, 560, 557, 554, 551, 548, 546, 544, 542, 540, 539, 537, 535, 533, 532, 531, 530, 529, 528, 527, 528, 527, 0, 0, 452, 445, 440, 438, 439, 441, 444, 450, 0, 534, 539, 541, 543, 545, 548, 550, 553, 557, 560, 564, 573, 578, 574, 583, 593, 598, 604, 610, 615, 622, 629, 636, 644]
[0, 591, 587, 583, 579, 575, 571, 568, 565, 562, 559, 557, 556, 554, 552, 550, 548, 547, 546, 544, 543, 542, 541, 541, 528, 528, 0, 0, 0, 448, 443, 439, 439, 440, 449, 450, 0, 0, 539, 541, 544, 546, 549, 552, 555, 558, 561, 564, 569, 574, 579, 584, 589, 594, 599, 611, 618, 622, 631, 636, 638]
[0, 589, 587, 584, 581, 573, 569, 568, 566, 563, 561, 557, 556, 553, 551, 550, 548, 546, 545, 544, 543, 542, 541, 541, 541, 0, 466, 459, 448, 442, 439, 439, 437, 441, 446, 456, 0, 548, 553, 556, 558, 562, 549, 565, 569, 572, 580, 585, 569, 589, 598, 603, 608, 613, 619, 625, 633, 639, 646, 652, 660]
[0, 600, 596, 592, 588, 585, 582, 578, 574, 571, 569, 567, 564, 562, 561, 559, 558, 556, 555, 554, 553, 552, 551, 541, 541, 0, 0, 466, 0, 444, 439, 437, 437, 438, 442, 449, 0, 0, 554, 556, 558, 561, 564, 566, 569, 574, 577, 582, 587, 591, 595, 599, 604, 609, 614, 627, 633, 640, 647, 653, 660]
[0, 599, 595, 591, 588, 584, 580, 577, 573, 570, 568, 567, 564, 562, 559, 559, 558, 556, 555, 554, 553, 552, 551, 550, 541, 471, 0, 0, 0, 448, 441, 436, 435, 437, 439, 449, 0, 560, 563, 565, 568, 569, 572, 576, 580, 584, 587, 591, 595, 599, 609, 599, 619, 624, 629, 636, 643, 650, 657, 665, 672]
[0, 607, 595, 603, 599, 596, 592, 589, 587, 583, 580, 578, 576, 573, 570, 569, 567, 566, 564, 562, 562, 561, 561, 560, 541, 0, 472, 466, 453, 443, 439, 436, 435, 437, 441, 447, 0, 560, 563, 565, 567, 570, 574, 578, 581, 584, 588, 593, 597, 601, 605, 610, 615, 620, 626, 633, 647, 650, 653, 667, 675]
[0, 611, 607, 603, 599, 596, 592, 589, 586, 583, 580, 578, 576, 574, 571, 568, 567, 565, 564, 562, 562, 561, 560, 560, 0, 474, 472, 0, 453, 439, 439, 434, 435, 434, 438, 447, 0, 0, 573, 576, 577, 580, 583, 586, 590, 593, 597, 601, 605, 610, 615, 619, 625, 630, 636, 643, 649, 656, 671, 678, 686]
[0, 608, 604, 603, 597, 596, 594, 587, 586, 581, 580, 579, 576, 571, 571, 569, 567, 565, 563, 563, 562, 561, 560, 561, 0, 474, 475, 0, 0, 444, 438, 435, 435, 436, 439, 446, 0, 568, 572, 575, 578, 581, 584, 587, 590, 594, 598, 601, 606, 610, 615, 620, 626, 633, 639, 644, 650, 657, 665, 672, 687]
[0, 608, 604, 601, 598, 594, 591, 587, 584, 581, 581, 577, 574, 572, 571, 569, 567, 565, 563, 563, 561, 561, 560, 560, 0, 472, 475, 0, 449, 441, 436, 435, 434, 437, 441, 449, 0, 571, 572, 574, 579, 0, 585, 589, 593, 596, 599, 603, 607, 612, 616, 622, 629, 635, 642, 648, 654, 662, 669, 675, 682]
[0, 632, 627, 622, 619, 615, 612, 609, 606, 603, 600, 597, 595, 593, 591, 589, 588, 587, 586, 584, 582, 581, 583, 560, 0, 473, 475, 0, 449, 441, 436, 435, 434, 436, 441, 449, 0, 571, 574, 577, 580, 0, 582, 590, 593, 597, 600, 605, 610, 615, 620, 624, 630, 636, 643, 650, 656, 664, 672, 680, 688]
[0, 628, 623, 622, 619, 615, 612, 609, 606, 603, 600, 597, 595, 593, 591, 589, 588, 587, 586, 584, 582, 581, 583, 560, 0, 473, 475, 0, 0, 442, 438, 434, 433, 434, 438, 445, 0, 589, 594, 596, 599, 602, 605, 608, 612, 615, 619, 625, 630, 634, 640, 645, 650, 655, 662, 669, 675, 683, 691, 700, 708]
[0, 637, 632, 622, 624, 620, 617, 609, 614, 611, 609, 606, 604, 601, 599, 597, 595, 595, 593, 592, 592, 591, 583, 0, 0, 473, 475, 0, 451, 441, 436, 433, 433, 434, 438, 445, 0, 592, 594, 596, 599, 602, 605, 609, 613, 616, 619, 624, 630, 635, 641, 646, 651, 658, 665, 672, 679, 685, 694, 703, 710]
[0, 642, 637, 632, 628, 624, 620, 609, 617, 614, 608, 606, 607, 604, 602, 600, 599, 597, 595, 594, 592, 591, 583, 0, 0, 589, 475, 0, 450, 441, 436, 433, 432, 434, 438, 445, 0, 600, 604, 607, 610, 613, 616, 620, 623, 628, 632, 638, 643, 647, 652, 659, 664, 670, 677, 684, 692, 700, 708, 716, 723]
[0, 642, 637, 632, 628, 624, 620, 617, 614, 611, 608, 608, 607, 604, 602, 600, 599, 598, 597, 595, 593, 592, 583, 0, 0, 590, 475, 0, 450, 440, 435, 433, 432, 434, 438, 445, 0, 602, 605, 607, 610, 613, 616, 619, 623, 628, 633, 638, 643, 647, 652, 659, 665, 670, 677, 684, 692, 700, 709, 716, 724]
[0, 642, 637, 632, 629, 624, 625, 621, 618, 616, 613, 610, 607, 605, 603, 601, 600, 598, 597, 596, 595, 594, 583, 0, 0, 590, 475, 0, 450, 440, 435, 433, 432, 434, 438, 445, 0, 602, 605, 607, 610, 613, 616, 620, 624, 628, 633, 639, 644, 648, 654, 661, 666, 672, 680, 684, 694, 703, 710, 717, 724]
[0, 656, 652, 648, 644, 640, 638, 634, 630, 616, 627, 624, 622, 618, 617, 614, 613, 612, 611, 610, 608, 607, 583, 0, 0, 592, 475, 0, 447, 439, 434, 432, 433, 435, 439, 447, 0, 602, 606, 608, 610, 613, 616, 620, 623, 627, 632, 637, 641, 646, 652, 658, 663, 669, 675, 683, 691, 699, 707, 714, 722]
[0, 659, 654, 650, 645, 641, 638, 639, 635, 631, 628, 625, 623, 621, 619, 617, 615, 614, 612, 611, 610, 609, 583, 0, 607, 606, 475, 0, 447, 438, 434, 432, 432, 433, 437, 445, 0, 618, 621, 624, 627, 632, 635, 638, 643, 647, 651, 637, 656, 660, 665, 672, 684, 692, 675, 706, 691, 721, 707, 730, 738]
[0, 663, 658, 653, 649, 646, 642, 639, 635, 632, 629, 626, 624, 621, 619, 616, 615, 614, 612, 612, 611, 609, 610, 0, 0, 608, 475, 0, 446, 438, 434, 432, 432, 433, 438, 446, 0, 620, 623, 627, 627, 634, 635, 637, 641, 646, 650, 654, 658, 664, 669, 676, 681, 688, 695, 703, 710, 716, 724, 734, 742]
[0, 673, 669, 664, 660, 656, 653, 649, 646, 644, 641, 638, 636, 634, 631, 629, 615, 625, 612, 624, 624, 623, 621, 0, 0, 608, 475, 0, 446, 442, 435, 432, 431, 432, 435, 446, 0, 0, 623, 626, 630, 632, 635, 639, 643, 647, 651, 656, 661, 665, 672, 679, 685, 691, 699, 707, 713, 721, 728, 737, 746]
[0, 672, 667, 663, 659, 656, 654, 651, 648, 645, 642, 640, 637, 634, 632, 630, 628, 626, 626, 624, 623, 622, 621, 0, 0, 617, 475, 0, 0, 440, 435, 431, 430, 432, 435, 441, 0, 0, 637, 640, 644, 647, 650, 653, 657, 661, 666, 670, 675, 681, 688, 695, 701, 707, 714, 721, 729, 737, 748, 757, 765]
[0, 674, 668, 664, 661, 657, 653, 649, 647, 644, 641, 639, 637, 634, 633, 631, 628, 626, 625, 625, 624, 623, 621, 0, 0, 620, 475, 0, 444, 0, 436, 432, 430, 431, 433, 446, 0, 0, 635, 638, 641, 644, 648, 651, 654, 659, 663, 667, 672, 677, 683, 690, 697, 703, 710, 717, 725, 733, 742, 751, 760]
[0, 674, 690, 685, 681, 677, 673, 670, 666, 663, 661, 658, 654, 653, 651, 649, 646, 645, 645, 643, 641, 641, 621, 0, 0, 619, 475, 0, 0, 439, 434, 431, 430, 432, 435, 441, 0, 0, 637, 640, 644, 647, 650, 653, 657, 661, 666, 670, 675, 681, 688, 695, 701, 707, 714, 721, 729, 737, 747, 757, 765]
[0, 697, 690, 692, 687, 682, 679, 676, 673, 669, 666, 664, 661, 658, 656, 654, 652, 652, 651, 649, 648, 647, 649, 0, 640, 639, 475, 0, 442, 434, 434, 430, 429, 430, 432, 441, 0, 0, 655, 659, 662, 664, 668, 671, 675, 679, 684, 690, 696, 701, 708, 713, 719, 726, 733, 741, 750, 757, 765, 774, 784]
[0, 697, 690, 686, 682, 682, 679, 676, 673, 669, 666, 664, 662, 659, 656, 654, 653, 652, 651, 649, 648, 647, 647, 648, 645, 645, 475, 0, 443, 436, 434, 432, 430, 430, 432, 436, 0, 660, 664, 659, 666, 669, 676, 671, 684, 679, 689, 702, 706, 701, 712, 718, 724, 731, 739, 746, 754, 761, 770, 790, 784]
[0, 698, 694, 688, 683, 680, 677, 674, 671, 668, 665, 663, 662, 661, 657, 655, 654, 652, 651, 650, 648, 647, 646, 646, 645, 646, 475, 0, 443, 435, 431, 429, 430, 431, 432, 436, 0, 660, 663, 666, 669, 673, 676, 679, 684, 689, 695, 701, 706, 712, 717, 718, 731, 731, 739, 753, 754, 761, 770, 779, 790]
[0, 697, 694, 691, 686, 682, 678, 676, 673, 669, 666, 664, 661, 658, 656, 654, 652, 652, 650, 649, 648, 647, 646, 646, 0, 0, 475, 0, 0, 437, 432, 430, 429, 431, 435, 441, 0, 0, 664, 666, 668, 671, 674, 678, 684, 689, 694, 699, 705, 710, 715, 721, 728, 736, 743, 751, 760, 769, 777, 787, 797]
[0, 720, 715, 711, 706, 702, 698, 695, 690, 687, 684, 682, 679, 677, 675, 673, 672, 670, 669, 668, 666, 665, 665, 646, 645, 645, 475, 0, 442, 437, 431, 430, 429, 432, 436, 441, 0, 660, 664, 664, 669, 0, 673, 676, 684, 689, 695, 701, 705, 706, 711, 717, 724, 731, 739, 754, 760, 761, 770, 779, 789]
[0, 717, 712, 708, 704, 700, 695, 691, 688, 685, 682, 682, 680, 678, 676, 674, 672, 670, 669, 668, 666, 665, 665, 665, 645, 645, 475, 0, 441, 437, 430, 0, 429, 429, 432, 441, 0, 683, 684, 686, 0, 690, 694, 703, 708, 712, 695, 717, 722, 728, 741, 717, 748, 755, 762, 769, 777, 786, 805, 779, 815]
[0, 738, 733, 729, 704, 719, 715, 713, 688, 710, 708, 705, 702, 700, 697, 695, 693, 692, 690, 688, 688, 687, 686, 665, 0, 664, 475, 0, 446, 437, 432, 429, 428, 430, 433, 439, 0, 0, 682, 684, 687, 691, 696, 701, 705, 709, 714, 719, 724, 730, 737, 744, 751, 758, 766, 773, 782, 791, 800, 810, 820]
[0, 740, 735, 730, 725, 720, 716, 713, 710, 707, 705, 702, 700, 698, 697, 694, 692, 692, 688, 688, 688, 687, 686, 665, 0, 664, 0, 455, 443, 434, 428, 426, 426, 427, 431, 439, 0, 0, 705, 708, 711, 714, 718, 723, 729, 733, 738, 744, 751, 757, 763, 770, 777, 785, 793, 802, 810, 818, 827, 836, 848]
[0, 740, 735, 730, 725, 720, 716, 713, 710, 707, 705, 702, 700, 698, 696, 694, 692, 690, 688, 688, 688, 687, 686, 665, 0, 664, 0, 455, 0, 435, 429, 426, 425, 427, 432, 439, 0, 0, 704, 708, 711, 715, 718, 722, 727, 733, 738, 743, 749, 755, 761, 768, 775, 783, 792, 800, 809, 819, 827, 835, 846]
[0, 748, 743, 737, 732, 728, 723, 719, 716, 713, 712, 710, 707, 705, 702, 700, 699, 690, 696, 696, 695, 694, 686, 665, 0, 664, 0, 455, 0, 435, 429, 426, 425, 427, 431, 438, 0, 0, 704, 708, 711, 715, 718, 722, 727, 733, 738, 743, 749, 755, 761, 768, 775, 783, 791, 800, 809, 819, 827, 835, 846]
[0, 753, 748, 737, 742, 737, 733, 730, 725, 721, 719, 717, 714, 713, 710, 708, 707, 705, 704, 702, 701, 701, 700, 665, 0, 0, 0, 455, 0, 435, 429, 426, 425, 426, 430, 436, 0, 0, 710, 713, 717, 720, 725, 731, 737, 740, 744, 751, 757, 763, 769, 776, 783, 791, 800, 809, 817, 825, 833, 844, 856]
[0, 772, 766, 761, 756, 751, 747, 744, 740, 738, 736, 733, 730, 727, 724, 722, 720, 719, 718, 702, 717, 716, 715, 665, 0, 463, 463, 0, 441, 435, 427, 426, 426, 426, 430, 436, 438, 0, 718, 722, 726, 730, 734, 739, 744, 750, 756, 761, 766, 772, 779, 786, 794, 802, 810, 819, 827, 834, 843, 855, 866]
[0, 784, 778, 771, 766, 762, 759, 755, 751, 748, 745, 741, 739, 737, 734, 733, 731, 729, 727, 726, 725, 724, 724, 665, 0, 0, 466, 0, 0, 0, 502, 503, 426, 498, 430, 0, 438, 0, 737, 738, 742, 748, 752, 756, 761, 767, 772, 777, 784, 791, 797, 803, 811, 820, 827, 834, 843, 853, 863, 871, 879]
[0, 781, 776, 769, 765, 761, 757, 753, 750, 746, 743, 740, 737, 735, 734, 732, 729, 729, 726, 726, 725, 725, 724, 724, 0, 0, 466, 0, 0, 494, 500, 502, 502, 500, 494, 0, 438, 0, 746, 751, 756, 760, 764, 768, 774, 779, 785, 790, 796, 803, 811, 819, 826, 833, 841, 850, 859, 868, 877, 885, 895]
[0, 791, 785, 779, 774, 769, 765, 762, 759, 757, 755, 751, 747, 744, 741, 739, 737, 736, 735, 733, 732, 731, 732, 724, 0, 0, 466, 0, 0, 0, 502, 503, 502, 502, 498, 491, 0, 0, 0, 747, 752, 756, 760, 765, 769, 775, 780, 786, 793, 800, 806, 813, 821, 829, 836, 845, 855, 865, 873, 881, 889]
[0, 788, 782, 775, 770, 767, 763, 759, 756, 753, 750, 747, 745, 742, 739, 739, 737, 736, 735, 734, 732, 731, 732, 731, 731, 731, 466, 0, 0, 0, 500, 503, 502, 500, 495, 486, 0, 0, 753, 758, 762, 765, 770, 775, 780, 786, 793, 799, 805, 812, 818, 825, 833, 840, 848, 859, 868, 876, 883, 893, 905]
[0, 797, 791, 786, 780, 776, 771, 768, 766, 763, 760, 757, 754, 752, 749, 746, 744, 744, 742, 740, 739, 738, 739, 732, 731, 730, 466, 0, 0, 0, 498, 502, 503, 501, 497, 489, 0, 0, 0, 757, 761, 765, 769, 774, 778, 784, 790, 796, 803, 810, 815, 823, 830, 837, 845, 856, 865, 874, 882, 889, 901]
[0, 821, 816, 811, 805, 801, 799, 796, 790, 786, 784, 780, 754, 777, 749, 774, 744, 772, 771, 769, 768, 767, 766, 739, 739, 730, 466, 0, 486, 495, 500, 502, 501, 499, 492, 0, 0, 0, 762, 766, 770, 775, 780, 785, 790, 796, 802, 808, 815, 822, 828, 835, 842, 852, 861, 869, 877, 886, 894, 904, 917]
[0, 825, 819, 814, 810, 804, 801, 797, 792, 789, 785, 783, 780, 777, 776, 775, 774, 771, 769, 768, 767, 766, 765, 765, 765, 765, 466, 0, 486, 0, 497, 501, 502, 501, 496, 489, 481, 0, 789, 793, 797, 802, 805, 809, 817, 824, 828, 833, 838, 846, 855, 864, 870, 877, 885, 893, 903, 913, 923, 933, 943]
[0, 833, 828, 824, 820, 814, 810, 806, 803, 801, 797, 795, 792, 790, 787, 785, 784, 782, 781, 781, 781, 780, 765, 765, 765, 766, 466, 0, 484, 493, 499, 501, 501, 500, 494, 487, 481, 0, 789, 794, 798, 803, 807, 812, 818, 824, 830, 835, 840, 850, 858, 865, 871, 879, 888, 896, 907, 917, 927, 937, 947]
[0, 838, 833, 829, 824, 820, 815, 812, 809, 805, 797, 802, 797, 793, 787, 790, 784, 788, 781, 786, 781, 784, 783, 778, 778, 781, 466, 0, 488, 495, 500, 502, 501, 498, 494, 493, 0, 805, 808, 812, 816, 821, 826, 831, 837, 843, 850, 857, 864, 870, 877, 885, 893, 901, 911, 920, 931, 940, 949, 960, 974]
[0, 844, 837, 832, 827, 823, 819, 815, 812, 809, 806, 802, 799, 796, 793, 792, 790, 788, 787, 786, 785, 785, 785, 778, 782, 783, 466, 0, 0, 491, 497, 501, 502, 498, 497, 492, 0, 808, 812, 812, 820, 825, 0, 834, 840, 846, 852, 859, 867, 873, 880, 887, 894, 903, 913, 923, 932, 942, 951, 962, 975]
[0, 854, 847, 841, 835, 831, 828, 825, 821, 818, 815, 812, 809, 807, 805, 803, 801, 800, 799, 797, 797, 796, 796, 783, 783, 784, 466, 0, 486, 494, 499, 501, 501, 500, 496, 490, 0, 0, 810, 813, 818, 822, 827, 831, 836, 842, 849, 857, 863, 869, 876, 883, 891, 899, 908, 917, 928, 938, 947, 957, 969]
[0, 848, 843, 837, 832, 831, 825, 825, 821, 815, 815, 814, 810, 808, 806, 803, 801, 800, 799, 797, 796, 795, 795, 795, 794, 795, 466, 0, 0, 494, 499, 501, 501, 500, 496, 490, 0, 817, 820, 824, 829, 833, 837, 842, 849, 856, 862, 868, 874, 880, 887, 896, 904, 912, 921, 931, 940, 949, 959, 972, 986]
[0, 875, 869, 864, 858, 853, 849, 844, 839, 836, 833, 831, 829, 827, 824, 822, 821, 819, 818, 818, 817, 817, 817, 795, 794, 794, 796, 0, 0, 494, 499, 497, 497, 500, 497, 496, 0, 817, 821, 825, 828, 832, 837, 842, 848, 855, 862, 867, 874, 880, 887, 895, 905, 912, 920, 931, 940, 949, 959, 970, 983]
[0, 882, 877, 871, 867, 864, 861, 856, 852, 847, 844, 840, 836, 835, 834, 832, 831, 830, 828, 827, 826, 826, 826, 815, 815, 815, 816, 818, 0, 0, 500, 502, 502, 502, 0, 832, 835, 839, 842, 846, 852, 858, 863, 868, 873, 878, 884, 890, 896, 904, 912, 921, 931, 938, 947, 955, 965, 978, 990, 1001, 1012]
[0, 882, 876, 871, 867, 863, 860, 856, 851, 846, 842, 839, 837, 836, 834, 833, 832, 831, 829, 828, 828, 827, 826, 827, 827, 827, 827, 828, 829, 0, 500, 831, 835, 838, 840, 844, 849, 852, 856, 860, 866, 870, 874, 879, 884, 890, 895, 901, 908, 916, 924, 934, 943, 951, 960, 970, 982, 993, 1003, 1015, 1027]
[0, 893, 887, 882, 877, 873, 870, 867, 863, 860, 857, 854, 851, 849, 847, 844, 842, 839, 837, 837, 837, 837, 827, 829, 828, 828, 828, 829, 830, 832, 834, 835, 838, 841, 846, 849, 853, 857, 862, 867, 871, 875, 880, 886, 891, 896, 904, 911, 920, 927, 935, 943, 951, 961, 972, 983, 993, 1002, 1014, 1027, 1040]
[0, 917, 910, 905, 900, 894, 888, 884, 882, 879, 877, 874, 872, 870, 868, 865, 864, 863, 863, 862, 861, 860, 860, 836, 836, 837, 837, 838, 840, 842, 844, 847, 849, 852, 856, 859, 863, 867, 871, 874, 880, 884, 888, 894, 900, 906, 913, 921, 928, 935, 942, 950, 961, 972, 983, 993, 1002, 1015, 1027, 1039, 1052]
[0, 915, 908, 902, 897, 891, 887, 884, 881, 879, 876, 873, 871, 869, 866, 864, 864, 862, 862, 861, 860, 860, 860, 861, 862, 862, 861, 862, 863, 865, 867, 868, 870, 872, 874, 877, 880, 884, 889, 893, 899, 905, 910, 916, 921, 927, 934, 940, 945, 952, 961, 972, 983, 993, 1002, 1012, 1022, 1033, 1047, 1059, 1071]
[0, 949, 943, 938, 933, 927, 923, 919, 915, 912, 910, 873, 907, 904, 900, 864, 898, 896, 895, 861, 893, 894, 860, 860, 861, 861, 862, 863, 864, 865, 868, 870, 871, 873, 876, 879, 882, 886, 890, 896, 900, 904, 910, 916, 923, 930, 936, 941, 948, 955, 963, 974, 986, 995, 1004, 1014, 1024, 1036, 1049, 1062, 1075]
[0, 973, 965, 959, 953, 950, 946, 943, 940, 936, 933, 931, 929, 925, 923, 923, 921, 920, 919, 919, 918, 916, 860, 894, 894, 894, 895, 896, 898, 899, 900, 903, 905, 906, 910, 915, 919, 923, 928, 933, 937, 942, 948, 954, 958, 965, 973, 982, 990, 1006, 963, 1015, 1023, 1033, 1055, 1014, 1077, 1090, 1104, 1120, 1135]
[0, 971, 963, 957, 952, 949, 946, 943, 939, 936, 933, 930, 928, 925, 925, 924, 922, 920, 919, 919, 919, 918, 918, 920, 921, 921, 921, 924, 926, 927, 929, 931, 932, 936, 939, 942, 946, 950, 954, 959, 965, 972, 980, 987, 993, 999, 1005, 1012, 1021, 1029, 1039, 1050, 1060, 1070, 1080, 1091, 1104, 1117, 1134, 1150, 1163]
[0, 973, 966, 960, 953, 949, 946, 943, 940, 936, 933, 931, 929, 925, 922, 922, 921, 919, 919, 919, 918, 916, 918, 919, 919, 920, 920, 921, 924, 926, 927, 928, 930, 934, 937, 940, 943, 946, 950, 955, 961, 966, 972, 980, 987, 994, 1000, 1007, 1016, 1024, 1032, 1041, 1051, 1061, 1071, 1082, 1094, 1107, 1121, 1152, 1165]
[0, 970, 963, 956, 953, 953, 948, 945, 942, 939, 935, 932, 930, 928, 926, 924, 923, 921, 921, 920, 919, 919, 920, 919, 921, 921, 922, 924, 926, 927, 929, 931, 932, 935, 939, 942, 946, 950, 954, 959, 965, 971, 979, 986, 993, 999, 1005, 1012, 1021, 1029, 1039, 1050, 1060, 1070, 1079, 1091, 1104, 1117, 1134, 1150, 1163]
[0, 978, 970, 962, 956, 952, 948, 945, 942, 939, 935, 932, 930, 928, 925, 924, 922, 920, 920, 920, 919, 919, 920, 920, 920, 920, 921, 923, 925, 927, 928, 930, 933, 934, 937, 940, 943, 948, 952, 956, 962, 969, 976, 982, 989, 996, 1002, 1007, 1016, 1025, 1035, 1045, 1054, 1064, 1074, 1085, 1098, 1113, 1127, 1142, 1158]
[0, 1035, 1029, 1023, 1016, 1011, 1005, 1000, 997, 994, 991, 988, 987, 986, 984, 980, 979, 977, 975, 975, 976, 976, 977, 919, 920, 921, 922, 924, 926, 927, 929, 931, 932, 935, 939, 942, 945, 950, 954, 958, 963, 967, 974, 983, 991, 997, 1003, 1010, 1018, 1027, 1036, 1046, 1057, 1068, 1078, 1088, 1101, 1115, 1131, 1146, 1160]
[0, 1030, 1023, 1023, 1016, 1011, 1005, 1000, 997, 994, 992, 989, 988, 987, 984, 982, 981, 978, 975, 975, 976, 976, 976, 978, 977, 977, 979, 980, 982, 984, 986, 988, 991, 994, 997, 1000, 1004, 1008, 1012, 1019, 1025, 1031, 1038, 1044, 1050, 1057, 1065, 1074, 1083, 1092, 1102, 1112, 1123, 1135, 1147, 1160, 1173, 1186, 1199, 1212, 1228]
[0, 1078, 1072, 1064, 1056, 1052, 1047, 1042, 1039, 1035, 1032, 1029, 1026, 1024, 1023, 1023, 1022, 1019, 1019, 1020, 1021, 1020, 976, 977, 977, 977, 979, 980, 982, 984, 986, 988, 991, 994, 997, 1000, 1003, 1008, 1012, 1019, 1025, 1031, 1037, 1043, 1050, 1057, 1065, 1073, 1082, 1091, 1101, 1112, 1123, 1134, 1147, 1160, 1172, 1186, 1198, 1211, 1228]
[0, 1080, 1074, 1066, 1058, 1055, 1049, 1041, 1038, 1036, 1033, 1030, 1028, 1026, 1023, 1022, 1021, 1021, 1021, 1021, 1020, 1020, 1021, 1022, 1022, 1022, 1023, 1025, 1026, 1028, 1032, 1035, 1037, 1041, 1044, 1049, 1055, 1060, 1065, 1071, 1077, 1082, 1088, 1096, 1105, 1113, 1122, 1131, 1142, 1154, 1163, 1173, 1186, 1198, 1210, 1224, 1238, 1250, 1265, 1283, 1301]
[0, 1094, 1088, 1082, 1076, 1071, 1065, 1061, 1058, 1054, 1052, 1047, 1043, 1042, 1041, 1040, 1040, 1039, 1038, 1039, 1039, 1039, 1021, 1021, 1021, 1023, 1023, 1024, 1026, 1028, 1032, 1034, 1036, 1040, 1043, 1046, 1052, 1059, 1064, 1069, 1075, 1081, 1088, 1096, 1104, 1111, 1120, 1130, 1140, 1149, 1160, 1170, 1181, 1193, 1206, 1220, 1233, 1246, 1261, 1279, 1297]
[0, 1109, 1101, 1094, 1088, 1083, 1078, 1072, 1067, 1064, 1062, 1059, 1056, 1053, 1051, 1050, 1048, 1047, 1046, 1046, 1044, 1045, 1039, 1040, 1040, 1041, 1043, 1044, 1046, 1048, 1052, 1058, 1059, 1063, 1067, 1072, 1077, 1081, 1087, 1092, 1099, 1107, 1114, 1121, 1131, 1140, 1149, 1159, 1167, 1177, 1189, 1201, 1212, 1225, 1239, 1252, 1267, 1282, 1299, 1279, 1327]
[0, 1104, 1097, 1091, 1085, 1079, 1073, 1068, 1066, 1063, 1060, 1057, 1053, 1052, 1051, 1047, 1045, 1046, 1046, 1045, 1045, 1046, 1046, 1047, 1047, 1049, 1052, 1054, 1055, 1057, 1059, 1062, 1064, 1069, 1073, 1076, 1080, 1086, 1091, 1095, 1102, 1110, 1117, 1125, 1132, 1140, 1149, 1159, 1167, 1176, 1187, 1199, 1210, 1224, 1238, 1251, 1263, 1279, 1295, 1279, 1327]
[0, 1149, 1141, 1132, 1125, 1120, 1116, 1111, 1106, 1102, 1098, 1095, 1092, 1090, 1088, 1088, 1087, 1087, 1086, 1086, 1086, 1087, 1046, 1045, 1049, 1051, 1052, 1054, 1055, 1059, 1062, 1064, 1067, 1072, 1076, 1080, 1084, 1088, 1094, 1101, 1107, 1114, 1123, 1131, 1139, 1148, 1157, 1165, 1174, 1183, 1192, 1205, 1221, 1234, 1246, 1261, 1275, 1291, 1295, 1279, 0]
[0, 1158, 1151, 1146, 1140, 1130, 1124, 1121, 1117, 1113, 1108, 1105, 1104, 1101, 1100, 1101, 1099, 1098, 1097, 1097, 1097, 1098, 1087, 1089, 1091, 1092, 1091, 1093, 1096, 1099, 1102, 1106, 1109, 1112, 1117, 1123, 1129, 1134, 1140, 1148, 1154, 1160, 1168, 1175, 1181, 1190, 1197, 1208, 1221, 1234, 1247, 1259, 1272, 1285, 1305, 1261, 1329, 1347, 1364, 1380, 1403]
[0, 1156, 1150, 1144, 1137, 1131, 1124, 1118, 1115, 1112, 1109, 1105, 1102, 1100, 1100, 1100, 1099, 1098, 1098, 1097, 1098, 1098, 1099, 1101, 1102, 1106, 1108, 1109, 1111, 1115, 1117, 1118, 1122, 1127, 1131, 1136, 1141, 1148, 1156, 1160, 1165, 1172, 1179, 1186, 1194, 1203, 1215, 1226, 1237, 1249, 1263, 1274, 1285, 1304, 1325, 1338, 1352, 1370, 1387, 1407, 1425]
[0, 1159, 1155, 1148, 1140, 1131, 1125, 1122, 1117, 1113, 1109, 1105, 1104, 1101, 1101, 1101, 1099, 1099, 1099, 1097, 1097, 1098, 1099, 1100, 1100, 1104, 1106, 1106, 1111, 1114, 1115, 1117, 1120, 1124, 1129, 1133, 1137, 1143, 1151, 1158, 1163, 1168, 1173, 1181, 1189, 1197, 1207, 1219, 1232, 1243, 1259, 1276, 1283, 1293, 1310, 1328, 1341, 1356, 1375, 1391, 1406]
[0, 1161, 1155, 1148, 1140, 1131, 1126, 1122, 1118, 1113, 1109, 1106, 1104, 1101, 1101, 1101, 1100, 1100, 1099, 1097, 1096, 1098, 1100, 1101, 1102, 1106, 1108, 1109, 1112, 1115, 1117, 1118, 1122, 1127, 1131, 1136, 1141, 1149, 1156, 1160, 1166, 1172, 1179, 1187, 1195, 1204, 1215, 1227, 1237, 1252, 1270, 1279, 1286, 1307, 1328, 1338, 1352, 1374, 1395, 1411, 1424]
[0, 1210, 1204, 1198, 1192, 1186, 1180, 1176, 1172, 1168, 1166, 1164, 1162, 1160, 1159, 1158, 1157, 1157, 1157, 1156, 1157, 1159, 1100, 1101, 1102, 1106, 1108, 1109, 1112, 1115, 1117, 1118, 1123, 1127, 1132, 1137, 1141, 1148, 1155, 1160, 1166, 1172, 1180, 1188, 1196, 1204, 1215, 1227, 1237, 1252, 1270, 1279, 1286, 1307, 1328, 1338, 1352, 1374, 1395, 1411, 1424]
[0, 1213, 1205, 1199, 1194, 1189, 1184, 1178, 1174, 1171, 1170, 1167, 1163, 1160, 1159, 1158, 1157, 1157, 1153, 1153, 1157, 1158, 1161, 1161, 1162, 1162, 1162, 1165, 1169, 1115, 1172, 1173, 1175, 1178, 1188, 1137, 1195, 1204, 1215, 1236, 1166, 1246, 1254, 1261, 1264, 1267, 1274, 1285, 1300, 1314, 1326, 1339, 1352, 1365, 1379, 1393, 1411, 1432, 1453, 1474, 1491]
[0, 1240, 1232, 1223, 1215, 1208, 1202, 1196, 1192, 1189, 1184, 1181, 1178, 1178, 1176, 1175, 1174, 1173, 1174, 1173, 1174, 1175, 1159, 1160, 1160, 1161, 1163, 1164, 1166, 1169, 1171, 1174, 1176, 1180, 1187, 1191, 1197, 1206, 1217, 1231, 1239, 1247, 1259, 1265, 1265, 1269, 1280, 1291, 1308, 1322, 1334, 1347, 1357, 1369, 1385, 1403, 1421, 1432, 1450, 1480, 1500]
[0, 1236, 1231, 1221, 1211, 1206, 1200, 1195, 1191, 1187, 1184, 1182, 1180, 1178, 1175, 1173, 1173, 1174, 1174, 1174, 1175, 1175, 1175, 1177, 1178, 1178, 1183, 1187, 1187, 1191, 1195, 1197, 1201, 1203, 1210, 1217, 1222, 1232, 1243, 1250, 1256, 1261, 1268, 1280, 1286, 1292, 1303, 1314, 1328, 1343, 1354, 1364, 1376, 1391, 1407, 1424, 1440, 1460, 1479, 1491, 1505]
[0, 1235, 1230, 1221, 1212, 1206, 1201, 1197, 1191, 1187, 1184, 1181, 1179, 1178, 1175, 1174, 1174, 1174, 1174, 1174, 1175, 1177, 1175, 1175, 1179, 1182, 1182, 1184, 1192, 1197, 1197, 1200, 1202, 1206, 1216, 1223, 1230, 1236, 1243, 1250, 1254, 1262, 1276, 1283, 1287, 1296, 1309, 1325, 1338, 1349, 1359, 1368, 1381, 1396, 1411, 1424, 0, 1471, 1490, 1503, 1507]
[0, 1276, 1269, 1262, 1255, 1206, 1249, 1246, 1234, 1187, 1231, 1228, 1224, 1221, 1220, 1222, 1223, 1223, 1222, 1223, 1225, 1222, 1177, 1176, 1181, 1184, 1182, 1184, 1191, 1196, 1199, 1201, 1201, 1206, 1216, 1224, 1230, 1237, 1243, 1251, 1255, 1264, 1278, 1286, 1292, 1299, 1310, 1326, 1339, 1349, 1358, 1370, 1383, 1398, 1415, 1432, 1453, 1471, 1485, 1499, 1509]
[0, 1293, 1284, 1279, 1271, 1264, 1259, 1254, 1251, 1247, 1231, 1244, 1240, 1237, 1237, 1240, 1240, 1242, 1245, 1244, 1239, 1235, 1219, 1226, 1229, 1228, 1232, 1233, 1234, 1239, 1242, 1243, 1247, 1250, 1254, 1261, 1268, 1273, 1279, 1285, 1291, 1299, 1308, 1318, 1329, 1338, 1349, 1354, 1361, 1370, 1378, 1389, 1399, 1408, 1418, 1430, 1443, 1456, 1470, 1486, 1500]
[0, 1310, 1302, 1294, 1286, 1278, 1272, 1268, 1264, 1262, 1259, 1255, 1252, 1251, 1252, 1254, 1259, 1260, 1254, 1254, 1257, 1259, 1235, 1239, 1240, 1241, 1246, 1255, 1260, 1259, 1261, 1261, 1263, 1269, 1273, 1278, 1283, 1287, 1293, 1302, 1312, 1318, 1328, 1333, 1335, 1341, 1348, 1356, 1363, 1372, 1382, 1390, 1398, 1407, 1418, 1432, 1445, 1457, 1474, 1489, 1499]
[0, 1367, 1362, 1355, 1349, 1342, 1336, 1268, 1329, 1319, 1313, 1312, 1309, 1306, 1303, 1302, 1303, 1301, 1301, 1302, 1302, 1299, 1259, 1259, 1258, 1260, 1265, 1268, 1271, 1274, 1279, 1283, 1286, 1290, 1294, 1297, 1297, 1300, 1305, 1309, 1313, 1318, 1323, 1330, 1336, 1342, 1350, 1358, 1365, 1373, 1381, 1390, 1402, 1413, 1422, 1434, 1448, 1463, 1479, 1493, 1505]
[0, 1411, 1399, 1393, 1390, 0, 1377, 1268, 1370, 1368, 1364, 1358, 1352, 1348, 1341, 1333, 1325, 1319, 1313, 1309, 1306, 1303, 1296, 1296, 1296, 1294, 1290, 1290, 1290, 1292, 1290, 1291, 1293, 1293, 1294, 1297, 1299, 1303, 1305, 1309, 1313, 1318, 1318, 1324, 1330, 1337, 1344, 1351, 1360, 1369, 1377, 1385, 1393, 1403, 1416, 1425, 1436, 1452, 1467, 1483, 1499]
[0, 1411, 1399, 1393, 0, 1390, 1385, 1377, 1371, 1368, 1364, 1357, 1352, 1348, 1341, 1332, 1324, 1318, 1313, 1309, 1306, 1302, 1300, 1295, 1294, 1293, 1290, 1288, 1287, 1287, 1289, 1289, 1289, 1290, 1291, 1294, 1297, 1300, 1303, 1307, 1313, 1317, 1320, 1326, 1334, 1339, 1345, 1353, 1362, 1371, 1380, 1389, 1399, 1407, 1418, 1430, 1444, 1459, 1472, 1489, 1504]
[0, 1447, 1429, 1423, 1413, 1403, 1397, 1391, 1387, 1376, 1364, 1355, 1347, 1341, 1335, 1327, 1321, 1316, 1311, 1308, 1303, 1302, 1298, 1296, 1294, 1292, 1289, 1288, 1288, 1288, 1289, 1287, 1287, 1291, 1294, 1295, 1297, 1300, 1304, 1308, 1312, 1317, 1322, 1328, 1334, 1342, 1347, 1354, 1365, 1373, 1380, 1389, 1400, 1412, 1421, 1432, 1445, 1457, 1475, 1491, 1504]
[0, 1447, 1449, 1425, 1416, 1407, 1400, 1395, 1391, 1382, 1369, 1359, 1350, 1344, 1339, 1332, 1323, 1318, 1313, 1308, 1305, 1302, 1298, 1296, 1294, 1289, 1287, 1288, 1286, 1285, 1286, 1287, 1287, 1288, 1291, 1294, 1294, 1298, 1304, 1306, 1308, 1312, 1318, 1322, 1328, 1337, 1347, 1353, 1360, 1371, 1378, 1385, 1394, 1406, 1417, 1425, 1438, 1453, 1464, 1481, 1499]
[0, 1447, 1448, 1425, 1414, 1406, 1400, 1395, 1388, 1374, 1365, 1357, 1350, 1343, 1335, 1326, 1320, 1316, 1313, 1308, 1304, 1301, 1299, 1295, 1291, 1290, 1288, 1287, 1287, 1288, 1285, 1284, 1286, 1288, 1292, 1296, 1297, 1300, 1305, 1308, 1311, 1315, 1321, 1327, 1333, 1341, 1347, 1355, 1363, 1372, 1380, 1389, 1399, 1411, 1421, 1433, 1445, 1457, 1475, 1491, 1503]
[0, 1447, 1448, 1441, 1419, 1411, 1401, 1396, 1389, 1379, 1367, 1357, 1351, 1345, 1338, 1332, 1324, 1318, 1313, 1309, 1305, 1301, 1296, 1295, 1295, 1293, 1290, 1286, 1285, 1289, 1287, 1288, 1289, 1287, 1291, 1292, 1295, 1302, 1304, 1307, 1313, 1316, 1322, 1330, 1337, 1342, 1346, 1356, 1366, 1373, 1380, 1390, 1402, 1411, 1420, 1433, 1448, 1462, 1477, 1495, 1508]
[0, 1470, 1455, 1442, 1428, 1415, 1403, 1395, 1384, 1374, 1368, 1359, 1351, 1343, 1337, 1331, 1322, 1317, 1313, 1308, 1305, 1301, 1298, 1296, 1293, 1291, 1289, 1288, 1287, 1287, 1288, 1287, 1286, 1289, 1293, 1294, 1296, 1300, 1304, 1307, 1312, 1316, 1318, 1324, 1333, 1340, 1346, 1354, 1362, 1370, 1379, 1389, 1399, 1408, 1418, 1431, 1446, 1458, 1472, 1488, 1503]
[0, 1459, 1446, 1432, 1419, 1407, 1397, 1388, 1377, 1367, 1360, 1353, 1344, 1337, 1332, 1324, 1317, 1317, 1314, 1308, 1303, 1301, 1298, 1294, 1291, 1290, 1288, 1287, 1286, 1287, 1285, 1284, 1286, 1289, 1292, 1295, 1296, 1299, 1303, 1306, 1310, 1315, 1317, 1323, 1328, 1333, 1342, 1353, 1359, 1368, 1378, 1388, 1396, 1404, 1416, 1430, 1442, 1452, 1468, 1487, 1500]
[0, 1476, 1459, 1443, 1430, 1419, 1406, 1395, 1388, 1378, 1367, 1358, 1351, 1345, 1338, 1332, 1323, 1317, 1313, 1309, 1305, 1300, 1298, 1293, 1290, 1289, 1289, 1288, 1287, 1284, 1285, 1286, 1286, 1287, 1290, 1293, 1293, 1296, 1299, 1301, 1305, 1308, 1312, 1318, 1326, 1336, 1341, 1344, 1353, 1363, 1371, 1381, 1391, 1400, 1413, 1423, 1431, 1447, 1464, 1481, 1498]
[0, 1470, 1454, 1442, 1428, 1415, 1404, 1394, 1383, 1374, 1367, 1359, 1351, 1343, 1336, 1330, 1322, 1316, 1312, 1306, 1303, 1299, 1297, 1295, 1292, 1287, 1286, 1287, 1286, 1287, 1286, 1285, 1287, 1289, 1291, 1293, 1295, 1298, 1302, 1305, 1310, 1314, 1318, 1322, 1326, 1332, 1340, 1349, 1358, 1369, 1377, 1383, 1394, 1406, 1417, 1428, 1440, 1452, 1469, 1486, 1502]
[0, 1465, 1450, 1432, 1420, 1409, 1398, 1391, 1380, 1370, 1364, 1356, 1348, 1341, 1334, 1326, 1320, 1315, 1312, 1307, 1302, 1299, 1296, 1294, 1289, 1288, 1287, 1286, 1286, 1285, 1283, 1284, 1286, 1288, 1291, 1294, 1296, 1298, 1300, 1301, 1307, 1314, 1317, 1322, 1331, 1336, 1343, 1350, 1356, 1365, 1375, 1382, 1391, 1404, 1417, 1428, 1440, 1453, 1467, 1486, 1500]
[0, 1459, 1446, 1432, 1419, 1408, 1397, 1388, 1377, 1367, 1360, 1353, 1344, 1341, 1336, 1324, 1320, 1317, 1313, 1308, 1303, 1300, 1296, 1291, 1287, 1289, 1289, 1286, 1285, 1284, 1285, 1289, 1289, 1287, 1290, 1295, 1296, 1298, 1304, 1308, 1309, 1312, 1318, 1322, 1329, 1336, 1344, 1353, 1361, 1370, 1379, 1388, 1391, 1400, 1418, 1430, 1442, 1458, 1475, 1490, 1506]
[0, 1466, 1449, 1435, 1423, 1410, 1399, 1391, 1380, 1370, 1364, 1357, 1348, 1340, 1333, 1325, 1319, 1315, 1311, 1307, 1301, 1297, 1298, 1293, 1290, 1287, 1286, 1288, 1286, 1283, 1283, 1285, 1286, 1287, 1289, 1292, 1293, 1296, 1298, 1300, 1305, 1308, 1312, 1317, 1325, 1333, 1338, 1344, 1352, 1362, 1371, 1381, 1390, 1400, 1412, 1425, 1435, 1447, 1463, 1477, 1491]
[0, 1467, 1452, 1439, 1426, 1410, 1400, 1393, 1382, 1371, 1364, 1358, 1349, 1341, 1334, 1325, 1318, 1315, 1311, 1306, 1302, 1298, 1295, 1291, 1288, 1289, 1285, 1283, 1285, 1284, 1282, 1284, 1285, 1288, 1291, 1291, 1292, 1298, 1302, 1306, 1311, 1314, 1318, 1322, 1325, 1334, 1344, 1352, 1352, 1370, 1371, 1378, 1397, 1400, 1418, 1425, 1443, 1458, 1463, 1475, 1490]
[0, 1470, 1452, 1437, 1426, 1414, 1403, 1393, 1381, 1372, 1366, 1357, 1350, 1343, 1333, 1324, 1319, 1316, 1309, 1306, 1304, 1299, 1294, 1292, 1289, 1287, 1287, 1286, 1283, 1282, 1284, 1284, 1284, 1286, 1290, 1290, 1293, 1296, 1298, 1301, 1307, 1310, 1312, 1320, 1327, 1335, 1342, 1347, 1356, 1366, 1376, 1386, 1395, 1405, 1417, 1433, 1451, 1470, 1487, 1502, 1507]
[0, 1464, 1449, 1435, 1422, 1409, 1398, 1390, 1379, 1370, 1363, 1352, 1344, 1340, 1330, 1322, 1319, 1314, 1311, 1306, 1301, 1297, 1297, 1294, 1291, 1288, 1284, 1281, 1283, 1282, 1281, 1282, 1283, 1288, 1290, 1290, 1289, 1294, 1301, 1304, 1309, 1314, 1322, 1333, 1339, 1344, 1352, 1362, 1373, 1385, 1394, 1404, 1412, 1424, 1435, 1444, 1456, 1470, 1487, 1501, 1506]
[0, 1457, 1449, 1429, 1422, 1415, 1402, 1395, 1385, 1375, 1366, 1357, 1349, 1340, 1332, 1324, 1320, 1317, 1312, 1307, 1304, 1298, 1292, 1288, 1288, 1286, 1282, 1282, 1281, 1280, 1282, 1283, 1285, 1286, 1289, 1291, 1292, 1295, 1300, 1307, 1309, 1322, 1331, 1336, 1339, 1342, 1356, 1362, 1378, 1390, 1394, 1407, 1412, 1416, 1438, 1450, 1465, 1479, 1487, 1491, 1502]
[0, 1469, 1452, 1439, 1425, 1412, 1402, 1392, 1381, 1370, 1359, 1353, 1348, 1338, 1331, 1325, 1318, 1315, 1308, 1302, 1301, 1297, 1295, 1291, 1287, 1285, 1286, 1286, 1283, 1280, 1281, 1282, 1284, 1285, 1285, 1286, 1288, 1292, 1298, 1305, 1311, 1318, 1327, 1333, 1339, 1343, 1350, 1360, 1370, 1381, 1391, 1401, 1411, 1420, 1431, 1444, 1457, 1469, 1485, 1500, 1503]
[0, 1458, 1445, 1431, 1418, 1407, 1396, 1387, 1376, 1367, 1358, 1350, 1343, 1335, 1328, 1321, 1316, 1315, 1312, 1307, 1301, 1298, 1293, 1290, 1288, 1284, 1281, 1280, 1280, 1282, 1283, 1283, 1284, 1286, 1290, 1294, 1299, 1305, 1308, 1313, 1316, 1321, 1326, 1332, 1341, 1349, 1354, 1363, 1375, 1385, 1395, 1404, 1413, 1423, 1437, 1449, 1458, 1470, 1488, 1503, 1508]
[0, 1468, 1451, 1438, 1425, 1409, 1398, 1392, 1381, 1371, 1360, 1352, 1345, 1336, 1331, 1324, 1318, 1315, 1308, 1301, 1300, 1297, 1297, 1290, 1287, 1286, 1286, 1287, 1286, 1288, 1289, 1291, 1295, 1298, 1300, 1302, 1305, 1307, 1311, 1313, 1316, 1321, 1327, 1331, 1336, 1345, 1352, 1359, 1366, 1376, 1387, 1397, 1412, 1423, 1431, 1443, 1453, 1466, 1479, 1493, 1503]
[0, 1458, 1444, 1431, 1417, 1406, 1396, 1386, 1376, 1367, 1357, 1349, 1343, 1335, 1327, 1320, 1316, 1315, 1312, 1307, 1300, 1295, 1292, 1290, 1288, 1285, 1282, 1285, 1288, 1290, 1293, 1297, 1298, 1300, 1303, 1303, 1304, 1307, 1311, 1315, 1319, 1322, 1325, 1332, 1341, 1347, 1352, 1362, 1373, 1381, 1390, 1404, 1413, 1422, 1436, 1447, 1460, 1474, 1488, 1503, 1506]
[0, 1464, 1450, 1437, 1424, 1412, 1401, 1391, 1381, 1371, 1364, 1361, 1356, 1348, 1343, 1339, 1335, 1328, 1322, 1318, 1313, 1308, 1293, 1290, 1287, 1287, 1286, 1287, 1289, 1291, 1293, 1295, 1296, 1299, 1300, 1302, 1305, 1307, 1310, 1313, 1315, 1321, 1327, 1330, 1336, 1345, 1352, 1359, 1367, 1377, 1388, 1400, 1414, 1423, 1432, 1443, 1454, 1466, 1479, 1496, 1506]
[0, 1462, 1449, 1436, 1423, 1410, 1402, 1394, 1385, 1384, 1381, 1369, 1358, 1353, 1346, 1340, 1335, 1328, 1321, 1317, 1315, 1311, 1305, 1304, 1302, 1299, 1297, 1298, 1297, 1294, 1297, 1299, 1291, 1293, 1302, 1302, 1304, 1306, 1309, 1313, 1318, 1322, 1326, 1330, 1339, 1348, 1353, 1362, 1374, 1385, 1394, 1403, 1413, 1423, 1435, 1448, 1460, 1473, 1487, 1502, 1507]
[0, 1462, 1449, 1435, 1422, 1410, 1402, 1394, 1389, 1386, 1379, 1370, 1358, 1353, 1346, 1339, 1334, 1327, 1321, 1317, 1316, 1311, 1306, 1305, 1302, 1300, 1299, 1298, 1298, 1296, 1295, 1296, 1305, 1307, 1301, 1302, 1304, 1306, 1310, 1314, 1317, 1323, 1327, 1333, 1342, 1348, 1354, 1363, 1373, 1384, 1393, 1404, 1414, 1423, 1436, 1448, 1460, 1473, 1487, 1502, 1507]
[0, 1463, 1449, 1436, 1424, 1411, 1405, 1397, 1389, 1387, 1381, 1369, 1358, 1352, 1346, 1340, 1334, 1329, 1323, 1318, 1313, 1308, 1307, 1305, 1302, 1299, 1299, 1298, 1298, 1298, 1297, 1296, 1305, 1307, 1302, 1304, 1305, 1307, 1310, 1314, 1317, 1323, 1327, 1333, 1341, 1347, 1354, 1362, 1372, 1384, 1393, 1402, 1413, 1423, 1436, 1448, 1460, 1473, 1487, 1502, 1507]
[0, 1464, 1455, 1446, 1435, 1430, 1426, 1419, 1403, 1389, 1381, 1368, 1358, 1353, 1347, 1340, 1333, 1327, 1321, 1317, 1315, 1310, 1306, 1304, 1302, 1299, 1297, 1297, 1296, 1294, 1296, 1298, 1293, 1293, 1300, 1303, 1304, 1307, 1310, 1315, 1319, 1323, 1327, 1332, 1341, 1348, 1352, 1361, 1373, 1385, 1393, 1403, 1412, 1421, 1431, 1444, 1456, 1470, 1485, 1500, 1504]
[0, 1474, 1462, 1451, 1439, 1426, 1426, 1414, 1394, 1389, 1388, 1376, 1363, 1356, 1349, 1337, 1331, 1331, 1326, 1320, 1313, 1309, 1306, 1305, 1302, 1300, 1298, 1298, 1298, 1296, 1295, 1296, 1298, 1300, 1301, 1302, 1304, 1306, 1310, 1314, 1317, 1321, 1325, 1333, 1341, 1347, 1353, 1361, 1372, 1383, 1393, 1402, 1412, 1423, 1436, 1447, 1459, 1472, 1487, 1502, 1506]
[0, 1485, 1473, 1462, 1449, 1435, 1425, 1413, 1401, 1393, 1382, 1371, 1362, 1356, 1350, 1341, 1334, 1328, 1322, 1315, 1311, 1310, 1308, 1306, 1303, 1300, 1299, 1298, 1297, 1297, 1296, 1295, 1296, 1301, 1302, 1302, 1304, 1306, 1307, 1310, 1316, 1321, 1327, 1330, 1336, 1345, 1352, 1359, 1367, 1378, 1389, 1400, 1409, 1418, 1431, 1442, 1454, 1465, 1479, 1493, 1503]
[0, 1474, 1460, 1450, 1438, 1428, 1415, 1403, 1396, 1389, 1376, 1363, 1362, 1355, 1351, 1344, 1338, 1332, 1325, 1320, 1316, 1312, 1308, 1306, 1302, 1298, 1299, 1299, 1298, 1296, 1295, 1297, 1296, 1297, 1300, 1302, 1303, 1306, 1310, 1314, 1313, 1316, 1326, 1332, 1341, 1347, 1353, 1361, 1372, 1384, 1389, 1399, 1412, 1422, 1433, 1444, 1456, 1469, 1486, 1501, 1506]
[0, 1483, 1469, 1457, 1440, 1431, 1423, 1411, 1399, 1386, 1377, 1369, 1358, 1352, 1347, 1340, 1333, 1327, 1322, 1317, 1315, 1310, 1308, 1306, 1303, 1301, 1300, 1299, 1297, 1297, 1298, 1296, 1296, 1296, 1297, 1301, 1303, 1307, 1308, 1311, 1316, 1320, 1326, 1330, 1336, 1344, 1351, 1357, 1367, 1378, 1387, 1397, 1407, 1420, 1431, 1444, 1455, 1468, 1484, 1499, 1506]
