[0, 0, 0, 0, 0, 0, 0, 0, 0, 0, 0, 0, 0, 0, 0, 0, 0, 0, 0, 0, 0, 0, 0, 0, 0, 0, 0, 0, 0, 0, 0, 0, 0, 0, 0, 0, 0, 0, 0, 0, 0, 0, 0, 0, 0, 0, 0, 0, 0, 0, 0, 0, 0, 0, 0, 0, 0, 0, 0, 0, 0]
[0, 531, 526, 523, 519, 515, 512, 508, 506, 504, 501, 498, 496, 494, 492, 489, 488, 487, 485, 484, 483, 482, 482, 481, 480, 480, 480, 479, 479, 480, 480, 481, 481, 481, 482, 484, 486, 486, 487, 489, 491, 493, 495, 498, 500, 503, 507, 510, 513, 517, 520, 525, 529, 539, 540, 549, 551, 555, 565, 572, 573]
[0, 529, 525, 521, 517, 514, 511, 508, 505, 502, 500, 498, 496, 494, 491, 489, 488, 488, 486, 485, 484, 483, 482, 481, 480, 480, 480, 480, 480, 480, 481, 481, 482, 483, 482, 484, 486, 487, 489, 491, 493, 496, 498, 500, 500, 503, 508, 510, 516, 520, 520, 529, 533, 537, 542, 548, 554, 558, 564, 570, 577]
[0, 528, 524, 520, 517, 516, 513, 507, 505, 504, 501, 499, 497, 495, 492, 490, 489, 487, 486, 485, 484, 483, 482, 482, 480, 480, 480, 479, 479, 480, 480, 481, 481, 481, 483, 484, 484, 486, 487, 489, 491, 493, 496, 498, 500, 504, 507, 511, 514, 517, 521, 525, 530, 535, 539, 544, 550, 555, 566, 570, 572]
[0, 527, 524, 520, 517, 516, 513, 510, 506, 503, 501, 499, 497, 495, 492, 490, 489, 487, 485, 484, 483, 482, 482, 481, 481, 480, 480, 480, 479, 480, 481, 481, 481, 482, 483, 484, 485, 487, 488, 489, 492, 494, 496, 498, 501, 504, 508, 511, 515, 518, 522, 526, 531, 536, 541, 546, 551, 556, 561, 567, 574]
[0, 530, 525, 522, 518, 514, 511, 508, 505, 503, 500, 498, 496, 494, 491, 489, 488, 487, 485, 484, 483, 482, 482, 481, 480, 480, 480, 479, 479, 480, 481, 481, 481, 482, 483, 484, 485, 486, 488, 490, 492, 494, 497, 499, 502, 505, 508, 511, 515, 519, 523, 527, 531, 537, 542, 547, 552, 557, 563, 569, 575]
[0, 531, 526, 522, 519, 515, 512, 508, 506, 503, 501, 499, 496, 494, 492, 489, 488, 487, 486, 485, 483, 482, 482, 481, 480, 480, 480, 479, 479, 480, 481, 481, 481, 481, 482, 483, 484, 486, 487, 489, 491, 493, 495, 497, 500, 503, 507, 513, 515, 520, 523, 529, 531, 534, 544, 547, 549, 554, 565, 569, 578]
[0, 530, 526, 522, 518, 515, 511, 508, 505, 503, 500, 498, 496, 494, 492, 490, 488, 487, 485, 485, 483, 482, 482, 481, 480, 480, 480, 479, 480, 480, 481, 481, 481, 482, 483, 485, 486, 486, 489, 490, 493, 495, 497, 500, 502, 505, 508, 512, 516, 519, 523, 527, 531, 537, 542, 547, 552, 558, 562, 569, 575]
[0, 535, 531, 527, 523, 520, 517, 513, 511, 508, 505, 503, 501, 499, 497, 496, 494, 492, 491, 489, 488, 487, 486, 486, 480, 480, 480, 479, 480, 480, 480, 481, 481, 482, 483, 484, 486, 486, 487, 491, 493, 495, 498, 500, 503, 506, 509, 512, 512, 520, 524, 529, 533, 538, 542, 549, 554, 558, 564, 570, 577]
[0, 532, 529, 525, 521, 518, 515, 512, 511, 509, 504, 503, 502, 500, 498, 496, 493, 492, 492, 490, 488, 487, 487, 486, 485, 485, 485, 485, 485, 485, 485, 486, 486, 487, 488, 490, 492, 493, 495, 497, 499, 501, 504, 507, 509, 512, 515, 518, 522, 527, 530, 535, 540, 545, 550, 555, 560, 564, 570, 577, 584]
[0, 534, 530, 526, 522, 519, 516, 513, 510, 508, 506, 503, 501, 499, 497, 495, 493, 491, 492, 489, 488, 487, 487, 486, 485, 485, 484, 484, 485, 485, 486, 487, 486, 487, 488, 489, 491, 493, 495, 496, 498, 500, 503, 505, 508, 511, 514, 517, 521, 525, 529, 533, 537, 542, 548, 553, 558, 563, 569, 575, 582]
[0, 535, 531, 527, 524, 520, 516, 513, 511, 509, 506, 503, 501, 499, 497, 496, 494, 492, 491, 489, 488, 487, 486, 486, 485, 485, 484, 485, 485, 485, 486, 486, 486, 487, 489, 490, 491, 492, 494, 498, 500, 500, 504, 507, 510, 511, 512, 517, 524, 525, 532, 537, 541, 547, 552, 556, 561, 567, 573, 580, 587]
[0, 536, 531, 527, 523, 520, 518, 514, 511, 508, 506, 504, 501, 499, 497, 496, 494, 493, 491, 490, 488, 487, 487, 486, 485, 485, 485, 485, 485, 485, 485, 486, 486, 487, 488, 490, 492, 493, 495, 497, 500, 501, 504, 507, 509, 512, 515, 519, 522, 526, 530, 535, 540, 545, 550, 555, 560, 565, 571, 578, 584]
[0, 535, 532, 528, 525, 522, 518, 515, 513, 510, 508, 505, 503, 500, 498, 498, 496, 496, 491, 495, 491, 490, 487, 489, 486, 485, 485, 485, 485, 486, 486, 487, 488, 488, 489, 491, 492, 494, 496, 498, 501, 503, 505, 508, 511, 514, 517, 521, 525, 528, 532, 537, 542, 546, 552, 557, 562, 568, 573, 580, 587]
[0, 540, 535, 531, 528, 524, 521, 518, 515, 512, 510, 508, 505, 503, 501, 500, 498, 496, 496, 495, 494, 492, 491, 490, 488, 488, 487, 487, 487, 487, 488, 489, 490, 491, 489, 493, 494, 495, 497, 499, 501, 503, 506, 508, 510, 513, 521, 524, 525, 532, 536, 541, 546, 551, 556, 561, 566, 572, 579, 586, 592]
[0, 540, 536, 531, 528, 524, 521, 518, 515, 512, 510, 508, 505, 503, 501, 500, 498, 496, 495, 495, 493, 491, 491, 490, 490, 489, 489, 489, 489, 490, 491, 491, 491, 493, 494, 495, 496, 498, 500, 501, 504, 506, 509, 510, 513, 518, 521, 524, 529, 533, 537, 540, 545, 549, 555, 561, 566, 572, 578, 584, 590]
[0, 538, 534, 531, 528, 525, 521, 518, 516, 513, 511, 509, 506, 504, 503, 501, 499, 498, 497, 496, 495, 494, 493, 490, 490, 489, 489, 489, 489, 490, 490, 491, 492, 493, 494, 495, 496, 498, 500, 501, 504, 506, 508, 510, 513, 518, 521, 524, 528, 532, 536, 540, 545, 549, 554, 560, 565, 570, 583, 584, 589]
[0, 540, 537, 532, 528, 525, 522, 520, 516, 513, 511, 509, 508, 506, 503, 502, 500, 498, 497, 496, 495, 494, 494, 490, 491, 491, 491, 491, 491, 492, 493, 494, 494, 495, 496, 497, 499, 501, 503, 505, 507, 509, 511, 514, 517, 521, 524, 528, 532, 535, 540, 544, 548, 553, 558, 563, 569, 575, 582, 587, 594]
[0, 541, 537, 535, 530, 526, 524, 521, 518, 515, 512, 510, 508, 507, 505, 503, 501, 500, 499, 499, 497, 496, 495, 494, 494, 493, 494, 493, 494, 493, 494, 495, 496, 497, 498, 499, 500, 501, 503, 505, 507, 510, 512, 515, 518, 521, 526, 531, 534, 538, 541, 545, 550, 556, 560, 565, 571, 577, 582, 588, 595]
[0, 542, 537, 535, 530, 526, 524, 521, 518, 515, 512, 510, 508, 507, 505, 503, 501, 500, 499, 499, 497, 496, 495, 494, 494, 494, 493, 493, 493, 494, 494, 494, 495, 496, 497, 499, 500, 502, 504, 506, 509, 511, 513, 515, 518, 522, 526, 530, 534, 537, 541, 545, 550, 555, 560, 564, 570, 576, 582, 589, 595]
[0, 542, 538, 535, 531, 526, 527, 524, 519, 515, 516, 514, 512, 510, 508, 506, 504, 503, 501, 500, 499, 498, 498, 497, 494, 493, 493, 493, 493, 494, 494, 494, 495, 496, 497, 499, 500, 502, 504, 506, 508, 511, 513, 515, 518, 522, 526, 530, 533, 537, 541, 545, 549, 555, 560, 564, 570, 576, 583, 589, 595]
[0, 544, 540, 536, 533, 529, 526, 523, 520, 518, 515, 513, 511, 509, 507, 505, 503, 502, 501, 500, 499, 498, 498, 497, 496, 496, 496, 496, 496, 496, 497, 497, 498, 499, 500, 501, 502, 504, 506, 508, 510, 512, 515, 517, 520, 524, 528, 534, 533, 538, 547, 551, 549, 561, 560, 572, 578, 584, 590, 595, 602]
[0, 550, 540, 546, 538, 535, 532, 528, 520, 524, 515, 522, 520, 517, 513, 505, 512, 510, 509, 507, 499, 506, 504, 504, 496, 495, 495, 495, 496, 497, 497, 496, 497, 499, 501, 502, 503, 505, 507, 509, 511, 513, 516, 519, 522, 525, 529, 533, 536, 541, 545, 549, 554, 559, 564, 569, 574, 581, 587, 593, 600]
[0, 555, 551, 547, 543, 540, 537, 534, 531, 528, 526, 524, 522, 520, 518, 515, 514, 513, 511, 510, 509, 509, 509, 508, 504, 503, 503, 503, 503, 503, 503, 505, 506, 506, 508, 510, 503, 511, 513, 514, 520, 513, 522, 524, 530, 534, 539, 542, 546, 550, 554, 558, 562, 568, 574, 580, 586, 591, 597, 603, 611]
[0, 555, 551, 547, 543, 540, 537, 534, 531, 528, 526, 524, 522, 520, 517, 515, 514, 513, 512, 511, 510, 509, 508, 508, 507, 507, 506, 507, 507, 508, 509, 509, 510, 511, 511, 513, 514, 516, 518, 520, 523, 524, 527, 531, 535, 538, 542, 545, 549, 554, 557, 561, 565, 571, 576, 583, 589, 594, 601, 607, 613]
[0, 560, 556, 552, 548, 545, 542, 539, 536, 533, 530, 528, 526, 524, 522, 520, 519, 517, 515, 514, 510, 513, 512, 507, 507, 506, 506, 507, 507, 507, 509, 509, 510, 510, 512, 513, 514, 517, 519, 521, 523, 525, 528, 531, 534, 538, 543, 547, 550, 555, 559, 562, 567, 573, 580, 585, 591, 597, 603, 610, 616]
[0, 561, 557, 553, 550, 546, 542, 539, 537, 533, 531, 529, 527, 525, 523, 522, 520, 517, 516, 515, 514, 513, 513, 511, 511, 511, 511, 507, 512, 513, 509, 513, 514, 516, 517, 518, 520, 522, 524, 521, 528, 525, 531, 537, 540, 544, 548, 551, 556, 560, 563, 562, 574, 579, 585, 591, 596, 602, 609, 615, 622]
[0, 568, 564, 560, 556, 553, 550, 547, 544, 541, 539, 537, 534, 532, 531, 529, 527, 525, 524, 523, 522, 522, 521, 512, 512, 511, 511, 511, 511, 512, 513, 514, 514, 515, 517, 518, 520, 521, 523, 526, 528, 530, 533, 537, 540, 543, 547, 551, 555, 559, 563, 567, 572, 578, 584, 590, 595, 601, 607, 614, 621]
[0, 568, 564, 560, 557, 553, 550, 547, 544, 541, 539, 537, 534, 532, 531, 529, 526, 525, 524, 523, 522, 521, 521, 521, 520, 519, 519, 520, 520, 521, 521, 522, 523, 524, 525, 527, 528, 530, 532, 534, 537, 539, 542, 545, 549, 552, 556, 560, 564, 568, 572, 577, 582, 587, 592, 600, 606, 611, 617, 624, 631]
[0, 570, 565, 562, 557, 558, 552, 549, 546, 541, 544, 542, 540, 537, 535, 534, 532, 530, 528, 527, 526, 525, 524, 524, 520, 519, 519, 520, 520, 520, 521, 522, 523, 524, 525, 526, 528, 530, 532, 534, 537, 539, 541, 545, 549, 552, 555, 560, 564, 568, 572, 577, 582, 587, 592, 600, 606, 611, 617, 625, 632]
[0, 572, 567, 564, 560, 557, 554, 550, 548, 545, 542, 541, 538, 536, 534, 532, 531, 529, 527, 526, 526, 525, 524, 524, 524, 523, 523, 523, 523, 524, 524, 525, 526, 527, 528, 529, 531, 533, 535, 537, 539, 542, 545, 547, 551, 554, 558, 562, 566, 570, 576, 580, 585, 591, 595, 600, 607, 613, 619, 626, 633]
[0, 587, 583, 578, 574, 570, 566, 563, 561, 558, 555, 553, 551, 549, 546, 545, 543, 542, 541, 540, 538, 538, 537, 523, 523, 523, 523, 523, 524, 524, 524, 525, 526, 527, 527, 528, 532, 534, 536, 538, 540, 542, 546, 549, 552, 556, 561, 564, 567, 571, 576, 582, 587, 592, 597, 603, 609, 615, 622, 629, 636]
[0, 587, 582, 578, 574, 570, 566, 563, 560, 558, 555, 553, 551, 549, 547, 545, 543, 542, 541, 540, 538, 538, 537, 536, 536, 537, 536, 536, 537, 537, 537, 539, 539, 541, 542, 544, 545, 547, 549, 551, 554, 556, 559, 562, 566, 569, 573, 579, 583, 587, 591, 596, 601, 606, 611, 618, 625, 632, 639, 646, 653]
[0, 593, 589, 584, 580, 577, 573, 569, 566, 563, 560, 558, 556, 555, 553, 551, 549, 547, 546, 545, 544, 543, 542, 537, 536, 536, 536, 536, 537, 537, 537, 539, 539, 541, 542, 544, 545, 547, 549, 551, 554, 556, 559, 562, 566, 569, 573, 578, 583, 587, 592, 596, 602, 608, 612, 618, 625, 632, 640, 647, 654]
[0, 593, 589, 584, 580, 577, 573, 568, 565, 563, 560, 558, 556, 554, 552, 550, 548, 547, 546, 545, 544, 542, 542, 542, 541, 542, 542, 542, 542, 542, 543, 543, 545, 546, 547, 548, 550, 551, 554, 557, 559, 562, 564, 567, 571, 576, 578, 580, 584, 591, 597, 601, 607, 612, 618, 625, 632, 639, 645, 652, 659]
[0, 593, 600, 596, 594, 590, 586, 583, 579, 575, 572, 570, 569, 566, 564, 562, 561, 560, 558, 558, 556, 555, 554, 542, 541, 542, 542, 542, 541, 542, 543, 543, 544, 546, 547, 548, 550, 551, 554, 556, 559, 562, 564, 567, 571, 576, 578, 580, 584, 591, 597, 602, 607, 612, 618, 625, 632, 639, 646, 652, 659]
[0, 605, 601, 597, 594, 590, 587, 583, 580, 577, 574, 571, 569, 567, 565, 563, 562, 561, 560, 559, 557, 556, 555, 554, 553, 553, 554, 555, 555, 555, 556, 556, 557, 559, 560, 562, 564, 566, 568, 570, 572, 576, 579, 582, 585, 585, 579, 575, 578, 587, 604, 615, 621, 627, 633, 640, 646, 652, 660, 668, 675]
[0, 611, 607, 603, 598, 595, 592, 589, 586, 583, 580, 577, 575, 573, 571, 568, 566, 565, 564, 563, 562, 561, 560, 555, 555, 555, 555, 555, 556, 557, 557, 558, 559, 560, 560, 562, 564, 566, 568, 571, 574, 577, 579, 582, 585, 584, 576, 575, 576, 587, 0, 617, 623, 630, 636, 643, 649, 656, 663, 671, 678]
[0, 608, 604, 603, 600, 597, 593, 590, 587, 584, 580, 578, 576, 573, 571, 569, 567, 565, 564, 563, 562, 562, 561, 560, 560, 560, 559, 560, 560, 560, 561, 562, 563, 565, 566, 568, 564, 571, 574, 577, 580, 583, 587, 590, 593, 584, 585, 574, 574, 587, 0, 625, 631, 637, 643, 649, 656, 664, 672, 679, 687]
[0, 618, 614, 603, 610, 607, 604, 598, 587, 595, 592, 590, 588, 586, 584, 581, 581, 579, 577, 576, 575, 574, 573, 560, 560, 560, 559, 559, 560, 561, 561, 562, 564, 564, 565, 567, 569, 570, 573, 576, 579, 582, 585, 588, 589, 583, 576, 574, 576, 587, 0, 0, 628, 634, 641, 647, 654, 661, 668, 675, 683]
[0, 626, 620, 616, 613, 610, 607, 604, 600, 597, 594, 592, 590, 588, 586, 584, 582, 581, 579, 579, 578, 576, 575, 572, 571, 571, 571, 571, 572, 573, 574, 575, 576, 577, 579, 580, 582, 584, 586, 589, 591, 594, 597, 600, 597, 0, 572, 570, 572, 587, 0, 0, 643, 648, 654, 661, 667, 675, 683, 692, 700]
[0, 629, 625, 621, 617, 614, 607, 608, 600, 605, 599, 592, 597, 595, 593, 591, 589, 588, 587, 585, 584, 582, 581, 572, 575, 574, 571, 574, 575, 573, 575, 577, 578, 580, 581, 582, 584, 586, 589, 591, 593, 595, 598, 602, 605, 0, 571, 570, 570, 574, 0, 0, 0, 649, 655, 661, 668, 675, 682, 699, 700]
[0, 631, 626, 621, 618, 615, 612, 609, 605, 603, 600, 598, 597, 593, 591, 591, 588, 588, 585, 585, 584, 583, 582, 581, 580, 580, 580, 581, 581, 582, 583, 584, 584, 586, 587, 589, 591, 593, 594, 597, 600, 603, 606, 609, 0, 575, 571, 569, 571, 574, 0, 0, 651, 657, 664, 671, 678, 685, 693, 702, 710]
[0, 646, 640, 636, 632, 627, 623, 620, 617, 615, 613, 609, 607, 605, 603, 601, 600, 598, 596, 595, 595, 594, 592, 581, 581, 580, 580, 580, 579, 581, 583, 584, 584, 586, 587, 589, 591, 592, 594, 596, 599, 601, 605, 608, 610, 575, 571, 0, 569, 574, 0, 0, 0, 656, 662, 669, 676, 683, 691, 699, 707]
[0, 646, 641, 636, 632, 627, 623, 620, 617, 615, 612, 609, 607, 605, 603, 601, 600, 598, 596, 595, 594, 593, 592, 592, 592, 592, 592, 592, 592, 593, 595, 595, 596, 598, 599, 601, 603, 605, 607, 609, 612, 615, 618, 622, 610, 0, 0, 567, 566, 569, 0, 0, 668, 673, 679, 687, 695, 702, 710, 717, 726]
[0, 643, 638, 633, 630, 625, 621, 619, 616, 612, 612, 608, 607, 603, 603, 602, 599, 598, 597, 596, 595, 593, 593, 592, 592, 593, 593, 592, 592, 592, 594, 596, 597, 598, 599, 601, 603, 605, 607, 609, 613, 616, 618, 623, 610, 0, 0, 0, 566, 570, 0, 0, 0, 667, 674, 681, 696, 702, 704, 711, 719]
[0, 660, 655, 651, 648, 644, 641, 637, 634, 631, 628, 624, 623, 620, 618, 616, 614, 598, 613, 596, 612, 611, 610, 609, 592, 592, 592, 592, 592, 593, 593, 594, 595, 597, 598, 599, 601, 604, 606, 608, 611, 614, 618, 621, 610, 0, 0, 566, 568, 570, 0, 0, 665, 671, 678, 685, 693, 701, 708, 716, 724]
[0, 663, 658, 654, 650, 647, 643, 641, 636, 633, 630, 627, 625, 622, 620, 618, 616, 615, 614, 613, 612, 610, 608, 609, 609, 608, 608, 608, 609, 610, 611, 611, 613, 614, 615, 617, 618, 620, 623, 626, 629, 632, 635, 640, 0, 560, 565, 561, 563, 568, 0, 0, 0, 691, 699, 706, 713, 720, 729, 737, 746]
[0, 661, 656, 651, 648, 645, 641, 638, 635, 632, 628, 625, 623, 622, 618, 616, 614, 613, 614, 613, 611, 610, 610, 609, 608, 609, 609, 609, 609, 610, 611, 612, 613, 614, 615, 617, 619, 621, 624, 627, 630, 634, 639, 640, 0, 560, 0, 563, 563, 566, 0, 676, 687, 694, 701, 708, 716, 723, 731, 740, 750]
[0, 672, 656, 667, 663, 660, 656, 653, 649, 646, 643, 640, 638, 636, 634, 632, 629, 627, 627, 625, 625, 624, 622, 609, 609, 608, 608, 609, 609, 610, 611, 611, 613, 614, 615, 617, 618, 620, 623, 626, 629, 633, 636, 640, 0, 561, 565, 561, 563, 566, 0, 0, 684, 692, 699, 706, 713, 720, 729, 737, 746]
[0, 685, 680, 676, 671, 667, 664, 661, 657, 654, 652, 650, 648, 646, 644, 642, 640, 639, 637, 635, 635, 634, 632, 622, 621, 621, 621, 622, 622, 623, 625, 626, 627, 628, 630, 617, 634, 636, 639, 643, 629, 645, 653, 640, 0, 566, 565, 560, 560, 563, 572, 0, 0, 692, 718, 725, 734, 742, 751, 737, 769]
[0, 685, 680, 675, 671, 667, 664, 661, 657, 654, 652, 649, 648, 646, 644, 641, 640, 639, 637, 635, 635, 634, 632, 631, 632, 631, 621, 633, 633, 623, 634, 637, 627, 640, 630, 642, 643, 645, 648, 650, 653, 656, 659, 640, 0, 0, 562, 558, 558, 562, 571, 0, 0, 0, 723, 731, 739, 747, 755, 764, 772]
[0, 688, 682, 677, 673, 669, 666, 662, 660, 656, 653, 650, 648, 647, 644, 642, 640, 639, 638, 636, 635, 633, 632, 631, 631, 631, 632, 633, 633, 623, 634, 637, 627, 638, 640, 641, 643, 645, 648, 650, 653, 656, 660, 640, 0, 0, 561, 558, 559, 564, 573, 0, 708, 717, 723, 731, 739, 747, 755, 764, 774]
[0, 700, 694, 689, 685, 680, 676, 673, 670, 667, 665, 663, 660, 658, 656, 654, 652, 651, 649, 649, 648, 647, 646, 632, 632, 632, 632, 632, 633, 634, 635, 637, 639, 640, 642, 643, 646, 648, 650, 653, 656, 660, 660, 640, 0, 0, 563, 559, 559, 562, 568, 0, 0, 723, 731, 738, 746, 754, 763, 772, 782]
[0, 700, 694, 689, 684, 682, 678, 674, 671, 667, 665, 663, 660, 657, 655, 653, 652, 651, 650, 649, 648, 646, 646, 646, 632, 646, 646, 647, 647, 647, 648, 649, 650, 651, 653, 655, 657, 659, 661, 664, 667, 669, 674, 640, 0, 0, 559, 557, 558, 562, 571, 0, 0, 0, 739, 747, 755, 763, 771, 780, 791]
[0, 700, 694, 689, 684, 682, 681, 678, 675, 672, 669, 667, 665, 662, 660, 658, 657, 655, 654, 653, 652, 651, 650, 645, 645, 646, 646, 647, 647, 647, 648, 649, 650, 652, 653, 654, 656, 658, 662, 664, 670, 669, 673, 640, 0, 0, 560, 557, 557, 561, 568, 0, 0, 0, 738, 746, 754, 760, 769, 779, 788]
[0, 706, 702, 697, 692, 687, 683, 679, 676, 674, 671, 669, 667, 664, 662, 660, 658, 657, 655, 654, 654, 653, 652, 650, 650, 650, 650, 651, 651, 652, 653, 654, 656, 658, 659, 661, 663, 665, 668, 670, 673, 677, 673, 640, 0, 0, 561, 556, 555, 557, 563, 0, 735, 743, 750, 758, 766, 774, 782, 793, 804]
[0, 734, 729, 724, 719, 715, 711, 708, 704, 701, 699, 696, 693, 691, 689, 688, 685, 683, 681, 680, 679, 679, 678, 650, 651, 652, 652, 652, 651, 653, 654, 654, 655, 657, 659, 661, 663, 664, 667, 670, 673, 676, 0, 640, 0, 0, 558, 556, 557, 561, 568, 0, 735, 0, 747, 762, 766, 770, 779, 788, 809]
[0, 731, 725, 724, 716, 715, 712, 708, 705, 702, 698, 696, 693, 691, 689, 687, 685, 684, 682, 680, 679, 678, 678, 678, 678, 677, 677, 678, 679, 679, 680, 681, 683, 686, 687, 690, 692, 694, 697, 700, 704, 676, 0, 640, 0, 0, 559, 554, 554, 556, 560, 572, 0, 775, 783, 791, 800, 809, 817, 826, 835]
[0, 731, 726, 720, 716, 713, 709, 706, 703, 699, 697, 695, 692, 691, 687, 687, 686, 684, 682, 681, 679, 678, 678, 678, 678, 678, 678, 678, 679, 680, 680, 681, 682, 685, 687, 689, 691, 694, 697, 700, 703, 706, 0, 640, 0, 0, 560, 555, 553, 554, 559, 569, 0, 775, 782, 790, 799, 807, 816, 826, 834]
[0, 740, 734, 729, 725, 720, 716, 713, 710, 707, 704, 702, 700, 698, 696, 693, 692, 691, 690, 689, 686, 686, 685, 678, 677, 677, 678, 678, 678, 678, 679, 681, 682, 684, 686, 688, 690, 692, 696, 699, 702, 706, 0, 640, 0, 0, 555, 553, 554, 558, 566, 569, 0, 772, 780, 788, 796, 805, 814, 823, 832]
[0, 738, 734, 729, 723, 718, 715, 712, 709, 706, 704, 701, 699, 697, 696, 694, 691, 689, 690, 688, 687, 687, 686, 685, 684, 685, 686, 687, 687, 688, 689, 681, 692, 694, 697, 688, 699, 701, 704, 708, 712, 706, 0, 640, 0, 0, 555, 553, 553, 556, 563, 0, 778, 772, 796, 804, 796, 821, 830, 823, 851]
[0, 738, 733, 729, 724, 719, 715, 712, 709, 707, 704, 704, 699, 697, 697, 695, 693, 690, 689, 688, 687, 686, 686, 685, 685, 684, 685, 685, 685, 686, 687, 689, 691, 692, 694, 696, 698, 701, 703, 706, 709, 712, 0, 640, 0, 0, 554, 553, 554, 558, 566, 0, 0, 780, 789, 797, 806, 814, 822, 832, 842]
[0, 762, 756, 752, 747, 741, 715, 736, 731, 707, 728, 725, 722, 720, 717, 715, 714, 712, 711, 711, 709, 709, 708, 685, 684, 684, 685, 685, 686, 686, 687, 689, 690, 692, 694, 695, 697, 701, 703, 706, 709, 712, 0, 0, 0, 0, 554, 553, 554, 557, 565, 0, 0, 780, 789, 797, 805, 814, 822, 831, 842]
[0, 769, 764, 759, 755, 751, 746, 742, 738, 736, 728, 734, 728, 725, 717, 723, 720, 719, 718, 717, 716, 715, 715, 708, 708, 708, 708, 708, 710, 710, 711, 712, 712, 713, 716, 719, 721, 723, 726, 729, 734, 737, 0, 0, 0, 559, 554, 553, 552, 552, 563, 0, 0, 809, 817, 824, 833, 842, 862, 831, 880]
[0, 781, 774, 769, 764, 760, 756, 752, 748, 745, 742, 739, 737, 735, 732, 730, 729, 728, 726, 724, 723, 722, 722, 715, 715, 715, 715, 715, 715, 715, 717, 719, 720, 721, 723, 725, 728, 731, 734, 737, 742, 746, 0, 0, 0, 0, 556, 552, 551, 552, 555, 563, 0, 819, 827, 834, 844, 854, 864, 872, 881]
[0, 781, 775, 770, 766, 761, 756, 752, 749, 746, 742, 740, 737, 735, 733, 730, 728, 727, 725, 724, 722, 722, 722, 723, 722, 721, 721, 722, 724, 725, 726, 729, 731, 731, 733, 734, 737, 741, 745, 749, 754, 746, 0, 0, 0, 560, 553, 551, 551, 554, 560, 563, 824, 819, 842, 834, 851, 861, 870, 878, 887]
[0, 786, 780, 774, 769, 765, 762, 758, 749, 754, 749, 740, 747, 744, 741, 739, 736, 736, 734, 733, 732, 731, 730, 723, 722, 722, 722, 721, 723, 724, 726, 728, 729, 731, 732, 734, 737, 741, 744, 749, 753, 746, 0, 0, 0, 562, 554, 550, 550, 552, 558, 0, 0, 831, 839, 848, 859, 868, 876, 885, 896]
[0, 786, 781, 774, 770, 766, 762, 758, 755, 752, 749, 746, 743, 744, 740, 738, 736, 735, 734, 732, 731, 731, 730, 730, 731, 730, 730, 731, 731, 733, 734, 735, 737, 738, 740, 743, 746, 749, 753, 757, 761, 746, 0, 0, 0, 0, 550, 550, 549, 551, 557, 566, 0, 839, 848, 858, 867, 875, 883, 893, 904]
[0, 786, 781, 780, 774, 770, 766, 763, 760, 758, 755, 752, 749, 745, 742, 740, 738, 737, 736, 735, 735, 735, 735, 730, 730, 730, 730, 730, 731, 732, 733, 735, 737, 738, 740, 743, 745, 748, 751, 756, 760, 764, 0, 0, 0, 0, 553, 551, 550, 551, 555, 564, 0, 837, 845, 856, 865, 873, 881, 891, 901]
[0, 808, 802, 797, 792, 786, 782, 778, 775, 771, 768, 766, 764, 761, 758, 757, 756, 754, 752, 752, 751, 751, 735, 735, 735, 735, 735, 735, 736, 737, 739, 741, 742, 745, 747, 749, 752, 755, 759, 764, 768, 764, 0, 0, 0, 0, 548, 550, 550, 552, 558, 570, 0, 850, 860, 868, 877, 886, 895, 905, 917]
[0, 834, 830, 825, 820, 814, 811, 808, 803, 799, 796, 793, 790, 788, 784, 782, 781, 780, 779, 778, 777, 775, 775, 750, 750, 750, 752, 753, 752, 753, 755, 757, 742, 759, 760, 764, 767, 755, 770, 773, 778, 783, 0, 0, 543, 556, 555, 550, 549, 553, 560, 570, 0, 850, 0, 883, 892, 901, 0, 910, 934]
[0, 844, 837, 832, 827, 822, 818, 814, 811, 808, 805, 801, 798, 795, 793, 791, 789, 787, 787, 786, 785, 785, 784, 775, 774, 775, 775, 775, 776, 777, 779, 781, 784, 787, 788, 790, 793, 797, 800, 805, 809, 814, 0, 0, 540, 543, 546, 549, 549, 551, 556, 567, 0, 892, 900, 910, 921, 931, 941, 950, 962]
[0, 844, 837, 832, 827, 823, 818, 814, 811, 808, 805, 801, 799, 796, 793, 791, 789, 788, 787, 786, 785, 785, 784, 782, 782, 782, 784, 786, 787, 787, 788, 790, 792, 795, 797, 799, 803, 807, 811, 814, 818, 822, 0, 0, 542, 548, 552, 549, 549, 550, 555, 566, 0, 901, 911, 921, 931, 941, 949, 960, 973]
[0, 847, 840, 834, 830, 826, 822, 819, 815, 811, 809, 806, 803, 800, 799, 798, 795, 793, 792, 791, 791, 791, 784, 783, 783, 783, 784, 786, 787, 787, 788, 791, 793, 795, 798, 800, 803, 807, 811, 814, 818, 823, 0, 0, 542, 550, 553, 549, 548, 550, 555, 566, 0, 902, 912, 921, 932, 941, 950, 960, 974]
[0, 849, 843, 836, 830, 829, 825, 819, 818, 811, 815, 813, 809, 807, 805, 802, 800, 800, 798, 797, 796, 796, 795, 790, 790, 790, 791, 792, 794, 796, 798, 799, 802, 806, 808, 810, 803, 817, 822, 814, 830, 823, 834, 0, 546, 550, 550, 549, 548, 551, 558, 566, 0, 918, 912, 937, 932, 946, 956, 968, 981]
[0, 869, 864, 859, 854, 829, 849, 845, 840, 836, 833, 831, 829, 827, 825, 823, 821, 819, 817, 817, 815, 816, 816, 794, 794, 795, 794, 796, 797, 798, 799, 802, 804, 806, 809, 812, 814, 817, 821, 825, 829, 833, 834, 0, 0, 556, 555, 549, 548, 549, 554, 564, 0, 914, 924, 933, 943, 952, 962, 974, 987]
[0, 872, 866, 861, 856, 851, 846, 841, 837, 835, 833, 831, 828, 825, 823, 821, 820, 818, 817, 817, 816, 816, 816, 815, 815, 815, 815, 816, 817, 819, 821, 823, 825, 827, 829, 832, 834, 837, 840, 845, 851, 856, 862, 0, 0, 561, 552, 548, 546, 548, 552, 560, 0, 0, 947, 955, 964, 975, 988, 1000, 1012]
[0, 880, 875, 871, 867, 863, 859, 854, 850, 847, 843, 839, 837, 835, 834, 821, 832, 829, 828, 827, 827, 816, 826, 815, 815, 815, 815, 816, 818, 820, 822, 824, 826, 828, 831, 834, 836, 840, 844, 849, 854, 860, 867, 0, 0, 555, 550, 547, 546, 547, 550, 560, 0, 942, 949, 958, 970, 982, 993, 1005, 1016]
[0, 892, 886, 881, 867, 876, 873, 869, 865, 862, 860, 856, 853, 851, 849, 848, 845, 843, 843, 841, 839, 838, 838, 827, 815, 827, 826, 816, 827, 830, 832, 824, 834, 837, 838, 840, 845, 850, 855, 859, 863, 868, 872, 0, 566, 555, 550, 547, 546, 546, 550, 557, 0, 956, 965, 958, 990, 1001, 1011, 1021, 1034]
[0, 912, 907, 901, 894, 890, 886, 882, 880, 878, 874, 872, 871, 868, 865, 864, 863, 863, 862, 841, 862, 860, 860, 838, 838, 838, 838, 840, 842, 843, 844, 847, 849, 853, 856, 859, 863, 867, 871, 875, 879, 882, 888, 0, 0, 560, 552, 547, 545, 548, 552, 560, 0, 0, 978, 988, 997, 1008, 1020, 1032, 1044]
[0, 911, 905, 900, 894, 890, 886, 882, 880, 878, 878, 874, 872, 870, 868, 867, 865, 863, 863, 862, 860, 860, 860, 861, 862, 838, 862, 862, 863, 865, 866, 867, 869, 872, 875, 877, 880, 883, 888, 892, 897, 903, 909, 0, 0, 563, 553, 547, 545, 0, 552, 0, 0, 0, 999, 1009, 1020, 1032, 1044, 1054, 1067]
[0, 912, 908, 901, 894, 890, 886, 882, 880, 878, 875, 872, 871, 868, 866, 864, 864, 863, 862, 862, 860, 860, 860, 861, 861, 862, 862, 862, 864, 865, 867, 868, 869, 872, 875, 878, 881, 884, 888, 892, 898, 904, 909, 0, 0, 561, 552, 547, 545, 0, 0, 0, 0, 0, 1001, 1009, 1020, 1032, 1046, 1056, 1068]
[0, 960, 955, 950, 945, 941, 937, 933, 929, 925, 922, 920, 917, 914, 912, 911, 909, 908, 907, 906, 906, 906, 860, 862, 861, 862, 862, 862, 863, 865, 866, 867, 869, 872, 875, 877, 880, 883, 888, 893, 897, 903, 909, 0, 0, 563, 552, 547, 545, 0, 0, 0, 0, 0, 999, 1009, 1020, 1044, 0, 1070, 1083]
[0, 957, 955, 951, 947, 942, 938, 935, 931, 928, 924, 921, 917, 915, 913, 912, 910, 909, 908, 906, 907, 907, 907, 907, 907, 908, 910, 911, 913, 914, 914, 916, 918, 922, 926, 930, 934, 938, 942, 946, 952, 956, 962, 0, 0, 563, 0, 624, 625, 623, 618, 607, 0, 1051, 1063, 1073, 1085, 1099, 1114, 1128, 1144]
[0, 959, 953, 947, 943, 939, 935, 932, 928, 923, 920, 919, 917, 915, 913, 911, 911, 909, 907, 906, 907, 907, 906, 907, 907, 908, 909, 909, 911, 913, 913, 914, 917, 921, 925, 929, 932, 936, 941, 944, 949, 955, 960, 0, 0, 563, 0, 622, 625, 624, 621, 611, 0, 0, 1060, 1071, 1081, 1093, 1109, 1123, 1139]
[0, 972, 965, 959, 954, 949, 946, 944, 941, 936, 933, 931, 929, 926, 923, 923, 921, 909, 920, 919, 907, 919, 918, 905, 906, 908, 908, 909, 911, 913, 914, 915, 916, 921, 926, 928, 931, 936, 939, 943, 949, 954, 960, 0, 0, 563, 0, 622, 625, 624, 621, 612, 0, 0, 1059, 1070, 1081, 1093, 1108, 1123, 1139]
[0, 978, 969, 962, 956, 951, 948, 944, 941, 938, 935, 932, 930, 928, 925, 923, 923, 921, 920, 919, 919, 920, 918, 920, 920, 908, 920, 924, 926, 913, 927, 931, 916, 934, 937, 940, 943, 947, 952, 956, 966, 954, 973, 0, 0, 0, 621, 625, 625, 625, 622, 615, 0, 0, 1083, 1095, 1108, 1122, 1138, 1153, 1166]
[0, 992, 986, 978, 971, 966, 962, 957, 954, 951, 949, 946, 944, 942, 940, 938, 938, 937, 937, 937, 937, 937, 922, 921, 922, 922, 922, 923, 926, 927, 929, 930, 933, 936, 939, 943, 947, 950, 954, 960, 965, 969, 977, 0, 0, 0, 618, 624, 625, 624, 618, 615, 0, 1069, 1078, 1089, 1102, 1116, 1132, 1147, 1161]
[0, 1004, 1000, 994, 988, 981, 975, 970, 967, 965, 961, 956, 954, 953, 950, 948, 947, 946, 947, 948, 947, 946, 922, 939, 938, 939, 922, 939, 941, 943, 945, 948, 951, 953, 955, 959, 947, 970, 954, 980, 987, 993, 977, 0, 0, 0, 621, 625, 625, 623, 621, 0, 1084, 1094, 1107, 1121, 1136, 1150, 1164, 1179, 1194]
[0, 1021, 1016, 1011, 1005, 1000, 994, 991, 989, 986, 983, 981, 977, 973, 972, 970, 968, 968, 968, 969, 970, 970, 947, 947, 947, 949, 949, 950, 951, 952, 955, 957, 959, 961, 965, 971, 975, 980, 985, 989, 994, 1000, 1006, 0, 0, 608, 618, 623, 627, 625, 622, 0, 1088, 1098, 1110, 1124, 1137, 1152, 1165, 1178, 1192]
[0, 1063, 1055, 1048, 1043, 1039, 1034, 1029, 1024, 1020, 1018, 1015, 1013, 1011, 1008, 1006, 1005, 1003, 1003, 1004, 1003, 1003, 970, 972, 974, 976, 976, 978, 980, 983, 986, 988, 991, 995, 999, 1002, 1007, 1012, 1017, 1022, 1028, 1036, 1043, 0, 0, 0, 620, 625, 631, 0, 1109, 1121, 1132, 1144, 1159, 1172, 1183, 1195, 1208, 1223, 1239]
[0, 1091, 1085, 1078, 1072, 1067, 1062, 1057, 1051, 1047, 1044, 1042, 1040, 1038, 1035, 1034, 1034, 1033, 1033, 1032, 1033, 1034, 1003, 1004, 1004, 1005, 1006, 1007, 1008, 1010, 1013, 1015, 1018, 1021, 1024, 1029, 1034, 1038, 1043, 1049, 1057, 1063, 1069, 1076, 1082, 1089, 1097, 1106, 1114, 1124, 1135, 1146, 1158, 1170, 1182, 1193, 1207, 1221, 1234, 1250, 1267]
[0, 1089, 1083, 1076, 1070, 1064, 1061, 1056, 1051, 1048, 1045, 1042, 1039, 1036, 1035, 1035, 1034, 1032, 1032, 1032, 1033, 1030, 1031, 1034, 1035, 1036, 1036, 1038, 1040, 1041, 1044, 1047, 1052, 1056, 1058, 1062, 1067, 1072, 1077, 1082, 1087, 1092, 1100, 1109, 1118, 1125, 1134, 1144, 1154, 1164, 1174, 1185, 1195, 1206, 1220, 1235, 1249, 1264, 1281, 1299, 1267]
[0, 1104, 1096, 1089, 1084, 1078, 1075, 1071, 1065, 1062, 1060, 1057, 1054, 1052, 1050, 1047, 1046, 1046, 1046, 1046, 1045, 1046, 1031, 1033, 1033, 1037, 1037, 1038, 1039, 1041, 1043, 1047, 1052, 1057, 1060, 1062, 1064, 1073, 1079, 1085, 1091, 1097, 1105, 1112, 1120, 1129, 1139, 1149, 1158, 1168, 1179, 1191, 1202, 1214, 1227, 1241, 1256, 1270, 1285, 1302, 1267]
[0, 1104, 1096, 1089, 1084, 1079, 1075, 1071, 1065, 1062, 1059, 1057, 1054, 1053, 1051, 1047, 1046, 1046, 1046, 1045, 1045, 1046, 1047, 1047, 1049, 1051, 1052, 1053, 1055, 1057, 1060, 1064, 1068, 1072, 1075, 1078, 1084, 1088, 1093, 1099, 1105, 1112, 1121, 1129, 1137, 1147, 1155, 1163, 1172, 1182, 1193, 1203, 1217, 1230, 1242, 1257, 1271, 1288, 1305, 1302, 1331]
[0, 1148, 1139, 1129, 1124, 1119, 1114, 1109, 1104, 1100, 1096, 1093, 1091, 1088, 1087, 1086, 1085, 1085, 1085, 1085, 1085, 1085, 1047, 1047, 1048, 1051, 1051, 1052, 1055, 1057, 1060, 1064, 1068, 1072, 1074, 1078, 1084, 1088, 1092, 1098, 1105, 1113, 1121, 1129, 1137, 1146, 1154, 1163, 1171, 1181, 1193, 1204, 1217, 1231, 1243, 1257, 1271, 1286, 1303, 1302, 1329]
[0, 1149, 1142, 1134, 1126, 1120, 1115, 1110, 1105, 1100, 1097, 1095, 1091, 1089, 1087, 1089, 1088, 1085, 1084, 1083, 1084, 1085, 1085, 1086, 1087, 1087, 1088, 1091, 1094, 1098, 1100, 1101, 1106, 1109, 1115, 1120, 1125, 1130, 1135, 1142, 1149, 1156, 1163, 1171, 1178, 1184, 1193, 1205, 1215, 1228, 1242, 1254, 1268, 1282, 1296, 1315, 1331, 1343, 1359, 1376, 1398]
[0, 1184, 1177, 1169, 1162, 1157, 1152, 1146, 1142, 1139, 1135, 1132, 1129, 1127, 1126, 1126, 1125, 1124, 1125, 1123, 1123, 1126, 1086, 1087, 1087, 1088, 1090, 1091, 1092, 1096, 1101, 1104, 1108, 1111, 1114, 1120, 1126, 1132, 1136, 1141, 1149, 1156, 1162, 1170, 1176, 1184, 1193, 1200, 1212, 1225, 1238, 1251, 1263, 1276, 1289, 1306, 1331, 1331, 1354, 1371, 1390]
[0, 1184, 1176, 1170, 1164, 1157, 1156, 1151, 1147, 1142, 1135, 1137, 1134, 1133, 1132, 1131, 1131, 1130, 1129, 1129, 1131, 1131, 1128, 1129, 1129, 1131, 1134, 1136, 1139, 1142, 1146, 1149, 1151, 1155, 1159, 1163, 1167, 1173, 1179, 1186, 1199, 1206, 1214, 1223, 1228, 1238, 1250, 1262, 1275, 1284, 1294, 1307, 1321, 1338, 1353, 1368, 1385, 1403, 1424, 1371, 1450]
[0, 1184, 1178, 1171, 1166, 1164, 1158, 1153, 1149, 1145, 1140, 1136, 1135, 1133, 1131, 1131, 1131, 1131, 1131, 1131, 1131, 1133, 1131, 1132, 1133, 1135, 1137, 1139, 1142, 1143, 1146, 1150, 1151, 1155, 1159, 1163, 1168, 1173, 1177, 1184, 1195, 1206, 1212, 1216, 1224, 1234, 1244, 1257, 1270, 1279, 1291, 1304, 1317, 1330, 1345, 1361, 1376, 1393, 1414, 1371, 0]
[0, 1187, 1180, 1174, 1168, 1163, 1159, 1154, 1151, 1148, 1142, 1138, 1136, 1134, 1132, 1133, 1133, 1132, 1131, 1132, 1133, 1134, 1135, 1136, 1137, 1139, 1142, 1139, 1143, 1148, 1151, 1154, 1157, 1160, 1165, 1163, 1175, 1179, 1185, 1197, 1213, 1217, 1223, 1231, 1235, 1247, 1261, 1270, 1279, 1289, 1300, 1315, 1333, 1347, 1360, 1377, 1395, 1412, 1414, 1371, 0]
[0, 1193, 1187, 1181, 1173, 1168, 1164, 1159, 1157, 1154, 1150, 1145, 1143, 1143, 1139, 1139, 1141, 1141, 1140, 1139, 1139, 1142, 1135, 1136, 1137, 1139, 1142, 1139, 1145, 1148, 1152, 1154, 1157, 1161, 1165, 1171, 1175, 1179, 1185, 1197, 1213, 1217, 1218, 1226, 1235, 1247, 1261, 1271, 1279, 1289, 1302, 1316, 1334, 1347, 1361, 1378, 1395, 1413, 1414, 1443, 1471]
[0, 1234, 1227, 1219, 1212, 1205, 1199, 1195, 1190, 1186, 1182, 1179, 1177, 1176, 1174, 1172, 1172, 1173, 1172, 1171, 1172, 1174, 1142, 1145, 1147, 1148, 1151, 1153, 1156, 1160, 1162, 1165, 1168, 1171, 1175, 1180, 1186, 1196, 1207, 1215, 1225, 1237, 1244, 1253, 1264, 1271, 1279, 1288, 1301, 1289, 1324, 1345, 1357, 1369, 1383, 1401, 1419, 1413, 0, 1484, 1500]
[0, 1231, 1226, 1218, 1208, 1201, 1196, 1192, 1188, 1184, 1181, 1178, 1176, 1175, 1173, 1172, 1172, 1173, 1172, 1170, 1172, 1174, 1174, 1175, 1174, 1175, 1177, 1181, 1183, 1185, 1189, 1193, 1198, 1199, 1206, 1215, 1220, 1229, 1241, 1248, 1253, 1255, 1264, 1277, 1282, 1290, 1300, 1310, 1324, 1339, 1350, 1359, 1371, 1385, 1399, 1416, 1419, 1447, 1475, 1488, 1497]
[0, 1253, 1244, 1238, 1233, 1227, 1219, 1214, 1211, 1208, 1204, 1201, 1198, 1195, 1194, 1194, 1193, 1192, 1194, 1197, 1200, 1174, 1198, 1174, 1175, 1177, 1179, 1183, 1187, 1189, 1193, 1196, 1198, 1203, 1214, 1222, 1229, 1235, 1241, 1248, 1253, 1260, 1269, 1279, 1285, 1293, 1303, 1316, 1332, 1346, 1355, 1364, 1377, 1391, 1409, 1427, 1447, 1467, 1488, 1505, 1509]
[0, 1273, 1263, 1257, 1252, 1247, 1241, 1235, 1232, 1226, 1221, 1219, 1215, 1213, 1211, 1210, 1213, 1215, 1214, 1219, 1225, 1221, 1198, 1199, 1207, 1216, 1179, 1215, 1219, 1219, 1221, 1227, 1228, 1232, 1237, 1242, 1253, 1264, 1271, 1276, 1279, 1285, 1294, 1303, 1314, 1326, 1337, 1348, 1360, 1371, 1382, 1395, 1405, 1415, 1429, 1441, 1453, 1468, 1482, 1495, 1512]
[0, 1317, 1310, 1302, 1295, 1289, 1283, 1278, 1275, 1272, 1268, 1263, 1261, 1262, 1262, 1262, 1260, 1256, 1255, 1258, 1265, 1264, 1218, 1225, 1223, 1228, 1237, 1233, 1230, 1232, 1235, 1236, 1238, 1242, 1249, 1254, 1263, 1271, 1273, 1278, 1286, 1295, 1303, 1310, 1319, 1331, 1343, 1353, 1363, 1373, 1380, 1388, 1395, 1406, 1418, 1430, 1445, 1461, 1476, 1489, 1504]
[0, 1342, 1310, 1302, 1324, 1308, 1304, 1299, 1293, 1290, 1288, 1285, 1282, 1280, 1281, 1282, 1281, 1281, 1280, 1278, 1279, 1279, 1260, 1261, 1262, 1263, 1265, 1267, 1272, 1275, 1277, 1281, 1285, 1290, 1292, 1297, 1302, 1302, 1304, 1308, 1312, 1317, 1323, 1329, 1337, 1344, 1350, 1356, 1364, 1373, 1382, 1391, 1402, 1412, 1421, 1432, 1448, 1464, 1479, 1493, 1503]
[0, 1371, 1366, 1359, 1351, 1343, 1337, 1299, 1329, 1322, 1320, 1317, 1313, 1313, 1313, 1308, 1305, 1306, 1307, 1305, 1300, 1298, 1281, 1284, 1286, 1288, 1288, 1287, 1288, 1287, 1289, 1288, 1288, 1293, 1294, 1296, 1300, 1304, 1307, 1310, 1314, 1318, 1322, 1328, 1337, 1344, 1349, 1356, 1364, 1372, 1380, 1391, 1401, 1411, 1424, 1436, 1448, 1464, 1477, 1489, 1502]
[0, 1388, 1379, 1373, 1367, 1361, 1355, 1352, 1347, 1343, 1339, 1333, 1313, 1313, 1313, 1325, 1319, 1317, 1314, 1312, 1308, 1302, 1300, 1297, 1290, 1289, 1289, 1288, 1289, 1289, 1290, 1291, 1292, 1292, 1294, 1297, 1300, 1303, 1306, 1308, 1311, 1315, 1321, 1328, 1337, 1344, 1349, 1357, 1365, 1371, 1382, 1392, 1402, 1412, 1422, 1437, 1452, 1463, 1475, 1492, 1505]
[0, 1389, 1380, 1373, 1367, 1363, 1358, 1352, 1347, 1344, 1340, 1335, 1313, 1330, 1325, 1321, 1321, 1320, 1319, 1314, 1305, 1300, 1299, 1298, 1296, 1291, 1288, 1288, 1289, 1288, 1288, 1290, 1289, 1290, 1292, 1296, 1299, 1301, 1303, 1306, 1311, 1316, 1319, 1323, 1331, 1338, 1345, 1354, 1362, 1368, 1375, 1386, 1396, 1405, 1416, 1428, 1443, 1459, 1470, 1484, 1499]
[0, 1389, 1447, 1424, 1414, 1406, 1399, 1395, 1386, 1372, 1362, 1355, 1347, 1341, 1335, 1328, 1320, 1313, 1308, 1307, 1302, 1298, 1296, 1294, 1292, 1290, 1288, 1287, 1288, 1287, 1289, 1292, 1292, 1292, 1293, 1296, 1300, 1304, 1306, 1309, 1314, 1318, 1321, 1325, 1334, 1343, 1349, 1356, 1364, 1372, 1381, 1390, 1400, 1411, 1420, 1433, 1448, 1461, 1475, 1489, 1503]
[0, 1389, 1445, 1421, 1415, 1407, 1398, 1393, 1383, 1370, 1363, 1354, 1347, 1346, 1331, 1325, 1320, 1321, 1317, 1312, 1306, 1301, 1298, 1296, 1291, 1289, 1289, 1285, 1285, 1289, 1289, 1290, 1291, 1292, 1293, 1295, 1297, 1302, 1305, 1308, 1312, 1316, 1321, 1328, 1335, 1341, 1349, 1356, 1363, 1372, 1382, 1391, 1400, 1410, 1421, 1436, 1450, 1462, 1478, 1492, 1503]
[0, 1472, 1461, 1441, 1423, 1412, 1402, 1391, 1382, 1374, 1364, 1355, 1348, 1341, 1336, 1328, 1320, 1316, 1311, 1307, 1302, 1298, 1298, 1295, 1292, 1293, 1289, 1286, 1286, 1286, 1287, 1287, 1287, 1286, 1288, 1291, 1295, 1299, 1303, 1305, 1309, 1314, 1318, 1321, 1328, 1337, 1344, 1352, 1362, 1368, 1374, 1384, 1395, 1406, 1416, 1428, 1441, 1452, 1467, 1483, 1498]
[0, 1475, 1459, 1445, 1431, 1418, 1408, 1397, 1388, 1378, 1367, 1359, 1352, 1345, 1337, 1329, 1322, 1317, 1314, 1309, 1305, 1301, 1296, 1293, 1290, 1289, 1289, 1285, 1285, 1286, 1286, 1289, 1290, 1292, 1294, 1295, 1297, 1302, 1304, 1307, 1312, 1316, 1321, 1321, 1329, 1341, 1344, 1355, 1364, 1368, 1381, 1384, 1391, 1400, 1410, 1422, 1434, 1448, 1480, 1483, 1492]
[0, 1465, 1448, 1435, 1422, 1411, 1401, 1391, 1380, 1371, 1364, 1355, 1347, 1341, 1335, 1328, 1319, 1315, 1310, 1306, 1305, 1301, 1298, 1297, 1295, 1291, 1287, 1286, 1288, 1287, 1285, 1285, 1286, 1289, 1292, 1293, 1293, 1298, 1302, 1305, 1309, 1312, 1318, 1323, 1330, 1338, 1343, 1351, 1362, 1370, 1378, 1390, 1397, 1405, 1416, 1430, 1443, 1453, 1469, 1485, 1499]
[0, 1464, 1448, 1434, 1422, 1410, 1399, 1390, 1379, 1369, 1362, 1355, 1347, 1340, 1334, 1327, 1319, 1315, 1310, 1306, 1302, 1301, 1296, 1293, 1290, 1289, 1288, 1285, 1285, 1285, 1283, 1285, 1287, 1288, 1293, 1294, 1297, 1298, 1301, 1307, 1311, 1316, 1320, 1325, 1330, 1340, 1343, 1347, 1355, 1372, 1378, 1387, 1399, 1405, 1421, 1433, 1448, 1459, 1475, 1492, 1504]
[0, 1465, 1451, 1438, 1425, 1412, 1401, 1393, 1382, 1371, 1364, 1356, 1347, 1340, 1334, 1326, 1318, 1314, 1310, 1306, 1303, 1299, 1296, 1292, 1289, 1289, 1288, 1285, 1286, 1286, 1287, 1285, 1287, 1288, 1292, 1294, 1294, 1297, 1298, 1302, 1308, 1312, 1315, 1320, 1332, 1340, 1345, 1347, 1353, 1371, 1378, 1387, 1387, 1410, 1421, 1433, 1447, 1459, 1475, 1492, 1504]
[0, 1468, 1453, 1441, 1429, 1415, 1403, 1394, 1382, 1373, 1366, 1359, 1351, 1342, 1337, 1327, 1319, 1317, 1313, 1308, 1302, 1299, 1295, 1293, 1291, 1290, 1287, 1287, 1285, 1284, 1284, 1284, 1286, 1288, 1292, 1295, 1299, 1300, 1300, 1302, 1307, 1311, 1314, 1322, 1330, 1336, 1342, 1348, 1356, 1368, 1379, 1386, 1393, 1407, 1421, 1433, 1444, 1457, 1473, 1487, 1502]
[0, 1467, 1453, 1441, 1429, 1415, 1403, 1393, 1382, 1373, 1366, 1358, 1350, 1342, 1337, 1327, 1319, 1316, 1313, 1308, 1302, 1299, 1298, 1295, 1292, 1289, 1286, 1285, 1286, 1287, 1283, 1282, 1286, 1289, 1290, 1292, 1293, 1297, 1301, 1305, 1309, 1311, 1315, 1320, 1328, 1336, 1342, 1347, 1353, 1364, 1374, 1383, 1394, 1404, 1415, 1426, 1439, 1453, 1469, 1485, 1498]
[0, 1463, 1448, 1433, 1422, 1410, 1399, 1390, 1379, 1369, 1362, 1355, 1346, 1339, 1331, 1324, 1319, 1312, 1308, 1305, 1301, 1298, 1297, 1294, 1290, 1290, 1288, 1285, 1285, 1286, 1285, 1284, 1286, 1288, 1289, 1291, 1293, 1294, 1298, 1304, 1308, 1311, 1315, 1320, 1327, 1335, 1342, 1347, 1353, 1364, 1374, 1382, 1393, 1404, 1414, 1426, 1438, 1452, 1466, 1483, 1498]
[0, 1464, 1448, 1432, 1420, 1411, 1400, 1390, 1379, 1370, 1363, 1354, 1347, 1339, 1331, 1323, 1318, 1314, 1310, 1305, 1301, 1298, 1295, 1292, 1288, 1287, 1288, 1285, 1284, 1285, 1284, 1285, 1286, 1288, 1288, 1294, 1296, 1298, 1301, 1306, 1311, 1315, 1315, 1324, 1327, 1331, 1339, 1346, 1362, 1364, 1378, 1387, 1393, 1409, 1414, 1433, 1446, 1459, 1475, 1491, 1504]
[0, 1457, 1443, 1432, 1429, 1405, 1395, 1390, 1387, 1377, 1368, 1360, 1351, 1345, 1338, 1330, 1322, 1317, 1311, 1306, 1302, 1299, 1295, 1291, 1288, 1288, 1287, 1284, 1284, 1284, 1284, 1285, 1286, 1288, 1291, 1293, 1295, 1297, 1301, 1306, 1310, 1315, 1314, 1318, 1324, 1333, 1341, 1345, 1352, 1361, 1371, 1379, 1386, 1397, 1406, 1417, 1431, 1445, 1458, 1475, 1492]
[0, 1471, 1458, 1441, 1426, 1414, 1404, 1396, 1384, 1373, 1365, 1358, 1351, 1343, 1337, 1329, 1321, 1316, 1311, 1305, 1303, 1300, 1298, 1293, 1291, 1289, 1287, 1287, 1285, 1285, 1285, 1287, 1288, 1288, 1289, 1288, 1291, 1295, 1297, 1300, 1303, 1309, 1315, 1322, 1326, 1333, 1340, 1343, 1350, 1362, 1374, 1380, 1390, 1401, 1412, 1423, 1436, 1451, 1463, 1480, 1497]
[0, 1467, 1452, 1440, 1426, 1413, 1403, 1393, 1382, 1372, 1365, 1354, 1347, 1341, 1332, 1323, 1318, 1316, 1312, 1306, 1301, 1298, 1298, 1294, 1290, 1289, 1287, 1286, 1287, 1285, 1284, 1284, 1286, 1287, 1289, 1291, 1292, 1294, 1298, 1301, 1305, 1310, 1314, 1319, 1326, 1334, 1341, 1347, 1354, 1364, 1373, 1379, 1390, 1400, 1411, 1425, 1438, 1451, 1467, 1484, 1497]
[0, 1464, 1448, 1435, 1423, 1411, 1401, 1392, 1382, 1370, 1363, 1354, 1345, 1340, 1331, 1322, 1319, 1315, 1310, 1306, 1301, 1297, 1293, 1291, 1290, 1285, 1283, 1284, 1284, 1284, 1284, 1285, 1286, 1287, 1289, 1291, 1295, 1302, 1308, 1309, 1314, 1320, 1324, 1330, 1340, 1349, 1355, 1363, 1371, 1377, 1388, 1400, 1412, 1423, 1431, 1443, 1454, 1468, 1483, 1498, 1505]
[0, 1460, 1444, 1431, 1420, 1410, 1399, 1386, 1376, 1369, 1362, 1355, 1347, 1339, 1331, 1322, 1317, 1313, 1307, 1303, 1301, 1297, 1293, 1291, 1289, 1284, 1284, 1284, 1283, 1283, 1282, 1283, 1286, 1288, 1289, 1292, 1296, 1302, 1308, 1311, 1316, 1320, 1324, 1330, 1339, 1348, 1354, 1363, 1371, 1378, 1388, 1400, 1412, 1422, 1431, 1443, 1454, 1468, 1483, 1498, 1505]
[0, 1466, 1451, 1437, 1424, 1414, 1402, 1392, 1381, 1372, 1364, 1354, 1346, 1339, 1330, 1325, 1320, 1316, 1310, 1305, 1303, 1300, 1292, 1288, 1286, 1284, 1283, 1283, 1283, 1284, 1283, 1283, 1286, 1288, 1290, 1292, 1296, 1303, 1308, 1311, 1316, 1320, 1324, 1330, 1339, 1348, 1354, 1362, 1371, 1379, 1388, 1400, 1412, 1421, 1431, 1443, 1454, 1469, 1483, 1498, 1506]
[0, 1456, 1442, 1428, 1416, 1405, 1393, 1392, 1384, 1369, 1357, 1347, 1342, 1333, 1325, 1320, 1314, 1310, 1310, 1299, 1298, 1300, 1294, 1289, 1290, 1289, 1287, 1287, 1286, 1286, 1289, 1294, 1297, 1299, 1300, 1301, 1304, 1308, 1312, 1313, 1315, 1321, 1325, 1329, 1336, 1346, 1354, 1361, 1366, 1375, 1387, 1396, 1406, 1416, 1427, 1451, 1461, 1473, 1490, 1489, 1495]
[0, 1467, 1451, 1438, 1425, 1413, 1400, 1390, 1382, 1373, 1364, 1354, 1347, 1340, 1331, 1325, 1318, 1313, 1310, 1306, 1301, 1298, 1294, 1290, 1287, 1287, 1287, 1289, 1291, 1294, 1299, 1300, 1299, 1301, 1303, 1304, 1306, 1310, 1313, 1317, 1320, 1324, 1329, 1332, 1340, 1347, 1352, 1358, 1366, 1381, 1392, 1402, 1415, 1427, 1435, 1445, 1458, 1472, 1485, 1499, 1506]
[0, 1457, 1445, 1432, 1420, 1410, 1399, 1387, 1376, 1367, 1360, 1352, 1344, 1335, 1327, 1322, 1317, 1312, 1307, 1303, 1301, 1297, 1296, 1293, 1291, 1292, 1292, 1294, 1296, 1296, 1297, 1297, 1297, 1299, 1301, 1302, 1304, 1308, 1312, 1313, 1316, 1321, 1325, 1329, 1336, 1346, 1353, 1357, 1364, 1387, 1392, 1396, 1415, 1424, 1436, 1450, 1461, 1473, 1490, 1504, 1510]
[0, 1457, 1445, 1432, 1420, 1409, 1399, 1386, 1376, 1368, 1360, 1352, 1344, 1336, 1327, 1322, 1318, 1313, 1309, 1305, 1300, 1296, 1295, 1295, 1294, 1294, 1296, 1297, 1297, 1297, 1296, 1298, 1299, 1300, 1302, 1304, 1306, 1308, 1309, 1312, 1316, 1320, 1324, 1330, 1339, 1348, 1354, 1362, 1370, 1378, 1389, 1400, 1412, 1421, 1430, 1443, 1454, 1468, 1483, 1497, 1506]
[0, 1455, 1443, 1432, 1420, 1409, 1399, 1394, 1397, 1392, 1380, 1368, 1358, 1353, 1346, 1337, 1333, 1329, 1321, 1317, 1314, 1311, 1293, 1293, 1294, 1294, 1296, 1297, 1297, 1297, 1296, 1296, 1297, 1300, 1302, 1304, 1306, 1310, 1311, 1314, 1318, 1322, 1326, 1326, 1335, 1346, 1352, 1361, 1370, 1379, 1389, 1399, 1412, 1422, 1430, 1443, 1455, 1465, 1480, 1496, 0]
[0, 1465, 1451, 1438, 1428, 1425, 1424, 1418, 1403, 1391, 1384, 1373, 1363, 1356, 1349, 1344, 1335, 1327, 1324, 1320, 1316, 1312, 1308, 1305, 1302, 1300, 1300, 1298, 1296, 1296, 1296, 1297, 1300, 1301, 1301, 1302, 1305, 1309, 1310, 1314, 1319, 1322, 1325, 1331, 1341, 1350, 1355, 1361, 1369, 1380, 1391, 1400, 1413, 1423, 1431, 1444, 1457, 1470, 1483, 1498, 1505]
[0, 1470, 1458, 1446, 1436, 1430, 1426, 1418, 1405, 1394, 1385, 1374, 1363, 1356, 1349, 1343, 1337, 1330, 1326, 1322, 1316, 1312, 1309, 1306, 1303, 1299, 1301, 1300, 1296, 1296, 1297, 1298, 1298, 1299, 1301, 1302, 1303, 1307, 1310, 1311, 1315, 1320, 1324, 1329, 1336, 1344, 1351, 1357, 1363, 1375, 1387, 1396, 1407, 1416, 1426, 1438, 1451, 1464, 1476, 1503, 1505]
[0, 1484, 1469, 1456, 1446, 1434, 1426, 1415, 1403, 1394, 1386, 1374, 1363, 1355, 1349, 1343, 1337, 1329, 1323, 1320, 1316, 1312, 1308, 1305, 1302, 1301, 1299, 1296, 1296, 1297, 1297, 1297, 1298, 1299, 1300, 1302, 1303, 1306, 1310, 1312, 1315, 1319, 1324, 1329, 1336, 1345, 1352, 1357, 1364, 1375, 1386, 1395, 1406, 1416, 1426, 1438, 1460, 1473, 1489, 1487, 1494]
[0, 1484, 1469, 1456, 1446, 1434, 1425, 1415, 1402, 1394, 1385, 1374, 1363, 1355, 1349, 1344, 1337, 1329, 1323, 1320, 1316, 1312, 1308, 1306, 1302, 1301, 1299, 1297, 1296, 1296, 1297, 1298, 1298, 1299, 1301, 1301, 1303, 1306, 1307, 1309, 1315, 1320, 1324, 1329, 1336, 1344, 1351, 1357, 1364, 1376, 1387, 1396, 1406, 1416, 1427, 1439, 1451, 1464, 1478, 1492, 1497]
[0, 1484, 1472, 1459, 1445, 1434, 1425, 1417, 1404, 1393, 1385, 1373, 1363, 1356, 1350, 1344, 1337, 1329, 1325, 1321, 1316, 1312, 1308, 1306, 1303, 1300, 1298, 1297, 1297, 1297, 1297, 1298, 1298, 1299, 1301, 1301, 1303, 1306, 1306, 1307, 1314, 1321, 1326, 1330, 1337, 1344, 1351, 1358, 1366, 1378, 1388, 1397, 1406, 1416, 1427, 1442, 1454, 1464, 1479, 1495, 0]
[0, 1483, 1468, 1455, 1443, 1434, 1424, 1411, 1400, 1390, 1383, 1373, 1362, 1356, 1348, 1343, 1336, 1329, 1323, 1318, 1315, 1310, 1308, 1305, 1302, 1301, 1300, 1298, 1297, 1297, 1298, 1298, 1298, 1299, 1300, 1301, 1303, 1306, 1309, 1322, 1326, 1320, 1324, 1329, 1336, 1345, 1351, 1357, 1364, 1375, 1386, 1395, 1405, 1416, 1426, 1437, 1450, 1463, 1477, 1491, 1484]
