[0, 0, 0, 0, 0, 0, 0, 0, 0, 0, 0, 0, 0, 0, 0, 0, 0, 0, 0, 0, 0, 0, 0, 0, 0, 0, 0, 0, 0, 0, 0, 0, 0, 0, 0, 0, 0, 0, 0, 0, 0, 0, 0, 0, 0, 0, 0, 0, 0, 0, 0, 0, 0, 0, 0, 0, 0, 0, 0, 0, 0]
[0, 526, 525, 521, 517, 514, 510, 507, 504, 501, 499, 496, 494, 492, 489, 487, 486, 485, 484, 482, 481, 480, 479, 478, 478, 477, 477, 477, 477, 478, 478, 479, 479, 480, 480, 481, 483, 484, 485, 487, 489, 492, 495, 497, 499, 502, 506, 509, 513, 517, 519, 521, 525, 534, 538, 544, 550, 555, 560, 561, 574]
[0, 525, 525, 521, 517, 513, 511, 508, 504, 501, 499, 496, 494, 492, 489, 487, 486, 485, 483, 482, 481, 480, 479, 478, 478, 478, 477, 477, 477, 477, 478, 478, 479, 480, 480, 482, 483, 484, 486, 487, 488, 490, 492, 495, 497, 500, 503, 506, 513, 517, 517, 521, 526, 531, 535, 540, 546, 551, 562, 561, 575]
[0, 529, 525, 521, 517, 513, 510, 507, 504, 501, 499, 496, 494, 491, 489, 487, 486, 485, 483, 483, 481, 480, 479, 478, 478, 477, 477, 477, 477, 477, 478, 478, 479, 479, 480, 482, 483, 483, 485, 486, 488, 491, 493, 495, 497, 500, 503, 506, 510, 513, 517, 521, 526, 531, 536, 541, 546, 551, 557, 562, 568]
[0, 528, 523, 519, 516, 513, 510, 508, 504, 500, 498, 496, 494, 491, 490, 488, 485, 484, 483, 482, 481, 481, 479, 478, 478, 477, 477, 477, 477, 477, 477, 478, 479, 480, 480, 481, 482, 483, 485, 486, 488, 491, 494, 495, 498, 500, 503, 507, 510, 513, 518, 522, 526, 532, 536, 541, 546, 552, 557, 562, 568]
[0, 525, 523, 521, 517, 513, 510, 507, 504, 501, 499, 496, 494, 492, 489, 487, 486, 485, 483, 483, 481, 480, 479, 478, 478, 477, 477, 477, 476, 477, 477, 478, 479, 479, 480, 481, 482, 483, 485, 486, 488, 490, 492, 495, 498, 501, 504, 507, 511, 515, 519, 522, 528, 532, 536, 542, 547, 553, 558, 564, 571]
[0, 531, 526, 522, 519, 514, 510, 508, 505, 503, 500, 498, 496, 494, 492, 487, 488, 485, 487, 485, 483, 480, 482, 478, 478, 477, 477, 477, 476, 477, 478, 478, 478, 480, 480, 481, 482, 485, 485, 486, 490, 493, 492, 495, 498, 500, 503, 507, 510, 514, 518, 522, 526, 532, 537, 541, 546, 552, 557, 562, 568]
[0, 531, 525, 520, 516, 512, 510, 508, 505, 505, 502, 500, 498, 496, 493, 491, 489, 487, 486, 485, 484, 483, 483, 482, 478, 480, 480, 479, 476, 480, 480, 481, 481, 482, 483, 484, 485, 486, 488, 490, 492, 494, 497, 499, 501, 505, 507, 511, 514, 517, 521, 526, 531, 536, 540, 545, 551, 557, 561, 567, 574]
[0, 536, 528, 520, 521, 517, 510, 513, 511, 508, 506, 503, 501, 499, 497, 495, 494, 493, 491, 489, 488, 487, 486, 486, 481, 481, 481, 480, 480, 481, 481, 480, 481, 483, 483, 485, 486, 487, 488, 491, 493, 495, 498, 499, 503, 506, 509, 511, 515, 519, 524, 529, 534, 538, 543, 549, 554, 559, 565, 571, 578]
[0, 531, 527, 520, 524, 520, 517, 513, 511, 508, 506, 503, 501, 499, 497, 495, 494, 492, 490, 489, 488, 486, 486, 486, 485, 484, 484, 484, 484, 485, 485, 485, 486, 483, 488, 489, 491, 493, 494, 497, 499, 495, 503, 506, 509, 506, 515, 519, 515, 523, 526, 536, 534, 541, 550, 549, 561, 567, 574, 580, 587]
[0, 532, 529, 525, 524, 521, 518, 515, 512, 509, 506, 503, 502, 499, 497, 496, 494, 493, 491, 490, 488, 487, 486, 486, 485, 484, 484, 484, 484, 485, 485, 485, 486, 483, 488, 489, 491, 493, 493, 497, 499, 495, 501, 503, 509, 506, 512, 515, 523, 523, 526, 535, 541, 545, 550, 556, 561, 567, 574, 574, 580]
[0, 534, 529, 526, 522, 519, 515, 512, 510, 507, 506, 504, 500, 499, 498, 494, 494, 493, 492, 490, 488, 487, 487, 486, 485, 485, 485, 485, 485, 485, 485, 486, 487, 487, 488, 490, 492, 493, 494, 496, 499, 501, 504, 506, 509, 511, 515, 518, 522, 526, 530, 535, 540, 544, 550, 555, 560, 565, 571, 578, 586]
[0, 534, 536, 532, 529, 525, 521, 519, 516, 513, 511, 509, 506, 504, 502, 501, 499, 497, 496, 495, 494, 493, 492, 491, 485, 485, 484, 484, 485, 485, 486, 487, 487, 487, 487, 489, 490, 492, 494, 496, 498, 500, 503, 505, 508, 511, 515, 519, 522, 525, 530, 535, 539, 544, 549, 554, 559, 564, 570, 576, 584]
[0, 538, 534, 531, 527, 524, 520, 517, 514, 511, 509, 507, 506, 503, 502, 501, 498, 497, 497, 495, 494, 493, 492, 491, 490, 490, 489, 489, 489, 490, 491, 492, 492, 493, 494, 496, 497, 499, 501, 503, 505, 508, 510, 512, 515, 519, 523, 526, 530, 534, 538, 542, 547, 552, 557, 563, 568, 575, 581, 587, 594]
[0, 537, 533, 530, 526, 522, 520, 517, 517, 514, 512, 509, 507, 505, 503, 501, 500, 498, 496, 495, 494, 493, 492, 491, 490, 490, 489, 489, 490, 490, 491, 492, 492, 492, 493, 495, 496, 498, 500, 501, 504, 507, 508, 511, 514, 518, 521, 524, 529, 533, 537, 541, 545, 550, 555, 561, 566, 572, 579, 585, 591]
[0, 541, 537, 532, 528, 525, 522, 519, 516, 513, 511, 509, 506, 504, 503, 501, 499, 498, 497, 496, 495, 494, 493, 491, 491, 490, 489, 490, 490, 490, 491, 492, 492, 494, 495, 496, 498, 499, 501, 504, 506, 508, 511, 513, 515, 520, 523, 526, 530, 534, 538, 543, 548, 553, 558, 563, 569, 576, 582, 588, 594]
[0, 539, 535, 531, 528, 524, 520, 518, 515, 512, 509, 508, 506, 503, 502, 501, 498, 498, 497, 496, 495, 494, 493, 492, 491, 491, 490, 490, 491, 491, 493, 494, 492, 494, 494, 496, 498, 499, 501, 502, 505, 507, 509, 512, 517, 520, 521, 524, 528, 532, 541, 546, 548, 551, 561, 563, 571, 576, 578, 591, 597]
[0, 543, 538, 534, 531, 527, 523, 521, 519, 516, 513, 510, 508, 507, 504, 502, 500, 499, 499, 497, 496, 496, 495, 492, 491, 490, 490, 491, 491, 491, 491, 492, 492, 493, 494, 495, 497, 499, 501, 503, 505, 507, 509, 512, 515, 518, 522, 525, 528, 533, 537, 541, 546, 551, 557, 562, 565, 572, 579, 585, 598]
[0, 542, 538, 533, 530, 527, 524, 521, 518, 514, 512, 511, 509, 507, 505, 503, 500, 500, 499, 497, 498, 497, 496, 495, 494, 490, 494, 491, 494, 495, 495, 495, 495, 496, 497, 498, 500, 502, 503, 505, 507, 510, 512, 515, 520, 524, 522, 532, 535, 539, 537, 544, 553, 551, 563, 569, 575, 572, 587, 593, 598]
[0, 541, 537, 533, 529, 526, 523, 521, 518, 515, 512, 510, 508, 506, 504, 502, 501, 500, 500, 499, 497, 497, 496, 495, 495, 494, 493, 494, 494, 495, 495, 495, 495, 496, 497, 498, 500, 502, 503, 505, 507, 510, 512, 515, 518, 524, 522, 528, 535, 539, 538, 549, 553, 553, 563, 569, 575, 572, 588, 593, 600]
[0, 549, 544, 540, 537, 533, 530, 527, 524, 522, 520, 517, 514, 513, 511, 509, 507, 505, 504, 504, 503, 501, 501, 500, 495, 494, 494, 493, 493, 494, 495, 495, 496, 496, 497, 499, 500, 502, 504, 505, 508, 511, 513, 515, 518, 522, 525, 528, 532, 536, 540, 545, 549, 554, 564, 569, 570, 582, 588, 593, 600]
[0, 545, 544, 538, 534, 531, 530, 527, 524, 522, 520, 517, 515, 513, 511, 509, 507, 506, 504, 504, 503, 501, 501, 500, 500, 499, 499, 498, 499, 500, 500, 501, 502, 503, 504, 505, 507, 508, 510, 511, 514, 517, 520, 522, 525, 529, 533, 537, 540, 544, 548, 552, 558, 562, 568, 573, 579, 584, 591, 596, 603]
[0, 549, 544, 540, 537, 533, 530, 527, 524, 522, 519, 517, 514, 512, 510, 509, 507, 505, 504, 504, 502, 501, 501, 500, 500, 499, 499, 499, 499, 500, 500, 501, 502, 503, 504, 505, 506, 508, 510, 511, 513, 516, 520, 522, 525, 528, 533, 536, 540, 544, 548, 553, 557, 562, 567, 573, 579, 584, 590, 596, 603]
[0, 555, 551, 548, 544, 541, 538, 534, 531, 529, 526, 524, 522, 520, 518, 516, 514, 513, 512, 510, 509, 509, 509, 500, 500, 499, 499, 499, 499, 500, 500, 501, 502, 503, 504, 505, 507, 508, 511, 513, 515, 517, 520, 522, 526, 530, 533, 537, 541, 544, 549, 553, 558, 563, 568, 574, 580, 586, 592, 598, 606]
[0, 564, 559, 555, 552, 549, 546, 543, 540, 537, 534, 532, 530, 528, 526, 524, 523, 521, 520, 519, 517, 517, 516, 515, 508, 507, 507, 507, 507, 508, 509, 509, 511, 512, 512, 514, 515, 517, 518, 521, 523, 525, 528, 531, 534, 537, 542, 546, 550, 554, 557, 562, 567, 572, 578, 584, 590, 596, 602, 609, 615]
[0, 560, 557, 553, 550, 547, 546, 543, 540, 538, 535, 533, 530, 528, 526, 524, 523, 521, 520, 519, 518, 517, 516, 515, 515, 515, 514, 514, 514, 515, 515, 516, 517, 519, 520, 521, 522, 524, 526, 528, 530, 533, 536, 539, 542, 545, 549, 554, 558, 561, 565, 569, 575, 580, 586, 592, 598, 604, 610, 616, 622]
[0, 563, 559, 555, 551, 548, 545, 542, 539, 536, 534, 532, 530, 528, 526, 524, 523, 522, 520, 519, 518, 517, 517, 515, 515, 515, 514, 514, 514, 515, 515, 516, 517, 518, 519, 521, 522, 523, 525, 527, 530, 533, 534, 538, 542, 545, 549, 552, 556, 560, 563, 568, 573, 579, 585, 591, 596, 608, 610, 621, 628]
[0, 567, 563, 559, 555, 552, 549, 546, 543, 540, 537, 535, 533, 531, 529, 527, 525, 524, 523, 522, 521, 520, 519, 516, 515, 515, 514, 515, 515, 516, 515, 516, 519, 519, 520, 522, 524, 526, 525, 530, 530, 536, 539, 543, 542, 549, 549, 557, 561, 560, 569, 575, 581, 586, 592, 597, 603, 610, 616, 623, 631]
[0, 567, 563, 559, 555, 552, 549, 546, 543, 540, 537, 535, 533, 531, 529, 527, 525, 524, 523, 522, 521, 520, 519, 519, 519, 518, 518, 519, 519, 520, 520, 521, 521, 522, 524, 522, 527, 528, 530, 533, 535, 538, 540, 544, 548, 551, 554, 557, 561, 565, 570, 576, 581, 586, 592, 597, 604, 610, 616, 623, 631]
[0, 569, 564, 561, 558, 554, 551, 548, 546, 543, 540, 538, 536, 531, 534, 531, 529, 524, 527, 526, 525, 524, 523, 523, 519, 518, 518, 519, 519, 520, 520, 521, 521, 522, 522, 525, 527, 528, 531, 533, 535, 538, 541, 544, 548, 551, 554, 558, 561, 565, 570, 576, 581, 586, 592, 597, 604, 610, 616, 623, 631]
[0, 569, 574, 569, 565, 562, 559, 556, 553, 550, 547, 546, 544, 541, 539, 538, 536, 534, 532, 531, 530, 529, 529, 528, 523, 522, 522, 522, 523, 523, 523, 524, 524, 526, 527, 528, 529, 531, 533, 535, 537, 540, 542, 546, 550, 553, 556, 560, 564, 568, 572, 577, 582, 587, 593, 598, 611, 610, 623, 631, 631]
[0, 574, 574, 567, 565, 560, 556, 554, 553, 551, 546, 546, 544, 542, 539, 538, 536, 534, 532, 531, 531, 530, 529, 528, 528, 528, 528, 528, 528, 528, 529, 530, 531, 532, 533, 534, 536, 538, 540, 542, 544, 547, 550, 554, 557, 560, 563, 567, 572, 576, 581, 586, 591, 596, 601, 607, 613, 619, 626, 633, 641]
[0, 591, 586, 582, 579, 575, 571, 567, 564, 562, 560, 558, 556, 554, 552, 550, 548, 534, 546, 545, 531, 543, 529, 542, 528, 528, 528, 528, 528, 528, 529, 530, 531, 532, 533, 534, 535, 537, 540, 543, 545, 547, 549, 553, 557, 560, 564, 567, 571, 576, 581, 586, 591, 595, 601, 607, 613, 619, 627, 634, 641]
[0, 591, 586, 582, 578, 574, 570, 567, 564, 561, 559, 557, 556, 555, 551, 550, 549, 548, 547, 546, 544, 543, 543, 542, 528, 542, 528, 542, 542, 542, 529, 542, 544, 545, 546, 547, 549, 551, 553, 555, 557, 560, 565, 553, 573, 560, 577, 586, 589, 576, 593, 603, 608, 595, 620, 626, 633, 640, 648, 654, 662]
[0, 600, 596, 582, 589, 574, 585, 578, 564, 575, 571, 568, 566, 564, 562, 560, 559, 557, 556, 555, 554, 553, 551, 551, 541, 541, 541, 541, 542, 542, 542, 543, 544, 545, 546, 548, 550, 551, 554, 556, 558, 560, 563, 566, 570, 574, 579, 583, 588, 591, 595, 599, 604, 610, 616, 622, 628, 636, 643, 649, 656]
[0, 602, 598, 594, 590, 587, 583, 579, 576, 573, 570, 568, 565, 563, 562, 560, 558, 557, 555, 554, 553, 553, 552, 551, 551, 551, 551, 551, 552, 552, 552, 553, 554, 555, 556, 557, 559, 562, 564, 566, 568, 571, 574, 578, 580, 580, 582, 588, 596, 602, 606, 612, 616, 622, 628, 635, 642, 648, 655, 663, 671]
[0, 602, 598, 594, 590, 587, 583, 579, 575, 573, 570, 568, 565, 563, 561, 560, 558, 557, 555, 554, 553, 552, 552, 551, 551, 551, 551, 552, 552, 552, 553, 555, 555, 557, 558, 559, 561, 563, 565, 566, 567, 572, 576, 578, 582, 582, 583, 590, 599, 604, 609, 614, 619, 624, 631, 638, 645, 651, 659, 667, 674]
[0, 617, 613, 608, 605, 602, 599, 595, 592, 590, 587, 585, 583, 580, 578, 577, 558, 576, 574, 572, 570, 552, 569, 568, 551, 551, 551, 551, 552, 552, 554, 555, 555, 556, 557, 559, 559, 561, 563, 567, 567, 573, 576, 576, 582, 582, 583, 590, 599, 604, 609, 614, 619, 625, 631, 638, 645, 652, 659, 667, 674]
[0, 625, 620, 617, 613, 610, 607, 604, 600, 597, 594, 592, 590, 588, 586, 584, 582, 581, 579, 578, 577, 576, 575, 568, 567, 566, 567, 567, 568, 569, 570, 570, 570, 572, 574, 575, 577, 580, 582, 585, 587, 590, 592, 593, 586, 578, 571, 590, 599, 604, 632, 614, 637, 642, 656, 638, 662, 676, 684, 693, 702]
[0, 625, 620, 617, 613, 610, 607, 603, 600, 597, 594, 592, 589, 588, 586, 584, 582, 581, 579, 578, 577, 576, 575, 575, 574, 566, 574, 574, 575, 575, 570, 577, 578, 580, 581, 582, 584, 586, 589, 591, 593, 595, 598, 602, 0, 576, 570, 590, 599, 604, 0, 637, 643, 649, 660, 638, 675, 676, 682, 699, 707]
[0, 627, 622, 617, 614, 610, 607, 604, 601, 598, 595, 592, 590, 588, 586, 584, 583, 582, 581, 579, 577, 576, 575, 574, 574, 574, 574, 575, 575, 575, 575, 578, 578, 580, 581, 582, 584, 586, 589, 591, 593, 595, 598, 601, 0, 576, 570, 590, 599, 604, 0, 637, 643, 649, 654, 660, 667, 675, 690, 699, 707]
[0, 627, 622, 617, 613, 611, 608, 604, 601, 598, 595, 592, 590, 588, 587, 584, 583, 582, 581, 579, 577, 576, 576, 575, 574, 574, 574, 574, 575, 577, 577, 579, 580, 580, 582, 584, 586, 589, 590, 592, 595, 598, 599, 601, 590, 578, 581, 0, 599, 0, 636, 643, 648, 653, 659, 667, 674, 682, 691, 698, 705]
[0, 632, 627, 622, 618, 615, 612, 609, 606, 603, 601, 598, 595, 593, 591, 590, 583, 587, 586, 579, 585, 584, 582, 582, 574, 574, 574, 574, 575, 576, 577, 579, 579, 580, 582, 584, 586, 588, 590, 592, 595, 598, 600, 0, 590, 577, 574, 0, 599, 0, 636, 642, 647, 652, 660, 666, 673, 680, 688, 697, 705]
[0, 638, 628, 622, 620, 615, 617, 614, 611, 609, 606, 603, 600, 598, 596, 595, 593, 592, 590, 588, 588, 587, 586, 582, 581, 581, 581, 581, 582, 583, 583, 584, 586, 586, 588, 589, 592, 594, 595, 598, 601, 603, 606, 0, 582, 577, 574, 0, 599, 0, 0, 645, 650, 657, 663, 669, 676, 683, 692, 701, 708]
[0, 655, 651, 646, 644, 640, 636, 633, 630, 626, 622, 620, 617, 616, 614, 612, 610, 608, 607, 606, 588, 604, 586, 603, 585, 585, 587, 587, 586, 587, 588, 589, 590, 591, 593, 595, 597, 599, 601, 603, 606, 609, 611, 0, 575, 568, 574, 557, 599, 0, 0, 653, 659, 664, 672, 679, 686, 694, 702, 710, 718]
[0, 657, 652, 648, 644, 639, 635, 633, 630, 626, 623, 621, 618, 616, 613, 612, 610, 609, 608, 607, 606, 605, 604, 602, 604, 604, 603, 587, 603, 604, 588, 605, 606, 608, 610, 611, 614, 599, 616, 618, 620, 624, 628, 0, 577, 569, 564, 557, 599, 0, 0, 653, 675, 688, 0, 703, 686, 710, 717, 734, 742]
[0, 653, 649, 648, 645, 641, 637, 634, 631, 627, 624, 621, 618, 616, 614, 612, 611, 609, 608, 607, 606, 605, 604, 603, 603, 603, 603, 603, 603, 604, 605, 606, 608, 609, 611, 612, 614, 616, 618, 620, 623, 627, 0, 0, 571, 566, 564, 0, 599, 0, 0, 673, 679, 686, 693, 700, 707, 714, 722, 731, 740]
[0, 664, 659, 656, 651, 648, 646, 642, 639, 635, 632, 621, 631, 625, 614, 623, 621, 619, 618, 617, 615, 615, 614, 613, 603, 604, 603, 603, 604, 604, 605, 606, 607, 609, 611, 612, 613, 615, 617, 620, 622, 625, 630, 0, 572, 567, 568, 0, 599, 0, 665, 672, 677, 683, 690, 698, 705, 713, 720, 728, 737]
[0, 668, 663, 659, 654, 651, 648, 644, 642, 639, 635, 632, 629, 627, 625, 622, 620, 619, 618, 617, 616, 615, 614, 613, 613, 613, 613, 613, 613, 614, 615, 616, 617, 618, 619, 621, 623, 626, 628, 630, 632, 637, 642, 0, 571, 566, 564, 0, 599, 0, 665, 0, 689, 695, 702, 710, 716, 723, 731, 739, 749]
[0, 664, 660, 659, 655, 652, 648, 646, 642, 638, 636, 632, 629, 627, 625, 622, 620, 620, 619, 618, 616, 615, 614, 613, 613, 613, 613, 613, 614, 615, 616, 616, 617, 619, 621, 623, 626, 628, 630, 633, 636, 639, 0, 579, 571, 568, 565, 565, 599, 0, 678, 685, 691, 698, 705, 712, 718, 726, 735, 744, 754]
[0, 682, 677, 672, 668, 664, 661, 657, 654, 652, 649, 646, 644, 643, 639, 636, 636, 635, 633, 632, 631, 630, 629, 613, 613, 613, 613, 613, 614, 615, 616, 617, 618, 619, 621, 623, 625, 627, 630, 632, 635, 640, 640, 0, 569, 565, 563, 565, 599, 0, 676, 684, 690, 697, 705, 712, 717, 726, 734, 742, 752]
[0, 682, 677, 673, 668, 670, 666, 662, 658, 655, 652, 650, 648, 646, 644, 642, 641, 639, 637, 635, 634, 634, 633, 628, 628, 628, 628, 629, 629, 630, 631, 633, 634, 635, 637, 639, 641, 643, 646, 649, 651, 655, 0, 0, 576, 562, 563, 561, 599, 0, 676, 0, 710, 716, 723, 731, 738, 747, 756, 765, 774]
[0, 683, 678, 674, 670, 667, 664, 662, 659, 656, 653, 651, 649, 646, 644, 642, 641, 640, 638, 636, 634, 633, 633, 632, 631, 631, 631, 631, 632, 633, 634, 635, 637, 638, 640, 642, 644, 646, 648, 651, 654, 657, 0, 577, 567, 561, 561, 561, 599, 0, 676, 0, 711, 717, 725, 733, 740, 748, 757, 765, 774]
[0, 683, 695, 690, 686, 681, 678, 676, 672, 668, 666, 664, 661, 659, 657, 654, 653, 652, 650, 648, 648, 647, 646, 632, 631, 632, 632, 632, 633, 633, 635, 637, 637, 639, 640, 642, 644, 646, 648, 651, 655, 658, 0, 577, 566, 562, 561, 0, 599, 0, 676, 0, 711, 717, 725, 732, 740, 748, 757, 765, 774]
[0, 700, 694, 690, 685, 681, 678, 675, 672, 668, 666, 663, 661, 658, 655, 654, 653, 652, 650, 648, 648, 647, 646, 645, 646, 646, 646, 646, 647, 648, 649, 649, 650, 652, 654, 655, 657, 660, 663, 665, 668, 671, 0, 574, 563, 560, 561, 560, 599, 0, 676, 0, 727, 735, 742, 750, 758, 766, 775, 784, 793]
[0, 712, 707, 702, 698, 694, 690, 685, 682, 679, 676, 675, 672, 670, 668, 666, 665, 663, 662, 659, 658, 658, 657, 646, 646, 646, 646, 646, 647, 648, 649, 650, 651, 651, 653, 655, 657, 660, 663, 665, 668, 671, 0, 0, 570, 562, 559, 560, 599, 0, 676, 0, 729, 735, 743, 751, 759, 767, 776, 784, 794]
[0, 712, 707, 702, 698, 694, 690, 685, 682, 679, 677, 674, 673, 671, 668, 667, 665, 663, 661, 659, 659, 659, 657, 657, 657, 657, 657, 658, 658, 659, 660, 661, 662, 664, 666, 667, 669, 672, 675, 677, 680, 684, 0, 0, 569, 561, 558, 558, 599, 0, 676, 0, 742, 750, 757, 765, 773, 781, 790, 800, 810]
[0, 710, 706, 702, 697, 693, 689, 685, 681, 678, 676, 674, 671, 668, 667, 665, 664, 663, 662, 660, 658, 658, 658, 656, 657, 657, 658, 658, 659, 659, 660, 661, 663, 664, 666, 668, 670, 672, 675, 677, 680, 684, 0, 0, 569, 561, 558, 558, 599, 0, 676, 0, 743, 750, 757, 765, 773, 781, 790, 800, 810]
[0, 715, 711, 706, 702, 698, 695, 691, 687, 684, 681, 679, 677, 675, 667, 672, 671, 670, 668, 666, 658, 665, 664, 657, 657, 657, 657, 657, 658, 659, 659, 660, 661, 663, 664, 666, 668, 671, 674, 676, 679, 683, 689, 0, 564, 559, 557, 0, 599, 0, 0, 729, 746, 750, 753, 760, 777, 786, 796, 805, 814]
[0, 738, 733, 727, 722, 718, 715, 712, 709, 705, 702, 700, 698, 695, 667, 694, 689, 670, 687, 686, 684, 665, 684, 665, 665, 657, 665, 666, 666, 667, 668, 668, 670, 671, 673, 675, 677, 680, 682, 685, 687, 690, 0, 574, 564, 558, 557, 0, 599, 0, 0, 729, 0, 755, 763, 779, 0, 797, 807, 815, 814]
[0, 745, 733, 740, 731, 726, 715, 722, 719, 716, 713, 711, 708, 707, 705, 703, 701, 700, 699, 697, 695, 694, 694, 683, 683, 683, 684, 686, 685, 685, 686, 687, 688, 690, 693, 696, 698, 700, 703, 705, 708, 711, 0, 572, 561, 557, 555, 0, 599, 0, 0, 0, 772, 778, 786, 795, 804, 813, 830, 839, 852]
[0, 745, 740, 735, 731, 731, 726, 721, 718, 716, 713, 711, 708, 706, 705, 703, 701, 699, 698, 696, 695, 694, 693, 694, 693, 694, 695, 695, 695, 696, 697, 698, 700, 701, 702, 704, 707, 709, 712, 715, 718, 722, 0, 0, 565, 558, 554, 554, 599, 0, 0, 777, 785, 793, 803, 811, 818, 827, 835, 846, 857]
[0, 748, 743, 738, 732, 728, 724, 720, 716, 714, 713, 710, 708, 706, 703, 701, 700, 699, 697, 696, 696, 695, 693, 694, 693, 694, 695, 695, 695, 696, 697, 698, 699, 701, 702, 704, 707, 709, 712, 715, 718, 722, 0, 0, 565, 557, 555, 554, 599, 0, 0, 778, 786, 794, 803, 811, 818, 827, 835, 846, 857]
[0, 771, 765, 761, 757, 752, 747, 743, 740, 737, 734, 731, 730, 727, 724, 722, 720, 719, 717, 716, 716, 715, 715, 694, 693, 694, 694, 695, 694, 695, 696, 698, 699, 701, 703, 705, 707, 709, 711, 713, 717, 721, 0, 571, 560, 557, 554, 554, 0, 0, 0, 0, 782, 790, 799, 807, 816, 824, 833, 842, 854]
[0, 770, 765, 759, 755, 752, 747, 743, 740, 736, 734, 732, 729, 726, 723, 721, 720, 718, 717, 716, 715, 715, 715, 715, 715, 716, 715, 716, 716, 716, 718, 720, 721, 723, 725, 727, 731, 734, 736, 740, 745, 721, 0, 572, 559, 554, 554, 0, 0, 0, 0, 0, 817, 824, 832, 840, 849, 859, 868, 877, 887]
[0, 781, 774, 769, 765, 760, 756, 752, 748, 746, 743, 739, 737, 735, 732, 730, 728, 727, 725, 725, 723, 723, 722, 715, 715, 715, 715, 715, 715, 716, 718, 718, 720, 722, 723, 726, 728, 730, 733, 737, 740, 745, 0, 569, 559, 555, 554, 0, 0, 0, 0, 0, 810, 817, 826, 833, 840, 850, 861, 870, 878]
[0, 781, 774, 769, 765, 760, 756, 752, 748, 746, 743, 739, 737, 735, 732, 730, 729, 727, 725, 724, 723, 722, 722, 722, 722, 722, 721, 722, 723, 725, 727, 728, 729, 731, 732, 735, 738, 741, 744, 749, 753, 759, 0, 0, 561, 554, 551, 0, 0, 0, 0, 814, 824, 831, 839, 848, 858, 867, 875, 885, 895]
[0, 788, 782, 777, 771, 766, 763, 760, 757, 754, 750, 747, 745, 742, 740, 738, 736, 735, 734, 732, 732, 731, 722, 722, 722, 722, 721, 722, 723, 724, 726, 728, 729, 730, 732, 735, 738, 741, 744, 748, 753, 759, 0, 0, 561, 554, 551, 0, 0, 0, 0, 814, 823, 831, 839, 847, 858, 867, 875, 885, 895]
[0, 788, 793, 787, 776, 766, 772, 769, 766, 763, 759, 756, 754, 751, 748, 746, 745, 743, 741, 740, 739, 738, 738, 731, 730, 731, 721, 731, 732, 734, 726, 737, 739, 730, 742, 744, 738, 751, 754, 758, 753, 763, 0, 568, 558, 554, 552, 0, 0, 0, 0, 814, 836, 0, 854, 864, 872, 880, 888, 898, 910]
[0, 816, 811, 805, 800, 794, 790, 788, 784, 781, 778, 775, 771, 768, 767, 767, 766, 764, 763, 762, 761, 761, 738, 738, 738, 737, 738, 739, 739, 740, 741, 744, 746, 747, 749, 751, 754, 757, 760, 764, 768, 772, 0, 0, 561, 554, 550, 540, 0, 0, 0, 0, 839, 848, 857, 866, 875, 883, 892, 902, 913]
[0, 816, 822, 816, 811, 806, 804, 800, 795, 791, 787, 784, 783, 781, 778, 776, 774, 773, 770, 769, 770, 769, 768, 759, 759, 760, 761, 739, 763, 740, 766, 744, 769, 747, 771, 773, 776, 779, 787, 791, 796, 772, 0, 565, 555, 551, 554, 551, 0, 565, 0, 0, 865, 872, 889, 866, 908, 883, 918, 928, 950]
[0, 836, 831, 826, 820, 816, 812, 808, 805, 801, 798, 795, 792, 788, 786, 785, 783, 782, 781, 780, 780, 779, 778, 767, 767, 767, 767, 768, 769, 770, 771, 773, 776, 778, 779, 782, 786, 788, 791, 795, 800, 772, 0, 0, 558, 552, 547, 546, 553, 560, 0, 0, 0, 883, 892, 899, 910, 921, 931, 940, 950]
[0, 843, 836, 832, 827, 823, 818, 814, 810, 808, 805, 802, 799, 797, 794, 792, 790, 788, 788, 787, 786, 785, 778, 777, 776, 777, 778, 779, 781, 782, 782, 785, 787, 789, 792, 795, 798, 801, 805, 808, 813, 772, 0, 568, 557, 552, 549, 550, 554, 560, 0, 0, 889, 896, 906, 916, 925, 936, 945, 955, 967]
[0, 843, 837, 833, 828, 824, 819, 815, 812, 809, 806, 803, 799, 797, 794, 792, 791, 789, 787, 786, 786, 786, 785, 784, 783, 784, 785, 786, 787, 788, 790, 792, 795, 798, 800, 802, 804, 808, 811, 815, 820, 772, 0, 567, 555, 551, 548, 549, 554, 562, 0, 0, 896, 904, 914, 924, 933, 943, 953, 964, 977]
[0, 843, 837, 832, 827, 823, 818, 814, 811, 808, 804, 801, 799, 796, 793, 792, 790, 789, 789, 788, 786, 785, 784, 784, 784, 784, 785, 786, 788, 788, 790, 791, 793, 796, 799, 801, 804, 808, 811, 815, 819, 824, 0, 0, 558, 551, 549, 549, 552, 562, 0, 0, 892, 901, 910, 920, 930, 940, 949, 960, 974]
[0, 841, 834, 830, 827, 823, 817, 813, 809, 806, 805, 802, 799, 795, 792, 791, 790, 788, 787, 786, 786, 785, 786, 783, 783, 784, 785, 786, 786, 788, 790, 792, 794, 797, 800, 802, 805, 808, 811, 815, 820, 824, 0, 568, 557, 551, 549, 550, 553, 560, 0, 0, 895, 904, 913, 922, 931, 941, 951, 961, 975]
[0, 874, 869, 864, 859, 854, 848, 844, 840, 836, 834, 831, 829, 827, 825, 822, 820, 819, 818, 817, 817, 815, 815, 785, 785, 784, 785, 787, 788, 789, 790, 790, 796, 797, 801, 802, 807, 810, 811, 813, 823, 824, 0, 563, 557, 554, 549, 550, 551, 556, 564, 0, 891, 898, 907, 918, 937, 946, 956, 967, 975]
[0, 871, 867, 862, 857, 851, 846, 842, 837, 835, 833, 831, 828, 826, 824, 822, 821, 819, 818, 818, 817, 816, 815, 814, 814, 814, 814, 817, 819, 819, 822, 824, 825, 827, 830, 832, 836, 839, 843, 848, 853, 824, 0, 568, 556, 551, 548, 549, 553, 560, 564, 0, 933, 941, 948, 958, 970, 983, 994, 1004, 1015]
[0, 881, 876, 871, 866, 862, 858, 854, 851, 846, 841, 838, 836, 835, 834, 832, 831, 829, 828, 827, 826, 826, 816, 816, 816, 816, 816, 817, 818, 821, 823, 826, 828, 829, 831, 833, 837, 840, 845, 851, 855, 824, 0, 563, 554, 550, 548, 549, 553, 562, 564, 0, 935, 944, 951, 960, 972, 984, 995, 1007, 1018]
[0, 880, 876, 871, 867, 863, 859, 854, 850, 846, 842, 838, 836, 835, 833, 831, 830, 829, 828, 827, 826, 826, 826, 826, 826, 827, 827, 829, 830, 831, 832, 834, 837, 839, 841, 845, 837, 854, 845, 858, 862, 867, 0, 563, 554, 550, 550, 549, 553, 561, 564, 0, 947, 956, 965, 977, 989, 1000, 1010, 1020, 1034]
[0, 902, 896, 890, 885, 880, 876, 873, 870, 869, 866, 863, 859, 857, 855, 853, 852, 850, 848, 846, 847, 847, 826, 826, 826, 826, 827, 828, 830, 829, 830, 832, 834, 836, 838, 840, 845, 850, 855, 858, 863, 867, 0, 0, 561, 553, 549, 548, 550, 554, 564, 0, 940, 950, 958, 966, 976, 988, 1000, 1012, 1025]
[0, 903, 896, 891, 885, 881, 877, 874, 871, 869, 866, 863, 860, 857, 855, 853, 852, 851, 849, 848, 847, 847, 847, 826, 848, 847, 847, 848, 849, 851, 853, 856, 858, 861, 864, 866, 870, 873, 876, 881, 885, 890, 0, 0, 560, 552, 548, 548, 549, 554, 564, 0, 969, 976, 988, 997, 1007, 1017, 1028, 1040, 1052]
[0, 903, 902, 891, 897, 892, 887, 883, 881, 879, 876, 874, 872, 870, 867, 865, 864, 864, 864, 863, 862, 862, 862, 847, 847, 848, 848, 850, 852, 854, 856, 858, 861, 863, 865, 868, 872, 876, 879, 885, 890, 890, 0, 563, 560, 553, 549, 548, 549, 553, 561, 0, 973, 984, 994, 1004, 1014, 1026, 1037, 1049, 1065]
[0, 938, 933, 927, 920, 916, 911, 907, 904, 900, 896, 895, 893, 890, 888, 886, 884, 883, 883, 882, 881, 882, 862, 862, 862, 863, 863, 864, 865, 867, 869, 870, 871, 874, 878, 880, 882, 887, 892, 896, 902, 908, 0, 0, 557, 551, 547, 547, 551, 557, 568, 0, 987, 996, 1005, 1016, 1027, 1037, 1049, 1063, 1076]
[0, 965, 958, 952, 948, 943, 939, 936, 932, 927, 923, 921, 918, 916, 914, 913, 912, 910, 909, 908, 908, 908, 881, 881, 881, 882, 883, 884, 885, 886, 889, 892, 894, 896, 899, 903, 907, 912, 917, 923, 929, 908, 0, 0, 560, 0, 625, 626, 621, 0, 568, 0, 1016, 1027, 1005, 1038, 1061, 1074, 1049, 1100, 1116]
[0, 974, 966, 958, 953, 949, 945, 941, 938, 935, 932, 928, 926, 924, 921, 919, 918, 917, 917, 917, 917, 916, 909, 909, 910, 910, 912, 914, 915, 915, 916, 918, 922, 926, 930, 934, 936, 939, 944, 949, 954, 908, 0, 0, 0, 623, 626, 625, 621, 612, 568, 0, 1049, 1060, 1071, 1081, 1093, 1107, 1121, 1137, 1153]
[0, 973, 966, 965, 960, 955, 950, 947, 944, 941, 938, 936, 932, 929, 926, 926, 925, 924, 923, 921, 921, 921, 921, 915, 917, 918, 918, 920, 922, 924, 926, 928, 929, 933, 937, 939, 942, 946, 951, 956, 961, 908, 0, 0, 0, 623, 626, 625, 622, 613, 568, 0, 1055, 1066, 1077, 1088, 1101, 1116, 1130, 1146, 1160]
[0, 991, 985, 979, 972, 966, 961, 957, 954, 951, 948, 945, 943, 941, 939, 938, 937, 937, 937, 937, 937, 936, 921, 922, 922, 923, 923, 925, 929, 929, 931, 933, 934, 936, 939, 942, 946, 950, 956, 960, 965, 908, 0, 0, 610, 621, 625, 626, 624, 617, 568, 0, 1060, 1070, 1082, 1093, 1106, 1120, 1135, 1150, 1164]
[0, 992, 985, 979, 971, 965, 960, 956, 954, 952, 949, 946, 944, 942, 939, 938, 938, 938, 936, 936, 936, 937, 937, 939, 922, 939, 938, 938, 940, 941, 943, 946, 948, 950, 953, 955, 959, 964, 968, 973, 980, 987, 0, 0, 0, 621, 625, 621, 625, 620, 618, 0, 1073, 1082, 1093, 1105, 1117, 1133, 1149, 1161, 1175]
[0, 1032, 1027, 1020, 1014, 1009, 1004, 999, 997, 993, 990, 987, 986, 983, 981, 978, 976, 975, 974, 974, 974, 974, 936, 936, 937, 938, 939, 939, 940, 942, 944, 946, 949, 952, 954, 958, 962, 967, 971, 978, 986, 987, 0, 0, 617, 624, 627, 626, 621, 615, 0, 1071, 1080, 1091, 1103, 1116, 1130, 1144, 1159, 1172, 1186]
[0, 1030, 1025, 1020, 1014, 1007, 1002, 998, 995, 994, 990, 990, 985, 983, 983, 982, 980, 977, 975, 976, 976, 976, 977, 976, 977, 979, 980, 981, 983, 984, 987, 989, 992, 996, 999, 1002, 1006, 1011, 1017, 1022, 1027, 987, 0, 606, 617, 624, 627, 627, 0, 1099, 1108, 1120, 1131, 1144, 1157, 1169, 1182, 1195, 1208, 1223, 1240]
[0, 1066, 1061, 1054, 1046, 1041, 1036, 1031, 1028, 1025, 1021, 1018, 1016, 1014, 1012, 1010, 1009, 1007, 1007, 1007, 1008, 1008, 977, 978, 978, 978, 979, 980, 982, 984, 987, 988, 991, 994, 997, 1000, 1004, 1008, 1012, 1018, 1024, 1030, 0, 0, 612, 621, 625, 626, 628, 0, 1102, 1113, 1123, 1134, 1149, 1163, 1174, 1188, 1201, 1215, 1231]
[0, 1101, 1094, 1088, 1083, 1077, 1072, 1066, 1061, 1058, 1055, 1052, 1050, 1046, 1045, 1045, 1043, 1043, 1042, 1042, 1042, 1042, 1008, 1011, 1011, 1010, 1011, 1012, 1014, 1018, 1020, 1022, 1025, 1029, 1035, 1039, 1042, 1048, 1055, 1060, 1066, 1072, 1079, 1086, 1095, 1104, 1113, 1122, 1132, 1144, 1156, 1166, 1176, 1189, 1202, 1215, 1229, 1243, 1259, 1277, 1295]
[0, 1099, 1093, 1086, 1079, 1077, 1075, 1069, 1064, 1060, 1057, 1055, 1052, 1050, 1048, 1046, 1043, 1042, 1043, 1043, 1042, 1042, 1042, 1043, 1045, 1045, 1046, 1047, 1049, 1053, 1057, 1060, 1062, 1064, 1068, 1073, 1078, 1083, 1088, 1095, 1102, 1109, 1116, 1125, 1133, 1140, 1149, 1160, 1168, 1179, 1189, 1199, 1211, 1225, 1238, 1252, 1265, 1280, 1299, 1277, 1325]
[0, 1111, 1104, 1096, 1088, 1084, 1079, 1074, 1068, 1062, 1059, 1059, 1057, 1054, 1051, 1049, 1048, 1045, 1046, 1048, 1047, 1044, 1043, 1042, 1043, 1045, 1045, 1046, 1049, 1053, 1055, 1059, 1061, 1064, 1068, 1072, 1077, 1082, 1087, 1091, 1097, 1106, 1112, 1120, 1129, 1136, 1144, 1154, 1164, 1173, 1184, 1196, 1207, 1220, 1234, 1247, 1260, 1274, 1290, 1277, 1317]
[0, 1123, 1116, 1108, 1101, 1096, 1091, 1086, 1083, 1080, 1076, 1073, 1069, 1065, 1065, 1065, 1064, 1064, 1063, 1063, 1063, 1063, 1043, 1046, 1050, 1051, 1052, 1052, 1055, 1056, 1058, 1061, 1064, 1068, 1071, 1073, 1077, 1083, 1088, 1094, 1103, 1110, 1116, 1124, 1130, 1139, 1150, 1158, 1165, 1176, 1188, 1199, 1211, 1226, 1240, 1252, 1262, 1278, 1297, 1277, 1321]
[0, 1121, 1114, 1106, 1099, 1093, 1089, 1084, 1080, 1076, 1074, 1073, 1072, 1068, 1064, 1063, 1064, 1063, 1064, 1063, 1062, 1063, 1064, 1064, 1065, 1067, 1067, 1070, 1073, 1075, 1078, 1081, 1084, 1088, 1091, 1096, 1101, 1107, 1113, 1120, 1127, 1134, 1141, 1150, 1159, 1165, 1171, 1179, 1190, 1203, 1215, 1228, 1240, 1251, 1263, 1279, 1299, 1278, 1297, 0, 1367]
[0, 1150, 1143, 1135, 1128, 1122, 1118, 1113, 1107, 1102, 1099, 1097, 1094, 1092, 1090, 1089, 1088, 1088, 1088, 1088, 1089, 1090, 1064, 1064, 1064, 1066, 1068, 1068, 1070, 1073, 1077, 1080, 1082, 1085, 1088, 1093, 1098, 1103, 1108, 1114, 1121, 1129, 1137, 1145, 1151, 1158, 1167, 1175, 1184, 1194, 1206, 1219, 1231, 1243, 1255, 1269, 1286, 1304, 1297, 1327, 1371]
[0, 1158, 1152, 1144, 1137, 1131, 1125, 1119, 1115, 1113, 1108, 1103, 1103, 1101, 1097, 1097, 1098, 1096, 1094, 1095, 1097, 1098, 1090, 1092, 1094, 1096, 1097, 1098, 1102, 1104, 1106, 1112, 1115, 1118, 1124, 1129, 1133, 1140, 1146, 1154, 1161, 1166, 1173, 1181, 1190, 1198, 1208, 1219, 1231, 1247, 1265, 1279, 1285, 1301, 1322, 1335, 1348, 1361, 1380, 1399, 1416]
[0, 1191, 1185, 1177, 1170, 1165, 1162, 1157, 1152, 1149, 1145, 1142, 1140, 1137, 1137, 1137, 1135, 1134, 1135, 1135, 1136, 1137, 1098, 1100, 1102, 1105, 1107, 1109, 1112, 1114, 1117, 1117, 1121, 1127, 1131, 1135, 1139, 1146, 1154, 1160, 1165, 1172, 1178, 1185, 1193, 1203, 1213, 1224, 1235, 1246, 1264, 1279, 1286, 1307, 1328, 1338, 1349, 1364, 1384, 1401, 1418]
[0, 1192, 1185, 1180, 1173, 1167, 1163, 1157, 1153, 1153, 1148, 1141, 1138, 1137, 1136, 1135, 1135, 1135, 1134, 1135, 1136, 1137, 1137, 1139, 1139, 1141, 1144, 1147, 1149, 1152, 1156, 1158, 1160, 1164, 1168, 1173, 1178, 1185, 1190, 1196, 1211, 1220, 1227, 1235, 1240, 1253, 1266, 1275, 1283, 1294, 1307, 1321, 1337, 1350, 1366, 1380, 1395, 1415, 1384, 1444, 1473]
[0, 1194, 1188, 1182, 1175, 1169, 1165, 1159, 1155, 1153, 1149, 1144, 1142, 1139, 1136, 1136, 1136, 1137, 1136, 1136, 1136, 1136, 1136, 1137, 1138, 1141, 1144, 1146, 1146, 1150, 1155, 1157, 1160, 1164, 1165, 1169, 1175, 1180, 1186, 1195, 1203, 1211, 1226, 1233, 1236, 1247, 1260, 1272, 1280, 1289, 1301, 1314, 1329, 1343, 1360, 1373, 1387, 1409, 1384, 1444, 0]
[0, 1203, 1197, 1191, 1186, 1180, 1175, 1170, 1167, 1163, 1162, 1159, 1155, 1154, 1152, 1151, 1151, 1151, 1150, 1151, 1153, 1155, 1137, 1137, 1139, 1141, 1143, 1147, 1148, 1149, 1153, 1157, 1160, 1163, 1166, 1170, 1174, 1179, 1185, 1193, 1203, 1210, 1221, 1229, 1232, 1243, 1255, 1267, 1277, 1286, 1298, 1311, 1325, 1341, 1355, 1370, 1387, 1405, 1384, 1437, 1465]
[0, 1212, 1205, 1199, 1193, 1187, 1181, 1176, 1172, 1169, 1167, 1164, 1162, 1161, 1159, 1158, 1158, 1158, 1158, 1158, 1158, 1158, 1156, 1156, 1157, 1157, 1159, 1161, 1164, 1167, 1169, 1172, 1174, 1176, 1182, 1190, 1196, 1205, 1216, 1226, 1237, 1248, 1255, 1261, 1265, 1269, 1275, 1287, 1304, 1317, 1329, 1342, 1355, 1367, 1380, 1393, 1411, 1432, 1454, 1474, 1509]
[0, 1236, 1229, 1220, 1212, 1207, 1200, 1196, 1193, 1189, 1186, 1183, 1181, 1180, 1177, 1175, 1175, 1175, 1174, 1175, 1176, 1176, 1159, 1160, 1161, 1163, 1165, 1164, 1165, 1170, 1172, 1174, 1177, 1180, 1187, 1193, 1199, 1207, 1216, 1229, 1242, 1250, 1259, 1265, 1265, 1269, 1279, 1290, 1307, 1323, 1334, 1346, 1356, 1368, 1384, 1401, 1418, 1432, 1449, 1479, 1495]
[0, 1277, 1269, 1263, 1255, 1249, 1243, 1239, 1234, 1231, 1229, 1223, 1220, 1219, 1216, 1216, 1219, 1220, 1220, 1221, 1226, 1222, 1177, 1178, 1180, 1184, 1186, 1188, 1195, 1198, 1198, 1201, 1204, 1209, 1219, 1225, 1232, 1239, 1246, 1254, 1257, 1265, 1280, 1286, 1291, 1299, 1313, 1328, 1340, 1349, 1358, 1371, 1384, 1400, 1414, 1432, 1456, 1473, 1486, 1499, 1505]
[0, 1276, 1268, 1260, 1254, 1248, 1243, 1239, 1234, 1230, 1226, 1222, 1219, 1217, 1215, 1218, 1218, 1216, 1219, 1223, 1226, 1226, 1219, 1231, 1233, 1232, 1235, 1231, 1230, 1235, 1239, 1241, 1242, 1246, 1252, 1259, 1265, 1270, 1276, 1282, 1289, 1299, 1308, 1316, 1325, 1336, 1347, 1355, 1365, 1371, 1379, 1388, 1396, 1407, 1417, 1428, 1442, 1457, 1472, 1487, 1500]
[0, 1345, 1268, 1260, 1330, 1317, 1311, 1303, 1297, 1294, 1291, 1289, 1286, 1284, 1282, 1282, 1284, 1284, 1284, 1284, 1284, 1285, 1224, 1230, 1228, 1230, 1235, 1235, 1235, 1235, 1238, 1240, 1242, 1248, 1253, 1259, 1265, 1271, 1277, 1283, 1289, 1297, 1307, 1317, 1328, 1338, 1347, 1358, 1365, 1371, 1381, 1392, 1400, 1410, 1421, 1431, 1445, 1460, 1473, 1487, 1502]
[0, 1367, 1359, 1353, 1346, 1317, 1336, 1327, 1320, 1318, 1314, 1309, 1306, 1304, 1302, 1298, 1297, 1299, 1299, 1298, 1297, 1295, 1285, 1286, 1289, 1289, 1288, 1288, 1290, 1292, 1292, 1290, 1291, 1293, 1294, 1297, 1299, 1302, 1306, 1310, 1314, 1317, 1321, 1327, 1334, 1342, 1348, 1357, 1365, 1371, 1380, 1391, 1399, 1408, 1420, 1431, 1445, 1459, 1473, 1487, 1502]
[0, 1367, 1361, 1354, 1347, 1339, 1332, 1327, 1322, 1317, 1314, 1312, 1310, 1306, 1302, 1299, 1300, 1299, 1300, 1301, 1299, 1299, 1295, 1292, 1293, 1296, 1292, 1288, 1290, 1290, 1290, 1290, 1290, 1291, 1293, 1296, 1299, 1302, 1305, 1308, 1312, 1316, 1321, 1326, 1334, 1341, 1347, 1357, 1365, 1371, 1377, 1387, 1399, 1409, 1420, 1428, 1441, 1458, 1473, 1487, 1501]
[0, 1408, 1397, 1390, 1386, 1381, 1377, 1370, 1364, 1362, 1358, 1353, 1349, 1346, 1340, 1331, 1322, 1315, 1312, 1308, 1304, 1302, 1298, 1296, 1297, 1293, 1288, 1288, 1289, 1289, 1290, 1292, 1295, 1294, 1295, 1298, 1298, 1301, 1305, 1310, 1314, 1317, 1323, 1330, 1336, 1342, 1349, 1358, 1366, 1373, 1381, 1389, 1399, 1410, 1421, 1433, 1446, 1460, 1476, 1492, 1503]
[0, 1414, 1399, 1391, 1387, 1382, 1377, 1370, 1365, 1362, 1359, 1354, 1349, 1343, 1336, 1330, 1321, 1315, 1312, 1307, 1303, 1302, 1298, 1293, 1292, 1291, 1289, 1287, 1287, 1286, 1288, 1290, 1291, 1294, 1295, 1295, 1297, 1301, 1306, 1309, 1313, 1317, 1323, 1329, 1336, 1341, 1349, 1356, 1366, 1375, 1382, 1392, 1401, 1412, 1424, 1436, 1449, 1462, 1477, 1494, 1504]
[0, 1422, 1411, 1398, 1392, 1388, 1383, 1378, 1372, 1368, 1364, 1359, 1355, 1350, 1345, 1336, 1325, 1319, 1315, 1311, 1307, 1301, 1297, 1293, 1292, 1291, 1288, 1288, 1287, 1286, 1288, 1290, 1291, 1293, 1294, 1295, 1295, 1303, 1306, 1307, 1313, 1317, 1323, 1329, 1336, 1336, 1341, 1348, 1366, 1375, 1382, 1392, 1401, 1412, 1423, 1434, 1448, 1462, 1477, 1494, 1505]
[0, 1416, 1404, 1393, 1391, 1389, 1380, 1374, 1372, 1366, 1359, 1354, 1351, 1344, 1335, 1329, 1321, 1316, 1312, 1308, 1304, 1301, 1295, 1293, 1291, 1289, 1288, 1288, 1289, 1289, 1289, 1290, 1289, 1291, 1292, 1296, 1299, 1302, 1305, 1309, 1313, 1317, 1320, 1326, 1333, 1341, 1347, 1354, 1362, 1370, 1378, 1388, 1397, 1408, 1419, 1428, 1442, 1456, 1470, 1484, 1498]
[0, 1470, 1455, 1434, 1421, 1412, 1401, 1393, 1383, 1369, 1361, 1355, 1347, 1340, 1335, 1326, 1318, 1315, 1312, 1307, 1303, 1301, 1297, 1293, 1292, 1290, 1289, 1288, 1286, 1286, 1287, 1289, 1291, 1293, 1294, 1295, 1297, 1301, 1306, 1310, 1314, 1318, 1323, 1328, 1334, 1342, 1349, 1356, 1366, 1374, 1383, 1392, 1401, 1412, 1422, 1435, 1449, 1466, 1481, 1494, 1506]
[0, 1477, 1467, 1450, 1432, 1419, 1408, 1397, 1389, 1378, 1367, 1360, 1355, 1347, 1340, 1333, 1325, 1319, 1315, 1312, 1309, 1303, 1296, 1293, 1289, 1287, 1289, 1288, 1286, 1286, 1286, 1288, 1290, 1292, 1294, 1295, 1297, 1301, 1305, 1309, 1312, 1313, 1319, 1326, 1333, 1341, 1348, 1354, 1361, 1370, 1381, 1391, 1400, 1410, 1421, 1434, 1447, 1459, 1476, 1494, 1505]
[0, 1462, 1446, 1432, 1422, 1412, 1400, 1390, 1380, 1370, 1362, 1355, 1346, 1340, 1335, 1326, 1319, 1315, 1311, 1307, 1303, 1303, 1298, 1295, 1293, 1292, 1288, 1288, 1288, 1286, 1286, 1286, 1286, 1288, 1291, 1294, 1296, 1297, 1301, 1305, 1309, 1313, 1317, 1320, 1326, 1333, 1340, 1349, 1356, 1366, 1375, 1382, 1393, 1402, 1412, 1425, 1439, 1452, 1463, 1481, 1498]
[0, 1470, 1453, 1438, 1427, 1416, 1403, 1394, 1384, 1373, 1364, 1358, 1349, 1342, 1337, 1328, 1322, 1318, 1313, 1308, 1304, 1300, 1296, 1293, 1289, 1287, 1288, 1288, 1286, 1285, 1286, 1288, 1290, 1291, 1292, 1294, 1296, 1299, 1302, 1308, 1311, 1313, 1320, 1326, 1333, 1341, 1347, 1353, 1361, 1371, 1380, 1388, 1397, 1409, 1420, 1430, 1443, 1459, 1476, 1493, 1504]
[0, 1470, 1453, 1438, 1426, 1415, 1403, 1394, 1384, 1372, 1364, 1357, 1349, 1341, 1337, 1328, 1321, 1317, 1312, 1308, 1303, 1300, 1295, 1292, 1291, 1289, 1287, 1287, 1286, 1285, 1286, 1287, 1286, 1288, 1291, 1291, 1295, 1298, 1301, 1305, 1309, 1315, 1317, 1319, 1326, 1334, 1340, 1347, 1355, 1366, 1376, 1382, 1393, 1403, 1414, 1427, 1435, 1447, 1467, 1483, 1495]
[0, 1465, 1450, 1435, 1421, 1412, 1401, 1391, 1379, 1370, 1364, 1356, 1350, 1342, 1332, 1325, 1318, 1315, 1311, 1305, 1301, 1298, 1295, 1292, 1291, 1289, 1287, 1287, 1285, 1285, 1286, 1286, 1286, 1287, 1291, 1291, 1295, 1298, 1300, 1303, 1307, 1313, 1317, 1319, 1326, 1334, 1340, 1347, 1355, 1365, 1375, 1382, 1392, 1403, 1414, 1426, 1435, 1448, 1466, 1483, 1495]
[0, 1460, 1450, 1445, 1430, 1417, 1406, 1396, 1386, 1375, 1367, 1360, 1354, 1346, 1335, 1328, 1323, 1318, 1314, 1308, 1302, 1300, 1296, 1293, 1289, 1286, 1288, 1287, 1282, 1282, 1285, 1287, 1287, 1288, 1290, 1291, 1295, 1298, 1302, 1307, 1310, 1315, 1320, 1327, 1332, 1337, 1345, 1348, 1356, 1368, 1376, 1384, 1394, 1403, 1416, 1431, 1442, 1452, 1468, 1485, 1500]
[0, 1469, 1452, 1439, 1427, 1416, 1405, 1395, 1383, 1373, 1365, 1358, 1349, 1341, 1336, 1328, 1321, 1316, 1310, 1306, 1303, 1300, 1296, 1294, 1291, 1289, 1288, 1284, 1284, 1286, 1283, 1284, 1287, 1287, 1289, 1292, 1292, 1294, 1298, 1301, 1308, 1313, 1317, 1320, 1326, 1334, 1340, 1346, 1354, 1362, 1372, 1382, 1391, 1401, 1411, 1424, 1436, 1448, 1463, 1480, 1495]
[0, 1473, 1458, 1441, 1427, 1417, 1406, 1395, 1383, 1372, 1365, 1358, 1352, 1345, 1337, 1328, 1321, 1317, 1312, 1306, 1302, 1300, 1295, 1292, 1291, 1290, 1288, 1286, 1287, 1286, 1283, 1284, 1286, 1287, 1289, 1290, 1294, 1296, 1298, 1301, 1305, 1312, 1316, 1319, 1327, 1338, 1345, 1349, 1356, 1364, 1374, 1381, 1391, 1404, 1415, 1428, 1441, 1451, 1466, 1485, 1501]
[0, 1458, 1446, 1430, 1416, 1405, 1406, 1397, 1386, 1375, 1366, 1358, 1353, 1345, 1335, 1327, 1323, 1317, 1313, 1308, 1302, 1299, 1296, 1292, 1289, 1287, 1286, 1284, 1283, 1284, 1285, 1285, 1285, 1284, 1287, 1290, 1291, 1294, 1299, 1302, 1306, 1311, 1315, 1319, 1326, 1334, 1340, 1347, 1356, 1365, 1372, 1379, 1392, 1404, 1412, 1422, 1435, 1450, 1467, 1481, 1497]
[0, 1460, 1448, 1434, 1421, 1408, 1397, 1386, 1375, 1367, 1360, 1354, 1346, 1339, 1330, 1322, 1318, 1314, 1308, 1308, 1303, 1300, 1297, 1295, 1291, 1289, 1288, 1285, 1281, 1283, 1286, 1287, 1287, 1287, 1290, 1290, 1292, 1296, 1297, 1299, 1302, 1307, 1313, 1319, 1323, 1331, 1340, 1345, 1353, 1362, 1368, 1376, 1389, 1400, 1411, 1423, 1436, 1454, 1477, 1497, 1505]
[0, 1459, 1446, 1433, 1420, 1407, 1397, 1386, 1376, 1368, 1360, 1353, 1345, 1334, 1326, 1322, 1317, 1313, 1308, 1307, 1302, 1299, 1295, 1293, 1291, 1287, 1285, 1286, 1283, 1282, 1283, 1282, 1282, 1283, 1288, 1290, 1293, 1295, 1296, 1298, 1305, 1309, 1311, 1317, 1324, 1334, 1343, 1352, 1363, 1374, 1384, 1397, 1411, 1419, 1429, 1443, 1454, 1464, 1478, 1497, 1509]
[0, 1465, 1449, 1434, 1421, 1410, 1399, 1389, 1378, 1370, 1363, 1353, 1344, 1339, 1330, 1322, 1318, 1313, 1308, 1305, 1300, 1298, 1296, 1294, 1290, 1285, 1284, 1284, 1282, 1282, 1285, 1284, 1285, 1286, 1288, 1289, 1291, 1295, 1296, 1298, 1303, 1312, 1322, 1331, 1338, 1347, 1352, 1360, 1368, 1378, 1391, 1400, 1413, 1421, 1430, 1443, 1454, 1468, 1482, 1497, 1505]
[0, 1460, 1447, 1432, 1419, 1406, 1396, 1386, 1374, 1366, 1359, 1352, 1345, 1338, 1330, 1320, 1315, 1310, 1305, 1303, 1299, 1294, 1295, 1292, 1290, 1287, 1284, 1283, 1282, 1282, 1284, 1286, 1286, 1285, 1287, 1290, 1292, 1295, 1298, 1304, 1311, 1320, 1330, 1336, 1342, 1349, 1358, 1362, 1371, 1387, 1396, 1405, 1414, 1424, 1435, 1447, 1459, 1474, 1489, 1503, 1509]
[0, 1457, 1444, 1429, 1419, 1405, 1396, 1396, 1375, 1366, 1366, 1357, 1349, 1341, 1334, 1326, 1320, 1314, 1312, 1307, 1301, 1298, 1292, 1289, 1285, 1286, 1284, 1283, 1285, 1284, 1285, 1286, 1288, 1291, 1294, 1295, 1300, 1307, 1311, 1315, 1320, 1323, 1325, 1332, 1341, 1349, 1358, 1366, 1374, 1386, 1395, 1405, 1416, 1425, 1437, 1450, 1460, 1474, 1490, 1491, 1495]
[0, 1467, 1451, 1436, 1426, 1412, 1400, 1390, 1379, 1372, 1361, 1352, 1345, 1338, 1329, 1322, 1319, 1313, 1308, 1304, 1298, 1298, 1295, 1291, 1287, 1285, 1284, 1284, 1286, 1289, 1291, 1293, 1295, 1298, 1301, 1301, 1304, 1308, 1312, 1313, 1315, 1319, 1323, 1328, 1335, 1346, 1352, 1356, 1364, 1376, 1386, 1395, 1409, 1420, 1427, 1440, 1453, 1463, 1478, 1493, 0]
[0, 1466, 1450, 1437, 1425, 1412, 1400, 1390, 1379, 1372, 1362, 1352, 1345, 1338, 1335, 1331, 1326, 1324, 1320, 1315, 1310, 1308, 1297, 1293, 1293, 1294, 1295, 1297, 1298, 1297, 1298, 1297, 1297, 1300, 1302, 1306, 1307, 1307, 1311, 1315, 1319, 1324, 1329, 1336, 1342, 1349, 1356, 1362, 1370, 1382, 1392, 1404, 1414, 1424, 1436, 1448, 1460, 1472, 1487, 1502, 1508]
[0, 1472, 1455, 1439, 1424, 1414, 1402, 1391, 1382, 1372, 1365, 1357, 1348, 1341, 1336, 1332, 1328, 1326, 1321, 1316, 1313, 1309, 1307, 1303, 1303, 1300, 1295, 1298, 1299, 1297, 1297, 1297, 1299, 1301, 1302, 1306, 1307, 1306, 1310, 1315, 1318, 1323, 1329, 1332, 1339, 1348, 1356, 1361, 1370, 1382, 1392, 1404, 1413, 1424, 1436, 1448, 1460, 1472, 1487, 1501, 1508]
[0, 1465, 1450, 1435, 1423, 1411, 1397, 1386, 1378, 1370, 1363, 1353, 1345, 1338, 1335, 1332, 1327, 1324, 1319, 1313, 1311, 1308, 1306, 1306, 1304, 1301, 1301, 1300, 1298, 1297, 1298, 1297, 1298, 1301, 1303, 1304, 1305, 1306, 1310, 1314, 1318, 1323, 1327, 1334, 1341, 1344, 1351, 1361, 1370, 1380, 1392, 1402, 1413, 1423, 1433, 1444, 1456, 1468, 1484, 1502, 1508]
[0, 1462, 1445, 1431, 1417, 1405, 1396, 1386, 1375, 1368, 1360, 1352, 1345, 1339, 1338, 1336, 1329, 1322, 1318, 1316, 1312, 1309, 1306, 1304, 1302, 1300, 1298, 1298, 1298, 1297, 1298, 1300, 1300, 1298, 1302, 1305, 1307, 1310, 1311, 1316, 1321, 1324, 1325, 1332, 1341, 1349, 1357, 1365, 1374, 1385, 1396, 1406, 1416, 1425, 1437, 1450, 1461, 1476, 1492, 1490, 1496]
[0, 1478, 1465, 1453, 1443, 1431, 1421, 1409, 1394, 1383, 1375, 1366, 1359, 1354, 1348, 1339, 1329, 1325, 1321, 1316, 1313, 1309, 1308, 1305, 1304, 1302, 1298, 1298, 1297, 1297, 1299, 1300, 1300, 1298, 1301, 1302, 1304, 1305, 1309, 1314, 1316, 1324, 1325, 1327, 1335, 1346, 1352, 1356, 1364, 1376, 1386, 1394, 1406, 1415, 1425, 1439, 1452, 1462, 1477, 1492, 1499]
[0, 1479, 1469, 1458, 1449, 1436, 1420, 1409, 1399, 1389, 1379, 1368, 1361, 1355, 1345, 1336, 1331, 1325, 1317, 1314, 1312, 1309, 1309, 1305, 1306, 1303, 1298, 1298, 1297, 1297, 1297, 1297, 1296, 1299, 1301, 1302, 1303, 1305, 1306, 1310, 1316, 1319, 1323, 1328, 1336, 1345, 1352, 1354, 1361, 1376, 1385, 1393, 1405, 1415, 1425, 1439, 1451, 1461, 1475, 1491, 1494]
[0, 1487, 1474, 1463, 1450, 1438, 1427, 1414, 1402, 1394, 1385, 1371, 1362, 1356, 1350, 1343, 1336, 1330, 1325, 1319, 1314, 1310, 1306, 1304, 1302, 1300, 1298, 1298, 1297, 1297, 1298, 1299, 1300, 1299, 1299, 1303, 1308, 1310, 1312, 1316, 1320, 1322, 1326, 1333, 1342, 1349, 1357, 1365, 1373, 1384, 1395, 1405, 1418, 1427, 1437, 1450, 1461, 1474, 1490, 1504, 1508]
[0, 1481, 1469, 1454, 1442, 1433, 1421, 1409, 1398, 1389, 1379, 1368, 1361, 1355, 1345, 1337, 1332, 1328, 1321, 1315, 1312, 1309, 1308, 1308, 1303, 1301, 1301, 1298, 1296, 1297, 1298, 1297, 1298, 1300, 1302, 1304, 1305, 1307, 1310, 1314, 1318, 1323, 1327, 1330, 1337, 1347, 1354, 1360, 1370, 1380, 1391, 1402, 1410, 1421, 1434, 1444, 1456, 1469, 1484, 1501, 1507]
[0, 1478, 1465, 1452, 1441, 1430, 1419, 1407, 1395, 1386, 1379, 1371, 1361, 1353, 1347, 1339, 1332, 1331, 1321, 1325, 1314, 1312, 1306, 1304, 1302, 1300, 1299, 1298, 1297, 1297, 1297, 1298, 1296, 1297, 1301, 1303, 1307, 1309, 1312, 1315, 1319, 1322, 1326, 1330, 1334, 1347, 1354, 1362, 1373, 1384, 1391, 1395, 1405, 1414, 1424, 1438, 1450, 1461, 1475, 1490, 1491]
[0, 1476, 1462, 1449, 1439, 1429, 1419, 1403, 1400, 1392, 1379, 1373, 1362, 1354, 1348, 1341, 1334, 1329, 1324, 1319, 1315, 1311, 1310, 1305, 1303, 1303, 1300, 1299, 1298, 1297, 1296, 1295, 1299, 1298, 1297, 1301, 1304, 1307, 1311, 1313, 1309, 1313, 1322, 1328, 1333, 1344, 1356, 1364, 1372, 1378, 1387, 1395, 1407, 1420, 1430, 1443, 1454, 1465, 1479, 1493, 1502]
