[0, 0, 0, 0, 0, 0, 0, 0, 0, 0, 0, 0, 0, 0, 0, 0, 0, 0, 0, 0, 0, 0, 0, 0, 0, 0, 0, 0, 0, 0, 0, 0, 0, 0, 0, 0, 0, 0, 0, 0, 0, 0, 0, 0, 0, 0, 0, 0, 0, 0, 0, 0, 0, 0, 0, 0, 0, 0, 0, 0, 0]
[0, 531, 526, 522, 519, 514, 511, 509, 506, 503, 500, 498, 496, 494, 493, 489, 487, 487, 485, 485, 484, 483, 482, 481, 480, 480, 480, 479, 480, 480, 480, 481, 481, 482, 483, 484, 486, 486, 489, 491, 492, 493, 495, 498, 500, 503, 507, 510, 513, 517, 521, 526, 530, 534, 538, 544, 550, 555, 560, 566, 573]
[0, 532, 527, 523, 519, 516, 512, 509, 506, 503, 501, 499, 496, 495, 492, 490, 488, 487, 486, 484, 483, 483, 482, 481, 481, 481, 480, 480, 480, 480, 480, 481, 481, 482, 483, 484, 485, 486, 488, 489, 492, 495, 496, 498, 502, 505, 508, 511, 515, 519, 522, 527, 532, 537, 542, 547, 553, 558, 563, 569, 576]
[0, 527, 523, 523, 519, 515, 512, 509, 506, 503, 501, 498, 496, 495, 492, 490, 488, 487, 485, 484, 483, 483, 482, 481, 481, 480, 480, 479, 479, 480, 480, 481, 481, 482, 483, 484, 484, 486, 488, 489, 492, 494, 495, 498, 501, 504, 507, 511, 514, 518, 522, 526, 531, 536, 542, 546, 551, 557, 562, 569, 575]
[0, 528, 524, 520, 516, 515, 510, 509, 507, 504, 502, 499, 497, 495, 493, 491, 489, 487, 486, 485, 483, 482, 482, 481, 481, 480, 479, 479, 480, 480, 480, 481, 481, 482, 483, 484, 484, 486, 488, 489, 492, 494, 496, 499, 501, 504, 507, 511, 514, 518, 522, 526, 531, 536, 541, 546, 551, 557, 562, 568, 575]
[0, 531, 526, 522, 518, 515, 512, 508, 506, 503, 500, 498, 497, 496, 494, 490, 489, 487, 486, 485, 484, 483, 482, 482, 480, 480, 480, 479, 480, 479, 480, 479, 481, 482, 482, 483, 484, 486, 487, 489, 492, 494, 496, 499, 501, 504, 507, 510, 514, 518, 522, 526, 530, 536, 541, 546, 551, 557, 562, 567, 574]
[0, 527, 524, 520, 518, 515, 512, 510, 507, 504, 501, 499, 497, 495, 493, 491, 489, 487, 486, 485, 483, 482, 482, 482, 481, 480, 480, 480, 479, 480, 481, 481, 481, 482, 483, 484, 485, 486, 488, 490, 492, 495, 497, 499, 503, 505, 508, 512, 516, 520, 524, 529, 533, 538, 543, 549, 554, 559, 564, 571, 579]
[0, 530, 526, 522, 519, 514, 512, 508, 506, 503, 500, 499, 498, 496, 494, 492, 490, 488, 486, 485, 484, 483, 482, 482, 480, 480, 480, 480, 480, 479, 481, 479, 482, 482, 482, 483, 484, 486, 487, 489, 492, 494, 496, 499, 501, 504, 507, 510, 514, 518, 522, 526, 530, 535, 541, 546, 551, 556, 562, 567, 574]
[0, 536, 532, 527, 523, 521, 517, 513, 511, 508, 506, 503, 501, 499, 497, 495, 494, 491, 490, 489, 488, 483, 486, 482, 481, 481, 480, 480, 481, 481, 481, 481, 482, 482, 484, 485, 486, 486, 489, 491, 492, 495, 498, 500, 501, 507, 510, 513, 517, 518, 525, 530, 535, 535, 540, 545, 556, 556, 562, 567, 580]
[0, 534, 529, 525, 522, 519, 515, 512, 509, 508, 507, 504, 502, 500, 498, 496, 494, 493, 491, 490, 488, 487, 486, 486, 486, 485, 485, 485, 485, 485, 486, 486, 486, 487, 488, 489, 491, 493, 494, 496, 498, 500, 503, 505, 508, 511, 514, 518, 521, 525, 530, 535, 539, 544, 549, 554, 559, 564, 571, 577, 584]
[0, 533, 529, 529, 522, 518, 515, 515, 512, 509, 506, 504, 502, 500, 498, 496, 494, 492, 491, 489, 489, 487, 487, 486, 485, 485, 485, 485, 485, 485, 485, 485, 486, 487, 488, 490, 491, 493, 495, 497, 500, 501, 503, 505, 507, 509, 512, 516, 519, 523, 527, 536, 539, 541, 546, 552, 556, 561, 568, 574, 581]
[0, 537, 533, 525, 522, 521, 518, 515, 512, 509, 506, 504, 502, 500, 498, 496, 495, 493, 491, 489, 489, 488, 487, 486, 485, 485, 485, 485, 485, 486, 485, 485, 486, 487, 489, 491, 491, 494, 495, 496, 498, 500, 503, 505, 508, 511, 513, 517, 521, 525, 529, 534, 538, 543, 548, 553, 559, 564, 569, 576, 583]
[0, 537, 533, 525, 525, 521, 522, 520, 517, 514, 511, 509, 507, 504, 502, 501, 499, 497, 496, 495, 494, 492, 491, 491, 485, 485, 485, 485, 485, 485, 485, 486, 486, 487, 489, 491, 492, 494, 494, 496, 498, 500, 503, 505, 508, 510, 513, 517, 521, 525, 529, 534, 538, 543, 548, 553, 559, 564, 569, 576, 583]
[0, 540, 536, 531, 528, 524, 521, 519, 515, 513, 510, 508, 505, 503, 501, 499, 498, 497, 496, 496, 495, 494, 492, 491, 490, 489, 489, 485, 489, 491, 492, 492, 493, 487, 493, 495, 496, 497, 499, 501, 503, 509, 503, 512, 514, 517, 520, 524, 527, 531, 535, 540, 545, 549, 554, 560, 565, 570, 577, 584, 590]
[0, 537, 536, 532, 529, 526, 522, 519, 517, 514, 511, 508, 506, 504, 502, 501, 499, 497, 496, 495, 494, 493, 492, 491, 490, 490, 489, 490, 490, 490, 491, 492, 492, 493, 494, 495, 497, 498, 500, 502, 504, 506, 509, 511, 514, 518, 521, 524, 529, 533, 537, 542, 546, 551, 556, 561, 566, 572, 579, 585, 593]
[0, 538, 533, 530, 527, 526, 520, 519, 517, 514, 511, 509, 506, 504, 502, 501, 499, 497, 496, 495, 494, 492, 491, 490, 491, 490, 489, 489, 490, 490, 491, 491, 493, 493, 494, 495, 496, 498, 499, 501, 504, 506, 509, 511, 513, 516, 520, 524, 527, 531, 536, 540, 545, 550, 555, 560, 566, 572, 578, 584, 591]
[0, 541, 537, 533, 530, 526, 523, 520, 517, 514, 512, 510, 506, 505, 503, 501, 499, 500, 499, 498, 497, 496, 495, 494, 490, 489, 489, 489, 490, 490, 492, 492, 492, 493, 495, 496, 496, 497, 499, 501, 503, 508, 510, 511, 513, 516, 520, 527, 527, 531, 539, 540, 544, 549, 555, 560, 564, 570, 577, 583, 589]
[0, 542, 537, 533, 530, 526, 523, 520, 517, 514, 512, 510, 507, 505, 503, 502, 500, 500, 499, 498, 497, 496, 495, 494, 494, 493, 493, 493, 493, 494, 494, 494, 495, 496, 497, 498, 500, 502, 503, 505, 508, 511, 512, 514, 518, 522, 525, 529, 534, 538, 542, 546, 551, 557, 562, 567, 573, 579, 586, 592, 598]
[0, 541, 537, 534, 529, 526, 523, 520, 517, 515, 512, 510, 507, 505, 505, 501, 500, 500, 499, 498, 497, 496, 495, 495, 494, 493, 493, 493, 492, 493, 494, 493, 494, 496, 497, 498, 500, 501, 503, 506, 508, 510, 512, 515, 518, 521, 524, 529, 533, 536, 541, 546, 550, 555, 561, 566, 572, 578, 585, 591, 598]
[0, 541, 538, 534, 530, 526, 524, 522, 518, 515, 512, 512, 510, 506, 505, 506, 504, 502, 500, 499, 497, 497, 496, 496, 494, 493, 493, 493, 493, 494, 494, 494, 495, 496, 497, 498, 500, 502, 503, 505, 508, 511, 513, 514, 518, 522, 525, 529, 534, 538, 542, 546, 551, 556, 562, 567, 573, 579, 585, 591, 598]
[0, 542, 538, 534, 530, 530, 526, 523, 521, 518, 516, 514, 511, 509, 507, 505, 503, 502, 501, 500, 499, 498, 497, 496, 496, 496, 494, 494, 496, 495, 495, 495, 496, 498, 500, 501, 503, 504, 506, 509, 511, 513, 516, 518, 520, 524, 528, 531, 535, 540, 545, 549, 554, 559, 563, 569, 577, 583, 588, 595, 602]
[0, 548, 538, 544, 540, 537, 534, 531, 528, 525, 523, 520, 518, 516, 514, 512, 510, 509, 508, 507, 506, 505, 504, 496, 496, 495, 495, 496, 496, 496, 497, 497, 498, 499, 500, 500, 501, 503, 507, 509, 511, 513, 516, 518, 519, 522, 529, 531, 533, 537, 546, 549, 550, 555, 560, 566, 572, 578, 585, 590, 596]
[0, 557, 553, 549, 545, 542, 538, 535, 533, 530, 527, 524, 523, 521, 519, 517, 515, 513, 512, 511, 510, 510, 509, 503, 503, 503, 503, 503, 503, 503, 505, 505, 506, 506, 500, 508, 509, 511, 512, 517, 520, 513, 524, 518, 527, 531, 534, 538, 541, 545, 550, 555, 564, 555, 569, 576, 587, 594, 585, 600, 606]
[0, 554, 550, 546, 545, 542, 539, 533, 533, 530, 527, 525, 523, 521, 519, 517, 515, 513, 512, 511, 511, 510, 509, 509, 508, 508, 508, 508, 508, 503, 509, 510, 506, 512, 500, 512, 513, 515, 520, 522, 520, 526, 524, 532, 527, 535, 539, 543, 547, 551, 556, 560, 564, 576, 569, 582, 588, 599, 585, 605, 612]
[0, 557, 553, 546, 546, 542, 540, 537, 533, 533, 531, 528, 526, 525, 523, 520, 519, 517, 515, 514, 514, 513, 512, 511, 508, 507, 507, 507, 507, 508, 509, 509, 511, 512, 512, 514, 515, 517, 519, 521, 524, 526, 529, 532, 534, 535, 542, 543, 546, 555, 556, 563, 569, 575, 569, 587, 588, 599, 605, 605, 618]
[0, 560, 556, 552, 548, 545, 542, 538, 535, 533, 530, 529, 526, 524, 522, 520, 518, 517, 515, 514, 513, 513, 512, 512, 511, 511, 511, 511, 511, 512, 512, 513, 513, 514, 516, 517, 519, 517, 523, 525, 527, 530, 533, 532, 540, 543, 542, 550, 546, 554, 563, 568, 573, 579, 584, 591, 588, 602, 609, 616, 622]
[0, 568, 564, 560, 556, 553, 549, 546, 544, 541, 538, 535, 534, 531, 529, 527, 526, 525, 524, 522, 522, 521, 520, 511, 511, 511, 511, 511, 511, 511, 512, 512, 513, 515, 516, 516, 518, 520, 522, 524, 525, 528, 531, 534, 537, 540, 544, 548, 552, 556, 560, 564, 570, 576, 582, 587, 593, 599, 606, 612, 619]
[0, 564, 564, 557, 556, 553, 550, 547, 544, 541, 538, 536, 534, 532, 530, 528, 526, 525, 524, 523, 521, 521, 520, 519, 519, 511, 519, 511, 519, 520, 512, 519, 521, 515, 524, 525, 526, 528, 529, 531, 533, 536, 539, 545, 537, 548, 552, 556, 559, 568, 560, 573, 578, 583, 589, 595, 601, 613, 606, 626, 619]
[0, 564, 566, 561, 558, 555, 551, 548, 545, 543, 541, 539, 537, 535, 532, 530, 529, 528, 526, 525, 525, 524, 522, 519, 519, 518, 518, 519, 519, 519, 521, 521, 522, 523, 524, 526, 527, 528, 531, 531, 533, 538, 541, 544, 547, 548, 554, 559, 563, 567, 560, 577, 582, 588, 594, 599, 606, 612, 618, 625, 633]
[0, 568, 564, 560, 558, 557, 554, 551, 548, 545, 542, 539, 537, 535, 533, 531, 529, 528, 526, 525, 525, 524, 523, 523, 522, 522, 522, 522, 522, 521, 522, 524, 525, 526, 526, 528, 531, 532, 535, 537, 539, 542, 545, 548, 551, 554, 558, 561, 565, 571, 576, 581, 586, 591, 597, 604, 610, 615, 621, 629, 637]
[0, 568, 564, 560, 558, 556, 553, 550, 548, 544, 541, 539, 537, 535, 533, 531, 529, 528, 527, 526, 525, 524, 524, 523, 522, 522, 522, 522, 522, 523, 523, 524, 525, 526, 526, 527, 530, 532, 534, 536, 539, 541, 544, 548, 551, 554, 558, 561, 565, 570, 576, 581, 586, 591, 597, 603, 610, 615, 621, 629, 637]
[0, 582, 577, 573, 569, 565, 562, 559, 556, 554, 551, 549, 546, 544, 543, 541, 539, 537, 536, 526, 534, 533, 532, 523, 522, 522, 522, 522, 523, 523, 524, 524, 526, 527, 529, 531, 532, 533, 536, 538, 541, 543, 545, 549, 553, 557, 559, 563, 569, 574, 579, 584, 589, 595, 601, 607, 613, 619, 626, 633, 641]
[0, 590, 586, 582, 578, 574, 570, 567, 564, 554, 559, 549, 555, 544, 553, 551, 550, 548, 547, 546, 545, 544, 543, 542, 522, 532, 532, 522, 533, 533, 533, 534, 534, 535, 536, 538, 540, 541, 543, 545, 548, 550, 553, 556, 559, 563, 566, 571, 575, 579, 584, 589, 594, 598, 604, 610, 617, 624, 630, 637, 645]
[0, 590, 590, 585, 581, 577, 573, 570, 566, 563, 561, 558, 557, 555, 553, 551, 549, 548, 547, 546, 545, 543, 542, 542, 541, 541, 541, 541, 542, 542, 543, 543, 544, 546, 547, 548, 551, 554, 554, 556, 558, 561, 564, 567, 570, 574, 579, 583, 587, 592, 596, 601, 607, 612, 618, 624, 631, 638, 645, 651, 659]
[0, 601, 597, 593, 589, 586, 582, 578, 575, 572, 569, 566, 564, 562, 560, 559, 558, 556, 555, 554, 552, 552, 542, 551, 542, 542, 542, 542, 542, 542, 543, 544, 546, 547, 547, 549, 551, 554, 556, 556, 560, 563, 566, 567, 573, 574, 582, 586, 591, 596, 596, 600, 605, 616, 622, 624, 629, 643, 645, 658, 659]
[0, 601, 598, 594, 591, 588, 584, 580, 577, 573, 570, 567, 565, 563, 562, 561, 559, 557, 556, 554, 553, 552, 551, 551, 551, 550, 550, 551, 551, 551, 552, 553, 554, 555, 556, 558, 559, 561, 563, 565, 567, 569, 573, 577, 581, 584, 588, 593, 597, 602, 606, 611, 616, 622, 628, 634, 642, 649, 655, 663, 671]
[0, 608, 604, 600, 596, 593, 590, 587, 577, 581, 578, 567, 575, 573, 571, 569, 566, 565, 563, 562, 561, 561, 560, 560, 550, 550, 551, 551, 551, 552, 553, 554, 555, 556, 557, 558, 560, 561, 562, 566, 567, 569, 572, 576, 580, 588, 588, 591, 595, 600, 604, 609, 615, 620, 626, 633, 641, 648, 655, 660, 669]
[0, 611, 607, 603, 599, 596, 592, 589, 586, 583, 580, 577, 575, 573, 570, 568, 567, 565, 564, 563, 562, 561, 560, 560, 559, 559, 559, 559, 560, 561, 561, 562, 563, 564, 565, 566, 569, 571, 572, 576, 579, 581, 584, 588, 592, 596, 599, 603, 607, 612, 617, 622, 629, 635, 642, 648, 654, 662, 670, 677, 686]
[0, 615, 611, 607, 603, 600, 597, 593, 591, 588, 585, 582, 580, 578, 577, 574, 567, 571, 570, 569, 567, 567, 566, 565, 559, 559, 559, 559, 560, 561, 561, 562, 562, 563, 565, 566, 568, 570, 573, 575, 578, 581, 584, 587, 590, 594, 598, 601, 606, 611, 616, 621, 627, 634, 641, 647, 653, 660, 667, 674, 682]
[0, 623, 618, 607, 614, 611, 608, 604, 601, 598, 595, 593, 591, 589, 587, 585, 583, 582, 581, 579, 577, 576, 576, 565, 565, 565, 565, 565, 565, 566, 566, 567, 568, 570, 572, 573, 575, 578, 580, 583, 586, 588, 591, 595, 598, 602, 606, 609, 614, 619, 624, 631, 637, 643, 649, 656, 662, 670, 678, 687, 694]
[0, 631, 626, 622, 618, 614, 611, 607, 604, 601, 599, 596, 594, 592, 587, 590, 588, 587, 586, 584, 583, 582, 581, 580, 574, 575, 575, 575, 565, 576, 577, 578, 578, 581, 572, 583, 585, 587, 589, 591, 593, 595, 599, 602, 606, 610, 614, 617, 622, 627, 633, 639, 644, 650, 656, 663, 670, 676, 684, 692, 702]
[0, 633, 628, 623, 619, 615, 612, 609, 606, 602, 599, 597, 595, 593, 591, 590, 588, 586, 585, 584, 582, 582, 581, 581, 579, 579, 579, 579, 580, 581, 582, 583, 584, 585, 588, 589, 590, 592, 594, 596, 599, 602, 605, 609, 613, 616, 620, 625, 630, 636, 641, 646, 652, 658, 664, 671, 679, 687, 695, 703, 711]
[0, 629, 625, 621, 617, 615, 613, 607, 606, 605, 602, 599, 596, 594, 593, 591, 589, 588, 587, 585, 583, 582, 582, 581, 580, 580, 580, 580, 580, 581, 582, 583, 584, 585, 587, 589, 591, 593, 594, 597, 599, 601, 605, 608, 611, 615, 620, 625, 629, 634, 640, 646, 651, 656, 663, 670, 677, 685, 693, 702, 710]
[0, 633, 629, 624, 620, 616, 614, 607, 609, 605, 605, 602, 600, 599, 597, 595, 594, 592, 590, 589, 588, 588, 587, 581, 580, 580, 580, 580, 581, 582, 582, 584, 585, 586, 587, 589, 592, 593, 595, 598, 600, 604, 607, 610, 614, 615, 617, 627, 629, 637, 644, 649, 655, 660, 667, 670, 681, 688, 697, 706, 710]
[0, 653, 648, 644, 640, 637, 633, 630, 627, 624, 621, 602, 618, 616, 614, 611, 610, 608, 607, 606, 605, 604, 602, 587, 586, 586, 586, 587, 587, 587, 589, 591, 592, 593, 594, 596, 598, 600, 602, 604, 607, 610, 607, 617, 620, 624, 629, 635, 629, 645, 650, 649, 656, 668, 667, 682, 681, 690, 706, 714, 710]
[0, 660, 655, 651, 647, 644, 639, 636, 633, 630, 628, 624, 621, 619, 617, 615, 610, 612, 607, 611, 609, 604, 609, 607, 602, 603, 602, 602, 603, 604, 605, 605, 607, 608, 610, 611, 613, 615, 617, 619, 623, 627, 630, 634, 639, 642, 646, 651, 656, 661, 667, 673, 679, 685, 693, 682, 709, 715, 723, 731, 741]
[0, 661, 657, 652, 648, 644, 641, 638, 635, 631, 628, 625, 622, 619, 617, 616, 614, 613, 612, 611, 609, 609, 609, 608, 607, 607, 607, 607, 607, 608, 609, 610, 610, 612, 614, 615, 616, 618, 620, 623, 626, 630, 633, 638, 642, 647, 651, 655, 661, 665, 672, 677, 683, 690, 698, 706, 712, 719, 728, 737, 746]
[0, 665, 661, 656, 652, 648, 645, 642, 639, 636, 628, 631, 622, 629, 625, 623, 621, 619, 619, 618, 616, 615, 614, 608, 608, 608, 608, 607, 607, 609, 610, 610, 611, 612, 614, 615, 617, 619, 621, 624, 627, 631, 634, 638, 643, 647, 651, 655, 660, 665, 671, 677, 683, 690, 698, 706, 712, 720, 728, 737, 746]
[0, 665, 674, 669, 665, 662, 658, 654, 651, 649, 646, 644, 641, 639, 636, 633, 632, 631, 630, 628, 627, 626, 624, 614, 613, 613, 613, 614, 614, 615, 616, 615, 612, 611, 618, 623, 625, 627, 630, 633, 636, 640, 643, 647, 643, 654, 651, 664, 660, 675, 681, 687, 694, 690, 702, 709, 715, 722, 731, 739, 749]
[0, 679, 674, 669, 665, 662, 658, 654, 651, 648, 646, 643, 641, 639, 636, 633, 632, 631, 629, 628, 627, 625, 624, 624, 624, 624, 613, 624, 626, 615, 625, 616, 607, 605, 607, 616, 629, 637, 640, 643, 645, 649, 653, 656, 659, 663, 667, 672, 678, 684, 690, 696, 702, 709, 715, 722, 730, 738, 747, 756, 766]
[0, 677, 672, 668, 664, 661, 657, 654, 653, 651, 648, 646, 643, 640, 638, 636, 634, 632, 630, 629, 628, 627, 627, 624, 624, 624, 624, 625, 625, 625, 625, 616, 608, 605, 607, 616, 630, 638, 640, 643, 645, 649, 652, 655, 659, 663, 667, 672, 677, 683, 689, 695, 702, 709, 715, 722, 730, 738, 747, 755, 765]
[0, 680, 675, 671, 667, 663, 659, 656, 653, 649, 646, 644, 643, 640, 638, 635, 633, 631, 630, 629, 628, 627, 627, 626, 625, 625, 626, 626, 627, 627, 620, 609, 606, 607, 612, 0, 638, 641, 643, 646, 650, 653, 656, 660, 659, 668, 672, 678, 683, 689, 696, 695, 702, 709, 715, 721, 730, 738, 747, 756, 774]
[0, 688, 683, 678, 667, 675, 671, 667, 664, 661, 658, 655, 653, 651, 648, 646, 645, 644, 643, 641, 640, 639, 637, 626, 624, 625, 626, 626, 626, 627, 629, 0, 607, 605, 607, 616, 631, 640, 642, 645, 649, 651, 653, 658, 662, 665, 669, 674, 679, 686, 693, 700, 706, 712, 719, 726, 734, 742, 751, 760, 769]
[0, 690, 684, 680, 676, 673, 670, 666, 663, 660, 657, 655, 653, 653, 649, 646, 646, 645, 643, 642, 641, 640, 639, 637, 637, 637, 637, 638, 639, 638, 0, 608, 605, 606, 607, 616, 0, 653, 655, 645, 658, 661, 667, 658, 671, 675, 680, 686, 691, 697, 703, 709, 714, 721, 729, 736, 744, 752, 761, 769, 779]
[0, 689, 684, 679, 676, 672, 668, 665, 663, 662, 659, 656, 653, 651, 649, 648, 647, 645, 643, 642, 641, 639, 638, 639, 638, 638, 638, 638, 639, 640, 0, 609, 605, 605, 608, 616, 0, 0, 654, 656, 659, 663, 666, 670, 673, 679, 684, 689, 695, 701, 707, 713, 719, 727, 734, 741, 750, 759, 768, 776, 786]
[0, 704, 700, 696, 690, 686, 683, 679, 675, 673, 671, 656, 668, 666, 664, 662, 661, 659, 657, 656, 655, 654, 653, 638, 638, 638, 639, 639, 639, 640, 0, 609, 605, 606, 611, 625, 642, 652, 655, 658, 661, 664, 667, 671, 675, 680, 685, 691, 696, 702, 708, 714, 721, 728, 735, 743, 750, 759, 769, 777, 787]
[0, 710, 705, 700, 695, 692, 688, 684, 681, 673, 678, 675, 673, 671, 669, 667, 665, 664, 662, 661, 660, 659, 657, 652, 652, 653, 652, 652, 653, 0, 617, 607, 603, 604, 608, 625, 642, 0, 670, 672, 674, 678, 682, 686, 691, 697, 702, 708, 712, 717, 724, 731, 738, 745, 753, 761, 769, 778, 787, 797, 806]
[0, 720, 715, 710, 706, 701, 698, 694, 690, 687, 684, 681, 679, 677, 676, 674, 672, 671, 669, 668, 667, 666, 665, 657, 657, 657, 657, 657, 658, 0, 617, 607, 603, 603, 608, 625, 642, 0, 675, 677, 680, 683, 687, 692, 697, 702, 707, 712, 717, 723, 730, 737, 744, 751, 759, 766, 774, 783, 792, 803, 813]
[0, 726, 721, 716, 712, 708, 704, 700, 697, 694, 691, 689, 687, 684, 681, 680, 679, 677, 676, 674, 667, 673, 673, 657, 665, 665, 665, 666, 669, 0, 0, 606, 603, 601, 604, 625, 642, 0, 682, 685, 688, 691, 696, 700, 705, 711, 715, 719, 725, 731, 737, 743, 750, 758, 766, 773, 782, 791, 801, 810, 820]
[0, 739, 733, 728, 723, 719, 716, 712, 708, 705, 703, 700, 698, 695, 693, 691, 689, 677, 687, 674, 684, 673, 684, 672, 665, 671, 672, 673, 673, 0, 0, 606, 604, 603, 604, 0, 642, 0, 690, 692, 695, 700, 704, 708, 712, 717, 722, 727, 732, 739, 746, 754, 760, 767, 774, 783, 792, 801, 810, 819, 829]
[0, 739, 734, 730, 725, 720, 715, 713, 710, 707, 704, 701, 699, 697, 694, 691, 690, 689, 688, 687, 685, 684, 683, 683, 683, 683, 684, 685, 684, 0, 601, 605, 601, 600, 604, 0, 642, 0, 702, 706, 709, 712, 716, 720, 725, 730, 736, 742, 748, 755, 761, 768, 774, 781, 789, 798, 808, 816, 825, 834, 844]
[0, 739, 731, 726, 722, 720, 718, 714, 711, 708, 706, 703, 700, 698, 696, 694, 692, 690, 689, 688, 686, 686, 685, 684, 684, 683, 684, 684, 684, 0, 0, 602, 601, 601, 604, 0, 642, 0, 702, 705, 708, 711, 715, 719, 724, 730, 734, 739, 746, 753, 759, 766, 772, 780, 788, 796, 805, 814, 822, 831, 840]
[0, 739, 734, 728, 724, 720, 716, 712, 709, 705, 703, 701, 698, 696, 694, 692, 692, 688, 689, 688, 686, 685, 684, 684, 684, 685, 685, 686, 686, 0, 0, 603, 601, 600, 601, 607, 642, 0, 705, 708, 711, 715, 718, 723, 728, 733, 739, 745, 746, 757, 764, 770, 777, 785, 788, 794, 803, 820, 829, 838, 850]
[0, 746, 740, 728, 735, 726, 716, 722, 719, 716, 713, 711, 709, 707, 705, 703, 701, 700, 699, 698, 697, 696, 695, 683, 683, 683, 684, 685, 684, 0, 601, 605, 601, 600, 604, 607, 642, 0, 702, 706, 709, 712, 716, 719, 725, 731, 735, 741, 747, 755, 762, 767, 773, 782, 789, 797, 807, 815, 823, 831, 843]
[0, 770, 764, 758, 754, 726, 750, 746, 737, 716, 735, 732, 730, 728, 725, 722, 720, 719, 718, 717, 716, 715, 714, 695, 695, 696, 695, 696, 0, 597, 603, 601, 601, 600, 605, 607, 642, 0, 715, 718, 722, 726, 731, 736, 741, 747, 754, 760, 765, 772, 779, 786, 793, 802, 810, 819, 827, 834, 845, 857, 867]
[0, 780, 774, 769, 764, 760, 755, 751, 749, 745, 741, 738, 736, 734, 731, 730, 728, 726, 725, 724, 723, 722, 714, 714, 715, 714, 714, 0, 0, 0, 610, 601, 599, 600, 600, 614, 0, 731, 735, 737, 742, 747, 751, 756, 761, 766, 773, 779, 784, 790, 796, 804, 813, 821, 829, 836, 844, 855, 865, 874, 884]
[0, 780, 785, 778, 773, 768, 764, 761, 758, 756, 752, 748, 745, 743, 741, 738, 735, 735, 733, 732, 731, 731, 732, 722, 715, 721, 721, 0, 0, 0, 614, 603, 597, 596, 601, 609, 0, 731, 0, 746, 751, 755, 759, 764, 769, 773, 780, 786, 791, 798, 805, 812, 820, 827, 835, 844, 854, 863, 872, 881, 890]
[0, 788, 782, 777, 771, 765, 762, 760, 755, 752, 750, 747, 744, 742, 739, 736, 735, 735, 734, 733, 732, 731, 730, 731, 731, 730, 730, 0, 0, 0, 0, 604, 599, 597, 599, 604, 0, 0, 754, 758, 762, 0, 770, 776, 769, 782, 788, 793, 806, 798, 812, 828, 820, 835, 843, 852, 861, 870, 878, 887, 898]
[0, 808, 802, 797, 791, 785, 781, 777, 774, 770, 767, 766, 763, 760, 758, 756, 754, 753, 752, 751, 749, 749, 730, 730, 730, 730, 730, 0, 0, 0, 610, 601, 598, 599, 601, 610, 0, 748, 752, 756, 761, 765, 769, 774, 779, 784, 791, 799, 805, 811, 817, 825, 832, 838, 848, 859, 867, 875, 884, 893, 904]
[0, 805, 798, 797, 792, 787, 782, 779, 776, 772, 769, 766, 763, 761, 759, 757, 755, 754, 752, 751, 751, 750, 749, 750, 751, 750, 730, 0, 0, 0, 611, 600, 596, 596, 599, 607, 0, 748, 0, 774, 778, 783, 788, 794, 799, 804, 810, 816, 823, 829, 836, 843, 851, 861, 869, 876, 885, 894, 903, 913, 926]
[0, 808, 802, 796, 790, 785, 781, 777, 774, 770, 768, 766, 763, 760, 758, 755, 754, 753, 752, 751, 750, 749, 749, 749, 749, 750, 750, 0, 0, 0, 0, 604, 598, 597, 599, 604, 0, 0, 772, 776, 782, 786, 791, 796, 801, 807, 813, 819, 825, 829, 839, 843, 857, 861, 865, 872, 880, 889, 899, 920, 926]
[0, 833, 827, 822, 816, 812, 809, 806, 802, 798, 768, 792, 763, 790, 788, 785, 783, 782, 780, 779, 779, 778, 776, 749, 750, 750, 750, 0, 0, 0, 611, 601, 597, 596, 598, 606, 0, 0, 0, 774, 778, 782, 788, 792, 798, 804, 809, 816, 823, 829, 835, 843, 851, 860, 868, 876, 885, 893, 902, 913, 924]
[0, 832, 827, 822, 816, 812, 809, 806, 805, 801, 797, 794, 792, 790, 787, 784, 782, 781, 780, 779, 778, 777, 776, 775, 775, 775, 777, 0, 0, 0, 605, 601, 597, 595, 596, 600, 0, 797, 802, 806, 811, 815, 821, 826, 830, 835, 842, 849, 856, 864, 871, 878, 885, 893, 901, 911, 922, 932, 942, 951, 963]
[0, 850, 843, 836, 832, 829, 809, 824, 820, 817, 815, 813, 809, 807, 805, 802, 800, 799, 798, 797, 796, 795, 795, 775, 775, 776, 776, 0, 0, 0, 605, 601, 597, 595, 596, 0, 0, 797, 802, 806, 811, 815, 821, 826, 830, 835, 841, 848, 856, 864, 871, 878, 885, 893, 902, 912, 922, 933, 943, 952, 963]
[0, 861, 854, 848, 842, 837, 832, 828, 826, 824, 822, 819, 816, 814, 805, 809, 800, 808, 808, 806, 804, 804, 804, 795, 794, 794, 794, 0, 0, 0, 0, 603, 598, 595, 596, 0, 0, 817, 822, 826, 829, 833, 838, 846, 852, 858, 864, 870, 876, 882, 890, 899, 907, 917, 927, 935, 944, 954, 965, 979, 992]
[0, 861, 858, 851, 844, 839, 835, 832, 829, 826, 823, 820, 818, 815, 813, 811, 809, 807, 806, 806, 804, 804, 804, 802, 802, 803, 804, 0, 0, 0, 605, 597, 598, 595, 596, 609, 0, 817, 0, 833, 837, 841, 847, 854, 860, 866, 872, 878, 883, 890, 899, 907, 916, 926, 934, 941, 949, 960, 974, 988, 998]
[0, 859, 853, 848, 842, 839, 836, 833, 830, 827, 824, 821, 819, 816, 814, 813, 810, 808, 808, 807, 806, 805, 804, 802, 802, 804, 804, 0, 0, 0, 0, 601, 596, 595, 597, 602, 0, 827, 831, 835, 838, 843, 849, 855, 862, 868, 874, 879, 886, 893, 901, 909, 918, 929, 937, 945, 954, 965, 980, 988, 1003]
[0, 867, 861, 857, 851, 846, 841, 836, 833, 831, 829, 826, 824, 822, 818, 816, 815, 814, 813, 812, 812, 812, 804, 804, 804, 805, 805, 0, 0, 0, 0, 602, 597, 594, 595, 600, 0, 825, 831, 835, 839, 844, 850, 855, 862, 868, 873, 879, 884, 890, 900, 908, 918, 927, 934, 943, 953, 964, 978, 990, 1000]
[0, 887, 882, 878, 851, 869, 865, 862, 833, 858, 855, 852, 849, 845, 843, 840, 839, 838, 836, 835, 834, 834, 835, 812, 812, 812, 813, 0, 0, 0, 0, 600, 596, 595, 597, 604, 0, 0, 843, 835, 853, 859, 0, 865, 874, 868, 880, 886, 892, 908, 900, 916, 925, 935, 943, 951, 961, 972, 985, 996, 1007]
[0, 890, 884, 878, 874, 870, 866, 864, 860, 856, 854, 850, 847, 844, 841, 840, 840, 838, 836, 835, 835, 834, 834, 835, 833, 834, 835, 0, 0, 0, 597, 601, 594, 593, 595, 600, 0, 0, 0, 870, 874, 879, 884, 889, 895, 901, 908, 915, 921, 930, 938, 946, 954, 964, 975, 986, 996, 1006, 1017, 1029, 1043]
[0, 891, 887, 881, 876, 873, 869, 865, 861, 858, 854, 851, 849, 846, 843, 841, 840, 838, 836, 835, 835, 835, 834, 835, 835, 835, 835, 0, 0, 0, 604, 601, 594, 593, 599, 609, 0, 0, 866, 870, 874, 878, 882, 888, 894, 899, 907, 914, 921, 930, 937, 944, 953, 963, 973, 985, 995, 1006, 1017, 1030, 1044]
[0, 890, 884, 879, 874, 870, 867, 864, 860, 857, 854, 850, 847, 844, 841, 840, 838, 838, 836, 835, 835, 834, 834, 835, 835, 835, 835, 0, 0, 0, 0, 599, 594, 593, 597, 603, 0, 865, 870, 873, 877, 882, 0, 886, 891, 897, 905, 913, 919, 925, 933, 941, 951, 960, 969, 980, 991, 1001, 1012, 1023, 1036]
[0, 933, 927, 921, 917, 912, 907, 905, 902, 898, 854, 896, 894, 892, 890, 888, 886, 885, 884, 884, 883, 882, 882, 835, 835, 835, 835, 0, 0, 0, 0, 604, 594, 593, 599, 603, 609, 0, 867, 870, 874, 878, 882, 888, 894, 899, 907, 914, 921, 929, 937, 944, 953, 963, 973, 985, 995, 1006, 1017, 1030, 1043]
[0, 949, 943, 936, 931, 927, 922, 918, 915, 911, 908, 905, 903, 901, 899, 897, 895, 894, 893, 893, 892, 891, 882, 883, 883, 884, 885, 888, 0, 0, 592, 596, 594, 593, 594, 598, 609, 0, 0, 921, 926, 931, 937, 943, 948, 954, 961, 968, 977, 986, 994, 1003, 1012, 1021, 1033, 1044, 1055, 1068, 1082, 1096, 1110]
[0, 948, 942, 936, 931, 927, 921, 918, 915, 912, 908, 906, 904, 901, 899, 897, 896, 894, 893, 893, 892, 891, 891, 892, 892, 893, 895, 888, 0, 591, 596, 595, 591, 592, 596, 604, 609, 0, 927, 932, 936, 941, 946, 951, 956, 962, 970, 978, 987, 995, 1003, 1013, 1022, 1032, 1043, 1054, 1065, 1077, 1090, 1105, 1119]
[0, 973, 964, 957, 953, 949, 944, 941, 938, 934, 931, 929, 927, 924, 923, 922, 919, 918, 917, 917, 917, 918, 892, 892, 893, 894, 896, 888, 0, 592, 596, 595, 591, 592, 596, 604, 609, 0, 927, 932, 936, 942, 947, 952, 957, 963, 971, 979, 988, 996, 1006, 1015, 1023, 1033, 1043, 1054, 1068, 1079, 1093, 1110, 1124]
[0, 991, 984, 978, 971, 964, 959, 955, 952, 950, 946, 943, 941, 939, 937, 935, 934, 934, 934, 933, 932, 932, 917, 917, 918, 919, 920, 922, 0, 0, 603, 595, 591, 591, 595, 604, 604, 0, 949, 955, 960, 965, 970, 976, 985, 993, 999, 1006, 1014, 1022, 1031, 1041, 1051, 1062, 1072, 1083, 1095, 1108, 1123, 1139, 1154]
[0, 988, 981, 973, 967, 962, 957, 953, 951, 948, 945, 942, 940, 938, 936, 935, 934, 933, 932, 931, 932, 932, 932, 933, 933, 934, 936, 937, 943, 0, 0, 596, 591, 589, 592, 598, 604, 0, 968, 972, 980, 987, 992, 997, 1004, 1010, 1018, 1028, 1036, 1044, 1054, 1065, 1075, 1083, 1094, 1107, 1122, 1138, 1151, 1165, 1179]
[0, 1034, 1027, 1022, 1017, 1011, 1005, 1002, 999, 997, 994, 991, 988, 986, 985, 982, 981, 979, 978, 979, 979, 979, 932, 932, 933, 934, 935, 935, 937, 0, 0, 593, 591, 590, 590, 605, 604, 0, 966, 969, 974, 983, 990, 996, 1001, 1007, 1015, 1022, 1031, 1039, 1048, 1059, 1069, 1080, 1090, 1101, 1113, 1128, 1145, 1159, 1172]
[0, 1042, 1036, 1030, 1017, 1019, 1014, 1002, 1010, 1006, 1003, 1000, 999, 997, 995, 993, 991, 990, 990, 991, 991, 990, 980, 981, 982, 983, 983, 985, 937, 0, 0, 0, 660, 662, 659, 652, 0, 0, 0, 1026, 1033, 1039, 1046, 1054, 1061, 1069, 1077, 1085, 1093, 1102, 1113, 1126, 1138, 1151, 1163, 1176, 1190, 1201, 1215, 1231, 1248]
[0, 1042, 1036, 1030, 1025, 1019, 1014, 1002, 1010, 1006, 1003, 1000, 999, 997, 995, 992, 991, 989, 990, 991, 991, 990, 990, 990, 991, 992, 992, 992, 998, 0, 0, 651, 659, 663, 661, 655, 0, 0, 1027, 1033, 1038, 1044, 1051, 1058, 1064, 1072, 1080, 1088, 1097, 1107, 1118, 1129, 1140, 1153, 1165, 1177, 1190, 1203, 1217, 1232, 1251]
[0, 1063, 1058, 1052, 1045, 1039, 1034, 1030, 1026, 1022, 1019, 1016, 1013, 1012, 1010, 1008, 1005, 1004, 1005, 1005, 1005, 1004, 990, 990, 991, 992, 992, 993, 998, 0, 0, 651, 659, 663, 661, 655, 0, 0, 1026, 1033, 1038, 1044, 1051, 1058, 1064, 1072, 1080, 1088, 1097, 1107, 1118, 1129, 1140, 1152, 1165, 1177, 1190, 1203, 1217, 1233, 1251]
[0, 1078, 1071, 1064, 1058, 1052, 1046, 1043, 1038, 1035, 1033, 1029, 1027, 1024, 1022, 1021, 1020, 1019, 1019, 1019, 1019, 1019, 1004, 1005, 1006, 1006, 1007, 1008, 998, 0, 0, 655, 660, 662, 660, 653, 0, 0, 0, 1052, 1059, 1065, 1072, 1079, 1086, 1095, 1103, 1111, 1122, 1134, 1144, 1155, 1167, 1179, 1191, 1203, 1218, 1233, 1247, 1263, 1280]
[0, 1090, 1083, 1076, 1071, 1066, 1062, 1058, 1055, 1051, 1033, 1046, 1042, 1038, 1022, 1037, 1037, 1036, 1036, 1035, 1034, 1035, 1035, 1020, 1021, 1021, 1022, 1021, 998, 0, 643, 655, 660, 662, 660, 653, 0, 0, 0, 1070, 1076, 1082, 1088, 1095, 1104, 1112, 1120, 1129, 1141, 1154, 1163, 1171, 1182, 1196, 1210, 1225, 1238, 1252, 1268, 1284, 1302]
[0, 1107, 1099, 1092, 1087, 1081, 1076, 1071, 1066, 1063, 1060, 1057, 1053, 1051, 1050, 1048, 1046, 1044, 1045, 1046, 1044, 1043, 1035, 1036, 1037, 1037, 1037, 1039, 1041, 0, 651, 655, 658, 662, 658, 653, 0, 0, 0, 1083, 1089, 1095, 1102, 1110, 1119, 1126, 1135, 1146, 1156, 1164, 1174, 1186, 1198, 1209, 1222, 1237, 1250, 1265, 1281, 1297, 1302]
[0, 1107, 1098, 1092, 1086, 1081, 1076, 1070, 1067, 1064, 1061, 1058, 1056, 1053, 1052, 1049, 1047, 1047, 1047, 1046, 1047, 1046, 1047, 1044, 1045, 1046, 1048, 1049, 1051, 0, 0, 653, 660, 663, 661, 658, 0, 1084, 1090, 1094, 1100, 1106, 1115, 1124, 1132, 1139, 1150, 1160, 1167, 1176, 1188, 1199, 1213, 1226, 1237, 1250, 1265, 1277, 1294, 1297, 1322]
[0, 1109, 1101, 1094, 1088, 1083, 1078, 1073, 1068, 1064, 1061, 1059, 1056, 1053, 1052, 1051, 1049, 1048, 1048, 1047, 1047, 1049, 1049, 1044, 1049, 1050, 1052, 1054, 1055, 0, 650, 658, 662, 662, 661, 659, 0, 1086, 1092, 1097, 1103, 1110, 1119, 1127, 1135, 1142, 1151, 1161, 1169, 1177, 1189, 1201, 1214, 1228, 1241, 1253, 1264, 1281, 1299, 1297, 1322]
[0, 1163, 1156, 1150, 1144, 1137, 1130, 1124, 1120, 1115, 1112, 1109, 1105, 1103, 1102, 1101, 1101, 1100, 1099, 1098, 1097, 1099, 1050, 1050, 1051, 1051, 1053, 1055, 1056, 0, 0, 656, 661, 662, 660, 659, 0, 0, 1094, 1100, 1106, 1114, 1123, 1131, 1140, 1150, 1157, 1165, 1174, 1184, 1196, 1207, 1220, 1235, 1247, 1259, 1274, 1291, 1307, 1297, 1334]
[0, 1161, 1154, 1147, 1141, 1134, 1129, 1124, 1119, 1117, 1112, 1108, 1107, 1103, 1102, 1102, 1102, 1100, 1099, 1099, 1100, 1100, 1101, 1102, 1104, 1108, 1110, 1111, 1115, 1118, 1119, 1121, 1124, 1129, 1133, 1137, 1143, 1150, 1157, 1162, 1167, 1174, 1180, 1188, 1197, 1206, 1217, 1228, 1240, 1252, 1267, 1279, 1288, 1306, 1329, 1344, 1355, 1374, 1392, 1410, 1427]
[0, 1161, 1154, 1147, 1141, 1134, 1129, 1124, 1119, 1117, 1112, 1109, 1107, 1103, 1103, 1103, 1102, 1100, 1099, 1100, 1100, 1101, 1101, 1105, 1108, 1108, 1110, 1113, 1116, 1118, 1120, 1121, 1125, 1130, 1135, 1140, 1146, 1152, 1159, 1164, 1169, 1174, 1182, 1191, 1199, 1209, 1219, 1229, 1243, 1261, 1279, 1286, 1295, 1316, 1332, 1343, 1359, 1379, 1399, 1413, 1425]
[0, 1196, 1189, 1181, 1175, 1168, 1164, 1159, 1155, 1152, 1148, 1144, 1142, 1139, 1136, 1136, 1137, 1137, 1136, 1135, 1135, 1136, 1102, 1104, 1109, 1109, 1110, 1113, 1116, 1119, 1120, 1122, 1127, 1130, 1131, 1141, 1146, 1146, 1154, 1160, 1165, 1170, 1175, 1184, 1193, 1200, 1211, 1224, 1237, 1247, 1262, 1281, 1288, 1300, 1321, 1333, 1345, 1363, 1387, 1404, 1417]
[0, 1193, 1187, 1180, 1173, 1167, 1162, 1159, 1155, 1152, 1147, 1142, 1140, 1137, 1136, 1136, 1135, 1134, 1135, 1136, 1136, 1136, 1137, 1137, 1139, 1140, 1142, 1145, 1147, 1150, 1152, 1155, 1159, 1162, 1165, 1169, 1174, 1180, 1186, 1195, 1204, 1211, 1223, 1232, 1236, 1249, 1262, 1270, 1278, 1288, 1302, 1318, 1333, 1347, 1361, 1377, 1393, 1411, 1431, 1452, 1468]
[0, 1214, 1207, 1202, 1195, 1187, 1182, 1179, 1174, 1171, 1165, 1161, 1163, 1161, 1159, 1157, 1156, 1157, 1158, 1157, 1156, 1157, 1137, 1139, 1139, 1141, 1145, 1148, 1150, 1152, 1156, 1158, 1160, 1164, 1168, 1173, 1179, 1187, 1191, 1200, 1204, 1215, 1228, 1232, 1237, 1253, 1262, 1266, 1275, 1284, 1295, 1309, 1324, 1339, 1370, 1377, 1384, 1400, 1421, 1445, 1463]
[0, 1212, 1205, 1199, 1192, 1187, 1182, 1177, 1173, 1170, 1168, 1165, 1163, 1161, 1159, 1158, 1158, 1157, 1157, 1158, 1158, 1159, 1158, 1160, 1160, 1160, 1162, 1165, 1167, 1170, 1172, 1174, 1176, 1180, 1185, 1189, 1196, 1204, 1215, 1231, 1239, 1246, 1256, 1263, 1266, 1270, 1279, 1288, 1305, 1321, 1333, 1345, 1357, 1369, 1384, 1402, 1419, 1400, 1449, 1480, 1499]
[0, 1274, 1268, 1262, 1254, 1246, 1240, 1236, 1234, 1229, 1224, 1220, 1218, 1216, 1213, 1212, 1214, 1217, 1217, 1222, 1227, 1225, 1159, 1161, 1162, 1163, 1164, 1166, 1169, 1171, 1173, 1176, 1179, 1180, 1187, 1194, 1202, 1213, 1221, 1231, 1242, 1254, 1257, 1261, 1268, 1275, 1284, 1297, 1313, 1326, 1341, 1352, 1361, 1376, 1391, 1407, 1422, 1444, 1471, 1487, 1503]
[0, 1275, 1266, 1258, 1251, 1244, 1238, 1233, 1230, 1227, 1224, 1221, 1217, 1215, 1214, 1212, 1214, 1215, 1217, 1225, 1228, 1220, 1224, 1228, 1227, 1231, 1238, 1234, 1233, 1235, 1236, 1236, 1240, 1244, 1249, 1255, 1263, 1269, 1273, 1282, 1289, 1296, 1306, 1316, 1325, 1337, 1348, 1358, 1367, 1374, 1383, 1394, 1403, 1413, 1426, 1437, 1448, 1463, 1480, 1493, 1504]
[0, 1274, 1265, 1258, 1251, 1244, 1238, 1233, 1230, 1227, 1223, 1220, 1217, 1215, 1213, 1212, 1214, 1215, 1216, 1222, 1225, 1220, 1221, 1226, 1229, 1234, 1234, 1231, 1234, 1236, 1236, 1239, 1243, 1247, 1252, 1260, 1268, 1271, 1275, 1282, 1289, 1298, 1310, 1320, 1330, 1341, 1350, 1361, 1370, 1377, 1385, 1395, 1407, 1419, 1431, 1443, 1456, 1468, 1483, 1498, 1513]
[0, 1298, 1291, 1283, 1275, 1269, 1262, 1258, 1255, 1251, 1248, 1244, 1241, 1240, 1243, 1243, 1248, 1250, 1246, 1246, 1243, 1241, 1221, 1226, 1228, 1234, 1234, 1231, 1234, 1236, 1236, 1239, 1243, 1247, 1252, 1260, 1268, 1272, 1275, 1283, 1291, 1299, 1309, 1319, 1331, 1342, 1351, 1361, 1370, 1377, 1389, 1395, 1399, 1418, 1430, 1443, 1455, 1469, 1483, 1499, 1513]
[0, 1299, 1291, 1285, 1279, 1271, 1265, 1260, 1256, 1253, 1250, 1246, 1245, 1242, 1242, 1246, 1245, 1244, 1247, 1247, 1244, 1242, 1242, 1242, 1243, 1248, 1253, 1259, 1261, 1261, 1262, 1263, 1267, 1271, 1275, 1281, 1286, 1292, 1300, 1308, 1314, 1324, 1331, 1334, 1339, 1344, 1351, 1361, 1370, 1377, 1385, 1395, 1406, 1415, 1428, 1442, 1455, 1468, 1480, 1495, 1510]
[0, 1388, 1383, 1376, 1370, 1366, 1360, 1355, 1351, 1347, 1344, 1340, 1334, 1330, 1242, 1326, 1321, 1321, 1322, 1315, 1306, 1301, 1241, 1242, 1242, 1244, 1251, 1259, 1262, 1260, 1263, 1262, 1264, 1270, 1275, 1281, 1286, 1292, 1298, 1305, 1313, 1322, 1328, 1332, 1337, 1342, 1349, 1357, 1367, 1375, 1383, 1393, 1403, 1413, 1425, 1436, 1448, 1462, 1478, 1493, 1504]
[0, 1422, 1411, 1399, 1392, 1390, 1384, 1377, 1373, 1368, 1363, 1358, 1352, 1348, 1341, 1331, 1323, 1319, 1314, 1311, 1307, 1301, 1299, 1299, 1296, 1293, 1291, 1289, 1288, 1289, 1289, 1288, 1288, 1290, 1292, 1294, 1297, 1300, 1304, 1307, 1311, 1316, 1319, 1324, 1333, 1340, 1345, 1353, 1361, 1369, 1377, 1386, 1395, 1406, 1416, 1427, 1442, 1456, 1471, 1486, 1503]
[0, 1421, 1411, 1399, 1392, 1389, 1384, 1377, 1373, 1369, 1364, 1358, 1352, 1347, 1340, 1331, 1323, 1319, 1314, 1310, 1307, 1302, 1297, 1295, 1293, 1290, 1290, 1291, 1288, 1287, 1288, 1287, 1289, 1290, 1291, 1293, 1297, 1300, 1303, 1307, 1313, 1317, 1321, 1328, 1334, 1340, 1347, 1355, 1364, 1373, 1381, 1390, 1400, 1410, 1423, 1432, 1444, 1461, 1477, 1491, 1503]
[0, 1420, 1411, 1399, 1392, 1389, 1384, 1377, 1373, 1368, 1363, 1357, 1352, 1347, 1340, 1330, 1323, 1318, 1314, 1310, 1307, 1301, 1297, 1295, 1293, 1290, 1290, 1291, 1288, 1288, 1288, 1286, 1288, 1290, 1293, 1294, 1297, 1301, 1304, 1308, 1312, 1317, 1321, 1326, 1333, 1340, 1347, 1355, 1365, 1374, 1382, 1391, 1399, 1407, 1420, 1432, 1444, 1462, 1477, 1491, 1503]
[0, 1420, 1466, 1452, 1433, 1418, 1407, 1396, 1389, 1376, 1367, 1361, 1353, 1346, 1339, 1332, 1325, 1321, 1317, 1311, 1307, 1302, 1296, 1295, 1293, 1290, 1290, 1290, 1288, 1288, 1288, 1286, 1288, 1291, 1293, 1294, 1297, 1301, 1304, 1308, 1313, 1317, 1321, 1326, 1333, 1341, 1348, 1355, 1364, 1373, 1381, 1390, 1397, 1406, 1420, 1432, 1444, 1461, 1477, 1490, 1502]
[0, 1473, 1457, 1438, 1423, 1412, 1401, 1391, 1381, 1372, 1364, 1354, 1346, 1339, 1334, 1327, 1319, 1315, 1311, 1311, 1303, 1302, 1299, 1296, 1293, 1291, 1290, 1288, 1288, 1288, 1287, 1287, 1288, 1290, 1292, 1293, 1296, 1297, 1301, 1307, 1308, 1313, 1318, 1324, 1332, 1338, 1345, 1351, 1360, 1370, 1378, 1386, 1395, 1405, 1416, 1427, 1442, 1455, 1470, 1486, 1499]
[0, 1473, 1460, 1444, 1431, 1419, 1408, 1397, 1385, 1374, 1368, 1360, 1351, 1345, 1339, 1332, 1324, 1317, 1314, 1310, 1306, 1302, 1296, 1294, 1291, 1291, 1288, 1288, 1287, 1287, 1285, 1285, 1287, 1290, 1291, 1294, 1296, 1297, 1301, 1305, 1307, 1312, 1317, 1320, 1329, 1336, 1342, 1349, 1357, 1364, 1374, 1384, 1393, 1400, 1413, 1425, 1438, 1452, 1466, 1482, 1496]
[0, 1474, 1459, 1444, 1430, 1418, 1406, 1396, 1385, 1373, 1366, 1360, 1352, 1344, 1339, 1331, 1324, 1318, 1314, 1310, 1306, 1301, 1299, 1296, 1293, 1291, 1290, 1289, 1287, 1287, 1287, 1286, 1287, 1287, 1290, 1294, 1297, 1298, 1301, 1305, 1307, 1314, 1318, 1323, 1329, 1334, 1343, 1352, 1358, 1369, 1378, 1387, 1397, 1405, 1414, 1426, 1440, 1452, 1468, 1486, 1501]
[0, 1470, 1454, 1440, 1427, 1414, 1401, 1393, 1384, 1374, 1366, 1357, 1349, 1341, 1336, 1329, 1322, 1316, 1312, 1310, 1303, 1298, 1296, 1294, 1293, 1290, 1287, 1286, 1287, 1288, 1288, 1286, 1287, 1287, 1289, 1293, 1296, 1300, 1303, 1304, 1307, 1313, 1320, 1325, 1329, 1336, 1345, 1353, 1360, 1369, 1378, 1386, 1398, 1407, 1415, 1427, 1440, 1453, 1470, 1486, 1501]
[0, 1475, 1459, 1444, 1430, 1418, 1407, 1396, 1385, 1375, 1367, 1360, 1351, 1344, 1338, 1330, 1323, 1317, 1313, 1309, 1305, 1301, 1296, 1293, 1291, 1290, 1286, 1284, 1285, 1287, 1288, 1286, 1286, 1287, 1289, 1293, 1295, 1296, 1300, 1307, 1311, 1314, 1318, 1324, 1329, 1338, 1345, 1351, 1359, 1368, 1377, 1386, 1397, 1407, 1419, 1431, 1445, 1459, 1475, 1491, 1506]
[0, 1460, 1448, 1435, 1422, 1411, 1400, 1390, 1381, 1372, 1363, 1354, 1346, 1339, 1329, 1330, 1323, 1318, 1310, 1309, 1306, 1302, 1298, 1295, 1292, 1290, 1287, 1285, 1286, 1286, 1286, 1286, 1287, 1287, 1286, 1290, 1292, 1294, 1300, 1304, 1306, 1312, 1317, 1322, 1326, 1333, 1342, 1350, 1359, 1368, 1377, 1383, 1394, 1406, 1415, 1427, 1439, 1450, 1467, 1486, 1500]
[0, 1466, 1452, 1438, 1424, 1412, 1400, 1392, 1383, 1373, 1365, 1357, 1348, 1340, 1333, 1325, 1319, 1315, 1311, 1306, 1300, 1298, 1299, 1295, 1292, 1289, 1288, 1287, 1286, 1284, 1283, 1285, 1287, 1288, 1289, 1290, 1291, 1293, 1298, 1302, 1304, 1311, 1317, 1318, 1325, 1334, 1340, 1346, 1354, 1362, 1373, 1381, 1388, 1399, 1412, 1426, 1436, 1447, 1463, 1479, 1492]
[0, 1466, 1451, 1436, 1424, 1412, 1400, 1391, 1381, 1372, 1364, 1357, 1349, 1341, 1333, 1324, 1318, 1314, 1311, 1306, 1300, 1298, 1296, 1293, 1290, 1288, 1287, 1286, 1285, 1284, 1285, 1286, 1286, 1287, 1289, 1292, 1294, 1298, 1302, 1305, 1309, 1314, 1318, 1324, 1331, 1336, 1341, 1351, 1360, 1368, 1377, 1388, 1397, 1399, 1419, 1426, 1444, 1459, 1476, 1491, 1507]
[0, 1470, 1452, 1439, 1427, 1414, 1402, 1393, 1384, 1373, 1365, 1357, 1348, 1341, 1334, 1326, 1321, 1317, 1310, 1302, 1300, 1298, 1296, 1291, 1288, 1288, 1287, 1284, 1284, 1284, 1284, 1285, 1287, 1290, 1291, 1294, 1296, 1298, 1302, 1306, 1309, 1309, 1314, 1319, 1323, 1332, 1340, 1345, 1353, 1364, 1371, 1378, 1389, 1399, 1409, 1421, 1435, 1447, 1462, 1481, 1495]
[0, 1470, 1452, 1438, 1427, 1414, 1403, 1394, 1384, 1373, 1365, 1358, 1349, 1341, 1333, 1326, 1321, 1317, 1310, 1302, 1300, 1298, 1295, 1291, 1287, 1287, 1286, 1286, 1286, 1286, 1286, 1286, 1284, 1286, 1291, 1292, 1292, 1296, 1302, 1303, 1305, 1310, 1316, 1320, 1322, 1331, 1341, 1350, 1359, 1368, 1376, 1383, 1394, 1406, 1419, 1432, 1448, 1467, 1485, 1503, 1510]
[0, 1460, 1447, 1433, 1420, 1407, 1394, 1386, 1380, 1368, 1360, 1358, 1345, 1338, 1329, 1326, 1320, 1315, 1312, 1310, 1305, 1301, 1295, 1290, 1287, 1287, 1286, 1285, 1286, 1284, 1285, 1285, 1284, 1286, 1288, 1289, 1292, 1293, 1298, 1304, 1306, 1310, 1315, 1318, 1323, 1334, 1343, 1346, 1354, 1364, 1375, 1384, 1393, 1404, 1414, 1427, 1446, 1465, 1481, 1499, 1508]
[0, 1459, 1444, 1432, 1420, 1407, 1397, 1390, 1377, 1368, 1360, 1350, 1344, 1336, 1326, 1320, 1318, 1313, 1309, 1305, 1305, 1301, 1298, 1292, 1288, 1287, 1284, 1284, 1285, 1283, 1281, 1283, 1286, 1287, 1288, 1289, 1291, 1293, 1295, 1299, 1304, 1310, 1316, 1318, 1322, 1330, 1336, 1343, 1353, 1362, 1370, 1379, 1389, 1404, 1419, 1434, 1451, 1465, 1479, 1498, 1507]
[0, 1458, 1441, 1428, 1417, 1407, 1394, 1384, 1377, 1375, 1366, 1358, 1350, 1343, 1333, 1326, 1321, 1316, 1310, 1307, 1304, 1300, 1298, 1292, 1288, 1287, 1285, 1284, 1285, 1283, 1283, 1284, 1283, 1285, 1288, 1287, 1289, 1293, 1295, 1299, 1308, 1319, 1326, 1332, 1337, 1345, 1351, 1358, 1367, 1378, 1390, 1399, 1411, 1422, 1430, 1443, 1454, 1464, 1480, 1498, 1507]
[0, 1465, 1451, 1437, 1423, 1411, 1399, 1389, 1380, 1371, 1363, 1353, 1342, 1338, 1332, 1324, 1319, 1314, 1307, 1302, 1300, 1297, 1295, 1291, 1290, 1288, 1284, 1284, 1284, 1284, 1283, 1281, 1281, 1284, 1289, 1289, 1292, 1296, 1300, 1306, 1312, 1320, 1327, 1332, 1339, 1346, 1353, 1360, 1372, 1383, 1391, 1401, 1411, 1422, 1434, 1445, 1456, 1468, 1484, 1502, 1507]
[0, 1462, 1447, 1432, 1422, 1408, 1397, 1389, 1379, 1371, 1360, 1350, 1343, 1334, 1326, 1320, 1314, 1309, 1308, 1304, 1300, 1297, 1295, 1291, 1286, 1285, 1287, 1285, 1285, 1289, 1291, 1295, 1298, 1298, 1301, 1304, 1306, 1296, 1312, 1316, 1312, 1319, 1323, 1328, 1336, 1345, 1352, 1359, 1367, 1377, 1390, 1399, 1412, 1423, 1430, 1439, 1451, 1465, 1480, 1497, 1507]
[0, 1459, 1444, 1432, 1420, 1407, 1397, 1389, 1377, 1367, 1359, 1350, 1343, 1335, 1326, 1320, 1316, 1312, 1308, 1308, 1300, 1295, 1290, 1291, 1288, 1288, 1285, 1284, 1285, 1287, 1289, 1292, 1295, 1298, 1301, 1303, 1305, 1308, 1310, 1314, 1316, 1319, 1328, 1333, 1337, 1345, 1353, 1359, 1370, 1382, 1388, 1399, 1412, 1419, 1430, 1443, 1453, 1466, 1481, 1497, 1506]
[0, 1464, 1447, 1434, 1422, 1410, 1399, 1388, 1379, 1370, 1362, 1352, 1342, 1334, 1328, 1321, 1315, 1313, 1307, 1302, 1299, 1297, 1294, 1291, 1295, 1296, 1294, 1294, 1296, 1298, 1298, 1298, 1298, 1298, 1301, 1303, 1305, 1308, 1310, 1314, 1319, 1323, 1325, 1330, 1337, 1345, 1352, 1359, 1370, 1381, 1388, 1398, 1412, 1420, 1430, 1443, 1453, 1466, 1481, 1498, 1506]
[0, 1454, 1441, 1428, 1416, 1406, 1399, 1384, 1379, 1366, 1362, 1357, 1347, 1340, 1337, 1333, 1331, 1329, 1322, 1314, 1311, 1309, 1295, 1294, 1295, 1294, 1296, 1300, 1299, 1297, 1297, 1298, 1298, 1298, 1299, 1302, 1304, 1306, 1310, 1312, 1315, 1319, 1323, 1328, 1336, 1345, 1351, 1356, 1364, 1377, 1389, 1398, 1408, 1419, 1429, 1439, 1451, 1464, 1479, 1492, 0]
[0, 1464, 1450, 1440, 1432, 1426, 1409, 1402, 1402, 1389, 1380, 1369, 1358, 1352, 1344, 1336, 1334, 1329, 1322, 1318, 1313, 1308, 1308, 1306, 1302, 1300, 1301, 1298, 1297, 1299, 1299, 1298, 1300, 1302, 1302, 1304, 1305, 1307, 1310, 1313, 1318, 1322, 1326, 1333, 1340, 1348, 1352, 1360, 1369, 1378, 1389, 1401, 1412, 1422, 1434, 1446, 1456, 1468, 1483, 1501, 1507]
[0, 1462, 1449, 1439, 1433, 1428, 1425, 1413, 1400, 1389, 1374, 1363, 1357, 1351, 1343, 1337, 1331, 1325, 1320, 1315, 1312, 1308, 1306, 1305, 1303, 1301, 1300, 1299, 1298, 1297, 1297, 1297, 1298, 1298, 1301, 1304, 1306, 1308, 1312, 1316, 1319, 1322, 1323, 1328, 1336, 1344, 1351, 1356, 1364, 1373, 1385, 1397, 1407, 1417, 1427, 1439, 1450, 1463, 1478, 1492, 1512]
[0, 1476, 1463, 1439, 1450, 1438, 1428, 1416, 1402, 1392, 1384, 1374, 1363, 1356, 1351, 1343, 1335, 1329, 1323, 1319, 1314, 1311, 1308, 1305, 1304, 1304, 1303, 1301, 1299, 1298, 1298, 1298, 1298, 1299, 1301, 1303, 1304, 1307, 1310, 1314, 1315, 1318, 1325, 1330, 1336, 1344, 1351, 1357, 1366, 1377, 1388, 1395, 1409, 1420, 1429, 1442, 1453, 1464, 1479, 1497, 1509]
[0, 1485, 1472, 1459, 1446, 1434, 1424, 1412, 1401, 1393, 1383, 1372, 1361, 1355, 1348, 1342, 1336, 1329, 1319, 1313, 1312, 1307, 1309, 1306, 1302, 1300, 1299, 1297, 1297, 1299, 1298, 1298, 1300, 1301, 1300, 1302, 1304, 1306, 1310, 1313, 1318, 1321, 1325, 1333, 1341, 1348, 1352, 1361, 1369, 1377, 1389, 1401, 1411, 1422, 1434, 1447, 1460, 1471, 1482, 1499, 1507]
[0, 1479, 1466, 1453, 1442, 1431, 1420, 1407, 1399, 1389, 1379, 1367, 1357, 1350, 1342, 1336, 1330, 1325, 1321, 1317, 1312, 1307, 1304, 1304, 1302, 1301, 1300, 1297, 1297, 1298, 1297, 1298, 1298, 1299, 1301, 1302, 1303, 1309, 1313, 1315, 1319, 1323, 1328, 1334, 1341, 1347, 1354, 1363, 1371, 1380, 1394, 1404, 1412, 1423, 1436, 1450, 1462, 1473, 1488, 1483, 1489]
[0, 1484, 1472, 1459, 1446, 1434, 1424, 1412, 1401, 1392, 1383, 1371, 1361, 1355, 1348, 1341, 1335, 1329, 1322, 1316, 1312, 1308, 1305, 1304, 1302, 1301, 1299, 1295, 1296, 1298, 1298, 1297, 1298, 1299, 1301, 1302, 1304, 1306, 1307, 1310, 1315, 1318, 1324, 1329, 1335, 1344, 1352, 1358, 1366, 1378, 1389, 1400, 1411, 1418, 1430, 1444, 1454, 1466, 1480, 1497, 1505]
[0, 1484, 1471, 1459, 1447, 1435, 1424, 1413, 1402, 1392, 1382, 1371, 1360, 1354, 1348, 1341, 1335, 1329, 1319, 1313, 1312, 1307, 1305, 1304, 1302, 1301, 1300, 1297, 1297, 1297, 1296, 1297, 1294, 1295, 1301, 1304, 1305, 1308, 1311, 1314, 1318, 1323, 1324, 1333, 1335, 1348, 1352, 1352, 1364, 1373, 1385, 1397, 1407, 1417, 1426, 1438, 1451, 1463, 1477, 1490, 1505]
[0, 1479, 1467, 1454, 1442, 1431, 1421, 1409, 1398, 1391, 1381, 1370, 1360, 1350, 1343, 1337, 1331, 1325, 1321, 1317, 1311, 1307, 1303, 1304, 1302, 1301, 1300, 1297, 1297, 1297, 1296, 1297, 1294, 1295, 1301, 1304, 1305, 1307, 1310, 1313, 1318, 1323, 1327, 1333, 1332, 1343, 1348, 1352, 1363, 1373, 1385, 1397, 1406, 1417, 1427, 1439, 1452, 1464, 1477, 1489, 1518]
