[0, 0, 0, 0, 0, 0, 0, 0, 0, 0, 0, 0, 0, 0, 0, 0, 0, 0, 0, 0, 0, 0, 0, 0, 0, 0, 0, 0, 0, 0, 0, 0, 0, 0, 0, 0, 0, 0, 0, 0, 0, 0, 0, 0, 0, 0, 0, 0, 0, 0, 0, 0, 0, 0, 0, 0, 0, 0, 0, 0, 0]
[0, 529, 524, 521, 517, 513, 510, 507, 504, 504, 500, 497, 495, 493, 491, 490, 489, 487, 486, 485, 484, 483, 482, 482, 480, 480, 480, 480, 480, 480, 481, 481, 482, 482, 483, 484, 485, 486, 488, 490, 492, 495, 498, 500, 502, 505, 508, 512, 516, 519, 523, 528, 533, 537, 542, 548, 553, 558, 564, 570, 577]
[0, 531, 524, 521, 519, 515, 512, 509, 505, 503, 501, 499, 497, 495, 492, 490, 489, 487, 486, 485, 483, 483, 482, 481, 481, 480, 480, 480, 479, 480, 481, 481, 482, 482, 483, 484, 485, 487, 488, 490, 493, 495, 496, 499, 502, 505, 508, 511, 515, 519, 522, 526, 532, 537, 542, 547, 552, 557, 562, 568, 576]
[0, 531, 526, 523, 519, 515, 512, 509, 506, 503, 501, 499, 496, 495, 492, 490, 489, 487, 486, 485, 483, 483, 482, 481, 480, 480, 480, 479, 480, 480, 480, 481, 482, 483, 483, 484, 486, 487, 489, 490, 493, 495, 498, 500, 502, 506, 508, 509, 516, 519, 524, 529, 534, 538, 543, 547, 549, 559, 564, 571, 579]
[0, 531, 527, 522, 519, 515, 512, 509, 506, 503, 500, 498, 496, 494, 492, 489, 488, 486, 485, 485, 483, 483, 482, 482, 481, 480, 479, 479, 480, 480, 479, 479, 481, 482, 482, 483, 486, 487, 489, 490, 491, 493, 495, 498, 500, 503, 506, 509, 513, 517, 525, 529, 534, 538, 544, 547, 555, 559, 565, 572, 579]
[0, 531, 524, 522, 515, 515, 512, 509, 506, 503, 501, 499, 497, 495, 492, 490, 489, 487, 485, 484, 483, 482, 482, 481, 480, 480, 479, 479, 480, 480, 479, 481, 482, 482, 483, 483, 484, 486, 487, 489, 491, 494, 496, 498, 500, 503, 507, 510, 513, 517, 521, 525, 530, 539, 545, 550, 555, 559, 566, 572, 572]
[0, 529, 524, 521, 517, 513, 510, 507, 506, 504, 500, 497, 497, 495, 491, 490, 489, 487, 486, 485, 484, 483, 482, 482, 480, 480, 480, 480, 480, 480, 481, 481, 482, 482, 483, 483, 485, 487, 489, 490, 493, 495, 497, 500, 500, 505, 508, 512, 516, 520, 521, 528, 533, 538, 542, 548, 554, 558, 564, 571, 578]
[0, 530, 526, 522, 518, 515, 511, 508, 505, 503, 500, 498, 496, 494, 492, 489, 488, 487, 485, 484, 484, 483, 481, 482, 481, 480, 480, 480, 479, 480, 481, 481, 482, 482, 483, 484, 485, 487, 488, 490, 492, 495, 496, 499, 502, 504, 508, 511, 515, 518, 522, 526, 531, 537, 542, 546, 552, 557, 563, 569, 575]
[0, 531, 527, 523, 519, 515, 512, 509, 506, 503, 501, 499, 497, 495, 492, 490, 489, 487, 486, 485, 483, 483, 482, 481, 481, 480, 480, 479, 479, 480, 480, 481, 481, 482, 483, 484, 484, 486, 487, 489, 491, 494, 496, 499, 501, 504, 507, 510, 514, 518, 521, 525, 530, 535, 540, 545, 551, 556, 561, 566, 573]
[0, 535, 532, 528, 524, 520, 517, 514, 512, 509, 506, 499, 501, 500, 492, 497, 496, 487, 494, 492, 490, 489, 489, 488, 480, 480, 480, 479, 480, 480, 481, 481, 482, 483, 483, 484, 485, 487, 487, 490, 493, 495, 498, 499, 503, 506, 509, 512, 516, 520, 524, 529, 533, 538, 543, 548, 554, 559, 565, 571, 578]
[0, 535, 531, 527, 524, 520, 517, 514, 514, 511, 509, 506, 504, 501, 499, 498, 496, 495, 494, 492, 491, 490, 489, 488, 487, 487, 486, 486, 486, 486, 487, 488, 489, 489, 491, 493, 494, 495, 497, 499, 501, 504, 506, 508, 511, 514, 517, 521, 525, 528, 532, 537, 542, 547, 552, 557, 562, 568, 574, 580, 587]
[0, 537, 532, 528, 525, 521, 517, 515, 512, 509, 507, 504, 502, 500, 498, 498, 497, 496, 494, 492, 491, 490, 489, 488, 487, 487, 487, 487, 487, 487, 487, 488, 489, 490, 492, 493, 495, 496, 498, 500, 502, 505, 508, 510, 512, 516, 517, 522, 526, 530, 535, 539, 545, 550, 555, 559, 565, 571, 577, 584, 590]
[0, 537, 532, 528, 524, 520, 517, 515, 512, 509, 507, 504, 502, 500, 498, 499, 496, 496, 494, 492, 491, 490, 489, 488, 488, 487, 486, 487, 487, 487, 488, 489, 489, 491, 493, 493, 494, 497, 498, 499, 502, 505, 507, 509, 512, 514, 518, 522, 525, 529, 534, 538, 543, 548, 552, 558, 563, 568, 576, 583, 589]
[0, 536, 532, 529, 524, 521, 518, 515, 512, 509, 507, 505, 502, 503, 500, 498, 497, 496, 494, 493, 492, 490, 489, 488, 488, 487, 486, 487, 487, 487, 488, 489, 489, 490, 492, 493, 494, 496, 497, 499, 502, 504, 507, 509, 512, 514, 518, 522, 525, 530, 534, 538, 543, 548, 553, 558, 563, 568, 576, 583, 589]
[0, 537, 532, 528, 526, 523, 519, 516, 513, 510, 508, 505, 502, 501, 500, 498, 496, 496, 496, 495, 494, 492, 490, 488, 488, 488, 487, 487, 488, 488, 488, 490, 490, 490, 492, 493, 495, 497, 498, 500, 502, 504, 507, 509, 512, 514, 518, 522, 525, 530, 534, 538, 544, 548, 553, 558, 563, 570, 577, 583, 589]
[0, 539, 535, 531, 527, 524, 521, 518, 515, 512, 509, 507, 504, 502, 501, 499, 498, 496, 496, 494, 493, 492, 490, 488, 489, 489, 489, 489, 488, 488, 490, 491, 491, 493, 493, 493, 496, 498, 499, 500, 503, 505, 507, 510, 513, 517, 520, 522, 526, 532, 536, 540, 545, 549, 554, 560, 565, 571, 578, 584, 591]
[0, 537, 533, 528, 525, 523, 519, 516, 513, 510, 508, 505, 502, 501, 500, 498, 498, 496, 495, 494, 494, 492, 491, 490, 490, 489, 488, 489, 489, 489, 490, 489, 492, 493, 493, 495, 496, 497, 498, 500, 502, 505, 508, 509, 515, 518, 520, 522, 526, 530, 534, 543, 548, 549, 554, 559, 569, 571, 581, 584, 588]
[0, 535, 533, 531, 527, 524, 521, 518, 515, 512, 510, 507, 505, 502, 501, 499, 498, 496, 495, 494, 493, 492, 490, 490, 489, 489, 489, 488, 488, 488, 490, 491, 491, 493, 493, 494, 496, 498, 499, 500, 503, 506, 508, 509, 513, 517, 520, 524, 528, 532, 536, 540, 545, 549, 553, 559, 565, 571, 577, 584, 591]
[0, 542, 538, 534, 529, 525, 522, 519, 517, 515, 512, 510, 508, 506, 504, 502, 500, 499, 497, 496, 496, 496, 495, 490, 490, 488, 488, 488, 489, 489, 490, 489, 492, 493, 493, 495, 496, 497, 500, 502, 505, 506, 508, 509, 512, 518, 520, 525, 528, 534, 538, 540, 543, 554, 553, 563, 565, 575, 577, 588, 595]
[0, 543, 539, 535, 532, 528, 525, 523, 520, 516, 514, 512, 508, 508, 504, 504, 500, 502, 501, 496, 499, 498, 498, 497, 493, 493, 493, 488, 493, 489, 494, 495, 496, 497, 497, 498, 500, 502, 503, 505, 507, 510, 512, 514, 518, 521, 524, 527, 531, 535, 539, 544, 548, 553, 559, 564, 569, 576, 583, 589, 594]
[0, 544, 540, 536, 532, 529, 526, 523, 520, 518, 514, 516, 513, 511, 509, 507, 505, 503, 503, 502, 501, 500, 499, 498, 496, 496, 496, 496, 497, 496, 496, 496, 498, 500, 501, 502, 503, 505, 507, 509, 511, 513, 516, 518, 522, 525, 528, 532, 536, 540, 544, 549, 554, 558, 564, 569, 575, 581, 587, 593, 600]
[0, 547, 543, 539, 536, 532, 529, 526, 523, 520, 518, 516, 513, 512, 510, 508, 506, 505, 503, 502, 502, 501, 500, 498, 498, 497, 497, 498, 498, 497, 496, 496, 497, 501, 503, 504, 505, 507, 510, 512, 513, 516, 519, 521, 524, 528, 532, 536, 539, 543, 548, 553, 558, 562, 568, 574, 580, 586, 592, 599, 605]
[0, 550, 545, 541, 536, 537, 534, 531, 528, 526, 524, 521, 519, 517, 515, 513, 511, 509, 508, 507, 506, 505, 504, 504, 499, 498, 498, 498, 498, 497, 497, 496, 496, 499, 502, 504, 506, 509, 510, 511, 513, 515, 517, 521, 523, 526, 530, 534, 537, 542, 546, 551, 555, 559, 564, 570, 577, 584, 589, 595, 602]
[0, 555, 550, 546, 542, 539, 536, 533, 530, 527, 525, 523, 520, 519, 516, 514, 513, 512, 508, 510, 509, 508, 508, 504, 504, 503, 503, 503, 502, 499, 495, 495, 497, 501, 506, 510, 511, 513, 515, 517, 519, 522, 525, 527, 530, 533, 537, 542, 545, 549, 554, 559, 563, 568, 574, 581, 587, 592, 598, 605, 612]
[0, 553, 549, 546, 542, 539, 536, 532, 530, 529, 526, 525, 523, 520, 518, 517, 515, 513, 512, 511, 511, 510, 509, 508, 507, 506, 506, 506, 505, 500, 495, 495, 496, 499, 504, 510, 513, 515, 516, 519, 521, 523, 526, 529, 532, 535, 538, 542, 547, 551, 555, 559, 563, 569, 575, 581, 587, 593, 598, 605, 612]
[0, 561, 558, 554, 550, 539, 547, 543, 540, 537, 535, 533, 531, 528, 526, 525, 522, 521, 520, 519, 518, 517, 517, 516, 507, 507, 506, 504, 501, 498, 495, 495, 496, 501, 510, 515, 515, 517, 519, 521, 523, 526, 529, 532, 535, 538, 542, 547, 551, 554, 559, 564, 569, 575, 581, 587, 593, 598, 605, 612, 619]
[0, 562, 558, 554, 550, 547, 544, 541, 539, 536, 533, 531, 529, 528, 526, 525, 523, 522, 520, 519, 518, 517, 516, 515, 515, 514, 514, 510, 503, 497, 495, 495, 496, 500, 508, 518, 523, 525, 527, 529, 532, 534, 537, 540, 543, 546, 550, 547, 558, 562, 567, 571, 577, 583, 589, 595, 601, 607, 613, 620, 627]
[0, 569, 564, 560, 557, 553, 550, 547, 544, 541, 539, 536, 535, 532, 530, 529, 527, 525, 524, 523, 522, 522, 516, 521, 515, 515, 514, 517, 0, 498, 495, 494, 496, 500, 507, 516, 523, 524, 527, 529, 531, 533, 536, 539, 542, 545, 549, 554, 557, 561, 566, 571, 576, 582, 587, 593, 599, 606, 612, 618, 625]
[0, 571, 565, 561, 558, 555, 552, 549, 546, 544, 542, 539, 537, 535, 533, 531, 529, 527, 526, 525, 525, 523, 522, 520, 520, 519, 520, 0, 0, 501, 497, 493, 493, 496, 501, 516, 523, 0, 530, 532, 534, 537, 540, 543, 546, 549, 553, 556, 560, 564, 568, 574, 579, 585, 590, 596, 602, 608, 614, 621, 628]
[0, 573, 568, 564, 561, 557, 554, 551, 549, 546, 544, 541, 539, 537, 535, 533, 531, 530, 528, 527, 527, 526, 525, 524, 520, 521, 525, 0, 0, 501, 496, 493, 493, 495, 501, 511, 531, 533, 535, 532, 540, 543, 546, 549, 552, 555, 558, 562, 566, 570, 575, 582, 587, 592, 597, 604, 611, 616, 622, 629, 637]
[0, 576, 571, 567, 563, 560, 557, 554, 551, 548, 545, 543, 540, 539, 538, 536, 534, 533, 532, 531, 529, 528, 527, 524, 524, 524, 522, 514, 503, 496, 493, 493, 495, 499, 501, 511, 0, 534, 535, 538, 540, 543, 546, 549, 552, 556, 559, 562, 566, 570, 576, 581, 587, 592, 596, 602, 609, 615, 621, 628, 635]
[0, 588, 583, 579, 574, 570, 566, 564, 561, 559, 556, 553, 551, 549, 548, 546, 544, 543, 541, 540, 539, 537, 537, 527, 527, 527, 530, 0, 500, 495, 494, 493, 495, 498, 501, 511, 0, 537, 539, 541, 543, 545, 548, 552, 555, 558, 561, 565, 569, 574, 579, 583, 587, 592, 598, 605, 611, 616, 624, 631, 638]
[0, 589, 583, 584, 580, 577, 572, 569, 566, 561, 556, 558, 557, 554, 552, 550, 548, 547, 546, 545, 544, 543, 542, 541, 536, 536, 528, 0, 500, 495, 491, 491, 493, 498, 501, 511, 0, 547, 549, 551, 554, 556, 559, 562, 565, 568, 572, 577, 582, 587, 591, 596, 601, 606, 612, 618, 625, 632, 638, 645, 652]
[0, 589, 594, 590, 580, 587, 583, 579, 576, 573, 570, 568, 566, 563, 562, 560, 559, 557, 555, 554, 553, 552, 551, 551, 540, 540, 537, 0, 501, 494, 492, 491, 492, 495, 501, 511, 0, 0, 553, 555, 558, 559, 562, 565, 568, 572, 576, 580, 584, 589, 593, 598, 603, 613, 619, 626, 633, 640, 647, 654, 660]
[0, 602, 597, 593, 590, 586, 583, 579, 575, 572, 569, 567, 565, 563, 562, 560, 558, 557, 555, 554, 553, 552, 551, 551, 550, 550, 552, 0, 499, 493, 491, 490, 491, 494, 501, 511, 0, 0, 563, 565, 567, 570, 573, 577, 580, 584, 588, 592, 595, 600, 605, 610, 615, 620, 626, 633, 640, 647, 660, 668, 660]
[0, 601, 597, 593, 589, 586, 583, 579, 575, 572, 570, 567, 565, 563, 561, 560, 558, 556, 555, 554, 553, 552, 551, 550, 550, 550, 0, 509, 499, 498, 490, 491, 491, 496, 501, 511, 0, 560, 562, 565, 567, 570, 574, 577, 581, 585, 589, 593, 597, 602, 606, 611, 616, 622, 627, 634, 641, 648, 655, 663, 670]
[0, 605, 602, 598, 595, 591, 587, 584, 581, 578, 575, 572, 569, 567, 566, 564, 562, 561, 560, 559, 558, 557, 551, 556, 550, 550, 0, 508, 497, 498, 492, 490, 490, 492, 496, 511, 0, 560, 562, 565, 567, 570, 574, 577, 581, 585, 589, 593, 597, 602, 606, 611, 616, 622, 627, 633, 641, 648, 655, 663, 670]
[0, 611, 608, 604, 600, 596, 593, 590, 587, 584, 581, 578, 576, 573, 571, 569, 568, 566, 564, 563, 563, 562, 561, 555, 550, 556, 555, 0, 503, 495, 491, 489, 490, 492, 498, 511, 0, 560, 0, 573, 0, 579, 0, 585, 589, 592, 596, 593, 604, 602, 614, 619, 625, 631, 638, 644, 650, 658, 666, 673, 680]
[0, 620, 616, 612, 608, 605, 602, 599, 595, 592, 589, 588, 585, 583, 581, 579, 578, 576, 564, 573, 563, 571, 570, 561, 561, 560, 0, 0, 505, 495, 489, 489, 489, 496, 498, 511, 0, 560, 0, 0, 580, 583, 586, 590, 593, 597, 600, 605, 609, 614, 618, 623, 630, 636, 643, 649, 655, 663, 670, 678, 685]
[0, 629, 624, 619, 616, 613, 609, 606, 603, 600, 597, 595, 593, 591, 589, 587, 586, 584, 582, 581, 581, 579, 578, 561, 569, 569, 569, 0, 498, 491, 489, 488, 488, 492, 498, 511, 0, 0, 0, 0, 0, 591, 594, 598, 601, 604, 608, 613, 617, 621, 627, 633, 638, 644, 650, 657, 663, 670, 677, 685, 694]
[0, 626, 622, 618, 614, 613, 611, 604, 603, 602, 598, 595, 593, 592, 589, 588, 586, 585, 583, 581, 580, 579, 578, 578, 577, 577, 569, 0, 499, 492, 488, 487, 487, 491, 496, 511, 0, 0, 529, 0, 0, 600, 594, 603, 607, 611, 615, 624, 617, 628, 634, 640, 645, 651, 657, 663, 670, 677, 685, 694, 702]
[0, 630, 625, 620, 617, 614, 611, 607, 603, 605, 602, 599, 596, 594, 593, 591, 589, 588, 587, 585, 584, 583, 582, 577, 577, 577, 0, 505, 495, 490, 488, 488, 487, 489, 493, 511, 0, 0, 529, 0, 597, 599, 602, 606, 610, 613, 617, 622, 627, 633, 639, 644, 649, 655, 661, 669, 675, 683, 691, 700, 708]
[0, 634, 628, 623, 620, 616, 613, 610, 607, 603, 599, 597, 596, 594, 592, 590, 588, 587, 586, 584, 583, 582, 582, 581, 581, 580, 0, 505, 504, 494, 489, 487, 487, 489, 493, 511, 0, 0, 534, 0, 600, 604, 607, 610, 614, 618, 622, 627, 632, 638, 644, 649, 655, 661, 667, 674, 681, 689, 698, 706, 713]
[0, 629, 628, 625, 621, 617, 613, 610, 607, 604, 602, 599, 596, 594, 593, 591, 590, 588, 586, 586, 585, 584, 583, 582, 581, 581, 0, 0, 498, 491, 488, 487, 488, 491, 497, 511, 0, 0, 531, 0, 0, 0, 605, 608, 612, 616, 619, 624, 630, 635, 640, 645, 651, 656, 662, 670, 676, 684, 695, 703, 711]
[0, 644, 640, 625, 630, 617, 626, 623, 620, 618, 614, 612, 609, 607, 605, 603, 602, 600, 598, 597, 597, 595, 595, 582, 582, 582, 0, 0, 500, 492, 488, 487, 487, 490, 496, 506, 0, 0, 0, 530, 604, 0, 607, 610, 614, 617, 621, 626, 632, 637, 643, 649, 654, 659, 666, 672, 680, 687, 695, 704, 711]
[0, 659, 655, 650, 646, 643, 640, 623, 636, 632, 629, 627, 624, 622, 619, 617, 615, 614, 613, 611, 610, 609, 609, 595, 595, 595, 0, 0, 500, 491, 487, 486, 487, 489, 494, 503, 0, 0, 0, 0, 604, 0, 624, 628, 632, 637, 641, 626, 650, 656, 663, 669, 654, 680, 666, 696, 704, 711, 719, 704, 727]
[0, 659, 655, 654, 649, 646, 642, 639, 635, 632, 629, 626, 623, 620, 618, 617, 615, 613, 612, 611, 610, 609, 609, 608, 609, 608, 0, 0, 499, 491, 487, 486, 486, 488, 492, 502, 0, 0, 0, 0, 604, 0, 637, 641, 644, 648, 652, 657, 663, 668, 673, 679, 685, 693, 701, 707, 714, 722, 730, 739, 748]
[0, 662, 657, 653, 648, 645, 642, 638, 635, 631, 628, 625, 623, 620, 618, 616, 615, 613, 612, 611, 610, 610, 608, 608, 607, 607, 0, 0, 497, 489, 485, 484, 485, 488, 492, 502, 0, 618, 621, 0, 0, 0, 0, 639, 642, 645, 649, 654, 659, 664, 670, 677, 682, 688, 695, 703, 711, 717, 725, 735, 743]
[0, 666, 662, 653, 653, 649, 642, 646, 644, 640, 637, 633, 632, 629, 626, 623, 621, 620, 619, 618, 617, 616, 616, 608, 608, 610, 0, 0, 494, 487, 485, 485, 486, 490, 497, 502, 0, 0, 622, 0, 0, 631, 635, 639, 643, 647, 651, 655, 661, 666, 671, 678, 684, 691, 699, 706, 713, 720, 728, 737, 747]
[0, 672, 667, 663, 660, 655, 652, 649, 645, 642, 640, 638, 632, 635, 632, 630, 627, 626, 625, 624, 622, 621, 620, 615, 615, 615, 0, 0, 496, 489, 485, 484, 485, 488, 497, 502, 0, 625, 629, 0, 0, 631, 0, 645, 649, 652, 657, 661, 666, 671, 677, 684, 691, 698, 705, 711, 718, 726, 734, 743, 753]
[0, 675, 665, 663, 661, 658, 654, 650, 648, 645, 641, 638, 636, 634, 631, 628, 626, 625, 624, 623, 621, 620, 620, 619, 618, 618, 0, 0, 500, 490, 486, 484, 484, 486, 491, 499, 0, 0, 636, 0, 641, 646, 649, 653, 656, 661, 665, 670, 675, 681, 687, 694, 700, 707, 705, 720, 728, 726, 737, 756, 765]
[0, 687, 681, 677, 673, 669, 665, 662, 658, 655, 652, 650, 648, 646, 643, 641, 639, 638, 637, 635, 635, 633, 632, 619, 619, 619, 0, 0, 495, 488, 485, 484, 485, 488, 491, 499, 0, 631, 634, 0, 0, 646, 0, 651, 655, 659, 664, 668, 672, 678, 685, 691, 698, 705, 711, 718, 726, 734, 742, 752, 761]
[0, 684, 680, 675, 672, 668, 664, 661, 657, 654, 651, 649, 648, 646, 644, 641, 640, 638, 637, 634, 635, 634, 633, 631, 631, 633, 0, 0, 492, 487, 484, 482, 485, 488, 495, 499, 0, 646, 648, 0, 0, 646, 0, 664, 668, 672, 676, 681, 686, 693, 699, 705, 711, 718, 725, 732, 740, 749, 758, 767, 776]
[0, 704, 698, 693, 689, 684, 681, 677, 674, 654, 672, 669, 666, 664, 662, 660, 659, 656, 655, 654, 653, 651, 650, 632, 632, 631, 0, 0, 492, 486, 483, 482, 483, 486, 490, 497, 0, 646, 649, 0, 0, 657, 660, 664, 668, 673, 677, 683, 689, 694, 701, 707, 713, 719, 727, 734, 742, 752, 760, 769, 779]
[0, 704, 699, 694, 689, 685, 682, 678, 675, 672, 669, 667, 665, 663, 662, 660, 658, 656, 655, 654, 653, 652, 651, 651, 651, 650, 0, 0, 495, 487, 484, 481, 482, 485, 490, 501, 0, 665, 649, 0, 677, 0, 682, 686, 690, 673, 701, 683, 707, 712, 717, 723, 730, 737, 744, 760, 742, 768, 777, 786, 796]
[0, 713, 708, 703, 698, 694, 690, 686, 683, 680, 677, 675, 673, 671, 667, 665, 665, 663, 662, 661, 660, 659, 658, 650, 650, 650, 0, 0, 498, 488, 484, 482, 482, 484, 488, 497, 0, 665, 667, 0, 0, 675, 680, 684, 689, 695, 700, 705, 710, 715, 721, 728, 734, 742, 751, 760, 766, 774, 785, 794, 804]
[0, 713, 708, 703, 698, 694, 690, 686, 683, 680, 677, 675, 673, 671, 668, 666, 664, 663, 662, 661, 660, 658, 657, 657, 657, 650, 0, 501, 491, 484, 484, 482, 482, 486, 493, 497, 0, 671, 674, 0, 0, 0, 686, 691, 696, 701, 706, 711, 715, 720, 728, 734, 741, 749, 758, 766, 773, 782, 791, 801, 811]
[0, 729, 719, 703, 715, 710, 706, 702, 699, 696, 693, 690, 687, 684, 682, 680, 679, 678, 677, 676, 675, 673, 672, 657, 657, 650, 0, 500, 490, 484, 482, 482, 483, 486, 487, 494, 0, 671, 674, 0, 0, 0, 686, 691, 696, 701, 706, 711, 715, 720, 727, 734, 741, 749, 758, 766, 773, 782, 790, 801, 811]
[0, 729, 731, 726, 721, 716, 713, 710, 706, 703, 701, 698, 695, 692, 690, 688, 686, 684, 684, 682, 680, 680, 679, 672, 672, 674, 0, 0, 490, 484, 482, 480, 483, 481, 485, 494, 0, 0, 690, 0, 0, 0, 704, 709, 713, 717, 723, 729, 734, 740, 747, 754, 761, 768, 775, 784, 795, 804, 813, 822, 831]
[0, 729, 730, 726, 724, 720, 717, 713, 710, 707, 704, 702, 700, 697, 695, 692, 691, 689, 687, 686, 685, 684, 683, 679, 679, 681, 0, 0, 490, 484, 481, 480, 481, 481, 485, 494, 0, 0, 698, 0, 0, 0, 711, 715, 719, 725, 730, 735, 741, 749, 755, 761, 769, 777, 784, 791, 800, 810, 819, 828, 838]
[0, 737, 732, 726, 724, 717, 714, 713, 711, 708, 706, 702, 699, 698, 695, 693, 691, 689, 687, 687, 686, 684, 684, 684, 683, 681, 0, 500, 490, 484, 480, 480, 481, 482, 486, 493, 0, 698, 702, 0, 0, 0, 715, 719, 725, 730, 735, 741, 747, 754, 761, 768, 774, 781, 789, 798, 807, 816, 825, 833, 845]
[0, 748, 743, 739, 733, 727, 723, 719, 716, 708, 714, 711, 709, 707, 705, 703, 701, 700, 698, 696, 695, 694, 694, 683, 683, 684, 0, 0, 490, 483, 481, 480, 481, 481, 485, 493, 0, 0, 702, 0, 0, 0, 715, 719, 723, 729, 735, 740, 746, 753, 759, 766, 773, 781, 788, 796, 806, 815, 824, 832, 843]
[0, 758, 752, 747, 741, 737, 733, 728, 723, 720, 718, 716, 714, 712, 709, 708, 706, 704, 703, 702, 701, 701, 694, 694, 694, 694, 0, 0, 492, 484, 480, 480, 481, 483, 489, 500, 0, 710, 702, 0, 0, 0, 729, 735, 723, 744, 735, 750, 756, 762, 769, 776, 783, 791, 800, 808, 816, 825, 834, 845, 857]
[0, 757, 752, 747, 741, 737, 733, 728, 723, 720, 718, 716, 714, 712, 709, 708, 706, 704, 703, 702, 701, 701, 700, 700, 701, 694, 0, 0, 492, 487, 482, 479, 479, 481, 492, 500, 0, 710, 0, 719, 723, 729, 733, 738, 743, 748, 754, 760, 765, 771, 778, 785, 793, 801, 810, 818, 826, 834, 843, 856, 866]
[0, 770, 752, 766, 756, 737, 751, 746, 743, 739, 736, 734, 731, 729, 726, 724, 722, 721, 719, 717, 716, 715, 715, 700, 701, 700, 0, 0, 488, 487, 479, 479, 479, 485, 492, 492, 0, 710, 0, 719, 723, 725, 733, 738, 743, 748, 754, 760, 765, 771, 778, 785, 793, 801, 810, 818, 826, 834, 843, 856, 866]
[0, 777, 772, 767, 763, 759, 751, 751, 748, 744, 736, 741, 738, 736, 734, 731, 729, 728, 726, 725, 724, 723, 722, 715, 716, 716, 0, 0, 490, 483, 479, 479, 480, 482, 488, 494, 0, 710, 0, 0, 723, 0, 752, 756, 761, 766, 771, 776, 783, 790, 797, 803, 812, 820, 828, 835, 843, 854, 864, 873, 882]
[0, 781, 776, 770, 765, 761, 757, 753, 749, 746, 743, 739, 737, 735, 733, 730, 729, 728, 726, 724, 724, 723, 722, 722, 722, 722, 0, 0, 490, 484, 479, 477, 479, 482, 487, 496, 0, 710, 0, 0, 723, 0, 762, 767, 772, 778, 784, 790, 797, 804, 810, 818, 825, 832, 841, 851, 861, 870, 877, 886, 882]
[0, 793, 776, 786, 780, 776, 771, 767, 764, 762, 759, 756, 754, 751, 748, 746, 743, 742, 740, 738, 737, 737, 737, 722, 722, 722, 0, 0, 490, 481, 479, 479, 479, 480, 483, 496, 0, 0, 0, 0, 751, 755, 760, 764, 769, 774, 780, 786, 792, 799, 806, 813, 821, 828, 836, 844, 854, 864, 873, 881, 891]
[0, 798, 793, 786, 780, 775, 771, 768, 765, 761, 757, 755, 754, 751, 747, 744, 743, 742, 741, 738, 738, 738, 737, 738, 738, 722, 0, 0, 488, 482, 478, 0, 479, 480, 489, 496, 0, 498, 510, 0, 0, 769, 774, 784, 769, 790, 796, 803, 809, 815, 822, 829, 835, 843, 852, 862, 872, 879, 888, 897, 908]
[0, 825, 819, 812, 807, 803, 799, 794, 790, 787, 784, 781, 778, 776, 775, 773, 772, 772, 769, 767, 766, 765, 737, 737, 737, 722, 0, 0, 487, 482, 478, 0, 478, 480, 483, 496, 0, 498, 512, 511, 0, 770, 775, 780, 785, 791, 798, 804, 810, 816, 823, 830, 836, 844, 854, 863, 872, 880, 888, 899, 909]
[0, 822, 816, 811, 805, 801, 798, 794, 790, 789, 786, 784, 781, 779, 777, 776, 774, 773, 771, 769, 768, 767, 766, 764, 764, 722, 0, 0, 494, 484, 479, 477, 477, 478, 483, 496, 0, 0, 514, 0, 797, 802, 807, 811, 816, 823, 828, 833, 840, 848, 856, 865, 871, 878, 887, 895, 905, 916, 926, 937, 947]
[0, 822, 816, 811, 807, 803, 799, 796, 790, 787, 784, 784, 781, 779, 777, 775, 773, 772, 771, 769, 767, 767, 766, 765, 765, 766, 0, 0, 489, 481, 478, 477, 478, 481, 487, 0, 0, 513, 520, 0, 800, 804, 810, 815, 820, 826, 832, 837, 844, 852, 860, 867, 874, 883, 891, 901, 911, 921, 932, 942, 954]
[0, 838, 833, 828, 823, 819, 815, 811, 808, 805, 802, 800, 796, 793, 790, 775, 788, 772, 787, 786, 786, 784, 782, 765, 765, 765, 0, 0, 489, 481, 478, 477, 477, 480, 486, 0, 0, 0, 519, 0, 799, 804, 809, 814, 820, 825, 831, 837, 844, 852, 860, 868, 874, 883, 891, 900, 910, 920, 931, 942, 953]
[0, 840, 834, 829, 824, 819, 815, 811, 808, 806, 803, 800, 797, 793, 791, 790, 788, 787, 787, 785, 786, 784, 782, 782, 782, 782, 0, 0, 489, 481, 478, 476, 477, 479, 484, 494, 0, 0, 808, 813, 817, 822, 827, 831, 837, 844, 850, 857, 864, 870, 876, 884, 893, 901, 910, 920, 930, 940, 949, 960, 973]
[0, 855, 848, 841, 836, 831, 827, 823, 820, 818, 814, 811, 808, 806, 804, 802, 801, 800, 798, 797, 796, 795, 782, 782, 782, 782, 0, 0, 490, 482, 477, 476, 476, 479, 484, 492, 0, 0, 809, 812, 817, 822, 827, 831, 836, 843, 850, 857, 864, 870, 877, 884, 891, 900, 910, 919, 929, 940, 949, 959, 972]
[0, 852, 846, 840, 833, 830, 827, 823, 820, 816, 813, 811, 808, 806, 804, 805, 802, 799, 798, 798, 797, 798, 797, 796, 782, 796, 0, 0, 492, 483, 478, 475, 476, 478, 483, 491, 0, 0, 821, 825, 828, 832, 836, 841, 848, 856, 862, 868, 874, 880, 888, 896, 904, 913, 922, 931, 939, 949, 960, 973, 987]
[0, 871, 866, 861, 856, 850, 846, 841, 838, 835, 832, 830, 828, 825, 823, 822, 802, 819, 817, 816, 816, 816, 816, 795, 795, 794, 0, 0, 489, 481, 477, 476, 476, 479, 484, 493, 0, 0, 821, 826, 829, 834, 838, 843, 851, 857, 863, 869, 875, 882, 889, 897, 905, 914, 924, 933, 943, 953, 962, 976, 990]
[0, 869, 866, 859, 856, 854, 849, 844, 840, 836, 833, 831, 829, 827, 824, 822, 821, 819, 818, 817, 817, 816, 816, 815, 815, 815, 0, 0, 488, 481, 477, 476, 0, 0, 484, 493, 0, 0, 842, 846, 851, 857, 863, 868, 873, 878, 884, 890, 897, 904, 914, 923, 933, 940, 948, 957, 969, 982, 993, 1003, 1016]
[0, 879, 873, 859, 868, 864, 860, 856, 851, 847, 843, 840, 837, 836, 834, 832, 830, 828, 827, 827, 826, 825, 825, 815, 815, 815, 0, 0, 485, 481, 477, 0, 507, 0, 0, 0, 0, 840, 844, 850, 855, 860, 866, 871, 876, 882, 887, 894, 902, 910, 920, 930, 938, 945, 948, 953, 978, 982, 1001, 1013, 1027]
[0, 881, 876, 870, 866, 862, 858, 854, 851, 846, 841, 839, 838, 835, 833, 831, 830, 828, 827, 827, 826, 825, 825, 825, 825, 815, 0, 0, 485, 0, 551, 555, 554, 0, 0, 0, 0, 853, 858, 862, 867, 872, 875, 881, 887, 892, 898, 894, 904, 912, 921, 930, 938, 947, 956, 965, 975, 987, 999, 1010, 1022]
[0, 903, 897, 891, 886, 882, 877, 874, 871, 868, 865, 863, 861, 859, 855, 853, 852, 850, 849, 848, 847, 825, 847, 826, 825, 827, 0, 0, 485, 0, 0, 555, 555, 553, 0, 503, 0, 0, 854, 859, 864, 869, 873, 878, 883, 889, 895, 901, 907, 915, 924, 934, 943, 950, 959, 970, 981, 992, 1004, 1015, 1028]
[0, 903, 897, 892, 886, 882, 877, 874, 871, 868, 865, 863, 861, 859, 856, 853, 853, 851, 849, 848, 848, 848, 848, 826, 849, 848, 0, 0, 485, 0, 551, 554, 555, 553, 0, 0, 0, 0, 877, 882, 887, 892, 897, 902, 908, 915, 922, 930, 936, 942, 950, 959, 971, 982, 990, 1001, 1011, 1022, 1035, 1048, 1060]
[0, 926, 919, 913, 908, 902, 897, 893, 891, 888, 884, 882, 880, 878, 876, 853, 874, 873, 872, 872, 871, 871, 870, 849, 849, 848, 0, 0, 485, 0, 551, 554, 555, 553, 548, 0, 0, 0, 877, 882, 886, 892, 896, 902, 908, 915, 922, 929, 935, 942, 950, 959, 970, 981, 990, 1001, 1010, 1021, 1034, 1047, 1060]
[0, 933, 919, 927, 922, 917, 912, 907, 903, 900, 897, 894, 891, 889, 887, 885, 883, 882, 882, 881, 881, 880, 870, 871, 871, 871, 0, 0, 0, 546, 552, 554, 554, 553, 548, 0, 0, 0, 902, 907, 911, 918, 924, 930, 936, 942, 948, 954, 961, 969, 978, 990, 1000, 1008, 1019, 1030, 1041, 1053, 1067, 1081, 1094]
[0, 962, 956, 950, 945, 941, 939, 935, 931, 927, 923, 921, 919, 915, 913, 912, 911, 909, 908, 909, 908, 907, 880, 880, 881, 871, 0, 0, 0, 546, 552, 554, 0, 551, 544, 535, 0, 910, 916, 922, 927, 933, 937, 930, 943, 949, 955, 969, 961, 978, 988, 996, 1005, 1016, 1027, 1037, 1049, 1063, 1074, 1087, 1102]
[0, 978, 970, 963, 956, 952, 949, 944, 941, 939, 935, 932, 930, 927, 924, 924, 923, 921, 921, 921, 921, 922, 880, 907, 907, 908, 0, 0, 536, 546, 552, 554, 555, 553, 544, 535, 0, 0, 942, 947, 953, 957, 963, 969, 977, 985, 992, 999, 1007, 1016, 1024, 1033, 1043, 1054, 1066, 1076, 1087, 1101, 1117, 1133, 1149]
[0, 975, 968, 962, 956, 951, 947, 945, 942, 938, 935, 932, 930, 927, 926, 924, 922, 921, 921, 921, 920, 919, 920, 921, 923, 908, 0, 0, 0, 546, 551, 554, 555, 553, 548, 535, 0, 949, 954, 959, 964, 968, 975, 983, 990, 997, 1003, 1010, 1019, 1028, 1036, 1047, 1058, 1067, 1078, 1089, 1102, 1116, 1132, 1148, 1162]
[0, 979, 971, 964, 958, 953, 949, 945, 943, 940, 936, 933, 930, 929, 926, 924, 924, 923, 921, 920, 920, 920, 920, 921, 921, 922, 0, 0, 538, 547, 553, 555, 555, 553, 549, 0, 945, 950, 955, 958, 963, 970, 978, 986, 992, 998, 1005, 1013, 1020, 1029, 1038, 1049, 1060, 1070, 1080, 1091, 1104, 1119, 1135, 1150, 1165]
[0, 1013, 1007, 1002, 997, 991, 949, 982, 943, 979, 973, 968, 966, 964, 962, 961, 958, 957, 956, 957, 956, 956, 922, 922, 922, 923, 0, 0, 0, 545, 551, 555, 555, 553, 550, 0, 0, 949, 953, 958, 963, 968, 974, 982, 989, 997, 1002, 1010, 1019, 1027, 1035, 1045, 1055, 1066, 1076, 1088, 1100, 1114, 1128, 1143, 1159]
[0, 1013, 1007, 1002, 1001, 996, 991, 986, 982, 979, 974, 968, 966, 964, 962, 960, 958, 957, 956, 957, 956, 956, 956, 957, 959, 960, 960, 960, 962, 963, 965, 969, 971, 975, 981, 985, 988, 993, 998, 1002, 1007, 1014, 1021, 1027, 1034, 1040, 1048, 1057, 1067, 1077, 1085, 1095, 1107, 1117, 1131, 1147, 1159, 1172, 1186, 1200, 1215]
[0, 1063, 1056, 1049, 1042, 1038, 1032, 1027, 1022, 1019, 1016, 1014, 1011, 1009, 1006, 1005, 1004, 1003, 1002, 1002, 1002, 1002, 956, 957, 959, 960, 960, 960, 962, 963, 965, 968, 971, 974, 981, 985, 988, 993, 998, 1002, 1007, 1014, 1021, 1027, 1034, 1040, 1048, 1057, 1067, 1077, 1085, 1094, 1106, 1117, 1131, 1147, 1159, 1171, 1186, 1200, 1214]
[0, 1063, 1057, 1049, 1042, 1038, 1033, 1027, 1023, 1019, 1016, 1014, 1011, 1009, 1006, 1005, 1004, 1003, 1002, 1002, 1002, 1002, 1004, 1005, 1005, 1005, 1005, 1007, 1009, 1012, 1014, 1016, 1019, 1023, 1028, 1032, 1036, 993, 1041, 1047, 1054, 1060, 1066, 1072, 1080, 1087, 1095, 1103, 1113, 1124, 1134, 1145, 1156, 1168, 1180, 1192, 1204, 1218, 1234, 1249, 1265]
[0, 1093, 1086, 1079, 1073, 1067, 1062, 1057, 1052, 1047, 1043, 1042, 1040, 1037, 1036, 1035, 1032, 1033, 1034, 1033, 1032, 1032, 1004, 1005, 1005, 1005, 1005, 1007, 1009, 1011, 1014, 1016, 1019, 1023, 1023, 1028, 1032, 1041, 1041, 1047, 1054, 1060, 1066, 1070, 1077, 1085, 1094, 1103, 1113, 1124, 1134, 1146, 1157, 1168, 1179, 1192, 1206, 1219, 1233, 1249, 1265]
[0, 1094, 1087, 1080, 1074, 1068, 1063, 1059, 1054, 1049, 1045, 1043, 1041, 1039, 1037, 1035, 1035, 1035, 1034, 1033, 1032, 1033, 1033, 1035, 1034, 1034, 1035, 1037, 1039, 1041, 1044, 1047, 1052, 1057, 1060, 1064, 1032, 1073, 1079, 1047, 1090, 1060, 1096, 1105, 1114, 1123, 1131, 1139, 1150, 1160, 1169, 1179, 1192, 1204, 1217, 1231, 1244, 1259, 1274, 1290, 1265]
[0, 1105, 1096, 1080, 1090, 1085, 1079, 1074, 1069, 1065, 1062, 1060, 1057, 1054, 1053, 1051, 1049, 1048, 1048, 1047, 1045, 1046, 1033, 1034, 1035, 1036, 1036, 1037, 1040, 1041, 1043, 1048, 1052, 1055, 1058, 1062, 1068, 1074, 1078, 1082, 1088, 1096, 1103, 1112, 1121, 1128, 1138, 1148, 1158, 1166, 1175, 1187, 1200, 1211, 1225, 1240, 1254, 1269, 1286, 1303, 1265]
[0, 1108, 1102, 1094, 1086, 1081, 1077, 1072, 1066, 1063, 1060, 1058, 1055, 1054, 1051, 1048, 1048, 1048, 1047, 1046, 1046, 1048, 1047, 1047, 1047, 1050, 1052, 1055, 1057, 1058, 1060, 1062, 1065, 1069, 1074, 1077, 1081, 1086, 1093, 1098, 1104, 1112, 1119, 1127, 1136, 1145, 1153, 1161, 1170, 1180, 1192, 1204, 1217, 1229, 1242, 1256, 1269, 1284, 1302, 1303, 1329]
[0, 1106, 1098, 1092, 1085, 1079, 1075, 1070, 1065, 1062, 1060, 1057, 1054, 1052, 1051, 1048, 1046, 1046, 1047, 1046, 1045, 1048, 1046, 1047, 1050, 1052, 1053, 1055, 1056, 1059, 1062, 1065, 1068, 1073, 1076, 1080, 1081, 1088, 1095, 1098, 1109, 1115, 1124, 1132, 1139, 1148, 1157, 1161, 1175, 1187, 1192, 1210, 1222, 1236, 1250, 1263, 1269, 1293, 1302, 1303, 0]
[0, 1151, 1143, 1135, 1128, 1121, 1116, 1111, 1106, 1101, 1097, 1094, 1091, 1089, 1088, 1087, 1087, 1087, 1087, 1086, 1086, 1086, 1048, 1047, 1051, 1052, 1053, 1054, 1054, 1057, 1060, 1063, 1066, 1071, 1073, 1076, 1081, 1086, 1090, 1095, 1101, 1110, 1118, 1125, 1133, 1141, 1150, 1160, 1167, 1176, 1189, 1200, 1211, 1224, 1239, 1251, 1264, 1279, 1295, 1303, 0]
[0, 1147, 1141, 1132, 1124, 1119, 1114, 1110, 1104, 1099, 1096, 1093, 1091, 1089, 1088, 1088, 1087, 1085, 1085, 1087, 1087, 1087, 1086, 1088, 1090, 1090, 1090, 1093, 1096, 1099, 1102, 1106, 1109, 1112, 1118, 1124, 1129, 1134, 1139, 1146, 1153, 1161, 1168, 1175, 1181, 1189, 1198, 1210, 1222, 1234, 1247, 1259, 1274, 1289, 1302, 1251, 1325, 1351, 1368, 1387, 1406]
[0, 1180, 1173, 1167, 1161, 1154, 1149, 1143, 1139, 1136, 1132, 1127, 1125, 1123, 1121, 1121, 1122, 1121, 1120, 1120, 1120, 1121, 1086, 1087, 1088, 1092, 1090, 1094, 1096, 1098, 1101, 1104, 1108, 1111, 1115, 1120, 1124, 1130, 1137, 1143, 1150, 1156, 1162, 1168, 1176, 1184, 1192, 1201, 1213, 1227, 1240, 1252, 1264, 1278, 1292, 1310, 1333, 1345, 1357, 1375, 1397]
[0, 1181, 1173, 1166, 1161, 1155, 1151, 1145, 1140, 1137, 1133, 1130, 1127, 1125, 1124, 1122, 1121, 1120, 1121, 1122, 1121, 1121, 1122, 1124, 1127, 1129, 1131, 1134, 1136, 1137, 1139, 1142, 1108, 1149, 1115, 1154, 1160, 1165, 1171, 1176, 1183, 1190, 1198, 1208, 1216, 1223, 1234, 1245, 1259, 1271, 1281, 1293, 1307, 1324, 1339, 1352, 1368, 1385, 1404, 1375, 1397]
[0, 1210, 1203, 1197, 1161, 1183, 1151, 1179, 1175, 1171, 1165, 1161, 1163, 1161, 1159, 1158, 1157, 1157, 1158, 1157, 1157, 1157, 1120, 1123, 1127, 1129, 1132, 1134, 1136, 1138, 1140, 1141, 1144, 1149, 1153, 1157, 1163, 1169, 1174, 1182, 1189, 1197, 1208, 1216, 1223, 1231, 1241, 1254, 1268, 1279, 1289, 1304, 1320, 1334, 1349, 1364, 1380, 1400, 1420, 1375, 1445]
[0, 1209, 1203, 1197, 1196, 1188, 1183, 1179, 1175, 1171, 1165, 1162, 1163, 1161, 1160, 1158, 1157, 1157, 1157, 1157, 1157, 1157, 1158, 1160, 1160, 1160, 1162, 1166, 1168, 1169, 1172, 1175, 1176, 1179, 1185, 1191, 1198, 1208, 1218, 1231, 1241, 1249, 1259, 1264, 1266, 1270, 1280, 1293, 1309, 1323, 1336, 1349, 1358, 1371, 1387, 1404, 1420, 1400, 0, 1482, 1498]
[0, 1237, 1229, 1221, 1213, 1207, 1200, 1195, 1190, 1187, 1184, 1180, 1178, 1176, 1174, 1173, 1172, 1172, 1171, 1171, 1172, 1173, 1159, 1160, 1160, 1160, 1162, 1165, 1168, 1169, 1171, 1174, 1176, 1179, 1186, 1191, 1199, 1209, 1218, 1231, 1244, 1252, 1258, 1263, 1265, 1270, 1280, 1294, 1310, 1323, 1336, 1348, 1358, 1371, 1387, 1404, 1420, 1443, 1468, 1483, 1500]
[0, 1235, 1228, 1219, 1211, 1205, 1200, 1196, 1191, 1187, 1183, 1179, 1177, 1175, 1173, 1173, 1173, 1173, 1172, 1173, 1173, 1173, 1175, 1176, 1176, 1177, 1178, 1180, 1185, 1189, 1192, 1197, 1198, 1201, 1213, 1222, 1227, 1234, 1241, 1247, 1251, 1258, 1268, 1278, 1286, 1295, 1305, 1315, 1331, 1346, 1355, 1365, 1379, 1393, 1409, 1429, 1451, 1468, 1486, 1507, 1514]
[0, 1259, 1250, 1242, 1237, 1233, 1226, 1220, 1216, 1212, 1209, 1205, 1202, 1199, 1197, 1195, 1196, 1196, 1201, 1207, 1205, 1201, 1174, 1175, 1175, 1178, 1180, 1183, 1188, 1190, 1193, 1197, 1200, 1205, 1216, 1224, 1230, 1237, 1245, 1251, 1257, 1265, 1273, 1283, 1292, 1299, 1308, 1321, 1335, 1348, 1357, 1369, 1379, 1394, 1409, 1410, 1454, 1468, 1472, 1503, 1514]
[0, 1274, 1266, 1259, 1251, 1247, 1243, 1237, 1233, 1228, 1224, 1220, 1218, 1217, 1215, 1215, 1218, 1218, 1217, 1223, 1229, 1223, 1199, 1203, 1210, 1216, 1216, 1218, 1222, 1221, 1221, 1226, 1230, 1232, 1236, 1243, 1252, 1260, 1268, 1274, 1278, 1284, 1292, 1301, 1311, 1322, 1334, 1348, 1359, 1370, 1381, 1393, 1404, 1415, 1426, 1441, 1457, 1471, 1488, 1503, 1513]
[0, 1298, 1290, 1283, 1276, 1270, 1266, 1261, 1258, 1254, 1250, 1249, 1218, 1246, 1251, 1215, 1253, 1254, 1253, 1250, 1246, 1244, 1226, 1232, 1230, 1234, 1236, 1234, 1234, 1236, 1237, 1239, 1243, 1247, 1255, 1263, 1268, 1271, 1276, 1283, 1292, 1299, 1309, 1322, 1333, 1342, 1352, 1362, 1370, 1378, 1387, 1393, 1405, 1416, 1426, 1441, 1458, 1473, 1488, 1487, 1501]
[0, 1337, 1290, 1322, 1308, 1303, 1299, 1294, 1289, 1285, 1283, 1281, 1279, 1246, 1277, 1277, 1277, 1278, 1278, 1278, 1278, 1279, 1245, 1247, 1249, 1253, 1257, 1261, 1266, 1267, 1268, 1270, 1273, 1278, 1282, 1287, 1293, 1298, 1304, 1310, 1312, 1315, 1323, 1329, 1336, 1343, 1348, 1357, 1367, 1375, 1382, 1391, 1401, 1413, 1423, 1434, 1447, 1464, 1478, 1493, 1507]
[0, 1345, 1338, 1322, 1326, 1311, 1306, 1302, 1296, 1292, 1290, 1289, 1286, 1282, 1280, 1281, 1281, 1283, 1282, 1281, 1282, 1280, 1279, 1278, 1283, 1285, 1284, 1285, 1286, 1289, 1292, 1294, 1293, 1292, 1295, 1298, 1300, 1303, 1306, 1310, 1315, 1318, 1322, 1329, 1336, 1343, 1348, 1356, 1366, 1373, 1381, 1391, 1400, 1410, 1424, 1437, 1449, 1465, 1482, 1495, 1506]
[0, 1372, 1338, 1368, 1361, 1351, 1342, 1338, 1335, 1331, 1325, 1321, 1320, 1317, 1316, 1313, 1311, 1310, 1308, 1306, 1305, 1300, 1281, 1286, 1288, 1286, 1286, 1287, 1288, 1289, 1291, 1291, 1290, 1293, 1294, 1296, 1301, 1306, 1308, 1310, 1314, 1318, 1325, 1329, 1333, 1338, 1342, 1350, 1360, 1368, 1375, 1386, 1396, 1405, 1416, 1428, 1442, 1457, 1471, 1485, 1500]
[0, 1424, 1414, 1402, 1394, 1391, 1387, 1381, 1376, 1370, 1364, 1359, 1354, 1346, 1339, 1330, 1322, 1317, 1313, 1308, 1303, 1300, 1300, 1300, 1294, 1292, 1291, 1291, 1290, 1288, 1289, 1289, 1290, 1291, 1294, 1296, 1297, 1303, 1308, 1310, 1312, 1316, 1322, 1328, 1337, 1344, 1349, 1355, 1365, 1374, 1382, 1393, 1402, 1412, 1426, 1437, 1449, 1463, 1479, 1494, 1507]
[0, 1425, 1415, 1405, 1397, 1390, 1387, 1381, 1375, 1370, 1365, 1358, 1354, 1347, 1339, 1331, 1322, 1318, 1314, 1309, 1305, 1302, 1298, 1295, 1293, 1290, 1286, 1287, 1288, 1288, 1290, 1293, 1293, 1293, 1294, 1296, 1299, 1303, 1306, 1310, 1312, 1317, 1322, 1326, 1333, 1342, 1350, 1355, 1365, 1373, 1383, 1395, 1402, 1404, 1415, 1426, 1437, 1448, 1462, 1482, 1500]
[0, 1465, 1415, 1451, 1434, 1421, 1409, 1398, 1389, 1378, 1370, 1361, 1353, 1346, 1338, 1333, 1325, 1318, 1314, 1309, 1305, 1301, 1299, 1296, 1293, 1292, 1289, 1289, 1289, 1288, 1288, 1289, 1291, 1292, 1293, 1296, 1298, 1300, 1304, 1309, 1312, 1316, 1322, 1326, 1333, 1342, 1350, 1357, 1366, 1374, 1383, 1394, 1402, 1414, 1415, 1437, 1449, 1448, 1463, 1482, 1496]
[0, 1465, 1465, 1451, 1434, 1421, 1409, 1398, 1389, 1378, 1370, 1362, 1353, 1345, 1338, 1333, 1325, 1318, 1314, 1309, 1305, 1301, 1298, 1296, 1294, 1292, 1288, 1288, 1288, 1286, 1288, 1286, 1287, 1290, 1293, 1296, 1298, 1302, 1304, 1305, 1307, 1314, 1321, 1327, 1336, 1343, 1348, 1355, 1364, 1373, 1381, 1391, 1400, 1412, 1425, 1436, 1446, 1458, 1477, 1494, 1505]
[0, 1477, 1460, 1445, 1433, 1420, 1408, 1397, 1388, 1376, 1365, 1359, 1350, 1342, 1338, 1330, 1322, 1318, 1313, 1308, 1303, 1298, 1297, 1295, 1293, 1291, 1288, 1287, 1288, 1287, 1287, 1288, 1289, 1289, 1293, 1295, 1296, 1300, 1304, 1306, 1308, 1314, 1320, 1326, 1335, 1342, 1347, 1355, 1364, 1373, 1380, 1390, 1400, 1411, 1424, 1435, 1445, 1458, 1477, 1494, 1505]
[0, 1467, 1451, 1437, 1423, 1411, 1399, 1391, 1381, 1370, 1361, 1353, 1346, 1339, 1332, 1325, 1319, 1313, 1308, 1306, 1303, 1304, 1297, 1294, 1293, 1291, 1288, 1285, 1285, 1287, 1287, 1288, 1289, 1290, 1291, 1294, 1296, 1299, 1303, 1305, 1309, 1315, 1320, 1325, 1331, 1338, 1346, 1354, 1360, 1369, 1380, 1388, 1398, 1410, 1420, 1431, 1445, 1458, 1476, 1493, 1505]
[0, 1473, 1456, 1444, 1431, 1418, 1407, 1397, 1385, 1373, 1365, 1359, 1350, 1343, 1338, 1330, 1322, 1317, 1313, 1308, 1302, 1297, 1294, 1294, 1293, 1289, 1287, 1288, 1286, 1285, 1286, 1287, 1286, 1287, 1289, 1291, 1294, 1297, 1300, 1303, 1307, 1310, 1314, 1320, 1326, 1335, 1343, 1348, 1356, 1365, 1374, 1382, 1392, 1403, 1413, 1425, 1440, 1452, 1466, 1484, 1499]
[0, 1464, 1447, 1434, 1420, 1408, 1398, 1389, 1385, 1371, 1365, 1360, 1352, 1345, 1338, 1331, 1323, 1318, 1313, 1308, 1303, 1299, 1295, 1294, 1293, 1289, 1286, 1286, 1287, 1287, 1289, 1288, 1287, 1291, 1293, 1295, 1296, 1299, 1304, 1307, 1309, 1315, 1318, 1323, 1326, 1332, 1346, 1348, 1354, 1362, 1370, 1379, 1387, 1400, 1413, 1423, 1434, 1448, 1461, 1480, 1495]
[0, 1468, 1451, 1438, 1425, 1413, 1403, 1393, 1381, 1370, 1364, 1358, 1349, 1341, 1334, 1327, 1320, 1315, 1311, 1304, 1301, 1297, 1297, 1294, 1290, 1287, 1285, 1285, 1285, 1285, 1286, 1285, 1285, 1286, 1291, 1294, 1294, 1297, 1300, 1303, 1308, 1315, 1319, 1322, 1327, 1334, 1341, 1348, 1360, 1372, 1378, 1386, 1397, 1405, 1416, 1431, 1446, 1460, 1474, 1489, 1503]
[0, 1459, 1446, 1433, 1420, 1408, 1397, 1388, 1381, 1377, 1368, 1360, 1352, 1345, 1337, 1330, 1322, 1317, 1313, 1307, 1304, 1300, 1294, 1293, 1290, 1287, 1285, 1284, 1286, 1284, 1283, 1285, 1285, 1286, 1291, 1294, 1295, 1299, 1300, 1303, 1305, 1310, 1313, 1317, 1324, 1332, 1339, 1347, 1354, 1363, 1371, 1380, 1390, 1402, 1412, 1424, 1437, 1448, 1464, 1483, 1497]
[0, 1467, 1451, 1437, 1425, 1413, 1403, 1393, 1382, 1371, 1364, 1356, 1347, 1341, 1333, 1326, 1319, 1313, 1309, 1305, 1300, 1297, 1297, 1292, 1288, 1287, 1286, 1285, 1285, 1284, 1285, 1285, 1285, 1286, 1288, 1291, 1294, 1295, 1299, 1303, 1307, 1310, 1315, 1321, 1328, 1336, 1344, 1350, 1359, 1370, 1376, 1385, 1398, 1406, 1416, 1428, 1441, 1456, 1475, 1490, 1502]
[0, 1472, 1456, 1444, 1430, 1415, 1402, 1391, 1382, 1373, 1365, 1358, 1350, 1343, 1337, 1329, 1321, 1316, 1311, 1307, 1302, 1298, 1294, 1290, 1288, 1287, 1286, 1285, 1282, 1281, 1283, 1285, 1285, 1287, 1288, 1290, 1291, 1292, 1298, 1302, 1306, 1309, 1314, 1317, 1324, 1331, 1338, 1347, 1353, 1361, 1373, 1382, 1391, 1401, 1412, 1424, 1436, 1448, 1465, 1482, 1497]
[0, 1459, 1446, 1432, 1419, 1408, 1397, 1387, 1382, 1367, 1365, 1359, 1351, 1344, 1337, 1329, 1322, 1317, 1312, 1307, 1303, 1300, 1295, 1293, 1287, 1284, 1284, 1284, 1286, 1284, 1283, 1284, 1285, 1288, 1290, 1291, 1295, 1299, 1301, 1303, 1306, 1312, 1314, 1318, 1322, 1337, 1338, 1344, 1352, 1362, 1369, 1377, 1387, 1397, 1408, 1419, 1434, 1447, 1460, 1480, 1495]
[0, 1459, 1441, 1432, 1429, 1417, 1405, 1396, 1385, 1375, 1366, 1358, 1349, 1341, 1336, 1328, 1321, 1317, 1313, 1308, 1300, 1297, 1297, 1292, 1288, 1286, 1285, 1284, 1284, 1284, 1284, 1284, 1285, 1286, 1287, 1290, 1293, 1295, 1298, 1303, 1307, 1310, 1315, 1321, 1326, 1333, 1343, 1349, 1356, 1366, 1375, 1382, 1393, 1405, 1415, 1430, 1443, 1452, 1470, 1489, 1501]
[0, 1455, 1441, 1440, 1428, 1416, 1404, 1395, 1384, 1374, 1366, 1357, 1349, 1341, 1330, 1323, 1320, 1316, 1312, 1307, 1301, 1296, 1296, 1292, 1290, 1288, 1285, 1284, 1284, 1284, 1285, 1284, 1286, 1287, 1287, 1291, 1293, 1294, 1299, 1303, 1307, 1309, 1315, 1320, 1325, 1333, 1341, 1347, 1355, 1366, 1375, 1383, 1393, 1404, 1415, 1429, 1442, 1453, 1470, 1488, 1502]
[0, 1472, 1455, 1443, 1430, 1415, 1401, 1393, 1384, 1374, 1365, 1356, 1348, 1340, 1330, 1323, 1320, 1315, 1311, 1306, 1300, 1296, 1295, 1291, 1289, 1287, 1284, 1283, 1283, 1281, 1281, 1283, 1283, 1285, 1288, 1287, 1290, 1294, 1300, 1304, 1313, 1323, 1328, 1334, 1341, 1347, 1353, 1362, 1373, 1385, 1394, 1405, 1417, 1427, 1437, 1449, 1462, 1476, 1490, 1505, 1510]
[0, 1471, 1455, 1442, 1429, 1415, 1402, 1390, 1381, 1373, 1364, 1353, 1345, 1340, 1330, 1323, 1319, 1315, 1308, 1300, 1298, 1297, 1294, 1291, 1288, 1286, 1284, 1283, 1283, 1281, 1281, 1283, 1283, 1284, 1287, 1293, 1298, 1302, 1307, 1312, 1318, 1322, 1327, 1333, 1342, 1348, 1353, 1362, 1373, 1384, 1394, 1405, 1416, 1426, 1436, 1448, 1461, 1475, 1490, 1505, 1510]
[0, 1457, 1442, 1425, 1415, 1404, 1393, 1390, 1386, 1376, 1367, 1358, 1348, 1341, 1334, 1326, 1321, 1315, 1310, 1306, 1300, 1297, 1294, 1293, 1290, 1285, 1284, 1284, 1285, 1288, 1290, 1290, 1292, 1296, 1299, 1302, 1304, 1308, 1310, 1312, 1317, 1322, 1329, 1335, 1341, 1347, 1353, 1361, 1376, 1389, 1395, 1404, 1414, 1425, 1436, 1449, 1464, 1476, 1487, 1505, 1486]
[0, 1464, 1450, 1435, 1421, 1409, 1396, 1386, 1378, 1370, 1360, 1352, 1345, 1338, 1329, 1322, 1318, 1313, 1305, 1302, 1301, 1297, 1296, 1291, 1288, 1287, 1285, 1285, 1287, 1290, 1293, 1296, 1299, 1301, 1301, 1304, 1307, 1309, 1311, 1313, 1318, 1322, 1326, 1334, 1342, 1348, 1353, 1361, 1373, 1383, 1393, 1405, 1414, 1423, 1436, 1448, 1458, 1470, 1487, 1504, 1508]
[0, 1464, 1451, 1438, 1425, 1414, 1401, 1390, 1381, 1373, 1364, 1354, 1345, 1339, 1328, 1321, 1317, 1314, 1311, 1303, 1298, 1297, 1296, 1293, 1291, 1290, 1293, 1290, 1291, 1296, 1299, 1299, 1299, 1299, 1301, 1303, 1305, 1308, 1308, 1311, 1318, 1320, 1324, 1329, 1335, 1343, 1350, 1359, 1369, 1379, 1390, 1400, 1412, 1421, 1431, 1445, 1457, 1468, 1483, 1497, 1504]
[0, 1454, 1439, 1427, 1425, 1404, 1401, 1391, 1382, 1375, 1365, 1356, 1348, 1340, 1332, 1324, 1319, 1314, 1308, 1303, 1300, 1296, 1295, 1293, 1293, 1295, 1296, 1297, 1298, 1297, 1297, 1299, 1299, 1298, 1300, 1304, 1306, 1307, 1311, 1313, 1317, 1322, 1328, 1335, 1342, 1348, 1353, 1361, 1371, 1384, 1395, 1404, 1414, 1424, 1436, 1448, 1462, 1476, 1490, 1493, 1497]
[0, 1455, 1440, 1427, 1427, 1414, 1401, 1391, 1381, 1374, 1368, 1363, 1359, 1352, 1344, 1341, 1333, 1326, 1321, 1317, 1314, 1309, 1295, 1295, 1295, 1294, 1295, 1297, 1298, 1296, 1295, 1297, 1296, 1298, 1301, 1302, 1305, 1309, 1311, 1313, 1318, 1321, 1326, 1333, 1341, 1347, 1353, 1361, 1372, 1383, 1393, 1404, 1413, 1422, 1435, 1447, 1458, 1472, 1489, 1504, 1510]
[0, 1458, 1446, 1435, 1422, 1410, 1402, 1395, 1389, 1386, 1379, 1366, 1358, 1351, 1344, 1337, 1325, 1318, 1318, 1315, 1312, 1309, 1305, 1304, 1303, 1299, 1297, 1296, 1296, 1296, 1296, 1298, 1297, 1297, 1300, 1303, 1304, 1308, 1310, 1313, 1317, 1322, 1327, 1332, 1341, 1347, 1353, 1360, 1370, 1382, 1393, 1405, 1415, 1425, 1435, 1447, 1459, 1472, 1489, 1505, 1509]
[0, 1458, 1445, 1434, 1421, 1410, 1402, 1395, 1388, 1386, 1379, 1368, 1359, 1351, 1345, 1337, 1330, 1323, 1319, 1315, 1312, 1311, 1305, 1303, 1303, 1300, 1298, 1298, 1298, 1298, 1300, 1301, 1301, 1297, 1301, 1304, 1305, 1308, 1310, 1313, 1314, 1320, 1324, 1329, 1337, 1343, 1348, 1354, 1361, 1373, 1385, 1396, 1406, 1416, 1429, 1443, 1453, 1464, 1479, 1490, 1512]
[0, 1469, 1459, 1448, 1438, 1432, 1427, 1421, 1407, 1393, 1385, 1370, 1359, 1355, 1349, 1342, 1334, 1326, 1321, 1316, 1313, 1312, 1306, 1303, 1303, 1300, 1299, 1298, 1297, 1297, 1297, 1298, 1299, 1301, 1302, 1305, 1307, 1308, 1311, 1315, 1319, 1322, 1326, 1334, 1343, 1349, 1354, 1362, 1374, 1385, 1394, 1404, 1414, 1424, 1436, 1448, 1462, 1475, 1489, 1505, 1510]
[0, 1476, 1461, 1450, 1438, 1426, 1417, 1406, 1396, 1388, 1377, 1366, 1356, 1351, 1349, 1346, 1328, 1328, 1321, 1324, 1315, 1311, 1309, 1306, 1304, 1302, 1300, 1299, 1298, 1297, 1296, 1297, 1300, 1300, 1298, 1302, 1306, 1307, 1307, 1310, 1316, 1320, 1324, 1329, 1335, 1343, 1350, 1358, 1368, 1379, 1390, 1400, 1412, 1422, 1432, 1445, 1454, 1465, 1482, 1496, 1506]
[0, 1483, 1470, 1458, 1443, 1432, 1426, 1414, 1401, 1392, 1383, 1370, 1360, 1355, 1348, 1340, 1333, 1326, 1322, 1317, 1313, 1311, 1308, 1305, 1304, 1303, 1299, 1296, 1296, 1296, 1298, 1298, 1300, 1300, 1300, 1301, 1303, 1305, 1306, 1309, 1309, 1315, 1327, 1329, 1341, 1348, 1350, 1354, 1373, 1379, 1395, 1405, 1414, 1424, 1436, 1448, 1458, 1472, 1488, 1500, 1505]
[0, 1478, 1464, 1455, 1444, 1433, 1420, 1408, 1397, 1389, 1382, 1371, 1359, 1353, 1346, 1340, 1334, 1328, 1322, 1317, 1313, 1308, 1309, 1305, 1303, 1301, 1299, 1297, 1296, 1298, 1297, 1296, 1298, 1299, 1300, 1301, 1304, 1307, 1308, 1311, 1315, 1318, 1323, 1328, 1334, 1340, 1347, 1354, 1362, 1384, 1394, 1404, 1414, 1424, 1437, 1448, 1458, 1472, 1488, 1503, 1508]
[0, 1478, 1464, 1454, 1442, 1431, 1420, 1408, 1397, 1389, 1382, 1370, 1359, 1353, 1347, 1338, 1332, 1327, 1322, 1317, 1313, 1309, 1306, 1305, 1303, 1301, 1299, 1298, 1297, 1297, 1296, 1296, 1298, 1292, 1293, 1300, 1303, 1305, 1307, 1312, 1316, 1323, 1330, 1337, 1342, 1347, 1353, 1360, 1371, 1383, 1393, 1404, 1413, 1421, 1432, 1444, 1457, 1469, 1482, 1496, 1506]
