[0, 0, 0, 0, 0, 0, 0, 0, 0, 0, 0, 0, 0, 0, 0, 0, 0, 0, 0, 0, 0, 0, 0, 0, 0, 0, 0, 0, 0, 0, 0, 0, 0, 0, 0, 0, 0, 0, 0, 0, 0, 0, 0, 0, 0, 0, 0, 0, 0, 0, 0, 0, 0, 0, 0, 0, 0, 0, 0, 0, 0]
[0, 529, 525, 522, 518, 514, 511, 508, 505, 503, 500, 498, 496, 493, 491, 489, 487, 486, 486, 484, 484, 483, 482, 481, 481, 480, 480, 480, 479, 480, 480, 481, 481, 482, 483, 484, 484, 486, 487, 489, 491, 494, 496, 499, 501, 504, 506, 510, 514, 517, 521, 525, 530, 534, 539, 544, 550, 555, 560, 565, 571]
[0, 530, 525, 521, 518, 514, 511, 508, 505, 503, 500, 498, 496, 494, 492, 489, 487, 486, 485, 484, 484, 483, 481, 481, 481, 480, 480, 480, 479, 480, 480, 481, 481, 482, 483, 484, 484, 485, 487, 489, 491, 494, 496, 498, 501, 504, 507, 510, 513, 517, 521, 525, 530, 534, 539, 549, 550, 560, 565, 571, 578]
[0, 527, 524, 521, 520, 516, 512, 508, 505, 503, 501, 499, 497, 495, 493, 491, 489, 487, 486, 485, 483, 482, 482, 481, 480, 480, 480, 479, 479, 480, 480, 481, 481, 483, 483, 483, 484, 485, 487, 489, 492, 494, 496, 498, 501, 504, 507, 510, 513, 517, 521, 525, 530, 539, 539, 544, 549, 555, 560, 571, 578]
[0, 529, 525, 522, 518, 514, 511, 508, 505, 503, 500, 498, 496, 494, 492, 489, 487, 486, 486, 484, 483, 482, 482, 481, 481, 480, 480, 480, 480, 480, 481, 481, 481, 483, 483, 484, 485, 487, 488, 490, 492, 495, 497, 500, 503, 506, 509, 512, 515, 519, 524, 528, 532, 536, 542, 548, 553, 558, 564, 570, 576]
[0, 529, 525, 522, 518, 514, 511, 508, 505, 503, 500, 498, 496, 493, 491, 489, 487, 487, 486, 485, 484, 482, 482, 481, 481, 480, 479, 480, 479, 480, 480, 481, 481, 482, 483, 483, 484, 485, 487, 489, 491, 494, 496, 498, 501, 504, 507, 510, 513, 517, 521, 525, 530, 534, 539, 544, 550, 555, 560, 565, 578]
[0, 530, 526, 522, 518, 514, 510, 508, 505, 503, 500, 498, 496, 494, 492, 490, 488, 486, 485, 485, 483, 482, 482, 481, 481, 480, 480, 479, 479, 480, 480, 480, 481, 482, 483, 484, 484, 486, 487, 489, 491, 493, 496, 499, 501, 504, 507, 510, 513, 517, 521, 525, 530, 534, 539, 544, 550, 555, 560, 565, 571]
[0, 530, 525, 521, 518, 514, 510, 508, 505, 503, 500, 498, 496, 494, 492, 489, 487, 486, 485, 484, 483, 483, 481, 481, 481, 480, 479, 479, 479, 480, 480, 481, 482, 482, 483, 483, 484, 485, 487, 489, 491, 494, 495, 498, 500, 504, 507, 510, 513, 517, 521, 525, 529, 534, 539, 544, 549, 560, 560, 565, 578]
[0, 531, 527, 522, 519, 515, 511, 508, 505, 503, 501, 498, 497, 495, 492, 491, 489, 487, 486, 484, 483, 483, 482, 481, 480, 480, 479, 479, 480, 480, 480, 481, 481, 482, 483, 483, 484, 486, 487, 489, 491, 493, 495, 498, 500, 507, 507, 510, 513, 521, 525, 529, 529, 538, 544, 544, 554, 560, 564, 571, 579]
[0, 532, 529, 525, 521, 518, 515, 508, 509, 507, 501, 504, 501, 500, 498, 496, 495, 493, 492, 489, 488, 487, 486, 486, 481, 480, 480, 481, 480, 480, 480, 482, 482, 482, 484, 485, 486, 488, 489, 491, 494, 493, 498, 501, 503, 507, 509, 513, 516, 520, 525, 528, 533, 539, 543, 548, 553, 558, 564, 570, 577]
[0, 534, 529, 525, 522, 519, 516, 513, 510, 507, 505, 504, 502, 499, 497, 496, 495, 493, 492, 490, 489, 488, 487, 486, 485, 485, 485, 484, 484, 484, 484, 484, 487, 488, 488, 489, 491, 493, 494, 496, 498, 500, 503, 505, 508, 511, 513, 517, 521, 525, 529, 534, 538, 542, 548, 553, 558, 563, 569, 576, 582]
[0, 535, 531, 527, 523, 520, 516, 514, 511, 509, 506, 503, 501, 499, 497, 495, 494, 492, 491, 489, 488, 488, 486, 486, 486, 485, 485, 485, 485, 485, 484, 484, 486, 488, 488, 489, 491, 493, 495, 497, 499, 501, 503, 506, 508, 511, 513, 517, 521, 525, 530, 534, 538, 543, 548, 553, 558, 563, 569, 575, 582]
[0, 536, 532, 528, 521, 520, 518, 515, 512, 509, 507, 504, 502, 500, 499, 497, 495, 493, 492, 490, 489, 488, 487, 486, 486, 485, 485, 485, 485, 485, 485, 485, 488, 488, 490, 489, 491, 492, 496, 497, 498, 502, 505, 507, 508, 513, 517, 521, 524, 525, 533, 537, 541, 547, 553, 557, 562, 567, 573, 580, 587]
[0, 538, 534, 531, 527, 524, 521, 518, 515, 512, 510, 507, 505, 503, 501, 499, 498, 497, 496, 494, 493, 488, 492, 486, 485, 486, 485, 485, 484, 484, 484, 485, 487, 488, 489, 490, 491, 493, 495, 496, 499, 502, 504, 507, 509, 512, 515, 519, 523, 527, 530, 535, 539, 544, 549, 555, 560, 565, 571, 578, 585]
[0, 537, 533, 529, 525, 522, 519, 516, 514, 511, 510, 509, 507, 504, 502, 500, 499, 497, 497, 496, 494, 493, 491, 491, 490, 489, 489, 488, 484, 484, 484, 485, 488, 492, 495, 490, 496, 498, 500, 503, 505, 508, 510, 507, 515, 519, 515, 522, 529, 534, 538, 542, 548, 553, 557, 562, 567, 574, 580, 586, 593]
[0, 536, 532, 529, 525, 522, 521, 518, 516, 513, 511, 508, 506, 503, 502, 500, 498, 497, 496, 495, 494, 493, 491, 490, 490, 489, 489, 488, 487, 486, 483, 484, 486, 492, 495, 495, 496, 498, 500, 501, 504, 506, 508, 510, 514, 517, 520, 524, 528, 531, 536, 540, 545, 550, 555, 560, 565, 571, 577, 584, 590]
[0, 540, 536, 531, 528, 524, 521, 518, 515, 512, 510, 509, 506, 503, 502, 501, 499, 497, 496, 495, 494, 493, 492, 490, 490, 490, 489, 488, 487, 485, 483, 485, 488, 492, 495, 496, 497, 498, 501, 503, 504, 507, 510, 511, 514, 518, 522, 525, 529, 534, 538, 542, 546, 552, 557, 562, 567, 574, 581, 587, 593]
[0, 542, 532, 529, 528, 522, 521, 520, 516, 513, 511, 508, 506, 504, 503, 501, 500, 498, 496, 496, 495, 494, 492, 492, 490, 491, 489, 488, 489, 486, 483, 483, 485, 489, 493, 498, 497, 499, 501, 503, 505, 507, 509, 512, 515, 518, 521, 524, 528, 533, 537, 541, 545, 551, 556, 561, 566, 572, 579, 591, 598]
[0, 542, 538, 533, 529, 527, 523, 519, 518, 514, 511, 510, 508, 506, 504, 501, 500, 499, 497, 497, 496, 495, 492, 495, 492, 491, 490, 490, 488, 485, 484, 485, 487, 493, 496, 496, 497, 499, 501, 504, 506, 509, 511, 513, 516, 520, 522, 527, 531, 535, 539, 542, 548, 553, 558, 564, 570, 576, 582, 587, 594]
[0, 541, 537, 533, 529, 526, 523, 520, 517, 514, 512, 510, 508, 505, 503, 502, 500, 501, 498, 497, 496, 496, 495, 495, 493, 493, 490, 491, 488, 485, 483, 483, 485, 489, 495, 498, 499, 501, 502, 504, 507, 508, 511, 514, 517, 520, 523, 527, 531, 535, 539, 544, 548, 553, 558, 562, 575, 576, 585, 587, 601]
[0, 548, 544, 539, 536, 532, 529, 526, 523, 521, 518, 516, 514, 511, 509, 508, 507, 505, 498, 503, 496, 501, 501, 495, 494, 494, 494, 493, 489, 486, 484, 483, 485, 490, 496, 499, 499, 501, 503, 506, 508, 510, 512, 515, 518, 521, 525, 528, 531, 535, 540, 544, 549, 554, 559, 564, 570, 576, 583, 588, 594]
[0, 547, 543, 539, 535, 532, 529, 526, 523, 520, 518, 516, 514, 512, 509, 510, 506, 505, 504, 503, 503, 502, 501, 500, 494, 500, 499, 496, 490, 485, 483, 482, 485, 489, 495, 502, 506, 508, 510, 511, 513, 515, 518, 521, 523, 526, 531, 534, 538, 542, 546, 550, 555, 560, 565, 577, 583, 576, 595, 588, 608]
[0, 553, 549, 545, 541, 537, 534, 531, 528, 525, 523, 521, 519, 517, 514, 512, 511, 509, 508, 507, 506, 505, 504, 500, 499, 499, 499, 495, 488, 484, 483, 483, 485, 490, 499, 505, 506, 508, 509, 511, 513, 516, 519, 521, 524, 528, 532, 535, 539, 543, 547, 552, 557, 562, 567, 573, 579, 584, 590, 596, 603]
[0, 557, 553, 545, 549, 546, 543, 539, 536, 533, 531, 528, 526, 524, 522, 520, 519, 517, 516, 515, 514, 513, 512, 511, 504, 503, 499, 491, 486, 484, 482, 484, 485, 494, 504, 510, 506, 513, 515, 511, 520, 516, 522, 527, 531, 534, 532, 537, 546, 543, 550, 559, 565, 569, 574, 581, 587, 594, 600, 606, 613]
[0, 560, 556, 552, 548, 545, 542, 538, 535, 533, 530, 528, 526, 523, 522, 520, 518, 517, 515, 514, 514, 513, 513, 512, 511, 508, 500, 491, 490, 481, 481, 484, 485, 494, 504, 0, 519, 521, 515, 524, 0, 530, 522, 533, 539, 542, 545, 549, 546, 554, 558, 562, 573, 569, 584, 590, 596, 602, 608, 615, 622]
[0, 563, 559, 555, 551, 548, 545, 542, 538, 535, 533, 531, 528, 527, 525, 520, 523, 520, 515, 519, 519, 518, 516, 515, 511, 518, 500, 0, 488, 483, 480, 481, 483, 487, 497, 511, 518, 520, 522, 524, 525, 528, 531, 534, 537, 540, 544, 549, 553, 557, 560, 564, 569, 576, 582, 588, 593, 600, 606, 612, 620]
[0, 561, 558, 553, 550, 547, 544, 541, 538, 535, 535, 533, 531, 528, 526, 524, 522, 521, 520, 518, 517, 517, 516, 515, 515, 514, 507, 493, 485, 481, 481, 480, 482, 487, 497, 0, 522, 524, 526, 528, 530, 533, 536, 539, 543, 546, 549, 554, 557, 562, 566, 571, 576, 582, 588, 594, 599, 606, 612, 619, 626]
[0, 562, 558, 554, 550, 547, 544, 541, 538, 535, 533, 533, 531, 526, 526, 524, 523, 521, 520, 518, 517, 517, 516, 515, 515, 511, 501, 491, 484, 480, 480, 482, 482, 491, 497, 0, 0, 524, 527, 529, 531, 533, 537, 539, 543, 546, 549, 550, 558, 562, 562, 571, 576, 583, 589, 595, 601, 607, 614, 619, 627]
[0, 567, 563, 560, 556, 552, 549, 546, 543, 541, 538, 536, 534, 532, 530, 528, 523, 526, 525, 524, 522, 521, 521, 521, 515, 511, 502, 492, 484, 480, 482, 482, 484, 490, 497, 0, 0, 524, 526, 529, 531, 533, 537, 540, 543, 546, 550, 554, 558, 562, 567, 571, 576, 582, 588, 594, 601, 607, 614, 621, 629]
[0, 577, 572, 568, 564, 560, 557, 554, 551, 549, 547, 536, 544, 542, 538, 537, 523, 535, 533, 532, 531, 530, 528, 529, 520, 512, 502, 493, 484, 480, 480, 480, 483, 489, 497, 0, 0, 529, 531, 533, 536, 539, 541, 544, 547, 551, 555, 558, 562, 566, 571, 576, 581, 586, 592, 599, 605, 610, 616, 624, 631]
[0, 577, 572, 568, 564, 560, 557, 554, 551, 549, 547, 544, 544, 540, 538, 537, 523, 533, 533, 532, 531, 530, 528, 529, 529, 522, 0, 491, 484, 479, 478, 479, 482, 489, 497, 0, 0, 537, 540, 542, 545, 547, 550, 553, 556, 559, 563, 567, 571, 576, 581, 587, 592, 596, 602, 609, 615, 621, 628, 635, 643]
[0, 590, 586, 581, 576, 572, 569, 566, 562, 561, 559, 556, 554, 552, 550, 549, 547, 546, 545, 543, 542, 541, 541, 529, 529, 523, 0, 491, 483, 479, 478, 479, 482, 489, 497, 0, 0, 537, 540, 542, 544, 547, 549, 553, 556, 559, 563, 567, 571, 576, 581, 587, 592, 596, 602, 609, 615, 621, 628, 635, 643]
[0, 589, 586, 581, 577, 572, 573, 569, 565, 563, 560, 558, 556, 554, 552, 550, 548, 547, 545, 544, 543, 542, 541, 540, 529, 540, 0, 492, 482, 477, 475, 476, 478, 484, 497, 0, 0, 551, 553, 555, 557, 559, 562, 565, 569, 573, 576, 581, 586, 591, 595, 599, 604, 609, 614, 621, 628, 636, 643, 649, 657]
[0, 591, 587, 582, 578, 575, 571, 567, 564, 562, 560, 558, 555, 553, 551, 549, 547, 546, 545, 544, 544, 543, 542, 541, 541, 0, 0, 485, 482, 479, 476, 475, 477, 481, 489, 0, 0, 552, 553, 556, 559, 0, 564, 567, 571, 573, 580, 584, 588, 591, 593, 602, 604, 607, 620, 626, 628, 640, 647, 649, 654]
[0, 599, 595, 591, 588, 584, 580, 576, 573, 570, 567, 565, 563, 561, 559, 556, 555, 554, 553, 551, 550, 549, 548, 541, 541, 541, 0, 490, 481, 477, 475, 476, 479, 485, 489, 0, 0, 551, 553, 555, 557, 560, 563, 566, 569, 574, 578, 582, 586, 591, 595, 600, 606, 612, 617, 622, 630, 638, 644, 651, 659]
[0, 604, 600, 596, 588, 592, 589, 586, 582, 579, 575, 573, 571, 568, 566, 565, 563, 561, 560, 558, 557, 556, 556, 548, 548, 541, 0, 492, 482, 477, 474, 475, 477, 482, 489, 0, 0, 561, 553, 563, 565, 567, 571, 575, 579, 582, 586, 590, 594, 599, 604, 609, 614, 619, 625, 632, 640, 647, 653, 661, 668]
[0, 608, 603, 599, 595, 592, 588, 585, 582, 578, 575, 572, 570, 568, 566, 564, 562, 561, 560, 559, 557, 556, 555, 555, 555, 541, 0, 0, 483, 478, 475, 474, 475, 480, 487, 0, 0, 567, 569, 571, 574, 577, 581, 583, 587, 592, 596, 600, 604, 608, 613, 618, 624, 630, 637, 644, 650, 658, 665, 673, 681]
[0, 604, 600, 596, 593, 589, 588, 582, 582, 579, 576, 573, 571, 569, 566, 565, 564, 562, 560, 559, 558, 556, 556, 556, 555, 541, 0, 491, 482, 477, 474, 475, 477, 481, 490, 559, 565, 567, 567, 569, 572, 575, 578, 582, 585, 589, 593, 597, 601, 605, 610, 615, 620, 626, 632, 639, 646, 653, 660, 667, 675]
[0, 611, 607, 603, 599, 596, 592, 589, 586, 583, 580, 578, 576, 573, 571, 569, 568, 562, 566, 564, 563, 562, 561, 561, 555, 0, 0, 484, 477, 474, 474, 475, 479, 481, 490, 559, 0, 566, 568, 571, 573, 577, 581, 583, 587, 591, 595, 599, 604, 608, 613, 618, 624, 630, 637, 643, 650, 657, 665, 673, 680]
[0, 626, 621, 616, 613, 610, 607, 603, 600, 598, 595, 592, 576, 590, 586, 569, 584, 582, 581, 579, 578, 577, 576, 576, 561, 560, 0, 486, 478, 474, 473, 474, 477, 481, 490, 0, 570, 571, 575, 577, 579, 582, 585, 588, 591, 595, 599, 603, 609, 613, 618, 623, 628, 635, 642, 648, 654, 662, 670, 677, 684]
[0, 628, 623, 618, 615, 611, 608, 605, 601, 598, 596, 594, 591, 588, 587, 585, 584, 583, 581, 579, 577, 577, 576, 576, 575, 576, 0, 482, 476, 473, 472, 473, 477, 477, 490, 0, 586, 587, 590, 593, 596, 599, 601, 604, 607, 612, 616, 620, 625, 630, 637, 642, 647, 653, 660, 666, 672, 679, 689, 697, 705]
[0, 632, 626, 622, 619, 615, 612, 609, 606, 603, 601, 597, 595, 593, 591, 585, 589, 587, 581, 586, 584, 583, 582, 581, 575, 576, 0, 486, 478, 474, 472, 472, 475, 480, 490, 0, 586, 0, 590, 592, 594, 596, 599, 603, 606, 610, 614, 618, 623, 627, 633, 640, 645, 650, 657, 663, 670, 677, 684, 694, 702]
[0, 630, 626, 621, 617, 614, 611, 609, 606, 603, 601, 600, 597, 595, 593, 591, 589, 589, 587, 585, 584, 583, 582, 581, 581, 581, 0, 482, 475, 474, 472, 472, 473, 476, 490, 0, 591, 593, 594, 597, 600, 603, 606, 609, 612, 616, 620, 625, 630, 635, 641, 646, 653, 659, 665, 671, 678, 686, 694, 703, 711]
[0, 640, 634, 630, 626, 621, 618, 614, 612, 610, 607, 604, 601, 595, 598, 596, 594, 593, 587, 592, 590, 590, 589, 588, 581, 0, 0, 0, 480, 474, 472, 471, 473, 477, 490, 0, 592, 594, 596, 598, 601, 603, 607, 610, 614, 617, 622, 627, 632, 638, 644, 649, 654, 660, 666, 673, 681, 688, 696, 705, 713]
[0, 642, 637, 633, 628, 625, 621, 618, 615, 613, 610, 608, 601, 605, 602, 601, 599, 598, 597, 595, 594, 593, 592, 588, 588, 588, 0, 0, 475, 473, 472, 471, 473, 476, 490, 0, 592, 0, 600, 603, 607, 609, 612, 616, 620, 624, 628, 633, 637, 642, 648, 653, 659, 666, 672, 680, 687, 695, 704, 712, 719]
[0, 656, 652, 648, 644, 641, 638, 634, 615, 631, 628, 625, 623, 619, 617, 616, 614, 612, 612, 611, 609, 608, 608, 592, 592, 0, 0, 0, 480, 474, 471, 471, 473, 477, 483, 487, 592, 0, 605, 608, 611, 614, 617, 620, 624, 629, 633, 639, 644, 648, 653, 660, 666, 671, 678, 685, 694, 701, 709, 716, 725]
[0, 656, 654, 649, 644, 646, 642, 638, 634, 631, 629, 626, 623, 619, 617, 616, 615, 613, 612, 611, 610, 609, 607, 607, 607, 0, 0, 488, 477, 472, 470, 470, 472, 475, 482, 479, 592, 0, 621, 624, 627, 632, 635, 639, 643, 647, 650, 655, 661, 666, 672, 678, 684, 691, 699, 706, 713, 721, 729, 738, 747]
[0, 661, 657, 653, 649, 645, 642, 638, 635, 632, 628, 624, 622, 620, 618, 616, 614, 613, 612, 612, 612, 610, 609, 609, 607, 0, 0, 485, 475, 471, 470, 470, 472, 477, 486, 0, 592, 0, 621, 623, 626, 634, 0, 637, 641, 645, 650, 654, 658, 663, 669, 675, 681, 687, 694, 703, 710, 715, 723, 732, 741]
[0, 662, 657, 653, 649, 645, 642, 638, 635, 631, 628, 624, 622, 620, 618, 616, 614, 613, 613, 612, 612, 610, 609, 609, 609, 609, 0, 480, 475, 471, 470, 469, 470, 474, 486, 0, 592, 0, 0, 626, 629, 632, 635, 640, 644, 648, 652, 656, 661, 666, 672, 678, 685, 692, 700, 707, 714, 721, 729, 738, 748]
[0, 668, 663, 658, 655, 651, 648, 645, 642, 639, 635, 632, 630, 627, 625, 622, 620, 619, 618, 618, 616, 615, 614, 609, 608, 609, 0, 480, 474, 471, 469, 470, 470, 474, 486, 0, 592, 0, 0, 626, 629, 632, 635, 639, 644, 648, 652, 656, 661, 666, 672, 678, 684, 691, 699, 707, 714, 720, 728, 738, 747]
[0, 673, 669, 665, 660, 656, 653, 650, 646, 644, 640, 638, 636, 633, 630, 622, 627, 625, 618, 624, 623, 622, 621, 609, 614, 609, 0, 481, 474, 470, 469, 470, 470, 478, 488, 0, 557, 0, 628, 631, 634, 639, 643, 645, 648, 653, 657, 662, 667, 672, 677, 683, 690, 698, 705, 711, 717, 726, 734, 743, 752]
[0, 673, 669, 664, 660, 656, 653, 650, 646, 644, 641, 638, 636, 633, 630, 628, 627, 625, 625, 623, 623, 622, 621, 620, 619, 0, 0, 488, 479, 473, 470, 469, 470, 473, 488, 0, 561, 0, 636, 640, 642, 647, 650, 652, 656, 661, 664, 669, 674, 680, 686, 692, 700, 706, 713, 719, 727, 735, 743, 753, 762]
[0, 695, 689, 684, 681, 676, 673, 669, 665, 662, 660, 657, 654, 653, 651, 648, 647, 646, 645, 643, 642, 642, 641, 620, 619, 0, 488, 478, 473, 470, 470, 469, 470, 474, 488, 0, 561, 0, 636, 639, 642, 647, 650, 652, 656, 660, 664, 669, 674, 680, 686, 693, 700, 707, 714, 720, 727, 736, 745, 754, 763]
[0, 695, 690, 684, 680, 676, 673, 669, 665, 662, 660, 657, 654, 652, 650, 648, 647, 646, 645, 643, 642, 642, 641, 641, 640, 0, 0, 478, 472, 469, 469, 469, 470, 472, 488, 0, 561, 0, 0, 0, 661, 665, 668, 671, 675, 679, 684, 690, 695, 702, 708, 713, 719, 727, 735, 743, 751, 759, 767, 777, 786]
[0, 706, 702, 696, 691, 687, 683, 679, 677, 673, 671, 669, 666, 664, 662, 660, 658, 657, 655, 643, 653, 642, 652, 641, 640, 0, 0, 478, 472, 469, 468, 469, 472, 472, 488, 0, 561, 0, 0, 0, 660, 664, 668, 671, 675, 679, 685, 690, 696, 702, 708, 713, 719, 728, 736, 743, 752, 760, 768, 777, 787]
[0, 705, 700, 695, 690, 686, 682, 679, 675, 673, 671, 670, 667, 664, 663, 661, 660, 658, 656, 655, 653, 652, 651, 641, 650, 0, 486, 476, 472, 470, 467, 467, 469, 472, 488, 0, 561, 0, 0, 0, 673, 676, 680, 685, 689, 695, 701, 705, 710, 715, 721, 729, 735, 743, 751, 759, 766, 775, 785, 794, 804]
[0, 713, 709, 704, 698, 694, 690, 686, 683, 680, 677, 675, 673, 671, 668, 667, 665, 664, 663, 661, 653, 659, 651, 651, 651, 0, 0, 483, 474, 469, 467, 468, 469, 474, 482, 0, 561, 0, 669, 672, 674, 678, 682, 686, 691, 697, 701, 702, 713, 715, 719, 725, 731, 738, 745, 754, 761, 769, 778, 787, 797]
[0, 720, 714, 710, 706, 701, 698, 694, 690, 686, 683, 681, 679, 677, 675, 673, 672, 670, 669, 661, 667, 666, 665, 659, 658, 0, 485, 483, 476, 470, 467, 467, 469, 472, 482, 0, 561, 0, 669, 0, 681, 684, 687, 692, 697, 702, 707, 712, 717, 722, 729, 737, 744, 751, 759, 766, 774, 783, 792, 803, 813]
[0, 718, 714, 710, 705, 701, 698, 693, 689, 686, 683, 680, 679, 677, 675, 674, 672, 670, 669, 667, 667, 666, 665, 665, 665, 0, 486, 483, 475, 469, 467, 467, 468, 472, 482, 0, 561, 0, 669, 0, 687, 691, 696, 701, 705, 710, 715, 720, 725, 732, 738, 745, 752, 759, 767, 775, 784, 793, 803, 812, 822]
[0, 735, 730, 725, 719, 716, 712, 708, 705, 702, 699, 698, 695, 692, 690, 688, 686, 685, 684, 682, 681, 680, 665, 664, 665, 0, 0, 485, 474, 469, 467, 466, 468, 472, 482, 0, 561, 0, 669, 0, 687, 691, 696, 701, 705, 710, 715, 720, 725, 732, 738, 744, 752, 759, 767, 775, 784, 793, 803, 812, 822]
[0, 741, 735, 730, 725, 720, 716, 713, 711, 708, 704, 702, 700, 697, 696, 694, 692, 690, 689, 688, 681, 687, 686, 664, 679, 0, 485, 475, 474, 467, 467, 467, 468, 471, 482, 0, 561, 0, 669, 0, 704, 707, 711, 715, 720, 726, 731, 737, 742, 749, 755, 762, 770, 776, 784, 792, 802, 811, 820, 829, 839]
[0, 746, 741, 736, 731, 727, 722, 718, 716, 714, 711, 707, 706, 705, 702, 700, 698, 696, 695, 695, 681, 692, 686, 685, 685, 0, 0, 485, 474, 469, 466, 466, 467, 471, 482, 0, 561, 0, 669, 0, 711, 714, 719, 724, 728, 732, 737, 743, 750, 756, 762, 769, 776, 784, 792, 801, 810, 818, 827, 836, 847]
[0, 747, 741, 736, 731, 726, 721, 717, 715, 712, 710, 708, 706, 705, 701, 700, 700, 698, 696, 695, 693, 692, 692, 685, 691, 0, 0, 484, 474, 468, 466, 466, 467, 471, 482, 0, 561, 0, 669, 0, 716, 720, 724, 730, 735, 740, 745, 750, 757, 763, 769, 777, 785, 793, 801, 810, 818, 827, 835, 845, 857]
[0, 747, 741, 736, 731, 726, 722, 718, 715, 713, 710, 708, 706, 704, 701, 699, 698, 697, 696, 695, 695, 693, 692, 691, 692, 0, 0, 480, 472, 468, 465, 465, 467, 473, 481, 0, 561, 0, 669, 0, 717, 721, 726, 730, 736, 741, 746, 753, 759, 764, 771, 779, 786, 795, 801, 803, 812, 829, 838, 849, 857]
[0, 746, 740, 736, 731, 726, 721, 718, 715, 712, 710, 708, 708, 703, 701, 701, 699, 697, 696, 695, 693, 692, 692, 691, 691, 0, 0, 483, 473, 468, 465, 465, 467, 471, 481, 0, 561, 0, 669, 0, 716, 720, 725, 730, 735, 740, 745, 750, 757, 764, 770, 777, 785, 793, 801, 809, 818, 827, 835, 845, 857]
[0, 780, 774, 769, 764, 759, 755, 751, 749, 746, 742, 738, 736, 734, 732, 730, 729, 726, 725, 724, 723, 722, 692, 691, 692, 0, 0, 480, 472, 467, 465, 465, 467, 471, 478, 0, 561, 0, 669, 0, 716, 720, 725, 730, 735, 740, 746, 752, 757, 764, 771, 777, 785, 792, 801, 810, 818, 826, 835, 845, 857]
[0, 779, 774, 769, 764, 759, 755, 751, 748, 745, 741, 738, 736, 733, 731, 729, 728, 726, 726, 723, 723, 722, 721, 722, 692, 0, 0, 484, 473, 468, 466, 465, 466, 469, 478, 0, 561, 0, 0, 746, 750, 755, 760, 764, 769, 774, 779, 785, 791, 798, 805, 812, 820, 827, 835, 845, 854, 864, 873, 882, 891]
[0, 786, 780, 774, 770, 766, 762, 758, 755, 753, 749, 746, 743, 733, 740, 738, 736, 735, 734, 733, 732, 731, 730, 722, 723, 0, 0, 482, 472, 467, 465, 465, 466, 470, 478, 0, 561, 0, 0, 747, 751, 756, 761, 765, 769, 775, 781, 786, 792, 800, 807, 814, 822, 829, 837, 846, 856, 866, 875, 884, 894]
[0, 795, 789, 783, 778, 773, 769, 766, 764, 761, 757, 754, 752, 733, 749, 746, 745, 743, 741, 739, 738, 738, 737, 731, 730, 0, 0, 480, 471, 466, 464, 464, 467, 471, 478, 0, 561, 0, 0, 757, 761, 765, 769, 772, 778, 784, 791, 798, 805, 811, 817, 824, 831, 838, 847, 858, 867, 875, 884, 893, 904]
[0, 808, 801, 795, 790, 786, 782, 778, 774, 771, 768, 766, 764, 761, 757, 755, 753, 753, 752, 750, 749, 748, 737, 737, 738, 0, 0, 478, 470, 466, 464, 464, 467, 470, 478, 0, 561, 0, 0, 764, 768, 773, 777, 782, 787, 794, 800, 806, 813, 820, 826, 833, 839, 849, 859, 868, 876, 884, 893, 903, 914]
[0, 818, 812, 806, 801, 796, 791, 788, 784, 780, 777, 774, 771, 769, 767, 765, 764, 763, 761, 761, 761, 759, 748, 748, 738, 0, 0, 473, 470, 466, 463, 463, 465, 468, 478, 0, 561, 0, 0, 772, 777, 780, 786, 791, 796, 802, 808, 815, 821, 826, 833, 841, 848, 858, 866, 874, 883, 891, 900, 911, 923]
[0, 825, 820, 813, 808, 804, 800, 796, 791, 789, 786, 782, 781, 779, 778, 775, 772, 772, 770, 768, 761, 768, 768, 758, 759, 0, 0, 0, 472, 466, 463, 463, 464, 468, 473, 483, 561, 0, 0, 783, 788, 792, 797, 803, 808, 812, 818, 825, 830, 836, 844, 854, 861, 869, 876, 884, 893, 903, 913, 924, 936]
[0, 836, 831, 825, 820, 815, 811, 807, 803, 800, 798, 793, 790, 788, 786, 784, 782, 782, 781, 779, 778, 778, 767, 758, 766, 0, 0, 480, 471, 465, 463, 463, 465, 468, 473, 483, 561, 0, 0, 794, 798, 803, 809, 814, 819, 825, 830, 835, 842, 851, 859, 867, 874, 880, 888, 898, 909, 918, 929, 940, 950]
[0, 838, 833, 828, 824, 818, 814, 807, 808, 800, 805, 802, 799, 795, 792, 790, 788, 786, 786, 786, 785, 783, 783, 776, 766, 0, 0, 0, 471, 466, 463, 462, 464, 468, 473, 483, 561, 0, 0, 805, 809, 814, 819, 825, 830, 834, 840, 847, 855, 863, 870, 876, 883, 891, 900, 910, 920, 930, 940, 950, 961]
[0, 853, 847, 840, 833, 830, 827, 823, 820, 817, 814, 811, 808, 795, 806, 802, 788, 801, 799, 797, 796, 795, 795, 783, 782, 0, 0, 474, 467, 463, 463, 463, 464, 471, 473, 483, 0, 0, 810, 814, 819, 824, 828, 833, 839, 845, 853, 847, 866, 873, 870, 888, 883, 895, 904, 914, 926, 936, 945, 955, 966]
[0, 850, 844, 838, 833, 829, 827, 826, 822, 820, 816, 813, 810, 808, 806, 804, 802, 800, 798, 797, 796, 795, 795, 795, 795, 0, 0, 475, 468, 463, 463, 0, 0, 478, 0, 0, 0, 0, 823, 826, 830, 834, 839, 845, 852, 859, 865, 870, 877, 883, 891, 899, 907, 918, 928, 936, 946, 956, 967, 980, 993]
[0, 871, 866, 861, 855, 850, 845, 841, 836, 820, 834, 832, 830, 828, 825, 822, 821, 820, 818, 818, 817, 815, 815, 795, 797, 0, 0, 0, 472, 463, 0, 0, 499, 0, 473, 0, 0, 0, 825, 826, 828, 832, 836, 841, 847, 854, 862, 868, 874, 881, 887, 895, 903, 912, 922, 932, 940, 949, 960, 973, 987]
[0, 871, 867, 862, 856, 851, 847, 842, 838, 835, 832, 830, 828, 825, 823, 822, 822, 820, 818, 817, 817, 817, 817, 815, 815, 0, 0, 0, 0, 539, 542, 542, 539, 0, 0, 0, 0, 0, 840, 850, 828, 854, 860, 866, 871, 876, 881, 887, 894, 900, 908, 918, 927, 936, 945, 953, 962, 976, 989, 999, 1010]
[0, 885, 879, 874, 870, 866, 862, 859, 854, 850, 846, 842, 840, 839, 836, 835, 833, 832, 831, 829, 829, 829, 817, 816, 815, 0, 0, 480, 0, 538, 541, 542, 540, 536, 0, 0, 0, 839, 843, 848, 853, 858, 863, 869, 874, 879, 885, 891, 898, 906, 915, 925, 933, 943, 951, 960, 972, 984, 995, 1007, 1020]
[0, 889, 884, 878, 874, 870, 866, 862, 859, 855, 851, 849, 845, 841, 839, 839, 837, 835, 831, 835, 834, 834, 829, 830, 815, 0, 0, 480, 0, 540, 542, 541, 0, 539, 0, 0, 0, 0, 862, 865, 869, 874, 879, 884, 889, 895, 900, 908, 916, 923, 932, 940, 948, 957, 967, 977, 990, 1000, 1010, 1021, 1034]
[0, 889, 885, 879, 874, 870, 866, 862, 859, 855, 851, 849, 845, 841, 839, 839, 837, 835, 835, 834, 834, 834, 834, 834, 834, 0, 0, 480, 0, 538, 541, 542, 540, 537, 528, 0, 0, 860, 865, 870, 873, 877, 882, 887, 893, 900, 907, 913, 919, 927, 936, 945, 954, 963, 974, 985, 996, 1005, 1017, 1030, 1043]
[0, 890, 885, 879, 874, 870, 867, 863, 859, 856, 852, 849, 845, 843, 841, 839, 837, 836, 835, 834, 834, 834, 834, 834, 834, 0, 0, 480, 0, 538, 541, 542, 540, 537, 528, 0, 0, 860, 865, 870, 873, 877, 882, 887, 893, 900, 907, 913, 920, 927, 936, 945, 954, 963, 974, 985, 995, 1005, 1017, 1030, 1043]
[0, 931, 924, 919, 914, 908, 904, 899, 896, 893, 890, 888, 886, 884, 882, 881, 879, 836, 878, 878, 878, 877, 876, 834, 834, 0, 0, 480, 0, 538, 541, 542, 540, 537, 528, 0, 0, 861, 866, 870, 873, 878, 882, 889, 895, 900, 907, 915, 921, 929, 939, 947, 955, 965, 977, 988, 997, 1008, 1021, 1033, 1047]
[0, 937, 931, 926, 920, 914, 909, 905, 901, 897, 895, 892, 890, 888, 885, 883, 881, 881, 881, 880, 878, 877, 878, 877, 878, 0, 0, 522, 532, 538, 541, 542, 539, 537, 531, 0, 905, 908, 914, 919, 924, 931, 936, 940, 946, 952, 960, 967, 976, 987, 994, 1003, 1013, 1022, 1033, 1045, 1056, 1008, 1083, 1097, 1047]
[0, 971, 964, 957, 952, 948, 944, 941, 938, 934, 931, 929, 927, 924, 922, 920, 919, 917, 917, 917, 916, 917, 878, 880, 879, 0, 0, 521, 531, 538, 541, 542, 539, 537, 532, 0, 0, 908, 913, 919, 924, 930, 935, 940, 946, 952, 958, 964, 973, 983, 993, 1002, 1012, 1021, 1031, 1042, 1055, 1068, 1081, 1094, 1109]
[0, 969, 961, 955, 952, 950, 946, 943, 940, 936, 933, 930, 927, 925, 922, 920, 919, 918, 917, 917, 916, 916, 878, 917, 917, 918, 0, 521, 0, 538, 541, 542, 541, 537, 0, 938, 941, 945, 950, 954, 959, 965, 971, 979, 987, 995, 1001, 1008, 1016, 1024, 1034, 1046, 1056, 1066, 1077, 1088, 1101, 1115, 1130, 1145, 1159]
[0, 969, 962, 956, 952, 951, 943, 943, 940, 937, 933, 930, 928, 925, 922, 920, 919, 917, 916, 916, 916, 916, 915, 916, 918, 918, 0, 0, 536, 540, 542, 542, 542, 0, 937, 940, 943, 947, 952, 957, 963, 968, 974, 984, 987, 998, 1001, 1004, 1020, 1029, 1038, 1046, 1049, 1059, 1070, 1081, 1092, 1106, 1121, 1136, 1152]
[0, 976, 967, 961, 955, 950, 948, 943, 938, 936, 933, 930, 928, 925, 922, 921, 919, 918, 916, 918, 918, 918, 917, 917, 917, 917, 0, 0, 535, 539, 539, 539, 541, 0, 937, 939, 943, 947, 952, 956, 961, 967, 974, 983, 990, 996, 1001, 1008, 1018, 1028, 1037, 1047, 1058, 1068, 1079, 1092, 1105, 1106, 1133, 1149, 1152]
[0, 969, 967, 956, 955, 952, 948, 943, 940, 937, 934, 930, 928, 925, 923, 923, 922, 918, 918, 917, 917, 918, 917, 918, 918, 918, 921, 0, 0, 538, 541, 542, 542, 0, 0, 938, 943, 947, 951, 957, 963, 967, 974, 983, 989, 995, 1002, 1009, 1017, 1025, 1036, 1047, 1056, 1068, 1078, 1088, 1102, 1116, 1133, 1149, 1162]
[0, 1034, 1028, 1022, 1015, 1010, 1005, 1002, 999, 995, 993, 990, 987, 985, 983, 981, 978, 977, 977, 977, 977, 977, 920, 919, 918, 919, 921, 0, 0, 540, 545, 544, 543, 0, 937, 940, 945, 949, 952, 957, 963, 971, 979, 985, 992, 997, 1002, 1013, 1020, 1025, 1038, 1047, 1061, 1068, 1081, 1088, 1092, 1107, 1122, 1138, 1153]
[0, 1034, 1043, 1036, 1030, 1024, 1020, 1014, 1009, 1006, 1003, 1001, 999, 998, 995, 993, 992, 992, 992, 991, 991, 991, 979, 980, 980, 981, 982, 983, 985, 987, 989, 992, 994, 997, 1000, 1004, 1008, 949, 1012, 1018, 1030, 971, 1037, 1042, 1049, 1058, 1065, 1072, 1080, 1090, 1102, 1112, 1123, 1135, 1147, 1162, 1174, 1187, 1201, 1215, 1231]
[0, 1065, 1057, 1050, 1044, 1039, 1034, 1029, 1025, 1022, 1019, 1016, 1013, 1011, 1008, 1007, 1006, 1006, 1006, 1006, 991, 1006, 1006, 992, 993, 993, 994, 995, 996, 997, 999, 1001, 1005, 1008, 1011, 1016, 1021, 1024, 1031, 1037, 1041, 1047, 1054, 1061, 1069, 1077, 1085, 1092, 1100, 1112, 1123, 1133, 1146, 1158, 1171, 1184, 1197, 1209, 1225, 1241, 1257]
[0, 1090, 1083, 1076, 1070, 1064, 1060, 1029, 1056, 1052, 1047, 1043, 1041, 1040, 1037, 1035, 1034, 1034, 1032, 1031, 1032, 1032, 1006, 1006, 1007, 1008, 1009, 1010, 1010, 1013, 1016, 1018, 1020, 1024, 1028, 1031, 1036, 1041, 1046, 1052, 1058, 1065, 1071, 1078, 1085, 1092, 1101, 1110, 1120, 1130, 1141, 1153, 1163, 1174, 1188, 1200, 1214, 1229, 1242, 1258, 1276]
[0, 1093, 1086, 1080, 1073, 1066, 1062, 1058, 1052, 1047, 1044, 1042, 1040, 1037, 1035, 1033, 1033, 1033, 1033, 1032, 1032, 1032, 1033, 1033, 1034, 1036, 1037, 1036, 1037, 1040, 1041, 1044, 1048, 1053, 1057, 1060, 1065, 1071, 1076, 1080, 1085, 1092, 1101, 1110, 1118, 1125, 1134, 1145, 1155, 1164, 1175, 1186, 1198, 1211, 1225, 1238, 1251, 1265, 1283, 1301, 1276]
[0, 1106, 1098, 1091, 1086, 1080, 1074, 1070, 1065, 1063, 1061, 1057, 1053, 1050, 1048, 1046, 1044, 1045, 1045, 1044, 1044, 1044, 1033, 1034, 1034, 1034, 1035, 1037, 1039, 1041, 1044, 1047, 1052, 1057, 1060, 1063, 1067, 1073, 1079, 1085, 1085, 1097, 1106, 1110, 1114, 1122, 1129, 1139, 1150, 1159, 1168, 1179, 1191, 1203, 1216, 1230, 1244, 1259, 1274, 1290, 1276]
[0, 1104, 1097, 1090, 1084, 1079, 1073, 1069, 1066, 1063, 1063, 1060, 1057, 1054, 1052, 1050, 1048, 1047, 1047, 1047, 1046, 1046, 1046, 1046, 1048, 1050, 1051, 1052, 1054, 1057, 1059, 1062, 1065, 1069, 1075, 1078, 1082, 1087, 1093, 1099, 1106, 1097, 1121, 1110, 1129, 1137, 1145, 1154, 1163, 1173, 1184, 1196, 1209, 1223, 1235, 1247, 1262, 1276, 1292, 1290, 1276]
[0, 1104, 1098, 1091, 1085, 1079, 1073, 1069, 1066, 1063, 1061, 1058, 1054, 1054, 1052, 1048, 1048, 1046, 1046, 1046, 1046, 1046, 1048, 1047, 1048, 1049, 1051, 1054, 1056, 1058, 1060, 1062, 1064, 1069, 1073, 1077, 1082, 1087, 1092, 1097, 1105, 1112, 1120, 1130, 1137, 1145, 1153, 1161, 1170, 1180, 1193, 1205, 1217, 1230, 1243, 1257, 1271, 1286, 1302, 1290, 1329]
[0, 1126, 1120, 1113, 1106, 1099, 1094, 1090, 1085, 1082, 1079, 1077, 1075, 1073, 1072, 1071, 1071, 1070, 1070, 1069, 1069, 1071, 1048, 1050, 1051, 1051, 1053, 1054, 1056, 1058, 1060, 1061, 1064, 1069, 1073, 1077, 1082, 1087, 1092, 1097, 1103, 1111, 1120, 1128, 1137, 1145, 1153, 1162, 1170, 1180, 1191, 1202, 1215, 1228, 1242, 1256, 1268, 1281, 1298, 1290, 1327]
[0, 1174, 1167, 1161, 1155, 1149, 1142, 1136, 1132, 1129, 1126, 1123, 1120, 1118, 1118, 1117, 1116, 1116, 1115, 1115, 1115, 1116, 1071, 1072, 1074, 1076, 1076, 1078, 1081, 1085, 1088, 1091, 1094, 1098, 1103, 1110, 1115, 1120, 1127, 1134, 1140, 1148, 1157, 1165, 1172, 1178, 1189, 1200, 1213, 1225, 1238, 1252, 1265, 1278, 1294, 1256, 1321, 1348, 1364, 1385, 1407]
[0, 1175, 1167, 1161, 1155, 1148, 1142, 1137, 1135, 1131, 1126, 1123, 1120, 1119, 1118, 1117, 1117, 1116, 1115, 1115, 1115, 1115, 1116, 1118, 1121, 1123, 1076, 1128, 1081, 1131, 1133, 1136, 1138, 1141, 1144, 1149, 1156, 1161, 1166, 1172, 1179, 1184, 1192, 1202, 1210, 1218, 1227, 1238, 1249, 1263, 1276, 1285, 1300, 1316, 1332, 1347, 1363, 1381, 1397, 1417, 1407]
[0, 1178, 1172, 1164, 1157, 1153, 1148, 1142, 1137, 1132, 1128, 1125, 1124, 1122, 1119, 1118, 1118, 1117, 1116, 1115, 1115, 1116, 1116, 1117, 1118, 1121, 1125, 1128, 1130, 1130, 1132, 1135, 1137, 1140, 1145, 1151, 1156, 1162, 1167, 1172, 1179, 1185, 1193, 1204, 1212, 1219, 1230, 1240, 1251, 1265, 1276, 1287, 1302, 1316, 1332, 1348, 1364, 1381, 1397, 1419, 1407]
[0, 1194, 1188, 1183, 1176, 1169, 1163, 1158, 1156, 1154, 1149, 1144, 1142, 1141, 1138, 1136, 1136, 1136, 1135, 1135, 1135, 1136, 1119, 1119, 1122, 1124, 1126, 1128, 1131, 1133, 1135, 1137, 1140, 1144, 1149, 1155, 1159, 1164, 1169, 1176, 1182, 1188, 1196, 1205, 1213, 1223, 1234, 1244, 1257, 1271, 1280, 1292, 1307, 1323, 1340, 1356, 1372, 1388, 1406, 1419, 1407]
[0, 1206, 1199, 1193, 1188, 1181, 1174, 1171, 1169, 1166, 1163, 1160, 1157, 1156, 1154, 1154, 1154, 1153, 1153, 1155, 1156, 1157, 1138, 1139, 1139, 1143, 1146, 1147, 1150, 1151, 1156, 1159, 1161, 1165, 1169, 1174, 1180, 1185, 1191, 1199, 1213, 1188, 1227, 1205, 1237, 1254, 1234, 1267, 1284, 1271, 1295, 1309, 1326, 1341, 1354, 1369, 1383, 1401, 1421, 1444, 1463]
[0, 1211, 1205, 1197, 1190, 1184, 1180, 1177, 1173, 1167, 1163, 1163, 1161, 1156, 1160, 1159, 1159, 1159, 1158, 1158, 1159, 1159, 1157, 1158, 1159, 1161, 1163, 1162, 1165, 1169, 1171, 1174, 1175, 1179, 1188, 1193, 1200, 1210, 1218, 1230, 1242, 1250, 1257, 1264, 1266, 1271, 1282, 1296, 1309, 1323, 1336, 1347, 1360, 1374, 1387, 1404, 1420, 1441, 1466, 1484, 1502]
[0, 1232, 1225, 1215, 1206, 1201, 1197, 1194, 1191, 1167, 1182, 1179, 1161, 1177, 1175, 1173, 1173, 1173, 1172, 1172, 1173, 1174, 1160, 1162, 1162, 1163, 1164, 1165, 1168, 1171, 1173, 1175, 1178, 1181, 1186, 1190, 1197, 1207, 1217, 1231, 1239, 1245, 1256, 1263, 1266, 1272, 1281, 1290, 1306, 1321, 1333, 1347, 1357, 1370, 1385, 1403, 1421, 1442, 1463, 1482, 1499]
[0, 1237, 1230, 1222, 1213, 1208, 1202, 1197, 1193, 1188, 1183, 1180, 1179, 1176, 1173, 1174, 1174, 1174, 1173, 1173, 1173, 1174, 1174, 1174, 1177, 1178, 1180, 1184, 1186, 1189, 1192, 1196, 1199, 1200, 1209, 1216, 1221, 1231, 1245, 1251, 1254, 1258, 1264, 1277, 1284, 1293, 1304, 1314, 1328, 1343, 1355, 1366, 1377, 1392, 1408, 1425, 1444, 1464, 1487, 1501, 1508]
[0, 1285, 1278, 1272, 1263, 1257, 1252, 1247, 1243, 1239, 1235, 1232, 1229, 1228, 1231, 1234, 1236, 1241, 1241, 1239, 1235, 1231, 1175, 1175, 1176, 1179, 1181, 1183, 1188, 1192, 1195, 1198, 1199, 1203, 1214, 1222, 1230, 1237, 1243, 1248, 1252, 1260, 1274, 1281, 1286, 1296, 1308, 1322, 1335, 1347, 1356, 1367, 1381, 1395, 1412, 1430, 1451, 1470, 1485, 1499, 1516]
[0, 1292, 1284, 1278, 1271, 1266, 1262, 1256, 1250, 1246, 1243, 1240, 1237, 1236, 1236, 1236, 1241, 1245, 1242, 1240, 1236, 1234, 1235, 1175, 1235, 1236, 1248, 1183, 1253, 1254, 1256, 1257, 1259, 1262, 1267, 1273, 1278, 1283, 1292, 1299, 1308, 1318, 1327, 1333, 1336, 1342, 1351, 1358, 1365, 1374, 1381, 1390, 1398, 1407, 1421, 1434, 1446, 1460, 1475, 1490, 1503]
[0, 1351, 1344, 1278, 1271, 1326, 1312, 1307, 1301, 1300, 1299, 1294, 1290, 1287, 1285, 1286, 1285, 1285, 1286, 1285, 1287, 1287, 1237, 1240, 1242, 1244, 1248, 1253, 1256, 1254, 1260, 1261, 1259, 1264, 1269, 1274, 1279, 1285, 1292, 1300, 1309, 1317, 1325, 1331, 1336, 1342, 1350, 1358, 1365, 1374, 1381, 1390, 1398, 1408, 1421, 1434, 1446, 1460, 1476, 1490, 1502]
[0, 1369, 1362, 1355, 1348, 1342, 1312, 1330, 1322, 1318, 1313, 1309, 1309, 1307, 1303, 1303, 1301, 1301, 1302, 1301, 1301, 1287, 1285, 1288, 1291, 1291, 1292, 1292, 1288, 1286, 1289, 1291, 1292, 1293, 1296, 1298, 1300, 1303, 1305, 1309, 1312, 1317, 1318, 1326, 1331, 1339, 1346, 1353, 1364, 1371, 1376, 1387, 1396, 1406, 1416, 1427, 1441, 1457, 1473, 1487, 1502]
[0, 1370, 1364, 1359, 1351, 1343, 1312, 1330, 1331, 1320, 1316, 1312, 1309, 1308, 1305, 1303, 1303, 1302, 1303, 1304, 1303, 1298, 1285, 1296, 1298, 1297, 1293, 1290, 1290, 1291, 1291, 1292, 1291, 1291, 1294, 1297, 1300, 1302, 1305, 1308, 1312, 1316, 1321, 1325, 1333, 1340, 1345, 1355, 1363, 1369, 1378, 1389, 1399, 1409, 1421, 1431, 1444, 1461, 1477, 1491, 1504]
[0, 1417, 1404, 1396, 1392, 1387, 1379, 1375, 1372, 1366, 1360, 1312, 1354, 1349, 1342, 1333, 1324, 1318, 1314, 1310, 1305, 1302, 1296, 1296, 1298, 1293, 1288, 1290, 1288, 1287, 1290, 1290, 1293, 1295, 1295, 1297, 1299, 1302, 1307, 1309, 1312, 1318, 1323, 1328, 1335, 1343, 1350, 1359, 1366, 1374, 1384, 1393, 1403, 1414, 1424, 1438, 1454, 1467, 1482, 1499, 1511]
[0, 1417, 1405, 1396, 1392, 1387, 1380, 1375, 1372, 1367, 1360, 1354, 1349, 1342, 1342, 1332, 1324, 1319, 1315, 1309, 1306, 1303, 1299, 1294, 1292, 1292, 1290, 1287, 1287, 1287, 1287, 1286, 1288, 1289, 1291, 1293, 1295, 1300, 1305, 1309, 1313, 1316, 1319, 1326, 1334, 1341, 1347, 1354, 1363, 1371, 1378, 1387, 1399, 1411, 1419, 1431, 1447, 1458, 1470, 1485, 1502]
[0, 1417, 1405, 1444, 1420, 1410, 1404, 1394, 1383, 1374, 1366, 1359, 1351, 1343, 1336, 1328, 1321, 1316, 1311, 1305, 1301, 1303, 1300, 1295, 1291, 1293, 1291, 1288, 1286, 1286, 1287, 1286, 1288, 1291, 1292, 1293, 1297, 1301, 1304, 1308, 1311, 1314, 1319, 1324, 1333, 1340, 1346, 1355, 1363, 1370, 1379, 1388, 1399, 1409, 1420, 1431, 1444, 1460, 1474, 1488, 1503]
[0, 1465, 1460, 1447, 1425, 1410, 1401, 1391, 1384, 1376, 1366, 1357, 1350, 1343, 1336, 1328, 1321, 1317, 1312, 1306, 1303, 1299, 1298, 1295, 1291, 1294, 1292, 1288, 1289, 1290, 1287, 1286, 1288, 1289, 1292, 1296, 1299, 1299, 1302, 1307, 1311, 1314, 1316, 1322, 1330, 1335, 1343, 1351, 1358, 1368, 1375, 1384, 1395, 1404, 1414, 1429, 1445, 1457, 1472, 1486, 1499]
[0, 1469, 1455, 1441, 1427, 1414, 1402, 1392, 1384, 1374, 1365, 1358, 1349, 1342, 1335, 1328, 1321, 1316, 1313, 1308, 1303, 1299, 1297, 1295, 1292, 1290, 1288, 1288, 1285, 1286, 1285, 1287, 1289, 1289, 1291, 1294, 1298, 1299, 1300, 1303, 1307, 1312, 1317, 1321, 1328, 1335, 1342, 1349, 1358, 1365, 1373, 1385, 1396, 1404, 1414, 1426, 1440, 1453, 1469, 1488, 1501]
[0, 1473, 1457, 1442, 1429, 1416, 1403, 1393, 1384, 1373, 1364, 1357, 1349, 1342, 1335, 1328, 1321, 1315, 1312, 1309, 1304, 1299, 1297, 1294, 1292, 1290, 1288, 1285, 1285, 1286, 1285, 1286, 1288, 1289, 1291, 1291, 1294, 1298, 1304, 1303, 1306, 1310, 1316, 1321, 1329, 1336, 1341, 1351, 1359, 1365, 1371, 1383, 1395, 1406, 1415, 1425, 1439, 1453, 1469, 1486, 1500]
[0, 1465, 1448, 1433, 1422, 1412, 1400, 1390, 1382, 1371, 1361, 1354, 1346, 1339, 1333, 1325, 1319, 1315, 1315, 1310, 1305, 1302, 1297, 1294, 1291, 1290, 1288, 1288, 1287, 1285, 1285, 1287, 1289, 1291, 1292, 1294, 1298, 1301, 1304, 1305, 1309, 1310, 1315, 1319, 1323, 1332, 1342, 1351, 1358, 1366, 1373, 1382, 1394, 1400, 1410, 1425, 1439, 1452, 1465, 1482, 1497]
[0, 1474, 1457, 1442, 1428, 1416, 1403, 1393, 1383, 1373, 1364, 1357, 1349, 1342, 1335, 1326, 1319, 1315, 1312, 1306, 1301, 1299, 1299, 1295, 1292, 1293, 1290, 1288, 1286, 1285, 1286, 1285, 1285, 1288, 1291, 1292, 1294, 1297, 1303, 1304, 1307, 1314, 1318, 1323, 1328, 1333, 1339, 1347, 1358, 1369, 1377, 1383, 1394, 1406, 1414, 1426, 1442, 1459, 1471, 1486, 1502]
[0, 1465, 1448, 1434, 1420, 1410, 1400, 1390, 1381, 1373, 1365, 1355, 1348, 1339, 1331, 1326, 1320, 1315, 1310, 1305, 1301, 1299, 1296, 1293, 1291, 1290, 1287, 1284, 1284, 1284, 1285, 1287, 1288, 1290, 1292, 1294, 1297, 1300, 1303, 1305, 1307, 1315, 1319, 1323, 1323, 1330, 1339, 1346, 1351, 1363, 1373, 1378, 1390, 1400, 1408, 1420, 1432, 1446, 1462, 1478, 1494]
[0, 1460, 1447, 1432, 1418, 1409, 1398, 1387, 1376, 1367, 1360, 1355, 1353, 1345, 1335, 1329, 1324, 1318, 1314, 1309, 1304, 1301, 1296, 1296, 1293, 1290, 1288, 1288, 1285, 1282, 1282, 1285, 1287, 1289, 1288, 1292, 1295, 1295, 1299, 1301, 1304, 1310, 1316, 1319, 1326, 1334, 1341, 1348, 1357, 1365, 1373, 1383, 1394, 1403, 1413, 1425, 1437, 1450, 1464, 1480, 1497]
[0, 1473, 1456, 1441, 1428, 1416, 1403, 1393, 1384, 1375, 1365, 1356, 1348, 1342, 1333, 1325, 1320, 1314, 1310, 1307, 1303, 1298, 1299, 1294, 1289, 1289, 1289, 1286, 1285, 1285, 1285, 1285, 1285, 1285, 1288, 1292, 1293, 1296, 1302, 1304, 1307, 1313, 1317, 1322, 1326, 1332, 1340, 1348, 1358, 1368, 1375, 1381, 1394, 1405, 1414, 1427, 1439, 1449, 1467, 1487, 1502]
[0, 1472, 1454, 1440, 1427, 1414, 1403, 1392, 1383, 1373, 1365, 1357, 1349, 1341, 1334, 1327, 1321, 1316, 1312, 1307, 1302, 1298, 1295, 1293, 1291, 1289, 1287, 1285, 1284, 1283, 1283, 1284, 1285, 1287, 1291, 1293, 1293, 1294, 1299, 1306, 1311, 1314, 1317, 1324, 1334, 1339, 1343, 1350, 1360, 1370, 1377, 1383, 1393, 1406, 1420, 1433, 1443, 1456, 1473, 1489, 1502]
[0, 1459, 1444, 1430, 1427, 1418, 1404, 1393, 1385, 1376, 1367, 1356, 1348, 1342, 1336, 1328, 1320, 1316, 1312, 1306, 1303, 1299, 1293, 1290, 1290, 1289, 1287, 1284, 1284, 1284, 1284, 1286, 1287, 1289, 1290, 1293, 1296, 1294, 1300, 1305, 1309, 1314, 1314, 1320, 1324, 1331, 1340, 1345, 1353, 1363, 1371, 1380, 1388, 1397, 1407, 1421, 1434, 1447, 1463, 1478, 1494]
[0, 1464, 1448, 1433, 1420, 1409, 1399, 1389, 1380, 1369, 1359, 1351, 1345, 1337, 1328, 1320, 1316, 1312, 1312, 1304, 1303, 1300, 1296, 1293, 1289, 1287, 1287, 1285, 1284, 1285, 1286, 1284, 1286, 1288, 1288, 1290, 1292, 1297, 1300, 1303, 1311, 1315, 1317, 1321, 1328, 1336, 1343, 1350, 1360, 1372, 1380, 1387, 1400, 1397, 1411, 1420, 1432, 1445, 1458, 1472, 1491]
[0, 1472, 1455, 1440, 1428, 1416, 1403, 1393, 1384, 1374, 1365, 1356, 1348, 1341, 1333, 1325, 1320, 1314, 1310, 1306, 1302, 1298, 1298, 1295, 1291, 1286, 1284, 1283, 1283, 1282, 1282, 1284, 1286, 1287, 1287, 1288, 1291, 1294, 1297, 1300, 1308, 1316, 1324, 1332, 1338, 1344, 1352, 1364, 1374, 1382, 1391, 1402, 1414, 1425, 1433, 1444, 1458, 1472, 1486, 1501, 1505]
[0, 1471, 1455, 1440, 1427, 1415, 1404, 1393, 1383, 1374, 1365, 1356, 1347, 1341, 1333, 1325, 1319, 1313, 1309, 1305, 1302, 1298, 1295, 1292, 1289, 1287, 1286, 1285, 1283, 1284, 1285, 1284, 1285, 1287, 1288, 1289, 1292, 1294, 1298, 1303, 1311, 1319, 1327, 1335, 1339, 1348, 1358, 1361, 1369, 1383, 1394, 1405, 1416, 1424, 1435, 1448, 1461, 1474, 1489, 1504, 1510]
[0, 1464, 1448, 1433, 1420, 1409, 1399, 1389, 1379, 1371, 1362, 1350, 1345, 1339, 1329, 1321, 1316, 1312, 1307, 1303, 1299, 1297, 1294, 1292, 1289, 1287, 1286, 1284, 1282, 1283, 1284, 1285, 1287, 1287, 1286, 1289, 1290, 1293, 1297, 1304, 1312, 1319, 1327, 1334, 1340, 1349, 1358, 1362, 1370, 1381, 1393, 1407, 1416, 1423, 1434, 1447, 1461, 1473, 1489, 1505, 1506]
[0, 1459, 1444, 1429, 1417, 1405, 1395, 1389, 1375, 1366, 1362, 1357, 1347, 1341, 1335, 1326, 1318, 1315, 1311, 1306, 1303, 1300, 1293, 1290, 1290, 1288, 1287, 1285, 1282, 1282, 1284, 1285, 1285, 1287, 1288, 1287, 1287, 1293, 1299, 1302, 1305, 1316, 1326, 1330, 1336, 1345, 1353, 1361, 1369, 1378, 1390, 1400, 1412, 1422, 1431, 1443, 1453, 1464, 1477, 1494, 1506]
[0, 1459, 1444, 1429, 1417, 1404, 1394, 1385, 1374, 1365, 1358, 1349, 1347, 1341, 1334, 1326, 1320, 1317, 1310, 1305, 1303, 1299, 1297, 1293, 1289, 1286, 1286, 1286, 1284, 1287, 1289, 1293, 1297, 1299, 1300, 1301, 1303, 1307, 1310, 1313, 1316, 1319, 1325, 1331, 1338, 1346, 1354, 1360, 1369, 1381, 1391, 1401, 1413, 1421, 1430, 1444, 1456, 1468, 1485, 1500, 1507]
[0, 1458, 1443, 1428, 1416, 1403, 1393, 1384, 1374, 1366, 1359, 1349, 1342, 1335, 1327, 1321, 1320, 1317, 1311, 1306, 1303, 1299, 1296, 1293, 1290, 1292, 1294, 1296, 1297, 1297, 1298, 1299, 1299, 1299, 1300, 1301, 1303, 1307, 1309, 1313, 1317, 1320, 1324, 1330, 1337, 1345, 1353, 1360, 1369, 1381, 1390, 1400, 1411, 1419, 1430, 1444, 1455, 1467, 1479, 1494, 1503]
[0, 1465, 1450, 1439, 1426, 1413, 1401, 1391, 1382, 1372, 1362, 1351, 1345, 1341, 1334, 1331, 1328, 1324, 1318, 1312, 1310, 1309, 1297, 1294, 1292, 1292, 1294, 1296, 1297, 1297, 1298, 1298, 1299, 1300, 1301, 1301, 1304, 1307, 1309, 1313, 1317, 1321, 1324, 1330, 1337, 1344, 1352, 1359, 1368, 1380, 1389, 1399, 1410, 1419, 1430, 1444, 1455, 1467, 1480, 1494, 1504]
[0, 1458, 1443, 1429, 1416, 1403, 1393, 1383, 1374, 1366, 1358, 1349, 1342, 1339, 1334, 1334, 1329, 1323, 1318, 1316, 1312, 1311, 1306, 1303, 1302, 1301, 1299, 1300, 1299, 1298, 1299, 1301, 1301, 1300, 1303, 1305, 1307, 1308, 1312, 1317, 1320, 1322, 1327, 1334, 1339, 1346, 1355, 1360, 1369, 1383, 1394, 1405, 1415, 1423, 1434, 1447, 1460, 1473, 1486, 1501, 1507]
[0, 1456, 1440, 1429, 1417, 1408, 1400, 1391, 1388, 1388, 1358, 1364, 1342, 1356, 1350, 1344, 1335, 1326, 1323, 1319, 1315, 1311, 1308, 1305, 1304, 1299, 1297, 1299, 1297, 1298, 1298, 1299, 1299, 1299, 1301, 1302, 1304, 1307, 1309, 1313, 1317, 1320, 1324, 1330, 1336, 1344, 1352, 1359, 1368, 1379, 1389, 1399, 1410, 1419, 1430, 1443, 1455, 1466, 1479, 1494, 1507]
[0, 1478, 1466, 1454, 1443, 1431, 1420, 1408, 1396, 1388, 1377, 1365, 1357, 1352, 1348, 1339, 1329, 1324, 1321, 1317, 1312, 1311, 1308, 1306, 1304, 1300, 1298, 1299, 1298, 1298, 1298, 1299, 1298, 1299, 1301, 1302, 1304, 1307, 1309, 1313, 1318, 1321, 1324, 1329, 1336, 1344, 1352, 1359, 1367, 1376, 1386, 1397, 1409, 1419, 1429, 1442, 1453, 1465, 1479, 1494, 1507]
[0, 1480, 1467, 1455, 1442, 1431, 1422, 1411, 1400, 1390, 1378, 1366, 1360, 1354, 1346, 1339, 1331, 1325, 1320, 1317, 1312, 1309, 1308, 1305, 1302, 1300, 1302, 1300, 1299, 1298, 1298, 1298, 1299, 1300, 1301, 1301, 1304, 1308, 1310, 1311, 1316, 1321, 1324, 1330, 1336, 1344, 1349, 1355, 1364, 1373, 1385, 1395, 1405, 1416, 1429, 1442, 1453, 1465, 1478, 1493, 1524]
[0, 1477, 1465, 1452, 1447, 1437, 1418, 1407, 1396, 1387, 1381, 1368, 1357, 1351, 1344, 1339, 1337, 1324, 1320, 1320, 1315, 1311, 1306, 1303, 1303, 1302, 1300, 1298, 1298, 1298, 1299, 1298, 1300, 1301, 1301, 1303, 1307, 1311, 1313, 1315, 1319, 1325, 1324, 1332, 1341, 1344, 1351, 1359, 1366, 1376, 1387, 1394, 1405, 1415, 1426, 1441, 1452, 1462, 1474, 1488, 1499]
[0, 1485, 1472, 1459, 1446, 1434, 1423, 1411, 1400, 1391, 1382, 1372, 1362, 1354, 1348, 1340, 1331, 1327, 1321, 1316, 1314, 1308, 1308, 1305, 1303, 1300, 1298, 1299, 1298, 1297, 1298, 1298, 1298, 1298, 1300, 1302, 1303, 1306, 1309, 1312, 1316, 1320, 1324, 1330, 1337, 1344, 1351, 1358, 1368, 1379, 1389, 1398, 1411, 1421, 1430, 1443, 1454, 1467, 1480, 1493, 1503]
[0, 1487, 1472, 1458, 1448, 1437, 1427, 1413, 1399, 1391, 1383, 1375, 1365, 1358, 1352, 1343, 1337, 1330, 1323, 1318, 1315, 1311, 1307, 1304, 1302, 1301, 1299, 1297, 1296, 1298, 1297, 1296, 1302, 1304, 1302, 1304, 1306, 1307, 1310, 1315, 1319, 1322, 1327, 1333, 1339, 1347, 1356, 1361, 1371, 1384, 1394, 1403, 1413, 1423, 1436, 1449, 1459, 1472, 1488, 1501, 1508]
[0, 1478, 1466, 1454, 1442, 1429, 1418, 1409, 1403, 1397, 1382, 1367, 1359, 1353, 1346, 1339, 1330, 1324, 1321, 1317, 1312, 1308, 1307, 1303, 1303, 1302, 1300, 1297, 1297, 1298, 1297, 1298, 1296, 1295, 1299, 1300, 1303, 1308, 1310, 1314, 1333, 1337, 1327, 1332, 1338, 1347, 1355, 1361, 1371, 1382, 1391, 1401, 1412, 1423, 1433, 1445, 1459, 1472, 1483, 1497, 1505]
