[0, 0, 0, 0, 0, 0, 0, 0, 0, 0, 0, 0, 0, 0, 0, 0, 0, 0, 0, 0, 0, 0, 0, 0, 0, 0, 0, 0, 0, 0, 0, 0, 0, 0, 0, 0, 0, 0, 0, 0, 0, 0, 0, 0, 0, 0, 0, 0, 0, 0, 0, 0, 0, 0, 0, 0, 0, 0, 0, 0, 0]
[0, 526, 522, 522, 518, 514, 508, 508, 505, 502, 499, 497, 495, 492, 490, 488, 486, 485, 484, 483, 481, 480, 480, 479, 478, 477, 477, 477, 477, 477, 477, 478, 479, 480, 481, 482, 483, 484, 485, 486, 487, 490, 492, 495, 500, 503, 503, 509, 513, 513, 521, 520, 526, 535, 540, 545, 545, 551, 561, 567, 568]
[0, 526, 522, 518, 518, 514, 512, 509, 505, 503, 500, 497, 496, 493, 491, 489, 486, 485, 484, 483, 481, 481, 480, 479, 478, 478, 477, 477, 477, 477, 477, 478, 479, 480, 481, 482, 483, 485, 486, 486, 490, 492, 492, 497, 500, 500, 503, 506, 513, 513, 517, 526, 526, 531, 540, 545, 551, 556, 561, 567, 574]
[0, 530, 525, 521, 517, 513, 511, 508, 504, 501, 499, 497, 496, 494, 491, 487, 486, 485, 484, 482, 481, 481, 480, 480, 479, 478, 478, 477, 478, 478, 477, 480, 481, 481, 481, 481, 484, 485, 486, 487, 489, 491, 493, 495, 497, 500, 504, 508, 511, 515, 520, 524, 532, 531, 538, 547, 551, 552, 557, 562, 569]
[0, 531, 525, 522, 518, 514, 511, 509, 505, 502, 499, 498, 496, 494, 492, 489, 487, 485, 485, 484, 482, 481, 480, 480, 480, 478, 478, 478, 478, 478, 479, 481, 481, 482, 481, 483, 483, 484, 485, 487, 490, 492, 495, 497, 499, 502, 505, 508, 511, 515, 520, 523, 528, 533, 538, 542, 547, 552, 557, 563, 571]
[0, 528, 524, 521, 517, 514, 510, 507, 505, 502, 500, 498, 497, 495, 493, 491, 489, 487, 485, 485, 484, 483, 482, 481, 480, 479, 478, 479, 480, 479, 479, 481, 481, 481, 482, 483, 484, 487, 485, 488, 491, 493, 495, 498, 500, 503, 506, 509, 512, 516, 520, 524, 528, 533, 538, 543, 548, 553, 560, 564, 570]
[0, 531, 526, 522, 518, 514, 511, 509, 505, 502, 499, 498, 496, 494, 492, 489, 487, 486, 485, 484, 482, 481, 480, 481, 480, 480, 480, 480, 480, 480, 481, 481, 481, 482, 483, 484, 485, 487, 488, 490, 492, 494, 495, 498, 502, 504, 507, 511, 514, 518, 522, 526, 531, 537, 542, 546, 551, 556, 562, 568, 575]
[0, 531, 522, 522, 518, 515, 512, 510, 507, 504, 501, 498, 497, 495, 492, 490, 489, 487, 486, 484, 483, 482, 481, 481, 480, 479, 479, 479, 480, 479, 480, 481, 481, 482, 483, 484, 485, 487, 487, 488, 491, 493, 495, 498, 500, 503, 506, 509, 512, 516, 520, 524, 529, 533, 538, 543, 549, 554, 559, 565, 571]
[0, 529, 525, 521, 518, 514, 511, 508, 505, 504, 502, 497, 497, 495, 493, 491, 489, 487, 486, 485, 484, 483, 482, 482, 481, 480, 480, 480, 480, 480, 481, 481, 481, 482, 483, 484, 486, 487, 488, 490, 493, 496, 497, 500, 500, 505, 508, 509, 516, 520, 524, 529, 533, 538, 543, 548, 553, 558, 564, 570, 577]
[0, 533, 529, 525, 522, 518, 511, 511, 509, 504, 506, 504, 501, 499, 498, 496, 494, 492, 491, 489, 488, 487, 486, 486, 481, 480, 480, 480, 480, 481, 481, 481, 482, 482, 483, 484, 485, 487, 489, 490, 492, 495, 497, 500, 503, 506, 509, 512, 515, 519, 523, 527, 532, 538, 543, 547, 553, 558, 563, 569, 576]
[0, 537, 529, 525, 525, 522, 518, 515, 512, 509, 507, 504, 502, 499, 498, 496, 495, 493, 491, 490, 489, 488, 487, 486, 485, 485, 484, 484, 484, 484, 484, 485, 486, 487, 488, 490, 491, 493, 494, 496, 498, 501, 504, 506, 508, 511, 514, 518, 522, 526, 530, 535, 539, 544, 549, 554, 560, 565, 571, 578, 585]
[0, 537, 532, 528, 525, 522, 519, 515, 512, 510, 507, 505, 502, 499, 500, 499, 496, 493, 494, 493, 492, 491, 489, 489, 486, 485, 485, 485, 485, 486, 484, 486, 487, 489, 490, 491, 493, 493, 496, 496, 501, 501, 502, 504, 507, 510, 517, 520, 524, 526, 528, 532, 542, 544, 551, 554, 562, 568, 571, 581, 588]
[0, 537, 534, 530, 526, 523, 520, 516, 513, 511, 509, 506, 504, 502, 500, 498, 497, 495, 494, 493, 492, 491, 489, 489, 488, 487, 487, 487, 487, 487, 488, 489, 489, 490, 492, 494, 495, 496, 498, 499, 501, 504, 507, 509, 512, 514, 517, 521, 525, 529, 533, 538, 543, 548, 553, 558, 563, 569, 575, 582, 589]
[0, 538, 534, 530, 526, 523, 520, 517, 514, 511, 508, 506, 503, 501, 500, 498, 497, 495, 494, 493, 491, 490, 489, 489, 488, 488, 487, 487, 488, 488, 488, 488, 489, 491, 493, 495, 495, 496, 497, 499, 501, 503, 506, 508, 511, 514, 516, 520, 524, 528, 532, 536, 541, 546, 551, 556, 561, 567, 573, 580, 587]
[0, 539, 534, 531, 527, 523, 524, 521, 518, 515, 513, 510, 508, 505, 503, 502, 500, 498, 498, 497, 495, 494, 493, 493, 488, 488, 487, 487, 487, 488, 489, 488, 489, 491, 491, 493, 495, 496, 497, 499, 501, 504, 506, 508, 511, 514, 517, 521, 525, 529, 532, 537, 542, 546, 552, 557, 562, 568, 574, 580, 587]
[0, 543, 538, 534, 530, 526, 523, 521, 518, 515, 512, 510, 507, 505, 503, 502, 500, 498, 497, 496, 496, 494, 493, 493, 493, 492, 492, 491, 492, 492, 493, 494, 495, 495, 497, 498, 495, 500, 503, 505, 507, 504, 510, 515, 517, 514, 521, 525, 529, 533, 537, 542, 551, 546, 556, 566, 562, 572, 579, 592, 599]
[0, 543, 534, 530, 527, 526, 521, 518, 518, 515, 513, 510, 508, 505, 503, 502, 500, 498, 498, 497, 495, 495, 494, 493, 492, 492, 491, 491, 492, 492, 493, 494, 495, 496, 497, 498, 495, 499, 501, 505, 507, 504, 512, 515, 517, 514, 520, 524, 528, 532, 537, 546, 551, 556, 561, 566, 572, 579, 585, 592, 591]
[0, 543, 538, 534, 531, 527, 524, 522, 518, 516, 513, 511, 509, 507, 504, 502, 501, 499, 499, 498, 496, 495, 495, 495, 492, 492, 491, 491, 492, 492, 493, 494, 494, 495, 497, 498, 499, 501, 503, 505, 507, 509, 512, 514, 517, 520, 523, 527, 531, 535, 539, 544, 549, 554, 558, 564, 570, 576, 582, 589, 595]
[0, 543, 539, 534, 531, 528, 524, 520, 518, 515, 513, 511, 508, 506, 505, 503, 501, 500, 499, 498, 497, 496, 495, 495, 493, 492, 493, 494, 494, 494, 493, 494, 496, 497, 497, 498, 502, 503, 503, 507, 509, 511, 513, 514, 516, 522, 525, 530, 534, 538, 543, 547, 552, 557, 562, 568, 574, 580, 586, 592, 599]
[0, 538, 534, 534, 530, 527, 524, 521, 518, 515, 513, 511, 508, 507, 505, 502, 501, 500, 500, 498, 496, 495, 496, 495, 495, 494, 493, 494, 495, 494, 495, 496, 497, 497, 498, 499, 501, 502, 504, 506, 509, 510, 512, 515, 519, 522, 524, 528, 532, 536, 540, 545, 549, 554, 559, 564, 569, 576, 583, 589, 595]
[0, 548, 543, 539, 535, 532, 529, 526, 523, 521, 518, 516, 514, 511, 509, 508, 506, 505, 503, 498, 503, 502, 501, 501, 494, 492, 493, 493, 494, 495, 495, 494, 496, 497, 497, 500, 502, 503, 504, 507, 509, 511, 514, 516, 520, 522, 525, 530, 534, 538, 543, 547, 552, 557, 563, 568, 574, 579, 586, 592, 599]
[0, 547, 543, 539, 535, 532, 528, 525, 522, 520, 518, 516, 514, 513, 512, 508, 506, 505, 505, 504, 503, 502, 501, 500, 500, 492, 499, 493, 499, 499, 500, 500, 500, 502, 503, 505, 507, 509, 510, 512, 514, 516, 518, 521, 524, 527, 531, 534, 538, 543, 547, 552, 556, 561, 566, 572, 578, 584, 590, 596, 603]
[0, 547, 544, 539, 540, 536, 533, 530, 527, 525, 523, 520, 518, 516, 514, 512, 510, 509, 508, 506, 505, 505, 504, 500, 499, 499, 498, 498, 499, 500, 501, 501, 501, 503, 504, 505, 507, 508, 510, 512, 514, 516, 519, 522, 525, 528, 532, 536, 540, 544, 548, 552, 557, 562, 567, 573, 580, 586, 592, 598, 605]
[0, 556, 551, 547, 544, 540, 537, 534, 531, 528, 526, 524, 521, 519, 518, 515, 513, 512, 511, 506, 510, 509, 508, 503, 503, 503, 498, 503, 503, 504, 505, 505, 501, 507, 508, 505, 509, 513, 510, 515, 517, 519, 522, 527, 525, 531, 534, 537, 541, 550, 555, 552, 559, 563, 575, 573, 588, 586, 594, 606, 605]
[0, 555, 551, 547, 543, 540, 537, 534, 530, 528, 525, 523, 521, 519, 518, 516, 514, 512, 511, 511, 510, 509, 508, 508, 507, 503, 507, 507, 507, 507, 508, 505, 508, 509, 510, 511, 513, 515, 517, 519, 521, 523, 526, 529, 532, 535, 539, 543, 547, 551, 555, 559, 563, 568, 574, 579, 586, 593, 599, 605, 612]
[0, 555, 554, 547, 550, 547, 544, 541, 538, 535, 532, 530, 528, 525, 524, 522, 520, 519, 517, 516, 515, 514, 514, 508, 507, 507, 507, 507, 507, 507, 508, 509, 509, 510, 511, 513, 514, 516, 517, 520, 522, 524, 527, 530, 534, 537, 539, 543, 548, 552, 557, 560, 565, 571, 577, 584, 590, 595, 601, 608, 614]
[0, 561, 554, 554, 550, 550, 546, 544, 540, 537, 535, 533, 530, 529, 527, 525, 523, 522, 520, 519, 518, 517, 517, 513, 513, 512, 512, 512, 513, 513, 514, 514, 516, 516, 511, 517, 522, 524, 526, 528, 522, 533, 536, 530, 539, 543, 546, 550, 558, 552, 563, 567, 573, 579, 584, 590, 596, 603, 609, 615, 622]
[0, 568, 564, 560, 557, 550, 554, 548, 540, 542, 535, 540, 538, 535, 533, 531, 529, 527, 526, 525, 524, 523, 522, 522, 515, 515, 515, 515, 515, 516, 514, 517, 516, 518, 518, 519, 522, 524, 528, 528, 532, 534, 536, 537, 540, 543, 551, 550, 555, 559, 567, 573, 573, 579, 584, 590, 596, 602, 608, 615, 622]
[0, 570, 565, 561, 558, 555, 551, 549, 546, 543, 540, 538, 536, 534, 532, 530, 529, 527, 526, 525, 524, 523, 523, 522, 522, 522, 522, 522, 522, 522, 522, 523, 523, 524, 522, 520, 521, 524, 531, 536, 538, 540, 543, 547, 550, 554, 557, 561, 565, 570, 575, 580, 586, 591, 596, 602, 609, 615, 621, 628, 636]
[0, 571, 566, 562, 559, 556, 552, 549, 547, 543, 541, 539, 536, 535, 532, 533, 532, 530, 528, 527, 525, 524, 524, 523, 522, 521, 522, 521, 522, 522, 522, 523, 524, 524, 522, 520, 520, 523, 528, 534, 537, 540, 542, 545, 549, 553, 556, 559, 563, 567, 572, 577, 582, 589, 595, 600, 606, 612, 618, 625, 632]
[0, 574, 570, 566, 563, 556, 559, 556, 553, 550, 548, 546, 544, 541, 539, 537, 536, 534, 532, 531, 530, 529, 528, 523, 522, 522, 522, 522, 523, 522, 523, 524, 524, 525, 522, 519, 520, 524, 530, 535, 538, 542, 545, 548, 551, 554, 558, 562, 565, 570, 576, 581, 586, 592, 597, 603, 609, 615, 622, 629, 637]
[0, 586, 581, 577, 574, 556, 569, 565, 562, 560, 558, 555, 553, 551, 549, 547, 545, 544, 543, 541, 540, 539, 539, 528, 528, 528, 528, 527, 527, 528, 528, 529, 530, 525, 520, 519, 519, 525, 533, 540, 538, 545, 547, 554, 551, 560, 564, 562, 573, 578, 583, 588, 586, 594, 598, 604, 610, 617, 623, 630, 645]
[0, 592, 587, 583, 579, 576, 571, 568, 562, 562, 558, 558, 553, 556, 554, 552, 551, 549, 547, 546, 544, 543, 543, 543, 538, 538, 538, 538, 539, 539, 539, 540, 534, 524, 520, 519, 519, 523, 533, 540, 0, 559, 561, 564, 567, 572, 576, 581, 586, 590, 595, 600, 605, 611, 617, 623, 630, 638, 646, 653, 660]
[0, 595, 592, 588, 584, 579, 576, 572, 568, 566, 563, 561, 559, 558, 556, 554, 552, 551, 549, 548, 547, 543, 545, 543, 542, 542, 542, 542, 542, 543, 544, 545, 0, 524, 519, 517, 518, 520, 526, 540, 0, 0, 564, 568, 572, 576, 579, 584, 588, 593, 598, 602, 607, 613, 619, 625, 633, 641, 647, 653, 662]
[0, 593, 589, 586, 582, 579, 575, 571, 567, 564, 561, 560, 559, 558, 556, 553, 552, 550, 550, 549, 547, 546, 545, 544, 544, 542, 545, 545, 545, 545, 546, 543, 535, 527, 520, 517, 517, 519, 525, 540, 0, 0, 566, 570, 574, 578, 581, 586, 591, 595, 599, 605, 609, 614, 620, 627, 635, 642, 649, 656, 663]
[0, 594, 591, 587, 582, 579, 575, 571, 567, 566, 561, 563, 561, 560, 558, 555, 553, 552, 551, 550, 548, 547, 546, 547, 544, 545, 544, 544, 545, 546, 547, 553, 0, 524, 519, 516, 517, 520, 527, 540, 0, 0, 567, 571, 575, 579, 583, 587, 592, 596, 601, 606, 611, 617, 623, 631, 639, 646, 651, 658, 666]
[0, 606, 602, 587, 598, 595, 591, 588, 585, 582, 579, 576, 574, 572, 569, 567, 566, 565, 563, 563, 562, 561, 560, 547, 546, 545, 546, 546, 546, 546, 547, 544, 533, 523, 518, 516, 517, 521, 527, 540, 0, 0, 571, 575, 579, 583, 587, 591, 595, 600, 604, 610, 615, 621, 627, 635, 642, 648, 656, 663, 671]
[0, 609, 605, 601, 597, 594, 590, 587, 585, 581, 579, 576, 576, 573, 571, 569, 566, 565, 564, 563, 562, 561, 560, 560, 558, 559, 559, 560, 560, 561, 556, 544, 0, 526, 519, 515, 514, 516, 521, 540, 0, 0, 583, 589, 592, 596, 587, 600, 605, 609, 614, 618, 623, 629, 636, 643, 649, 656, 664, 671, 679]
[0, 609, 607, 602, 599, 596, 592, 589, 586, 583, 580, 577, 575, 572, 570, 568, 566, 565, 564, 563, 562, 561, 560, 560, 559, 559, 559, 559, 560, 560, 561, 0, 533, 522, 516, 515, 515, 516, 526, 540, 0, 0, 585, 589, 592, 595, 599, 602, 607, 613, 618, 622, 628, 635, 642, 649, 655, 662, 670, 678, 686]
[0, 616, 612, 609, 605, 601, 598, 595, 592, 589, 586, 583, 580, 578, 577, 575, 572, 570, 569, 568, 562, 566, 565, 559, 559, 559, 559, 559, 560, 560, 561, 560, 0, 527, 520, 515, 515, 518, 522, 540, 0, 0, 583, 586, 590, 593, 597, 602, 606, 610, 615, 620, 626, 632, 638, 645, 651, 658, 666, 674, 681]
[0, 620, 616, 612, 609, 606, 602, 600, 596, 593, 591, 589, 587, 578, 585, 583, 581, 579, 577, 576, 575, 573, 573, 572, 564, 564, 564, 565, 565, 566, 566, 573, 0, 523, 517, 514, 514, 517, 523, 540, 0, 0, 591, 594, 597, 600, 605, 609, 613, 618, 623, 629, 635, 642, 648, 654, 660, 668, 676, 683, 692]
[0, 627, 621, 617, 614, 610, 607, 604, 601, 598, 595, 592, 591, 588, 585, 587, 585, 583, 581, 580, 579, 577, 576, 572, 571, 571, 572, 572, 573, 574, 575, 0, 0, 520, 517, 513, 514, 517, 523, 540, 0, 0, 600, 604, 608, 612, 616, 620, 625, 630, 637, 643, 648, 653, 660, 668, 675, 682, 690, 699, 708]
[0, 633, 628, 624, 620, 616, 613, 609, 607, 604, 601, 598, 596, 594, 592, 590, 589, 588, 581, 586, 585, 577, 583, 582, 576, 576, 575, 576, 576, 576, 577, 0, 0, 520, 514, 513, 512, 517, 524, 540, 0, 0, 601, 605, 608, 612, 616, 620, 625, 631, 637, 643, 649, 655, 660, 668, 675, 682, 690, 699, 708]
[0, 642, 637, 624, 633, 629, 625, 621, 618, 616, 613, 610, 606, 604, 603, 601, 600, 598, 596, 595, 594, 593, 593, 582, 581, 580, 581, 582, 582, 583, 584, 0, 532, 520, 514, 512, 513, 516, 524, 540, 0, 0, 607, 610, 614, 618, 622, 626, 631, 636, 643, 648, 654, 660, 666, 673, 680, 687, 696, 705, 713]
[0, 642, 637, 633, 633, 629, 625, 621, 618, 616, 613, 610, 606, 604, 603, 601, 600, 598, 596, 595, 594, 593, 592, 592, 592, 592, 592, 592, 592, 592, 594, 0, 0, 523, 516, 512, 510, 513, 518, 526, 0, 0, 0, 623, 614, 627, 631, 636, 640, 645, 650, 656, 662, 668, 674, 682, 689, 697, 704, 712, 721]
[0, 657, 652, 648, 644, 641, 637, 634, 630, 627, 623, 621, 618, 616, 614, 612, 611, 610, 608, 595, 607, 605, 592, 605, 592, 592, 592, 592, 592, 593, 594, 0, 0, 523, 516, 512, 510, 512, 517, 525, 0, 0, 0, 622, 627, 0, 631, 636, 645, 650, 656, 656, 661, 667, 674, 680, 688, 696, 704, 712, 719]
[0, 659, 655, 650, 647, 643, 640, 636, 633, 627, 630, 626, 624, 621, 619, 617, 615, 613, 613, 612, 611, 610, 608, 604, 604, 592, 604, 604, 604, 604, 605, 0, 531, 519, 512, 509, 510, 513, 519, 529, 0, 626, 630, 634, 639, 643, 647, 650, 656, 661, 666, 672, 678, 684, 692, 700, 708, 714, 721, 730, 739]
[0, 662, 657, 652, 648, 645, 642, 638, 635, 631, 629, 626, 623, 620, 618, 616, 614, 613, 612, 611, 610, 609, 608, 608, 608, 608, 608, 608, 609, 610, 610, 0, 524, 519, 509, 509, 509, 510, 514, 529, 0, 633, 636, 640, 644, 648, 652, 656, 661, 667, 672, 678, 685, 692, 700, 707, 714, 721, 729, 738, 747]
[0, 670, 666, 662, 658, 654, 642, 651, 648, 645, 642, 639, 636, 634, 632, 629, 627, 626, 624, 622, 622, 621, 620, 608, 608, 608, 608, 608, 608, 610, 610, 0, 531, 519, 512, 509, 509, 512, 517, 526, 0, 627, 634, 639, 642, 646, 649, 654, 659, 664, 670, 676, 682, 688, 695, 703, 711, 717, 726, 735, 743]
[0, 671, 666, 662, 658, 654, 651, 648, 646, 643, 640, 638, 636, 635, 632, 629, 627, 626, 625, 624, 622, 621, 620, 619, 619, 619, 619, 619, 619, 620, 0, 0, 531, 523, 514, 509, 508, 510, 514, 521, 0, 0, 650, 653, 656, 661, 665, 670, 675, 681, 686, 693, 700, 707, 713, 720, 728, 736, 746, 754, 763]
[0, 672, 668, 664, 660, 656, 652, 648, 646, 644, 641, 638, 635, 632, 631, 628, 626, 625, 624, 623, 622, 621, 619, 619, 618, 618, 618, 619, 620, 621, 0, 0, 526, 515, 514, 509, 509, 510, 512, 521, 0, 646, 649, 651, 655, 660, 664, 668, 674, 679, 685, 692, 699, 706, 712, 718, 726, 734, 743, 752, 761]
[0, 673, 668, 664, 660, 656, 653, 649, 646, 644, 641, 638, 637, 634, 631, 630, 627, 625, 624, 625, 624, 622, 620, 619, 619, 618, 619, 619, 620, 621, 621, 0, 0, 518, 512, 509, 509, 511, 516, 526, 0, 646, 0, 651, 654, 658, 662, 666, 671, 676, 683, 690, 697, 703, 709, 716, 723, 731, 739, 748, 758]
[0, 678, 674, 669, 664, 661, 658, 655, 652, 649, 646, 644, 642, 634, 639, 637, 635, 634, 632, 630, 629, 628, 627, 619, 619, 619, 621, 622, 623, 621, 622, 0, 0, 519, 511, 508, 509, 511, 516, 526, 0, 646, 0, 653, 657, 662, 666, 671, 676, 681, 687, 694, 700, 706, 713, 720, 728, 736, 753, 748, 762]
[0, 700, 694, 689, 684, 680, 677, 673, 670, 667, 664, 662, 659, 657, 654, 652, 651, 649, 648, 647, 647, 646, 645, 625, 625, 626, 626, 626, 626, 627, 0, 0, 524, 513, 509, 508, 509, 512, 516, 526, 0, 651, 655, 658, 662, 666, 670, 675, 680, 686, 692, 699, 706, 712, 718, 725, 733, 741, 750, 759, 769]
[0, 698, 693, 688, 682, 679, 676, 673, 669, 666, 664, 662, 659, 656, 654, 652, 653, 652, 651, 649, 648, 646, 646, 644, 644, 644, 645, 645, 646, 627, 0, 0, 0, 518, 512, 508, 507, 509, 515, 524, 0, 651, 674, 658, 679, 683, 694, 675, 700, 710, 692, 716, 723, 730, 737, 745, 753, 760, 769, 778, 787]
[0, 710, 705, 701, 696, 692, 676, 688, 684, 680, 677, 675, 673, 671, 668, 666, 665, 663, 662, 661, 660, 659, 658, 645, 645, 645, 645, 646, 646, 627, 0, 0, 0, 523, 512, 507, 507, 508, 511, 524, 0, 669, 673, 678, 682, 686, 691, 697, 703, 709, 714, 720, 727, 734, 741, 749, 758, 766, 774, 783, 794]
[0, 712, 707, 702, 697, 693, 689, 685, 682, 679, 676, 674, 672, 669, 667, 666, 665, 664, 663, 661, 661, 660, 658, 657, 658, 658, 658, 658, 659, 627, 657, 0, 0, 520, 510, 505, 506, 507, 511, 520, 0, 684, 688, 694, 699, 703, 709, 713, 717, 724, 731, 738, 744, 752, 760, 767, 775, 784, 793, 804, 814]
[0, 713, 708, 704, 700, 696, 692, 687, 683, 680, 677, 675, 673, 671, 669, 667, 665, 664, 662, 661, 660, 659, 658, 658, 658, 658, 658, 658, 659, 0, 597, 0, 0, 523, 508, 506, 506, 507, 511, 520, 0, 682, 687, 691, 696, 702, 707, 712, 716, 721, 729, 736, 742, 749, 757, 765, 773, 782, 791, 801, 811]
[0, 734, 728, 723, 719, 714, 711, 708, 705, 702, 699, 696, 694, 692, 689, 667, 687, 684, 662, 683, 681, 680, 679, 657, 658, 658, 658, 659, 659, 0, 589, 0, 0, 516, 509, 506, 506, 509, 514, 523, 0, 0, 687, 691, 696, 701, 706, 711, 715, 721, 727, 734, 740, 748, 755, 763, 771, 780, 788, 798, 809]
[0, 733, 728, 722, 717, 714, 710, 707, 704, 702, 701, 698, 693, 692, 691, 688, 686, 684, 683, 682, 681, 679, 678, 679, 679, 679, 679, 680, 680, 0, 681, 0, 0, 516, 511, 507, 505, 506, 508, 523, 0, 0, 710, 714, 719, 725, 730, 735, 741, 747, 754, 761, 768, 776, 784, 790, 800, 810, 818, 827, 837]
[0, 742, 737, 732, 726, 721, 718, 715, 712, 709, 706, 704, 701, 699, 696, 694, 693, 692, 691, 689, 687, 686, 686, 678, 678, 678, 678, 679, 0, 0, 681, 0, 0, 519, 511, 507, 506, 507, 511, 518, 0, 708, 712, 717, 721, 726, 732, 737, 743, 750, 757, 763, 769, 777, 785, 794, 805, 813, 821, 831, 841]
[0, 738, 737, 729, 724, 719, 718, 715, 713, 710, 707, 705, 702, 700, 698, 696, 693, 692, 691, 689, 688, 687, 686, 685, 685, 678, 687, 679, 688, 686, 681, 0, 525, 513, 506, 504, 506, 505, 507, 524, 0, 0, 717, 721, 727, 732, 737, 742, 749, 755, 762, 768, 775, 782, 791, 800, 809, 818, 826, 835, 846]
[0, 738, 744, 739, 734, 729, 725, 720, 716, 714, 712, 710, 707, 705, 703, 701, 699, 697, 696, 695, 694, 693, 692, 686, 686, 686, 686, 687, 688, 0, 681, 0, 526, 517, 510, 505, 506, 508, 512, 521, 0, 716, 717, 720, 726, 731, 736, 741, 747, 754, 761, 767, 774, 782, 789, 798, 808, 816, 824, 834, 845]
[0, 749, 744, 738, 734, 729, 724, 720, 716, 714, 711, 710, 707, 705, 703, 701, 699, 697, 696, 695, 694, 693, 692, 692, 692, 693, 693, 693, 688, 691, 681, 0, 523, 512, 506, 504, 505, 507, 513, 524, 0, 0, 724, 729, 734, 739, 744, 750, 756, 762, 768, 775, 782, 790, 799, 808, 816, 824, 833, 843, 855]
[0, 759, 753, 748, 742, 737, 733, 729, 725, 722, 720, 717, 714, 712, 710, 708, 707, 706, 704, 703, 702, 702, 692, 692, 692, 693, 693, 693, 688, 0, 0, 0, 522, 512, 506, 504, 504, 507, 513, 513, 524, 0, 724, 729, 734, 739, 745, 750, 756, 762, 769, 775, 783, 790, 799, 808, 817, 825, 833, 844, 856]
[0, 783, 776, 770, 767, 737, 762, 758, 754, 751, 749, 745, 742, 739, 737, 735, 733, 732, 731, 729, 728, 728, 728, 702, 701, 693, 701, 702, 702, 0, 0, 0, 522, 512, 510, 504, 504, 505, 507, 513, 525, 0, 734, 738, 744, 749, 754, 761, 767, 773, 780, 787, 794, 802, 810, 818, 827, 835, 844, 857, 867]
[0, 783, 776, 771, 767, 767, 762, 758, 754, 751, 749, 745, 742, 739, 737, 735, 734, 733, 731, 729, 728, 728, 728, 728, 727, 727, 728, 728, 702, 0, 0, 0, 0, 514, 506, 502, 503, 505, 507, 519, 0, 764, 734, 769, 773, 778, 785, 791, 796, 803, 811, 818, 825, 832, 840, 849, 860, 869, 877, 885, 895]
[0, 786, 780, 775, 770, 766, 762, 759, 754, 752, 750, 748, 742, 744, 741, 738, 737, 736, 734, 732, 731, 731, 731, 729, 728, 727, 728, 728, 702, 0, 0, 0, 0, 514, 506, 502, 503, 505, 509, 519, 0, 763, 768, 773, 778, 784, 785, 790, 796, 810, 811, 817, 825, 831, 839, 848, 858, 868, 876, 884, 895]
[0, 786, 792, 785, 780, 775, 770, 767, 765, 762, 759, 756, 753, 751, 748, 746, 743, 741, 740, 738, 737, 737, 737, 731, 730, 730, 730, 731, 0, 0, 0, 0, 0, 516, 508, 505, 503, 505, 508, 516, 0, 765, 769, 773, 779, 785, 792, 798, 804, 811, 818, 826, 832, 840, 851, 860, 869, 877, 886, 896, 908]
[0, 800, 794, 787, 781, 776, 772, 769, 766, 763, 760, 756, 753, 751, 748, 745, 744, 743, 741, 740, 739, 739, 737, 738, 737, 736, 737, 737, 0, 0, 0, 0, 0, 511, 505, 0, 502, 503, 510, 519, 0, 0, 774, 779, 785, 791, 797, 803, 809, 815, 822, 829, 835, 843, 854, 862, 871, 879, 888, 898, 909]
[0, 804, 799, 787, 793, 787, 783, 780, 776, 772, 769, 766, 764, 761, 759, 757, 755, 753, 752, 750, 749, 749, 750, 738, 739, 739, 739, 737, 740, 0, 0, 0, 521, 510, 505, 504, 502, 503, 506, 512, 523, 0, 776, 782, 787, 793, 800, 806, 811, 818, 825, 832, 841, 849, 857, 866, 875, 884, 892, 902, 914]
[0, 832, 827, 822, 816, 812, 808, 804, 801, 798, 795, 792, 764, 789, 787, 784, 782, 781, 779, 779, 778, 777, 775, 750, 750, 750, 751, 751, 740, 0, 0, 0, 0, 508, 504, 0, 503, 505, 510, 519, 523, 0, 786, 792, 797, 802, 809, 815, 821, 826, 833, 841, 850, 858, 867, 875, 883, 892, 901, 911, 923]
[0, 832, 827, 823, 818, 813, 808, 804, 800, 797, 795, 792, 789, 786, 785, 783, 782, 781, 779, 779, 778, 777, 775, 775, 776, 775, 775, 776, 740, 0, 0, 0, 0, 512, 505, 502, 501, 503, 508, 516, 523, 0, 818, 824, 829, 835, 841, 848, 856, 864, 871, 878, 885, 893, 902, 912, 922, 933, 943, 911, 953]
[0, 839, 834, 830, 825, 820, 808, 816, 813, 810, 807, 803, 800, 797, 794, 792, 790, 789, 787, 786, 786, 786, 785, 774, 774, 775, 775, 777, 0, 0, 0, 0, 0, 512, 506, 503, 501, 503, 507, 515, 523, 0, 819, 824, 830, 835, 841, 848, 857, 864, 871, 878, 884, 893, 902, 912, 923, 933, 943, 953, 964]
[0, 839, 834, 830, 829, 824, 820, 815, 812, 810, 807, 803, 801, 799, 796, 793, 790, 789, 789, 789, 788, 787, 785, 784, 784, 784, 785, 785, 0, 0, 0, 0, 0, 510, 504, 502, 501, 504, 507, 516, 523, 0, 830, 835, 840, 847, 855, 862, 868, 874, 871, 889, 884, 896, 905, 916, 927, 936, 945, 955, 968]
[0, 872, 867, 861, 856, 851, 845, 840, 837, 833, 831, 829, 827, 824, 821, 819, 817, 817, 815, 815, 813, 813, 786, 785, 784, 785, 786, 787, 0, 0, 0, 0, 519, 510, 504, 0, 502, 502, 504, 510, 520, 0, 829, 834, 839, 846, 853, 860, 867, 873, 880, 889, 897, 904, 914, 925, 936, 946, 954, 965, 980]
[0, 869, 863, 858, 853, 847, 845, 842, 838, 835, 832, 829, 827, 824, 822, 821, 819, 818, 816, 814, 813, 813, 812, 813, 814, 813, 813, 814, 0, 0, 0, 0, 0, 516, 507, 502, 500, 501, 504, 510, 522, 0, 859, 865, 870, 875, 880, 887, 894, 900, 909, 917, 926, 935, 944, 953, 962, 975, 989, 999, 1011]
[0, 872, 867, 861, 856, 851, 846, 841, 837, 833, 831, 829, 827, 824, 822, 819, 817, 817, 815, 814, 813, 813, 812, 812, 813, 813, 814, 814, 0, 0, 0, 0, 0, 510, 503, 501, 501, 502, 507, 516, 522, 0, 862, 867, 874, 879, 884, 890, 896, 905, 914, 917, 933, 940, 944, 948, 969, 975, 983, 993, 1004]
[0, 880, 875, 870, 865, 862, 858, 853, 837, 849, 844, 840, 838, 836, 833, 832, 831, 830, 828, 827, 826, 826, 826, 813, 814, 813, 813, 814, 0, 0, 0, 0, 0, 516, 507, 502, 500, 502, 504, 509, 522, 0, 859, 865, 870, 874, 880, 887, 893, 899, 908, 917, 926, 936, 944, 952, 961, 973, 986, 999, 1010]
[0, 892, 887, 882, 877, 873, 870, 866, 862, 859, 856, 852, 849, 846, 843, 842, 841, 839, 837, 835, 835, 835, 826, 825, 826, 826, 825, 827, 0, 0, 0, 0, 0, 510, 503, 501, 501, 502, 506, 514, 522, 0, 874, 879, 885, 890, 897, 903, 910, 919, 929, 937, 945, 953, 961, 974, 987, 999, 1009, 1019, 1033]
[0, 893, 887, 882, 877, 873, 870, 866, 862, 860, 855, 851, 849, 846, 844, 842, 840, 838, 837, 836, 836, 836, 835, 835, 835, 835, 836, 837, 0, 0, 568, 0, 0, 516, 507, 502, 500, 501, 504, 509, 520, 0, 882, 886, 892, 898, 905, 912, 919, 926, 933, 942, 951, 959, 970, 981, 992, 1002, 1015, 1027, 1039]
[0, 903, 897, 890, 885, 881, 877, 873, 870, 868, 865, 862, 860, 858, 844, 855, 853, 852, 850, 848, 847, 847, 847, 836, 835, 836, 836, 837, 838, 0, 0, 569, 0, 513, 505, 501, 499, 501, 504, 509, 520, 0, 884, 889, 895, 900, 907, 915, 922, 930, 937, 945, 955, 964, 974, 986, 997, 1007, 1018, 1031, 1045]
[0, 903, 896, 890, 885, 881, 876, 873, 871, 869, 865, 862, 862, 860, 858, 855, 853, 852, 850, 848, 847, 847, 847, 847, 848, 849, 848, 849, 851, 0, 0, 0, 0, 510, 505, 0, 499, 0, 534, 523, 0, 0, 898, 903, 910, 916, 924, 930, 936, 944, 951, 960, 971, 983, 994, 1003, 1012, 1024, 1036, 1049, 1064]
[0, 943, 937, 932, 927, 922, 917, 913, 909, 907, 905, 902, 899, 897, 896, 894, 893, 892, 891, 848, 890, 891, 847, 847, 848, 849, 848, 849, 851, 0, 0, 0, 0, 509, 505, 0, 0, 543, 534, 523, 0, 0, 898, 903, 910, 917, 924, 930, 936, 944, 951, 960, 972, 984, 994, 1003, 1013, 1024, 1036, 1051, 1065]
[0, 948, 943, 937, 932, 926, 921, 917, 914, 911, 905, 906, 899, 904, 901, 898, 897, 895, 894, 894, 892, 892, 892, 891, 892, 893, 894, 895, 897, 898, 899, 0, 0, 0, 573, 578, 580, 579, 576, 569, 558, 0, 949, 954, 961, 968, 975, 985, 993, 999, 1008, 1017, 1027, 1037, 1046, 1058, 1072, 1084, 1096, 1111, 1127]
[0, 977, 968, 961, 955, 951, 947, 943, 941, 939, 935, 932, 930, 927, 924, 923, 922, 921, 894, 921, 920, 920, 920, 892, 893, 894, 894, 896, 897, 898, 899, 0, 0, 0, 574, 578, 580, 579, 576, 0, 558, 0, 949, 955, 961, 968, 978, 987, 993, 1000, 1009, 1019, 1029, 1038, 1050, 1062, 1074, 1085, 1100, 1114, 1130]
[0, 975, 966, 960, 955, 950, 946, 944, 941, 938, 935, 936, 933, 930, 926, 924, 924, 922, 921, 920, 919, 920, 921, 921, 921, 922, 923, 924, 925, 927, 929, 0, 0, 0, 573, 578, 580, 579, 576, 569, 558, 0, 976, 984, 991, 997, 1003, 1010, 1019, 1027, 1036, 1046, 1057, 1067, 1078, 1089, 1101, 1116, 1132, 1148, 1161]
[0, 977, 968, 962, 956, 950, 946, 944, 941, 938, 935, 932, 930, 927, 926, 924, 924, 922, 920, 920, 920, 920, 921, 921, 920, 921, 923, 925, 927, 928, 929, 0, 0, 0, 574, 578, 580, 579, 576, 570, 558, 0, 976, 984, 991, 998, 1004, 1011, 1020, 1029, 1037, 1047, 1060, 1069, 1079, 1090, 1102, 1116, 1132, 1148, 1162]
[0, 977, 968, 962, 956, 951, 947, 945, 942, 939, 935, 933, 930, 927, 925, 924, 923, 922, 921, 921, 921, 921, 921, 920, 921, 922, 923, 924, 925, 927, 929, 0, 0, 0, 572, 578, 580, 577, 576, 569, 0, 0, 976, 984, 991, 997, 1003, 1010, 1019, 1027, 1037, 1046, 1057, 1066, 1077, 1088, 1101, 1116, 1131, 1146, 1161]
[0, 1046, 1039, 1032, 1027, 1022, 1016, 1011, 1008, 1005, 1002, 1000, 998, 996, 994, 991, 989, 988, 988, 988, 988, 988, 921, 923, 921, 923, 924, 925, 928, 932, 931, 0, 0, 563, 572, 578, 580, 577, 576, 570, 0, 0, 982, 990, 996, 1002, 1009, 1017, 1025, 1034, 1043, 1053, 1064, 1075, 1085, 1098, 1112, 1126, 1141, 1156, 1170]
[0, 1042, 1035, 1029, 1027, 1018, 1016, 1013, 1009, 1005, 1001, 999, 998, 996, 994, 993, 990, 988, 988, 989, 989, 989, 989, 990, 990, 990, 991, 991, 993, 996, 998, 999, 1001, 1004, 1009, 1013, 1018, 1023, 1028, 1034, 1040, 1046, 1053, 1060, 1068, 1075, 1082, 1092, 1101, 1111, 1120, 1132, 1144, 1157, 1170, 1183, 1196, 1210, 1224, 1241, 1257]
[0, 1065, 1059, 1052, 1044, 1040, 1035, 1031, 1027, 1024, 1001, 1021, 1019, 1017, 1015, 1013, 1011, 1010, 1010, 1009, 1010, 1011, 989, 989, 990, 991, 991, 992, 994, 995, 996, 998, 1002, 1004, 1009, 1014, 1018, 1022, 1025, 1031, 1038, 1044, 1051, 1059, 1064, 1072, 1082, 1090, 1099, 1109, 1119, 1130, 1144, 1157, 1169, 1182, 1193, 1206, 1222, 1237, 1254]
[0, 1079, 1074, 1066, 1059, 1054, 1047, 1042, 1038, 1034, 1030, 1028, 1026, 1024, 1021, 1019, 1019, 1019, 1018, 1017, 1017, 1017, 1012, 1012, 1012, 1013, 1015, 1017, 1019, 1020, 1022, 1024, 1027, 1031, 1036, 1040, 1045, 1051, 1058, 1062, 1068, 1075, 1082, 1090, 1096, 1105, 1115, 1124, 1132, 1144, 1157, 1167, 1177, 1189, 1203, 1218, 1233, 1248, 1262, 1278, 1295]
[0, 1110, 1103, 1096, 1088, 1083, 1079, 1074, 1069, 1065, 1062, 1060, 1058, 1056, 1054, 1053, 1051, 1050, 1051, 1051, 1050, 1051, 1018, 1019, 1019, 1020, 1021, 1021, 1024, 1027, 1028, 1032, 1036, 1039, 1042, 1046, 1051, 1056, 1062, 1068, 1074, 1080, 1087, 1094, 1101, 1109, 1119, 1129, 1132, 1152, 1157, 1160, 1170, 1184, 1196, 1209, 1223, 1236, 1252, 1268, 1285]
[0, 1112, 1106, 1098, 1092, 1086, 1080, 1076, 1071, 1066, 1063, 1061, 1058, 1055, 1053, 1052, 1052, 1052, 1051, 1050, 1049, 1050, 1051, 1019, 1052, 1054, 1055, 1056, 1057, 1059, 1062, 1065, 1068, 1072, 1076, 1078, 1082, 1088, 1095, 1099, 1105, 1112, 1121, 1130, 1137, 1145, 1155, 1165, 1173, 1182, 1193, 1205, 1218, 1231, 1245, 1258, 1272, 1285, 1302, 1268, 1333]
[0, 1110, 1103, 1096, 1089, 1083, 1079, 1073, 1069, 1066, 1063, 1060, 1058, 1055, 1054, 1052, 1050, 1049, 1050, 1051, 1050, 1051, 1051, 1052, 1053, 1055, 1056, 1057, 1058, 1061, 1065, 1069, 1071, 1075, 1079, 1082, 1086, 1092, 1097, 1103, 1111, 1118, 1126, 1135, 1142, 1151, 1161, 1169, 1173, 1189, 1193, 1201, 1214, 1229, 1242, 1253, 1265, 1281, 1298, 1268, 1333]
[0, 1110, 1103, 1096, 1089, 1083, 1079, 1074, 1069, 1066, 1063, 1061, 1058, 1056, 1054, 1052, 1051, 1049, 1050, 1050, 1049, 1051, 1052, 1051, 1054, 1055, 1056, 1058, 1060, 1061, 1065, 1068, 1071, 1072, 1075, 1078, 1084, 1089, 1094, 1099, 1106, 1112, 1121, 1129, 1136, 1145, 1154, 1164, 1171, 1180, 1192, 1204, 1217, 1230, 1243, 1256, 1270, 1285, 1300, 1268, 1329]
[0, 1158, 1103, 1145, 1089, 1138, 1131, 1126, 1120, 1115, 1111, 1109, 1107, 1104, 1103, 1102, 1100, 1099, 1098, 1097, 1098, 1099, 1052, 1052, 1054, 1053, 1054, 1057, 1060, 1062, 1065, 1068, 1071, 1075, 1078, 1078, 1081, 1092, 1098, 1099, 1104, 1111, 1120, 1129, 1137, 1146, 1154, 1162, 1169, 1180, 1191, 1203, 1217, 1230, 1243, 1256, 1269, 1284, 1300, 1268, 1329]
[0, 1162, 1157, 1149, 1142, 1135, 1128, 1123, 1119, 1114, 1111, 1107, 1104, 1103, 1101, 1100, 1100, 1099, 1099, 1098, 1098, 1100, 1100, 1101, 1102, 1105, 1109, 1110, 1111, 1115, 1118, 1120, 1122, 1127, 1132, 1136, 1142, 1149, 1156, 1161, 1166, 1171, 1178, 1187, 1196, 1205, 1215, 1225, 1238, 1253, 1268, 1281, 1291, 1305, 1327, 1339, 1349, 1369, 1390, 1407, 1425]
[0, 1179, 1172, 1166, 1160, 1155, 1149, 1143, 1138, 1134, 1131, 1127, 1124, 1123, 1123, 1123, 1122, 1121, 1120, 1119, 1119, 1121, 1100, 1100, 1102, 1107, 1109, 1111, 1115, 1118, 1119, 1120, 1123, 1128, 1133, 1139, 1144, 1151, 1156, 1162, 1167, 1173, 1180, 1189, 1198, 1207, 1217, 1228, 1238, 1240, 1258, 1276, 1290, 1309, 1329, 1343, 1349, 1377, 1390, 1395, 1409]
[0, 1192, 1186, 1179, 1172, 1166, 1162, 1158, 1154, 1152, 1147, 1142, 1139, 1137, 1136, 1136, 1136, 1135, 1134, 1135, 1136, 1136, 1122, 1125, 1128, 1107, 1130, 1111, 1132, 1136, 1119, 1138, 1141, 1145, 1149, 1154, 1159, 1165, 1170, 1175, 1182, 1190, 1198, 1208, 1215, 1222, 1232, 1244, 1258, 1271, 1280, 1292, 1307, 1324, 1340, 1352, 1365, 1385, 1404, 1395, 1409]
[0, 1194, 1186, 1180, 1173, 1167, 1162, 1161, 1154, 1158, 1154, 1150, 1147, 1145, 1143, 1140, 1140, 1141, 1140, 1141, 1142, 1142, 1137, 1139, 1128, 1140, 1130, 1142, 1146, 1147, 1149, 1154, 1157, 1161, 1164, 1168, 1172, 1177, 1183, 1191, 1199, 1212, 1225, 1228, 1231, 1243, 1255, 1267, 1277, 1287, 1296, 1310, 1326, 1343, 1357, 1373, 1387, 1404, 1426, 1395, 1455]
[0, 1211, 1204, 1198, 1191, 1185, 1181, 1176, 1172, 1169, 1166, 1163, 1162, 1159, 1157, 1157, 1156, 1156, 1157, 1157, 1157, 1158, 1142, 1145, 1146, 1148, 1151, 1153, 1155, 1157, 1161, 1164, 1166, 1169, 1173, 1178, 1185, 1192, 1204, 1217, 1223, 1231, 1237, 1245, 1255, 1267, 1276, 1283, 1293, 1307, 1323, 1339, 1351, 1361, 1377, 1394, 1411, 1431, 1455, 1473, 1491]
[0, 1214, 1206, 1199, 1193, 1188, 1181, 1177, 1174, 1171, 1168, 1165, 1163, 1161, 1159, 1158, 1158, 1156, 1157, 1158, 1157, 1158, 1158, 1160, 1161, 1161, 1163, 1165, 1167, 1168, 1171, 1174, 1177, 1180, 1187, 1194, 1202, 1209, 1217, 1228, 1240, 1252, 1257, 1245, 1258, 1276, 1276, 1283, 1310, 1307, 1323, 1339, 1350, 1362, 1376, 1390, 1409, 1428, 1449, 1471, 1488]
[0, 1255, 1246, 1238, 1233, 1227, 1181, 1216, 1174, 1212, 1208, 1205, 1202, 1200, 1197, 1196, 1196, 1194, 1194, 1202, 1208, 1206, 1159, 1159, 1160, 1162, 1164, 1164, 1165, 1168, 1170, 1172, 1175, 1179, 1185, 1191, 1200, 1210, 1220, 1231, 1243, 1253, 1254, 1258, 1267, 1273, 1281, 1295, 1309, 1321, 1335, 1348, 1361, 1375, 1390, 1406, 1423, 1444, 1468, 1485, 1502]
[0, 1259, 1250, 1242, 1236, 1232, 1226, 1219, 1215, 1211, 1207, 1204, 1201, 1198, 1197, 1196, 1196, 1195, 1200, 1205, 1204, 1199, 1204, 1206, 1207, 1209, 1217, 1218, 1217, 1221, 1222, 1224, 1229, 1231, 1236, 1241, 1248, 1258, 1265, 1270, 1276, 1281, 1286, 1295, 1307, 1319, 1333, 1344, 1355, 1365, 1376, 1388, 1403, 1414, 1424, 1436, 1450, 1464, 1480, 1495, 1507]
[0, 1303, 1297, 1289, 1282, 1273, 1267, 1261, 1258, 1254, 1251, 1247, 1246, 1244, 1244, 1249, 1248, 1245, 1246, 1248, 1245, 1243, 1198, 1202, 1208, 1218, 1220, 1219, 1221, 1221, 1221, 1226, 1229, 1232, 1238, 1242, 1252, 1262, 1270, 1276, 1281, 1286, 1292, 1300, 1313, 1319, 1325, 1350, 1360, 1371, 1383, 1388, 1408, 1414, 1419, 1429, 1442, 1459, 1475, 1490, 1503]
[0, 1298, 1290, 1282, 1275, 1270, 1264, 1260, 1257, 1253, 1249, 1247, 1245, 1245, 1248, 1247, 1248, 1248, 1248, 1246, 1246, 1243, 1243, 1245, 1246, 1248, 1253, 1260, 1261, 1261, 1266, 1266, 1268, 1272, 1278, 1284, 1288, 1293, 1300, 1308, 1317, 1325, 1328, 1332, 1338, 1344, 1351, 1359, 1369, 1376, 1383, 1394, 1405, 1415, 1426, 1437, 1451, 1465, 1478, 1496, 1508]
[0, 1357, 1349, 1340, 1275, 1328, 1317, 1310, 1304, 1304, 1302, 1298, 1296, 1293, 1289, 1288, 1287, 1287, 1287, 1288, 1288, 1289, 1242, 1243, 1245, 1248, 1252, 1259, 1263, 1262, 1264, 1267, 1268, 1270, 1275, 1282, 1287, 1291, 1297, 1306, 1312, 1321, 1327, 1330, 1337, 1343, 1348, 1356, 1365, 1374, 1381, 1389, 1399, 1409, 1420, 1432, 1443, 1458, 1475, 1490, 1501]
[0, 1366, 1360, 1353, 1346, 1339, 1317, 1329, 1321, 1319, 1313, 1308, 1309, 1306, 1301, 1300, 1300, 1300, 1301, 1301, 1300, 1289, 1290, 1291, 1292, 1293, 1292, 1292, 1290, 1286, 1288, 1292, 1293, 1293, 1294, 1296, 1299, 1301, 1306, 1311, 1313, 1317, 1321, 1327, 1336, 1343, 1349, 1357, 1368, 1375, 1382, 1391, 1400, 1409, 1422, 1436, 1451, 1465, 1479, 1494, 1506]
[0, 0, 1397, 1390, 1385, 1379, 1373, 1370, 1365, 1359, 1355, 1351, 1347, 1344, 1340, 1334, 1328, 1319, 1313, 1310, 1307, 1304, 1290, 1295, 1292, 1295, 1294, 1289, 1289, 1291, 1292, 1291, 1289, 1291, 1295, 1297, 1298, 1300, 1303, 1307, 1312, 1316, 1319, 1324, 1331, 1340, 1348, 1353, 1358, 1369, 1380, 1387, 1397, 1408, 1420, 1431, 1443, 1458, 1474, 1488, 1500]
[0, 1418, 1404, 1394, 1389, 1385, 1379, 1373, 1370, 1365, 1361, 1355, 1351, 1349, 1343, 1333, 1323, 1316, 1314, 1309, 1304, 1301, 1300, 1295, 1292, 1293, 1291, 1291, 1290, 1287, 1287, 1288, 1290, 1292, 1294, 1296, 1298, 1300, 1305, 1310, 1313, 1316, 1321, 1329, 1337, 1343, 1350, 1358, 1364, 1372, 1382, 1391, 1399, 1409, 1422, 1436, 1450, 1463, 1478, 1495, 1508]
[0, 1417, 1405, 1396, 1391, 1386, 1379, 1373, 1369, 1366, 1361, 1355, 1352, 1345, 1335, 1327, 1321, 1315, 1312, 1307, 1301, 1301, 1298, 1294, 1293, 1292, 1290, 1288, 1287, 1287, 1288, 1289, 1291, 1292, 1293, 1294, 1298, 1303, 1306, 1309, 1313, 1317, 1321, 1329, 1337, 1344, 1349, 1354, 1364, 1374, 1382, 1393, 1402, 1409, 1412, 1425, 1438, 1449, 1480, 1497, 1508]
[0, 1418, 1406, 1396, 1391, 1388, 1381, 1374, 1370, 1366, 1362, 1356, 1351, 1348, 1339, 1330, 1324, 1317, 1313, 1310, 1306, 1302, 1300, 1297, 1294, 1292, 1290, 1289, 1289, 1290, 1290, 1289, 1289, 1291, 1294, 1297, 1298, 1300, 1302, 1306, 1312, 1315, 1319, 1327, 1334, 1339, 1344, 1353, 1363, 1372, 1378, 1387, 1396, 1406, 1417, 1431, 1447, 1460, 1472, 1489, 1503]
[0, 1470, 1456, 1441, 1428, 1415, 1403, 1393, 1384, 1374, 1365, 1356, 1351, 1346, 1338, 1330, 1323, 1317, 1313, 1309, 1305, 1301, 1298, 1295, 1293, 1291, 1289, 1288, 1288, 1286, 1286, 1289, 1291, 1291, 1293, 1297, 1298, 1298, 1301, 1307, 1311, 1314, 1319, 1324, 1329, 1336, 1345, 1352, 1359, 1369, 1376, 1384, 1396, 1406, 1415, 1427, 1441, 1453, 1469, 1485, 1499]
[0, 1470, 1455, 1441, 1427, 1415, 1402, 1392, 1384, 1373, 1364, 1357, 1349, 1341, 1333, 1326, 1321, 1316, 1312, 1309, 1305, 1301, 1298, 1295, 1293, 1291, 1289, 1285, 1284, 1285, 1286, 1287, 1289, 1292, 1293, 1293, 1298, 1298, 1301, 1306, 1310, 1313, 1318, 1322, 1327, 1335, 1342, 1349, 1359, 1368, 1375, 1384, 1393, 1402, 1414, 1423, 1436, 1451, 1466, 1484, 1499]
[0, 1465, 1450, 1436, 1422, 1410, 1399, 1389, 1378, 1369, 1361, 1354, 1346, 1338, 1332, 1326, 1325, 1318, 1314, 1310, 1305, 1301, 1297, 1294, 1292, 1291, 1289, 1285, 1285, 1286, 1285, 1288, 1289, 1290, 1291, 1293, 1295, 1298, 1301, 1306, 1309, 1313, 1318, 1323, 1330, 1337, 1344, 1351, 1358, 1365, 1372, 1384, 1393, 1404, 1416, 1427, 1440, 1453, 1468, 1484, 1498]
[0, 1461, 1447, 1432, 1419, 1408, 1397, 1389, 1377, 1369, 1370, 1362, 1353, 1346, 1339, 1330, 1321, 1317, 1313, 1310, 1305, 1299, 1299, 1296, 1293, 1290, 1287, 1287, 1285, 1286, 1286, 1284, 1286, 1288, 1289, 1292, 1294, 1297, 1300, 1303, 1306, 1312, 1318, 1324, 1327, 1332, 1339, 1350, 1360, 1366, 1375, 1384, 1393, 1405, 1415, 1426, 1440, 1453, 1469, 1488, 1501]
[0, 1475, 1457, 1443, 1430, 1417, 1406, 1395, 1383, 1375, 1367, 1359, 1352, 1346, 1337, 1327, 1320, 1316, 1313, 1308, 1304, 1302, 1297, 1295, 1290, 1290, 1289, 1285, 1284, 1284, 1283, 1283, 1284, 1288, 1291, 1291, 1293, 1297, 1300, 1304, 1307, 1311, 1318, 1324, 1326, 1332, 1340, 1349, 1358, 1366, 1374, 1383, 1392, 1405, 1416, 1428, 1441, 1454, 1470, 1488, 1500]
[0, 1468, 1452, 1440, 1427, 1414, 1402, 1392, 1383, 1373, 1364, 1357, 1349, 1341, 1333, 1324, 1319, 1315, 1311, 1308, 1302, 1298, 1298, 1293, 1292, 1291, 1289, 1288, 1287, 1283, 1282, 1284, 1287, 1291, 1292, 1295, 1296, 1297, 1301, 1304, 1307, 1313, 1318, 1325, 1332, 1339, 1348, 1352, 1359, 1370, 1378, 1384, 1395, 1408, 1419, 1432, 1446, 1460, 1470, 1475, 1491]
[0, 1462, 1449, 1435, 1422, 1409, 1398, 1389, 1379, 1369, 1361, 1352, 1344, 1338, 1332, 1325, 1319, 1317, 1313, 1309, 1304, 1300, 1297, 1293, 1291, 1290, 1288, 1285, 1284, 1285, 1282, 1285, 1287, 1288, 1290, 1293, 1295, 1297, 1300, 1303, 1306, 1310, 1313, 1320, 1328, 1331, 1337, 1348, 1357, 1364, 1372, 1380, 1389, 1401, 1413, 1424, 1437, 1452, 1467, 1483, 1494]
[0, 1462, 1449, 1435, 1421, 1410, 1398, 1389, 1379, 1369, 1361, 1353, 1345, 1338, 1329, 1325, 1322, 1317, 1313, 1309, 1304, 1300, 1298, 1295, 1292, 1290, 1286, 1286, 1285, 1284, 1283, 1283, 1284, 1286, 1289, 1291, 1293, 1297, 1300, 1303, 1307, 1311, 1315, 1320, 1327, 1332, 1340, 1350, 1359, 1366, 1375, 1384, 1392, 1403, 1414, 1427, 1441, 1453, 1469, 1485, 1498]
[0, 1471, 1454, 1440, 1428, 1413, 1401, 1392, 1383, 1374, 1364, 1355, 1348, 1340, 1334, 1326, 1319, 1316, 1311, 1307, 1303, 1300, 1298, 1295, 1291, 1289, 1286, 1286, 1285, 1284, 1283, 1283, 1286, 1288, 1289, 1292, 1294, 1296, 1299, 1303, 1307, 1312, 1315, 1320, 1326, 1333, 1340, 1349, 1358, 1365, 1374, 1383, 1392, 1403, 1414, 1426, 1439, 1452, 1468, 1485, 1498]
[0, 1461, 1447, 1432, 1419, 1408, 1397, 1386, 1377, 1369, 1360, 1352, 1348, 1345, 1337, 1329, 1322, 1316, 1312, 1309, 1304, 1299, 1297, 1295, 1292, 1287, 1285, 1284, 1283, 1284, 1285, 1286, 1287, 1290, 1290, 1292, 1295, 1298, 1299, 1305, 1307, 1308, 1311, 1316, 1324, 1331, 1338, 1345, 1354, 1360, 1369, 1379, 1389, 1399, 1410, 1422, 1435, 1448, 1464, 1482, 1494]
[0, 1458, 1446, 1431, 1419, 1407, 1397, 1395, 1385, 1375, 1366, 1358, 1350, 1343, 1339, 1329, 1320, 1316, 1312, 1309, 1302, 1299, 1293, 1290, 1289, 1287, 1286, 1284, 1284, 1284, 1283, 1283, 1284, 1285, 1288, 1291, 1294, 1298, 1299, 1303, 1306, 1310, 1315, 1319, 1325, 1332, 1340, 1346, 1354, 1365, 1374, 1383, 1392, 1402, 1413, 1427, 1441, 1453, 1469, 1486, 1500]
[0, 1456, 1442, 1431, 1418, 1407, 1397, 1396, 1375, 1375, 1367, 1359, 1351, 1344, 1337, 1329, 1321, 1316, 1311, 1307, 1302, 1297, 1298, 1294, 1291, 1288, 1287, 1286, 1285, 1286, 1284, 1285, 1285, 1284, 1287, 1292, 1296, 1296, 1298, 1302, 1306, 1309, 1313, 1320, 1328, 1336, 1343, 1350, 1357, 1368, 1377, 1382, 1393, 1404, 1414, 1427, 1441, 1453, 1468, 1487, 1503]
[0, 1462, 1446, 1432, 1421, 1408, 1397, 1388, 1378, 1369, 1360, 1351, 1343, 1335, 1325, 1320, 1318, 1314, 1311, 1308, 1303, 1299, 1296, 1293, 1289, 1286, 1284, 1283, 1282, 1280, 1281, 1281, 1283, 1285, 1287, 1289, 1290, 1293, 1298, 1302, 1306, 1313, 1323, 1332, 1341, 1348, 1356, 1364, 1375, 1386, 1395, 1404, 1413, 1424, 1438, 1448, 1460, 1475, 1490, 1508, 1514]
[0, 1467, 1451, 1439, 1426, 1413, 1401, 1389, 1380, 1373, 1364, 1352, 1344, 1339, 1331, 1323, 1318, 1315, 1310, 1303, 1297, 1296, 1294, 1290, 1288, 1286, 1284, 1283, 1284, 1283, 1282, 1282, 1284, 1287, 1286, 1288, 1290, 1293, 1299, 1305, 1311, 1320, 1327, 1331, 1339, 1348, 1354, 1361, 1371, 1382, 1392, 1401, 1410, 1421, 1432, 1443, 1455, 1467, 1484, 1501, 1507]
[0, 1456, 1443, 1432, 1417, 1406, 1396, 1385, 1376, 1367, 1359, 1352, 1351, 1343, 1336, 1328, 1321, 1316, 1311, 1306, 1302, 1298, 1293, 1288, 1288, 1286, 1285, 1284, 1282, 1282, 1284, 1282, 1284, 1290, 1290, 1292, 1290, 1296, 1300, 1307, 1313, 1319, 1324, 1326, 1335, 1347, 1352, 1356, 1365, 1378, 1389, 1398, 1411, 1422, 1429, 1441, 1452, 1464, 1479, 1494, 0]
[0, 1471, 1456, 1442, 1429, 1416, 1405, 1394, 1382, 1374, 1366, 1355, 1346, 1337, 1327, 1324, 1320, 1316, 1313, 1307, 1301, 1299, 1294, 1290, 1288, 1286, 1285, 1284, 1284, 1283, 1282, 1282, 1285, 1287, 1289, 1292, 1297, 1304, 1306, 1310, 1314, 1320, 1324, 1328, 1339, 1348, 1353, 1361, 1371, 1381, 1392, 1401, 1410, 1420, 1431, 1442, 1457, 1470, 1482, 1498, 1503]
[0, 1461, 1446, 1432, 1422, 1409, 1399, 1388, 1377, 1367, 1359, 1351, 1343, 1334, 1328, 1322, 1317, 1314, 1307, 1302, 1299, 1299, 1297, 1297, 1297, 1297, 1298, 1299, 1299, 1299, 1299, 1299, 1298, 1300, 1302, 1302, 1306, 1310, 1312, 1314, 1318, 1322, 1325, 1332, 1343, 1350, 1355, 1359, 1369, 1385, 1394, 1404, 1414, 1424, 1438, 1450, 1461, 1474, 1486, 1501, 1510]
[0, 1467, 1453, 1439, 1427, 1412, 1401, 1391, 1382, 1374, 1364, 1359, 1355, 1351, 1345, 1337, 1334, 1327, 1322, 1317, 1312, 1309, 1297, 1298, 1298, 1297, 1298, 1299, 1297, 1299, 1298, 1298, 1298, 1301, 1302, 1303, 1304, 1305, 1309, 1313, 1315, 1318, 1325, 1332, 1339, 1347, 1354, 1361, 1369, 1380, 1390, 1400, 1413, 1423, 1431, 1443, 1456, 1468, 1481, 1497, 1503]
[0, 1456, 1442, 1430, 1417, 1406, 1395, 1391, 1385, 1376, 1367, 1362, 1358, 1354, 1346, 1340, 1337, 1330, 1324, 1320, 1314, 1311, 1307, 1306, 1303, 1299, 1297, 1298, 1298, 1297, 1297, 1297, 1298, 1301, 1303, 1306, 1306, 1308, 1312, 1315, 1318, 1322, 1326, 1330, 1340, 1349, 1355, 1361, 1360, 1388, 1390, 1397, 1407, 1428, 1431, 1440, 1450, 1462, 1475, 1489, 1509]
[0, 1465, 1452, 1443, 1437, 1406, 1427, 1409, 1385, 1395, 1389, 1379, 1365, 1355, 1350, 1343, 1336, 1330, 1324, 1320, 1315, 1311, 1309, 1306, 1304, 1303, 1301, 1301, 1299, 1297, 1297, 1299, 1301, 1300, 1301, 1304, 1305, 1309, 1314, 1315, 1318, 1322, 1325, 1332, 1340, 1344, 1350, 1360, 1370, 1379, 1391, 1402, 1414, 1425, 1436, 1448, 1457, 1467, 1482, 1500, 1507]
[0, 1463, 1452, 1444, 1438, 1427, 1418, 1406, 1385, 1396, 1390, 1379, 1364, 1354, 1350, 1343, 1336, 1329, 1325, 1320, 1315, 1311, 1309, 1307, 1305, 1303, 1300, 1300, 1299, 1297, 1297, 1297, 1299, 1299, 1300, 1303, 1305, 1309, 1313, 1315, 1318, 1322, 1325, 1331, 1339, 1347, 1353, 1360, 1371, 1385, 1394, 1401, 1413, 1425, 1432, 1445, 1457, 1468, 1483, 1500, 1507]
[0, 1477, 1464, 1452, 1440, 1429, 1420, 1409, 1397, 1388, 1374, 1361, 1356, 1353, 1350, 1345, 1331, 1329, 1325, 1323, 1318, 1312, 1309, 1306, 1304, 1303, 1300, 1300, 1298, 1297, 1297, 1299, 1299, 1299, 1301, 1304, 1305, 1309, 1312, 1313, 1316, 1321, 1326, 1332, 1340, 1348, 1353, 1356, 1366, 1382, 1393, 1401, 1410, 1421, 1432, 1444, 1455, 1467, 1483, 1500, 1503]
[0, 1478, 1465, 1452, 1443, 1432, 1416, 1404, 1396, 1390, 1379, 1364, 1355, 1353, 1352, 1345, 1336, 1330, 1325, 1320, 1315, 1312, 1309, 1306, 1303, 1301, 1299, 1298, 1297, 1297, 1297, 1299, 1299, 1298, 1300, 1302, 1302, 1304, 1306, 1310, 1314, 1320, 1324, 1328, 1338, 1347, 1352, 1357, 1366, 1377, 1387, 1397, 1408, 1420, 1430, 1443, 1457, 1469, 1481, 1497, 1505]
[0, 1478, 1465, 1452, 1439, 1428, 1416, 1404, 1396, 1387, 1376, 1365, 1356, 1351, 1352, 1344, 1335, 1330, 1326, 1320, 1315, 1312, 1309, 1306, 1303, 1301, 1300, 1299, 1297, 1297, 1297, 1298, 1299, 1298, 1300, 1302, 1302, 1304, 1307, 1311, 1314, 1319, 1326, 1331, 1338, 1347, 1352, 1358, 1366, 1377, 1388, 1402, 1411, 1421, 1431, 1443, 1457, 1469, 1483, 1498, 1505]
[0, 1483, 1469, 1457, 1442, 1432, 1423, 1411, 1400, 1393, 1383, 1372, 1360, 1351, 1349, 1342, 1335, 1328, 1322, 1317, 1312, 1309, 1309, 1306, 1303, 1301, 1300, 1298, 1297, 1297, 1297, 1298, 1299, 1298, 1299, 1301, 1302, 1305, 1307, 1311, 1315, 1319, 1324, 1329, 1338, 1346, 1352, 1358, 1364, 1374, 1387, 1401, 1411, 1420, 1431, 1443, 1456, 1469, 1481, 1496, 1505]
[0, 1477, 1464, 1451, 1439, 1428, 1416, 1404, 1400, 1396, 1392, 1381, 1364, 1356, 1351, 1344, 1336, 1329, 1325, 1323, 1317, 1312, 1307, 1305, 1302, 1299, 1298, 1298, 1298, 1297, 1297, 1298, 1298, 1301, 1303, 1305, 1307, 1309, 1311, 1314, 1317, 1321, 1326, 1330, 1338, 1347, 1355, 1363, 1375, 1386, 1394, 1404, 1414, 1424, 1437, 1449, 1459, 1473, 1489, 1504, 1509]
