[0, 0, 0, 0, 0, 0, 0, 0, 0, 0, 0, 0, 0, 0, 0, 0, 0, 0, 0, 0, 0, 0, 0, 0, 0, 0, 0, 0, 0, 0, 0, 0, 0, 0, 0, 0, 0, 0, 0, 0, 0, 0, 0, 0, 0, 0, 0, 0, 0, 0, 0, 0, 0, 0, 0, 0, 0, 0, 0, 0, 0]
[0, 531, 527, 523, 519, 515, 512, 509, 506, 504, 501, 499, 497, 495, 493, 490, 488, 487, 486, 484, 0, 0, 0, 0, 0, 0, 361, 354, 350, 347, 346, 347, 349, 351, 356, 356, 1304, 0, 488, 490, 492, 495, 497, 499, 502, 505, 508, 511, 515, 519, 523, 527, 532, 537, 542, 547, 552, 558, 563, 569, 576]
[0, 529, 525, 521, 519, 514, 512, 510, 508, 505, 502, 500, 497, 495, 493, 491, 489, 487, 486, 485, 0, 426, 434, 0, 0, 367, 361, 357, 0, 349, 346, 346, 348, 350, 353, 356, 1304, 0, 487, 489, 491, 494, 495, 497, 500, 504, 507, 511, 514, 517, 521, 525, 530, 535, 539, 544, 550, 555, 560, 566, 573]
[0, 529, 527, 523, 519, 515, 512, 509, 506, 503, 501, 498, 496, 495, 492, 490, 488, 487, 486, 485, 0, 0, 0, 0, 0, 0, 361, 354, 351, 349, 346, 347, 349, 352, 353, 356, 1304, 0, 488, 490, 492, 495, 497, 499, 502, 505, 508, 511, 515, 519, 523, 527, 532, 537, 542, 548, 553, 558, 564, 570, 577]
[0, 530, 526, 522, 518, 515, 511, 508, 505, 503, 500, 498, 496, 493, 492, 490, 488, 487, 486, 485, 0, 423, 430, 0, 0, 367, 358, 354, 353, 349, 346, 346, 348, 350, 353, 356, 1304, 0, 487, 489, 491, 493, 495, 497, 500, 504, 507, 510, 513, 517, 521, 525, 530, 534, 539, 544, 550, 555, 560, 566, 572]
[0, 530, 524, 520, 518, 516, 513, 509, 506, 503, 501, 499, 497, 495, 493, 490, 488, 487, 486, 485, 0, 423, 428, 0, 0, 0, 0, 0, 351, 348, 346, 347, 348, 351, 354, 356, 1304, 0, 488, 489, 492, 494, 495, 498, 501, 504, 507, 511, 514, 518, 522, 526, 531, 536, 541, 546, 551, 557, 561, 568, 574]
[0, 530, 523, 520, 518, 516, 513, 509, 506, 503, 501, 499, 497, 495, 493, 490, 489, 487, 486, 485, 0, 423, 428, 0, 0, 0, 359, 0, 351, 346, 346, 346, 348, 349, 353, 356, 0, 0, 489, 491, 0, 495, 495, 498, 503, 504, 507, 510, 513, 517, 520, 524, 529, 539, 541, 544, 549, 560, 566, 568, 572]
[0, 529, 524, 521, 517, 516, 513, 507, 506, 505, 502, 499, 497, 495, 493, 491, 489, 487, 486, 485, 0, 426, 434, 0, 0, 0, 359, 0, 354, 346, 346, 346, 347, 352, 353, 356, 0, 0, 487, 489, 493, 495, 495, 498, 500, 506, 510, 510, 513, 516, 524, 529, 529, 539, 541, 543, 549, 554, 559, 565, 579]
[0, 529, 525, 521, 517, 514, 510, 508, 505, 505, 499, 498, 495, 495, 493, 491, 489, 487, 486, 485, 0, 424, 433, 0, 0, 370, 360, 354, 351, 348, 347, 347, 349, 352, 352, 356, 0, 0, 488, 490, 492, 495, 497, 499, 502, 505, 508, 512, 515, 519, 523, 528, 532, 537, 542, 548, 553, 558, 564, 570, 577]
[0, 537, 533, 528, 525, 522, 519, 515, 512, 510, 507, 505, 502, 501, 499, 498, 489, 496, 494, 493, 0, 429, 0, 488, 0, 0, 361, 354, 350, 347, 347, 347, 349, 351, 355, 356, 0, 0, 488, 490, 492, 495, 497, 499, 502, 506, 508, 512, 515, 519, 523, 527, 532, 538, 543, 547, 552, 557, 563, 569, 576]
[0, 537, 535, 531, 527, 520, 519, 517, 513, 510, 509, 506, 503, 501, 499, 498, 496, 494, 494, 493, 0, 429, 0, 488, 0, 0, 0, 352, 349, 346, 346, 347, 348, 351, 355, 356, 0, 0, 497, 499, 501, 504, 507, 509, 512, 514, 517, 521, 525, 529, 533, 537, 542, 548, 553, 558, 563, 568, 574, 581, 588]
[0, 538, 534, 530, 526, 523, 520, 517, 514, 511, 508, 506, 503, 501, 499, 498, 496, 495, 493, 493, 0, 427, 0, 488, 0, 367, 0, 0, 0, 346, 346, 346, 347, 349, 353, 356, 0, 0, 496, 498, 500, 503, 506, 508, 511, 514, 516, 520, 524, 528, 532, 536, 541, 546, 551, 556, 561, 567, 573, 580, 587]
[0, 537, 532, 528, 525, 522, 519, 515, 512, 510, 508, 504, 503, 502, 500, 498, 497, 496, 494, 493, 0, 431, 0, 488, 0, 0, 361, 354, 350, 348, 347, 346, 348, 350, 354, 356, 0, 0, 497, 498, 501, 504, 506, 509, 512, 514, 517, 521, 525, 529, 533, 537, 543, 548, 553, 558, 562, 568, 574, 581, 588]
[0, 538, 534, 530, 526, 522, 519, 516, 513, 511, 508, 505, 503, 501, 499, 498, 497, 496, 494, 493, 0, 429, 0, 488, 0, 0, 356, 351, 349, 348, 345, 347, 349, 350, 352, 356, 0, 495, 498, 500, 503, 505, 506, 510, 513, 516, 519, 521, 523, 527, 536, 537, 540, 545, 551, 556, 565, 572, 574, 586, 588]
[0, 537, 533, 530, 525, 522, 519, 515, 512, 510, 508, 505, 503, 501, 499, 498, 497, 496, 494, 493, 0, 429, 0, 488, 0, 0, 0, 352, 0, 346, 346, 347, 348, 351, 352, 356, 0, 0, 498, 499, 502, 505, 507, 509, 512, 514, 518, 522, 526, 530, 535, 539, 544, 548, 554, 559, 565, 571, 577, 584, 590]
[0, 540, 535, 531, 528, 525, 522, 519, 515, 513, 511, 508, 506, 503, 502, 500, 497, 497, 494, 496, 0, 431, 0, 488, 0, 0, 358, 352, 349, 346, 346, 347, 348, 351, 352, 356, 0, 0, 498, 500, 502, 505, 507, 510, 512, 515, 519, 523, 526, 530, 535, 539, 545, 550, 555, 559, 565, 572, 578, 584, 591]
[0, 540, 535, 532, 528, 525, 521, 518, 516, 513, 511, 509, 506, 504, 502, 501, 499, 498, 494, 497, 0, 429, 492, 488, 0, 0, 357, 350, 348, 346, 346, 347, 348, 351, 352, 356, 0, 0, 501, 503, 506, 508, 511, 513, 516, 520, 523, 527, 531, 535, 539, 544, 549, 554, 559, 564, 569, 576, 583, 590, 596]
[0, 539, 535, 531, 527, 524, 521, 518, 516, 512, 510, 509, 508, 505, 503, 501, 500, 498, 497, 0, 422, 429, 492, 488, 0, 0, 0, 0, 349, 347, 345, 346, 348, 350, 352, 356, 0, 0, 501, 503, 505, 508, 510, 512, 516, 519, 522, 526, 530, 534, 539, 543, 548, 553, 558, 563, 569, 575, 581, 588, 594]
[0, 545, 541, 537, 533, 530, 527, 523, 521, 518, 515, 512, 511, 508, 506, 505, 503, 501, 501, 0, 0, 430, 496, 488, 0, 0, 356, 351, 349, 345, 345, 346, 349, 352, 352, 356, 0, 501, 502, 504, 507, 509, 510, 511, 517, 519, 520, 527, 531, 536, 539, 540, 550, 553, 556, 560, 565, 571, 578, 591, 597]
[0, 547, 543, 539, 535, 531, 528, 525, 523, 520, 517, 515, 513, 508, 509, 507, 503, 504, 501, 0, 0, 430, 496, 488, 0, 0, 0, 0, 0, 346, 345, 346, 348, 350, 354, 356, 0, 0, 506, 508, 510, 512, 514, 517, 520, 523, 526, 530, 534, 538, 543, 548, 552, 557, 563, 569, 574, 580, 587, 593, 600]
[0, 546, 542, 538, 534, 531, 527, 524, 522, 520, 520, 515, 512, 508, 510, 508, 507, 505, 504, 0, 423, 430, 496, 488, 0, 0, 0, 0, 347, 345, 345, 346, 348, 351, 354, 356, 0, 0, 509, 511, 513, 516, 519, 521, 524, 527, 531, 535, 539, 543, 547, 552, 557, 562, 567, 574, 579, 585, 592, 598, 605]
[0, 546, 541, 538, 537, 534, 530, 527, 524, 521, 519, 517, 514, 512, 510, 509, 507, 505, 504, 0, 0, 0, 499, 488, 0, 0, 357, 350, 347, 345, 344, 346, 349, 352, 354, 356, 0, 508, 510, 512, 514, 516, 519, 522, 525, 528, 532, 536, 540, 544, 547, 548, 553, 563, 569, 575, 581, 587, 594, 600, 607]
[0, 547, 543, 539, 535, 531, 528, 525, 523, 520, 517, 515, 513, 511, 509, 507, 506, 505, 504, 0, 0, 0, 499, 488, 0, 0, 0, 0, 349, 347, 346, 346, 347, 350, 353, 356, 0, 0, 510, 511, 513, 516, 518, 521, 523, 527, 531, 534, 538, 542, 547, 552, 556, 561, 566, 571, 578, 584, 590, 597, 604]
[0, 556, 552, 548, 544, 541, 538, 535, 532, 529, 526, 524, 522, 520, 518, 516, 514, 505, 513, 0, 0, 0, 499, 488, 0, 0, 0, 0, 0, 345, 346, 346, 348, 351, 353, 356, 0, 0, 509, 512, 514, 516, 519, 522, 525, 528, 532, 536, 540, 545, 549, 553, 558, 563, 569, 575, 581, 588, 594, 600, 607]
[0, 554, 552, 546, 544, 542, 539, 536, 533, 530, 527, 525, 523, 521, 519, 517, 515, 513, 512, 0, 0, 510, 509, 488, 0, 0, 356, 350, 346, 344, 344, 345, 347, 350, 353, 356, 0, 0, 519, 521, 523, 525, 528, 531, 535, 538, 541, 545, 549, 554, 558, 562, 567, 572, 578, 585, 590, 596, 602, 610, 616]
[0, 562, 558, 554, 550, 542, 548, 544, 539, 530, 536, 534, 532, 529, 527, 525, 524, 522, 521, 0, 0, 519, 517, 488, 0, 0, 358, 351, 349, 347, 344, 344, 346, 348, 353, 356, 0, 0, 520, 0, 522, 524, 527, 530, 533, 536, 540, 543, 547, 551, 556, 560, 565, 570, 577, 583, 588, 594, 600, 606, 613]
[0, 565, 561, 557, 554, 551, 548, 544, 542, 539, 536, 534, 534, 531, 527, 528, 527, 525, 524, 0, 0, 521, 519, 488, 0, 0, 358, 350, 347, 346, 344, 344, 345, 348, 353, 356, 0, 0, 525, 530, 0, 533, 535, 541, 533, 544, 548, 552, 557, 561, 564, 569, 574, 581, 591, 583, 603, 594, 609, 615, 622]
[0, 564, 560, 557, 557, 553, 550, 547, 544, 541, 537, 536, 534, 532, 530, 528, 526, 525, 524, 0, 0, 521, 519, 488, 0, 0, 353, 347, 347, 344, 344, 343, 345, 347, 350, 356, 0, 0, 530, 533, 535, 537, 541, 544, 547, 550, 553, 558, 561, 565, 570, 575, 582, 588, 593, 598, 605, 611, 617, 624, 632]
[0, 568, 564, 560, 557, 553, 549, 547, 544, 541, 538, 536, 534, 532, 530, 528, 526, 525, 524, 0, 0, 521, 519, 488, 0, 0, 353, 347, 347, 345, 344, 343, 344, 347, 350, 356, 0, 0, 530, 533, 535, 537, 540, 544, 547, 550, 553, 557, 561, 565, 570, 576, 581, 585, 591, 598, 604, 609, 616, 623, 630]
[0, 565, 561, 557, 554, 551, 548, 545, 542, 541, 537, 536, 533, 531, 530, 527, 526, 524, 524, 0, 425, 521, 519, 488, 0, 0, 0, 0, 347, 345, 344, 343, 347, 347, 350, 356, 0, 0, 530, 533, 535, 537, 540, 543, 546, 550, 554, 557, 560, 564, 569, 574, 580, 585, 591, 596, 602, 608, 614, 620, 627]
[0, 576, 571, 567, 554, 561, 548, 554, 552, 549, 537, 547, 545, 542, 540, 539, 537, 535, 533, 0, 425, 530, 528, 488, 0, 0, 355, 349, 345, 343, 343, 344, 345, 348, 352, 356, 0, 0, 529, 531, 534, 536, 539, 541, 545, 551, 555, 557, 559, 563, 567, 571, 583, 588, 591, 598, 605, 608, 618, 624, 633]
[0, 590, 586, 582, 578, 574, 548, 570, 566, 564, 561, 559, 557, 555, 552, 550, 548, 547, 546, 0, 0, 0, 541, 488, 0, 0, 361, 348, 344, 343, 343, 343, 345, 349, 352, 356, 0, 0, 540, 543, 545, 547, 550, 554, 557, 560, 564, 566, 571, 577, 582, 587, 592, 596, 601, 607, 613, 620, 627, 634, 642]
[0, 591, 586, 582, 579, 574, 570, 567, 564, 561, 559, 557, 557, 555, 553, 551, 550, 548, 547, 0, 0, 0, 542, 488, 0, 0, 357, 350, 346, 343, 342, 342, 343, 346, 349, 356, 0, 0, 554, 556, 558, 562, 565, 567, 570, 574, 579, 583, 588, 592, 597, 602, 608, 613, 619, 625, 632, 639, 646, 653, 661]
[0, 593, 589, 581, 579, 577, 573, 570, 566, 563, 561, 558, 556, 554, 553, 551, 549, 547, 547, 0, 0, 544, 542, 0, 0, 0, 0, 346, 0, 342, 342, 342, 343, 344, 348, 356, 0, 0, 554, 556, 558, 561, 564, 567, 570, 575, 579, 583, 587, 592, 597, 601, 607, 613, 618, 625, 632, 639, 646, 653, 661]
[0, 602, 598, 594, 590, 587, 583, 579, 575, 572, 569, 567, 564, 562, 561, 559, 558, 557, 547, 0, 0, 554, 542, 0, 0, 0, 0, 348, 345, 343, 342, 342, 343, 346, 348, 356, 0, 0, 553, 555, 557, 559, 562, 566, 569, 572, 577, 581, 586, 590, 594, 599, 604, 610, 615, 621, 628, 635, 642, 649, 657]
[0, 602, 599, 595, 588, 587, 584, 581, 577, 574, 570, 567, 565, 563, 562, 560, 559, 557, 547, 0, 0, 0, 542, 0, 0, 0, 0, 346, 0, 342, 342, 343, 343, 344, 347, 356, 0, 0, 564, 566, 568, 570, 574, 578, 582, 585, 589, 593, 598, 602, 607, 612, 617, 623, 629, 637, 644, 650, 657, 665, 672]
[0, 602, 607, 603, 599, 595, 592, 589, 586, 583, 580, 577, 575, 572, 570, 568, 566, 565, 547, 0, 0, 0, 542, 0, 0, 0, 0, 348, 344, 343, 342, 342, 343, 346, 350, 356, 0, 0, 564, 565, 567, 569, 572, 576, 580, 584, 588, 591, 595, 600, 606, 610, 615, 621, 627, 633, 641, 648, 654, 663, 671]
[0, 610, 606, 602, 598, 594, 591, 588, 585, 581, 579, 576, 574, 571, 570, 568, 566, 565, 547, 0, 0, 0, 561, 0, 0, 0, 0, 346, 344, 341, 342, 341, 343, 346, 350, 356, 0, 0, 573, 575, 577, 581, 584, 587, 590, 594, 598, 602, 607, 611, 616, 621, 627, 633, 640, 647, 654, 661, 668, 675, 683]
[0, 610, 605, 601, 597, 594, 591, 588, 584, 581, 579, 577, 574, 571, 569, 567, 566, 564, 547, 0, 0, 0, 561, 0, 0, 0, 0, 0, 342, 342, 342, 341, 342, 347, 350, 356, 0, 0, 572, 575, 578, 581, 584, 587, 591, 596, 599, 603, 607, 612, 617, 622, 629, 635, 641, 647, 653, 661, 670, 678, 686]
[0, 609, 605, 605, 602, 599, 595, 592, 589, 586, 583, 580, 578, 575, 572, 570, 569, 567, 547, 0, 0, 0, 561, 0, 0, 358, 0, 345, 0, 342, 341, 341, 342, 347, 350, 356, 0, 0, 573, 575, 578, 581, 584, 587, 591, 596, 599, 602, 607, 612, 617, 622, 629, 635, 641, 647, 653, 661, 670, 678, 686]
[0, 619, 605, 611, 602, 605, 595, 601, 598, 596, 593, 590, 588, 586, 583, 581, 579, 578, 577, 0, 0, 0, 561, 0, 0, 0, 0, 347, 0, 342, 341, 341, 343, 345, 350, 356, 0, 0, 0, 580, 583, 0, 589, 587, 593, 600, 604, 602, 608, 612, 624, 622, 629, 636, 643, 649, 655, 670, 670, 686, 686]
[0, 630, 624, 620, 616, 613, 609, 606, 603, 600, 597, 594, 592, 591, 588, 586, 585, 583, 577, 0, 0, 0, 561, 0, 0, 0, 0, 347, 343, 342, 341, 341, 342, 344, 350, 356, 0, 0, 0, 587, 589, 591, 594, 601, 593, 605, 609, 613, 617, 621, 626, 639, 644, 650, 643, 656, 663, 670, 678, 685, 694]
[0, 632, 626, 622, 618, 615, 612, 609, 605, 602, 600, 597, 594, 593, 591, 586, 589, 588, 587, 0, 0, 0, 581, 0, 0, 0, 0, 346, 342, 341, 341, 340, 343, 345, 350, 356, 0, 0, 593, 593, 595, 598, 601, 604, 608, 612, 616, 620, 624, 630, 636, 642, 647, 652, 658, 665, 672, 680, 687, 695, 704]
[0, 631, 626, 621, 618, 614, 611, 609, 606, 602, 603, 600, 597, 595, 593, 591, 590, 588, 587, 0, 0, 0, 581, 0, 0, 0, 0, 0, 343, 341, 340, 340, 341, 343, 346, 356, 0, 0, 595, 598, 600, 603, 607, 610, 614, 617, 621, 626, 631, 637, 642, 648, 653, 659, 666, 673, 680, 688, 697, 705, 712]
[0, 631, 626, 621, 618, 614, 611, 608, 606, 602, 603, 600, 597, 595, 593, 591, 589, 589, 587, 0, 0, 0, 581, 0, 0, 0, 0, 0, 343, 341, 340, 340, 341, 343, 347, 356, 0, 0, 595, 597, 600, 603, 607, 610, 614, 618, 621, 626, 632, 637, 643, 649, 654, 660, 666, 673, 681, 688, 697, 705, 713]
[0, 645, 639, 635, 631, 627, 622, 619, 617, 614, 603, 611, 609, 607, 605, 603, 601, 599, 598, 0, 0, 0, 581, 0, 0, 0, 0, 347, 343, 341, 340, 340, 341, 343, 347, 356, 0, 0, 595, 598, 601, 603, 607, 610, 614, 618, 622, 627, 632, 638, 644, 649, 655, 660, 666, 673, 681, 689, 697, 706, 713]
[0, 658, 654, 649, 646, 627, 642, 638, 635, 632, 628, 625, 623, 620, 617, 616, 615, 613, 612, 0, 0, 407, 581, 0, 0, 0, 353, 346, 342, 341, 340, 340, 341, 343, 347, 356, 0, 0, 609, 611, 614, 617, 621, 625, 629, 633, 637, 643, 647, 652, 658, 663, 670, 677, 684, 692, 700, 707, 715, 706, 731]
[0, 658, 655, 651, 647, 643, 640, 637, 635, 632, 626, 625, 623, 621, 619, 617, 615, 614, 613, 0, 0, 0, 581, 0, 0, 0, 0, 414, 421, 424, 424, 423, 341, 420, 0, 356, 0, 0, 622, 626, 0, 634, 638, 625, 640, 648, 637, 653, 662, 652, 668, 674, 680, 686, 693, 702, 709, 715, 723, 731, 740]
[0, 659, 655, 651, 650, 646, 643, 639, 636, 634, 630, 627, 625, 621, 619, 618, 616, 614, 612, 0, 0, 407, 581, 0, 0, 0, 0, 414, 421, 424, 424, 423, 341, 421, 0, 356, 0, 0, 624, 626, 629, 0, 639, 642, 644, 649, 653, 653, 657, 662, 674, 674, 680, 687, 702, 702, 709, 715, 723, 731, 750]
[0, 667, 663, 658, 654, 651, 647, 644, 641, 634, 635, 632, 625, 630, 627, 625, 623, 621, 620, 619, 0, 0, 581, 401, 0, 0, 0, 416, 422, 424, 424, 423, 423, 420, 0, 356, 0, 0, 627, 0, 630, 633, 636, 640, 644, 648, 653, 657, 662, 667, 673, 679, 685, 692, 700, 707, 713, 721, 730, 738, 747]
[0, 678, 673, 668, 664, 661, 657, 653, 650, 648, 645, 643, 641, 638, 635, 633, 632, 631, 629, 628, 0, 0, 0, 406, 0, 0, 0, 414, 419, 423, 424, 423, 420, 416, 0, 0, 370, 0, 631, 635, 638, 640, 644, 648, 651, 655, 660, 664, 670, 675, 681, 687, 694, 701, 708, 715, 723, 731, 739, 748, 757]
[0, 678, 674, 670, 666, 662, 658, 654, 651, 649, 646, 643, 644, 641, 639, 636, 633, 632, 631, 630, 0, 0, 0, 408, 0, 0, 0, 0, 418, 421, 423, 423, 421, 417, 411, 0, 370, 0, 0, 644, 648, 651, 654, 657, 661, 664, 669, 673, 679, 685, 692, 699, 706, 712, 718, 725, 733, 742, 750, 759, 769]
[0, 693, 687, 682, 678, 675, 672, 669, 665, 661, 659, 656, 654, 652, 650, 636, 646, 645, 631, 644, 643, 642, 641, 408, 0, 0, 407, 414, 419, 422, 423, 423, 420, 416, 411, 0, 0, 0, 643, 646, 648, 652, 655, 659, 663, 667, 671, 677, 683, 689, 695, 701, 707, 714, 721, 729, 737, 745, 754, 763, 769]
[0, 693, 687, 682, 678, 675, 672, 668, 665, 661, 659, 656, 654, 652, 649, 647, 646, 645, 631, 644, 643, 642, 641, 408, 0, 0, 0, 414, 419, 422, 423, 423, 420, 416, 411, 0, 0, 0, 657, 659, 662, 665, 668, 671, 676, 680, 686, 692, 698, 703, 708, 715, 721, 729, 736, 744, 752, 761, 770, 780, 789]
[0, 708, 703, 699, 694, 675, 685, 681, 665, 679, 676, 674, 672, 670, 667, 665, 663, 662, 661, 660, 659, 658, 641, 408, 0, 0, 0, 414, 416, 421, 423, 422, 420, 416, 411, 0, 0, 0, 658, 659, 662, 665, 668, 671, 675, 680, 685, 692, 699, 703, 708, 714, 722, 729, 736, 744, 753, 761, 770, 780, 789]
[0, 713, 708, 703, 698, 695, 691, 686, 683, 680, 676, 677, 675, 673, 671, 668, 666, 665, 664, 663, 661, 660, 641, 408, 0, 0, 0, 414, 0, 417, 0, 421, 422, 419, 413, 0, 0, 0, 658, 674, 680, 0, 684, 693, 698, 703, 685, 708, 712, 717, 723, 730, 737, 745, 752, 760, 768, 777, 786, 796, 805]
[0, 717, 712, 708, 704, 695, 699, 695, 692, 689, 685, 683, 681, 679, 675, 673, 673, 671, 670, 669, 667, 665, 641, 408, 0, 0, 0, 412, 0, 0, 420, 421, 419, 0, 415, 0, 0, 0, 677, 680, 683, 686, 690, 695, 700, 706, 710, 715, 720, 726, 723, 739, 748, 745, 762, 770, 779, 777, 789, 798, 808]
[0, 724, 719, 714, 710, 705, 701, 698, 696, 692, 689, 686, 684, 682, 680, 678, 677, 676, 674, 674, 672, 671, 641, 408, 0, 0, 0, 416, 0, 0, 0, 420, 420, 418, 413, 0, 0, 0, 0, 684, 687, 690, 694, 698, 703, 708, 713, 717, 722, 729, 736, 743, 749, 756, 765, 772, 780, 790, 799, 808, 818]
[0, 726, 719, 715, 712, 707, 702, 699, 696, 693, 689, 687, 684, 682, 680, 678, 677, 676, 675, 674, 673, 671, 641, 408, 0, 0, 0, 413, 0, 0, 0, 419, 419, 416, 0, 0, 0, 0, 689, 691, 695, 699, 703, 708, 712, 716, 721, 727, 733, 738, 746, 753, 760, 767, 774, 783, 793, 802, 811, 821, 830]
[0, 734, 729, 724, 719, 714, 710, 708, 705, 701, 698, 695, 694, 691, 689, 678, 688, 685, 684, 682, 681, 680, 679, 408, 0, 0, 0, 414, 0, 0, 0, 419, 419, 416, 0, 0, 0, 0, 689, 692, 696, 700, 703, 708, 712, 716, 721, 727, 733, 739, 746, 753, 760, 767, 774, 783, 793, 802, 811, 821, 830]
[0, 732, 727, 722, 717, 714, 710, 708, 707, 703, 700, 697, 695, 692, 690, 688, 686, 685, 683, 681, 679, 679, 679, 408, 0, 0, 0, 415, 419, 421, 422, 419, 419, 415, 0, 0, 0, 0, 0, 701, 704, 708, 712, 717, 722, 727, 732, 737, 743, 751, 757, 764, 770, 767, 786, 783, 795, 815, 811, 832, 830]
[0, 740, 735, 730, 725, 720, 717, 714, 711, 703, 705, 697, 702, 700, 699, 696, 694, 692, 690, 689, 688, 686, 686, 408, 0, 0, 0, 411, 416, 420, 422, 422, 420, 417, 413, 405, 0, 697, 0, 699, 703, 706, 709, 714, 718, 723, 728, 733, 739, 746, 753, 760, 768, 775, 782, 790, 798, 808, 817, 825, 834]
[0, 743, 737, 733, 727, 721, 717, 714, 712, 709, 706, 704, 702, 699, 697, 695, 694, 692, 690, 689, 687, 687, 686, 408, 0, 0, 403, 416, 416, 421, 422, 422, 420, 418, 413, 406, 0, 704, 706, 709, 712, 716, 709, 720, 726, 731, 735, 741, 747, 753, 760, 767, 774, 782, 789, 798, 808, 816, 825, 834, 845]
[0, 765, 759, 754, 750, 745, 740, 736, 734, 731, 726, 724, 721, 719, 717, 695, 714, 713, 690, 712, 710, 710, 709, 408, 0, 0, 407, 414, 418, 421, 423, 422, 419, 416, 413, 411, 0, 0, 705, 708, 711, 715, 719, 723, 727, 732, 738, 745, 751, 756, 762, 769, 777, 785, 793, 802, 811, 819, 828, 837, 848]
[0, 776, 769, 754, 761, 745, 756, 751, 748, 744, 740, 737, 736, 734, 731, 729, 727, 725, 724, 722, 721, 720, 720, 709, 0, 0, 0, 415, 419, 421, 422, 421, 419, 417, 413, 0, 722, 725, 728, 731, 734, 739, 744, 749, 755, 759, 766, 772, 777, 784, 791, 799, 807, 815, 824, 831, 840, 850, 828, 861, 870]
[0, 776, 779, 774, 761, 769, 765, 761, 758, 755, 752, 748, 745, 742, 739, 737, 736, 734, 733, 732, 731, 730, 730, 720, 721, 0, 0, 415, 0, 421, 424, 424, 423, 0, 732, 735, 722, 737, 740, 744, 748, 752, 757, 762, 766, 771, 778, 784, 790, 797, 804, 811, 819, 826, 833, 842, 853, 863, 871, 881, 891]
[0, 785, 779, 773, 769, 769, 766, 761, 758, 754, 751, 748, 745, 743, 740, 737, 736, 734, 733, 732, 731, 731, 731, 731, 731, 730, 0, 415, 0, 421, 424, 736, 738, 0, 741, 0, 743, 746, 749, 753, 758, 762, 766, 771, 776, 781, 787, 794, 801, 807, 814, 822, 829, 835, 843, 854, 864, 873, 881, 890, 901]
[0, 789, 783, 777, 772, 767, 762, 759, 757, 752, 749, 747, 745, 742, 739, 737, 735, 734, 733, 732, 731, 730, 731, 731, 731, 730, 0, 415, 0, 421, 732, 735, 737, 739, 741, 743, 746, 749, 749, 752, 762, 762, 766, 770, 775, 781, 787, 794, 801, 807, 814, 821, 828, 835, 844, 854, 863, 872, 880, 888, 899]
[0, 788, 783, 777, 771, 767, 763, 759, 755, 752, 750, 747, 745, 742, 739, 737, 735, 734, 734, 733, 732, 731, 731, 731, 729, 730, 730, 415, 0, 421, 731, 733, 736, 738, 740, 741, 744, 747, 750, 754, 759, 764, 768, 773, 778, 783, 790, 795, 802, 808, 815, 823, 830, 838, 846, 856, 865, 874, 882, 892, 903]
[0, 798, 791, 785, 780, 776, 771, 768, 765, 763, 760, 757, 754, 750, 748, 746, 744, 734, 741, 740, 732, 739, 739, 731, 731, 730, 730, 415, 0, 421, 732, 734, 735, 737, 740, 742, 745, 749, 752, 756, 761, 765, 769, 774, 779, 784, 790, 798, 805, 810, 817, 825, 831, 838, 848, 858, 867, 875, 884, 893, 904]
[0, 803, 796, 785, 790, 785, 780, 778, 774, 770, 768, 766, 763, 761, 758, 755, 754, 754, 752, 751, 750, 749, 749, 739, 731, 739, 739, 739, 740, 740, 742, 744, 746, 747, 749, 752, 755, 757, 761, 765, 767, 772, 778, 783, 788, 794, 800, 806, 813, 819, 826, 833, 841, 850, 859, 867, 876, 885, 894, 904, 915]
[0, 803, 821, 814, 809, 805, 802, 799, 795, 791, 787, 784, 781, 779, 777, 775, 773, 772, 770, 768, 767, 767, 766, 748, 749, 750, 750, 750, 751, 752, 753, 756, 757, 758, 762, 764, 766, 769, 773, 777, 783, 787, 791, 797, 803, 794, 815, 821, 827, 833, 826, 840, 858, 866, 859, 874, 882, 890, 900, 910, 922]
[0, 833, 828, 824, 818, 813, 809, 806, 802, 799, 795, 793, 781, 790, 788, 785, 784, 782, 780, 779, 779, 779, 776, 765, 765, 765, 766, 768, 768, 769, 770, 772, 776, 778, 779, 781, 784, 788, 791, 795, 800, 806, 811, 797, 821, 794, 827, 839, 827, 846, 862, 840, 869, 877, 885, 893, 903, 913, 923, 934, 944]
[0, 833, 828, 824, 818, 812, 809, 806, 802, 799, 795, 792, 790, 788, 785, 784, 784, 782, 780, 779, 779, 778, 776, 776, 776, 776, 777, 778, 779, 779, 781, 783, 784, 788, 791, 792, 795, 798, 802, 807, 811, 815, 821, 826, 831, 836, 842, 849, 857, 865, 872, 878, 886, 894, 903, 912, 922, 933, 943, 953, 963]
[0, 856, 848, 842, 837, 832, 828, 825, 822, 818, 816, 813, 809, 807, 805, 804, 802, 801, 798, 798, 797, 795, 776, 775, 776, 776, 777, 778, 779, 779, 781, 782, 784, 788, 791, 792, 795, 798, 801, 806, 811, 815, 821, 827, 831, 835, 841, 849, 857, 865, 872, 878, 885, 893, 903, 912, 922, 933, 943, 953, 963]
[0, 856, 850, 843, 837, 832, 828, 825, 821, 818, 816, 812, 809, 807, 805, 804, 803, 800, 798, 798, 797, 795, 795, 797, 797, 776, 796, 798, 779, 798, 800, 802, 805, 807, 809, 812, 814, 817, 822, 826, 829, 833, 838, 844, 850, 856, 862, 868, 875, 881, 889, 896, 905, 915, 923, 932, 942, 952, 962, 974, 988]
[0, 881, 876, 870, 865, 861, 857, 853, 848, 844, 840, 837, 835, 833, 831, 829, 828, 827, 826, 824, 824, 823, 795, 796, 796, 796, 796, 798, 779, 799, 800, 802, 805, 807, 809, 812, 814, 817, 822, 826, 829, 833, 838, 844, 850, 856, 863, 868, 875, 881, 888, 896, 904, 914, 923, 932, 941, 951, 962, 974, 988]
[0, 878, 873, 868, 864, 860, 855, 851, 847, 844, 840, 837, 835, 833, 831, 831, 829, 827, 826, 825, 825, 824, 824, 825, 825, 796, 824, 798, 826, 828, 829, 830, 832, 834, 837, 839, 843, 848, 853, 857, 861, 866, 871, 875, 880, 885, 892, 898, 905, 913, 923, 932, 940, 948, 957, 967, 979, 991, 1001, 1012, 1025]
[0, 879, 874, 869, 865, 861, 857, 853, 848, 845, 840, 841, 837, 835, 833, 831, 829, 828, 827, 826, 825, 825, 826, 824, 824, 824, 825, 825, 826, 828, 829, 830, 832, 835, 837, 840, 844, 849, 853, 857, 861, 867, 872, 876, 882, 887, 892, 900, 907, 915, 923, 932, 942, 950, 958, 968, 981, 993, 1003, 1015, 1029]
[0, 892, 886, 881, 877, 873, 869, 853, 865, 862, 860, 856, 853, 851, 849, 845, 843, 843, 841, 840, 839, 837, 838, 827, 826, 825, 826, 827, 828, 829, 830, 832, 834, 836, 838, 842, 848, 851, 854, 859, 865, 869, 873, 879, 883, 889, 896, 902, 910, 919, 928, 937, 944, 952, 962, 973, 985, 995, 1004, 1018, 1032]
[0, 894, 886, 882, 877, 877, 875, 872, 869, 866, 864, 861, 858, 855, 853, 851, 849, 847, 846, 844, 844, 843, 838, 838, 838, 838, 839, 839, 840, 843, 846, 848, 850, 852, 856, 860, 864, 867, 872, 875, 880, 885, 889, 895, 901, 907, 914, 921, 928, 936, 944, 952, 961, 972, 983, 993, 1003, 1016, 1004, 1038, 1052]
[0, 903, 897, 891, 885, 881, 877, 873, 870, 868, 865, 862, 860, 857, 854, 853, 851, 848, 847, 847, 845, 845, 843, 843, 843, 843, 843, 844, 845, 848, 851, 854, 857, 859, 862, 865, 868, 872, 876, 880, 884, 890, 889, 895, 900, 913, 914, 928, 936, 936, 943, 950, 959, 969, 981, 991, 1001, 1013, 1025, 1037, 1049]
[0, 916, 910, 905, 900, 894, 889, 885, 883, 880, 877, 875, 873, 871, 869, 867, 867, 865, 863, 863, 862, 862, 845, 845, 845, 846, 848, 849, 850, 852, 853, 855, 860, 863, 865, 868, 868, 874, 876, 879, 883, 888, 893, 897, 903, 910, 917, 923, 930, 938, 946, 954, 963, 974, 986, 994, 1004, 1015, 1027, 1039, 1051]
[0, 927, 920, 915, 910, 904, 899, 895, 893, 889, 886, 884, 881, 880, 877, 876, 875, 865, 874, 873, 872, 872, 871, 862, 862, 862, 863, 849, 866, 852, 868, 869, 870, 873, 876, 879, 882, 886, 890, 894, 899, 905, 910, 916, 923, 931, 936, 943, 949, 955, 963, 974, 985, 995, 1005, 1015, 1025, 1036, 1051, 1064, 1077]
[0, 963, 956, 951, 945, 941, 938, 934, 931, 926, 923, 920, 917, 915, 913, 911, 909, 908, 907, 906, 906, 906, 871, 871, 872, 872, 873, 874, 875, 876, 877, 879, 881, 884, 887, 891, 894, 898, 903, 908, 913, 919, 925, 931, 937, 943, 949, 955, 962, 970, 980, 992, 1000, 1009, 1020, 1031, 1042, 1054, 1069, 1082, 1095]
[0, 964, 958, 951, 947, 943, 939, 935, 930, 925, 922, 920, 917, 915, 913, 912, 910, 909, 909, 908, 908, 907, 907, 907, 908, 909, 910, 874, 912, 914, 914, 916, 918, 920, 924, 927, 931, 936, 940, 944, 949, 954, 960, 969, 977, 983, 990, 998, 1005, 1013, 1022, 1032, 1040, 1050, 1063, 1073, 1085, 1098, 1113, 1128, 1144]
[0, 962, 955, 950, 946, 942, 939, 939, 936, 932, 927, 924, 923, 921, 919, 918, 916, 915, 915, 914, 913, 913, 908, 908, 907, 908, 909, 911, 913, 915, 915, 918, 921, 924, 928, 932, 936, 939, 943, 948, 954, 954, 959, 965, 973, 981, 988, 996, 1004, 1011, 1019, 1029, 1038, 1049, 1061, 1072, 1082, 1094, 1109, 1123, 1139]
[0, 976, 967, 961, 955, 950, 947, 944, 941, 939, 935, 932, 929, 927, 926, 923, 921, 915, 921, 921, 920, 919, 920, 915, 915, 916, 917, 919, 923, 925, 926, 927, 929, 933, 937, 940, 944, 948, 953, 959, 964, 969, 978, 986, 993, 999, 1005, 1013, 1021, 1030, 1039, 1050, 1062, 1072, 1083, 1095, 1107, 1122, 1138, 1153, 1167]
[0, 979, 970, 964, 957, 952, 948, 945, 943, 939, 935, 933, 930, 928, 925, 924, 923, 922, 921, 920, 919, 919, 920, 920, 921, 921, 923, 924, 926, 928, 929, 931, 933, 935, 938, 942, 945, 949, 954, 958, 963, 970, 976, 984, 991, 997, 1003, 1011, 1019, 1029, 1038, 1049, 1059, 1070, 1080, 1091, 1104, 1118, 1135, 1151, 1164]
[0, 1054, 1047, 1039, 1033, 1028, 1022, 1017, 1012, 1009, 1006, 1003, 1002, 1000, 999, 998, 997, 996, 996, 995, 994, 994, 920, 921, 921, 922, 923, 925, 926, 929, 930, 931, 932, 934, 937, 941, 944, 947, 952, 957, 962, 967, 973, 981, 989, 996, 1002, 1010, 1018, 1025, 1035, 1045, 1055, 1065, 1076, 1086, 1099, 1113, 1127, 1142, 1159]
[0, 1063, 1057, 1049, 1042, 1038, 1034, 1028, 1024, 1020, 1017, 1015, 1013, 1010, 1007, 1005, 1004, 1004, 1004, 1003, 1002, 1003, 994, 995, 996, 996, 997, 998, 998, 1000, 1003, 1005, 1008, 1012, 1017, 1021, 1025, 1030, 1036, 1041, 1048, 1056, 1061, 1068, 1076, 1084, 1093, 1102, 1112, 1122, 1132, 1145, 1157, 1170, 1183, 1196, 1210, 1224, 1239, 1254, 1272]
[0, 1064, 1057, 1050, 1044, 1039, 1034, 1029, 1024, 1020, 1018, 1015, 1012, 1010, 1009, 1007, 1005, 1005, 1005, 1004, 1004, 1004, 1004, 1005, 1006, 1005, 1005, 1007, 998, 1011, 1014, 1005, 1020, 1012, 1024, 1029, 1033, 1037, 1041, 1048, 1055, 1060, 1067, 1072, 1079, 1086, 1094, 1104, 1114, 1125, 1135, 1145, 1156, 1168, 1180, 1191, 1204, 1218, 1233, 1249, 1266]
[0, 1104, 1097, 1090, 1084, 1079, 1073, 1068, 1064, 1061, 1058, 1055, 1052, 1049, 1048, 1046, 1044, 1043, 1044, 1044, 1042, 1043, 1004, 1005, 1006, 1005, 1006, 1008, 1010, 1013, 1014, 1017, 1021, 1024, 1028, 1032, 1036, 1041, 1041, 1054, 1055, 1060, 1071, 1072, 1086, 1086, 1095, 1104, 1114, 1124, 1134, 1145, 1156, 1169, 1180, 1191, 1204, 1218, 1233, 1249, 1266]
[0, 1102, 1095, 1089, 1083, 1078, 1073, 1067, 1062, 1060, 1057, 1054, 1052, 1052, 1049, 1047, 1044, 1044, 1044, 1044, 1044, 1043, 1045, 1045, 1047, 1048, 1047, 1049, 1052, 1055, 1058, 1061, 1063, 1068, 1073, 1077, 1081, 1086, 1092, 1097, 1104, 1060, 1113, 1121, 1128, 1135, 1143, 1154, 1164, 1172, 1183, 1195, 1208, 1222, 1235, 1247, 1262, 1276, 1292, 1249, 1318]
[0, 1102, 1095, 1089, 1083, 1078, 1073, 1067, 1062, 1060, 1057, 1054, 1052, 1052, 1050, 1048, 1044, 1043, 1044, 1044, 1044, 1044, 1044, 1045, 1046, 1047, 1049, 1050, 1052, 1056, 1058, 1060, 1062, 1065, 1070, 1075, 1079, 1084, 1090, 1095, 1101, 1109, 1116, 1125, 1134, 1141, 1151, 1160, 1168, 1177, 1190, 1202, 1213, 1226, 1239, 1252, 1267, 1284, 1300, 1249, 1326]
[0, 1109, 1102, 1093, 1085, 1080, 1077, 1072, 1066, 1062, 1059, 1059, 1054, 1052, 1052, 1051, 1049, 1049, 1050, 1048, 1046, 1048, 1044, 1045, 1046, 1047, 1049, 1051, 1052, 1055, 1058, 1059, 1062, 1066, 1070, 1075, 1079, 1083, 1089, 1095, 1100, 1107, 1116, 1124, 1132, 1140, 1150, 1159, 1168, 1177, 1189, 1202, 1212, 1225, 1238, 1251, 1266, 1281, 1297, 1249, 1324]
[0, 1107, 1100, 1094, 1086, 1081, 1077, 1072, 1066, 1063, 1061, 1058, 1056, 1054, 1052, 1051, 1049, 1049, 1050, 1048, 1046, 1048, 1049, 1049, 1050, 1047, 1052, 1053, 1055, 1058, 1060, 1063, 1067, 1070, 1073, 1076, 1081, 1087, 1091, 1095, 1101, 1110, 1119, 1126, 1134, 1142, 1151, 1160, 1167, 1176, 1189, 1200, 1214, 1228, 1241, 1253, 1265, 1281, 1299, 1249, 1324]
[0, 1150, 1143, 1134, 1126, 1121, 1117, 1112, 1107, 1103, 1099, 1095, 1092, 1089, 1089, 1089, 1088, 1088, 1087, 1086, 1087, 1088, 1049, 1049, 1050, 1047, 1052, 1053, 1054, 1058, 1060, 1063, 1067, 1070, 1073, 1076, 1081, 1087, 1091, 1095, 1102, 1110, 1119, 1126, 1133, 1141, 1150, 1160, 1167, 1176, 1189, 1200, 1214, 1226, 1239, 1253, 1264, 1280, 1299, 1249, 1324]
[0, 1162, 1156, 1150, 1143, 1135, 1129, 1123, 1118, 1115, 1112, 1109, 1106, 1102, 1101, 1101, 1100, 1099, 1098, 1096, 1098, 1099, 1088, 1089, 1092, 1096, 1096, 1095, 1098, 1103, 1106, 1108, 1111, 1117, 1122, 1126, 1132, 1136, 1142, 1150, 1157, 1163, 1119, 1176, 1184, 1141, 1193, 1203, 1212, 1241, 1256, 1268, 1283, 1226, 1310, 1336, 1264, 1350, 1374, 1395, 1414]
[0, 1169, 1161, 1154, 1150, 1144, 1138, 1132, 1127, 1122, 1119, 1116, 1113, 1111, 1111, 1110, 1109, 1109, 1107, 1107, 1107, 1108, 1098, 1099, 1102, 1104, 1107, 1108, 1111, 1113, 1115, 1119, 1122, 1125, 1131, 1135, 1140, 1148, 1155, 1160, 1165, 1170, 1176, 1185, 1193, 1203, 1213, 1224, 1237, 1251, 1266, 1276, 1284, 1306, 1329, 1338, 1348, 1366, 1388, 1407, 1425]
[0, 1212, 1204, 1199, 1192, 1184, 1179, 1175, 1172, 1169, 1166, 1163, 1160, 1159, 1158, 1156, 1156, 1156, 1156, 1156, 1157, 1158, 1111, 1112, 1113, 1116, 1119, 1123, 1127, 1128, 1130, 1134, 1137, 1138, 1144, 1152, 1158, 1163, 1168, 1173, 1180, 1189, 1197, 1208, 1217, 1225, 1236, 1247, 1258, 1271, 1283, 1297, 1313, 1327, 1343, 1359, 1375, 1394, 1414, 1431, 1425]
[0, 1208, 1202, 1195, 1189, 1182, 1177, 1174, 1171, 1167, 1165, 1162, 1160, 1158, 1157, 1156, 1155, 1155, 1156, 1157, 1156, 1156, 1159, 1159, 1160, 1160, 1163, 1164, 1165, 1167, 1170, 1175, 1176, 1178, 1187, 1193, 1202, 1210, 1219, 1233, 1245, 1255, 1257, 1258, 1267, 1274, 1281, 1294, 1309, 1321, 1335, 1349, 1361, 1373, 1388, 1406, 1424, 1445, 1468, 1486, 1503]
[0, 1208, 1225, 1213, 1206, 1201, 1196, 1191, 1187, 1182, 1178, 1174, 1173, 1172, 1171, 1170, 1170, 1170, 1169, 1169, 1171, 1172, 1157, 1158, 1160, 1160, 1160, 1161, 1164, 1168, 1170, 1172, 1175, 1177, 1180, 1188, 1198, 1205, 1211, 1225, 1235, 1245, 1254, 1260, 1264, 1269, 1277, 1287, 1302, 1317, 1330, 1341, 1352, 1364, 1380, 1398, 1416, 1445, 1448, 1477, 1496]
[0, 1233, 1225, 1216, 1209, 1203, 1198, 1194, 1188, 1184, 1181, 1177, 1174, 1173, 1172, 1172, 1172, 1170, 1169, 1170, 1172, 1173, 1173, 1174, 1160, 1174, 1177, 1180, 1164, 1183, 1185, 1187, 1191, 1194, 1202, 1214, 1221, 1227, 1235, 1240, 1246, 1253, 1264, 1272, 1276, 1287, 1294, 1305, 1321, 1336, 1348, 1356, 1369, 1383, 1397, 1413, 1431, 1454, 1476, 1493, 1506]
[0, 1230, 1224, 1216, 1207, 1200, 1194, 1191, 1188, 1183, 1180, 1177, 1175, 1173, 1173, 1172, 1172, 1172, 1171, 1170, 1171, 1171, 1175, 1175, 1174, 1176, 1178, 1180, 1185, 1187, 1188, 1193, 1191, 1197, 1203, 1217, 1223, 1227, 1235, 1241, 1247, 1252, 1262, 1274, 1280, 1288, 1297, 1308, 1320, 1335, 1348, 1357, 1368, 1383, 1397, 1414, 1433, 1455, 1475, 1491, 1506]
[0, 1230, 1224, 1216, 1206, 1200, 1194, 1191, 1188, 1183, 1180, 1177, 1175, 1173, 1173, 1172, 1171, 1171, 1171, 1170, 1171, 1171, 1173, 1174, 1175, 1177, 1180, 1181, 1182, 1185, 1187, 1191, 1196, 1198, 1206, 1213, 1218, 1229, 1239, 1247, 1252, 1253, 1261, 1274, 1283, 1291, 1300, 1311, 1326, 1341, 1352, 1362, 1374, 1389, 1405, 1424, 1444, 1463, 1483, 1503, 1512]
[0, 1277, 1269, 1261, 1255, 1250, 1243, 1237, 1233, 1229, 1226, 1223, 1220, 1218, 1218, 1222, 1224, 1219, 1220, 1226, 1228, 1225, 1173, 1175, 1175, 1178, 1180, 1181, 1182, 1185, 1187, 1191, 1196, 1198, 1206, 1213, 1218, 1229, 1239, 1247, 1252, 1253, 1261, 1274, 1283, 1291, 1300, 1312, 1326, 1341, 1352, 1362, 1375, 1389, 1405, 1424, 1444, 1464, 1484, 1504, 1512]
[0, 1275, 1266, 1258, 1253, 1248, 1242, 1237, 1233, 1229, 1225, 1222, 1219, 1217, 1218, 1219, 1225, 1219, 1224, 1220, 1225, 1219, 1227, 1229, 1227, 1233, 1234, 1233, 1237, 1241, 1240, 1191, 1242, 1247, 1252, 1259, 1266, 1270, 1277, 1283, 1289, 1298, 1306, 1316, 1327, 1338, 1349, 1358, 1365, 1371, 1381, 1393, 1402, 1411, 1422, 1433, 1446, 1460, 1477, 1492, 1504]
[0, 1325, 1316, 1309, 1303, 1298, 1292, 1286, 1282, 1278, 1274, 1273, 1270, 1270, 1272, 1219, 1267, 1219, 1272, 1271, 1271, 1273, 1216, 1228, 1230, 1229, 1232, 1231, 1232, 1236, 1239, 1242, 1243, 1246, 1253, 1261, 1267, 1274, 1279, 1283, 1290, 1299, 1308, 1318, 1329, 1340, 1350, 1359, 1367, 1374, 1382, 1392, 1403, 1413, 1425, 1436, 1448, 1464, 1480, 1495, 1507]
[0, 1370, 1363, 1355, 1346, 1338, 1334, 1330, 1322, 1318, 1314, 1310, 1308, 1303, 1299, 1298, 1298, 1299, 1299, 1300, 1299, 1299, 1273, 1273, 1275, 1277, 1279, 1282, 1285, 1286, 1288, 1293, 1295, 1292, 1292, 1295, 1298, 1304, 1307, 1310, 1314, 1317, 1321, 1329, 1337, 1343, 1348, 1359, 1368, 1373, 1382, 1392, 1401, 1411, 1424, 1436, 1448, 1464, 1479, 1494, 1506]
[0, 1414, 1402, 1393, 1389, 1385, 1379, 1372, 1366, 1364, 1359, 1353, 1350, 1342, 1299, 1327, 1298, 1320, 1313, 1309, 1307, 1303, 1297, 1296, 1297, 1296, 1292, 1291, 1290, 1290, 1293, 1293, 1293, 1294, 1295, 1299, 1301, 1303, 1305, 1309, 1314, 1318, 1321, 1324, 1331, 1338, 1344, 1351, 1359, 1369, 1377, 1386, 1396, 1404, 1415, 1429, 1443, 1456, 1471, 1487, 1499]
[0, 1411, 1400, 1392, 1388, 1385, 1379, 1372, 1366, 1367, 1362, 1358, 1353, 1349, 1344, 1334, 1324, 1318, 1313, 1310, 1308, 1305, 1300, 1296, 1293, 1293, 1290, 1286, 1286, 1286, 1287, 1288, 1288, 1292, 1295, 1295, 1298, 1303, 1305, 1309, 1313, 1316, 1321, 1326, 1331, 1340, 1348, 1354, 1363, 1373, 1381, 1388, 1397, 1411, 1421, 1432, 1447, 1462, 1478, 1494, 1506]
[0, 1415, 1403, 1395, 1388, 1385, 1379, 1372, 1368, 1367, 1363, 1358, 1353, 1349, 1344, 1334, 1324, 1318, 1313, 1310, 1307, 1304, 1301, 1297, 1293, 1292, 1290, 1289, 1289, 1287, 1289, 1290, 1290, 1290, 1293, 1295, 1297, 1301, 1304, 1308, 1312, 1315, 1321, 1327, 1335, 1341, 1346, 1355, 1365, 1372, 1380, 1390, 1398, 1410, 1421, 1433, 1448, 1462, 1477, 1493, 1506]
[0, 1415, 1403, 1443, 1419, 1411, 1403, 1395, 1389, 1379, 1367, 1359, 1351, 1344, 1338, 1333, 1325, 1318, 1313, 1308, 1305, 1302, 1301, 1297, 1293, 1292, 1290, 1289, 1288, 1287, 1289, 1289, 1290, 1290, 1293, 1295, 1297, 1301, 1303, 1308, 1312, 1316, 1321, 1327, 1335, 1342, 1347, 1354, 1364, 1372, 1380, 1389, 1398, 1408, 1419, 1433, 1447, 1462, 1479, 1495, 1507]
[0, 1415, 1447, 1424, 1414, 1406, 1399, 1395, 1384, 1368, 1359, 1354, 1351, 1349, 1341, 1329, 1322, 1319, 1314, 1310, 1308, 1304, 1297, 1293, 1293, 1295, 1292, 1290, 1290, 1289, 1289, 1289, 1292, 1293, 1294, 1298, 1300, 1302, 1305, 1309, 1312, 1318, 1321, 1323, 1330, 1336, 1342, 1351, 1360, 1370, 1376, 1384, 1393, 1404, 1414, 1427, 1442, 1454, 1467, 1484, 1501]
[0, 1415, 1452, 1427, 1415, 1406, 1400, 1395, 1387, 1373, 1363, 1356, 1350, 1344, 1334, 1327, 1321, 1319, 1310, 1310, 1306, 1302, 1300, 1296, 1293, 1292, 1290, 1289, 1288, 1287, 1288, 1289, 1289, 1290, 1292, 1294, 1297, 1301, 1304, 1308, 1312, 1316, 1320, 1326, 1335, 1341, 1347, 1355, 1364, 1373, 1380, 1390, 1400, 1409, 1420, 1433, 1447, 1462, 1479, 1495, 1501]
[0, 1470, 1455, 1442, 1427, 1414, 1403, 1391, 1381, 1372, 1363, 1355, 1347, 1340, 1335, 1327, 1319, 1314, 1311, 1307, 1301, 1302, 1300, 1296, 1293, 1293, 1289, 1285, 1286, 1286, 1287, 1288, 1287, 1289, 1292, 1294, 1297, 1298, 1301, 1308, 1313, 1316, 1320, 1326, 1334, 1342, 1347, 1355, 1363, 1372, 1380, 1388, 1397, 1410, 1421, 1432, 1447, 1462, 1478, 1493, 1505]
[0, 1476, 1460, 1445, 1431, 1416, 1404, 1397, 1387, 1375, 1367, 1359, 1351, 1343, 1338, 1328, 1320, 1317, 1313, 1308, 1305, 1301, 1295, 1292, 1293, 1289, 1287, 1287, 1286, 1284, 1286, 1287, 1287, 1289, 1291, 1293, 1297, 1299, 1301, 1307, 1308, 1312, 1319, 1323, 1329, 1339, 1346, 1352, 1359, 1366, 1376, 1386, 1395, 1404, 1415, 1426, 1440, 1454, 1471, 1487, 1501]
[0, 1466, 1450, 1436, 1422, 1410, 1399, 1389, 1378, 1368, 1361, 1355, 1349, 1339, 1331, 1326, 1320, 1314, 1310, 1306, 1305, 1302, 1297, 1294, 1290, 1287, 1288, 1286, 1287, 1286, 1286, 1286, 1287, 1290, 1294, 1294, 1294, 1299, 1302, 1306, 1312, 1315, 1319, 1324, 1334, 1339, 1343, 1350, 1356, 1362, 1372, 1382, 1392, 1402, 1414, 1424, 1435, 1449, 1465, 1483, 1497]
[0, 1463, 1448, 1431, 1418, 1409, 1399, 1388, 1378, 1368, 1359, 1353, 1349, 1345, 1337, 1330, 1322, 1318, 1313, 1307, 1302, 1301, 1299, 1295, 1292, 1292, 1289, 1285, 1286, 1285, 1286, 1287, 1287, 1288, 1289, 1291, 1293, 1296, 1300, 1304, 1306, 1312, 1316, 1319, 1327, 1335, 1341, 1347, 1356, 1368, 1377, 1381, 1393, 1406, 1415, 1426, 1439, 1454, 1470, 1485, 1501]
[0, 1473, 1457, 1444, 1429, 1415, 1404, 1395, 1385, 1375, 1366, 1358, 1350, 1343, 1334, 1325, 1320, 1317, 1312, 1308, 1304, 1300, 1299, 1295, 1292, 1291, 1289, 1285, 1284, 1285, 1283, 1284, 1286, 1288, 1289, 1290, 1294, 1298, 1299, 1305, 1309, 1312, 1319, 1322, 1325, 1333, 1340, 1349, 1361, 1368, 1376, 1388, 1397, 1406, 1417, 1428, 1443, 1457, 1469, 1488, 1505]
[0, 1467, 1452, 1438, 1423, 1413, 1402, 1389, 1380, 1371, 1362, 1354, 1347, 1338, 1332, 1326, 1319, 1314, 1310, 1306, 1301, 1300, 1296, 1293, 1289, 1287, 1288, 1286, 1284, 1284, 1285, 1286, 1287, 1287, 1288, 1291, 1293, 1297, 1301, 1304, 1308, 1313, 1318, 1324, 1331, 1333, 1339, 1346, 1352, 1362, 1372, 1381, 1391, 1401, 1412, 1423, 1435, 1449, 1464, 1482, 1496]
[0, 1472, 1456, 1441, 1426, 1415, 1402, 1392, 1382, 1371, 1364, 1357, 1348, 1341, 1335, 1326, 1320, 1315, 1310, 1303, 1299, 1297, 1295, 1291, 1289, 1289, 1286, 1287, 1286, 1283, 1283, 1284, 1286, 1286, 1286, 1289, 1293, 1296, 1300, 1303, 1305, 1310, 1315, 1319, 1327, 1334, 1341, 1348, 1353, 1362, 1372, 1382, 1392, 1404, 1413, 1425, 1439, 1450, 1467, 1486, 1499]
[0, 1462, 1447, 1431, 1418, 1407, 1395, 1384, 1382, 1376, 1367, 1358, 1349, 1342, 1333, 1325, 1321, 1317, 1312, 1306, 1303, 1299, 1295, 1293, 1291, 1289, 1288, 1286, 1284, 1283, 1284, 1286, 1287, 1288, 1289, 1291, 1293, 1297, 1300, 1301, 1304, 1310, 1314, 1318, 1324, 1332, 1339, 1344, 1353, 1363, 1372, 1382, 1391, 1401, 1412, 1423, 1435, 1449, 1465, 1481, 1494]
[0, 1467, 1451, 1437, 1423, 1413, 1401, 1390, 1381, 1371, 1362, 1355, 1347, 1337, 1328, 1323, 1318, 1313, 1309, 1305, 1300, 1297, 1295, 1294, 1290, 1286, 1286, 1285, 1284, 1283, 1281, 1281, 1282, 1286, 1287, 1290, 1295, 1299, 1299, 1300, 1304, 1309, 1314, 1319, 1324, 1331, 1343, 1353, 1359, 1368, 1379, 1388, 1398, 1412, 1430, 1446, 1460, 1475, 1489, 1491, 1498]
[0, 1468, 1453, 1440, 1428, 1415, 1404, 1394, 1384, 1374, 1366, 1355, 1347, 1341, 1333, 1324, 1319, 1315, 1311, 1306, 1302, 1299, 1294, 1290, 1288, 1286, 1283, 1283, 1284, 1283, 1281, 1284, 1284, 1284, 1286, 1287, 1291, 1295, 1297, 1300, 1304, 1305, 1310, 1318, 1324, 1328, 1335, 1346, 1355, 1362, 1372, 1382, 1396, 1411, 1427, 1442, 1454, 1469, 1485, 1499, 1505]
[0, 1463, 1451, 1440, 1425, 1413, 1401, 1391, 1382, 1371, 1361, 1351, 1345, 1340, 1331, 1323, 1320, 1315, 1307, 1301, 1298, 1297, 1293, 1290, 1288, 1285, 1282, 1281, 1281, 1282, 1283, 1282, 1285, 1286, 1287, 1291, 1293, 1297, 1301, 1308, 1316, 1323, 1329, 1336, 1342, 1348, 1354, 1363, 1373, 1384, 1395, 1407, 1418, 1428, 1439, 1449, 1459, 1476, 1495, 1502, 1505]
[0, 1466, 1449, 1435, 1422, 1408, 1398, 1389, 1379, 1370, 1361, 1354, 1346, 1337, 1329, 1322, 1318, 1311, 1304, 1300, 1297, 1297, 1295, 1293, 1289, 1287, 1287, 1285, 1283, 1282, 1284, 1283, 1283, 1287, 1289, 1294, 1299, 1305, 1309, 1314, 1315, 1319, 1329, 1328, 1342, 1348, 1350, 1355, 1361, 1375, 1388, 1397, 1409, 1421, 1429, 1441, 1453, 1463, 1478, 1497, 0]
[0, 1462, 1445, 1433, 1420, 1408, 1399, 1388, 1377, 1368, 1359, 1353, 1343, 1334, 1330, 1321, 1315, 1311, 1313, 1307, 1301, 1299, 1291, 1290, 1285, 1287, 1282, 1283, 1283, 1284, 1283, 1283, 1284, 1285, 1286, 1290, 1296, 1302, 1309, 1314, 1317, 1319, 1323, 1330, 1339, 1346, 1353, 1360, 1367, 1378, 1391, 1401, 1412, 1423, 1433, 1443, 1455, 1469, 1484, 1499, 1505]
[0, 1462, 1456, 1439, 1426, 1414, 1402, 1390, 1382, 1373, 1365, 1356, 1346, 1341, 1333, 1324, 1319, 1315, 1311, 1305, 1302, 1298, 1295, 1290, 1287, 1284, 1284, 1284, 1285, 1284, 1284, 1286, 1286, 1287, 1291, 1293, 1297, 1304, 1308, 1310, 1314, 1319, 1324, 1330, 1339, 1348, 1354, 1361, 1371, 1384, 1392, 1400, 1412, 1423, 1434, 1444, 1457, 1472, 1483, 1499, 1509]
[0, 1462, 1455, 1440, 1427, 1414, 1401, 1390, 1382, 1373, 1365, 1355, 1346, 1337, 1329, 1323, 1319, 1316, 1311, 1305, 1303, 1298, 1292, 1291, 1290, 1290, 1291, 1292, 1296, 1297, 1298, 1298, 1298, 1298, 1301, 1304, 1307, 1310, 1312, 1313, 1317, 1323, 1329, 1335, 1342, 1348, 1355, 1363, 1373, 1384, 1394, 1406, 1415, 1425, 1438, 1449, 1460, 1474, 1491, 1488, 1492]
[0, 1464, 1449, 1437, 1423, 1409, 1398, 1389, 1380, 1371, 1362, 1354, 1346, 1337, 1328, 1323, 1318, 1313, 1309, 1305, 1300, 1297, 1295, 1294, 1293, 1293, 1292, 1293, 1297, 1297, 1298, 1298, 1297, 1299, 1302, 1304, 1306, 1309, 1311, 1316, 1320, 1323, 1326, 1330, 1340, 1349, 1354, 1362, 1372, 1385, 1394, 1405, 1414, 1424, 1435, 1446, 1460, 1473, 1485, 1499, 1506]
[0, 1462, 1449, 1435, 1422, 1409, 1398, 1388, 1379, 1370, 1361, 1353, 1346, 1342, 1340, 1336, 1329, 1323, 1319, 1316, 1313, 1310, 1294, 1292, 1291, 1293, 1296, 1295, 1296, 1299, 1297, 1297, 1300, 1302, 1303, 1306, 1309, 1309, 1311, 1315, 1320, 1323, 1326, 1335, 1342, 1350, 1355, 1362, 1375, 1385, 1385, 1405, 1416, 1428, 1435, 1451, 1463, 1473, 1477, 1517, 1521]
[0, 1462, 1448, 1435, 1421, 1408, 1398, 1388, 1379, 1370, 1361, 1356, 1354, 1350, 1343, 1336, 1332, 1325, 1319, 1316, 1313, 1309, 1307, 1305, 1303, 1301, 1299, 1296, 1295, 1297, 1297, 1298, 1300, 1299, 1303, 1305, 1309, 1309, 1311, 1313, 1316, 1319, 1323, 1327, 1334, 1344, 1351, 1358, 1366, 1376, 1388, 1398, 1408, 1416, 1426, 1440, 1453, 1465, 1480, 1492, 1504]
[0, 1457, 1444, 1430, 1418, 1407, 1395, 1385, 1376, 1367, 1362, 1358, 1353, 1346, 1343, 1340, 1335, 1331, 1324, 1318, 1316, 1312, 1307, 1305, 1303, 1301, 1298, 1296, 1295, 1297, 1297, 1298, 1300, 1300, 1301, 1305, 1306, 1309, 1307, 1311, 1315, 1319, 1323, 1327, 1334, 1344, 1351, 1358, 1366, 1376, 1388, 1398, 1406, 1414, 1426, 1440, 1452, 1463, 1478, 1492, 1507]
[0, 1487, 1471, 1456, 1443, 1431, 1424, 1415, 1402, 1390, 1382, 1371, 1361, 1354, 1349, 1341, 1332, 1328, 1323, 1319, 1314, 1310, 1308, 1306, 1305, 1304, 1303, 1300, 1298, 1298, 1299, 1297, 1300, 1301, 1302, 1304, 1305, 1309, 1310, 1313, 1317, 1320, 1324, 1330, 1337, 1345, 1353, 1361, 1371, 1383, 1391, 1400, 1412, 1423, 1434, 1444, 1457, 1471, 1483, 1499, 1508]
[0, 1477, 1465, 1453, 1443, 1433, 1418, 1405, 1396, 1388, 1379, 1366, 1354, 1350, 1344, 1337, 1330, 1328, 1328, 1322, 1315, 1312, 1305, 1303, 1303, 1300, 1297, 1297, 1296, 1296, 1298, 1298, 1296, 1296, 1300, 1300, 1303, 1309, 1311, 1313, 1317, 1322, 1328, 1334, 1342, 1348, 1354, 1362, 1373, 1384, 1395, 1405, 1416, 1427, 1439, 1451, 1462, 1473, 1487, 1499, 1487]
[0, 1479, 1468, 1456, 1441, 1429, 1419, 1406, 1396, 1390, 1380, 1367, 1357, 1350, 1345, 1337, 1331, 1326, 1321, 1315, 1311, 1312, 1308, 1306, 1304, 1301, 1300, 1300, 1298, 1296, 1297, 1297, 1299, 1300, 1301, 1303, 1305, 1307, 1308, 1313, 1314, 1317, 1323, 1330, 1338, 1345, 1352, 1357, 1364, 1375, 1387, 1400, 1412, 1422, 1433, 1443, 1454, 1468, 1483, 1495, 1502]
[0, 1479, 1468, 1456, 1441, 1429, 1419, 1406, 1396, 1390, 1380, 1366, 1357, 1350, 1344, 1337, 1331, 1325, 1319, 1316, 1312, 1308, 1308, 1306, 1305, 1301, 1300, 1300, 1298, 1297, 1298, 1298, 1299, 1301, 1303, 1303, 1305, 1308, 1304, 1308, 1314, 1317, 1323, 1331, 1338, 1345, 1350, 1358, 1366, 1376, 1388, 1397, 1408, 1420, 1430, 1439, 1453, 1466, 1481, 1494, 1504]
[0, 1486, 1471, 1456, 1446, 1437, 1426, 1415, 1401, 1390, 1383, 1373, 1362, 1354, 1348, 1340, 1333, 1326, 1321, 1316, 1315, 1311, 1306, 1304, 1302, 1300, 1299, 1297, 1296, 1298, 1298, 1298, 1298, 1300, 1300, 1300, 1304, 1306, 1304, 1308, 1315, 1318, 1323, 1329, 1336, 1343, 1350, 1357, 1366, 1376, 1388, 1397, 1406, 1418, 1429, 1440, 1452, 1464, 1478, 1492, 0]
