[0, 0, 0, 0, 0, 0, 0, 0, 0, 0, 0, 0, 0, 0, 0, 0, 0, 0, 0, 0, 0, 0, 0, 0, 0, 0, 0, 0, 0, 0, 0, 0, 0, 0, 0, 0, 0, 0, 0, 0, 0, 0, 0, 0, 0, 0, 0, 0, 0, 0, 0, 0, 0, 0, 0, 0, 0, 0, 0, 0, 0]
[0, 544, 540, 540, 536, 531, 527, 520, 520, 514, 512, 509, 506, 505, 502, 499, 498, 496, 495, 494, 492, 491, 490, 490, 489, 488, 487, 488, 489, 489, 489, 490, 490, 491, 493, 494, 494, 494, 497, 498, 499, 501, 503, 505, 508, 511, 515, 520, 522, 526, 529, 532, 537, 541, 545, 549, 554, 559, 563, 568, 574]
[0, 550, 545, 540, 536, 528, 527, 521, 520, 517, 514, 511, 509, 503, 501, 499, 498, 496, 495, 494, 492, 491, 490, 490, 489, 488, 488, 487, 488, 488, 489, 490, 490, 491, 492, 493, 494, 495, 497, 498, 499, 501, 503, 505, 508, 511, 516, 520, 522, 526, 529, 533, 537, 541, 545, 550, 554, 559, 563, 569, 574]
[0, 549, 543, 539, 535, 531, 527, 523, 519, 516, 513, 511, 508, 505, 503, 501, 500, 498, 496, 493, 492, 492, 491, 490, 489, 488, 488, 488, 488, 488, 489, 490, 490, 491, 493, 494, 494, 495, 497, 498, 499, 501, 503, 505, 509, 511, 513, 516, 524, 526, 529, 533, 537, 540, 546, 550, 554, 559, 564, 569, 575]
[0, 547, 541, 537, 533, 529, 525, 522, 519, 515, 512, 510, 508, 506, 502, 500, 499, 497, 495, 494, 492, 492, 490, 490, 489, 488, 487, 487, 487, 487, 488, 488, 489, 491, 493, 493, 495, 496, 496, 498, 500, 502, 504, 506, 509, 511, 513, 516, 519, 522, 526, 531, 534, 542, 547, 551, 554, 560, 566, 571, 577]
[0, 548, 544, 539, 534, 531, 526, 523, 520, 516, 513, 511, 507, 505, 503, 500, 499, 497, 496, 494, 493, 493, 491, 490, 490, 489, 488, 488, 488, 488, 488, 489, 490, 490, 491, 493, 494, 495, 495, 497, 499, 501, 503, 508, 511, 513, 515, 519, 523, 526, 529, 533, 537, 541, 545, 550, 554, 559, 564, 569, 574]
[0, 549, 544, 540, 535, 531, 527, 523, 520, 516, 513, 511, 508, 506, 504, 501, 500, 498, 495, 493, 493, 492, 491, 490, 488, 488, 488, 487, 488, 488, 488, 489, 490, 489, 490, 494, 495, 496, 497, 498, 500, 502, 504, 507, 509, 512, 515, 517, 521, 524, 527, 530, 534, 539, 544, 547, 553, 562, 566, 573, 579]
[0, 548, 544, 539, 534, 531, 527, 523, 519, 516, 513, 511, 507, 504, 502, 500, 499, 497, 496, 494, 493, 492, 491, 490, 488, 488, 487, 487, 487, 488, 488, 489, 489, 491, 492, 493, 495, 496, 497, 498, 500, 502, 504, 506, 509, 511, 513, 517, 519, 523, 526, 531, 538, 542, 547, 551, 555, 560, 566, 571, 577]
[0, 549, 544, 540, 535, 530, 526, 524, 521, 516, 513, 512, 509, 507, 505, 502, 501, 499, 498, 497, 495, 494, 493, 492, 489, 488, 488, 487, 489, 488, 488, 488, 490, 490, 492, 494, 495, 496, 497, 498, 500, 502, 504, 507, 509, 512, 515, 518, 520, 524, 527, 532, 536, 539, 544, 547, 553, 558, 562, 567, 581]
[0, 547, 542, 540, 538, 530, 524, 524, 519, 515, 512, 510, 509, 506, 505, 502, 500, 498, 497, 495, 494, 493, 493, 492, 491, 491, 491, 491, 490, 490, 490, 491, 492, 493, 495, 494, 496, 497, 499, 501, 503, 505, 506, 509, 512, 514, 517, 520, 525, 528, 532, 535, 538, 542, 546, 551, 556, 560, 565, 571, 577]
[0, 555, 551, 546, 542, 538, 533, 529, 526, 524, 520, 517, 515, 513, 510, 508, 506, 504, 503, 500, 494, 499, 498, 498, 491, 491, 490, 489, 489, 490, 490, 491, 492, 492, 493, 495, 496, 496, 498, 500, 502, 504, 506, 508, 509, 512, 515, 521, 525, 529, 532, 536, 540, 544, 548, 553, 558, 562, 567, 573, 580]
[0, 552, 548, 544, 539, 535, 531, 527, 524, 522, 519, 515, 513, 511, 509, 506, 505, 503, 502, 500, 500, 499, 498, 497, 497, 497, 496, 496, 496, 496, 497, 498, 498, 498, 499, 501, 502, 503, 505, 506, 508, 511, 513, 514, 517, 519, 523, 526, 528, 532, 536, 544, 540, 551, 556, 553, 564, 570, 577, 583, 589]
[0, 556, 552, 546, 543, 534, 531, 530, 527, 524, 520, 517, 515, 513, 511, 509, 505, 503, 502, 500, 500, 499, 498, 497, 497, 497, 496, 496, 496, 496, 497, 497, 497, 498, 498, 500, 501, 502, 504, 505, 507, 509, 511, 514, 518, 519, 521, 528, 531, 535, 538, 542, 546, 550, 554, 558, 563, 568, 574, 580, 586]
[0, 557, 552, 552, 543, 539, 536, 533, 529, 526, 523, 521, 518, 517, 515, 512, 510, 508, 507, 506, 505, 503, 503, 503, 497, 497, 496, 496, 496, 496, 497, 498, 498, 499, 500, 501, 502, 503, 505, 506, 508, 510, 512, 515, 517, 520, 523, 526, 528, 532, 536, 544, 546, 551, 555, 560, 565, 570, 576, 582, 588]
[0, 560, 556, 551, 547, 543, 539, 536, 532, 528, 525, 523, 522, 519, 515, 512, 510, 508, 507, 506, 504, 503, 503, 503, 502, 501, 501, 501, 501, 501, 501, 502, 503, 503, 504, 505, 507, 508, 509, 511, 515, 510, 517, 522, 525, 527, 530, 534, 537, 541, 545, 549, 553, 557, 560, 565, 570, 576, 582, 593, 599]
[0, 559, 555, 551, 546, 542, 538, 535, 531, 528, 525, 522, 520, 518, 515, 513, 512, 510, 508, 507, 504, 503, 503, 503, 502, 502, 501, 501, 501, 502, 502, 502, 503, 503, 505, 506, 507, 509, 510, 512, 514, 515, 518, 520, 522, 526, 529, 535, 538, 542, 546, 550, 554, 558, 562, 566, 572, 578, 584, 590, 595]
[0, 561, 556, 552, 543, 542, 536, 535, 529, 526, 525, 521, 518, 518, 514, 512, 510, 508, 507, 506, 505, 503, 503, 503, 502, 502, 501, 501, 502, 502, 502, 502, 503, 503, 505, 506, 507, 509, 510, 512, 514, 515, 518, 520, 522, 526, 529, 535, 538, 542, 546, 550, 554, 558, 562, 566, 572, 578, 584, 590, 595]
[0, 559, 555, 551, 547, 542, 538, 535, 532, 528, 525, 522, 520, 518, 515, 513, 512, 510, 508, 507, 504, 503, 503, 503, 502, 501, 501, 501, 501, 501, 501, 502, 503, 503, 504, 505, 507, 509, 510, 511, 515, 515, 517, 522, 525, 527, 530, 533, 538, 542, 545, 548, 553, 556, 560, 565, 570, 576, 582, 588, 599]
[0, 559, 555, 551, 546, 542, 538, 534, 531, 528, 525, 522, 519, 516, 515, 513, 512, 508, 508, 506, 504, 504, 503, 502, 502, 502, 501, 501, 501, 501, 502, 502, 503, 504, 505, 506, 508, 509, 511, 512, 514, 516, 518, 520, 523, 529, 530, 533, 538, 542, 546, 550, 554, 558, 563, 567, 572, 578, 584, 590, 595]
[0, 558, 554, 549, 545, 542, 538, 534, 531, 528, 524, 522, 520, 517, 516, 514, 512, 510, 509, 507, 506, 505, 504, 503, 502, 502, 502, 502, 501, 502, 502, 502, 503, 504, 505, 507, 508, 509, 511, 512, 514, 516, 519, 521, 523, 529, 530, 535, 538, 543, 547, 550, 554, 558, 563, 567, 572, 578, 584, 590, 596]
[0, 559, 555, 551, 546, 542, 538, 535, 531, 528, 525, 522, 519, 516, 515, 512, 512, 510, 508, 505, 506, 503, 503, 503, 503, 503, 502, 502, 503, 503, 503, 503, 504, 504, 506, 508, 509, 511, 512, 513, 515, 518, 520, 522, 525, 527, 530, 533, 540, 544, 547, 551, 554, 559, 563, 567, 573, 579, 584, 590, 596]
[0, 566, 561, 557, 553, 549, 546, 542, 539, 536, 532, 530, 527, 525, 523, 521, 519, 517, 514, 513, 512, 511, 510, 502, 502, 502, 503, 502, 501, 502, 502, 503, 504, 505, 505, 507, 508, 509, 511, 512, 514, 517, 521, 522, 526, 530, 531, 534, 537, 541, 546, 550, 553, 558, 561, 566, 572, 577, 588, 590, 599]
[0, 566, 561, 557, 553, 549, 546, 542, 538, 535, 532, 530, 527, 523, 521, 521, 517, 515, 514, 512, 512, 511, 510, 509, 509, 508, 508, 508, 508, 509, 509, 509, 510, 511, 512, 513, 514, 515, 517, 521, 514, 525, 527, 529, 532, 536, 538, 542, 547, 550, 553, 557, 560, 564, 568, 573, 578, 590, 595, 600, 606]
[0, 574, 570, 565, 561, 557, 553, 546, 538, 544, 537, 530, 532, 531, 529, 526, 525, 523, 522, 521, 520, 519, 518, 517, 509, 508, 508, 508, 508, 509, 509, 509, 510, 511, 512, 513, 514, 515, 519, 521, 514, 525, 527, 529, 533, 535, 538, 542, 547, 549, 552, 556, 560, 564, 568, 579, 578, 584, 595, 600, 607]
[0, 575, 570, 565, 561, 557, 553, 550, 546, 544, 537, 534, 532, 530, 528, 526, 525, 523, 521, 520, 519, 519, 518, 517, 517, 516, 515, 515, 515, 515, 516, 516, 518, 511, 519, 521, 523, 524, 526, 528, 530, 532, 534, 537, 540, 542, 545, 548, 552, 559, 563, 566, 571, 575, 581, 586, 591, 596, 601, 606, 612]
[0, 575, 570, 565, 561, 557, 549, 546, 544, 544, 537, 534, 532, 530, 528, 526, 525, 523, 522, 520, 519, 518, 517, 517, 517, 515, 515, 515, 515, 515, 516, 517, 517, 519, 520, 521, 521, 524, 526, 528, 529, 531, 534, 537, 540, 542, 545, 548, 552, 556, 559, 566, 570, 575, 581, 586, 591, 596, 601, 607, 613]
[0, 591, 585, 580, 576, 567, 563, 560, 557, 554, 551, 548, 546, 544, 542, 540, 538, 536, 535, 534, 532, 530, 530, 529, 516, 515, 515, 515, 515, 515, 515, 516, 517, 519, 520, 521, 523, 524, 526, 528, 530, 531, 534, 536, 539, 542, 545, 551, 552, 555, 562, 565, 569, 574, 579, 584, 590, 595, 600, 605, 611]
[0, 590, 584, 578, 574, 570, 565, 562, 559, 556, 553, 550, 548, 546, 543, 538, 537, 536, 535, 534, 532, 531, 530, 529, 528, 527, 527, 528, 528, 528, 529, 530, 530, 531, 533, 534, 535, 536, 537, 540, 542, 544, 546, 550, 553, 542, 560, 563, 566, 570, 575, 579, 583, 587, 592, 597, 601, 607, 613, 624, 631]
[0, 591, 586, 581, 577, 573, 569, 565, 561, 558, 556, 553, 551, 549, 546, 544, 542, 540, 539, 535, 535, 534, 533, 529, 528, 527, 527, 528, 528, 528, 529, 530, 531, 532, 533, 534, 535, 536, 537, 540, 542, 544, 546, 548, 553, 557, 560, 563, 566, 570, 575, 579, 583, 587, 592, 596, 607, 612, 618, 624, 631]
[0, 597, 593, 589, 584, 580, 575, 572, 568, 564, 559, 557, 554, 552, 550, 548, 546, 544, 542, 541, 540, 539, 537, 536, 532, 531, 531, 531, 531, 531, 532, 533, 533, 534, 536, 538, 539, 540, 542, 544, 546, 547, 549, 552, 556, 558, 561, 567, 571, 575, 578, 583, 587, 591, 596, 601, 607, 617, 618, 630, 636]
[0, 598, 593, 589, 584, 580, 575, 568, 564, 561, 559, 557, 554, 552, 550, 548, 546, 544, 542, 541, 540, 538, 537, 536, 536, 536, 535, 536, 537, 536, 537, 537, 538, 539, 540, 541, 543, 544, 546, 548, 549, 553, 557, 559, 561, 564, 567, 570, 574, 578, 582, 586, 591, 600, 604, 609, 615, 620, 625, 632, 639]
[0, 606, 602, 597, 592, 589, 585, 581, 578, 571, 568, 565, 563, 561, 558, 556, 555, 554, 552, 550, 549, 548, 547, 546, 536, 536, 535, 535, 536, 536, 537, 537, 539, 540, 541, 542, 543, 545, 546, 547, 549, 554, 557, 559, 561, 564, 567, 571, 575, 578, 582, 587, 591, 596, 605, 610, 615, 620, 626, 632, 639]
[0, 610, 605, 600, 596, 592, 588, 585, 581, 578, 575, 571, 569, 567, 564, 561, 559, 556, 555, 554, 552, 551, 550, 549, 545, 545, 545, 545, 545, 545, 546, 547, 548, 549, 550, 551, 552, 553, 556, 560, 549, 563, 566, 568, 571, 575, 578, 582, 585, 589, 593, 601, 591, 606, 614, 619, 624, 630, 636, 637, 637]
[0, 612, 607, 603, 598, 594, 590, 584, 580, 577, 574, 571, 568, 565, 563, 561, 560, 558, 556, 553, 552, 551, 551, 549, 549, 549, 549, 549, 549, 550, 550, 551, 552, 553, 554, 555, 557, 558, 561, 563, 565, 567, 569, 572, 576, 579, 582, 588, 585, 596, 600, 605, 609, 613, 617, 621, 626, 631, 632, 634, 637]
[0, 622, 618, 613, 605, 600, 596, 594, 591, 587, 584, 581, 579, 577, 574, 569, 560, 565, 564, 563, 562, 561, 560, 559, 549, 549, 549, 549, 549, 549, 550, 551, 552, 553, 554, 556, 557, 558, 559, 561, 563, 567, 570, 573, 576, 579, 582, 585, 592, 596, 600, 605, 609, 613, 617, 621, 626, 631, 632, 634, 637]
[0, 619, 615, 610, 606, 602, 598, 595, 592, 589, 587, 584, 577, 575, 572, 570, 568, 566, 564, 563, 562, 561, 560, 559, 558, 558, 558, 559, 559, 559, 560, 560, 561, 562, 563, 563, 566, 568, 571, 573, 576, 578, 580, 583, 588, 591, 595, 598, 601, 606, 610, 613, 616, 623, 623, 622, 624, 628, 630, 633, 636]
[0, 619, 615, 610, 606, 602, 598, 595, 592, 589, 587, 580, 577, 575, 572, 570, 568, 566, 564, 563, 562, 560, 560, 560, 559, 559, 559, 559, 559, 559, 559, 561, 562, 563, 564, 564, 566, 568, 570, 572, 575, 579, 581, 584, 586, 590, 593, 596, 603, 608, 611, 615, 618, 621, 624, 624, 628, 629, 631, 634, 637]
[0, 627, 622, 617, 613, 609, 605, 601, 595, 589, 589, 586, 583, 580, 578, 577, 574, 572, 570, 568, 566, 565, 564, 559, 559, 558, 558, 558, 559, 559, 559, 561, 562, 563, 563, 564, 566, 568, 569, 575, 577, 579, 581, 584, 586, 590, 593, 596, 599, 608, 611, 614, 617, 621, 624, 624, 628, 629, 631, 634, 636]
[0, 627, 626, 621, 617, 612, 609, 606, 603, 599, 596, 593, 588, 586, 584, 582, 579, 577, 576, 574, 573, 570, 569, 563, 563, 563, 563, 563, 563, 564, 565, 566, 566, 567, 568, 570, 571, 573, 578, 580, 582, 584, 587, 589, 592, 598, 593, 605, 608, 612, 615, 618, 621, 620, 620, 622, 626, 628, 630, 631, 635]
[0, 631, 626, 621, 616, 612, 609, 606, 602, 599, 594, 592, 589, 586, 584, 582, 580, 578, 576, 573, 572, 570, 569, 568, 568, 568, 568, 569, 569, 569, 569, 570, 571, 572, 574, 575, 577, 579, 584, 586, 588, 589, 591, 594, 597, 603, 606, 609, 612, 616, 620, 620, 619, 620, 621, 623, 625, 627, 629, 631, 633]
[0, 648, 644, 640, 635, 630, 625, 621, 614, 611, 608, 605, 603, 600, 598, 596, 594, 591, 589, 588, 588, 587, 585, 585, 570, 568, 569, 568, 569, 570, 571, 571, 571, 572, 573, 576, 578, 580, 583, 585, 587, 589, 593, 596, 599, 602, 605, 609, 612, 618, 620, 619, 618, 619, 619, 622, 625, 625, 631, 632, 634]
[0, 651, 646, 641, 633, 627, 623, 619, 616, 613, 610, 604, 602, 599, 597, 596, 594, 592, 591, 588, 586, 586, 585, 584, 585, 584, 584, 584, 584, 584, 585, 586, 587, 588, 590, 591, 592, 593, 595, 599, 602, 605, 607, 609, 611, 614, 616, 615, 614, 614, 615, 614, 616, 618, 619, 620, 622, 624, 626, 628, 634]
[0, 651, 646, 638, 633, 627, 623, 619, 616, 613, 610, 604, 602, 600, 598, 596, 594, 592, 589, 588, 588, 586, 585, 584, 583, 584, 584, 583, 584, 584, 585, 586, 586, 588, 590, 591, 592, 593, 598, 600, 602, 604, 607, 609, 613, 615, 616, 615, 615, 615, 615, 616, 617, 618, 618, 620, 622, 627, 629, 630, 632]
[0, 649, 645, 640, 637, 632, 622, 618, 615, 612, 609, 606, 604, 600, 597, 596, 594, 592, 590, 589, 586, 586, 585, 584, 585, 584, 584, 583, 584, 584, 585, 586, 587, 588, 589, 591, 592, 595, 597, 600, 602, 604, 606, 609, 613, 615, 616, 614, 614, 614, 615, 616, 618, 619, 619, 620, 623, 625, 627, 630, 633]
[0, 648, 644, 639, 634, 630, 625, 621, 614, 611, 608, 605, 603, 600, 598, 596, 593, 591, 589, 588, 587, 587, 585, 585, 584, 584, 585, 585, 585, 585, 585, 586, 587, 589, 590, 592, 593, 594, 596, 600, 602, 605, 607, 609, 612, 614, 615, 614, 613, 614, 615, 615, 617, 618, 618, 620, 622, 624, 626, 631, 633]
[0, 667, 662, 654, 649, 645, 641, 637, 633, 630, 626, 623, 617, 615, 613, 610, 609, 608, 606, 604, 602, 601, 601, 586, 585, 584, 584, 583, 584, 584, 585, 585, 587, 588, 590, 591, 592, 593, 597, 600, 602, 604, 607, 609, 611, 615, 616, 615, 615, 615, 615, 615, 617, 618, 618, 620, 622, 624, 626, 630, 632]
[0, 683, 672, 667, 662, 658, 654, 650, 646, 644, 637, 623, 631, 628, 625, 623, 621, 619, 618, 617, 615, 615, 614, 600, 600, 600, 599, 600, 600, 599, 600, 601, 602, 603, 604, 608, 609, 611, 612, 614, 616, 617, 615, 612, 614, 613, 612, 612, 613, 614, 613, 615, 616, 617, 618, 619, 620, 621, 624, 628, 632]
[0, 678, 674, 668, 663, 658, 654, 650, 647, 643, 637, 634, 631, 628, 625, 623, 621, 619, 617, 617, 615, 614, 614, 613, 612, 612, 611, 612, 612, 613, 613, 614, 615, 616, 618, 619, 620, 621, 617, 614, 614, 613, 612, 612, 611, 611, 611, 612, 611, 611, 612, 615, 615, 614, 616, 618, 619, 621, 625, 626, 628]
[0, 681, 677, 673, 667, 662, 658, 654, 651, 648, 645, 638, 636, 633, 631, 627, 625, 624, 623, 621, 619, 618, 618, 613, 612, 612, 611, 611, 612, 613, 613, 614, 615, 616, 617, 618, 619, 621, 618, 616, 615, 613, 612, 612, 611, 610, 611, 611, 611, 611, 611, 613, 613, 615, 617, 618, 619, 621, 623, 626, 630]
[0, 685, 679, 674, 669, 665, 661, 652, 649, 645, 643, 640, 637, 634, 631, 628, 624, 623, 621, 620, 619, 619, 618, 617, 615, 615, 616, 616, 616, 616, 617, 619, 620, 620, 621, 621, 622, 621, 615, 615, 613, 613, 612, 611, 610, 610, 610, 611, 611, 611, 611, 612, 613, 614, 616, 617, 619, 621, 624, 626, 628]
[0, 692, 686, 681, 676, 671, 666, 662, 658, 651, 648, 645, 643, 641, 638, 636, 634, 632, 630, 629, 626, 625, 625, 616, 616, 616, 615, 615, 616, 616, 617, 617, 618, 619, 621, 621, 620, 617, 616, 616, 614, 613, 612, 612, 611, 610, 611, 611, 610, 611, 611, 612, 613, 615, 617, 618, 619, 621, 623, 625, 628]
[0, 690, 684, 679, 674, 669, 665, 661, 656, 653, 649, 647, 644, 642, 637, 635, 633, 631, 629, 628, 627, 626, 624, 624, 623, 622, 623, 623, 623, 623, 617, 624, 625, 626, 626, 623, 620, 619, 617, 614, 613, 613, 612, 611, 610, 610, 609, 609, 610, 611, 611, 612, 612, 613, 614, 616, 618, 621, 622, 626, 628]
[0, 709, 704, 699, 694, 688, 683, 678, 675, 671, 668, 665, 660, 658, 655, 653, 651, 649, 648, 646, 646, 644, 643, 643, 623, 623, 622, 623, 623, 623, 624, 624, 625, 626, 627, 625, 618, 617, 616, 615, 614, 613, 612, 611, 610, 610, 610, 610, 610, 610, 611, 612, 612, 614, 615, 616, 617, 619, 623, 625, 628]
[0, 712, 708, 703, 692, 687, 683, 678, 673, 670, 667, 665, 662, 658, 655, 653, 651, 649, 648, 645, 645, 644, 643, 642, 642, 642, 642, 641, 641, 639, 636, 633, 627, 626, 621, 620, 619, 616, 615, 614, 613, 611, 610, 609, 608, 608, 608, 608, 609, 609, 609, 611, 611, 613, 614, 615, 617, 618, 619, 624, 626]
[0, 723, 718, 713, 705, 701, 695, 690, 686, 683, 680, 675, 672, 670, 667, 665, 663, 660, 659, 657, 656, 655, 655, 654, 643, 642, 642, 641, 640, 638, 633, 631, 629, 626, 624, 620, 618, 617, 615, 614, 613, 611, 610, 609, 608, 609, 609, 609, 609, 610, 611, 611, 612, 612, 613, 616, 617, 619, 621, 623, 625]
[0, 724, 715, 711, 706, 702, 698, 693, 684, 681, 679, 675, 673, 671, 667, 665, 664, 662, 660, 657, 656, 655, 654, 654, 652, 652, 648, 643, 640, 635, 633, 629, 627, 624, 620, 619, 617, 616, 614, 612, 611, 611, 609, 609, 610, 608, 607, 608, 609, 609, 608, 609, 610, 611, 613, 614, 616, 618, 621, 624, 626]
[0, 724, 715, 710, 706, 702, 698, 694, 689, 682, 679, 676, 673, 668, 667, 665, 664, 661, 658, 657, 656, 655, 654, 654, 653, 652, 648, 643, 641, 638, 632, 629, 627, 624, 621, 618, 617, 616, 613, 612, 612, 610, 609, 609, 609, 607, 607, 608, 607, 607, 608, 610, 612, 613, 614, 614, 617, 618, 620, 623, 625]
[0, 737, 732, 727, 722, 714, 710, 707, 704, 700, 696, 690, 687, 685, 684, 682, 678, 675, 674, 672, 669, 667, 666, 653, 653, 653, 650, 647, 639, 636, 633, 631, 628, 626, 621, 619, 618, 616, 612, 611, 610, 610, 609, 608, 608, 607, 607, 607, 608, 607, 608, 608, 610, 611, 613, 614, 615, 617, 620, 623, 625]
[0, 745, 739, 733, 724, 719, 716, 712, 708, 702, 699, 696, 694, 692, 687, 686, 683, 681, 677, 675, 672, 669, 665, 662, 656, 653, 646, 643, 640, 637, 634, 628, 626, 624, 621, 618, 616, 614, 612, 611, 609, 608, 607, 608, 608, 606, 605, 605, 606, 606, 608, 608, 609, 609, 612, 613, 615, 617, 621, 622, 624]
[0, 754, 744, 739, 734, 729, 720, 717, 713, 709, 707, 703, 700, 697, 696, 694, 688, 686, 684, 682, 678, 671, 662, 662, 653, 650, 646, 643, 640, 638, 630, 627, 626, 624, 619, 616, 615, 613, 612, 610, 610, 608, 607, 608, 606, 606, 605, 605, 606, 607, 607, 608, 609, 609, 612, 613, 614, 616, 618, 622, 623]
[0, 767, 756, 750, 745, 741, 737, 733, 729, 723, 720, 718, 715, 713, 711, 708, 701, 694, 688, 676, 671, 666, 662, 659, 656, 652, 644, 641, 638, 635, 632, 626, 624, 622, 619, 617, 614, 613, 611, 610, 609, 608, 607, 607, 607, 607, 606, 606, 606, 607, 607, 608, 609, 610, 610, 611, 614, 616, 618, 619, 624]
[0, 780, 775, 768, 762, 757, 753, 748, 743, 739, 735, 729, 715, 719, 711, 703, 698, 690, 684, 678, 672, 669, 665, 658, 654, 648, 645, 641, 635, 631, 628, 626, 622, 620, 619, 617, 615, 612, 609, 608, 607, 607, 607, 605, 605, 606, 605, 604, 605, 606, 606, 607, 607, 610, 612, 612, 613, 613, 616, 618, 620]
[0, 789, 775, 769, 763, 758, 754, 750, 745, 741, 736, 732, 728, 722, 713, 706, 700, 692, 686, 681, 674, 669, 664, 660, 656, 650, 645, 641, 638, 635, 628, 625, 622, 619, 616, 615, 614, 611, 610, 610, 608, 606, 605, 606, 605, 605, 605, 604, 605, 606, 606, 606, 607, 608, 608, 609, 613, 615, 617, 619, 621]
[0, 795, 787, 780, 775, 770, 765, 760, 755, 752, 747, 742, 733, 718, 710, 703, 696, 689, 683, 677, 671, 667, 662, 659, 656, 651, 642, 639, 636, 632, 628, 625, 622, 620, 618, 616, 613, 611, 610, 610, 609, 607, 605, 605, 604, 604, 604, 604, 604, 605, 606, 606, 607, 608, 608, 609, 611, 615, 617, 619, 622]
[0, 798, 790, 776, 770, 766, 763, 758, 753, 749, 744, 740, 732, 721, 713, 706, 699, 692, 685, 680, 674, 669, 664, 657, 652, 648, 643, 640, 637, 633, 628, 625, 623, 620, 618, 614, 613, 612, 608, 607, 607, 606, 605, 605, 604, 604, 603, 603, 604, 605, 604, 605, 606, 608, 610, 612, 612, 613, 616, 618, 621]
[0, 799, 792, 786, 779, 774, 769, 765, 760, 755, 747, 737, 729, 721, 713, 706, 699, 692, 686, 680, 673, 668, 664, 658, 655, 651, 646, 639, 635, 631, 628, 625, 622, 619, 616, 615, 613, 611, 609, 608, 607, 606, 605, 605, 605, 605, 605, 604, 604, 604, 605, 606, 606, 607, 608, 609, 611, 613, 615, 617, 620]
[0, 805, 797, 790, 784, 778, 772, 769, 758, 754, 746, 735, 727, 720, 711, 703, 696, 690, 685, 678, 671, 667, 662, 658, 654, 650, 642, 639, 634, 631, 628, 624, 621, 618, 617, 615, 613, 611, 608, 607, 607, 606, 605, 605, 605, 604, 603, 604, 604, 604, 605, 606, 606, 606, 608, 609, 611, 612, 614, 617, 620]
[0, 808, 803, 797, 790, 784, 779, 774, 765, 753, 746, 737, 729, 721, 713, 706, 698, 691, 684, 678, 673, 668, 663, 657, 654, 650, 645, 641, 638, 634, 629, 625, 621, 618, 615, 614, 612, 609, 609, 608, 606, 605, 605, 605, 604, 604, 604, 603, 603, 604, 604, 605, 606, 607, 608, 610, 612, 613, 614, 616, 619]
[0, 820, 813, 807, 802, 796, 789, 783, 772, 750, 746, 732, 725, 717, 709, 703, 695, 688, 682, 676, 671, 665, 661, 658, 654, 650, 645, 641, 633, 630, 627, 624, 621, 618, 616, 615, 613, 610, 608, 608, 607, 606, 605, 604, 603, 602, 603, 603, 604, 604, 604, 605, 606, 608, 609, 609, 610, 611, 613, 618, 620]
[0, 828, 816, 810, 805, 797, 787, 775, 764, 753, 745, 735, 727, 720, 712, 704, 697, 690, 684, 679, 674, 667, 658, 657, 651, 648, 644, 640, 636, 629, 625, 623, 620, 618, 615, 613, 610, 609, 608, 607, 606, 605, 605, 604, 602, 602, 602, 603, 603, 603, 603, 604, 605, 606, 606, 608, 609, 613, 615, 618, 620]
[0, 828, 817, 811, 805, 798, 788, 775, 764, 754, 745, 735, 726, 719, 712, 704, 697, 690, 684, 673, 674, 662, 658, 654, 650, 645, 641, 637, 634, 630, 626, 623, 620, 619, 617, 615, 612, 610, 608, 606, 604, 604, 603, 603, 603, 602, 602, 603, 603, 603, 604, 605, 606, 606, 607, 609, 611, 613, 614, 616, 619]
[0, 850, 840, 828, 816, 804, 792, 781, 760, 750, 740, 731, 723, 715, 708, 701, 694, 687, 681, 674, 668, 665, 662, 653, 649, 646, 642, 637, 634, 630, 627, 625, 621, 618, 617, 615, 611, 609, 608, 605, 604, 603, 604, 604, 603, 602, 602, 603, 602, 603, 604, 604, 605, 606, 608, 609, 611, 613, 614, 616, 619]
[0, 850, 840, 828, 816, 804, 781, 770, 760, 750, 740, 731, 723, 715, 708, 701, 694, 687, 681, 674, 668, 665, 662, 656, 650, 643, 641, 636, 631, 627, 623, 621, 618, 616, 614, 612, 610, 608, 607, 605, 604, 603, 603, 602, 601, 600, 600, 601, 601, 601, 602, 603, 605, 607, 608, 608, 609, 612, 614, 615, 618]
[0, 852, 837, 824, 811, 799, 787, 776, 765, 755, 738, 729, 723, 712, 705, 699, 691, 684, 678, 673, 667, 662, 658, 656, 650, 646, 641, 636, 631, 627, 623, 621, 618, 616, 614, 612, 611, 608, 607, 604, 603, 603, 603, 602, 601, 600, 600, 601, 602, 602, 602, 603, 604, 605, 607, 608, 609, 612, 613, 615, 618]
[0, 846, 832, 820, 808, 795, 784, 773, 763, 752, 744, 734, 726, 718, 709, 695, 688, 684, 676, 671, 666, 661, 656, 655, 650, 644, 640, 636, 634, 631, 624, 621, 617, 614, 612, 611, 610, 608, 607, 605, 605, 605, 604, 604, 602, 602, 601, 601, 602, 603, 603, 603, 605, 605, 606, 608, 609, 613, 613, 616, 620]
[0, 851, 837, 824, 811, 798, 787, 776, 766, 755, 746, 728, 721, 712, 705, 698, 691, 684, 678, 672, 667, 662, 658, 652, 647, 643, 639, 636, 632, 628, 625, 621, 620, 618, 614, 610, 608, 606, 605, 604, 603, 602, 601, 600, 600, 600, 601, 601, 601, 602, 601, 602, 603, 605, 605, 606, 607, 610, 614, 618, 628]
[0, 851, 837, 824, 811, 798, 787, 776, 766, 746, 736, 728, 721, 712, 705, 698, 691, 684, 678, 673, 667, 662, 657, 653, 648, 644, 640, 636, 633, 626, 623, 620, 617, 615, 612, 611, 609, 607, 606, 604, 602, 603, 602, 601, 601, 600, 600, 599, 600, 600, 601, 603, 603, 603, 604, 606, 610, 613, 616, 621, 626]
[0, 842, 828, 816, 804, 792, 780, 770, 760, 750, 741, 733, 725, 716, 707, 701, 694, 687, 680, 668, 665, 660, 656, 653, 649, 641, 637, 636, 629, 626, 623, 620, 618, 615, 612, 610, 609, 608, 606, 604, 603, 602, 601, 601, 601, 600, 600, 600, 601, 601, 601, 602, 603, 604, 606, 608, 609, 612, 614, 618, 624]
[0, 849, 836, 823, 811, 798, 786, 776, 765, 746, 741, 728, 720, 712, 704, 697, 690, 684, 678, 672, 666, 661, 657, 651, 646, 642, 639, 635, 632, 627, 623, 620, 618, 615, 614, 611, 607, 606, 605, 604, 603, 603, 601, 600, 600, 600, 600, 599, 599, 600, 601, 602, 604, 606, 608, 612, 616, 620, 625, 629, 638]
[0, 848, 835, 823, 810, 798, 786, 776, 765, 755, 736, 727, 719, 711, 704, 697, 690, 684, 678, 672, 666, 661, 657, 653, 649, 644, 640, 636, 629, 625, 621, 618, 617, 614, 612, 610, 609, 607, 606, 604, 603, 602, 600, 600, 600, 600, 599, 600, 600, 600, 600, 601, 603, 605, 608, 614, 618, 622, 627, 631, 635]
[0, 849, 834, 822, 810, 798, 786, 775, 764, 745, 736, 727, 720, 711, 704, 697, 690, 683, 677, 671, 666, 661, 657, 652, 648, 644, 640, 636, 629, 625, 622, 619, 616, 614, 612, 610, 609, 607, 605, 604, 602, 602, 602, 600, 599, 600, 600, 599, 599, 600, 601, 603, 603, 605, 609, 611, 620, 624, 628, 632, 636]
[0, 841, 829, 817, 804, 791, 780, 769, 760, 750, 740, 731, 724, 716, 707, 700, 687, 681, 674, 668, 664, 660, 654, 653, 649, 645, 640, 632, 628, 625, 621, 618, 616, 614, 612, 610, 608, 607, 605, 604, 602, 602, 600, 599, 599, 599, 599, 599, 599, 599, 600, 601, 603, 606, 608, 615, 618, 623, 627, 632, 635]
[0, 841, 828, 816, 804, 791, 780, 769, 759, 749, 740, 731, 723, 715, 707, 701, 694, 680, 673, 668, 664, 660, 654, 648, 645, 642, 638, 635, 631, 627, 623, 620, 617, 613, 612, 608, 607, 606, 604, 603, 602, 600, 600, 600, 599, 599, 599, 599, 601, 604, 606, 609, 612, 615, 619, 623, 626, 628, 629, 631, 638]
[0, 840, 828, 816, 803, 791, 780, 770, 759, 749, 739, 731, 723, 714, 707, 700, 694, 687, 673, 668, 664, 659, 653, 648, 645, 641, 638, 634, 631, 627, 623, 620, 617, 613, 611, 608, 606, 605, 604, 603, 602, 601, 600, 600, 599, 599, 599, 601, 602, 604, 606, 609, 612, 615, 619, 623, 625, 627, 630, 634, 637]
[0, 847, 834, 821, 808, 796, 784, 763, 753, 743, 733, 725, 718, 711, 703, 696, 688, 682, 677, 671, 664, 660, 655, 648, 645, 642, 637, 634, 630, 627, 623, 619, 617, 613, 611, 609, 607, 605, 604, 603, 602, 601, 600, 599, 599, 599, 599, 599, 602, 603, 605, 609, 612, 615, 619, 623, 625, 626, 631, 633, 636]
[0, 844, 830, 817, 805, 792, 780, 769, 759, 750, 739, 731, 723, 715, 707, 698, 686, 682, 679, 667, 662, 657, 653, 652, 646, 637, 634, 630, 626, 624, 621, 617, 614, 613, 611, 609, 607, 605, 604, 603, 603, 602, 606, 608, 610, 611, 613, 614, 615, 616, 616, 617, 617, 618, 620, 622, 626, 628, 629, 632, 635]
[0, 838, 824, 811, 798, 785, 773, 763, 752, 743, 734, 725, 717, 709, 702, 695, 688, 680, 673, 669, 665, 659, 653, 648, 645, 640, 636, 631, 627, 625, 621, 617, 614, 612, 611, 609, 607, 605, 603, 604, 604, 604, 606, 608, 610, 611, 613, 614, 615, 616, 616, 617, 618, 618, 620, 622, 623, 625, 630, 633, 635]
[0, 842, 828, 816, 804, 791, 780, 769, 757, 747, 739, 730, 720, 712, 705, 697, 690, 683, 676, 669, 664, 659, 655, 650, 645, 639, 635, 631, 628, 626, 622, 619, 616, 611, 611, 608, 608, 610, 610, 611, 612, 612, 613, 615, 614, 614, 613, 613, 615, 615, 616, 617, 618, 619, 619, 622, 624, 625, 630, 633, 635]
[0, 845, 831, 816, 804, 791, 779, 769, 757, 747, 738, 730, 720, 712, 705, 697, 690, 683, 676, 669, 664, 659, 655, 650, 645, 637, 635, 633, 626, 622, 619, 616, 613, 611, 610, 609, 609, 610, 610, 611, 612, 612, 614, 615, 614, 614, 614, 614, 615, 615, 616, 616, 618, 619, 622, 622, 625, 625, 630, 633, 635]
[0, 844, 830, 816, 804, 791, 779, 768, 757, 747, 738, 730, 720, 711, 704, 696, 690, 683, 676, 669, 664, 659, 655, 650, 645, 641, 633, 633, 629, 625, 619, 617, 614, 611, 610, 609, 609, 610, 610, 611, 612, 612, 614, 615, 614, 614, 614, 614, 614, 615, 615, 617, 618, 620, 622, 624, 625, 627, 629, 632, 635]
[0, 836, 823, 811, 797, 785, 773, 762, 752, 743, 733, 725, 717, 709, 702, 695, 686, 679, 673, 667, 661, 657, 653, 650, 645, 637, 633, 633, 629, 625, 619, 617, 614, 611, 611, 610, 609, 610, 610, 611, 612, 612, 614, 615, 614, 614, 614, 614, 614, 614, 615, 616, 618, 619, 622, 623, 625, 627, 629, 632, 635]
[0, 840, 827, 814, 800, 787, 775, 763, 753, 743, 734, 725, 717, 708, 701, 694, 688, 681, 674, 668, 663, 659, 654, 650, 646, 644, 643, 641, 640, 639, 638, 637, 632, 611, 630, 628, 622, 610, 618, 611, 616, 616, 615, 615, 614, 613, 612, 613, 614, 615, 616, 616, 617, 617, 619, 621, 623, 626, 629, 633, 635]
[0, 844, 829, 816, 803, 789, 778, 766, 756, 747, 738, 728, 719, 711, 703, 696, 689, 683, 671, 668, 665, 662, 661, 650, 647, 644, 643, 640, 640, 639, 638, 635, 632, 630, 628, 625, 622, 622, 620, 618, 616, 615, 615, 614, 614, 614, 613, 613, 614, 615, 616, 616, 615, 616, 619, 621, 623, 624, 626, 629, 633]
[0, 832, 818, 806, 803, 782, 770, 758, 748, 738, 729, 720, 712, 704, 697, 690, 683, 678, 674, 670, 667, 664, 663, 660, 659, 657, 653, 649, 647, 643, 638, 636, 633, 631, 628, 626, 623, 621, 619, 617, 616, 615, 614, 614, 613, 612, 612, 613, 614, 614, 614, 615, 617, 619, 620, 622, 625, 625, 627, 631, 634]
[0, 831, 818, 806, 792, 781, 770, 758, 748, 738, 729, 720, 712, 704, 697, 691, 687, 683, 680, 677, 674, 672, 670, 661, 660, 658, 654, 651, 647, 643, 639, 635, 632, 630, 628, 626, 623, 621, 619, 617, 616, 615, 614, 613, 612, 612, 612, 612, 613, 613, 614, 616, 617, 619, 620, 621, 624, 625, 627, 631, 634]
[0, 837, 822, 809, 796, 785, 774, 762, 751, 741, 732, 723, 715, 707, 699, 694, 688, 684, 681, 678, 675, 672, 670, 666, 662, 657, 654, 650, 646, 642, 639, 636, 633, 631, 628, 627, 624, 621, 619, 617, 616, 615, 614, 613, 612, 612, 612, 612, 614, 614, 614, 615, 616, 619, 621, 623, 624, 626, 628, 631, 633]
[0, 844, 828, 816, 804, 791, 767, 762, 747, 737, 732, 719, 715, 703, 699, 691, 688, 683, 680, 676, 673, 672, 670, 668, 662, 658, 655, 652, 648, 644, 640, 638, 635, 632, 629, 627, 624, 621, 619, 618, 616, 615, 614, 613, 612, 612, 614, 612, 613, 613, 614, 615, 616, 617, 618, 620, 623, 625, 627, 629, 632]
[0, 829, 828, 805, 804, 792, 781, 756, 747, 737, 728, 720, 715, 704, 697, 691, 687, 683, 680, 677, 674, 672, 670, 666, 661, 657, 653, 649, 646, 642, 638, 636, 633, 631, 628, 627, 624, 620, 618, 617, 616, 615, 614, 614, 612, 612, 612, 613, 614, 614, 614, 616, 617, 618, 620, 622, 624, 626, 628, 630, 633]
[0, 833, 819, 808, 796, 784, 771, 760, 751, 743, 737, 732, 727, 722, 718, 714, 707, 700, 693, 687, 681, 675, 671, 666, 661, 657, 653, 650, 647, 642, 639, 635, 633, 631, 628, 626, 623, 621, 619, 617, 616, 615, 614, 613, 612, 612, 613, 613, 613, 614, 615, 615, 616, 618, 619, 621, 623, 625, 627, 630, 631]
[0, 835, 822, 809, 795, 784, 773, 764, 756, 749, 744, 739, 733, 726, 721, 715, 707, 700, 694, 688, 681, 675, 670, 666, 661, 658, 654, 651, 648, 644, 640, 637, 634, 632, 629, 627, 624, 621, 619, 616, 616, 615, 614, 612, 612, 612, 612, 611, 612, 613, 614, 615, 615, 617, 619, 621, 622, 624, 626, 629, 632]
[0, 831, 818, 805, 792, 781, 770, 760, 754, 747, 742, 737, 737, 732, 720, 711, 705, 698, 692, 686, 680, 674, 670, 665, 662, 658, 654, 651, 647, 644, 640, 636, 634, 632, 630, 626, 623, 619, 619, 616, 614, 613, 612, 612, 612, 613, 612, 612, 613, 613, 614, 614, 614, 616, 619, 620, 622, 624, 626, 629, 632]
[0, 833, 820, 808, 795, 784, 774, 767, 761, 755, 749, 744, 732, 729, 726, 714, 707, 700, 693, 687, 681, 675, 670, 665, 661, 657, 654, 650, 647, 643, 639, 635, 633, 631, 628, 626, 623, 620, 619, 617, 615, 614, 612, 612, 612, 612, 613, 612, 613, 613, 613, 615, 616, 617, 618, 620, 623, 625, 627, 629, 632]
[0, 838, 825, 813, 799, 787, 778, 770, 763, 757, 751, 746, 739, 730, 723, 716, 708, 695, 689, 684, 681, 678, 673, 668, 661, 657, 653, 650, 647, 643, 640, 637, 634, 631, 626, 623, 623, 621, 619, 617, 615, 614, 612, 611, 612, 612, 612, 612, 613, 612, 614, 615, 615, 616, 618, 621, 622, 624, 627, 630, 631]
[0, 834, 822, 812, 805, 798, 790, 783, 774, 763, 753, 744, 736, 728, 721, 714, 705, 698, 693, 687, 681, 675, 670, 663, 658, 656, 652, 649, 645, 642, 637, 635, 633, 630, 627, 625, 622, 619, 618, 617, 615, 613, 612, 612, 612, 612, 612, 611, 611, 613, 614, 614, 615, 618, 619, 620, 622, 625, 628, 630, 632]
[0, 843, 828, 816, 802, 798, 788, 783, 779, 772, 750, 744, 733, 728, 718, 710, 704, 698, 690, 684, 679, 674, 670, 665, 661, 658, 655, 650, 647, 643, 639, 636, 634, 631, 629, 621, 620, 619, 617, 615, 614, 613, 612, 611, 612, 612, 612, 611, 611, 612, 613, 615, 616, 616, 618, 620, 623, 622, 623, 629, 631]
[0, 843, 832, 825, 817, 809, 799, 787, 776, 766, 757, 747, 738, 731, 723, 715, 707, 699, 694, 688, 682, 676, 671, 665, 661, 657, 653, 650, 646, 642, 639, 635, 632, 630, 628, 627, 624, 620, 619, 617, 615, 613, 613, 613, 612, 611, 612, 613, 612, 613, 614, 615, 617, 617, 619, 621, 623, 627, 630, 629, 631]
[0, 846, 837, 831, 821, 807, 795, 784, 774, 763, 753, 744, 737, 728, 720, 713, 705, 700, 695, 687, 681, 675, 670, 666, 662, 659, 655, 652, 648, 640, 639, 635, 631, 629, 627, 624, 621, 619, 617, 616, 616, 614, 612, 611, 610, 612, 613, 611, 611, 612, 613, 614, 616, 617, 619, 620, 622, 627, 629, 629, 635]
[0, 854, 842, 828, 814, 803, 793, 782, 769, 759, 751, 742, 734, 725, 718, 711, 703, 696, 691, 686, 680, 674, 670, 665, 661, 658, 654, 650, 646, 643, 639, 636, 633, 629, 626, 624, 620, 617, 616, 615, 614, 613, 612, 611, 611, 612, 611, 611, 611, 612, 613, 614, 615, 616, 618, 620, 622, 625, 627, 628, 631]
[0, 851, 842, 838, 825, 813, 789, 782, 779, 759, 751, 741, 734, 725, 717, 709, 702, 696, 690, 684, 678, 673, 669, 665, 660, 657, 653, 650, 646, 643, 639, 635, 632, 630, 628, 627, 624, 620, 618, 617, 613, 612, 613, 613, 612, 612, 612, 612, 612, 614, 615, 615, 616, 617, 618, 620, 622, 625, 627, 629, 632]
[0, 858, 846, 833, 820, 808, 797, 786, 775, 764, 755, 746, 737, 728, 721, 715, 706, 699, 693, 687, 681, 676, 671, 665, 660, 656, 653, 649, 646, 642, 638, 635, 632, 630, 628, 626, 625, 621, 618, 616, 614, 613, 614, 613, 612, 611, 612, 612, 612, 613, 614, 615, 616, 617, 619, 620, 622, 624, 627, 629, 632]
[0, 858, 850, 825, 820, 800, 789, 779, 775, 769, 749, 741, 733, 725, 717, 709, 702, 696, 690, 685, 679, 673, 669, 666, 662, 658, 654, 650, 643, 642, 636, 635, 631, 629, 627, 624, 621, 618, 616, 616, 614, 613, 612, 612, 612, 611, 612, 611, 611, 614, 615, 614, 615, 616, 618, 620, 622, 624, 626, 631, 633]
[0, 863, 850, 837, 824, 811, 800, 789, 777, 767, 748, 741, 731, 723, 717, 716, 702, 696, 689, 683, 678, 673, 668, 664, 660, 656, 653, 649, 646, 642, 638, 635, 632, 630, 629, 627, 623, 620, 618, 617, 614, 613, 613, 613, 612, 611, 612, 611, 612, 613, 613, 615, 616, 617, 618, 620, 622, 624, 626, 628, 631]
[0, 860, 848, 837, 822, 809, 798, 787, 776, 766, 756, 747, 739, 730, 722, 715, 708, 701, 689, 683, 678, 673, 667, 662, 659, 656, 652, 649, 645, 641, 638, 635, 632, 630, 629, 626, 623, 621, 618, 616, 614, 613, 614, 613, 612, 612, 612, 612, 612, 613, 613, 615, 616, 617, 618, 620, 622, 624, 626, 629, 631]
[0, 861, 849, 837, 824, 811, 799, 789, 777, 766, 747, 747, 731, 730, 716, 715, 708, 701, 689, 683, 677, 672, 667, 662, 659, 656, 652, 648, 645, 641, 638, 635, 632, 630, 627, 625, 622, 619, 618, 616, 614, 613, 613, 612, 612, 612, 612, 611, 610, 611, 612, 614, 615, 616, 619, 620, 622, 624, 627, 630, 632]
[0, 858, 846, 834, 820, 808, 796, 785, 775, 759, 750, 746, 737, 728, 721, 714, 705, 698, 693, 687, 682, 676, 671, 663, 660, 656, 652, 648, 645, 641, 638, 635, 632, 630, 627, 624, 622, 620, 618, 616, 614, 613, 614, 613, 612, 611, 612, 611, 611, 612, 613, 614, 615, 617, 618, 620, 622, 624, 626, 629, 631]
[0, 861, 849, 837, 810, 808, 798, 777, 775, 757, 750, 748, 732, 723, 715, 708, 702, 695, 693, 688, 677, 672, 667, 666, 662, 658, 654, 651, 643, 640, 637, 635, 634, 628, 626, 623, 620, 618, 617, 616, 615, 613, 612, 612, 612, 611, 611, 611, 611, 612, 613, 613, 614, 616, 617, 618, 622, 623, 625, 628, 630]
[0, 850, 838, 825, 813, 800, 798, 778, 767, 757, 748, 741, 733, 724, 717, 709, 702, 696, 692, 686, 678, 672, 668, 662, 658, 655, 651, 648, 643, 639, 636, 633, 630, 626, 624, 621, 618, 617, 617, 616, 614, 613, 612, 612, 610, 609, 612, 611, 610, 611, 612, 614, 616, 616, 617, 620, 622, 625, 627, 629, 628]
[0, 852, 839, 825, 813, 801, 791, 781, 768, 757, 749, 741, 733, 725, 717, 708, 704, 698, 691, 685, 679, 674, 669, 664, 659, 656, 652, 649, 644, 640, 638, 635, 630, 626, 623, 621, 619, 615, 615, 615, 613, 613, 612, 612, 611, 611, 611, 612, 612, 611, 613, 614, 615, 616, 618, 619, 621, 624, 626, 628, 631]
[0, 850, 838, 825, 811, 800, 789, 778, 768, 757, 748, 740, 732, 724, 716, 709, 702, 696, 690, 684, 678, 672, 667, 664, 660, 657, 653, 649, 644, 640, 639, 635, 630, 627, 624, 622, 620, 616, 615, 615, 613, 612, 611, 611, 611, 612, 611, 610, 611, 612, 612, 613, 615, 616, 618, 620, 622, 625, 626, 628, 631]
[0, 859, 846, 834, 821, 808, 796, 785, 774, 765, 756, 745, 737, 728, 720, 714, 707, 701, 694, 687, 682, 677, 671, 662, 659, 656, 652, 647, 642, 638, 634, 631, 628, 626, 623, 621, 618, 615, 615, 615, 613, 612, 612, 611, 611, 611, 611, 611, 611, 612, 612, 613, 614, 616, 618, 619, 621, 624, 626, 629, 631]
[0, 854, 842, 828, 815, 803, 793, 782, 770, 763, 755, 742, 735, 728, 719, 713, 705, 697, 691, 685, 679, 674, 668, 667, 662, 655, 650, 644, 640, 638, 636, 632, 627, 625, 622, 620, 617, 615, 614, 614, 613, 612, 612, 611, 614, 613, 611, 611, 611, 611, 612, 613, 614, 616, 617, 618, 621, 625, 627, 629, 635]
[0, 856, 842, 829, 815, 804, 795, 782, 770, 762, 754, 743, 736, 727, 720, 712, 703, 698, 693, 686, 680, 675, 668, 664, 658, 653, 650, 645, 642, 641, 637, 632, 628, 625, 623, 619, 617, 617, 616, 615, 613, 612, 611, 612, 612, 611, 611, 611, 611, 611, 612, 612, 614, 616, 616, 618, 621, 623, 625, 628, 631]
[0, 851, 839, 825, 813, 801, 790, 779, 770, 760, 749, 740, 733, 724, 716, 708, 700, 694, 688, 682, 676, 670, 666, 663, 658, 654, 650, 648, 644, 640, 637, 633, 627, 625, 622, 620, 617, 615, 614, 613, 612, 612, 612, 611, 611, 610, 611, 612, 611, 611, 612, 613, 614, 615, 616, 618, 622, 624, 625, 629, 631]
[0, 859, 848, 836, 821, 809, 797, 786, 775, 765, 756, 746, 737, 729, 721, 714, 705, 696, 690, 684, 678, 673, 668, 662, 656, 652, 648, 645, 642, 638, 635, 631, 628, 626, 624, 622, 619, 616, 615, 614, 612, 612, 612, 611, 611, 611, 611, 611, 611, 610, 610, 613, 614, 616, 617, 619, 621, 624, 626, 628, 631]
[0, 853, 841, 828, 814, 803, 792, 780, 769, 760, 750, 741, 733, 724, 716, 708, 701, 695, 688, 681, 675, 670, 665, 662, 658, 650, 647, 644, 640, 637, 633, 629, 627, 625, 622, 619, 617, 615, 614, 613, 613, 612, 611, 611, 611, 611, 611, 611, 611, 611, 611, 612, 614, 615, 617, 620, 622, 624, 627, 629, 630]
[0, 851, 839, 825, 813, 801, 790, 779, 769, 761, 750, 740, 732, 724, 716, 708, 700, 694, 688, 680, 675, 670, 665, 660, 656, 652, 648, 646, 643, 638, 635, 631, 628, 626, 623, 622, 619, 616, 615, 614, 612, 612, 612, 611, 611, 611, 611, 611, 611, 610, 611, 612, 614, 616, 617, 619, 621, 623, 626, 628, 631]
[0, 859, 847, 836, 822, 809, 797, 785, 775, 765, 755, 746, 738, 729, 714, 708, 697, 694, 691, 679, 675, 673, 667, 662, 656, 652, 648, 645, 642, 638, 635, 631, 628, 626, 623, 621, 619, 616, 615, 615, 612, 612, 611, 611, 611, 611, 611, 611, 611, 611, 611, 613, 614, 616, 617, 619, 621, 623, 625, 628, 631]
[0, 863, 850, 837, 823, 811, 788, 785, 776, 757, 755, 738, 738, 723, 715, 708, 699, 692, 686, 680, 675, 678, 674, 660, 656, 651, 647, 644, 640, 637, 634, 630, 627, 625, 623, 621, 618, 616, 615, 614, 613, 612, 611, 611, 611, 611, 611, 611, 611, 611, 611, 612, 613, 615, 617, 618, 622, 624, 627, 629, 629]
[0, 854, 842, 828, 815, 804, 792, 780, 769, 758, 749, 741, 732, 724, 716, 709, 702, 694, 687, 681, 675, 668, 663, 662, 657, 653, 649, 645, 641, 638, 634, 630, 627, 625, 623, 621, 618, 615, 615, 615, 613, 612, 612, 612, 611, 611, 611, 611, 611, 611, 612, 613, 615, 616, 618, 620, 621, 624, 626, 629, 628]
[0, 850, 838, 824, 812, 800, 789, 776, 765, 755, 745, 738, 732, 723, 715, 708, 700, 693, 686, 679, 673, 669, 666, 660, 656, 653, 649, 646, 643, 639, 635, 631, 628, 626, 624, 621, 619, 617, 615, 614, 612, 612, 611, 611, 611, 611, 611, 611, 611, 611, 611, 612, 614, 615, 617, 619, 621, 624, 626, 628, 631]
[0, 862, 837, 824, 823, 799, 789, 776, 765, 765, 746, 737, 731, 723, 714, 707, 699, 692, 686, 679, 675, 669, 663, 661, 657, 653, 649, 645, 641, 638, 634, 630, 627, 626, 623, 621, 618, 617, 615, 614, 613, 612, 612, 612, 611, 611, 611, 611, 610, 611, 611, 612, 615, 617, 618, 619, 622, 624, 626, 629, 628]
[0, 862, 836, 824, 823, 810, 797, 786, 776, 756, 746, 745, 730, 722, 714, 707, 699, 692, 686, 679, 675, 669, 663, 661, 656, 652, 649, 644, 641, 636, 633, 630, 627, 625, 623, 621, 618, 616, 615, 613, 613, 612, 611, 611, 611, 611, 611, 611, 610, 611, 611, 612, 615, 617, 618, 619, 622, 624, 626, 629, 627]
[0, 862, 848, 835, 822, 810, 797, 785, 775, 755, 746, 745, 729, 721, 714, 714, 705, 697, 686, 679, 675, 669, 663, 661, 656, 652, 648, 644, 641, 636, 632, 630, 627, 625, 623, 621, 618, 616, 615, 613, 612, 612, 612, 612, 611, 611, 611, 611, 610, 611, 613, 613, 614, 616, 618, 619, 622, 624, 626, 629, 628]
[0, 864, 848, 835, 822, 810, 797, 785, 775, 763, 754, 745, 737, 729, 714, 714, 705, 691, 687, 680, 673, 667, 663, 660, 656, 652, 648, 644, 641, 636, 632, 630, 627, 625, 623, 621, 618, 616, 615, 613, 612, 612, 612, 612, 611, 611, 611, 610, 610, 611, 612, 613, 614, 616, 618, 619, 621, 624, 626, 628, 628]
[0, 853, 842, 828, 814, 802, 791, 780, 770, 759, 750, 743, 735, 727, 718, 709, 702, 695, 688, 683, 677, 672, 668, 660, 656, 652, 648, 644, 641, 636, 632, 630, 627, 625, 623, 621, 618, 616, 615, 613, 612, 612, 611, 611, 611, 611, 610, 610, 610, 612, 612, 612, 614, 616, 617, 619, 621, 624, 626, 628, 631]
[0, 853, 842, 828, 814, 802, 790, 780, 769, 758, 750, 741, 734, 725, 716, 709, 701, 694, 688, 682, 676, 671, 665, 662, 657, 653, 650, 646, 642, 640, 636, 632, 628, 626, 624, 622, 619, 617, 615, 614, 613, 612, 611, 611, 611, 611, 611, 611, 611, 611, 612, 613, 614, 615, 617, 619, 621, 623, 625, 628, 630]
[0, 850, 838, 824, 812, 801, 789, 776, 765, 755, 747, 740, 732, 723, 715, 708, 700, 693, 686, 680, 675, 671, 665, 661, 657, 653, 650, 647, 643, 639, 634, 631, 628, 626, 624, 622, 619, 617, 615, 614, 612, 611, 611, 611, 611, 611, 611, 611, 611, 612, 612, 612, 614, 615, 617, 619, 621, 624, 626, 628, 631]
[0, 853, 841, 827, 814, 803, 792, 780, 769, 758, 749, 741, 733, 725, 716, 708, 701, 694, 687, 681, 675, 670, 665, 661, 656, 652, 648, 645, 641, 637, 634, 630, 627, 625, 623, 621, 618, 617, 616, 614, 613, 612, 612, 611, 611, 611, 610, 610, 611, 611, 612, 612, 613, 616, 617, 619, 621, 624, 626, 629, 631]
[0, 853, 841, 829, 816, 802, 791, 780, 770, 759, 749, 741, 733, 726, 717, 709, 702, 695, 688, 682, 676, 668, 663, 660, 657, 653, 649, 645, 642, 638, 634, 630, 628, 625, 623, 621, 618, 617, 616, 614, 613, 612, 612, 611, 611, 611, 611, 611, 611, 612, 612, 613, 614, 616, 617, 619, 621, 624, 626, 629, 631]
[0, 853, 841, 829, 815, 802, 791, 780, 770, 759, 750, 743, 734, 726, 718, 709, 702, 695, 688, 683, 677, 666, 660, 661, 657, 654, 650, 647, 643, 639, 635, 631, 628, 626, 624, 622, 620, 617, 616, 614, 613, 612, 611, 611, 611, 611, 611, 611, 611, 612, 612, 613, 614, 615, 617, 619, 621, 623, 625, 628, 630]
