[0, 0, 0, 0, 0, 0, 0, 0, 0, 0, 0, 0, 0, 0, 0, 0, 0, 0, 0, 0, 0, 0, 0, 0, 0, 0, 0, 0, 0, 0, 0, 0, 0, 0, 0, 0, 0, 0, 0, 0, 0, 0, 0, 0, 0, 0, 0, 0, 0, 0, 0, 0, 0, 0, 0, 0, 0, 0, 0, 0, 0]
[0, 538, 537, 529, 526, 525, 521, 518, 511, 509, 506, 503, 502, 499, 497, 496, 494, 493, 492, 491, 489, 489, 488, 488, 487, 486, 488, 487, 487, 487, 489, 489, 490, 490, 492, 494, 495, 495, 497, 499, 502, 505, 506, 508, 513, 517, 518, 522, 525, 528, 531, 535, 539, 543, 547, 551, 557, 563, 568, 574, 587]
[0, 538, 534, 530, 527, 523, 519, 515, 511, 509, 507, 505, 502, 501, 498, 496, 495, 493, 493, 491, 490, 489, 488, 488, 488, 488, 487, 487, 486, 487, 487, 487, 491, 491, 492, 494, 496, 497, 499, 501, 502, 505, 507, 509, 511, 515, 517, 520, 526, 528, 534, 537, 540, 545, 549, 554, 558, 563, 569, 575, 581]
[0, 540, 536, 531, 527, 524, 520, 517, 513, 510, 508, 505, 501, 500, 498, 498, 494, 494, 492, 491, 491, 489, 489, 489, 488, 488, 488, 487, 487, 487, 487, 487, 491, 491, 492, 494, 496, 497, 498, 501, 502, 504, 507, 509, 511, 515, 517, 520, 522, 530, 534, 537, 540, 545, 549, 554, 558, 563, 569, 575, 581]
[0, 538, 534, 530, 527, 523, 519, 516, 512, 509, 507, 505, 502, 501, 499, 496, 495, 494, 493, 491, 490, 489, 489, 489, 488, 488, 488, 487, 487, 488, 488, 489, 489, 489, 490, 492, 494, 495, 498, 501, 503, 505, 507, 510, 512, 516, 520, 521, 524, 528, 532, 536, 539, 542, 546, 551, 555, 561, 572, 578, 584]
[0, 540, 536, 531, 527, 524, 520, 517, 513, 510, 507, 505, 502, 501, 500, 498, 495, 494, 493, 492, 490, 489, 489, 489, 488, 487, 488, 488, 487, 487, 488, 489, 490, 491, 492, 494, 496, 497, 497, 500, 502, 504, 507, 509, 511, 514, 516, 519, 525, 529, 533, 536, 540, 545, 549, 554, 558, 563, 569, 575, 581]
[0, 541, 536, 532, 529, 524, 520, 517, 514, 512, 510, 507, 504, 502, 501, 499, 498, 496, 494, 493, 492, 489, 491, 489, 488, 488, 488, 487, 487, 488, 488, 489, 490, 490, 491, 493, 494, 495, 497, 499, 501, 505, 507, 510, 512, 516, 520, 521, 524, 528, 531, 535, 539, 542, 546, 551, 560, 566, 571, 577, 584]
[0, 544, 540, 532, 528, 524, 520, 517, 517, 511, 508, 505, 503, 502, 500, 498, 497, 496, 496, 494, 493, 492, 491, 491, 490, 489, 489, 489, 489, 490, 491, 492, 492, 493, 494, 496, 498, 499, 500, 502, 504, 507, 509, 513, 516, 516, 522, 525, 528, 532, 535, 539, 543, 547, 551, 556, 560, 564, 569, 576, 590]
[0, 540, 535, 532, 529, 525, 520, 518, 515, 512, 510, 507, 504, 500, 499, 499, 498, 497, 496, 494, 493, 492, 491, 490, 490, 490, 490, 490, 490, 490, 491, 491, 492, 493, 494, 497, 498, 500, 500, 502, 505, 508, 510, 512, 514, 517, 521, 524, 527, 530, 536, 539, 544, 549, 553, 556, 561, 567, 573, 579, 586]
[0, 542, 538, 535, 532, 528, 525, 522, 518, 515, 512, 510, 508, 505, 503, 501, 499, 497, 498, 497, 497, 496, 495, 495, 489, 489, 490, 489, 490, 491, 492, 492, 493, 493, 494, 496, 498, 499, 501, 502, 504, 507, 509, 511, 513, 516, 518, 522, 529, 533, 536, 540, 544, 548, 552, 557, 561, 565, 571, 579, 586]
[0, 547, 543, 539, 535, 531, 528, 524, 522, 519, 516, 513, 511, 509, 507, 505, 504, 503, 501, 500, 497, 498, 497, 495, 495, 495, 495, 495, 496, 496, 496, 497, 498, 499, 499, 500, 503, 499, 507, 502, 512, 514, 516, 519, 522, 524, 527, 531, 534, 537, 540, 544, 548, 552, 561, 566, 570, 576, 583, 590, 596]
[0, 548, 544, 540, 536, 533, 529, 526, 520, 517, 516, 511, 511, 509, 507, 505, 502, 501, 501, 500, 499, 498, 498, 498, 497, 497, 497, 497, 497, 497, 498, 499, 500, 500, 501, 502, 504, 505, 507, 511, 512, 513, 515, 520, 523, 527, 530, 533, 536, 539, 543, 547, 549, 554, 559, 563, 568, 579, 585, 590, 598]
[0, 547, 544, 540, 536, 532, 529, 525, 522, 519, 516, 514, 509, 509, 508, 506, 503, 501, 501, 500, 498, 497, 497, 498, 498, 497, 497, 497, 497, 497, 498, 498, 500, 501, 501, 504, 506, 507, 509, 510, 512, 514, 517, 520, 523, 525, 528, 532, 535, 538, 544, 549, 553, 557, 561, 564, 570, 576, 582, 589, 595]
[0, 548, 545, 541, 537, 533, 529, 527, 523, 521, 519, 516, 514, 513, 510, 508, 507, 505, 505, 502, 498, 501, 500, 500, 497, 497, 497, 496, 497, 498, 497, 497, 498, 503, 501, 503, 506, 508, 509, 510, 512, 514, 516, 520, 523, 525, 529, 532, 535, 541, 544, 549, 553, 557, 560, 565, 571, 577, 582, 589, 595]
[0, 550, 545, 542, 538, 533, 530, 527, 524, 522, 519, 516, 514, 512, 509, 507, 507, 504, 503, 503, 502, 502, 501, 499, 500, 499, 500, 500, 500, 500, 501, 502, 502, 503, 505, 506, 508, 509, 512, 514, 516, 519, 521, 524, 527, 530, 533, 536, 539, 542, 545, 553, 557, 561, 565, 571, 576, 582, 587, 594, 600]
[0, 549, 544, 540, 538, 535, 531, 528, 525, 522, 519, 516, 514, 512, 510, 507, 507, 504, 503, 503, 502, 501, 501, 500, 499, 500, 500, 500, 500, 501, 501, 502, 503, 503, 506, 507, 509, 510, 511, 513, 515, 517, 520, 523, 526, 528, 534, 537, 541, 544, 548, 552, 556, 560, 564, 568, 574, 580, 591, 597, 604]
[0, 550, 545, 541, 538, 535, 531, 528, 525, 522, 519, 516, 514, 512, 509, 507, 506, 505, 504, 503, 502, 502, 502, 501, 499, 499, 499, 500, 500, 501, 502, 502, 502, 505, 506, 507, 508, 510, 511, 513, 516, 518, 520, 522, 525, 529, 535, 538, 541, 545, 548, 552, 556, 560, 564, 569, 574, 580, 587, 592, 604]
[0, 549, 545, 542, 538, 535, 531, 528, 525, 522, 519, 516, 514, 512, 510, 509, 507, 504, 504, 503, 501, 501, 501, 501, 500, 500, 500, 500, 500, 501, 502, 502, 502, 505, 506, 507, 509, 510, 511, 513, 516, 518, 520, 523, 526, 529, 534, 537, 541, 544, 548, 552, 556, 560, 564, 569, 574, 580, 586, 598, 604]
[0, 550, 545, 542, 539, 535, 532, 528, 526, 523, 520, 518, 516, 513, 512, 510, 509, 507, 506, 505, 504, 503, 501, 504, 500, 500, 500, 500, 500, 501, 502, 503, 503, 505, 507, 508, 509, 510, 512, 514, 516, 518, 521, 524, 526, 529, 535, 538, 541, 545, 548, 552, 556, 560, 564, 569, 574, 581, 587, 598, 604]
[0, 553, 548, 544, 541, 537, 533, 530, 528, 525, 523, 517, 515, 513, 511, 510, 509, 507, 506, 505, 504, 503, 503, 503, 500, 502, 502, 502, 502, 503, 504, 504, 505, 506, 507, 509, 511, 514, 515, 517, 519, 522, 524, 526, 529, 533, 536, 539, 542, 545, 548, 556, 559, 564, 569, 574, 579, 584, 590, 596, 603]
[0, 556, 551, 548, 544, 541, 537, 534, 531, 528, 526, 523, 521, 519, 517, 515, 513, 512, 511, 510, 509, 508, 508, 508, 503, 502, 502, 503, 502, 504, 504, 505, 506, 507, 508, 510, 511, 513, 514, 516, 519, 521, 523, 528, 531, 534, 537, 541, 544, 547, 551, 554, 558, 562, 566, 571, 576, 588, 593, 599, 606]
[0, 558, 553, 548, 546, 543, 539, 536, 529, 527, 525, 523, 521, 518, 516, 514, 513, 512, 511, 510, 510, 509, 508, 508, 508, 507, 507, 508, 508, 508, 509, 509, 511, 507, 514, 515, 516, 519, 520, 522, 524, 526, 529, 532, 535, 537, 540, 547, 551, 554, 557, 561, 565, 569, 574, 579, 584, 589, 601, 608, 614]
[0, 558, 550, 547, 543, 539, 536, 533, 530, 528, 525, 523, 521, 518, 516, 515, 513, 512, 511, 510, 509, 509, 508, 508, 508, 508, 508, 508, 508, 509, 509, 510, 511, 512, 512, 514, 516, 517, 521, 522, 525, 528, 530, 532, 535, 538, 541, 545, 548, 552, 555, 562, 566, 570, 576, 581, 587, 592, 597, 604, 610]
[0, 565, 561, 556, 552, 549, 546, 543, 540, 537, 534, 532, 530, 525, 524, 515, 521, 520, 519, 518, 517, 516, 516, 516, 508, 508, 508, 508, 508, 508, 509, 510, 511, 511, 512, 514, 516, 517, 521, 523, 525, 527, 530, 532, 535, 538, 541, 544, 548, 552, 555, 559, 566, 570, 575, 581, 587, 592, 598, 604, 610]
[0, 562, 558, 555, 551, 548, 546, 543, 539, 536, 534, 532, 530, 527, 525, 523, 522, 521, 519, 518, 517, 516, 516, 516, 516, 515, 515, 515, 516, 508, 517, 519, 520, 521, 522, 524, 525, 526, 528, 530, 532, 534, 537, 539, 545, 548, 552, 554, 557, 561, 565, 569, 573, 579, 584, 592, 598, 604, 609, 615, 622]
[0, 565, 562, 558, 554, 551, 548, 546, 542, 540, 537, 535, 533, 531, 529, 528, 526, 524, 519, 523, 522, 521, 521, 521, 516, 515, 515, 515, 515, 516, 517, 519, 520, 521, 522, 523, 525, 526, 528, 530, 532, 537, 537, 539, 545, 548, 551, 554, 557, 561, 564, 568, 573, 582, 584, 592, 597, 603, 609, 615, 621]
[0, 579, 575, 570, 566, 562, 559, 556, 550, 548, 546, 543, 541, 539, 537, 536, 534, 532, 532, 531, 530, 529, 529, 528, 520, 520, 521, 521, 521, 522, 523, 524, 520, 525, 528, 529, 531, 532, 534, 535, 537, 539, 542, 545, 551, 548, 557, 561, 564, 567, 571, 575, 580, 585, 590, 598, 604, 610, 616, 622, 629]
[0, 578, 573, 568, 565, 562, 558, 555, 552, 550, 547, 545, 543, 541, 536, 535, 534, 532, 532, 531, 530, 529, 528, 528, 528, 528, 528, 528, 528, 529, 530, 531, 532, 534, 535, 537, 538, 540, 542, 543, 545, 547, 550, 552, 555, 559, 562, 568, 572, 576, 580, 585, 589, 593, 598, 603, 608, 619, 626, 633, 640]
[0, 584, 579, 574, 570, 563, 560, 557, 553, 550, 548, 546, 545, 543, 541, 539, 538, 536, 534, 534, 533, 532, 531, 528, 528, 527, 528, 528, 528, 530, 531, 531, 533, 534, 535, 536, 537, 538, 540, 542, 546, 549, 551, 553, 556, 560, 562, 565, 569, 572, 581, 586, 590, 594, 599, 604, 609, 615, 621, 628, 642]
[0, 580, 575, 571, 567, 564, 561, 559, 555, 552, 549, 547, 546, 543, 540, 538, 536, 535, 534, 533, 533, 532, 531, 531, 531, 531, 531, 531, 531, 532, 533, 534, 535, 537, 538, 540, 541, 543, 544, 546, 548, 549, 554, 558, 561, 563, 566, 570, 574, 577, 581, 586, 594, 599, 604, 609, 614, 620, 626, 633, 641]
[0, 580, 575, 571, 567, 564, 561, 558, 554, 552, 549, 547, 545, 543, 541, 539, 538, 535, 534, 533, 532, 532, 532, 531, 531, 530, 531, 532, 531, 533, 534, 535, 535, 537, 538, 540, 541, 542, 543, 547, 549, 551, 554, 557, 560, 562, 565, 569, 573, 581, 585, 589, 594, 598, 602, 607, 613, 618, 625, 632, 640]
[0, 584, 579, 570, 567, 566, 560, 556, 553, 550, 548, 546, 545, 543, 541, 539, 537, 536, 534, 533, 533, 532, 531, 531, 531, 531, 531, 531, 531, 532, 534, 535, 536, 537, 538, 540, 541, 543, 544, 546, 548, 549, 554, 558, 561, 563, 566, 570, 574, 577, 582, 586, 590, 595, 600, 609, 615, 621, 627, 635, 642]
[0, 595, 591, 588, 583, 579, 576, 574, 570, 566, 564, 562, 560, 557, 555, 553, 552, 551, 550, 549, 548, 548, 547, 547, 531, 531, 531, 531, 532, 532, 533, 534, 536, 537, 539, 540, 541, 542, 544, 546, 548, 550, 552, 554, 561, 564, 567, 570, 574, 577, 582, 586, 590, 595, 605, 609, 615, 621, 627, 635, 642]
[0, 601, 597, 593, 590, 585, 581, 575, 572, 566, 566, 564, 562, 559, 558, 557, 555, 554, 552, 551, 550, 550, 549, 547, 547, 546, 546, 547, 547, 548, 549, 550, 551, 553, 554, 556, 558, 558, 560, 562, 564, 566, 571, 575, 578, 581, 585, 589, 592, 599, 582, 604, 612, 617, 622, 628, 635, 641, 648, 654, 669]
[0, 611, 607, 602, 599, 595, 591, 588, 585, 582, 579, 576, 571, 559, 567, 566, 564, 563, 562, 561, 561, 560, 559, 559, 549, 549, 549, 549, 550, 550, 551, 552, 553, 554, 556, 557, 560, 562, 563, 565, 567, 570, 574, 576, 580, 583, 586, 589, 597, 601, 605, 608, 612, 617, 622, 628, 634, 641, 654, 661, 668]
[0, 611, 607, 602, 599, 595, 591, 588, 585, 582, 579, 576, 571, 559, 567, 566, 564, 563, 562, 562, 560, 560, 559, 559, 559, 559, 559, 560, 550, 561, 562, 562, 563, 564, 565, 568, 569, 570, 572, 574, 580, 582, 585, 588, 591, 594, 597, 601, 605, 608, 617, 622, 626, 631, 637, 643, 649, 656, 663, 669, 675]
[0, 614, 604, 601, 597, 594, 591, 588, 584, 581, 578, 576, 573, 570, 568, 567, 565, 563, 562, 561, 560, 559, 559, 559, 559, 558, 559, 560, 560, 561, 561, 562, 563, 564, 565, 568, 569, 570, 574, 574, 580, 582, 585, 588, 591, 594, 597, 601, 605, 608, 612, 621, 626, 631, 637, 643, 649, 655, 662, 675, 683]
[0, 622, 614, 610, 606, 602, 598, 595, 593, 590, 587, 584, 582, 580, 577, 576, 575, 571, 562, 569, 568, 568, 567, 559, 558, 559, 559, 559, 560, 561, 562, 562, 563, 565, 566, 567, 568, 571, 574, 576, 578, 583, 586, 589, 592, 595, 597, 601, 605, 610, 613, 617, 621, 632, 639, 644, 649, 656, 662, 669, 684]
[0, 618, 614, 610, 606, 602, 598, 595, 593, 590, 587, 584, 582, 580, 577, 576, 574, 573, 570, 569, 568, 568, 567, 567, 567, 567, 567, 568, 568, 568, 569, 571, 563, 575, 577, 578, 580, 582, 584, 585, 588, 591, 593, 596, 601, 605, 608, 611, 615, 619, 623, 628, 634, 639, 650, 656, 663, 670, 676, 682, 690]
[0, 620, 616, 612, 607, 604, 600, 597, 594, 591, 588, 585, 581, 579, 577, 575, 573, 572, 571, 570, 569, 569, 568, 568, 567, 567, 567, 567, 568, 568, 569, 570, 573, 575, 576, 578, 580, 582, 583, 586, 588, 591, 593, 596, 601, 604, 608, 611, 615, 619, 623, 628, 634, 644, 650, 656, 662, 669, 675, 682, 690]
[0, 622, 614, 610, 606, 602, 598, 596, 593, 589, 587, 584, 582, 580, 578, 576, 574, 571, 570, 570, 568, 568, 567, 568, 567, 567, 567, 567, 569, 570, 570, 571, 572, 573, 576, 578, 580, 581, 585, 588, 590, 592, 595, 597, 600, 604, 607, 610, 613, 621, 626, 631, 636, 642, 647, 653, 659, 665, 677, 685, 694]
[0, 637, 632, 627, 623, 619, 615, 612, 609, 606, 603, 601, 598, 595, 593, 592, 591, 590, 589, 588, 587, 586, 586, 585, 567, 567, 567, 567, 568, 569, 570, 571, 573, 575, 576, 577, 579, 582, 583, 586, 588, 591, 593, 596, 601, 604, 608, 611, 615, 619, 623, 628, 633, 639, 644, 656, 662, 668, 674, 682, 690]
[0, 642, 632, 632, 628, 624, 620, 616, 613, 610, 607, 605, 603, 601, 599, 596, 591, 594, 593, 592, 592, 591, 590, 585, 585, 585, 585, 586, 586, 586, 587, 589, 590, 590, 592, 594, 595, 597, 601, 603, 606, 608, 611, 614, 617, 620, 624, 632, 636, 641, 645, 649, 654, 660, 665, 671, 677, 683, 699, 706, 714]
[0, 644, 639, 635, 630, 625, 618, 614, 611, 609, 606, 605, 603, 600, 599, 597, 596, 595, 593, 592, 591, 591, 590, 590, 590, 590, 591, 591, 590, 590, 593, 594, 595, 596, 597, 599, 601, 603, 605, 607, 612, 614, 616, 619, 622, 626, 630, 634, 639, 643, 646, 656, 661, 666, 672, 678, 685, 692, 699, 707, 714]
[0, 645, 639, 635, 630, 626, 618, 614, 611, 608, 606, 605, 603, 600, 598, 597, 596, 595, 593, 591, 590, 590, 590, 590, 590, 590, 590, 590, 590, 592, 593, 593, 594, 595, 598, 600, 602, 604, 605, 607, 610, 612, 615, 618, 621, 624, 632, 636, 641, 645, 649, 654, 659, 664, 670, 675, 689, 697, 704, 712, 719]
[0, 658, 653, 649, 646, 641, 638, 634, 631, 627, 624, 621, 619, 617, 613, 612, 610, 609, 609, 608, 607, 607, 606, 606, 590, 590, 590, 590, 590, 592, 593, 593, 594, 596, 598, 600, 601, 603, 605, 607, 610, 612, 615, 618, 621, 628, 632, 636, 641, 644, 649, 654, 659, 664, 669, 675, 689, 696, 703, 711, 718]
[0, 663, 659, 654, 650, 646, 642, 638, 634, 631, 628, 626, 625, 621, 618, 616, 610, 613, 612, 611, 610, 610, 609, 606, 606, 605, 590, 607, 607, 608, 609, 610, 610, 612, 613, 615, 617, 621, 622, 625, 628, 631, 634, 638, 642, 645, 648, 652, 656, 664, 668, 672, 679, 685, 692, 698, 705, 712, 719, 734, 742]
[0, 665, 661, 657, 652, 645, 641, 638, 634, 630, 627, 625, 622, 620, 618, 617, 615, 614, 614, 613, 611, 611, 610, 610, 610, 610, 610, 610, 610, 611, 612, 613, 615, 616, 617, 619, 621, 623, 626, 629, 631, 638, 634, 644, 647, 650, 654, 658, 661, 665, 670, 676, 681, 694, 700, 706, 712, 719, 726, 734, 743]
[0, 665, 661, 652, 648, 644, 641, 637, 634, 630, 627, 625, 622, 620, 618, 617, 615, 614, 614, 613, 611, 611, 610, 610, 610, 610, 610, 611, 611, 611, 612, 613, 615, 616, 618, 619, 621, 624, 626, 629, 631, 635, 639, 645, 647, 650, 654, 658, 662, 666, 670, 676, 687, 693, 699, 706, 712, 719, 726, 734, 743]
[0, 685, 676, 652, 667, 663, 660, 657, 653, 651, 648, 645, 643, 641, 638, 636, 634, 633, 630, 629, 628, 627, 626, 610, 610, 610, 610, 611, 611, 611, 612, 613, 614, 616, 618, 619, 621, 623, 626, 628, 631, 635, 638, 645, 647, 651, 655, 659, 663, 666, 671, 676, 683, 689, 702, 708, 713, 720, 728, 736, 744]
[0, 685, 675, 671, 667, 663, 660, 656, 653, 650, 647, 644, 643, 640, 638, 636, 633, 631, 630, 629, 628, 627, 626, 627, 627, 627, 628, 629, 629, 630, 630, 631, 632, 634, 636, 637, 639, 642, 644, 646, 649, 655, 659, 662, 665, 669, 673, 678, 682, 686, 692, 698, 709, 713, 719, 726, 733, 741, 749, 758, 766]
[0, 682, 677, 673, 669, 665, 661, 657, 654, 651, 649, 646, 641, 639, 637, 635, 632, 632, 631, 629, 629, 629, 628, 627, 626, 627, 629, 629, 629, 630, 631, 631, 632, 634, 636, 637, 639, 642, 645, 647, 649, 655, 659, 662, 665, 669, 673, 677, 682, 686, 692, 698, 703, 714, 720, 726, 733, 741, 749, 758, 766]
[0, 690, 685, 680, 677, 674, 670, 666, 663, 660, 658, 655, 652, 649, 646, 645, 643, 642, 641, 640, 639, 639, 639, 627, 627, 628, 628, 628, 629, 630, 631, 631, 632, 633, 635, 638, 639, 642, 648, 649, 652, 654, 657, 660, 664, 668, 673, 676, 681, 685, 697, 702, 707, 713, 719, 725, 731, 738, 746, 764, 766]
[0, 696, 689, 685, 681, 677, 673, 670, 666, 663, 661, 654, 652, 650, 648, 646, 644, 643, 642, 640, 639, 640, 640, 640, 639, 639, 641, 641, 641, 641, 642, 643, 644, 645, 647, 650, 652, 657, 659, 662, 664, 667, 670, 674, 677, 680, 684, 690, 699, 704, 709, 714, 718, 724, 731, 737, 742, 748, 761, 769, 777]
[0, 711, 706, 702, 697, 693, 684, 680, 677, 674, 672, 669, 667, 665, 662, 661, 659, 657, 656, 654, 653, 652, 651, 640, 640, 639, 641, 642, 642, 642, 642, 643, 644, 646, 648, 649, 652, 657, 659, 661, 664, 667, 670, 673, 677, 680, 684, 689, 698, 704, 709, 714, 718, 724, 730, 736, 741, 755, 761, 768, 774]
[0, 708, 704, 700, 695, 691, 686, 681, 678, 676, 673, 668, 665, 663, 661, 660, 658, 657, 655, 654, 654, 653, 652, 652, 652, 652, 653, 654, 655, 655, 657, 659, 660, 661, 664, 666, 666, 668, 671, 673, 675, 678, 683, 687, 691, 695, 699, 704, 706, 707, 710, 714, 723, 727, 731, 738, 744, 749, 755, 761, 768]
[0, 722, 717, 713, 710, 706, 701, 696, 688, 685, 682, 680, 678, 676, 674, 672, 671, 670, 667, 667, 666, 665, 664, 652, 653, 653, 654, 654, 655, 656, 657, 658, 659, 661, 662, 666, 669, 670, 671, 674, 675, 678, 681, 685, 689, 697, 702, 704, 705, 708, 711, 715, 720, 726, 730, 740, 745, 751, 757, 764, 772]
[0, 721, 716, 713, 708, 704, 701, 696, 692, 688, 682, 680, 678, 676, 674, 672, 670, 668, 667, 667, 666, 665, 665, 665, 664, 664, 665, 665, 665, 665, 667, 668, 668, 669, 673, 675, 675, 676, 675, 674, 676, 680, 683, 686, 688, 692, 695, 698, 702, 706, 709, 714, 719, 727, 732, 738, 744, 749, 756, 763, 768]
[0, 734, 730, 726, 720, 715, 712, 708, 706, 703, 700, 698, 695, 689, 687, 684, 683, 681, 680, 679, 678, 678, 677, 664, 664, 665, 665, 665, 665, 666, 667, 667, 668, 667, 672, 674, 676, 677, 674, 674, 676, 680, 683, 684, 688, 692, 695, 698, 703, 705, 709, 715, 719, 722, 728, 740, 745, 751, 757, 763, 768]
[0, 744, 739, 735, 731, 726, 721, 714, 711, 708, 705, 702, 700, 697, 695, 693, 689, 687, 682, 678, 676, 674, 674, 675, 674, 671, 668, 668, 668, 668, 668, 668, 668, 668, 668, 668, 668, 672, 673, 674, 677, 679, 681, 684, 686, 689, 692, 695, 703, 706, 710, 714, 718, 724, 729, 734, 740, 745, 755, 763, 770]
[0, 747, 736, 732, 728, 723, 719, 715, 712, 708, 705, 703, 701, 696, 693, 693, 688, 686, 682, 679, 676, 675, 673, 672, 671, 670, 668, 667, 667, 667, 666, 667, 667, 667, 667, 667, 669, 670, 671, 673, 676, 678, 681, 684, 686, 689, 691, 695, 702, 706, 710, 714, 718, 724, 728, 733, 740, 745, 755, 762, 768]
[0, 744, 739, 735, 731, 725, 718, 714, 711, 708, 705, 702, 700, 697, 695, 693, 689, 685, 682, 678, 675, 674, 674, 672, 672, 670, 668, 668, 667, 667, 667, 667, 668, 668, 667, 667, 669, 670, 672, 674, 676, 678, 680, 683, 686, 689, 691, 694, 699, 706, 709, 714, 718, 723, 728, 733, 739, 745, 749, 762, 770]
[0, 752, 747, 741, 736, 732, 727, 719, 715, 712, 709, 706, 703, 701, 694, 690, 689, 686, 683, 680, 676, 675, 673, 673, 671, 670, 669, 667, 667, 667, 667, 668, 668, 668, 669, 668, 669, 670, 672, 674, 675, 676, 683, 684, 686, 689, 692, 695, 699, 702, 707, 711, 719, 724, 729, 735, 740, 745, 751, 758, 765]
[0, 758, 753, 742, 738, 734, 729, 725, 721, 716, 711, 707, 702, 698, 695, 689, 686, 683, 681, 679, 676, 674, 672, 672, 670, 668, 667, 667, 667, 667, 666, 667, 667, 668, 668, 668, 669, 670, 670, 672, 674, 676, 682, 684, 686, 689, 692, 695, 699, 702, 707, 711, 719, 724, 729, 734, 740, 745, 751, 758, 765]
[0, 760, 756, 750, 746, 738, 730, 724, 720, 715, 711, 707, 703, 696, 692, 689, 686, 683, 681, 678, 676, 674, 672, 670, 670, 669, 668, 667, 667, 667, 666, 667, 666, 666, 667, 668, 668, 669, 671, 672, 675, 678, 679, 681, 684, 687, 690, 698, 702, 705, 709, 713, 718, 722, 725, 731, 743, 749, 755, 761, 768]
[0, 765, 759, 753, 748, 742, 734, 719, 715, 712, 709, 706, 702, 698, 694, 691, 689, 685, 681, 677, 676, 674, 673, 670, 669, 666, 666, 666, 665, 664, 664, 664, 664, 665, 665, 666, 667, 668, 671, 673, 674, 675, 677, 680, 685, 688, 690, 694, 698, 703, 706, 710, 714, 719, 724, 734, 740, 746, 751, 757, 765]
[0, 761, 754, 747, 741, 735, 728, 723, 718, 708, 704, 700, 697, 692, 688, 686, 682, 679, 676, 674, 673, 672, 669, 672, 670, 668, 667, 667, 666, 666, 666, 666, 666, 667, 667, 667, 668, 669, 671, 672, 675, 677, 681, 683, 686, 688, 691, 693, 697, 701, 704, 714, 718, 723, 727, 732, 737, 742, 749, 755, 761]
[0, 758, 751, 744, 739, 732, 726, 722, 717, 711, 706, 702, 697, 693, 690, 687, 684, 680, 677, 675, 672, 672, 670, 667, 665, 665, 664, 663, 663, 662, 662, 661, 662, 667, 663, 665, 667, 668, 668, 669, 671, 672, 675, 678, 680, 683, 686, 690, 693, 697, 701, 705, 709, 719, 724, 729, 735, 741, 747, 754, 760]
[0, 758, 751, 744, 739, 732, 726, 721, 716, 711, 706, 701, 697, 693, 690, 687, 684, 680, 677, 674, 673, 672, 670, 667, 666, 665, 664, 664, 663, 662, 661, 662, 662, 663, 663, 664, 665, 667, 668, 669, 670, 672, 675, 677, 680, 683, 686, 689, 693, 697, 701, 705, 713, 719, 724, 729, 735, 741, 747, 753, 760]
[0, 759, 751, 744, 738, 732, 726, 722, 717, 711, 706, 702, 697, 693, 690, 687, 684, 680, 677, 675, 672, 671, 669, 667, 666, 665, 664, 663, 662, 662, 662, 661, 662, 662, 663, 665, 666, 666, 667, 670, 671, 672, 675, 677, 680, 684, 687, 690, 694, 698, 701, 705, 710, 715, 721, 726, 730, 737, 750, 756, 763]
[0, 758, 751, 744, 738, 732, 726, 722, 717, 711, 706, 702, 697, 693, 690, 687, 684, 680, 677, 675, 672, 670, 669, 667, 666, 665, 664, 663, 662, 661, 661, 662, 662, 663, 663, 664, 665, 666, 668, 669, 670, 672, 674, 677, 680, 683, 686, 689, 693, 697, 700, 704, 708, 713, 719, 728, 735, 742, 748, 753, 760]
[0, 761, 753, 748, 742, 728, 726, 723, 711, 711, 704, 700, 696, 692, 688, 685, 682, 679, 676, 673, 672, 669, 667, 667, 665, 665, 664, 662, 662, 661, 661, 662, 662, 663, 663, 664, 665, 666, 667, 668, 670, 672, 674, 677, 680, 683, 685, 689, 693, 697, 700, 704, 709, 714, 719, 728, 735, 742, 747, 754, 761]
[0, 763, 755, 742, 742, 728, 723, 718, 713, 708, 704, 700, 696, 691, 688, 685, 682, 679, 676, 673, 672, 669, 667, 666, 665, 664, 663, 663, 661, 661, 661, 661, 660, 661, 662, 661, 664, 665, 666, 668, 670, 672, 674, 677, 680, 684, 686, 689, 694, 697, 701, 704, 709, 714, 719, 724, 730, 737, 743, 755, 763]
[0, 759, 753, 747, 741, 727, 723, 717, 713, 712, 704, 700, 696, 691, 688, 684, 681, 679, 676, 672, 670, 668, 667, 666, 665, 664, 663, 663, 661, 661, 661, 660, 660, 661, 661, 661, 662, 664, 665, 666, 670, 672, 674, 677, 681, 684, 686, 689, 693, 697, 701, 705, 709, 715, 721, 725, 730, 736, 743, 749, 756]
[0, 759, 753, 747, 740, 734, 727, 723, 717, 707, 703, 699, 695, 691, 687, 684, 681, 678, 676, 672, 670, 668, 667, 666, 664, 663, 663, 661, 661, 660, 660, 661, 661, 661, 661, 661, 662, 664, 665, 666, 668, 670, 674, 676, 680, 683, 686, 689, 692, 696, 701, 705, 709, 715, 720, 725, 730, 736, 743, 749, 755]
[0, 758, 752, 746, 739, 732, 726, 721, 715, 710, 705, 698, 695, 692, 686, 684, 681, 676, 674, 671, 669, 668, 666, 666, 664, 664, 663, 661, 661, 660, 660, 660, 661, 661, 661, 662, 662, 664, 665, 667, 668, 669, 671, 673, 680, 683, 686, 690, 693, 696, 701, 705, 710, 715, 720, 725, 730, 736, 743, 749, 755]
[0, 757, 750, 743, 736, 730, 724, 719, 714, 709, 705, 700, 695, 691, 688, 685, 681, 678, 675, 672, 670, 668, 666, 665, 663, 661, 661, 661, 661, 660, 659, 659, 659, 660, 660, 661, 662, 663, 665, 666, 667, 669, 673, 673, 679, 682, 685, 689, 692, 696, 700, 704, 709, 714, 720, 724, 729, 736, 742, 748, 755]
[0, 754, 748, 742, 734, 727, 723, 717, 711, 707, 703, 699, 694, 690, 687, 683, 680, 677, 675, 673, 669, 667, 665, 664, 663, 661, 660, 659, 659, 659, 659, 659, 659, 660, 660, 661, 662, 663, 664, 665, 667, 669, 671, 673, 675, 678, 681, 685, 689, 696, 700, 704, 709, 714, 720, 725, 730, 736, 742, 748, 755]
[0, 758, 750, 743, 737, 731, 725, 719, 714, 710, 704, 700, 696, 692, 684, 681, 676, 675, 673, 670, 668, 666, 665, 664, 664, 663, 662, 662, 661, 660, 660, 659, 659, 661, 662, 661, 663, 665, 665, 666, 667, 670, 673, 674, 677, 679, 682, 687, 692, 695, 697, 701, 707, 712, 716, 725, 731, 737, 744, 751, 759]
[0, 754, 747, 741, 733, 727, 722, 716, 711, 706, 703, 699, 693, 689, 686, 683, 680, 676, 674, 672, 670, 668, 666, 665, 663, 661, 660, 659, 659, 658, 659, 658, 658, 659, 660, 660, 662, 663, 664, 665, 667, 669, 671, 673, 676, 678, 685, 687, 688, 696, 700, 705, 709, 714, 720, 725, 730, 736, 742, 748, 754]
[0, 754, 748, 741, 733, 727, 722, 716, 711, 706, 702, 698, 693, 689, 686, 683, 680, 676, 673, 671, 670, 667, 665, 665, 664, 662, 661, 660, 659, 658, 660, 659, 659, 661, 662, 661, 661, 663, 665, 666, 666, 668, 671, 674, 677, 679, 682, 685, 689, 692, 696, 701, 705, 710, 716, 725, 730, 737, 743, 750, 757]
[0, 759, 751, 743, 737, 732, 727, 721, 710, 705, 702, 697, 693, 687, 684, 680, 677, 675, 672, 670, 669, 667, 664, 664, 663, 662, 661, 662, 660, 659, 658, 659, 658, 658, 660, 661, 661, 663, 665, 665, 667, 669, 671, 673, 677, 680, 684, 687, 690, 693, 696, 702, 707, 711, 716, 721, 727, 732, 738, 752, 757]
[0, 756, 748, 742, 735, 728, 724, 719, 713, 708, 704, 699, 695, 691, 687, 684, 680, 674, 672, 672, 669, 665, 664, 663, 663, 662, 660, 660, 659, 658, 659, 658, 658, 659, 660, 660, 661, 663, 664, 665, 667, 668, 670, 672, 679, 682, 684, 687, 691, 695, 700, 704, 708, 713, 718, 723, 729, 735, 742, 748, 754]
[0, 755, 748, 740, 734, 728, 723, 718, 711, 706, 702, 698, 694, 690, 687, 684, 680, 676, 673, 670, 668, 667, 665, 662, 661, 660, 659, 659, 658, 657, 658, 657, 657, 659, 659, 659, 659, 661, 664, 665, 666, 668, 670, 672, 675, 677, 680, 683, 686, 694, 698, 704, 708, 712, 718, 724, 729, 735, 741, 747, 754]
[0, 749, 743, 736, 729, 724, 719, 714, 708, 702, 698, 694, 691, 686, 682, 679, 676, 673, 670, 668, 667, 665, 664, 663, 660, 660, 660, 659, 657, 657, 657, 658, 658, 658, 658, 659, 660, 661, 663, 664, 666, 668, 669, 670, 673, 677, 680, 683, 688, 691, 694, 704, 708, 712, 717, 724, 729, 734, 741, 746, 752]
[0, 749, 743, 736, 728, 723, 718, 713, 708, 703, 699, 694, 690, 686, 682, 679, 675, 672, 670, 668, 665, 664, 663, 662, 660, 660, 658, 656, 656, 657, 656, 656, 657, 657, 657, 657, 658, 659, 661, 664, 665, 667, 670, 671, 673, 676, 680, 683, 686, 690, 695, 698, 703, 710, 715, 720, 724, 730, 736, 743, 749]
[0, 752, 746, 740, 732, 726, 721, 715, 710, 705, 700, 696, 692, 687, 684, 681, 678, 675, 673, 670, 666, 665, 664, 662, 660, 659, 658, 656, 656, 656, 655, 656, 656, 656, 656, 657, 658, 659, 661, 663, 665, 667, 669, 671, 673, 676, 679, 683, 687, 690, 695, 698, 702, 709, 715, 719, 724, 729, 736, 742, 750]
[0, 753, 747, 740, 733, 727, 721, 716, 710, 706, 702, 696, 691, 684, 684, 678, 675, 674, 673, 669, 666, 663, 662, 662, 660, 658, 658, 657, 657, 656, 655, 655, 657, 658, 657, 658, 659, 660, 661, 663, 664, 665, 668, 669, 672, 676, 679, 683, 687, 691, 694, 701, 702, 712, 717, 722, 727, 734, 740, 746, 752]
[0, 751, 745, 738, 731, 725, 720, 714, 708, 704, 699, 694, 691, 687, 683, 679, 677, 675, 671, 668, 666, 665, 664, 660, 659, 658, 657, 657, 657, 657, 657, 658, 657, 656, 656, 658, 659, 659, 661, 662, 663, 665, 667, 669, 671, 674, 681, 685, 688, 692, 696, 699, 704, 709, 714, 719, 725, 731, 737, 744, 750]
[0, 753, 747, 740, 733, 727, 721, 715, 710, 705, 700, 696, 692, 688, 683, 677, 674, 671, 669, 668, 665, 663, 661, 662, 660, 658, 657, 657, 656, 655, 654, 655, 655, 655, 657, 658, 659, 659, 660, 663, 665, 665, 666, 669, 672, 675, 678, 682, 685, 689, 695, 698, 702, 709, 715, 720, 734, 742, 749, 758, 768]
[0, 748, 742, 735, 728, 722, 717, 712, 706, 702, 697, 693, 689, 684, 679, 677, 674, 671, 669, 666, 666, 664, 661, 660, 658, 657, 657, 657, 656, 655, 654, 655, 655, 655, 657, 657, 657, 659, 660, 661, 663, 665, 667, 669, 671, 673, 676, 679, 684, 691, 695, 703, 708, 712, 719, 726, 733, 741, 748, 756, 765]
[0, 748, 742, 735, 728, 722, 716, 711, 706, 701, 697, 693, 689, 684, 679, 677, 675, 672, 668, 666, 666, 664, 661, 659, 658, 657, 656, 656, 655, 655, 655, 655, 656, 657, 657, 657, 658, 659, 662, 667, 669, 671, 675, 679, 683, 687, 691, 696, 701, 706, 711, 716, 722, 726, 731, 737, 741, 747, 754, 760, 766]
[0, 748, 741, 735, 727, 721, 716, 711, 706, 701, 696, 691, 688, 683, 680, 677, 673, 671, 668, 666, 665, 663, 662, 659, 658, 657, 656, 655, 655, 655, 654, 655, 655, 656, 656, 657, 658, 660, 662, 667, 669, 671, 675, 679, 683, 687, 691, 697, 701, 706, 711, 716, 722, 727, 731, 737, 741, 747, 754, 760, 766]
[0, 748, 747, 733, 728, 721, 716, 715, 704, 699, 695, 691, 686, 683, 679, 676, 673, 671, 668, 666, 664, 663, 662, 660, 659, 660, 659, 658, 658, 659, 660, 660, 655, 662, 664, 666, 668, 671, 674, 677, 680, 683, 686, 687, 690, 691, 695, 699, 702, 706, 711, 716, 720, 725, 731, 736, 741, 746, 752, 758, 765]
[0, 748, 741, 734, 727, 721, 716, 711, 705, 701, 696, 692, 688, 683, 680, 677, 674, 671, 668, 667, 666, 664, 664, 661, 659, 659, 658, 657, 657, 659, 660, 660, 661, 662, 664, 666, 668, 670, 672, 674, 678, 681, 683, 685, 688, 691, 694, 701, 704, 709, 714, 718, 723, 728, 733, 738, 743, 749, 755, 761, 769]
[0, 748, 741, 735, 730, 723, 717, 711, 706, 701, 696, 692, 688, 685, 682, 677, 674, 671, 669, 667, 665, 664, 664, 664, 664, 663, 663, 663, 663, 664, 664, 666, 666, 666, 668, 672, 668, 675, 672, 677, 680, 682, 684, 687, 689, 692, 696, 700, 703, 706, 711, 716, 721, 725, 730, 735, 741, 747, 752, 759, 766]
[0, 749, 743, 738, 732, 727, 721, 715, 712, 710, 707, 705, 701, 698, 695, 691, 674, 689, 688, 684, 683, 680, 664, 677, 663, 662, 662, 664, 664, 663, 664, 667, 667, 666, 670, 671, 673, 675, 677, 677, 679, 681, 684, 687, 690, 692, 695, 699, 702, 706, 711, 716, 720, 725, 731, 736, 740, 746, 752, 758, 765]
[0, 749, 744, 739, 734, 729, 724, 721, 718, 714, 711, 709, 705, 702, 698, 695, 692, 689, 687, 684, 682, 680, 678, 675, 675, 673, 671, 671, 670, 669, 669, 669, 668, 670, 671, 671, 672, 674, 675, 676, 678, 680, 682, 684, 687, 691, 694, 698, 701, 704, 708, 713, 722, 727, 731, 738, 743, 749, 756, 762, 768]
[0, 753, 747, 741, 736, 731, 727, 723, 719, 716, 713, 710, 706, 702, 700, 697, 694, 691, 688, 686, 684, 680, 678, 676, 674, 673, 672, 671, 671, 670, 669, 669, 670, 670, 670, 671, 671, 672, 674, 675, 677, 678, 684, 687, 689, 692, 695, 699, 703, 707, 713, 717, 720, 725, 729, 735, 741, 747, 753, 759, 766]
[0, 750, 744, 741, 736, 731, 727, 723, 719, 715, 711, 709, 706, 702, 699, 695, 693, 691, 688, 685, 684, 682, 680, 676, 674, 673, 672, 670, 670, 669, 669, 669, 669, 670, 671, 671, 673, 674, 675, 676, 678, 680, 682, 684, 687, 690, 693, 697, 700, 704, 708, 713, 722, 727, 729, 732, 742, 748, 755, 763, 770]
[0, 753, 747, 742, 736, 731, 727, 723, 719, 716, 712, 710, 706, 702, 701, 698, 694, 691, 688, 685, 683, 680, 677, 678, 675, 674, 672, 671, 670, 670, 669, 669, 669, 670, 671, 671, 673, 674, 675, 677, 679, 681, 683, 686, 689, 691, 693, 696, 700, 704, 706, 712, 719, 724, 729, 733, 737, 751, 758, 764, 770]
[0, 763, 759, 750, 744, 741, 735, 730, 726, 720, 715, 711, 706, 702, 698, 695, 692, 690, 687, 684, 682, 680, 678, 675, 674, 672, 671, 670, 670, 669, 669, 669, 669, 669, 670, 670, 672, 674, 675, 676, 678, 680, 682, 684, 687, 690, 693, 697, 701, 703, 708, 713, 717, 721, 732, 737, 742, 748, 755, 763, 770]
[0, 764, 759, 750, 744, 741, 735, 730, 726, 720, 715, 711, 706, 702, 698, 695, 692, 689, 687, 685, 682, 680, 678, 676, 674, 673, 671, 670, 670, 669, 669, 669, 668, 669, 670, 671, 671, 672, 674, 675, 680, 680, 682, 686, 689, 692, 695, 699, 702, 706, 711, 715, 719, 724, 729, 734, 740, 746, 752, 758, 765]
[0, 769, 764, 754, 749, 742, 736, 732, 726, 721, 717, 711, 706, 702, 699, 695, 693, 691, 688, 684, 682, 681, 679, 677, 674, 672, 671, 670, 670, 669, 669, 669, 668, 669, 670, 670, 670, 671, 673, 674, 677, 680, 682, 686, 689, 692, 695, 699, 702, 706, 709, 713, 719, 724, 730, 734, 740, 746, 752, 758, 764]
[0, 770, 764, 754, 748, 742, 735, 731, 726, 720, 716, 712, 706, 702, 699, 696, 693, 691, 687, 684, 681, 679, 678, 676, 674, 673, 672, 670, 670, 669, 669, 669, 669, 670, 670, 671, 672, 673, 675, 677, 679, 681, 682, 684, 687, 690, 693, 696, 700, 704, 708, 713, 717, 722, 727, 737, 742, 748, 753, 760, 769]
[0, 773, 765, 754, 748, 742, 736, 731, 726, 720, 716, 712, 706, 702, 699, 696, 693, 691, 687, 685, 683, 681, 679, 675, 673, 672, 671, 670, 669, 668, 668, 667, 668, 670, 670, 671, 672, 673, 674, 676, 679, 681, 682, 684, 687, 691, 694, 698, 702, 704, 708, 713, 718, 722, 727, 732, 737, 742, 748, 763, 770]
[0, 775, 767, 756, 749, 742, 737, 732, 727, 723, 719, 714, 709, 704, 700, 697, 691, 691, 688, 683, 681, 680, 677, 675, 674, 672, 671, 670, 670, 669, 669, 669, 669, 669, 670, 671, 672, 673, 674, 676, 678, 680, 682, 684, 687, 690, 693, 697, 700, 703, 708, 712, 717, 721, 731, 736, 742, 748, 753, 759, 768]
[0, 764, 758, 751, 746, 740, 734, 730, 724, 719, 715, 711, 705, 701, 697, 694, 692, 689, 686, 684, 681, 680, 678, 675, 673, 671, 670, 669, 669, 669, 669, 668, 668, 669, 670, 670, 670, 671, 674, 677, 677, 679, 682, 685, 687, 689, 692, 698, 700, 707, 711, 714, 718, 725, 731, 734, 740, 746, 753, 759, 764]
[0, 770, 763, 755, 748, 743, 738, 732, 727, 723, 717, 713, 709, 704, 697, 694, 694, 690, 685, 683, 681, 679, 676, 675, 673, 672, 671, 670, 668, 667, 667, 667, 669, 669, 669, 670, 671, 673, 674, 676, 678, 680, 682, 684, 686, 690, 693, 695, 700, 703, 708, 714, 718, 720, 726, 732, 736, 742, 756, 763, 769]
[0, 770, 762, 755, 748, 743, 738, 732, 727, 723, 717, 712, 709, 704, 697, 693, 694, 690, 685, 683, 681, 679, 676, 674, 673, 671, 670, 670, 669, 668, 667, 666, 667, 668, 669, 670, 670, 672, 673, 675, 677, 679, 681, 684, 687, 690, 693, 695, 697, 702, 710, 714, 719, 723, 729, 735, 742, 748, 754, 760, 766]
[0, 769, 761, 754, 748, 742, 737, 732, 725, 720, 718, 713, 707, 702, 700, 697, 693, 691, 688, 685, 683, 681, 677, 674, 673, 671, 670, 669, 669, 668, 667, 665, 666, 668, 669, 670, 671, 672, 673, 674, 677, 679, 681, 684, 687, 690, 693, 695, 697, 702, 706, 716, 719, 726, 730, 735, 741, 747, 753, 759, 767]
[0, 770, 762, 755, 748, 742, 738, 732, 725, 721, 716, 712, 708, 703, 700, 696, 693, 687, 685, 682, 683, 680, 675, 672, 671, 671, 670, 669, 668, 667, 667, 666, 667, 669, 669, 670, 671, 672, 674, 675, 677, 679, 681, 683, 685, 688, 692, 695, 698, 703, 707, 712, 715, 726, 730, 736, 741, 747, 753, 759, 767]
[0, 770, 762, 754, 748, 742, 737, 732, 727, 722, 717, 713, 704, 700, 700, 693, 693, 687, 684, 682, 680, 678, 676, 673, 672, 670, 669, 669, 668, 668, 667, 666, 667, 668, 669, 669, 670, 671, 673, 674, 676, 679, 681, 683, 685, 688, 692, 695, 697, 702, 706, 714, 719, 725, 729, 735, 741, 750, 756, 760, 766]
[0, 765, 759, 752, 745, 740, 735, 729, 724, 719, 715, 711, 706, 702, 698, 694, 692, 689, 686, 684, 681, 679, 678, 673, 672, 670, 669, 669, 668, 668, 667, 667, 668, 668, 669, 670, 670, 671, 672, 674, 677, 679, 680, 682, 686, 689, 691, 694, 701, 706, 706, 714, 718, 724, 729, 735, 740, 750, 756, 758, 765]
[0, 769, 762, 754, 747, 742, 737, 732, 726, 721, 716, 712, 708, 703, 699, 696, 693, 687, 686, 684, 680, 678, 675, 675, 673, 672, 670, 669, 668, 667, 667, 667, 666, 667, 670, 670, 672, 673, 672, 675, 678, 679, 681, 684, 686, 689, 692, 696, 700, 706, 711, 715, 718, 721, 727, 732, 736, 742, 748, 754, 760]
[0, 767, 759, 754, 746, 740, 735, 731, 725, 720, 716, 711, 706, 702, 699, 695, 692, 690, 687, 684, 681, 678, 677, 673, 671, 670, 669, 668, 668, 667, 667, 666, 667, 668, 668, 668, 670, 671, 672, 673, 675, 678, 681, 683, 687, 691, 692, 694, 697, 701, 706, 716, 718, 725, 730, 735, 741, 746, 752, 759, 767]
[0, 768, 760, 753, 747, 741, 736, 731, 725, 720, 716, 712, 708, 702, 699, 696, 693, 687, 687, 684, 682, 680, 677, 676, 673, 672, 671, 670, 668, 666, 667, 667, 667, 669, 669, 670, 671, 673, 674, 675, 677, 679, 680, 682, 686, 690, 692, 696, 699, 703, 707, 712, 716, 726, 730, 736, 741, 747, 753, 760, 767]
[0, 767, 759, 753, 747, 741, 734, 729, 725, 720, 715, 710, 706, 701, 698, 696, 693, 690, 687, 684, 682, 680, 678, 676, 671, 670, 669, 669, 669, 669, 667, 666, 667, 668, 669, 669, 670, 671, 672, 674, 676, 678, 681, 683, 686, 689, 692, 694, 697, 700, 710, 715, 719, 724, 729, 734, 740, 746, 752, 758, 765]
[0, 768, 760, 753, 747, 743, 744, 738, 726, 720, 716, 711, 708, 703, 699, 696, 693, 687, 684, 684, 680, 678, 677, 676, 674, 671, 670, 669, 668, 668, 668, 667, 667, 668, 669, 670, 671, 672, 673, 675, 676, 678, 679, 682, 686, 689, 692, 694, 697, 700, 704, 710, 719, 725, 730, 735, 740, 746, 752, 758, 765]
[0, 765, 757, 750, 745, 740, 732, 727, 724, 719, 715, 711, 706, 702, 698, 695, 692, 689, 686, 683, 681, 679, 678, 674, 671, 670, 669, 668, 669, 668, 667, 667, 668, 668, 669, 670, 670, 671, 672, 673, 674, 677, 680, 682, 689, 689, 694, 697, 700, 703, 708, 713, 718, 723, 729, 734, 738, 742, 750, 757, 764]
[0, 765, 757, 750, 745, 739, 735, 730, 724, 719, 715, 711, 706, 702, 698, 695, 692, 689, 685, 683, 681, 679, 678, 676, 674, 672, 671, 670, 670, 669, 669, 668, 668, 668, 670, 670, 671, 672, 674, 676, 678, 679, 680, 682, 687, 687, 690, 696, 698, 701, 704, 710, 716, 721, 726, 731, 742, 742, 753, 760, 770]
[0, 766, 757, 750, 745, 740, 736, 731, 725, 720, 716, 711, 706, 702, 698, 694, 692, 690, 686, 683, 680, 679, 677, 676, 674, 671, 670, 669, 669, 667, 667, 668, 668, 669, 669, 670, 671, 672, 672, 674, 677, 679, 680, 682, 686, 689, 692, 694, 696, 701, 704, 710, 716, 721, 726, 731, 740, 747, 753, 759, 767]
[0, 772, 763, 747, 742, 740, 737, 732, 722, 718, 713, 711, 705, 700, 697, 694, 691, 688, 684, 682, 679, 677, 674, 676, 673, 671, 670, 669, 669, 667, 667, 668, 668, 669, 669, 670, 671, 672, 672, 674, 678, 679, 681, 683, 686, 689, 692, 695, 698, 701, 705, 710, 716, 721, 726, 732, 736, 742, 748, 754, 761]
[0, 765, 757, 750, 745, 739, 735, 730, 723, 719, 715, 710, 706, 702, 697, 694, 691, 688, 685, 683, 681, 679, 676, 673, 672, 671, 670, 669, 669, 669, 668, 668, 668, 669, 668, 668, 670, 670, 672, 674, 675, 678, 681, 682, 685, 688, 692, 694, 699, 703, 708, 713, 718, 723, 728, 733, 739, 744, 750, 757, 764]
[0, 767, 759, 753, 747, 740, 734, 727, 722, 718, 713, 707, 703, 698, 695, 691, 688, 686, 682, 679, 679, 677, 674, 672, 672, 671, 670, 669, 668, 668, 667, 668, 669, 668, 668, 669, 670, 670, 671, 675, 675, 678, 681, 684, 686, 689, 692, 693, 697, 701, 707, 712, 716, 721, 726, 732, 736, 742, 748, 754, 761]
[0, 767, 763, 757, 749, 741, 730, 727, 720, 715, 709, 704, 700, 697, 693, 690, 687, 684, 682, 678, 676, 675, 673, 673, 672, 671, 669, 667, 666, 667, 670, 668, 668, 668, 669, 668, 669, 671, 673, 675, 677, 678, 680, 682, 685, 686, 689, 692, 696, 700, 704, 710, 715, 720, 725, 735, 740, 747, 753, 759, 766]
[0, 767, 762, 756, 741, 741, 730, 724, 720, 715, 709, 704, 700, 696, 693, 691, 688, 684, 682, 678, 676, 675, 673, 672, 671, 668, 667, 667, 666, 667, 667, 667, 668, 668, 669, 670, 670, 671, 672, 674, 675, 681, 682, 682, 686, 690, 693, 694, 698, 701, 706, 713, 718, 723, 727, 732, 737, 742, 750, 757, 764]
[0, 763, 757, 750, 743, 736, 730, 724, 720, 716, 709, 705, 700, 696, 693, 690, 687, 685, 681, 678, 677, 674, 672, 672, 670, 668, 666, 667, 666, 666, 666, 667, 667, 667, 668, 669, 669, 671, 672, 673, 675, 677, 680, 684, 686, 689, 693, 694, 698, 702, 707, 712, 717, 722, 728, 733, 739, 744, 749, 756, 763]
[0, 767, 759, 753, 746, 739, 733, 727, 721, 718, 713, 706, 702, 698, 694, 691, 689, 686, 682, 679, 677, 676, 674, 671, 670, 668, 667, 667, 666, 666, 666, 667, 667, 668, 669, 669, 670, 671, 672, 673, 676, 679, 680, 684, 686, 694, 697, 694, 698, 701, 706, 712, 717, 722, 726, 732, 737, 742, 749, 755, 762]
[0, 763, 757, 750, 742, 735, 730, 724, 720, 715, 709, 704, 700, 696, 693, 690, 687, 685, 681, 678, 676, 675, 673, 671, 671, 669, 667, 668, 667, 667, 667, 667, 667, 667, 668, 668, 669, 671, 673, 675, 677, 678, 679, 682, 685, 686, 689, 692, 696, 700, 704, 709, 715, 725, 730, 732, 740, 747, 753, 759, 766]
[0, 770, 755, 748, 740, 735, 735, 724, 719, 715, 709, 704, 700, 696, 693, 690, 686, 685, 682, 678, 676, 674, 673, 671, 670, 668, 667, 667, 666, 666, 666, 667, 667, 668, 668, 669, 670, 671, 672, 673, 674, 679, 679, 684, 687, 686, 691, 694, 698, 702, 707, 712, 717, 722, 727, 732, 737, 742, 749, 756, 763]
[0, 769, 762, 754, 747, 740, 734, 730, 725, 718, 714, 704, 700, 699, 693, 691, 687, 684, 680, 678, 676, 673, 672, 672, 670, 668, 667, 667, 667, 666, 666, 667, 667, 667, 667, 668, 670, 670, 671, 673, 674, 677, 679, 681, 684, 686, 691, 694, 698, 703, 707, 712, 717, 722, 728, 732, 738, 743, 750, 757, 763]
[0, 766, 758, 750, 744, 739, 733, 726, 721, 716, 711, 707, 702, 698, 694, 691, 690, 687, 682, 680, 679, 676, 674, 672, 669, 668, 668, 668, 667, 666, 667, 667, 667, 668, 667, 668, 670, 670, 672, 673, 675, 678, 679, 680, 683, 687, 691, 693, 696, 699, 710, 715, 719, 724, 729, 734, 740, 745, 752, 756, 762]
[0, 766, 758, 750, 744, 739, 733, 726, 720, 716, 711, 707, 702, 698, 694, 691, 688, 686, 682, 679, 678, 676, 673, 671, 671, 671, 669, 667, 666, 666, 667, 667, 667, 668, 668, 669, 670, 671, 671, 674, 677, 679, 680, 682, 685, 688, 691, 692, 696, 700, 704, 710, 715, 719, 724, 730, 735, 747, 753, 757, 765]
[0, 764, 757, 750, 744, 738, 733, 727, 719, 714, 711, 706, 702, 698, 694, 691, 689, 688, 683, 680, 678, 675, 673, 671, 670, 670, 667, 666, 666, 667, 666, 667, 667, 667, 668, 668, 669, 670, 672, 674, 676, 678, 679, 682, 684, 686, 689, 692, 696, 700, 704, 709, 715, 719, 724, 730, 740, 746, 752, 757, 765]
[0, 765, 757, 750, 744, 738, 733, 726, 720, 716, 712, 706, 702, 698, 694, 691, 689, 686, 682, 680, 678, 675, 673, 672, 670, 669, 669, 668, 668, 667, 667, 667, 668, 668, 669, 669, 669, 671, 673, 675, 677, 678, 680, 683, 686, 686, 689, 694, 698, 701, 705, 710, 716, 721, 726, 731, 736, 742, 750, 754, 759]
[0, 766, 758, 752, 746, 739, 733, 727, 723, 719, 713, 707, 702, 699, 695, 691, 689, 686, 682, 679, 677, 675, 673, 672, 670, 669, 668, 667, 666, 666, 667, 667, 667, 667, 668, 668, 669, 670, 671, 672, 675, 678, 680, 683, 686, 682, 684, 694, 697, 700, 704, 710, 715, 720, 725, 731, 735, 741, 746, 757, 766]
[0, 763, 758, 748, 740, 735, 730, 724, 718, 713, 709, 704, 700, 696, 693, 690, 688, 685, 681, 678, 676, 674, 672, 672, 670, 670, 669, 668, 666, 666, 667, 666, 666, 667, 668, 668, 669, 670, 672, 674, 676, 678, 679, 682, 684, 686, 689, 692, 695, 699, 704, 709, 714, 719, 724, 729, 740, 745, 750, 757, 765]
[0, 765, 757, 751, 745, 738, 733, 726, 719, 715, 712, 706, 702, 698, 694, 691, 689, 686, 682, 679, 678, 675, 673, 671, 670, 668, 667, 667, 666, 666, 666, 667, 667, 667, 667, 668, 669, 670, 671, 673, 674, 676, 679, 681, 684, 687, 691, 694, 698, 702, 707, 712, 717, 722, 728, 732, 737, 743, 748, 755, 763]
[0, 765, 757, 750, 744, 738, 732, 727, 721, 716, 712, 706, 702, 698, 695, 692, 688, 686, 683, 679, 677, 674, 672, 671, 670, 669, 668, 668, 668, 667, 666, 667, 667, 667, 668, 668, 669, 671, 672, 674, 676, 678, 680, 683, 686, 686, 689, 694, 698, 701, 704, 710, 715, 720, 725, 731, 736, 742, 747, 754, 761]
