[0, 0, 0, 0, 0, 0, 0, 0, 0, 0, 0, 0, 0, 0, 0, 0, 0, 0, 0, 0, 0, 0, 0, 0, 0, 0, 0, 0, 0, 0, 0, 0, 0, 0, 0, 0, 0, 0, 0, 0, 0, 0, 0, 0, 0, 0, 0, 0, 0, 0, 0, 0, 0, 0, 0, 0, 0, 0, 0, 0, 0]
[0, 538, 534, 529, 526, 522, 519, 512, 509, 506, 504, 502, 500, 498, 496, 494, 492, 491, 489, 488, 487, 485, 484, 484, 484, 484, 484, 483, 483, 483, 483, 483, 483, 484, 484, 485, 486, 489, 491, 494, 496, 497, 498, 500, 502, 506, 508, 513, 514, 520, 523, 527, 531, 534, 539, 543, 547, 553, 562, 568, 573]
[0, 539, 534, 527, 523, 519, 515, 512, 510, 507, 504, 502, 500, 498, 497, 495, 492, 491, 490, 488, 487, 485, 484, 484, 484, 484, 484, 484, 483, 483, 483, 484, 484, 484, 484, 486, 487, 488, 489, 492, 494, 496, 497, 502, 504, 507, 509, 513, 515, 518, 521, 525, 529, 534, 537, 542, 546, 556, 561, 566, 572]
[0, 536, 532, 528, 524, 520, 518, 515, 512, 509, 505, 503, 501, 499, 498, 493, 492, 490, 489, 488, 486, 485, 484, 484, 484, 484, 484, 483, 483, 483, 484, 484, 484, 485, 485, 485, 487, 488, 490, 494, 494, 497, 499, 501, 504, 506, 509, 511, 514, 517, 521, 524, 528, 533, 538, 546, 550, 556, 560, 565, 572]
[0, 537, 533, 530, 526, 522, 519, 515, 512, 506, 505, 504, 499, 498, 496, 494, 492, 491, 489, 488, 486, 485, 484, 484, 484, 484, 483, 483, 483, 483, 483, 483, 483, 484, 485, 485, 487, 488, 491, 494, 496, 497, 499, 501, 502, 506, 509, 511, 513, 516, 520, 528, 532, 536, 540, 544, 549, 554, 558, 564, 570]
[0, 538, 534, 529, 526, 519, 515, 515, 509, 506, 506, 502, 500, 498, 496, 494, 492, 490, 489, 488, 487, 486, 484, 484, 484, 484, 483, 483, 483, 483, 483, 483, 484, 484, 485, 485, 486, 489, 491, 493, 494, 496, 498, 500, 503, 506, 510, 511, 513, 520, 523, 527, 531, 534, 539, 543, 548, 553, 558, 568, 574]
[0, 538, 534, 527, 523, 519, 515, 512, 510, 507, 504, 502, 500, 498, 497, 495, 492, 491, 490, 488, 487, 485, 484, 484, 484, 484, 484, 483, 483, 482, 483, 483, 484, 484, 485, 486, 488, 489, 491, 494, 495, 496, 498, 500, 506, 508, 510, 513, 516, 519, 522, 526, 530, 534, 537, 542, 547, 552, 562, 567, 573]
[0, 538, 534, 529, 526, 523, 519, 515, 512, 506, 504, 502, 500, 498, 496, 494, 492, 490, 489, 488, 487, 486, 484, 484, 484, 484, 484, 483, 483, 483, 484, 484, 484, 485, 485, 485, 487, 488, 489, 492, 494, 496, 497, 502, 504, 507, 509, 511, 514, 518, 521, 524, 529, 533, 542, 542, 546, 556, 561, 566, 572]
[0, 540, 535, 531, 527, 523, 520, 517, 514, 512, 509, 505, 503, 502, 499, 496, 495, 494, 492, 489, 488, 488, 488, 487, 484, 484, 484, 483, 483, 483, 483, 484, 484, 484, 484, 486, 488, 488, 490, 493, 495, 496, 498, 502, 504, 507, 509, 513, 515, 518, 522, 525, 529, 533, 537, 546, 551, 557, 561, 566, 572]
[0, 537, 533, 528, 524, 522, 518, 515, 513, 510, 508, 505, 503, 501, 499, 498, 496, 493, 492, 492, 490, 489, 487, 487, 486, 486, 485, 486, 486, 485, 485, 486, 486, 487, 487, 489, 490, 492, 494, 496, 498, 499, 501, 504, 506, 509, 514, 517, 520, 523, 526, 530, 534, 538, 543, 547, 551, 561, 566, 572, 578]
[0, 543, 539, 535, 531, 528, 525, 522, 519, 516, 513, 511, 508, 506, 505, 503, 500, 493, 498, 497, 495, 494, 493, 493, 487, 485, 485, 486, 486, 486, 486, 486, 487, 488, 489, 489, 491, 492, 494, 498, 500, 502, 504, 507, 509, 511, 514, 517, 521, 524, 527, 534, 539, 543, 548, 553, 558, 562, 567, 572, 585]
[0, 545, 542, 538, 534, 530, 527, 524, 521, 515, 512, 510, 508, 506, 504, 502, 500, 499, 498, 497, 495, 494, 494, 494, 493, 492, 492, 492, 492, 492, 492, 492, 493, 494, 495, 497, 498, 499, 501, 502, 504, 506, 509, 511, 513, 516, 521, 517, 527, 530, 534, 538, 542, 546, 550, 555, 559, 564, 576, 582, 588]
[0, 545, 542, 538, 534, 530, 526, 521, 518, 515, 512, 510, 509, 507, 504, 502, 501, 499, 498, 497, 496, 495, 495, 494, 493, 492, 492, 492, 492, 493, 493, 493, 494, 495, 495, 496, 497, 499, 500, 502, 504, 508, 509, 513, 515, 517, 520, 524, 526, 529, 533, 537, 545, 550, 555, 558, 562, 567, 573, 578, 585]
[0, 546, 542, 538, 535, 531, 527, 524, 522, 519, 517, 514, 512, 509, 507, 505, 502, 499, 501, 500, 499, 498, 497, 496, 493, 492, 492, 492, 493, 493, 492, 493, 494, 494, 495, 496, 497, 498, 502, 503, 506, 508, 510, 512, 514, 518, 521, 523, 525, 532, 533, 539, 543, 548, 552, 557, 562, 566, 571, 583, 585]
[0, 545, 541, 538, 534, 531, 527, 524, 522, 519, 517, 514, 511, 509, 507, 505, 503, 501, 501, 500, 499, 498, 497, 496, 496, 495, 495, 495, 495, 496, 496, 497, 497, 498, 499, 499, 501, 502, 504, 506, 508, 510, 512, 515, 520, 522, 524, 528, 531, 534, 538, 541, 545, 550, 558, 557, 568, 573, 579, 585, 590]
[0, 546, 542, 538, 534, 531, 527, 524, 522, 519, 516, 514, 512, 510, 506, 505, 503, 502, 501, 500, 499, 498, 497, 496, 496, 495, 495, 495, 495, 496, 496, 496, 497, 498, 498, 499, 501, 502, 504, 506, 508, 510, 512, 514, 519, 522, 524, 527, 530, 534, 537, 542, 549, 554, 558, 563, 567, 572, 577, 584, 589]
[0, 547, 544, 540, 536, 533, 526, 524, 521, 518, 517, 514, 511, 509, 507, 506, 504, 503, 502, 499, 498, 498, 497, 496, 496, 496, 495, 495, 495, 495, 496, 497, 497, 498, 498, 499, 499, 501, 505, 507, 509, 511, 513, 516, 519, 520, 523, 526, 532, 536, 540, 544, 548, 552, 556, 560, 565, 570, 581, 586, 592]
[0, 549, 545, 541, 538, 531, 527, 524, 521, 519, 517, 515, 512, 510, 508, 506, 504, 503, 502, 501, 498, 500, 498, 496, 496, 496, 495, 495, 495, 496, 496, 496, 497, 497, 497, 499, 501, 502, 504, 506, 508, 510, 512, 515, 517, 522, 524, 528, 531, 535, 538, 541, 545, 550, 558, 560, 567, 573, 579, 585, 590]
[0, 547, 544, 540, 536, 533, 531, 526, 523, 521, 519, 517, 514, 511, 509, 506, 504, 503, 502, 501, 501, 499, 499, 499, 498, 498, 498, 498, 498, 498, 498, 499, 499, 500, 497, 501, 503, 505, 507, 509, 511, 513, 515, 518, 523, 525, 528, 531, 533, 537, 541, 545, 549, 553, 557, 561, 571, 577, 583, 588, 594]
[0, 548, 544, 541, 537, 534, 531, 527, 524, 522, 520, 515, 513, 511, 509, 507, 506, 504, 503, 501, 501, 500, 499, 499, 499, 498, 498, 498, 498, 498, 499, 498, 499, 500, 500, 501, 502, 503, 505, 508, 510, 513, 516, 517, 520, 523, 526, 532, 535, 538, 541, 546, 550, 554, 558, 562, 567, 579, 584, 590, 596]
[0, 547, 544, 538, 536, 534, 529, 525, 522, 521, 519, 517, 514, 512, 510, 508, 504, 503, 502, 501, 501, 500, 500, 499, 499, 498, 497, 498, 498, 498, 499, 499, 500, 500, 500, 501, 502, 503, 507, 509, 510, 513, 516, 517, 520, 523, 526, 529, 535, 538, 541, 545, 550, 554, 557, 567, 567, 578, 584, 589, 594]
[0, 552, 545, 541, 538, 535, 532, 529, 526, 524, 520, 517, 516, 514, 511, 509, 508, 506, 505, 504, 503, 502, 501, 499, 498, 498, 498, 498, 498, 498, 499, 498, 499, 500, 500, 501, 502, 503, 508, 510, 511, 513, 516, 518, 520, 523, 526, 532, 535, 538, 541, 545, 550, 554, 558, 562, 573, 578, 583, 589, 594]
[0, 552, 549, 541, 542, 538, 535, 532, 529, 527, 525, 522, 520, 518, 517, 514, 512, 510, 509, 508, 507, 506, 505, 505, 500, 500, 500, 500, 500, 500, 501, 501, 501, 502, 504, 504, 507, 503, 510, 512, 514, 517, 519, 521, 524, 526, 529, 532, 538, 542, 546, 549, 554, 558, 562, 567, 571, 582, 588, 593, 599]
[0, 558, 554, 550, 547, 544, 537, 535, 532, 529, 528, 526, 523, 521, 519, 517, 515, 514, 512, 511, 510, 509, 508, 507, 504, 504, 504, 504, 504, 505, 505, 506, 507, 508, 509, 510, 512, 514, 510, 518, 521, 523, 525, 527, 530, 533, 536, 538, 545, 549, 553, 557, 560, 565, 570, 580, 585, 590, 596, 602, 608]
[0, 564, 560, 557, 553, 549, 546, 543, 540, 538, 536, 534, 532, 528, 519, 524, 523, 521, 520, 519, 518, 517, 516, 515, 507, 506, 506, 506, 506, 506, 507, 508, 509, 509, 510, 512, 513, 514, 515, 517, 522, 523, 526, 529, 532, 535, 538, 541, 544, 547, 550, 558, 562, 567, 571, 576, 581, 586, 598, 602, 608]
[0, 567, 563, 559, 552, 549, 545, 543, 540, 538, 535, 533, 531, 529, 527, 525, 524, 521, 520, 518, 517, 517, 516, 515, 514, 506, 514, 514, 514, 514, 515, 515, 516, 517, 518, 520, 522, 524, 526, 528, 529, 531, 533, 535, 538, 541, 548, 550, 554, 558, 561, 564, 568, 579, 585, 588, 593, 598, 603, 609, 614]
[0, 573, 568, 564, 561, 558, 555, 552, 549, 546, 544, 541, 540, 538, 533, 531, 530, 529, 528, 527, 526, 525, 524, 515, 515, 515, 514, 514, 514, 514, 515, 515, 516, 517, 518, 520, 521, 523, 524, 528, 531, 533, 535, 537, 540, 543, 545, 548, 552, 559, 562, 566, 570, 575, 580, 585, 590, 595, 605, 611, 617]
[0, 577, 572, 567, 561, 558, 554, 551, 548, 546, 543, 541, 539, 537, 535, 533, 531, 529, 528, 526, 525, 525, 524, 523, 523, 522, 522, 522, 522, 523, 523, 523, 524, 526, 527, 528, 529, 531, 534, 536, 537, 539, 542, 544, 549, 552, 555, 558, 561, 564, 568, 573, 583, 587, 592, 596, 601, 606, 612, 623, 617]
[0, 579, 574, 570, 566, 563, 557, 554, 551, 548, 547, 545, 542, 539, 537, 535, 534, 533, 530, 529, 528, 527, 526, 526, 524, 523, 523, 522, 523, 523, 523, 523, 524, 525, 526, 528, 529, 531, 532, 536, 538, 540, 543, 546, 548, 551, 554, 560, 563, 567, 570, 575, 579, 583, 594, 597, 603, 608, 613, 618, 625]
[0, 576, 571, 567, 564, 560, 557, 555, 552, 550, 547, 544, 542, 540, 537, 534, 533, 532, 530, 530, 529, 528, 527, 526, 525, 525, 525, 525, 525, 526, 526, 526, 527, 528, 530, 531, 532, 534, 537, 540, 542, 544, 546, 548, 552, 555, 557, 563, 566, 570, 574, 579, 583, 587, 593, 601, 606, 611, 617, 622, 630]
[0, 583, 578, 574, 565, 563, 559, 556, 553, 550, 549, 548, 546, 544, 542, 538, 537, 535, 534, 533, 533, 532, 531, 531, 526, 525, 525, 525, 525, 526, 526, 526, 527, 530, 531, 532, 533, 533, 536, 539, 541, 543, 545, 551, 554, 557, 559, 562, 565, 569, 573, 577, 587, 591, 595, 600, 605, 610, 614, 619, 628]
[0, 593, 589, 584, 581, 578, 573, 569, 563, 561, 559, 557, 555, 553, 551, 548, 547, 546, 544, 533, 542, 541, 540, 539, 530, 530, 530, 530, 530, 530, 531, 532, 533, 533, 535, 537, 539, 542, 543, 545, 547, 549, 552, 554, 560, 563, 566, 569, 573, 576, 580, 585, 589, 597, 602, 607, 612, 618, 623, 629, 636]
[0, 594, 587, 583, 579, 575, 571, 567, 564, 562, 560, 558, 555, 552, 550, 548, 547, 545, 544, 543, 542, 542, 541, 540, 539, 538, 538, 539, 539, 540, 541, 541, 542, 543, 544, 546, 546, 550, 543, 554, 556, 559, 561, 563, 565, 569, 577, 580, 584, 588, 592, 595, 598, 603, 607, 617, 623, 629, 636, 642, 649]
[0, 593, 589, 584, 580, 577, 573, 566, 563, 561, 559, 557, 555, 553, 551, 549, 547, 545, 544, 543, 542, 541, 541, 540, 540, 539, 539, 539, 539, 539, 540, 540, 542, 543, 545, 546, 547, 549, 551, 553, 555, 560, 562, 564, 567, 570, 574, 578, 585, 589, 592, 596, 600, 604, 610, 614, 624, 630, 636, 643, 649]
[0, 598, 590, 584, 587, 579, 575, 571, 568, 566, 564, 561, 559, 556, 554, 553, 551, 549, 548, 547, 546, 545, 544, 540, 539, 539, 539, 539, 539, 539, 540, 541, 542, 543, 544, 545, 546, 550, 551, 553, 555, 557, 560, 562, 568, 571, 575, 579, 582, 586, 594, 598, 602, 606, 610, 615, 620, 626, 638, 645, 651]
[0, 607, 603, 599, 595, 592, 588, 582, 577, 574, 572, 570, 568, 565, 564, 561, 560, 559, 558, 557, 556, 554, 554, 543, 543, 543, 543, 542, 543, 544, 544, 545, 546, 547, 548, 549, 552, 554, 557, 558, 560, 562, 566, 569, 573, 576, 580, 583, 586, 590, 598, 602, 605, 609, 615, 619, 623, 636, 642, 648, 654]
[0, 607, 604, 600, 593, 592, 586, 582, 579, 576, 573, 571, 569, 565, 564, 562, 560, 559, 558, 557, 556, 555, 555, 554, 552, 552, 552, 552, 553, 553, 554, 555, 555, 557, 558, 559, 562, 564, 565, 568, 570, 572, 575, 580, 583, 587, 590, 593, 596, 604, 607, 611, 616, 621, 626, 635, 640, 646, 652, 657, 664]
[0, 611, 607, 603, 600, 597, 590, 587, 583, 581, 578, 575, 573, 568, 566, 565, 564, 563, 561, 561, 560, 558, 558, 554, 553, 553, 553, 553, 553, 553, 554, 554, 555, 557, 559, 560, 561, 564, 566, 567, 571, 573, 576, 579, 582, 586, 592, 595, 598, 602, 606, 610, 618, 623, 629, 633, 639, 650, 655, 661, 668]
[0, 615, 612, 608, 604, 601, 598, 595, 592, 589, 584, 580, 578, 577, 575, 572, 569, 568, 567, 566, 565, 564, 563, 563, 557, 557, 556, 556, 557, 557, 557, 558, 559, 561, 563, 565, 567, 568, 570, 571, 576, 579, 582, 585, 588, 590, 593, 599, 603, 606, 610, 614, 618, 628, 633, 639, 645, 650, 655, 667, 673]
[0, 616, 612, 609, 606, 603, 596, 593, 591, 588, 585, 583, 580, 578, 573, 571, 570, 569, 568, 567, 567, 565, 564, 563, 562, 561, 562, 562, 562, 562, 563, 564, 565, 567, 568, 569, 573, 575, 577, 579, 581, 584, 587, 590, 595, 598, 601, 604, 607, 615, 619, 624, 629, 634, 638, 643, 654, 660, 665, 671, 678]
[0, 619, 616, 613, 607, 604, 601, 598, 595, 592, 589, 586, 584, 579, 577, 575, 573, 570, 570, 568, 567, 567, 565, 564, 562, 563, 563, 563, 563, 563, 564, 565, 566, 568, 569, 570, 574, 577, 579, 580, 582, 584, 590, 594, 596, 599, 602, 605, 612, 616, 620, 625, 630, 634, 640, 650, 656, 660, 665, 673, 688]
[0, 616, 615, 614, 614, 613, 610, 608, 605, 603, 600, 597, 595, 594, 592, 588, 586, 584, 583, 582, 581, 580, 579, 578, 564, 564, 563, 563, 563, 564, 564, 564, 566, 568, 569, 570, 573, 576, 577, 582, 584, 586, 589, 591, 594, 596, 603, 606, 609, 612, 616, 626, 630, 635, 639, 645, 651, 661, 667, 673, 681]
[0, 619, 616, 613, 612, 611, 609, 607, 604, 602, 600, 598, 594, 593, 590, 588, 587, 585, 583, 581, 581, 579, 578, 579, 578, 578, 577, 577, 577, 578, 579, 580, 582, 583, 584, 586, 589, 591, 593, 595, 596, 599, 604, 608, 611, 614, 617, 620, 624, 632, 637, 642, 647, 651, 656, 667, 672, 677, 683, 691, 699]
[0, 616, 614, 613, 611, 610, 611, 611, 610, 608, 606, 603, 600, 599, 597, 594, 592, 591, 589, 588, 585, 585, 584, 577, 577, 578, 578, 577, 578, 578, 579, 580, 581, 582, 584, 587, 589, 591, 593, 594, 596, 601, 604, 608, 610, 612, 615, 623, 627, 631, 635, 640, 645, 650, 660, 665, 671, 677, 683, 690, 697]
[0, 616, 614, 612, 610, 608, 608, 607, 606, 606, 606, 608, 608, 607, 604, 603, 602, 600, 598, 588, 596, 596, 595, 583, 583, 584, 578, 583, 583, 584, 585, 585, 588, 589, 590, 592, 593, 595, 597, 601, 605, 606, 608, 611, 614, 621, 624, 627, 632, 636, 640, 650, 654, 659, 663, 669, 675, 686, 693, 701, 709]
[0, 615, 611, 610, 609, 608, 607, 607, 606, 605, 604, 604, 605, 607, 608, 607, 605, 603, 602, 602, 602, 601, 600, 600, 595, 594, 594, 594, 594, 595, 595, 596, 598, 600, 601, 602, 603, 605, 610, 611, 613, 616, 619, 622, 625, 632, 635, 639, 643, 646, 655, 661, 665, 669, 674, 680, 693, 701, 707, 713, 719]
[0, 615, 613, 612, 611, 610, 608, 606, 605, 605, 604, 604, 604, 608, 608, 607, 605, 604, 603, 602, 601, 600, 600, 599, 598, 599, 599, 599, 599, 599, 601, 602, 603, 604, 605, 607, 608, 611, 613, 615, 618, 621, 624, 629, 632, 635, 639, 643, 646, 654, 659, 664, 669, 674, 679, 691, 697, 704, 710, 717, 724]
[0, 614, 612, 611, 607, 606, 606, 606, 605, 605, 604, 604, 603, 604, 604, 604, 608, 608, 608, 608, 607, 606, 605, 605, 600, 600, 599, 599, 599, 600, 600, 601, 602, 604, 606, 607, 609, 609, 611, 617, 619, 622, 625, 628, 631, 634, 642, 646, 649, 653, 657, 662, 671, 676, 681, 687, 694, 706, 713, 720, 729]
[0, 615, 612, 610, 609, 608, 607, 606, 605, 604, 604, 604, 603, 603, 603, 605, 605, 605, 607, 610, 611, 610, 605, 609, 605, 605, 606, 605, 606, 606, 606, 608, 609, 610, 612, 612, 615, 618, 620, 622, 625, 628, 635, 638, 640, 644, 648, 650, 657, 662, 667, 672, 676, 682, 688, 700, 706, 712, 719, 726, 741]
[0, 614, 613, 611, 608, 606, 606, 605, 605, 605, 604, 604, 604, 603, 603, 603, 603, 604, 606, 607, 610, 612, 613, 610, 610, 610, 610, 610, 611, 612, 612, 613, 614, 615, 616, 617, 618, 622, 625, 628, 631, 634, 637, 643, 646, 650, 652, 656, 659, 663, 673, 679, 684, 690, 697, 702, 714, 721, 729, 736, 744]
[0, 614, 612, 611, 607, 606, 606, 606, 604, 602, 603, 603, 602, 602, 602, 602, 603, 604, 606, 607, 608, 610, 612, 614, 613, 613, 614, 614, 615, 615, 616, 617, 618, 619, 621, 623, 625, 627, 629, 632, 635, 638, 643, 646, 649, 652, 656, 660, 668, 672, 676, 682, 687, 693, 699, 710, 715, 723, 730, 738, 746]
[0, 614, 612, 610, 607, 606, 605, 605, 604, 605, 604, 602, 602, 602, 603, 603, 603, 604, 605, 606, 608, 610, 613, 615, 617, 618, 618, 619, 618, 619, 621, 622, 624, 625, 627, 628, 630, 632, 635, 640, 643, 646, 648, 650, 654, 657, 660, 668, 673, 676, 681, 686, 692, 704, 710, 715, 721, 728, 736, 744, 758]
[0, 613, 611, 609, 607, 606, 605, 604, 603, 603, 603, 602, 602, 602, 603, 603, 603, 604, 605, 606, 607, 609, 610, 616, 618, 618, 618, 618, 619, 620, 621, 622, 623, 625, 626, 628, 630, 633, 635, 637, 640, 645, 648, 651, 653, 657, 661, 664, 672, 677, 680, 686, 692, 699, 705, 716, 722, 729, 737, 745, 752]
[0, 611, 610, 609, 608, 607, 606, 604, 603, 602, 602, 602, 603, 603, 603, 604, 604, 604, 605, 606, 606, 608, 610, 612, 614, 618, 623, 625, 625, 628, 629, 629, 630, 632, 634, 635, 639, 641, 643, 646, 648, 650, 654, 657, 662, 666, 670, 674, 677, 681, 686, 698, 703, 709, 714, 720, 728, 735, 751, 759, 766]
[0, 612, 611, 609, 608, 606, 605, 604, 603, 603, 603, 601, 601, 602, 601, 601, 602, 604, 604, 605, 607, 608, 610, 610, 613, 617, 620, 623, 625, 626, 629, 630, 631, 632, 634, 636, 637, 641, 643, 646, 648, 650, 653, 657, 659, 666, 670, 673, 678, 683, 687, 693, 704, 710, 715, 720, 728, 735, 751, 759, 766]
[0, 612, 610, 607, 607, 605, 603, 602, 602, 602, 601, 600, 600, 600, 600, 600, 602, 604, 604, 605, 607, 608, 608, 612, 613, 615, 617, 620, 624, 631, 635, 637, 638, 640, 642, 643, 646, 648, 652, 654, 656, 659, 661, 667, 671, 675, 678, 681, 690, 696, 700, 705, 710, 716, 722, 736, 743, 750, 758, 767, 774]
[0, 610, 607, 607, 606, 604, 603, 602, 601, 600, 599, 600, 600, 600, 600, 600, 600, 602, 603, 603, 606, 607, 608, 610, 611, 615, 618, 621, 624, 627, 630, 634, 639, 645, 650, 654, 656, 659, 661, 668, 672, 674, 677, 680, 684, 687, 691, 700, 704, 708, 713, 717, 722, 735, 741, 749, 757, 764, 773, 781, 795]
[0, 610, 608, 607, 604, 603, 602, 601, 600, 600, 600, 600, 600, 599, 600, 600, 600, 602, 602, 605, 607, 607, 608, 610, 611, 613, 616, 618, 624, 627, 630, 634, 638, 641, 645, 653, 658, 662, 668, 672, 680, 684, 687, 692, 696, 699, 703, 706, 715, 719, 725, 731, 736, 742, 749, 756, 770, 778, 786, 795, 803]
[0, 608, 607, 606, 605, 603, 602, 602, 601, 600, 599, 599, 598, 599, 599, 600, 601, 602, 602, 603, 605, 606, 607, 610, 611, 613, 616, 618, 623, 627, 630, 634, 638, 640, 643, 653, 658, 662, 667, 672, 676, 681, 689, 693, 698, 701, 703, 708, 713, 721, 728, 733, 739, 745, 751, 758, 772, 781, 791, 799, 807]
[0, 609, 607, 606, 605, 603, 602, 601, 601, 600, 599, 598, 598, 598, 600, 601, 600, 600, 601, 602, 603, 604, 608, 608, 610, 613, 617, 619, 622, 625, 629, 633, 636, 644, 648, 652, 656, 659, 664, 670, 681, 685, 690, 695, 699, 702, 707, 714, 718, 723, 729, 734, 740, 747, 754, 767, 775, 783, 792, 801, 808]
[0, 609, 607, 605, 603, 602, 601, 600, 599, 598, 598, 598, 598, 598, 598, 601, 600, 600, 600, 601, 603, 604, 607, 610, 612, 613, 614, 617, 620, 623, 630, 634, 637, 640, 644, 649, 653, 662, 666, 671, 677, 684, 689, 702, 710, 714, 718, 724, 729, 734, 740, 751, 757, 763, 770, 777, 785, 793, 809, 817, 825]
[0, 608, 607, 605, 603, 601, 600, 599, 599, 598, 597, 597, 598, 598, 597, 597, 598, 600, 600, 601, 602, 603, 606, 609, 611, 612, 614, 616, 619, 623, 629, 631, 636, 640, 643, 651, 656, 660, 664, 670, 675, 680, 692, 698, 705, 711, 719, 726, 737, 743, 750, 756, 762, 768, 781, 788, 796, 805, 813, 820, 827]
[0, 609, 607, 605, 603, 601, 601, 601, 600, 599, 598, 597, 598, 598, 598, 597, 599, 600, 601, 602, 603, 605, 605, 607, 610, 611, 614, 616, 618, 624, 629, 632, 636, 640, 643, 651, 655, 660, 664, 668, 673, 680, 691, 698, 705, 711, 719, 726, 734, 748, 759, 766, 772, 778, 793, 800, 808, 816, 823, 830, 838]
[0, 608, 606, 605, 604, 601, 599, 598, 599, 598, 597, 597, 597, 598, 597, 597, 598, 600, 600, 601, 602, 604, 606, 609, 611, 612, 614, 616, 618, 623, 627, 631, 635, 639, 642, 650, 655, 659, 663, 669, 674, 685, 690, 695, 702, 710, 724, 731, 738, 747, 755, 763, 770, 783, 790, 797, 805, 813, 827, 835, 843]
[0, 608, 607, 605, 603, 602, 600, 600, 599, 598, 597, 598, 597, 597, 597, 597, 598, 599, 600, 601, 602, 604, 606, 607, 609, 611, 613, 616, 620, 623, 626, 629, 633, 640, 644, 648, 653, 657, 665, 671, 675, 680, 686, 698, 704, 711, 719, 726, 740, 748, 758, 765, 771, 785, 792, 800, 808, 814, 821, 835, 843]
[0, 607, 606, 605, 604, 602, 601, 600, 598, 598, 597, 598, 597, 597, 597, 597, 597, 599, 601, 601, 603, 605, 605, 606, 610, 611, 613, 615, 620, 623, 625, 629, 633, 640, 644, 648, 653, 657, 665, 670, 675, 680, 687, 699, 705, 712, 718, 726, 734, 751, 759, 766, 774, 780, 795, 802, 812, 818, 824, 830, 849]
[0, 608, 606, 604, 603, 602, 600, 598, 598, 598, 597, 597, 597, 596, 596, 597, 598, 599, 600, 601, 601, 602, 605, 606, 607, 611, 614, 617, 619, 622, 628, 631, 635, 640, 644, 647, 655, 659, 664, 668, 673, 685, 691, 698, 704, 711, 718, 734, 740, 748, 757, 765, 772, 786, 794, 802, 808, 814, 823, 839, 848]
[0, 607, 606, 604, 602, 601, 600, 597, 595, 596, 597, 596, 595, 596, 597, 597, 598, 598, 598, 599, 600, 602, 604, 606, 608, 610, 613, 615, 618, 620, 627, 631, 635, 639, 642, 646, 653, 657, 662, 668, 678, 683, 691, 697, 704, 709, 715, 723, 737, 746, 754, 763, 773, 793, 804, 815, 827, 837, 846, 865, 873]
[0, 607, 605, 603, 601, 599, 599, 597, 596, 596, 596, 595, 594, 596, 597, 597, 597, 597, 598, 600, 600, 602, 603, 603, 609, 611, 612, 614, 616, 619, 623, 626, 630, 638, 642, 647, 650, 655, 659, 668, 673, 680, 686, 692, 699, 705, 712, 728, 737, 745, 754, 763, 773, 781, 805, 815, 828, 840, 852, 866, 877]
[0, 605, 603, 603, 602, 599, 598, 598, 597, 595, 595, 595, 596, 596, 595, 596, 597, 597, 598, 600, 601, 601, 603, 605, 607, 610, 612, 613, 616, 619, 622, 626, 633, 637, 642, 646, 650, 655, 659, 663, 673, 680, 686, 692, 699, 705, 712, 720, 736, 744, 753, 764, 774, 784, 795, 806, 830, 842, 854, 867, 881]
[0, 605, 603, 602, 602, 599, 598, 598, 595, 595, 595, 594, 595, 595, 595, 596, 596, 595, 598, 599, 600, 601, 603, 604, 606, 607, 609, 611, 618, 619, 622, 626, 630, 634, 638, 642, 651, 656, 660, 665, 670, 676, 682, 688, 702, 709, 716, 723, 730, 740, 749, 758, 776, 787, 799, 811, 823, 835, 846, 874, 888]
[0, 605, 603, 601, 599, 598, 597, 596, 595, 594, 594, 594, 594, 593, 594, 594, 595, 595, 595, 597, 599, 601, 602, 604, 605, 607, 609, 611, 614, 620, 623, 627, 630, 634, 638, 642, 646, 657, 661, 665, 670, 677, 683, 689, 696, 703, 710, 725, 733, 742, 750, 759, 769, 778, 789, 815, 825, 837, 852, 865, 877]
[0, 604, 603, 602, 601, 599, 598, 596, 595, 595, 594, 594, 593, 594, 595, 595, 595, 595, 596, 597, 598, 600, 602, 603, 605, 607, 609, 611, 614, 617, 619, 625, 630, 635, 639, 642, 646, 651, 656, 666, 670, 676, 683, 690, 697, 705, 711, 719, 726, 743, 751, 760, 772, 783, 791, 803, 817, 839, 852, 866, 880]
[0, 604, 603, 601, 600, 599, 597, 596, 595, 594, 593, 593, 593, 593, 594, 593, 593, 595, 596, 597, 597, 600, 601, 604, 605, 607, 608, 610, 613, 616, 619, 626, 630, 634, 638, 642, 646, 651, 656, 661, 670, 676, 683, 690, 696, 703, 711, 719, 726, 743, 751, 761, 771, 782, 792, 804, 817, 828, 855, 867, 881]
[0, 604, 602, 601, 599, 598, 597, 595, 594, 593, 593, 594, 594, 594, 593, 593, 593, 595, 596, 596, 598, 599, 601, 602, 604, 606, 608, 610, 613, 616, 619, 625, 630, 634, 638, 642, 646, 651, 655, 660, 670, 676, 682, 688, 695, 703, 710, 719, 727, 734, 742, 752, 773, 784, 794, 807, 818, 829, 843, 856, 883]
[0, 603, 601, 600, 599, 597, 596, 596, 595, 594, 593, 593, 593, 593, 593, 594, 594, 595, 595, 596, 597, 597, 598, 600, 603, 605, 607, 611, 616, 619, 622, 625, 628, 633, 638, 641, 646, 651, 655, 659, 670, 676, 682, 688, 695, 702, 711, 719, 725, 734, 752, 762, 771, 781, 792, 803, 815, 827, 840, 854, 882]
[0, 603, 602, 600, 599, 597, 596, 595, 594, 593, 593, 592, 592, 593, 593, 593, 593, 593, 594, 596, 597, 598, 599, 600, 602, 606, 608, 610, 613, 616, 619, 623, 626, 630, 639, 643, 647, 652, 656, 661, 666, 672, 677, 683, 690, 705, 711, 720, 730, 738, 745, 753, 763, 774, 796, 808, 819, 830, 843, 858, 872]
[0, 604, 603, 601, 598, 597, 596, 595, 594, 594, 593, 593, 593, 592, 592, 592, 592, 593, 595, 596, 597, 600, 601, 601, 603, 605, 607, 610, 612, 617, 619, 623, 628, 633, 636, 639, 644, 648, 654, 658, 669, 674, 680, 686, 692, 699, 707, 714, 723, 741, 750, 758, 769, 781, 791, 804, 814, 825, 840, 866, 879]
[0, 603, 601, 600, 598, 596, 594, 594, 594, 591, 591, 592, 590, 591, 592, 592, 592, 593, 594, 596, 596, 597, 599, 601, 604, 606, 608, 611, 614, 616, 618, 622, 628, 633, 637, 641, 646, 651, 655, 660, 664, 669, 675, 688, 695, 703, 710, 718, 726, 734, 742, 751, 771, 782, 793, 804, 815, 828, 841, 854, 868]
[0, 602, 601, 599, 598, 596, 594, 595, 593, 592, 591, 592, 592, 591, 590, 591, 593, 593, 593, 595, 596, 598, 599, 601, 603, 604, 606, 610, 614, 615, 618, 621, 625, 630, 634, 639, 643, 647, 652, 662, 667, 672, 677, 685, 692, 698, 705, 713, 720, 728, 746, 755, 766, 777, 787, 798, 811, 823, 836, 863, 877]
[0, 603, 601, 599, 598, 596, 594, 594, 593, 591, 591, 591, 590, 590, 591, 592, 592, 593, 594, 595, 596, 597, 599, 600, 602, 604, 607, 608, 611, 615, 617, 625, 628, 632, 637, 641, 644, 648, 653, 659, 664, 669, 675, 687, 694, 701, 709, 717, 724, 733, 742, 751, 762, 772, 792, 806, 818, 829, 841, 855, 870]
[0, 603, 602, 600, 598, 597, 595, 594, 593, 593, 591, 592, 591, 591, 591, 592, 594, 594, 594, 595, 596, 597, 598, 599, 602, 604, 607, 608, 610, 617, 619, 623, 626, 630, 635, 640, 644, 648, 653, 658, 662, 674, 679, 685, 693, 701, 707, 715, 723, 730, 739, 750, 769, 779, 790, 803, 815, 826, 838, 852, 866]
[0, 603, 602, 600, 598, 596, 593, 594, 592, 592, 591, 589, 589, 589, 590, 591, 592, 592, 592, 594, 595, 596, 599, 599, 601, 605, 607, 610, 613, 615, 618, 622, 626, 629, 632, 641, 646, 651, 656, 660, 664, 669, 676, 682, 689, 696, 704, 719, 726, 734, 743, 754, 764, 774, 785, 796, 809, 831, 846, 859, 872]
[0, 603, 601, 598, 597, 596, 595, 594, 592, 591, 591, 591, 590, 590, 589, 591, 591, 592, 593, 595, 596, 597, 598, 600, 603, 605, 606, 607, 610, 613, 616, 619, 623, 626, 630, 639, 644, 649, 655, 659, 663, 669, 674, 680, 687, 700, 707, 716, 723, 731, 742, 751, 760, 770, 781, 792, 816, 828, 840, 855, 869]
[0, 608, 605, 603, 601, 599, 596, 594, 593, 592, 591, 588, 590, 589, 588, 589, 589, 590, 591, 593, 594, 595, 597, 598, 601, 603, 607, 608, 611, 614, 617, 621, 625, 629, 634, 638, 641, 646, 651, 655, 665, 670, 676, 684, 691, 697, 704, 712, 720, 728, 737, 756, 766, 777, 788, 798, 811, 824, 837, 850, 863]
[0, 612, 609, 606, 604, 601, 598, 596, 593, 592, 591, 589, 589, 589, 588, 589, 589, 590, 592, 593, 595, 596, 597, 598, 600, 605, 607, 608, 611, 614, 616, 618, 622, 626, 631, 635, 639, 643, 648, 658, 663, 668, 674, 680, 687, 693, 701, 710, 719, 726, 741, 751, 761, 771, 783, 794, 806, 819, 831, 844, 873]
[0, 612, 610, 607, 604, 602, 600, 596, 594, 593, 592, 590, 589, 589, 588, 589, 589, 590, 591, 593, 595, 595, 595, 597, 600, 603, 604, 607, 608, 610, 612, 619, 623, 627, 632, 636, 640, 645, 650, 655, 659, 664, 670, 676, 683, 698, 706, 713, 720, 728, 738, 749, 758, 768, 780, 791, 816, 828, 839, 853, 867]
[0, 612, 615, 613, 611, 609, 607, 605, 603, 602, 600, 598, 597, 595, 595, 595, 593, 593, 594, 595, 594, 595, 596, 597, 600, 602, 604, 605, 607, 610, 613, 620, 624, 628, 633, 638, 642, 645, 651, 657, 662, 666, 672, 679, 685, 691, 698, 706, 723, 732, 741, 749, 759, 771, 782, 793, 805, 819, 830, 843, 858]
[0, 619, 617, 614, 612, 611, 609, 607, 603, 601, 599, 598, 596, 595, 595, 595, 594, 594, 594, 594, 595, 596, 596, 597, 600, 602, 605, 605, 609, 612, 615, 618, 623, 627, 631, 635, 640, 644, 648, 654, 658, 663, 669, 683, 685, 695, 704, 712, 719, 728, 738, 746, 755, 768, 778, 789, 802, 814, 839, 853, 868]
[0, 618, 617, 615, 611, 609, 609, 608, 607, 605, 605, 604, 604, 605, 605, 605, 604, 605, 606, 607, 608, 608, 609, 610, 600, 602, 603, 606, 608, 610, 616, 620, 623, 624, 632, 636, 640, 645, 650, 655, 660, 666, 670, 677, 684, 691, 698, 706, 722, 731, 740, 749, 759, 770, 782, 793, 805, 818, 830, 843, 858]
[0, 618, 615, 613, 612, 610, 609, 608, 606, 606, 605, 605, 605, 605, 605, 605, 605, 605, 606, 607, 608, 609, 610, 612, 611, 612, 613, 614, 617, 619, 622, 624, 626, 628, 632, 636, 640, 644, 649, 654, 659, 663, 669, 674, 681, 695, 702, 709, 718, 727, 736, 745, 755, 766, 777, 789, 801, 813, 825, 853, 867]
[0, 618, 615, 613, 612, 610, 609, 608, 606, 606, 605, 605, 604, 604, 605, 605, 605, 605, 606, 607, 608, 609, 610, 612, 616, 618, 613, 621, 622, 624, 627, 630, 633, 635, 638, 642, 645, 648, 651, 654, 659, 664, 669, 674, 680, 694, 702, 709, 718, 726, 734, 745, 755, 766, 777, 789, 801, 813, 825, 841, 854]
[0, 618, 615, 613, 611, 609, 608, 608, 606, 605, 605, 604, 603, 604, 605, 604, 604, 605, 606, 607, 608, 609, 611, 612, 614, 619, 613, 621, 621, 623, 625, 630, 633, 636, 639, 642, 645, 649, 653, 657, 661, 665, 670, 675, 683, 689, 695, 703, 712, 728, 734, 747, 758, 769, 781, 792, 804, 817, 830, 843, 857]
[0, 618, 616, 614, 612, 610, 608, 608, 607, 606, 606, 605, 604, 603, 604, 604, 605, 605, 607, 608, 608, 610, 612, 613, 615, 617, 619, 622, 624, 628, 631, 633, 636, 639, 649, 653, 656, 659, 663, 666, 670, 675, 680, 686, 692, 697, 703, 710, 717, 724, 732, 741, 750, 760, 784, 792, 795, 820, 832, 846, 862]
[0, 617, 616, 613, 611, 610, 609, 607, 606, 606, 605, 604, 604, 604, 603, 605, 605, 606, 606, 606, 608, 609, 611, 613, 615, 618, 621, 623, 626, 629, 632, 635, 638, 641, 646, 650, 654, 657, 660, 664, 668, 677, 682, 688, 694, 700, 706, 712, 719, 727, 736, 745, 755, 765, 776, 788, 801, 813, 825, 838, 852]
[0, 617, 615, 613, 611, 610, 609, 607, 606, 606, 605, 604, 604, 604, 604, 605, 604, 605, 606, 607, 608, 608, 610, 613, 616, 618, 620, 623, 626, 628, 631, 635, 638, 643, 647, 652, 656, 660, 664, 669, 673, 680, 686, 691, 698, 715, 720, 724, 732, 739, 747, 755, 764, 772, 782, 793, 805, 815, 826, 840, 854]
[0, 618, 617, 612, 610, 609, 607, 606, 606, 605, 604, 604, 603, 604, 603, 603, 604, 605, 606, 607, 608, 609, 611, 612, 614, 617, 619, 621, 624, 627, 632, 635, 639, 644, 649, 653, 657, 662, 666, 670, 676, 682, 687, 693, 701, 709, 716, 721, 727, 734, 743, 759, 767, 776, 786, 796, 807, 818, 830, 843, 857]
[0, 617, 614, 612, 610, 609, 607, 608, 607, 605, 604, 604, 603, 604, 604, 604, 604, 605, 605, 607, 608, 608, 610, 612, 614, 616, 618, 621, 625, 628, 631, 633, 636, 640, 645, 654, 658, 662, 668, 673, 679, 684, 689, 695, 703, 711, 717, 723, 729, 735, 743, 752, 760, 769, 779, 789, 801, 820, 833, 847, 862]
[0, 617, 615, 612, 610, 609, 608, 608, 607, 605, 605, 604, 603, 603, 604, 604, 604, 605, 605, 606, 608, 608, 610, 612, 613, 616, 620, 621, 624, 629, 632, 635, 638, 642, 647, 652, 656, 659, 664, 668, 673, 679, 686, 694, 699, 706, 723, 723, 739, 747, 757, 766, 775, 786, 798, 812, 825, 837, 849, 862, 874]
[0, 616, 614, 612, 610, 608, 607, 608, 607, 605, 604, 603, 603, 603, 605, 605, 604, 605, 605, 606, 607, 608, 610, 611, 613, 615, 619, 623, 626, 628, 631, 634, 638, 642, 647, 652, 656, 659, 664, 668, 673, 679, 685, 692, 699, 706, 722, 730, 739, 747, 757, 766, 775, 786, 798, 811, 825, 836, 848, 862, 874]
[0, 616, 615, 613, 610, 609, 608, 604, 604, 605, 604, 604, 603, 603, 601, 602, 604, 605, 605, 606, 607, 609, 610, 611, 613, 615, 617, 623, 626, 629, 631, 635, 638, 642, 647, 652, 655, 659, 664, 668, 673, 680, 686, 693, 700, 708, 715, 722, 730, 747, 756, 766, 776, 786, 799, 812, 824, 836, 849, 862, 876]
[0, 618, 616, 613, 611, 610, 607, 606, 606, 605, 604, 604, 603, 603, 603, 603, 604, 604, 606, 607, 608, 609, 610, 613, 615, 617, 619, 621, 628, 630, 631, 634, 637, 642, 647, 651, 656, 660, 664, 668, 673, 679, 691, 693, 706, 714, 720, 728, 738, 746, 754, 764, 775, 784, 796, 809, 823, 836, 847, 859, 886]
[0, 616, 614, 612, 609, 609, 607, 606, 605, 605, 604, 604, 604, 604, 603, 604, 605, 605, 605, 606, 606, 607, 609, 611, 614, 616, 618, 620, 621, 625, 630, 633, 636, 639, 649, 653, 657, 661, 666, 671, 675, 681, 688, 695, 702, 710, 717, 725, 734, 742, 751, 760, 770, 779, 802, 815, 828, 841, 854, 867, 881]
[0, 618, 616, 613, 611, 610, 608, 607, 606, 605, 604, 603, 604, 604, 603, 604, 604, 604, 605, 607, 608, 609, 611, 611, 613, 615, 617, 619, 623, 628, 631, 634, 638, 642, 647, 651, 655, 659, 664, 668, 673, 679, 685, 691, 698, 706, 714, 730, 734, 747, 756, 766, 776, 786, 798, 811, 824, 837, 849, 863, 877]
[0, 618, 616, 612, 611, 609, 608, 607, 606, 604, 604, 603, 603, 603, 603, 603, 604, 605, 605, 606, 607, 608, 609, 612, 615, 616, 618, 620, 624, 627, 630, 634, 637, 641, 645, 649, 653, 658, 661, 671, 678, 683, 689, 696, 703, 710, 718, 727, 735, 743, 753, 762, 771, 782, 793, 806, 818, 845, 849, 870, 885]
[0, 618, 616, 613, 609, 608, 607, 606, 605, 605, 604, 603, 602, 603, 603, 603, 604, 605, 605, 606, 607, 608, 610, 612, 614, 616, 617, 620, 623, 627, 629, 632, 636, 641, 645, 649, 653, 658, 661, 670, 678, 683, 689, 694, 701, 710, 718, 726, 734, 743, 752, 761, 771, 782, 792, 805, 817, 845, 856, 870, 885]
[0, 617, 616, 613, 610, 609, 607, 605, 605, 605, 605, 603, 602, 603, 603, 603, 604, 604, 605, 606, 607, 608, 609, 611, 613, 616, 618, 621, 622, 629, 629, 635, 639, 644, 647, 651, 657, 661, 665, 669, 673, 680, 687, 693, 700, 708, 716, 724, 731, 739, 748, 766, 777, 788, 799, 811, 825, 839, 851, 863, 878]
[0, 617, 615, 613, 609, 607, 607, 606, 605, 605, 604, 604, 603, 603, 603, 604, 604, 604, 605, 606, 607, 608, 610, 612, 614, 616, 617, 620, 623, 626, 629, 632, 636, 640, 644, 648, 653, 657, 665, 669, 676, 683, 689, 694, 700, 709, 718, 726, 734, 743, 752, 761, 771, 782, 793, 805, 817, 844, 857, 870, 885]
[0, 617, 615, 612, 609, 608, 608, 606, 605, 605, 604, 603, 603, 603, 603, 603, 604, 604, 605, 607, 608, 608, 610, 612, 614, 615, 617, 621, 624, 626, 628, 631, 636, 640, 644, 649, 653, 657, 660, 665, 670, 676, 689, 696, 702, 709, 718, 727, 736, 744, 752, 761, 772, 782, 792, 807, 819, 832, 847, 859, 872]
[0, 614, 611, 609, 608, 608, 606, 606, 606, 604, 603, 603, 603, 603, 603, 603, 603, 604, 605, 605, 606, 608, 609, 612, 615, 616, 617, 620, 623, 626, 630, 634, 636, 639, 645, 651, 653, 656, 660, 665, 673, 677, 683, 691, 704, 711, 720, 728, 736, 746, 753, 763, 774, 783, 795, 808, 819, 833, 846, 858, 873]
[0, 617, 613, 610, 609, 608, 607, 606, 605, 604, 604, 603, 602, 603, 603, 603, 603, 604, 604, 606, 607, 608, 608, 611, 613, 615, 616, 618, 625, 627, 630, 634, 638, 641, 645, 651, 655, 659, 664, 668, 673, 679, 685, 691, 696, 705, 715, 722, 730, 747, 756, 766, 775, 785, 798, 809, 822, 835, 848, 863, 877]
[0, 616, 613, 611, 611, 609, 607, 607, 605, 603, 603, 603, 603, 602, 603, 602, 602, 604, 604, 605, 606, 607, 608, 609, 613, 614, 615, 618, 621, 625, 626, 629, 633, 638, 645, 649, 653, 659, 663, 667, 673, 679, 686, 692, 697, 706, 715, 722, 729, 738, 747, 765, 775, 785, 798, 809, 820, 834, 848, 862, 877]
[0, 617, 613, 610, 609, 609, 606, 606, 605, 604, 603, 603, 602, 602, 603, 602, 603, 604, 604, 606, 607, 607, 608, 609, 612, 614, 616, 617, 624, 627, 629, 632, 636, 640, 645, 649, 653, 657, 661, 666, 672, 678, 683, 688, 696, 705, 714, 721, 736, 746, 754, 763, 773, 782, 794, 806, 819, 832, 845, 857, 871]
[0, 617, 615, 612, 611, 609, 607, 606, 605, 603, 603, 603, 603, 603, 603, 603, 603, 604, 605, 606, 606, 606, 608, 609, 613, 614, 615, 618, 621, 625, 626, 629, 633, 641, 645, 649, 653, 659, 662, 666, 673, 679, 685, 692, 699, 707, 714, 721, 729, 738, 747, 755, 775, 785, 798, 810, 823, 836, 848, 858, 872]
[0, 616, 614, 612, 610, 608, 607, 606, 605, 604, 603, 602, 603, 602, 602, 603, 602, 602, 604, 606, 605, 608, 610, 611, 613, 615, 617, 620, 622, 623, 625, 630, 634, 639, 641, 646, 651, 659, 662, 668, 674, 680, 686, 692, 699, 708, 716, 724, 733, 742, 750, 758, 768, 778, 790, 802, 827, 836, 851, 867, 882]
[0, 616, 614, 612, 611, 609, 607, 606, 605, 603, 602, 602, 604, 602, 602, 602, 601, 603, 604, 605, 606, 607, 608, 609, 613, 614, 617, 619, 623, 630, 632, 632, 635, 638, 644, 649, 652, 656, 662, 666, 670, 682, 686, 688, 701, 709, 718, 726, 733, 742, 751, 760, 771, 781, 792, 803, 815, 830, 842, 868, 884]
[0, 617, 614, 612, 609, 608, 607, 606, 605, 605, 604, 603, 603, 603, 602, 603, 603, 604, 605, 605, 607, 608, 609, 609, 614, 616, 616, 619, 624, 628, 629, 631, 635, 639, 643, 647, 651, 656, 662, 668, 671, 675, 683, 695, 701, 710, 718, 727, 734, 744, 752, 762, 773, 781, 792, 803, 816, 832, 844, 856, 870]
[0, 615, 614, 612, 610, 608, 607, 606, 605, 604, 603, 602, 603, 602, 602, 602, 602, 603, 604, 605, 607, 608, 608, 610, 613, 614, 618, 621, 623, 626, 628, 631, 634, 639, 644, 648, 652, 656, 660, 670, 676, 681, 687, 693, 700, 709, 716, 724, 733, 742, 751, 759, 769, 779, 790, 801, 812, 825, 851, 862, 875]
[0, 615, 614, 612, 611, 609, 607, 606, 605, 604, 602, 602, 603, 602, 602, 602, 602, 603, 604, 605, 606, 607, 610, 610, 613, 614, 618, 621, 623, 627, 629, 632, 635, 639, 644, 648, 651, 656, 660, 665, 669, 675, 687, 693, 692, 710, 718, 726, 733, 741, 751, 761, 771, 781, 792, 803, 815, 829, 841, 854, 884]
[0, 614, 612, 611, 609, 607, 607, 605, 605, 604, 603, 602, 601, 601, 602, 602, 603, 603, 604, 606, 607, 607, 607, 610, 613, 614, 618, 621, 623, 626, 628, 632, 635, 638, 644, 648, 651, 655, 660, 664, 675, 682, 688, 694, 700, 708, 717, 725, 733, 742, 752, 759, 769, 779, 790, 801, 813, 825, 851, 863, 876]
[0, 614, 612, 611, 609, 608, 607, 605, 605, 604, 603, 603, 603, 602, 602, 602, 602, 603, 604, 605, 607, 608, 607, 609, 612, 614, 617, 619, 622, 625, 626, 629, 633, 641, 644, 647, 654, 659, 663, 667, 672, 679, 685, 691, 699, 707, 714, 721, 730, 738, 747, 756, 775, 786, 799, 810, 823, 836, 848, 861, 875]
[0, 613, 612, 610, 608, 608, 606, 605, 605, 604, 603, 602, 602, 602, 602, 602, 603, 603, 604, 605, 606, 607, 609, 609, 612, 614, 616, 618, 622, 625, 627, 630, 630, 633, 642, 647, 651, 655, 664, 669, 674, 680, 687, 693, 698, 708, 715, 723, 731, 740, 748, 756, 768, 778, 800, 813, 825, 838, 850, 862, 876]
[0, 616, 613, 609, 608, 607, 606, 605, 604, 604, 603, 602, 602, 602, 602, 602, 602, 603, 603, 604, 606, 607, 609, 611, 612, 613, 615, 618, 621, 623, 625, 633, 630, 636, 645, 650, 655, 658, 662, 666, 673, 679, 685, 691, 698, 706, 713, 721, 729, 738, 747, 756, 766, 777, 800, 813, 825, 838, 850, 862, 876]
[0, 614, 613, 612, 609, 608, 606, 605, 605, 604, 603, 602, 602, 601, 601, 602, 602, 603, 603, 604, 605, 608, 609, 609, 612, 612, 615, 617, 620, 623, 625, 629, 636, 640, 645, 650, 655, 658, 661, 666, 672, 678, 684, 690, 697, 705, 714, 721, 729, 738, 747, 755, 775, 786, 798, 810, 822, 836, 848, 861, 874]
[0, 613, 612, 611, 609, 607, 606, 606, 605, 602, 602, 602, 602, 601, 602, 602, 602, 603, 604, 605, 606, 607, 609, 611, 612, 614, 616, 619, 622, 626, 629, 632, 635, 639, 643, 647, 651, 656, 660, 665, 670, 675, 682, 689, 696, 708, 718, 726, 733, 741, 751, 762, 772, 781, 792, 805, 818, 830, 841, 856, 870]
[0, 614, 612, 611, 609, 607, 606, 605, 605, 603, 602, 602, 601, 601, 601, 602, 602, 603, 604, 605, 606, 607, 607, 611, 612, 612, 614, 617, 621, 623, 626, 629, 632, 636, 641, 646, 654, 659, 663, 668, 674, 679, 685, 691, 698, 705, 713, 721, 729, 738, 746, 756, 767, 788, 792, 813, 825, 837, 849, 862, 876]
[0, 614, 612, 612, 610, 608, 606, 605, 605, 603, 602, 601, 601, 602, 602, 602, 602, 603, 604, 605, 605, 606, 608, 609, 610, 612, 614, 617, 621, 625, 627, 629, 632, 636, 641, 646, 655, 659, 663, 668, 674, 679, 685, 691, 698, 705, 714, 722, 729, 737, 746, 756, 767, 777, 789, 812, 824, 837, 849, 861, 876]
[0, 614, 612, 611, 609, 608, 606, 605, 605, 604, 603, 603, 602, 602, 602, 602, 602, 602, 604, 605, 606, 608, 610, 609, 611, 612, 617, 619, 621, 624, 627, 631, 635, 639, 643, 647, 651, 656, 660, 666, 670, 675, 682, 688, 695, 701, 708, 717, 734, 742, 751, 762, 772, 782, 793, 805, 818, 831, 844, 856, 870]
[0, 614, 612, 610, 609, 607, 606, 605, 604, 604, 602, 602, 602, 601, 602, 602, 603, 603, 604, 605, 605, 607, 604, 611, 612, 614, 616, 619, 621, 623, 627, 631, 634, 637, 640, 645, 651, 656, 664, 669, 675, 680, 682, 692, 699, 708, 717, 723, 731, 740, 749, 759, 768, 779, 791, 802, 813, 826, 839, 864, 879]
[0, 614, 613, 611, 609, 608, 606, 605, 604, 603, 603, 602, 602, 602, 601, 602, 602, 603, 604, 605, 606, 607, 607, 605, 610, 612, 614, 617, 621, 624, 627, 629, 632, 636, 640, 645, 650, 659, 663, 668, 673, 679, 685, 691, 698, 706, 715, 721, 729, 738, 747, 757, 767, 778, 789, 812, 813, 838, 849, 861, 878]
[0, 614, 612, 611, 608, 606, 605, 605, 604, 603, 602, 601, 601, 601, 601, 601, 602, 603, 603, 604, 605, 606, 607, 614, 611, 614, 615, 618, 621, 623, 627, 630, 634, 637, 641, 646, 651, 656, 660, 669, 675, 681, 687, 692, 698, 707, 716, 723, 730, 739, 749, 758, 768, 779, 790, 802, 813, 826, 852, 861, 877]
[0, 614, 612, 610, 609, 607, 606, 605, 604, 603, 602, 602, 602, 601, 601, 601, 602, 603, 604, 605, 605, 607, 606, 614, 615, 614, 615, 619, 621, 624, 627, 631, 635, 639, 643, 647, 651, 656, 660, 665, 670, 675, 682, 688, 700, 708, 717, 725, 733, 741, 751, 761, 771, 781, 792, 803, 814, 827, 841, 853, 867]
[0, 615, 613, 609, 609, 607, 606, 605, 604, 603, 602, 602, 602, 602, 602, 602, 602, 603, 603, 604, 605, 606, 608, 607, 610, 612, 614, 617, 620, 624, 626, 629, 632, 636, 640, 650, 651, 654, 663, 668, 673, 679, 685, 691, 698, 705, 712, 720, 728, 737, 746, 756, 766, 777, 789, 811, 822, 835, 849, 861, 875]
[0, 614, 612, 611, 609, 608, 607, 605, 604, 602, 602, 602, 601, 601, 601, 601, 602, 602, 603, 604, 605, 607, 608, 609, 610, 612, 614, 617, 620, 622, 625, 629, 632, 636, 644, 650, 655, 658, 661, 666, 672, 678, 684, 690, 697, 705, 713, 721, 729, 738, 747, 765, 775, 786, 798, 809, 822, 836, 848, 860, 874]
[0, 615, 613, 611, 609, 608, 605, 605, 603, 602, 602, 602, 601, 601, 601, 601, 601, 602, 603, 604, 605, 606, 607, 609, 610, 612, 614, 617, 620, 622, 625, 629, 632, 636, 641, 645, 654, 658, 663, 667, 673, 679, 684, 690, 697, 705, 712, 720, 729, 737, 746, 756, 767, 777, 788, 812, 825, 837, 849, 861, 876]
[0, 614, 612, 611, 609, 607, 606, 605, 604, 603, 602, 602, 602, 601, 601, 601, 602, 603, 604, 605, 606, 607, 608, 607, 609, 612, 614, 617, 620, 622, 625, 629, 632, 636, 641, 650, 654, 658, 663, 668, 673, 679, 684, 691, 698, 705, 713, 720, 729, 738, 748, 758, 767, 778, 789, 800, 812, 825, 850, 862, 876]
[0, 614, 612, 611, 608, 606, 606, 605, 604, 603, 602, 601, 601, 601, 601, 601, 602, 602, 603, 604, 605, 607, 607, 609, 610, 613, 615, 617, 620, 623, 627, 630, 634, 637, 641, 646, 651, 655, 659, 664, 674, 680, 686, 692, 699, 707, 715, 723, 730, 739, 748, 758, 768, 779, 790, 801, 813, 826, 851, 862, 878]
[0, 614, 612, 611, 609, 608, 606, 605, 604, 603, 602, 602, 602, 601, 601, 601, 601, 602, 603, 604, 605, 606, 607, 614, 611, 611, 614, 616, 619, 625, 629, 632, 636, 640, 644, 649, 653, 657, 662, 668, 672, 678, 683, 690, 696, 702, 709, 719, 728, 735, 744, 764, 775, 786, 796, 807, 820, 833, 847, 858, 870]
[0, 615, 613, 611, 608, 608, 605, 605, 604, 602, 602, 602, 601, 601, 601, 602, 602, 602, 603, 604, 605, 607, 607, 614, 615, 611, 614, 619, 621, 625, 628, 632, 635, 639, 643, 647, 653, 657, 661, 666, 672, 677, 682, 689, 696, 701, 709, 718, 727, 735, 754, 764, 775, 785, 796, 807, 819, 833, 847, 858, 870]
[0, 616, 613, 611, 609, 608, 605, 605, 604, 603, 602, 602, 602, 601, 601, 601, 601, 602, 603, 604, 605, 606, 608, 607, 609, 612, 614, 616, 619, 622, 625, 629, 633, 637, 640, 645, 654, 657, 661, 667, 673, 679, 684, 691, 698, 705, 712, 720, 729, 738, 746, 756, 766, 778, 789, 800, 811, 838, 850, 862, 877]
